1808 298
1748 1284
1253 834
1449 1476
1345 605
1665 1821
1739 367
567 177
1538 83
1685 760
856 1275
972 1493
439 886
225 1352
638 245
725 400
1554 1362
1363 1584
572 1086
1591 1781
1383 310
1668 932
1040 1819
893 209
670 1398
1529 1276
178 1269
62 461
197 987
1649 1281
1564 968
414 365
398 811
1832 943
247 509
1268 74
674 594
1457 932
1171 1263
39 519
1572 852
1595 328
700 1315
302 506
1703 1824
182 574
639 876
824 1810
1695 1839
553 268
629 272
1188 621
1659 806
711 1401
1724 839
1070 1397
276 544
1504 25
1489 1327
1227 332
1175 1380
1075 908
516 1704
333 1660
1700 758
640 1167
1750 98
1641 1466
1852 1104
817 786
126 496
128 455
1268 215
1283 923
1230 1212
1397 471
1419 287
618 951
840 71
570 1848
342 1373
1485 771
544 813
678 570
647 1142
1541 748
977 215
402 1670
1520 269
193 1367
319 1212
597 1570
1590 1204
141 1456
717 282
716 1094
300 1206
1675 1657
829 353
1450 1766
1745 1353
120 86
1775 1321
516 1825
184 1337
1016 1772
1139 574
1199 962
543 96
1446 926
1786 1253
1721 1160
985 1844
43 1034
680 874
835 239
1568 1424
1840 952
1107 1205
952 448
475 1692
1011 17
661 163
1554 1567
523 532
973 700
32 899
563 1752
1305 1408
1378 1399
873 76
880 913
1105 931
652 458
709 28
747 1624
75 1183
1234 1379
1007 791
1664 710
1601 1756
800 152
94 502
738 1207
1293 89
350 169
995 334
120 1100
571 1657
583 1710
1725 165
848 1164
1729 1056
596 536
1755 884
1068 6
1304 986
1366 652
1734 8
1000 1663
396 784
662 1376
152 1140
186 1248
1127 1470
1241 766
1029 1570
1407 717
190 212
156 1105
240 10
716 1419
1552 1553
1826 57
240 1206
1408 1239
1249 225
27 502
1422 284
1639 451
1410 1276
21 497
591 1548
1761 1428
1688 783
157 1555
1158 1175
1749 1159
1318 1155
531 466
1597 1736
1825 434
1769 620
1427 591
63 745
1807 79
1253 1697
1761 314
1563 1796
1132 1252
110 1807
511 577
1680 1678
1398 661
206 1165
452 894
1106 1807
343 934
1383 608
1401 337
842 1720
1151 226
1751 1558
1422 269
1218 598
1301 633
1273 866
587 1024
590 123
1318 1615
18 253
1350 1385
1685 2
1184 1077
756 1130
1109 509
439 1256
1760 957
1102 941
1127 1320
616 935
734 850
460 403
744 1548
1233 355
659 782
773 1834
773 808
1349 1013
386 1741
339 1659
1684 1540
98 746
1202 463
304 1332
771 1220
1071 714
1093 280
1047 458
404 325
325 396
512 1089
338 538
278 512
218 1417
1606 1311
1722 707
1095 604
639 1012
766 673
1519 1632
653 1464
1843 233
1116 1025
380 968
1364 262
809 248
1757 1238
586 85
1191 557
1736 1300
209 1468
116 560
35 145
829 249
668 315
670 242
667 1007
1304 428
1568 1348
1673 270
1221 42
841 1425
1201 635
1290 1331
892 847
834 276
1141 1547
310 1577
215 117
390 1781
868 220
1462 712
1447 91
722 838
1660 1406
1085 160
1375 134
1450 1139
766 1148
1170 98
1799 714
1153 1400
1618 882
215 756
1422 629
261 1306
1065 1846
229 1183
438 620
1462 88
1727 736
1840 692
1376 1276
357 574
1202 89
1313 796
1720 643
590 1853
823 1822
1402 100
740 1734
900 1708
934 655
547 1567
1603 1396
1732 1804
374 508
84 218
597 725
214 8
1532 339
1766 400
737 432
465 635
1509 571
637 1392
949 538
857 929
181 1452
1529 1286
1024 1651
1579 1840
1429 140
1570 147
616 520
34 80
1071 1282
115 918
1012 367
1365 759
1006 330
1495 1548
181 1616
505 1120
460 1506
552 454
83 1821
1588 48
1722 346
502 1490
1489 580
165 44
1772 145
761 281
1454 1037
1218 1464
1671 691
95 1111
1615 814
540 1307
697 1644
556 712
644 550
335 1072
1270 1214
1226 310
545 457
1675 142
282 1072
18 36
1568 267
586 1124
1336 224
1134 1386
435 670
933 1060
1553 1384
1470 430
1370 300
17 361
1104 1511
593 1233
327 248
909 451
230 3
619 1723
931 851
264 1210
323 1799
1742 265
320 982
1644 1154
457 118
693 661
1586 1644
1253 732
313 1737
1545 629
299 1222
1196 180
1349 1479
554 120
1430 1521
19 1093
127 1574
1277 757
775 1319
1405 529
153 326
1042 203
1635 1249
1325 484
1792 692
893 1667
770 1644
1130 1803
423 1019
1278 1339
71 802
1279 1150
1481 934
928 642
247 962
1512 1270
1442 180
1474 1454
53 1304
151 412
626 1558
1293 205
566 910
1665 40
1256 1320
1732 1073
1266 921
92 1128
1170 433
1596 87
1268 720
847 828
27 460
1729 1361
854 1476
224 847
1740 499
1038 735
1833 152
967 794
43 201
1018 1209
296 642
1148 859
178 1161
715 1608
946 1708
287 148
1562 31
536 876
1503 353
1467 446
1261 452
1172 1324
1580 554
1006 1405
422 472
1202 1289
761 1484
780 1211
1449 124
825 1474
817 690
908 430
61 662
11 189
45 1719
539 672
845 1513
1627 1383
1297 1672
102 879
155 709
1437 1094
450 684
339 1490
1119 429
578 570
1583 1326
439 408
667 1521
1377 1635
775 381
602 1556
778 69
850 235
693 1268
1085 134
475 648
1555 1406
1489 968
1368 790
325 1788
803 620
698 88
1445 1433
1526 1056
406 1443
1277 601
1279 1657
96 1256
1643 91
1339 132
732 1214
1076 1230
1344 733
1392 1459
825 127
1249 1408
1064 85
869 259
841 1414
483 640
1005 1721
1485 454
955 1042
1570 108
559 1709
100 1613
1068 374
16 1786
980 1118
1414 1292
1099 1040
55 1567
122 437
1293 1708
1017 497
715 910
79 99
881 1519
757 704
1801 15
428 1201
1311 819
1395 964
1585 768
1816 138
833 1126
1458 421
1697 1760
382 1156
57 1617
751 909
1116 852
368 1212
1101 1747
743 1442
1728 554
760 1062
1268 1446
1019 746
136 1461
1645 1246
145 1038
472 410
1577 310
34 1124
1620 1571
838 741
22 1248
162 387
713 791
1720 1518
1373 486
332 988
1100 1405
1457 1123
1527 1440
280 34
872 1764
232 1605
1387 969
297 923
370 1516
108 72
846 1672
1587 346
128 553
1063 578
157 1541
226 220
1704 640
1768 726
518 1487
1350 1256
908 670
626 737
66 574
348 725
422 1056
204 1353
508 1390
50 714
1628 1013
532 300
316 1157
17 1025
183 1657
45 590
1610 742
1331 71
675 1315
111 1527
75 1840
29 1286
500 774
1433 420
1399 912
1302 833
599 215
1176 127
1270 1393
282 1088
998 499
463 561
1370 995
1537 40
1600 927
666 1371
1329 446
1753 624
1494 134
307 479
1714 1383
1266 1491
792 1509
1411 695
621 1118
1760 569
0 295
1177 1782
838 1815
1372 432
402 453
1264 912
1801 126
609 838
161 478
853 627
746 14
1580 366
533 579
300 1197
1722 924
365 1790
1564 162
1245 667
1699 134
755 549
1415 539
1535 1487
779 110
728 1015
1838 1246
993 930
672 1684
1796 981
895 1029
773 496
1040 626
76 1841
1423 16
1438 1357
1459 1619
1452 1122
1478 421
389 238
1101 1807
1754 1737
893 1838
671 1494
1252 963
63 1074
1741 590
1159 537
970 1111
1104 43
361 654
697 781
1713 585
1580 784
564 1757
1313 1822
1393 325
1399 1562
753 949
905 1356
1732 220
1003 460
197 167
375 1637
1824 1204
46 736
530 1277
1697 1280
1771 820
556 1214
1631 686
499 297
636 188
397 468
200 884
1680 356
1723 527
432 8
1497 1721
146 572
258 171
1564 928
343 488
904 114
683 1195
227 1482
786 1160
1422 702
1697 953
1352 1068
736 1067
12 1141
272 1186
567 1422
1656 218
570 337
1604 114
1515 943
380 1329
238 947
8 80
519 1573
64 427
49 1582
564 969
1487 1401
1441 939
607 175
763 1019
1052 687
1303 228
677 758
932 254
1682 836
485 22
1582 1625
328 160
832 788
1027 345
813 224
1193 1528
678 1070
1010 1445
1391 99
1847 1127
687 483
332 1561
429 937
369 223
1162 1224
959 1406
1102 1019
1320 1002
69 1480
709 557
74 1773
878 1036
568 473
942 1810
1799 525
1302 1637
183 240
558 946
966 1239
191 888
530 253
187 1149
568 431
1527 1056
632 912
130 423
1224 716
1148 1470
1321 1677
327 860
1357 1159
534 139
1088 1222
1064 391
1810 1163
1144 1358
952 819
1230 1784
438 1689
1428 285
540 1008
1169 441
23 742
1596 339
1356 1313
1626 891
886 358
559 227
1517 500
810 1459
946 1071
1462 991
1349 268
401 1560
685 317
892 150
478 1214
1674 897
60 534
928 1483
757 950
649 292
1418 1501
1699 385
1653 1017
60 1029
564 1742
717 1360
450 1528
1135 461
1363 182
1414 63
1185 358
514 1411
535 637
1741 575
504 1087
832 1381
1507 727
1301 1022
1496 325
170 709
946 1469
576 102
690 1627
27 779
247 1521
1789 36
324 1665
1756 1836
341 1534
939 561
326 1305
727 731
1287 1302
1589 689
224 520
174 1776
431 947
201 442
586 455
1492 532
219 302
381 409
672 1178
1009 1018
1667 973
288 1326
643 1645
1757 1598
1425 488
619 80
1827 175
935 135
1742 466
636 644
1116 515
1415 1197
1357 1342
591 128
133 929
1768 667
1393 1214
550 247
838 1713
490 111
1723 409
646 189
900 915
1631 332
967 807
1276 1544
1427 1776
750 1812
1389 826
648 114
809 157
631 199
5 1669
1149 389
629 931
1789 893
677 69
967 484
781 1718
358 1341
1200 1499
876 1248
1836 218
1260 1071
1630 14
860 1266
1256 1708
323 791
524 147
703 892
1389 1515
1653 1405
1779 1053
148 1797
1827 923
1215 524
1838 652
325 1099
469 998
1768 1256
413 787
351 585
1420 499
94 1741
1469 735
1041 330
171 532
1106 680
602 758
845 1266
1772 1354
1255 25
1558 1737
1330 1722
328 1808
1403 1727
33 1753
420 1801
677 6
1611 921
777 1709
137 17
1532 868
138 1621
1296 1078
1574 600
392 1579
1401 1125
1119 418
152 1368
80 1531
1309 1013
528 452
1045 1538
1721 310
495 640
587 30
19 11
1557 1600
288 57
1210 1107
945 584
1673 1837
557 1220
492 1685
115 210
859 705
168 97
1642 1779
1260 1683
1124 925
1814 204
52 1321
1075 1395
677 114
715 0
1181 796
1342 1638
1755 52
1782 627
1437 1349
524 811
1849 897
611 1333
792 911
287 1751
771 1674
1086 1140
914 599
1665 155
1599 953
261 202
569 1555
1301 775
1723 636
334 504
882 1028
932 1404
551 1068
1497 244
633 1175
1827 1644
1223 7
598 1576
1159 1616
1507 665
348 1119
615 1739
951 117
177 940
1398 43
591 768
1408 248
1500 256
1659 1757
1455 193
692 1714
1394 1641
990 434
1056 986
1276 1836
520 533
1658 318
992 1614
1156 546
1687 512
1572 1833
1031 1569
1448 592
1589 1327
31 1566
560 1067
46 777
237 211
996 732
1149 768
1010 654
1034 403
1215 841
186 104
735 1110
1171 544
25 1157
1369 964
1087 1050
94 1757
1475 1061
1674 643
317 1627
1352 1792
751 862
1291 1148
1222 1483
292 1034
455 712
390 117
568 1214
1368 1749
1572 942
591 1364
930 1466
506 511
1400 1158
374 851
1481 833
1812 1349
1853 1277
295 1449
513 1760
672 477
312 824
1599 1758
851 1224
822 721
1019 1355
345 512
1116 1315
340 293
974 822
1008 858
274 391
1194 165
960 1820
1464 847
402 1815
618 1809
990 35
1543 199
1586 272
1714 1565
1256 261
1806 1801
381 348
349 964
1570 850
34 1779
270 849
726 483
254 1411
1637 782
804 371
1535 1238
114 1309
1836 996
903 400
74 552
1422 1246
1260 582
1843 446
964 1457
719 1603
100 1100
141 1368
745 47
636 1748
160 1175
1337 1374
447 1593
1732 834
171 1483
1214 1147
425 582
477 1359
497 870
576 182
1792 1369
1553 379
1334 1824
1463 1320
1522 519
751 1480
1372 652
1228 529
316 1038
485 1382
483 891
1006 1134
1290 751
408 303
204 716
540 1612
1303 1767
1298 765
1297 1101
367 101
364 334
863 193
104 336
1636 659
361 660
500 1231
973 1475
84 763
1820 424
1103 49
848 1549
271 1008
1715 666
1841 721
749 1240
1214 198
256 414
622 1025
319 41
673 638
355 1810
885 192
1388 850
520 353
37 687
1674 838
1371 754
1514 1008
1092 1151
1145 517
1354 156
740 502
703 1071
388 463
1480 1424
54 588
700 1393
796 469
260 886
1602 174
1762 631
1252 1664
1213 506
323 1031
988 1305
346 770
1494 1090
1084 870
1723 1536
1787 641
1681 1104
852 1795
893 181
1720 1808
1000 1841
707 1822
1086 1571
404 1628
297 1848
851 808
548 1053
879 1314
340 1025
1372 256
1120 741
1284 71
1083 778
650 1615
1014 1070
1368 85
355 950
508 959
1456 489
1349 409
1003 1072
1 754
1108 855
1316 577
205 1619
1491 1612
200 1432
1147 47
1039 466
1185 1580
522 1137
1788 1266
262 1357
644 290
1046 232
733 1508
1211 1614
193 248
562 1228
281 1493
448 1701
863 1414
462 226
412 569
59 1423
1828 295
1508 625
722 1079
651 929
1388 1241
230 121
607 1608
1651 858
809 322
1599 1687
211 842
668 1830
1338 71
908 659
1437 748
859 315
1446 1784
417 671
1557 543
253 1588
428 1494
605 342
520 1715
1240 1630
1180 1299
1205 408
1 833
860 535
1388 612
1285 1081
1817 1487
345 1658
457 41
548 1097
1005 305
1403 971
180 1806
365 368
465 1535
704 1845
1291 902
283 951
895 247
1443 343
976 1812
96 1616
647 59
501 791
1588 425
724 1348
602 450
789 1318
337 1808
1283 1820
316 732
956 1782
693 1033
1526 1442
1508 1058
1209 1790
248 1328
1130 318
1385 1795
1747 914
364 1656
480 502
662 82
1556 683
469 1132
1525 1540
1514 308
567 358
1585 389
633 149
1393 1442
1441 407
984 382
48 1633
253 1372
1545 682
411 1331
1414 164
1522 1064
1178 1516
297 363
1123 1283
1055 1061
797 886
569 1531
391 751
908 1020
888 554
379 328
1523 1808
221 351
1735 525
580 735
569 24
1304 1075
528 1707
1736 1268
1270 593
563 236
717 1458
997 3
1228 1367
181 1349
1746 275
171 213
559 1221
1535 1467
1848 1486
1055 402
1644 1283
564 1254
1176 453
1630 1607
600 1042
677 1780
1150 107
1604 147
1428 434
1843 112
226 459
961 1281
1319 236
731 33
497 198
850 1581
1349 193
765 676
322 1666
1192 669
863 347
859 1415
853 400
1851 1243
392 194
67 930
949 589
55 1723
769 688
841 1176
360 332
1165 779
257 725
1058 514
402 1013
156 985
163 1630
129 1700
1759 589
1150 379
1038 329
1129 1591
433 70
1288 185
785 1403
1605 383
339 783
486 1299
555 682
427 1580
864 282
786 1477
1546 593
1235 375
566 1449
1251 1366
470 1116
203 1152
1579 1066
316 224
1306 1314
967 1037
686 152
1242 944
143 101
476 26
937 816
409 1568
1664 314
33 1668
596 261
978 209
1180 897
1784 255
1266 1532
535 1475
1147 1205
490 515
661 88
77 707
545 1747
1026 548
1742 697
673 904
1626 1726
95 1076
1460 632
597 1834
652 346
1528 357
1725 15
9 1181
1771 1500
577 1662
1731 1824
1033 427
1809 100
11 1498
1304 142
368 32
1056 1014
1364 434
598 237
1629 36
367 558
1642 887
73 1297
1078 1046
1635 111
465 746
1269 646
832 747
1530 178
1663 953
1685 629
943 1129
993 1571
1549 772
1359 1413
233 858
1384 641
450 960
394 481
1204 943
973 382
1773 1768
551 639
1811 17
169 722
1207 1303
246 1279
1025 1780
1310 76
239 1580
247 1714
139 1612
444 246
273 809
1488 1655
1066 1287
1829 275
767 365
608 1846
1317 1713
396 561
231 1335
626 288
344 189
869 1285
1769 883
1462 1671
65 1670
1148 1809
519 1575
2 1490
1275 571
634 1201
1148 17
1310 1089
628 672
600 936
1162 221
1340 380
893 777
940 1822
1512 159
1268 1056
978 1110
820 1147
810 1830
1447 1596
577 946
116 12
414 1057
353 1165
1809 883
144 1047
836 1059
523 1303
285 1239
877 1238
1303 1016
1148 1724
160 978
1033 399
1732 1312
1809 447
1432 1566
1435 1831
164 886
1700 1771
873 1151
1423 1532
1465 134
1483 213
1078 1089
539 517
1329 247
164 1579
553 1115
700 573
518 830
1840 644
1379 616
1763 454
1359 772
865 139
1723 224
1664 1113
1494 215
876 1554
290 1212
1323 366
408 985
1171 950
1206 39
1350 364
286 816
471 664
1469 75
588 1373
634 452
1662 1447
650 556
1004 1778
1601 740
634 494
1774 735
1125 1406
878 639
1366 266
1589 1804
1148 516
937 1761
1344 1225
1405 1811
1515 144
1467 704
1244 382
966 1498
693 894
1440 1750
1824 52
121 798
764 1374
332 85
1086 31
1522 29
832 1762
1816 287
1375 1158
1185 1435
1507 869
388 67
1236 1834
503 678
216 582
635 832
487 1732
1066 1612
142 1609
1529 426
590 683
533 1289
16 619
543 820
213 1530
417 1404
662 1661
1167 1682
1082 1227
886 1589
232 496
1549 1568
263 873
64 1441
642 1669
1447 1358
945 1722
85 930
1247 380
808 1130
734 383
444 501
522 374
823 1053
1101 87
66 1285
1065 1386
884 1316
81 1148
1380 1808
227 645
164 418
599 1267
1664 536
1097 1815
40 988
1492 392
1696 709
112 54
1300 1446
1612 356
1038 1507
1580 165
77 902
1235 315
1361 332
910 623
987 1852
504 1591
1014 1855
1079 868
1730 1457
905 1265
647 678
1534 441
793 1140
996 666
1197 194
314 1178
1589 1320
854 1631
731 389
1202 108
262 1411
1815 1678
1709 1312
1260 668
731 800
1812 378
1420 536
843 904
316 804
527 104
316 1701
1417 904
1769 589
147 70
1599 135
10 1586
1182 947
1428 756
1657 102
686 34
129 788
625 7
12 1423
1703 1249
1844 3
962 1067
1430 917
1438 1501
72 1583
1535 625
1804 1178
1561 810
1396 640
560 1242
1129 951
1235 1482
1651 1018
326 1342
223 1806
1220 459
377 699
1355 1179
375 1242
371 504
1096 808
359 590
466 773
458 212
1662 1209
474 1315
486 1686
1027 1583
82 1028
1789 836
642 495
1756 1214
1238 1486
268 266
1596 140
24 1336
434 141
129 1197
1244 1020
730 1782
258 1120
821 936
1012 1767
335 175
695 1031
1426 1013
248 321
479 1444
1039 709
213 1147
99 600
542 1855
1153 1282
652 1672
756 1498
750 1289
1323 382
397 1077
1601 1348
1372 658
1330 677
1551 534
1439 1324
363 51
485 1793
577 680
1410 874
301 240
1714 500
1036 3
1460 1373
143 396
955 393
714 289
1314 1332
34 1244
1652 205
446 808
1705 277
1129 118
1711 501
1002 1400
72 1783
1486 375
1074 239
116 724
1718 1552
1171 1765
1738 1320
204 1777
1200 563
1192 1276
1583 313
1566 1824
1732 688
349 299
336 1646
650 1116
1658 1129
698 963
1538 215
230 1748
1811 164
1242 74
1495 1781
505 1817
670 149
1301 865
1477 966
1631 705
1463 1712
1164 1188
719 861
407 1467
251 745
456 371
297 1105
516 246
289 545
747 1793
616 706
1206 1293
1358 1794
960 1353
868 207
713 1373
466 159
1642 221
294 993
666 1300
1564 932
1107 925
1220 337
311 1081
1142 759
458 987
895 700
1368 1721
1039 477
1688 1293
404 789
485 1002
1790 1558
254 491
1607 883
1205 1533
467 152
547 1105
52 566
1667 307
654 1397
1019 1419
1610 830
80 344
961 670
1603 325
562 31
228 1790
647 1615
1121 919
1788 262
1452 550
1046 933
858 1430
1338 1790
1422 1061
1015 1700
912 1269
123 785
1415 1768
1702 445
328 652
1198 997
452 1086
743 1720
103 724
1251 613
651 334
831 1768
1277 198
560 1308
892 1812
1791 670
1046 165
986 1566
1690 559
689 1463
1119 443
1205 1153
943 246
1059 1357
815 36
1753 1227
819 1836
812 426
1763 1063
1219 782
5 1001
301 1585
599 1541
473 1744
474 348
883 590
587 238
1097 1780
1408 802
1804 480
1156 1333
1103 77
356 1015
173 88
136 1220
1233 341
1764 1240
1786 1789
430 328
1172 249
1491 1713
155 840
1497 916
751 1332
295 1412
1470 363
1499 1393
336 787
485 1504
1827 715
816 502
378 1809
654 22
1301 168
132 988
1638 1111
1506 1261
1335 1075
590 401
813 972
1479 489
1758 529
1404 362
1303 183
1723 1273
755 821
1486 1578
1156 230
569 417
688 647
1417 358
1546 1558
147 863
173 1061
1223 961
72 1222
1275 449
1366 730
499 445
1271 1843
1341 485
45 1473
939 602
1049 1330
1423 1028
1851 1551
1272 1031
20 916
1138 1307
1235 154
54 319
897 493
1718 92
1489 1096
1850 1793
182 1758
391 1672
697 630
150 1842
1281 1028
566 83
1498 443
1066 1096
1464 284
1140 551
1267 69
1281 1214
749 290
1324 177
777 1504
1661 571
166 1561
1312 1806
236 628
862 551
1462 106
475 1488
1150 1671
250 333
2 1061
1556 710
1675 686
730 1211
1482 568
770 1543
1690 420
1459 50
18 1480
450 483
1607 802
1200 652
1347 1331
1438 1679
760 1106
935 254
103 656
1475 1652
917 806
16 1418
794 1716
1840 79
727 1571
177 913
1680 120
1547 1047
1429 565
493 96
378 567
992 742
1510 607
1812 1774
389 371
925 282
186 106
814 465
1253 1815
1600 1036
575 1468
890 547
253 1578
973 1174
630 238
608 1718
496 714
578 164
865 210
1354 1396
1064 1329
1474 682
1203 266
162 102
1618 1285
1034 447
1397 1234
1475 1209
814 724
1548 1808
1854 1814
1172 623
983 623
161 606
357 1359
567 192
624 1190
1190 217
694 1793
109 1507
693 1784
219 148
1090 1484
655 824
377 1219
929 652
1720 1419
1144 1363
30 183
1789 1676
785 1071
1139 92
1733 557
1206 1651
395 637
265 1622
848 1455
1734 779
1409 1177
1395 1838
1604 528
769 1584
719 742
1372 890
188 1168
530 97
1766 446
928 35
903 46
1387 95
727 403
1352 948
930 1234
336 829
1702 1092
1189 1758
1330 791
843 246
1739 1292
1781 1701
1186 756
1458 879
1298 949
315 905
1741 305
219 906
1332 1188
657 938
1026 1555
24 1381
463 280
1704 1762
64 886
36 953
1480 792
557 700
87 838
215 1490
79 1619
543 1597
1669 1677
839 830
25 1401
967 149
1760 540
224 570
1668 1335
664 143
1253 1726
119 839
1394 77
835 540
790 1232
1400 1457
328 795
194 1523
1151 1118
1469 1734
383 533
328 850
1424 1819
1563 1345
119 73
1054 1257
1303 1110
535 422
1092 1291
1225 533
1252 702
952 1709
1749 107
335 1580
181 1692
101 751
735 235
705 278
240 180
37 1769
1196 1382
465 1570
861 1579
1278 630
153 1285
729 164
5 701
611 485
799 1291
996 445
1330 534
1057 545
726 833
1533 1038
1340 1197
332 50
114 1696
1493 826
1237 298
981 241
1462 1277
1366 787
1525 1001
408 629
323 1353
1004 449
804 1639
1185 1117
697 319
274 625
842 1417
1443 1806
1780 1143
775 1770
1495 1297
1580 404
464 814
1681 1016
139 1001
242 1801
86 1676
1469 480
416 299
481 407
1337 1591
227 166
81 687
113 1142
1414 1760
1392 1016
582 1466
1675 1039
1823 1180
942 1319
747 1073
1697 625
737 126
990 972
1650 1836
818 1741
1023 1754
145 1081
944 1577
1693 348
1199 1306
556 1795
1758 1644
971 1381
1558 1001
1424 1657
419 643
1684 1559
166 1071
323 609
590 1017
553 156
132 563
674 1814
504 770
783 1147
1089 1325
857 196
425 1672
1412 794
716 798
1512 998
9 1641
807 90
1452 1401
104 688
1471 1523
1311 1774
691 825
1411 824
657 1826
576 1637
456 1357
1021 1737
1180 1782
1289 567
585 1187
105 316
1368 657
826 1403
371 1158
1296 1198
360 583
1500 972
779 1104
716 431
1793 1695
957 1575
1540 280
173 879
506 150
962 425
765 94
873 1557
32 1617
114 359
960 1134
713 146
172 1521
583 453
1475 917
537 1093
474 1830
1036 66
945 1799
251 1839
1301 382
1603 1272
1625 920
327 553
454 368
1646 1097
1666 707
1000 1561
410 485
1248 996
1399 1550
1284 85
5 942
1751 624
1225 1567
256 851
1480 1364
446 1822
1006 348
1254 1312
843 481
1305 1198
920 1216
1537 774
1110 1724
1211 1060
2 155
1602 285
863 515
1328 1235
1322 463
1743 1611
614 624
470 1301
1121 274
1724 534
1265 1644
607 582
1804 1699
1354 746
1680 1810
865 1644
1027 708
605 859
1131 1437
777 1230
1028 773
1080 775
703 496
34 564
36 662
898 584
994 616
997 274
515 1464
1264 516
912 1626
637 1406
917 561
814 1384
1108 1001
876 1693
1330 1539
1457 510
1412 386
1086 517
1548 428
283 771
224 408
1307 103
1588 1335
1406 1488
695 1610
251 496
421 1642
564 1300
1232 596
980 734
533 1102
552 1341
378 996
278 1431
1102 141
1027 432
754 981
1444 1059
900 1279
1533 229
1555 1708
646 1735
1264 1070
1662 635
1813 797
916 715
1684 881
855 368
415 212
1038 1294
242 1651
458 1581
94 825
1536 351
1552 866
562 149
1677 1842
611 1523
1562 433
340 22
1583 89
11 394
195 1164
391 710
1011 1273
1539 869
330 1097
1115 7
718 1560
1701 238
619 184
1853 1131
6 1609
955 1815
838 1652
43 1523
1753 1168
1095 90
1829 957
1305 702
524 1262
1471 1646
583 87
676 841
529 1816
441 393
1591 522
1847 864
1098 648
637 1263
1746 424
675 1380
984 1070
1390 607
1635 488
738 162
1380 481
1025 289
955 1845
823 1070
892 1135
1356 852
1166 1544
1770 488
686 1106
341 1231
290 523
1736 1613
1590 1299
790 1492
862 1511
1008 1656
1356 1135
1370 1261
696 835
1700 324
1224 657
1700 1691
1407 1369
200 559
947 920
1325 386
1031 390
789 836
1079 930
1610 678
991 720
1214 1608
545 1036
1016 1699
1287 1604
1824 990
1569 1787
135 1250
1386 970
1168 1467
1760 1237
153 1180
1645 1528
50 953
799 1271
879 173
1428 212
919 600
1727 1510
410 1512
1489 1166
86 75
1437 1465
255 1667
363 1667
1745 1125
72 946
1145 563
963 631
1309 549
779 438
1652 1030
137 1363
533 1474
245 544
1774 145
417 219
1485 1220
1187 234
413 801
1273 1546
546 1370
1554 1765
477 174
435 705
730 1303
366 1236
16 491
38 353
977 1632
231 805
1585 357
545 872
1491 1279
1054 1305
103 89
1044 1695
1425 379
712 465
464 443
647 217
549 1285
158 938
500 1365
1764 1790
1427 1751
988 412
1012 288
1208 1431
164 311
1449 1378
177 13
517 1577
1841 584
335 1342
871 607
887 642
1835 205
1259 1099
451 726
668 1469
1455 1
1642 1809
639 1629
1364 919
384 16
1258 427
1616 674
763 1092
1288 586
378 1773
1721 1531
1553 385
573 168
724 656
1446 847
1704 557
878 1410
1795 959
79 1534
1357 52
611 227
27 1564
1427 386
636 88
732 938
754 132
458 1430
1058 1525
1327 719
972 15
69 416
234 780
250 394
1830 621
873 508
607 554
235 1273
1228 1464
854 261
1414 1448
155 790
39 1074
1414 38
279 1552
413 268
439 346
144 1708
1800 1225
1199 211
167 1475
1132 268
1626 502
432 643
1694 1756
1263 420
680 861
902 1335
1158 1537
511 1463
359 1340
672 1256
1124 1617
722 149
627 536
1534 1618
181 1390
304 1349
751 606
1761 280
292 96
468 1110
342 1594
1603 999
184 764
421 1842
838 40
522 1090
164 1181
210 48
1328 1611
959 922
1848 234
1521 1700
498 1159
1722 864
136 792
439 801
1394 1135
831 1825
1199 831
1519 1296
260 191
1404 1709
1154 1041
153 1664
1675 161
1363 770
264 942
1333 717
342 460
1292 774
166 1138
323 1186
265 1011
17 1252
498 970
935 1600
928 382
404 777
284 724
1210 1478
1848 1607
1285 679
1249 1137
1603 1377
1253 49
806 860
198 776
1246 751
601 827
1049 671
1120 718
1276 302
730 1221
877 254
503 1109
795 98
1034 908
629 1083
1714 843
12 1037
762 290
737 1150
48 1570
1250 932
755 878
727 1086
15 435
615 1595
689 901
1209 579
839 1135
1397 776
441 1758
1758 534
1452 797
959 1363
878 83
355 455
998 1073
1532 1698
1187 1137
348 1188
1753 619
642 545
885 543
1420 439
1192 1034
812 1082
1230 1368
1755 803
872 115
1087 187
1462 869
1532 847
399 1376
43 1201
963 358
587 1616
383 969
1016 442
1026 519
34 116
1002 801
1600 256
872 685
1471 121
377 1585
124 1401
1672 1421
1225 345
1192 1274
55 1245
908 1280
1593 1532
654 1804
157 1077
295 927
1031 156
1727 1837
1836 1299
88 1570
566 984
899 1239
519 837
26 1574
729 418
3 554
622 903
5 320
1361 207
1343 883
1262 874
120 1101
879 1476
803 1333
1765 1784
438 865
858 1020
743 1851
1049 975
1577 1820
990 1069
645 892
529 1825
1754 1241
1642 398
659 1022
649 1634
316 1139
1791 1491
701 1127
1517 1702
1777 1133
1574 596
1360 866
1611 604
2 249
182 1350
1206 1429
188 1093
605 61
1521 680
512 1576
1019 1289
345 204
232 104
475 946
83 1629
1635 1504
1439 134
1139 878
1765 359
1506 1129
1286 1244
1156 360
1174 1255
207 1078
610 1487
989 1666
1611 883
558 1438
950 596
1748 552
113 1713
421 1697
371 996
656 1036
1083 1377
1504 1337
141 1350
860 1565
1368 1519
628 915
380 578
876 700
1019 160
352 1303
159 810
1539 422
1182 537
733 813
1213 168
1594 200
219 337
1259 1807
1811 1139
1299 263
579 888
243 1242
1433 569
618 1756
25 1078
866 1080
533 923
1458 1834
1803 1688
1559 1725
1032 1485
1082 1233
1497 333
900 533
1266 259
467 1142
1845 1219
733 1517
377 1055
1115 893
1173 189
749 1015
1773 1599
324 536
1259 983
40 1320
745 1112
1576 613
481 962
732 1583
1504 1473
1287 397
1574 388
111 481
1089 1131
1720 716
1711 341
363 66
1797 180
893 1495
846 420
1616 1618
1024 633
55 208
392 667
512 680
1276 1565
180 1067
1293 413
919 683
171 1349
1016 841
1657 1127
1399 1584
1541 589
1518 1441
1132 1808
372 254
1768 1372
1771 1087
1345 352
960 147
1031 1629
146 863
1152 1057
1361 1143
1435 350
318 747
1844 1359
496 441
1385 1503
1772 1192
1243 1721
532 1813
1487 825
1175 1250
372 1199
734 700
1586 1170
1007 1838
40 240
527 824
1786 1212
1821 1788
392 1276
358 1037
984 148
227 1788
911 921
784 794
714 59
1257 455
629 610
914 1559
1242 626
314 134
322 881
676 66
989 486
1133 93
372 965
893 29
1540 606
705 706
930 1142
1575 650
100 759
1315 548
155 1098
678 507
483 539
1017 1075
566 1257
1796 7
1758 1087
1677 1013
93 953
1267 266
281 1551
194 1407
763 973
1411 1850
136 302
1044 1613
402 88
1398 207
813 1130
139 352
233 44
340 1266
1140 411
863 1846
1614 1409
1189 1308
1616 1792
1473 1143
656 1048
1477 469
1023 921
361 1521
1478 1263
352 191
670 1212
1083 1351
128 205
301 1854
1743 1662
186 1469
1069 420
1136 1283
1497 458
957 1057
1192 126
1411 1446
1625 263
1388 188
978 1078
190 1599
548 1452
333 1353
23 1801
142 834
802 253
684 358
1014 1380
231 1207
731 1293
362 1286
339 742
1565 1425
1263 704
1136 688
1580 820
1356 1332
215 1518
557 1834
376 947
1125 1263
1733 868
1099 965
1728 126
56 495
751 1357
267 739
1158 1414
1720 257
854 788
1285 1476
761 339
987 63
1509 671
675 971
656 1041
1661 459
1379 761
1030 1176
906 1153
1395 1171
597 1019
1339 1019
353 678
220 452
383 761
36 504
1632 1351
947 458
1146 404
770 187
693 1153
494 1648
795 1745
494 823
1361 1050
573 878
1634 1062
1377 994
69 1664
790 1147
1682 601
470 1136
610 969
507 287
1161 13
856 1348
569 587
163 1751
1377 1816
13 686
429 804
1825 1489
189 321
16 642
845 194
41 1135
1071 1114
329 779
549 676
503 1646
453 788
393 1254
237 1550
69 1044
1818 1217
1701 1217
866 877
1152 189
1847 846
1599 1641
1282 1367
106 1399
179 1155
1658 525
1420 1038
383 108
132 1036
1615 527
1470 301
349 1548
867 855
1559 35
1183 1647
333 1313
1249 1014
906 286
1121 222
1711 1771
1526 742
1550 1512
1820 1235
1365 1456
1640 970
1118 502
546 1008
1659 449
575 850
997 1767
1752 1177
1446 1563
357 1540
276 603
709 1709
280 1596
1794 1367
161 1854
4 1379
380 933
1269 767
298 1620
1721 572
133 1351
1534 437
1060 207
1489 1050
266 1132
1052 1435
1359 558
1851 1176
1032 1176
783 1802
833 1106
231 1525
1569 1047
1042 431
1235 1561
1733 666
1077 855
194 18
556 1369
405 1192
1333 1273
1520 675
269 1758
1400 1368
1577 166
866 1423
909 1615
23 1431
785 1588
763 150
53 1177
403 1071
1841 700
254 888
905 1843
556 242
218 1720
1461 390
1013 1163
892 1244
12 506
1260 929
433 994
453 601
574 657
867 1799
1741 1349
401 1012
639 1752
399 96
45 580
644 1381
440 1597
143 1078
330 1177
1321 1092
900 1756
1525 647
1610 866
80 1025
451 1620
123 1529
842 1261
1574 557
1399 1418
1021 827
1206 1379
886 59
511 1065
1140 965
60 711
987 995
1687 113
56 7
873 825
1005 1497
787 10
344 568
1847 1674
1757 574
399 708
1532 1475
200 47
1041 960
341 1280
394 393
1310 904
1512 839
78 497
66 894
1370 1182
275 1709
478 444
1314 566
852 1398
1782 1176
1667 632
709 1717
526 1326
987 1738
708 101
1314 100
1080 1132
787 132
1509 956
1703 1046
786 512
806 1189
1649 1126
21 618
1654 156
303 903
1327 1417
120 295
286 1135
929 1386
1461 1507
113 722
934 1433
1719 1548
580 938
899 965
450 726
655 1676
1118 143
1284 1325
1006 149
835 1054
903 343
1376 1250
609 901
1712 591
1673 89
1514 170
1533 341
1045 280
1171 29
897 129
1648 695
1751 989
1467 923
675 1413
255 1805
534 464
1541 824
1815 809
1414 420
992 17
670 343
649 1235
1359 841
229 459
826 1058
528 900
1236 1195
196 1531
935 1455
280 490
1471 668
1564 404
443 1679
1426 1678
1409 1530
477 376
231 561
48 1619
1379 1647
1429 1216
119 1749
378 224
51 1727
293 38
1228 888
206 1225
273 1802
1102 71
38 1172
1356 574
242 1000
298 1539
303 1312
1667 1494
1307 1825
844 418
1776 1833
1236 132
988 1451
614 674
1589 1338
1271 847
817 1695
372 980
478 1475
271 445
1374 1003
29 425
1436 1128
959 1031
1354 1202
975 637
153 1507
812 207
239 271
1783 937
757 1577
1184 1677
1831 267
934 61
719 460
187 24
1270 1220
1248 22
570 407
1708 1189
1036 1499
200 498
1237 1218
1147 1362
985 988
66 834
132 1739
474 243
1630 94
61 425
1218 855
948 441
638 107
160 242
706 311
1104 92
740 882
1084 1106
628 1456
1821 519
1015 1651
1051 1154
217 498
661 545
1197 619
445 1791
1689 1270
263 1719
234 583
117 602
1291 452
1517 306
144 1642
1119 915
422 1806
626 1423
1568 1107
1737 1518
723 741
1651 1180
1147 457
112 111
399 607
698 576
1466 296
1645 1684
935 528
83 1523
665 690
276 280
1500 200
1218 1348
894 919
1539 1655
1021 1138
1656 375
804 1180
194 268
932 719
587 12
1326 1470
1138 347
230 386
1625 309
236 214
750 551
620 473
775 685
305 1340
861 948
45 1613
390 1687
1256 627
834 642
536 866
1004 256
490 732
293 1495
924 834
1462 488
372 1472
51 1244
1051 623
1767 58
1277 1629
1008 12
1219 1469
535 316
958 87
1738 616
1077 1844
176 977
353 143
139 900
141 494
611 1230
5 394
830 114
607 257
1511 58
243 1044
1374 736
1074 192
1297 1450
435 297
1033 578
1572 180
475 365
933 379
192 379
1849 1613
1076 1740
390 1122
733 707
1327 1610
1299 1245
1618 66
66 1226
993 20
381 720
734 456
952 193
532 757
129 1511
1542 1172
1761 1511
155 928
381 1832
1776 328
1580 1217
172 869
224 414
581 547
1671 470
1394 1727
477 1294
1658 1573
991 1706
267 1635
1555 468
1038 594
1210 576
1195 1445
1638 736
881 1007
607 1818
1334 464
521 1264
1754 191
1207 1538
231 193
357 1519
1778 1543
1147 1557
1170 1315
225 262
1266 758
1366 1307
828 787
1685 1241
843 606
1807 475
86 961
1000 1082
971 1492
427 1375
114 685
481 1017
1105 854
262 283
1851 367
1134 1165
203 1246
1751 745
1749 1400
1805 1835
892 1696
1690 1444
1300 336
1543 688
522 1026
1659 50
1035 5
369 68
876 99
324 1032
906 285
950 626
1754 209
337 64
930 734
1129 1814
1655 821
718 916
426 1391
344 508
1368 1135
1428 475
1587 588
13 274
263 1031
1265 1208
955 956
1345 1771
1639 616
665 1810
1222 656
1746 479
577 1015
1437 777
11 252
1690 534
313 1820
819 1319
381 1054
1485 1284
1202 1729
892 1329
733 816
572 876
1027 973
169 240
752 327
1375 1349
96 1204
1674 965
1272 1315
1528 1009
743 1748
1637 1686
1253 6
1332 432
1741 477
1085 1026
1797 309
647 855
62 437
1357 541
935 1762
741 1412
1789 872
181 1818
1550 709
912 166
298 1600
1243 818
802 1618
1019 238
551 1599
1154 1621
944 1531
1776 981
1336 1166
1146 1287
1067 657
1002 1302
561 1834
146 341
613 1004
1518 1492
1308 1364
1334 1124
465 1521
903 1510
1175 878
965 853
875 1291
713 1800
1818 792
834 1414
1761 1421
360 799
869 1546
1208 348
585 1278
688 575
707 72
835 936
607 1307
1607 867
1704 1759
1099 1123
953 770
654 1584
1214 26
1084 1373
660 1247
1280 1336
843 1849
1128 1205
1399 1638
1150 389
1450 1143
1850 474
1617 1072
1120 926
1692 1329
1472 636
106 460
25 1167
787 45
1004 602
1741 109
153 135
927 1193
670 1679
1180 97
485 1262
1582 1743
468 1557
1585 1713
516 1201
568 663
443 584
882 805
292 623
1227 338
1431 838
913 1368
1464 1043
1671 376
15 1477
1751 1031
1691 454
588 122
836 1454
409 1574
1724 1497
1232 1008
156 1831
928 882
1338 1814
1531 258
1837 947
843 881
910 1130
458 641
1235 370
1719 205
314 61
8 1162
1782 1387
1738 1543
103 1216
954 621
712 1028
644 1718
9 26
276 1294
1061 1669
1241 1491
1526 1259
578 296
259 817
48 1143
1029 1535
1507 139
139 1365
1502 1199
846 106
368 1093
1041 258
411 964
66 508
775 259
161 556
1614 591
445 807
1284 563
1438 1754
161 1784
792 1667
731 1685
543 607
1552 68
420 1454
1657 258
1209 1595
1368 1202
174 1837
392 1732
596 311
482 1812
912 701
238 1144
733 160
1552 1814
382 313
942 1179
1185 1160
1686 469
86 589
1600 160
101 1656
189 282
1082 81
717 1301
3 532
1008 1308
849 255
299 491
937 461
232 809
421 579
1039 29
388 752
1746 1715
1131 1441
1283 35
1280 1825
581 132
1005 1640
671 510
169 675
1696 1640
25 524
635 1183
545 1771
205 82
1656 1797
54 1048
853 1422
1423 980
936 1402
1368 1371
310 1422
1445 1495
830 1361
486 1576
569 1217
1088 1496
914 1736
90 369
788 824
699 1181
520 744
1237 993
991 956
1149 1141
1724 458
803 81
1762 1597
113 538
902 11
1226 1806
338 61
906 256
756 895
343 1638
546 1186
414 1296
1689 548
1694 1809
1792 939
1242 871
655 1040
1522 836
432 135
242 1232
1663 256
509 404
1126 98
1140 379
617 767
797 541
1217 1808
226 50
825 360
226 1136
651 665
769 899
856 1459
1655 223
623 365
1828 30
53 1314
656 804
457 919
1819 611
490 368
1851 1457
1451 1614
284 679
1004 990
713 1340
217 444
1530 1789
199 834
1776 521
911 1786
415 1708
354 1277
1629 1007
1392 50
1718 513
222 1487
1312 71
344 829
1737 776
95 1506
364 1246
1247 986
362 928
1615 1662
724 1435
403 1414
895 162
1329 294
948 866
1740 1803
1519 1261
237 852
696 943
943 1412
1361 1177
1607 188
1435 196
1226 878
1276 1686
769 424
97 247
0 1643
659 365
404 597
1474 704
1518 475
1182 1011
439 173
826 1169
316 1096
1670 405
295 381
1138 487
315 1579
1639 306
896 557
38 1100
1343 1335
531 133
1514 1395
1112 1003
563 88
161 601
1773 659
153 594
1464 1431
134 36
1367 1212
1848 1828
19 547
1178 1684
404 1247
592 315
1296 7
212 1059
1345 683
630 1265
230 1787
1315 1571
1200 922
1063 861
212 685
41 622
987 812
631 989
271 360
1563 1640
236 1149
361 1140
304 1811
1324 717
967 1318
587 1186
272 543
1531 290
690 1581
1079 871
547 903
1684 1430
1736 1643
223 898
533 723
334 694
377 998
143 639
1553 1437
761 588
335 903
912 1712
668 1468
800 1788
1195 484
1064 1623
364 123
1688 681
1296 527
1006 1016
168 884
453 106
1121 1680
273 1792
103 456
1449 582
789 141
1418 197
1462 866
980 131
1378 53
687 16
853 1623
855 260
1619 88
1612 1784
1238 1597
1550 1454
1211 868
1433 70
1779 360
1522 1223
149 952
1665 624
145 880
1533 1263
527 61
1794 305
480 395
1295 1482
599 1256
229 1371
706 242
51 185
1031 266
1053 1428
146 1041
1411 374
703 1026
484 1509
898 225
741 435
531 16
1698 1472
857 820
66 1217
236 634
1833 1654
331 834
1078 1675
1774 224
598 640
411 433
675 1415
441 1382
428 527
654 906
692 1684
568 92
261 359
1420 1163
435 275
671 1134
538 1403
1716 1717
1624 1501
878 20
1455 1063
787 562
1267 606
363 1101
1229 166
1691 1746
1552 1616
1152 685
1771 662
175 918
688 1613
466 122
972 389
449 1595
263 451
456 1691
89 1637
1472 153
543 940
1736 176
313 864
1256 890
431 165
446 2
1332 328
1047 252
159 1635
69 1412
1561 940
278 1767
138 1599
391 945
1162 382
1204 337
1120 1561
694 6
675 1176
934 479
92 1523
1591 1513
362 1285
797 1469
1148 1134
1216 109
157 684
298 971
253 1757
1027 930
412 1287
1389 1082
1114 128
1604 474
340 1409
1163 1276
913 437
1847 648
1372 292
42 1832
1746 163
823 1176
192 407
331 1594
288 1458
1519 1427
138 1317
1446 835
73 74
833 983
974 1241
687 575
788 1439
984 410
1219 51
1199 329
22 161
1790 895
138 1371
1688 173
990 1600
8 1307
1193 211
811 1796
960 1294
184 1420
570 1123
799 1817
626 565
1176 91
604 1358
1060 1806
1507 401
1836 697
1784 182
1735 902
505 1514
1735 1146
1528 212
1580 888
1015 1608
257 757
1838 1423
279 1496
494 1497
1237 357
1305 803
602 456
1536 966
582 1432
393 288
830 652
1138 1463
1819 407
619 1668
1666 820
78 68
1785 680
1418 1458
1528 1610
132 1369
89 1256
861 1490
1390 289
1218 952
1162 1577
178 316
1722 1506
564 502
1832 1261
210 632
1425 1004
1351 1669
1572 316
1480 1609
654 1558
572 1747
1774 1515
787 43
1725 1136
27 809
848 225
1676 831
1722 1094
743 1042
451 522
311 704
956 1436
1185 949
1013 1409
275 1800
1413 1173
143 735
387 1367
646 1797
1500 924
1801 930
1381 1699
1358 284
53 344
657 1290
1620 662
371 1578
449 426
876 733
400 509
1551 171
1255 762
465 1194
1309 1497
1449 484
1490 132
458 1081
1631 706
1327 844
1241 1133
1266 454
941 1708
1261 566
1447 955
1313 267
635 1556
600 14
714 128
625 235
134 845
350 427
191 864
1180 569
117 1654
12 1017
371 496
1395 23
789 1551
434 1606
941 1732
720 928
194 231
