884 243
1083 949
196 123
1735 634
887 1735
1789 404
73 956
1739 514
514 203
174 1067
1472 697
757 155
495 311
1429 1560
881 49
598 42
1312 356
916 981
1124 513
81 140
1272 1019
77 1077
283 917
657 106
1764 1249
713 1095
1410 1166
287 1335
732 1793
50 1835
218 200
1455 1029
1478 1371
1581 1053
1614 614
1274 615
214 1660
202 496
1706 842
1257 915
1791 1020
760 78
1192 976
551 1828
1086 384
1678 234
1756 581
1805 1715
593 1517
256 690
800 833
1203 1283
1388 996
1845 1625
1005 965
1046 661
1848 850
1219 275
1628 51
1090 1398
682 1109
90 139
1703 401
1105 709
1813 939
360 1257
1487 292
500 1611
832 334
1084 1265
415 831
1116 314
1231 118
779 993
1726 1660
862 666
1732 1517
1494 240
360 602
670 243
1192 388
115 512
432 892
736 128
926 1254
1471 1695
1393 435
1532 1725
1543 1023
1263 513
412 584
1636 1408
808 734
19 1642
919 930
845 1488
98 1363
575 1126
341 767
748 453
1114 587
1350 1400
372 1469
1143 324
950 1047
197 213
1108 374
660 411
410 25
1596 44
1031 1792
120 647
1664 285
1609 739
82 414
1853 1485
650 511
229 254
874 1604
588 181
1392 1701
1154 857
1053 1727
1021 726
605 547
1827 1057
814 1273
170 777
358 731
756 294
717 1168
205 1411
1786 1420
792 1063
1167 42
642 1843
665 842
1145 1364
1395 730
5 1300
187 1694
336 930
826 1748
1153 681
1348 541
371 1003
1637 554
1670 1416
375 1160
678 420
202 1848
670 334
352 260
1735 534
896 1642
1354 665
847 985
528 410
429 1854
1076 1223
216 1520
1627 187
1464 389
869 301
1400 1673
398 171
1771 1163
748 687
1260 171
1618 331
429 405
1543 1136
1811 698
1671 594
956 353
987 1248
1028 692
979 1336
887 743
1791 1307
1198 1511
508 526
50 515
901 136
653 1327
1507 142
1523 360
1665 742
1313 787
1422 97
155 1833
110 1107
1241 1569
913 292
1618 546
39 453
272 1745
1029 895
1732 737
452 1495
1266 962
187 1808
632 950
674 843
1651 1102
1091 120
935 1072
467 12
1057 83
977 521
1628 714
583 395
1223 555
1776 427
749 1806
908 770
1044 1346
857 166
51 1383
1779 686
977 570
1146 371
1452 1650
226 1072
1519 737
1539 1675
240 708
72 38
1352 1625
1539 1677
1109 235
1292 1168
1619 1367
728 1503
219 370
1700 698
1204 51
865 1171
1297 1467
1647 1176
1447 458
663 332
1601 1502
1466 549
1818 1006
481 1532
231 1558
1049 1065
603 933
453 1184
967 982
1813 658
656 967
1105 607
1733 416
649 336
655 731
47 985
373 472
1125 794
298 1757
1842 553
1303 175
1359 249
1845 1329
797 1355
1258 1344
1833 831
1330 1807
223 1287
1836 41
252 769
321 1206
439 1400
1781 363
1535 1106
1074 1055
611 616
1701 1223
412 7
71 742
468 1651
420 342
273 145
1182 587
1660 1002
1783 1620
332 5
947 1284
640 575
1189 230
1309 499
217 424
796 1734
1824 1800
435 1425
1065 438
1311 1529
1187 1684
792 1855
1186 572
413 981
1659 746
294 771
1653 253
1103 1785
1026 1653
858 277
775 1560
1251 265
796 1082
1734 147
1419 1031
1453 266
1525 1842
488 244
1111 844
980 564
1451 777
517 382
209 11
541 901
1078 1597
1520 1352
1275 1071
1444 434
1014 1041
555 1678
127 83
1657 524
1625 238
1079 1834
908 1457
989 1044
431 566
1789 30
1850 1647
32 1340
1647 810
761 581
714 1044
113 1038
374 548
1806 516
1166 678
1767 1201
1567 393
605 891
939 1566
1318 1778
121 1847
1788 312
1564 1218
869 1609
1293 1535
312 855
304 1001
980 1527
1773 1722
602 1649
1332 730
1023 40
1434 1794
1595 1383
881 627
1097 455
59 887
1640 1305
1549 711
1277 712
811 1091
1260 177
229 1547
1745 1340
1398 956
352 1671
284 0
1184 802
1625 1071
369 352
448 640
902 1618
1826 1141
846 1116
1209 1096
1087 1061
1806 1646
1236 51
1518 908
1246 251
1482 273
674 1791
676 430
1260 1791
348 528
1457 914
1845 1340
1764 1146
1127 775
1542 755
470 1247
959 1395
1802 1151
776 1432
1173 1626
1424 145
1144 1733
1501 1659
1022 1032
208 778
527 268
1356 1602
114 185
682 622
975 1099
151 88
1823 1797
136 174
683 1378
690 480
1003 1673
848 645
646 798
918 830
471 1449
1371 1801
596 1485
1353 1003
1713 1551
249 1586
1253 870
678 31
1027 466
1593 8
1135 40
795 1254
238 1369
946 1005
1240 1299
1370 1475
288 609
1529 1549
196 483
770 595
482 1559
202 1064
712 485
380 547
1216 211
1308 157
1336 1111
807 295
431 1016
1396 44
39 615
1280 53
1036 657
1502 1018
1079 1341
622 958
1230 1581
1129 355
1174 1282
657 1448
1058 479
111 910
1137 28
294 224
881 1613
196 1318
113 151
716 1545
1535 1321
494 1813
1800 1296
199 1411
628 837
1480 14
1220 1762
217 426
291 70
943 1762
402 329
839 1747
308 1607
348 649
635 1109
1186 664
219 1474
1119 625
910 446
1272 1224
445 949
1194 1266
13 386
1070 1141
140 28
187 241
1500 722
988 571
1287 1626
1263 604
1518 346
1599 1085
1490 407
584 724
691 1350
683 466
1027 710
1801 1711
1293 369
115 1145
352 1553
1793 160
240 237
612 249
875 1167
551 671
14 161
860 1243
1362 877
817 540
619 1777
583 1652
1332 415
1496 184
1679 1648
1371 276
201 940
929 1401
589 127
1028 1131
519 1513
1720 854
284 1210
389 1636
153 500
1367 448
483 8
1299 520
206 1321
855 1054
13 783
1125 1823
552 41
1033 1390
181 1388
1119 1316
757 1249
236 924
1003 1378
248 105
1823 398
939 124
1336 1650
1510 965
1735 702
1157 1415
1583 1106
1666 1373
516 1161
1538 812
1761 1818
277 984
583 194
1656 436
412 293
63 75
1611 1676
696 732
1763 712
682 658
526 192
1773 1552
35 70
359 368
1139 120
1854 210
114 1848
429 655
216 1818
406 1081
355 823
18 597
728 736
998 1771
201 629
1463 50
257 182
317 400
456 350
1353 123
1736 1277
1522 1105
1179 458
919 1107
1705 612
1252 1020
1152 1257
369 1066
425 396
1391 431
957 375
804 1223
605 1570
1764 1311
887 1814
1201 608
104 193
803 499
1097 1517
105 1432
291 748
672 1834
840 1183
1701 926
1548 1304
1459 479
942 820
1260 870
181 813
1816 328
1743 320
360 282
337 1431
154 1736
1143 373
1733 61
46 1741
579 1384
960 660
1369 1287
1608 909
1777 1310
1840 735
565 1622
810 750
1072 1189
209 256
602 1733
1509 1280
395 1845
1462 857
1821 1262
423 1668
1591 1571
209 1687
364 656
1321 1482
354 942
1663 494
825 1688
933 831
1170 1193
1742 1155
284 1402
787 1590
284 1847
1622 340
1227 544
1652 158
60 1218
1634 1274
808 894
21 948
485 596
1372 357
1784 275
672 1660
823 844
932 431
1565 12
1618 1631
361 1223
1082 1285
1461 243
128 1526
79 1155
896 1047
503 1238
10 1734
1608 1596
793 4
282 429
846 1532
1213 233
964 1762
751 145
739 845
1305 101
1533 1256
1213 1668
242 845
503 1592
1049 133
333 1371
587 699
1653 436
1461 455
1493 1834
944 42
1523 566
610 909
681 581
1078 691
875 790
201 187
210 1073
394 869
114 126
787 1753
1464 1594
1695 1036
638 1669
1835 747
762 1355
208 1384
1703 75
1413 294
489 412
1509 901
1524 888
692 647
1465 84
1757 1292
383 250
1195 42
38 1245
1612 1657
1805 1258
551 260
1477 1432
1551 1531
1838 266
1361 872
423 636
1072 641
752 1695
719 316
379 1679
1163 1539
1727 255
777 389
589 851
1741 1397
32 487
325 1709
1163 380
386 783
1136 1195
1548 366
667 1415
661 1634
848 1677
264 669
1060 1028
1313 1342
121 1501
67 1423
960 759
1653 1271
842 1631
311 737
1600 1777
1333 1487
1225 1274
1473 138
466 363
887 858
544 1678
1657 1434
1505 377
1075 1182
817 175
864 583
1735 218
13 481
1463 1207
1226 1118
1246 482
186 1778
1775 106
598 1160
875 1406
399 1024
751 887
1635 35
572 434
1712 602
566 535
549 1638
335 359
74 1700
1788 443
193 86
1116 346
302 1262
986 672
1657 278
167 1296
392 1508
902 1710
1308 1753
1784 349
31 1821
972 508
1601 329
1171 1812
165 893
1496 139
801 110
1238 720
818 787
172 643
1072 204
314 3
1386 848
109 1017
1782 1511
492 1185
612 430
812 1635
998 141
1513 753
428 1444
487 217
1577 715
193 526
1501 1446
1479 1117
683 928
1505 603
378 956
1510 967
535 1692
1669 1335
208 1402
117 1233
1694 997
986 885
871 1472
157 1830
1574 1474
436 760
1713 1178
1221 306
122 226
759 1486
1361 1752
1705 1308
1573 1281
646 1572
718 1299
1284 1259
583 1152
418 626
1695 1305
1565 1299
898 97
647 1293
659 965
891 1598
898 1554
258 771
1855 12
1702 806
1307 815
559 1217
444 186
20 283
315 1767
651 1660
253 1410
858 1061
1422 339
1368 1074
870 1424
1634 1674
1596 1391
42 1337
1 562
1265 313
44 882
758 79
409 415
137 1831
924 1207
465 1725
1619 1487
997 331
1718 1483
1817 753
379 189
1716 1658
601 365
1256 1690
1695 944
505 1779
647 614
1136 145
967 615
400 1042
1139 1372
859 1041
198 283
1698 1331
315 260
244 106
281 1262
602 1278
235 1428
493 203
276 271
1730 1293
475 1666
860 571
1850 592
1381 1001
435 420
865 1816
174 1530
1351 1409
1218 84
274 1462
1273 1159
1237 1575
1376 68
661 1069
933 468
657 1731
1016 1032
858 1772
62 12
32 782
32 1559
1521 259
389 1565
1500 1657
721 1795
691 1115
30 1622
297 581
153 1686
1786 466
1633 880
1022 691
1589 1100
72 1145
1331 1541
845 429
790 12
688 851
1733 1530
785 1309
1184 1807
366 895
484 1785
860 1483
1663 1522
1458 1809
511 835
1356 533
726 319
577 1073
610 454
165 1842
1355 1042
504 553
589 493
1296 211
1086 926
523 1344
1068 1502
1424 1630
1383 915
1228 829
1621 1475
1721 9
1357 1753
548 1824
1474 1277
918 610
1644 253
1023 629
1223 714
542 1304
1741 1742
1762 1751
1360 743
1719 1729
1572 936
1488 923
1740 529
695 1777
1821 843
15 345
1531 1284
32 1537
33 243
598 533
1537 1490
100 1806
75 1579
1302 952
25 941
702 997
585 252
1703 1728
1813 1665
320 1436
943 896
1705 916
217 786
1550 1455
188 596
1787 206
32 778
300 771
562 1227
1621 1207
1090 1079
1292 69
1837 1697
617 1708
1266 89
1724 405
753 183
1597 80
1276 699
849 667
584 828
1796 179
151 1050
607 19
322 1591
572 1708
1820 643
1063 401
1402 1488
1429 1151
1777 1149
1689 741
1793 1647
1135 1349
1469 377
1717 781
881 1680
946 149
76 1812
843 1643
1452 100
1649 290
100 1460
1394 12
677 426
1344 1630
339 432
1608 886
974 1130
1766 818
498 1781
996 834
1479 1349
1495 605
1296 1841
1586 251
623 941
1414 1827
1192 909
1717 1522
706 1354
235 930
1202 286
279 1426
1744 258
109 1410
1394 39
1841 559
1517 1721
438 257
1644 1617
98 1010
861 1021
509 1302
550 37
1090 318
313 1653
587 310
673 716
311 456
993 548
994 657
1593 630
1048 691
1713 1297
340 475
1218 1002
531 6
1279 186
1361 610
725 33
86 498
435 1706
1159 262
787 969
743 815
1038 1420
456 397
1290 1647
1798 739
1784 514
452 37
1260 216
1438 138
911 379
695 135
221 704
988 385
968 1037
1824 529
1544 1840
1008 234
997 513
103 1249
650 855
1166 129
1578 1498
1297 48
582 183
93 465
1531 418
44 1583
1001 204
1668 1558
620 234
87 752
1096 1088
544 1325
1113 1064
817 137
1500 385
818 1230
1074 934
160 1112
1555 1312
55 344
188 1095
995 1292
1422 571
1085 1136
886 126
1467 1447
1841 1241
88 1837
364 966
1065 1551
188 1594
1824 1322
433 1363
447 269
404 1574
1562 69
809 644
56 354
1759 1565
615 938
356 904
1117 1345
1808 550
859 1317
344 1091
1099 771
822 1050
1089 65
1110 818
85 1600
673 800
467 678
1804 829
1778 1173
355 1718
162 1849
475 1434
691 353
572 717
1649 1541
1250 1840
652 1572
1790 1828
640 1372
1447 273
1407 54
852 319
1106 1676
697 1664
1394 1273
1274 946
1669 677
1182 1213
773 855
1193 643
1534 63
438 1289
1203 311
333 1171
332 223
1288 1689
556 1421
905 59
864 1361
1787 592
282 1221
990 1022
294 1295
1065 51
1505 1262
648 1519
1002 818
123 1774
486 1734
1016 1068
1539 354
796 10
1263 1040
1694 433
687 1658
1372 611
1624 436
114 360
895 1796
1374 366
1829 1561
1483 1048
1645 72
155 548
1346 736
1435 649
15 90
891 643
1132 1507
846 1617
289 1210
767 823
802 1401
965 474
1638 1769
1669 1618
1608 1430
1670 873
876 1068
1640 195
1105 10
1669 1518
315 294
854 1373
396 938
1552 869
1528 1331
1171 221
1475 1432
653 1240
1843 946
533 850
428 676
1463 802
1842 1041
723 1132
761 202
499 729
1128 244
1795 660
190 423
16 742
1158 454
1544 452
1565 1731
659 200
1723 1401
380 1355
1781 1226
148 708
1378 1798
1787 1037
1720 155
190 204
247 886
1800 1033
1191 472
1581 373
1113 461
162 921
1611 1180
765 39
522 235
1367 1183
1322 615
1403 74
622 1522
687 1418
1509 1284
792 422
466 913
1248 177
1686 823
553 259
727 710
832 770
961 390
103 24
482 98
371 733
1168 1206
1484 1255
1313 1200
1272 118
1753 1613
1072 1193
1352 120
374 462
513 1740
789 1750
273 338
1845 611
1568 73
1279 1200
760 1104
858 1584
618 1525
1345 1801
1303 735
370 243
905 264
1580 1357
279 1500
602 1053
686 734
1589 475
466 685
1441 580
1195 1493
321 708
1257 959
663 776
143 550
85 1059
689 1175
1415 59
689 279
167 569
1334 100
1152 190
1101 408
356 1006
194 1076
1407 869
450 1512
135 1206
770 1201
595 1226
1531 532
122 1367
653 1424
857 547
872 1145
863 1094
281 891
1331 1704
1043 460
1490 311
1030 927
127 389
935 456
788 1218
990 498
505 1436
449 208
1190 1608
784 1646
1223 207
1377 1366
912 1193
1612 918
1309 205
1199 149
119 929
222 124
1129 819
1417 1678
894 1770
721 456
323 556
1783 1132
232 1351
533 1284
814 1769
816 1314
1721 1778
1667 295
816 1739
1483 1481
989 933
1821 556
1749 309
1251 1152
417 426
952 546
1258 1085
778 992
1246 1479
1068 612
718 912
1433 1339
48 586
363 1034
1276 1657
596 79
1592 1722
1710 658
1289 1681
906 846
207 1268
241 984
1629 610
914 1024
1255 884
788 1324
1743 1399
255 1429
438 1560
75 310
769 1178
1594 132
1122 1790
379 1640
332 803
510 1185
1415 784
266 205
1510 1781
1844 640
1329 783
153 1783
1804 1422
1111 683
711 74
1187 382
166 492
1439 568
1569 496
1720 864
1735 1324
1113 1622
317 1684
1757 600
551 698
1492 939
16 1626
1169 1708
1502 1763
584 474
1752 1627
182 1446
491 801
1332 700
194 1751
618 77
590 163
208 459
818 186
1655 962
910 212
1529 473
1226 746
1114 1394
380 1252
1802 1314
97 1241
1660 1189
1011 139
1183 1303
1775 961
1226 1678
1616 583
38 549
816 1039
1518 1621
1623 882
883 689
808 1056
1074 496
875 1395
1646 510
282 418
626 635
942 247
385 1148
1028 42
534 401
1106 1043
106 882
40 597
671 18
1237 793
1287 448
801 347
1355 206
454 173
1315 1242
840 146
779 1743
1070 592
1557 1228
510 1456
514 691
236 1165
1618 732
1741 1012
423 798
1063 430
666 963
376 1022
682 1175
1086 1166
1243 361
246 1515
20 135
840 980
1620 506
93 1784
801 1815
552 319
751 500
183 1666
1812 1523
228 193
499 432
53 590
917 1681
1174 1487
791 947
954 238
1131 722
519 913
894 1275
183 791
26 520
1636 1337
649 1410
1207 1269
864 193
972 628
16 1662
728 962
558 1333
495 1148
641 700
1678 45
377 389
504 258
1137 580
1241 482
296 834
1565 675
1734 518
0 1744
526 354
117 1678
746 131
1610 628
1810 264
589 1573
243 1375
406 1146
1089 1771
1481 417
1658 926
925 33
1507 1164
1083 1143
782 316
1056 603
1027 339
958 776
1170 738
778 256
1119 77
486 1781
633 911
135 1329
1596 1278
139 379
40 1738
1728 1673
1608 1347
1833 361
1722 44
459 53
1585 448
1139 179
1274 503
528 1532
507 865
1270 947
334 959
1025 1338
273 257
110 998
345 5
1660 206
117 1275
483 555
1362 406
1283 1551
426 385
297 1045
1515 492
1172 1724
31 913
729 932
81 68
707 651
150 616
1062 1070
321 1678
332 1482
1589 731
801 1689
994 1536
45 921
697 1392
1055 1320
712 775
260 1216
1172 576
1423 291
1287 1719
877 1216
1140 1549
1186 1000
374 1202
603 285
149 2
1489 1689
686 1470
958 724
598 1472
827 510
694 260
970 587
1768 396
127 1747
210 1317
754 783
1159 824
469 826
480 1421
1139 468
239 1039
917 1713
1047 1586
553 1585
640 1706
279 390
802 1004
5 1596
1643 589
1753 1441
450 312
45 621
59 1647
86 602
1701 408
4 981
761 1686
360 1682
441 229
139 1355
939 1413
1846 564
1791 652
494 1305
466 1718
193 231
452 676
1510 1124
801 412
1788 80
1363 635
432 1841
1058 1097
780 1061
21 12
979 831
1335 1035
971 172
773 1314
1721 1473
378 272
1670 93
351 1375
240 260
366 755
1339 1642
815 285
1644 1574
1201 1260
587 518
958 944
1323 1224
1268 905
364 1146
1705 1059
1072 1093
655 1511
230 478
1731 1180
518 56
1294 1127
1693 272
6 727
79 1152
947 1195
1201 1820
1655 133
1772 954
168 54
473 1280
319 26
240 1629
496 350
51 803
501 776
1739 1082
449 1447
142 693
1234 31
135 860
497 126
287 1331
93 829
1322 891
892 488
1088 814
1789 1487
98 278
818 189
1343 409
1151 879
1360 45
1378 181
1579 377
1033 879
855 39
721 924
1447 1819
1628 1709
1535 853
220 1222
608 995
266 935
1335 625
1375 1091
265 983
373 1032
386 762
324 863
553 783
1362 1063
1809 1475
101 563
819 735
558 1282
456 607
1834 1479
473 1232
251 550
602 1194
1354 1186
644 290
834 1758
264 104
858 934
1335 160
816 1161
1448 1182
789 877
339 610
1782 455
923 699
133 492
847 1292
1738 1401
1648 854
17 680
966 1226
1472 1079
43 1504
487 1614
1045 175
981 1153
712 300
45 1079
1209 553
902 1417
631 582
1777 1741
399 1802
1157 436
737 1028
201 913
1157 583
1357 186
329 1615
1227 1732
477 585
1516 1195
558 1675
676 1388
710 1038
1535 943
725 451
913 943
1364 18
1220 622
371 876
965 412
1620 468
393 114
1848 1740
1049 819
1180 631
532 819
1687 295
417 359
349 1590
381 330
656 1168
117 892
872 601
341 399
1534 1263
1142 483
1070 663
357 585
1652 528
1268 73
1487 1213
666 214
1714 453
1103 787
984 1315
1345 1818
796 1400
1015 1622
192 1072
274 869
386 115
179 1744
80 12
672 194
1107 790
320 817
962 1324
1379 1740
1042 193
383 135
1483 476
307 138
747 1748
1758 410
1452 1849
674 1512
1710 137
1807 1563
484 186
1620 1390
506 1399
1490 550
189 90
298 499
854 41
206 297
1211 288
1639 279
395 47
65 583
600 254
1359 1190
158 141
3 902
324 697
1832 1076
875 1644
106 863
1194 812
1082 312
1664 117
1062 1034
816 206
403 354
1673 196
665 1218
83 762
982 583
1643 1285
267 1451
488 326
45 1546
521 298
194 714
1132 1151
506 1787
1671 972
798 1798
1484 193
463 1505
1648 1067
310 1589
163 1376
392 528
910 1254
542 392
358 864
260 1742
1407 1505
291 1546
376 1260
693 547
1564 667
1444 1853
1102 23
146 1846
450 1384
772 1486
1128 687
1209 645
142 1405
1606 386
799 353
160 1353
1100 1185
1641 937
1838 59
1218 1077
1019 1828
1468 1645
185 1051
1211 405
168 1409
1721 172
1681 1442
1803 584
1476 1102
1731 1522
802 1703
826 550
69 1776
1712 347
1198 645
1591 1219
1698 522
884 328
879 1116
120 1016
952 143
1242 983
1586 1519
231 336
92 1837
56 1148
1044 1039
179 1108
159 87
328 541
119 552
1034 160
497 500
1521 477
875 801
988 35
542 1429
520 437
228 1610
1214 812
1598 704
108 1741
27 67
1601 30
688 1152
199 1493
1334 968
37 600
662 744
265 1092
369 834
647 1704
1208 1668
1439 38
1523 1457
1095 1003
200 1153
1095 1084
929 1357
1054 497
973 647
1154 289
1212 1197
597 583
1739 622
773 685
1318 725
671 1832
1780 1690
1350 1472
833 1382
525 494
482 42
42 1046
591 345
1465 1004
682 1571
743 715
1523 1456
1257 623
761 166
255 1517
1062 1146
1420 740
1742 1227
112 1713
1669 392
1242 935
121 1731
736 1599
1712 1050
868 1747
415 1158
1002 1693
59 457
1301 912
597 1732
1014 926
548 440
468 1005
1444 594
247 1016
709 485
717 285
670 348
668 869
393 54
1374 658
507 1510
295 526
1040 1055
1677 990
489 325
1556 296
567 330
1162 1190
1567 506
192 1762
174 339
1321 1348
1522 63
43 770
122 14
1492 1533
242 658
1134 193
304 1836
470 1205
1467 424
1568 1194
783 25
110 1637
1152 1378
822 826
1055 705
1587 1380
812 43
1775 1556
1308 53
804 649
1347 1615
1808 1392
688 566
1090 3
913 658
1196 1348
311 605
354 1792
1474 1712
538 1690
545 1350
230 778
909 1682
254 1242
317 764
207 1315
856 1184
551 228
1710 1657
1030 1659
1243 1303
1152 205
1133 1064
778 567
83 740
841 997
825 1699
561 891
1014 1576
1708 1584
796 1448
1230 786
383 445
1181 229
735 1771
1569 1835
403 490
523 165
854 1648
292 1729
1023 1798
1143 670
10 1572
826 1770
1768 1229
828 763
1559 1095
523 485
343 429
654 1796
996 39
173 1737
1416 1487
126 741
468 1824
531 1149
1331 1329
848 693
1730 664
1473 512
288 816
932 48
1679 1213
193 576
1051 561
1421 1448
1070 643
383 1443
442 569
1119 527
956 1742
1055 1295
1709 1693
5 1472
1129 471
177 472
1386 1579
62 1600
139 221
588 683
522 1732
414 1513
1222 1132
1626 871
481 1780
430 883
185 953
276 1336
1145 604
1779 1000
892 1453
1846 469
1201 235
691 245
112 1484
1818 601
633 330
548 222
1182 1845
62 772
193 685
493 1334
467 1043
1828 1557
412 1157
1501 1264
1726 1829
540 1080
131 1563
775 763
1240 1122
517 1518
1498 587
1060 200
186 975
79 969
929 1536
329 365
1038 13
5 1169
1741 1652
1246 243
1418 1711
657 1553
405 1433
888 1634
411 1846
555 647
1098 587
711 1016
1757 146
675 1070
754 934
1520 549
200 1799
1301 1176
864 843
284 882
429 747
454 1295
879 1835
1144 1759
310 1191
298 460
1392 980
1841 231
961 1392
36 331
1757 1625
977 1304
670 1586
679 1453
823 1201
1619 1263
688 1290
751 576
1370 1854
400 517
82 595
1818 1650
973 1545
721 600
607 904
1123 852
504 3
604 1136
1096 1650
154 772
1513 1793
624 357
193 724
1538 1502
1376 1093
833 490
1414 1098
189 112
1026 1736
713 833
1021 812
980 800
330 1762
344 694
754 623
1428 806
1755 497
26 1754
1424 200
399 1272
467 1234
43 995
460 1495
1419 755
1590 51
92 1171
1271 837
824 1320
627 774
1709 130
9 1041
811 1532
1627 1562
137 37
1271 628
1451 919
258 1105
1420 392
927 1470
654 1147
1455 946
135 1710
1301 744
756 90
1689 498
544 1769
315 1516
1180 1103
967 1210
1062 1501
1697 1150
424 1348
616 595
357 528
895 1614
1601 637
451 708
1131 201
1652 1758
1510 907
678 1691
1261 103
1021 559
661 1053
107 92
75 40
1792 677
1184 1563
859 873
425 1116
1294 1031
398 83
606 566
1197 477
793 557
334 1750
590 394
1609 1341
1508 1012
1540 24
119 1064
329 1145
83 1105
1144 380
279 275
1792 1284
1483 68
1354 1211
685 1497
1274 429
334 207
1387 925
1413 277
1167 1141
1520 579
1853 576
596 1096
1347 1646
1382 181
1118 1720
1110 1208
1820 1255
698 41
1755 1602
1522 821
290 213
1154 958
1609 167
1150 295
1240 594
1044 1573
1583 98
234 1008
737 285
945 1052
637 74
1713 1406
560 1337
1200 1724
1488 473
1759 1221
499 406
1266 1006
181 848
803 862
1132 331
734 1125
870 550
1208 1543
466 537
1334 368
779 399
1288 1502
545 1061
211 1297
341 1202
1093 334
935 138
455 941
1798 1282
1124 899
310 1803
206 251
1643 1711
738 242
1598 1430
181 1297
336 623
1013 710
1217 1068
1537 1729
1492 109
155 985
1362 293
92 1512
786 221
142 739
906 1352
1798 99
1246 601
1082 1351
62 1589
1298 1596
311 280
1830 963
1711 611
1204 1375
23 1389
1338 1705
190 122
1086 1747
1193 315
97 1675
1240 125
107 351
1787 292
93 1645
1554 331
1168 594
1756 1033
309 66
891 1330
1098 1781
1065 481
645 1247
344 304
1417 751
1656 503
487 636
236 135
811 1193
1630 71
969 384
1671 1034
1609 837
1448 1613
1533 1139
773 695
1458 1277
1232 663
143 440
690 1677
1286 1701
1039 53
1725 1279
257 744
1319 1473
774 65
1240 811
66 1096
721 598
150 641
1632 1314
669 159
551 1662
732 356
1789 715
570 122
1034 1699
406 1016
928 868
813 803
482 550
644 1804
1694 989
140 1592
1214 430
1489 223
865 950
642 55
682 1007
1436 1817
583 1580
1455 954
850 453
1479 978
133 261
1518 1668
450 1760
588 1749
257 482
1107 211
1669 667
1416 184
887 1437
662 100
509 1022
1129 1380
505 1407
259 1508
743 1625
338 1718
454 241
12 1185
772 1211
539 1302
720 273
318 514
681 252
1690 925
1253 1518
1518 970
902 898
194 180
1310 1151
938 768
1281 751
494 1517
679 500
1735 1793
716 1054
1468 1666
138 916
747 138
1572 1567
770 1729
1504 1136
16 1511
298 39
1438 1431
1393 1663
200 341
163 885
1629 1344
1654 1498
399 357
560 1499
1239 1467
157 225
866 95
589 737
1710 1293
586 896
1484 495
1258 1586
85 1087
811 1070
1652 1075
1601 793
560 734
1114 1160
764 1491
283 960
403 1551
576 1243
176 1773
1043 1797
1782 0
1824 1673
1462 1364
962 1044
217 1211
530 1012
546 59
115 1737
732 79
1161 1542
225 126
575 1836
539 923
69 1020
1484 1254
988 1415
1245 1211
915 895
565 15
1327 729
1741 704
1332 1527
548 786
473 1498
560 915
825 1450
353 1841
1570 635
1038 669
588 875
1069 1191
1598 821
1171 310
1370 82
392 1233
1425 366
1214 304
1582 800
1713 1152
833 668
95 762
857 1806
1685 1084
1038 1303
162 1359
997 1153
1276 1393
107 1350
1670 524
417 1156
1281 109
294 1515
1683 1766
646 614
1499 1347
1464 731
512 753
1535 352
886 220
1118 695
1615 1343
1593 1621
546 1755
579 918
172 77
265 1341
1396 596
985 170
613 823
268 999
848 1541
302 1424
95 1649
193 41
700 30
158 1071
18 1786
319 974
1478 1203
210 296
1132 1143
523 1759
55 631
276 380
1030 498
1719 1282
1281 100
130 780
979 584
700 106
903 30
875 8
1759 1743
1190 544
237 1302
251 313
591 1299
943 408
327 1478
30 1765
1465 1771
1294 1208
1396 547
63 618
503 1023
1742 903
1224 672
1073 1325
461 491
1505 32
651 1475
1846 691
1761 1821
1337 1404
1853 157
1747 615
618 1823
725 1782
448 48
724 978
861 951
1591 934
1096 525
1752 1737
651 566
1148 277
143 1004
1435 1131
127 1453
551 1751
346 50
125 1613
1626 1721
169 1297
2 747
515 1300
1767 102
26 619
567 1723
332 896
821 626
541 673
314 1521
1412 108
1532 847
962 1304
1051 457
667 989
1824 10
313 1172
1185 1166
339 143
434 1746
981 934
345 1812
1505 880
681 898
164 804
259 876
297 753
914 985
333 693
390 338
1172 715
478 1761
1132 886
1619 121
367 1601
345 39
1376 1158
1544 1429
476 179
161 628
484 1418
480 1565
1587 946
1511 712
544 1611
126 1812
472 876
213 1289
626 1798
1510 611
1170 2
504 67
282 494
975 645
756 839
325 387
916 1017
1682 949
1473 1640
608 105
542 1475
1082 1092
1843 1050
375 1606
850 1154
434 1044
1563 1215
717 554
1182 1399
976 1304
1590 1043
1599 816
968 1478
59 1467
1552 870
1338 1397
565 466
1042 1574
324 1435
902 100
1417 499
267 1221
1353 929
490 1802
61 1645
1493 1232
931 632
1565 1199
1398 279
1678 791
1223 1000
614 1021
1268 984
1053 849
32 1587
1670 679
810 1717
1444 1291
238 1104
220 566
1406 245
170 1581
1262 242
1313 1746
444 263
1135 574
1650 1744
971 1122
824 444
1427 1489
1451 93
610 1394
1723 1382
1212 687
342 930
1833 1160
1463 1451
1639 805
1818 944
1656 1687
637 386
974 624
562 38
1193 1411
1589 637
1683 1624
1211 537
1043 1828
121 466
537 1504
1649 1003
1424 227
1820 1843
698 138
1509 665
1253 98
1840 1154
1108 1048
236 643
751 1358
988 377
802 1063
326 440
236 1549
301 1032
666 1007
1071 27
1284 1657
591 6
92 1236
1548 247
1633 1222
558 1435
1115 929
1802 1786
36 190
198 1082
1253 1112
472 1315
246 165
1626 275
253 215
250 73
1108 1159
1062 896
1443 1485
271 1026
671 1629
1690 1333
728 34
206 640
1121 256
475 1271
1748 1444
295 11
1837 1199
7 1470
854 1535
257 1136
339 1549
101 484
434 423
513 1418
1658 1563
728 1111
1179 1652
40 1803
1057 503
926 694
1800 358
554 1282
1224 1254
1310 1454
1035 1314
1148 1566
1436 1322
20 1026
1560 967
1818 1128
399 1555
1039 496
70 1745
1097 8
1127 1178
307 199
320 218
1356 220
1770 414
1661 700
1115 1464
1779 1010
468 50
663 1117
469 799
526 1634
457 1722
1800 1248
1328 847
1646 790
877 1275
208 1639
1081 147
1013 1721
23 1719
131 1475
1713 72
1795 213
813 500
880 1545
692 486
223 802
499 354
1666 1199
489 406
836 488
138 1494
391 1246
615 1555
1239 131
1227 825
1155 45
763 775
885 253
1377 101
167 1232
1663 1089
50 1394
582 741
162 1056
336 596
1761 1673
1128 384
1433 1025
1813 1547
422 1694
1322 1143
244 256
516 1517
1564 205
712 358
1116 1842
897 995
691 1628
1167 1475
1210 133
826 352
24 1744
501 1577
213 381
1653 1780
1697 1224
534 1199
96 612
1112 944
476 1820
805 1285
1253 249
626 1432
688 1580
417 585
456 589
436 1316
1312 1420
93 1686
1077 350
1466 1039
1184 1202
741 1189
599 1352
1010 584
1515 49
499 1855
1504 350
951 996
416 1649
273 396
42 10
1423 573
284 1742
1589 683
462 636
357 853
928 1263
938 522
671 1790
1686 220
7 1229
1489 188
1026 639
1569 1115
1258 636
4 600
118 388
1270 485
1754 1248
829 409
111 1533
1389 1699
1742 317
1795 636
1544 468
771 442
1366 510
1705 939
1182 1849
1094 1784
1752 1422
628 1303
1591 197
649 980
1032 505
1492 1606
152 911
1499 166
1774 133
117 768
1165 58
476 555
655 1485
682 479
202 221
1272 705
955 1089
753 1828
1205 1590
1486 1814
656 1090
594 765
531 482
1388 1441
322 1243
88 44
399 751
286 1641
1134 1617
1384 510
399 688
70 346
1535 815
1011 1656
1339 529
682 1073
456 1563
63 481
1590 932
1822 761
1831 1391
1640 1492
988 1432
826 532
1825 318
1436 1729
36 270
839 302
1404 1821
1784 917
620 584
520 360
827 420
464 335
919 1604
101 770
137 170
570 1484
728 1338
612 578
1394 1154
355 1609
299 799
919 612
706 1413
1839 98
22 525
33 829
1686 385
544 1784
1437 1545
245 1570
1476 89
1543 1426
1088 1405
921 869
1345 632
1152 1165
1795 295
186 1180
139 1236
78 1095
1080 511
1218 741
413 1680
480 1573
641 1038
1183 1758
1695 341
4 1299
41 404
1607 1816
1313 482
1161 1618
1661 1567
503 223
285 1261
1716 396
731 1843
151 1548
829 534
738 60
539 419
1387 1144
347 676
1838 470
531 203
168 1306
790 763
1544 1334
747 1164
757 1562
1118 313
118 570
1596 287
1316 510
119 117
1074 1672
314 39
706 310
140 544
524 565
1027 1646
1127 16
615 892
707 531
268 945
1118 1821
547 473
100 1076
592 1642
1501 1422
914 1183
1703 1244
1804 1369
1021 1560
1435 1422
480 22
594 1418
992 241
586 1147
1483 1658
543 1379
955 185
800 1576
523 600
429 1852
682 1599
921 1318
1762 621
607 1205
777 262
470 131
673 1610
1216 1544
26 326
353 1607
737 1127
527 1237
1286 962
1738 1115
1450 219
353 936
352 550
695 723
437 1554
650 891
803 1062
885 776
1333 923
1768 1719
1371 343
565 490
1555 1230
779 1585
788 734
979 538
1715 1577
701 876
1784 1237
1200 1510
1699 1697
1335 210
1189 1504
280 1847
179 1441
258 1736
495 55
146 715
369 79
1167 747
602 889
37 1295
1089 415
599 676
1210 136
277 840
839 1516
625 837
233 1467
1615 302
1115 1240
32 1855
1580 1386
578 233
687 320
1482 1634
326 922
774 338
1809 1683
292 1614
1389 1723
687 1397
236 269
1693 734
1312 467
93 342
1239 1765
637 457
1801 889
1667 1647
1032 1471
1671 658
1024 1652
1367 751
676 1545
1531 1384
397 1257
1009 51
1230 1787
369 68
630 209
34 772
845 947
949 1193
1279 1431
639 897
1650 214
1624 294
302 3
377 925
284 1477
929 41
1375 1464
948 469
1615 1154
1042 1801
780 1497
936 615
14 190
1318 1352
1443 1424
682 1739
1610 667
134 1207
415 1618
186 937
1258 1279
702 1230
1702 122
43 118
766 1090
84 7
783 618
880 559
994 1793
475 1000
1012 1673
1794 1054
355 910
1471 1220
604 1717
1215 290
966 87
71 1501
642 1147
1623 347
1563 1758
349 452
1004 1139
752 1488
280 478
624 1496
277 1375
656 1126
1634 166
1317 1059
1496 1799
80 523
448 709
1328 1278
1818 18
523 563
1335 770
76 1618
303 1686
1075 1109
1727 1555
150 715
187 159
155 214
1473 1379
1757 981
1532 469
187 214
939 61
1579 41
1021 1156
303 1314
1389 1315
1244 230
461 1365
582 1671
1010 583
445 1136
1752 335
511 935
1372 1633
1665 1218
410 295
369 929
96 1050
260 138
1141 1675
1518 326
1681 371
1585 1062
665 423
1739 512
80 1552
339 308
236 560
916 678
1221 168
127 399
1842 493
1309 1461
1235 1768
1490 1411
1578 1634
1768 968
1140 1698
146 137
666 532
1329 701
774 1092
801 899
1039 342
1668 1585
239 1714
1463 1521
1758 341
920 1769
201 1580
799 1205
564 475
1524 1467
349 311
1163 789
1286 1496
1803 502
984 273
1714 55
188 387
735 533
656 1194
1635 69
1228 622
1641 1836
803 488
1826 853
924 720
734 1453
1354 150
1335 316
1314 851
1121 716
691 800
506 449
958 506
327 1153
1432 1232
963 423
1535 182
1603 1011
289 505
350 1845
204 115
168 1725
594 1171
35 1544
1005 639
388 708
1167 894
394 1093
621 524
398 480
1195 590
1841 93
443 1002
1366 1264
1303 1574
460 1367
1634 952
720 1825
687 193
1171 985
965 1155
58 151
1542 1131
1450 742
1638 635
749 1148
1445 11
1794 316
1759 864
577 600
1229 1090
420 1826
1014 1431
956 1616
830 97
679 189
506 216
1293 782
473 1298
1294 1661
13 1376
134 1254
1051 1183
1257 521
753 1835
911 21
182 762
787 510
249 1177
115 1428
1248 224
367 1023
202 1631
918 369
104 23
33 963
462 1182
1279 1587
667 1666
243 555
1549 1482
1847 533
641 744
1471 935
89 45
1406 1676
401 1095
55 701
1702 1144
1352 1741
244 355
590 811
1036 1206
842 1385
592 1245
869 1029
347 1375
119 653
1583 328
1775 1407
835 811
1481 1684
85 947
1634 83
226 1362
1315 1189
473 1088
23 1471
837 1447
964 781
861 1451
906 117
572 1075
1626 229
798 609
383 1088
1289 1695
167 927
1032 1577
1655 1178
1002 235
1024 767
1352 1120
1448 1089
1367 1274
1473 1512
646 1646
1068 1753
571 326
1516 407
189 1816
1714 1227
511 1745
1828 545
950 429
209 1727
1585 1478
1119 1114
345 107
909 1420
567 907
1411 423
1509 1841
597 1445
35 1220
1759 1279
1827 1833
1774 1051
196 270
248 1605
875 1164
82 248
455 1635
276 1586
1471 589
60 1218
1232 1047
1015 1582
558 1823
1090 1141
1694 560
242 78
1290 1669
1468 1787
201 1490
515 1212
1193 700
1418 1384
1382 691
261 1057
1125 465
1140 105
254 1798
511 866
64 884
992 696
1589 1382
825 1406
1817 395
1067 1154
1536 110
1269 407
1541 650
107 1520
582 1648
993 1566
1436 3
160 1698
96 1820
59 392
407 104
1126 465
1678 614
592 1444
46 254
1288 1361
618 563
1386 151
252 1821
30 1208
1441 1447
697 1695
1691 1631
1612 419
1807 1322
438 1676
1690 673
795 38
1652 1319
1346 1480
738 1221
1754 1695
184 1244
714 341
1651 502
1464 468
1509 444
251 1340
800 252
1602 216
550 320
1346 325
1689 579
979 1306
622 1276
1821 993
660 1308
238 303
1296 1755
1330 553
603 1130
1763 1003
934 558
1735 952
1383 636
1312 1334
1626 1007
1583 1426
1099 1706
1269 717
444 574
1650 1613
391 1556
1147 515
253 1343
531 740
1764 1002
1326 1444
1297 852
1427 1078
420 1592
427 409
736 195
1339 1541
964 762
977 1189
36 484
584 809
423 563
1270 1601
1144 538
684 1187
1452 154
164 717
1061 976
216 576
740 55
1808 222
327 257
1175 199
1500 741
666 83
1533 308
956 809
559 378
229 601
70 1421
1687 772
415 208
158 620
1061 758
781 969
528 1157
347 864
637 977
314 690
223 936
426 871
427 1786
996 224
1362 781
930 1619
1401 252
1491 1651
1166 737
1457 1076
856 1759
908 376
294 781
233 1646
1768 73
486 885
871 1306
577 841
295 1539
1320 1284
472 1787
1392 1076
940 1489
1162 569
257 410
1173 944
34 885
690 427
1364 1008
900 1327
414 1657
1584 410
1400 36
1102 1671
1013 1774
1557 1411
1478 322
381 786
406 839
1254 1239
314 1054
303 902
716 219
1297 1661
753 612
1089 1268
1643 1107
1724 1398
86 581
670 1399
248 1852
1364 1197
749 614
242 489
176 583
511 941
391 209
1469 1720
381 1461
754 1786
884 1797
1631 181
217 137
554 780
1355 901
1397 1391
335 530
1274 807
1494 1841
1152 642
1549 626
1113 1736
1759 1326
1473 965
1227 382
1158 568
1352 347
517 29
1109 91
1140 1786
1183 324
406 329
704 974
425 1146
1807 1184
11 98
715 889
1532 1181
54 224
1637 1120
873 647
1345 1724
1398 189
478 420
965 1843
585 134
117 1707
1553 1425
1330 1208
163 1334
1120 926
1259 521
1420 1422
1788 6
1234 448
1430 1677
1172 1108
1416 761
391 229
1049 1261
691 1503
1455 1768
1744 1493
1000 1234
1069 174
413 507
0 1500
121 704
1073 362
1023 1525
1509 849
518 1312
1475 1107
1359 927
1428 1131
336 1612
581 396
758 805
1287 622
926 1376
92 419
508 1539
916 1161
862 1499
1525 693
1312 831
402 1400
128 1802
1804 653
556 1752
332 530
1685 649
75 548
1280 1710
10 110
1236 857
777 1487
366 1166
1482 1307
999 895
1231 1134
639 119
1329 1639
684 664
1519 1049
1264 426
794 1760
178 600
1291 1046
1391 1092
585 434
1456 404
79 1653
496 373
1056 950
965 74
1167 1451
762 562
572 311
743 1279
979 1343
1757 532
1063 1375
1150 313
1342 1251
1611 1150
1472 615
326 594
810 542
216 299
1502 1541
1699 1026
533 454
179 952
1570 961
1312 621
474 226
1631 1259
739 1795
1404 1533
186 429
1 1203
379 1342
54 799
1584 1216
1268 1541
905 1174
324 175
178 792
1182 936
198 433
1826 852
1707 650
229 621
1281 97
552 299
1568 1588
1633 938
715 634
104 1732
336 787
1104 580
1216 741
1829 38
583 1029
1700 119
427 769
1579 104
1655 136
1103 1632
1234 1694
367 381
1479 72
346 1241
1503 1379
271 920
1852 152
1575 681
986 1111
349 1849
1839 128
1408 1289
1012 424
1527 1469
1056 279
1806 273
1189 1129
1854 524
952 305
23 1216
1736 1206
833 903
1258 1441
1783 225
1434 297
1416 549
228 57
960 113
1778 1124
1600 164
1424 1831
1095 1363
1489 1646
207 1439
445 1018
1330 347
1014 293
452 1374
1666 532
394 510
231 62
1751 1458
315 570
610 60
1828 483
1247 209
1202 1072
292 1773
1848 410
1758 634
1373 1283
994 920
220 830
519 1274
754 1336
1193 783
1734 187
1699 1583
752 999
1406 814
620 264
473 871
1536 1082
851 826
715 1289
894 811
1840 702
971 1027
427 1602
654 791
1467 454
431 290
592 731
1468 1473
1812 1198
1000 1593
1026 435
652 1207
413 817
517 869
1705 86
958 1744
142 1165
696 1290
1833 696
11 124
737 687
55 1440
1667 1804
430 1217
1040 897
1433 159
472 1379
589 671
1559 1305
473 1252
613 227
1014 1190
1598 1771
1468 399
931 554
1364 807
51 1628
1574 1590
853 1250
1648 388
182 1651
509 406
844 1162
1475 850
1521 1808
1709 1195
1847 1352
54 1529
1057 738
192 775
858 739
1272 378
127 426
1662 123
1003 278
1163 747
755 951
32 932
1699 474
298 89
1751 897
696 1731
1576 848
1562 433
398 184
1140 1817
1710 1717
1785 794
638 299
1123 567
284 193
292 1355
697 1256
625 1765
890 321
92 1603
864 1243
631 477
1027 1088
961 1323
1693 856
368 275
947 394
636 1702
1310 137
1731 1713
112 20
259 1115
942 786
740 651
204 331
1278 739
1158 1507
1706 574
1216 771
726 482
1228 135
83 512
430 782
1493 1121
1494 339
851 449
1357 1492
307 1035
821 1667
1721 527
1538 129
919 1452
1209 834
603 878
1108 1018
463 878
1428 985
1142 1067
691 1310
1563 1642
181 717
1305 1337
165 724
1371 685
353 1832
1403 1557
5 1321
1505 1182
773 1703
1323 1438
657 1097
1036 909
555 294
764 379
1190 874
1596 714
659 269
1790 1563
1326 1518
1753 294
1366 1096
363 1224
730 522
415 805
88 989
1028 1583
800 1365
334 186
1229 1555
1334 340
1621 491
741 1141
1595 611
1466 899
1083 1334
1784 1423
1717 1295
364 1434
508 1525
294 402
1399 519
447 424
607 1827
385 934
1658 693
806 1440
186 25
579 1577
858 348
759 1712
1806 879
1568 1465
1769 1482
888 1619
1313 1340
1793 798
1276 1427
206 715
1033 675
704 1407
1257 1045
1694 1681
707 75
1741 1236
1726 1312
900 69
873 1495
815 98
777 734
895 1611
400 1307
761 1135
1370 99
1142 492
1135 767
458 645
593 1393
1308 221
305 28
1558 101
519 1495
1504 1552
1389 1277
459 665
209 1199
674 361
956 1306
432 173
1321 1268
1007 35
640 151
1330 1683
448 410
684 1087
259 89
1788 794
38 385
642 1840
1142 728
490 864
1347 1599
533 1469
188 1121
1010 124
1092 1079
1419 1321
1523 1848
1653 258
356 1446
468 724
1012 1320
1757 1122
1292 274
1769 313
1596 1146
1559 1006
901 1793
1050 1064
1782 1727
1049 357
257 35
891 1536
1056 763
699 777
277 504
75 518
358 700
1654 557
691 1309
871 705
594 1648
1356 742
544 1770
119 189
657 1166
639 1310
1038 625
1493 1488
710 1437
