518 1046
688 306
302 924
302 1474
1441 995
1262 111
1554 1024
897 699
1029 1524
723 1101
475 924
114 43
1617 1412
1036 1087
1709 1594
679 1262
1608 334
838 1506
1121 1363
1849 571
211 1321
1842 1660
1500 935
814 1778
1532 756
440 1313
1289 585
838 306
515 1784
1129 1000
1199 190
432 914
504 331
166 1179
57 1361
681 226
231 1664
1477 1673
1009 715
508 1010
1606 1156
142 694
1680 267
334 804
1238 975
1039 1579
224 1271
1715 635
1760 1444
585 1179
72 1069
576 22
436 1822
642 1849
60 445
1015 123
1503 1430
797 1040
950 734
1015 769
1548 167
1763 467
234 1846
880 1555
486 50
113 1187
454 835
1664 844
1841 738
549 945
1281 118
952 1714
1492 833
1035 116
312 154
1732 798
1796 1042
729 662
1675 188
861 1600
1512 498
1487 1211
559 1198
1474 1137
302 706
1152 1234
1501 720
753 1200
530 358
586 1035
568 509
1125 387
613 1375
270 944
447 60
545 72
945 141
1485 798
1737 1679
1084 813
1340 1271
1188 517
594 1107
1329 501
407 597
1668 501
184 852
1428 1533
138 1473
1449 1283
234 621
735 1483
611 263
554 727
347 394
1513 1275
1229 205
878 193
428 652
1419 829
1586 447
47 1436
500 1656
358 1197
418 440
1203 762
399 245
791 67
1364 333
811 897
1718 354
829 1719
168 1442
1674 1273
551 1454
232 876
842 1453
582 1625
472 299
214 1288
1728 1195
382 866
1358 2
1411 1731
1552 1834
916 1187
1751 1674
1240 1648
1719 94
1256 484
1424 1688
1593 157
316 1820
427 1241
936 1666
1351 632
1390 348
1002 1843
265 707
1301 1379
213 1656
1128 617
1097 1086
527 1518
1424 287
506 1256
430 1102
913 973
585 482
1773 1641
48 1650
714 1682
192 1153
1202 247
1581 406
110 1537
32 1084
207 486
1002 1320
1370 1501
1243 406
497 195
1062 170
1801 820
1203 261
1611 1477
1824 1310
988 512
1092 1426
73 1025
1558 712
942 1847
1706 1476
950 223
1166 1033
562 170
477 960
237 1194
640 1476
1311 1658
641 1829
754 504
7 836
1095 656
113 1401
1204 219
425 733
1650 372
1098 1077
498 247
989 1743
1252 623
621 211
160 464
1332 881
1773 1682
365 509
811 1788
175 573
1097 1470
333 72
216 898
996 1825
263 326
474 1723
1281 1282
1552 1276
1117 1086
1646 1222
1644 1678
1052 1245
564 569
295 1559
34 1688
1147 1293
712 475
491 1837
455 1512
875 716
338 347
1728 1819
883 836
438 1125
1508 885
548 959
1575 1639
207 72
1725 1292
1084 159
947 1474
1717 237
701 1337
716 273
823 1523
624 602
44 1652
503 1392
1797 1630
557 1727
179 321
1349 222
1148 334
642 702
1454 1812
1290 1091
1555 1847
1061 1796
1267 611
1164 1696
331 1335
1523 1508
748 1789
421 557
1082 1129
835 1374
231 1441
204 1207
1323 753
618 17
413 665
84 1545
228 1207
822 244
1764 1363
1770 647
1014 612
813 1704
1339 35
1507 345
1682 996
218 341
0 1080
958 1423
210 1341
111 668
1330 274
662 67
1258 132
612 902
613 1314
1261 1269
825 581
1778 710
1577 1475
1593 944
1309 1000
879 1630
425 754
1038 846
739 1682
824 1037
1170 1095
54 983
465 1095
306 431
455 1546
225 1476
1698 72
191 1206
494 668
211 1182
1207 626
1302 1495
1238 434
1382 831
142 1275
209 1777
1797 1236
1203 1739
1492 1345
740 1035
1105 1616
1819 1016
513 1397
1078 971
619 1203
1316 455
130 1751
1763 901
1192 253
631 257
1090 510
1638 945
461 610
722 1447
30 1180
1745 1305
713 53
217 439
35 269
666 1484
928 1707
309 79
1110 391
756 1113
140 561
675 494
1448 1147
1252 374
1449 561
979 502
1515 247
186 1158
977 803
1037 857
260 1447
1841 846
929 674
1372 753
941 1836
92 1076
1841 90
939 464
1530 1482
1795 1411
777 1592
97 748
1827 1465
787 973
435 1138
1694 1701
477 1017
1404 1433
314 1476
1201 574
1777 1062
863 314
224 1290
1642 41
780 1805
987 1778
1777 383
1446 860
1057 1339
373 87
1059 1577
1713 312
1650 890
134 350
61 1323
810 262
348 870
118 306
785 690
986 1382
862 261
1706 1350
201 1146
159 752
1573 1174
502 1665
738 517
1768 1585
486 1354
1220 789
921 1309
156 1589
1587 1350
1764 1319
1741 1614
651 1518
746 1741
633 352
56 324
1193 1756
341 116
1104 320
1767 1769
1144 460
1798 1821
1739 1613
432 102
789 329
121 600
1831 458
1842 89
1812 429
452 890
430 120
1797 1448
461 846
1820 26
915 691
715 782
594 784
754 1233
639 510
349 1054
703 244
1175 899
227 194
477 235
394 1221
1231 1402
1394 1608
1011 1210
246 601
148 1671
1725 441
779 675
419 786
1833 397
1630 1065
5 677
1804 265
1285 91
1214 126
1194 12
931 1671
1384 1410
1492 1372
1808 62
1462 925
1744 487
480 26
807 529
643 1263
495 150
610 1052
643 1759
1619 645
1055 1262
414 1030
1722 474
1188 187
608 1402
469 539
916 906
992 1628
444 1341
1320 255
81 810
1608 669
277 512
653 1445
428 240
1702 215
1466 346
1764 332
1596 174
196 374
567 1236
156 759
491 154
1796 851
914 888
35 230
1803 1285
1020 1418
985 1350
1727 20
1277 90
93 84
900 1583
186 124
1064 863
1216 1520
1082 919
599 542
1172 1796
956 1764
1764 1110
1852 166
1175 288
1095 585
1043 1340
1226 584
177 969
320 312
1750 1643
474 1713
1370 1118
316 1408
1128 450
819 18
1572 1365
578 1520
632 217
1189 1103
413 105
1424 1199
949 1160
1333 166
15 647
464 1683
915 592
554 1637
878 387
1819 746
433 953
580 1460
1209 241
1807 1549
418 1454
1357 6
1004 456
1318 1534
779 350
409 1418
224 1732
1064 1378
250 449
942 806
1704 1187
1837 1278
1008 1768
1622 950
219 233
561 1262
58 1165
1121 1560
1297 1675
986 848
556 202
1356 1303
943 265
1163 1470
1367 254
1032 587
1665 674
1695 1620
1806 1357
1231 1762
1423 1168
987 697
1314 91
1411 1005
49 58
1667 1270
1446 1606
1849 737
1114 1722
1843 472
493 1769
241 127
1102 989
1190 1357
667 1573
1064 548
802 1198
918 1551
1374 1047
718 383
1168 618
653 1332
265 12
1613 1742
1208 297
1590 223
882 1016
1013 1558
1817 222
201 1791
349 137
1773 512
315 1127
35 1586
1078 864
723 1402
863 1083
353 36
1573 308
353 310
1500 591
491 935
886 1405
926 456
1180 1302
1539 1535
854 923
979 513
335 1781
704 1043
1235 641
1098 735
734 1468
469 1846
134 322
1847 1703
378 1471
850 1283
511 1105
1252 1825
1841 66
51 388
30 1809
698 70
514 83
325 1798
1113 541
659 1626
1511 1221
640 1317
1447 113
1201 663
1213 458
117 1292
1203 1599
564 1133
1545 1204
85 736
750 964
684 1437
1669 239
824 1477
4 1571
1404 562
973 640
410 588
1760 1072
1460 234
1269 1120
1762 1724
907 505
1406 634
46 1637
1336 960
1254 42
1167 1354
704 171
1387 494
64 1477
155 931
707 571
9 37
1074 1392
1064 871
237 1785
1105 1307
936 1034
644 1025
815 1389
1477 13
1276 1189
1680 268
669 76
125 27
70 509
470 1739
485 480
400 1380
1552 1262
392 142
1766 1842
370 1235
373 784
1748 1364
870 52
896 701
802 453
1800 943
255 774
757 1055
459 912
579 1095
163 1654
312 1836
1852 924
893 1074
179 1502
1356 1540
726 1496
1619 442
837 373
1360 1499
1008 1015
1044 260
1059 250
286 913
394 1507
1643 1198
1829 592
1349 617
1549 1367
1015 1317
535 719
1472 756
680 647
799 213
201 1679
1548 529
554 1241
1336 753
717 1793
1800 401
1688 295
1544 1844
1488 229
735 246
354 311
609 943
1843 233
859 1529
245 1568
1098 246
1828 1199
1855 641
1238 1513
1247 1749
324 1588
806 999
653 1573
637 682
1493 1558
1268 285
1090 579
518 504
184 1081
1071 262
1103 260
673 816
1533 884
552 738
103 36
1200 751
1012 775
312 770
701 655
374 990
775 642
1275 1714
695 345
959 236
824 379
569 1285
1516 1686
929 1818
319 735
1348 289
956 802
1320 122
936 702
1583 36
944 1585
1315 478
611 1203
1683 182
724 32
461 1837
655 1704
533 1849
1699 1008
1391 501
1171 1706
1034 106
1165 1073
1784 1276
1637 1041
1316 531
1707 238
1841 1148
798 886
593 996
7 1066
980 122
936 218
726 1254
463 618
106 1668
1217 1647
1749 1591
1551 748
512 1284
1446 1656
1420 376
1528 619
1558 519
779 606
886 1641
1737 1689
1086 1316
508 1267
1029 1807
1187 387
1344 460
306 1523
740 1533
1777 414
367 1777
1312 158
1031 1447
1552 37
477 1664
1817 897
713 723
859 865
1346 1785
755 867
667 1093
1383 271
836 1658
231 953
1474 1212
1080 374
966 263
4 1099
167 1457
1350 1005
270 1283
917 1784
80 413
1840 459
1776 1600
455 1663
1587 389
155 988
266 329
880 1033
367 1404
235 1031
206 854
1106 882
1277 1563
1464 596
1404 866
1094 243
320 980
965 1595
1699 1039
938 849
1507 129
1570 1362
1204 645
1799 1040
796 623
1239 74
1063 237
1122 1802
555 293
1621 964
1207 1093
430 74
33 1074
1844 504
945 1264
1333 963
962 1628
1000 104
1010 381
1748 426
185 1494
1136 173
1375 422
419 1475
27 1440
1388 130
357 1852
248 187
210 1187
114 1587
1459 612
1767 105
672 920
1616 1689
701 1204
1647 1601
204 795
581 1672
1585 1495
817 217
1750 35
0 342
1177 662
1118 459
1735 767
615 1184
1450 1341
1843 1142
1374 1758
1111 1462
165 847
1173 598
755 484
517 271
449 1768
1461 838
1645 240
1221 1413
894 1453
271 888
988 204
453 1126
531 315
1303 1272
1083 5
859 1364
1262 1191
553 1545
753 1305
1608 1550
595 1462
3 1048
422 1339
1189 930
223 706
1227 1837
209 1193
1244 824
894 598
1194 197
85 1699
1065 1125
411 1497
532 87
120 727
1302 633
868 1010
1704 1786
1809 1728
322 1346
828 283
1412 10
407 1784
631 1316
800 1113
1365 995
1631 366
509 1325
497 875
778 856
1637 48
1250 1746
706 541
111 1102
1011 247
1489 776
1372 1751
442 716
1815 1121
1768 395
926 1401
105 965
1595 1213
115 93
495 1146
1594 1349
1374 1293
1128 258
347 1237
548 1607
828 1412
1608 505
393 1135
187 1747
328 1189
740 1329
1589 1847
189 1125
425 766
11 442
1335 343
344 1237
1495 952
964 245
1361 1783
1399 855
1310 1023
545 230
1662 534
816 36
1553 1260
802 521
1464 262
1072 1103
20 690
899 62
202 281
1453 260
666 72
1625 129
1696 1664
619 1817
925 1812
1661 1812
339 101
475 1612
1318 658
1355 1800
777 653
1145 587
1502 1813
1673 1700
173 1595
108 1095
1002 1771
432 930
1842 1029
578 1282
1659 581
1369 1049
1597 964
961 1570
1669 840
563 1489
1547 851
618 1484
1723 1292
993 474
257 400
205 572
1340 1561
663 892
1721 326
793 1004
1338 1434
1584 235
62 1745
538 673
1300 705
1248 203
1538 290
1342 314
1768 1281
1280 485
1291 615
674 1548
85 1607
540 1383
1820 1384
711 949
1689 1731
223 1219
594 538
743 355
608 776
374 1677
1635 362
1586 1765
255 704
511 1828
370 562
624 1751
583 939
1257 1059
832 445
660 1323
1110 891
407 1570
1646 624
1612 390
1525 1771
436 67
710 1226
1753 300
160 1286
1651 945
1522 485
1130 1692
93 465
981 855
352 237
1095 328
438 910
807 331
1547 747
631 1380
381 954
1803 1815
1398 1142
1407 1384
581 969
1841 866
167 1307
1817 820
337 77
393 1454
331 373
1284 91
638 772
1531 411
288 892
1029 1774
160 698
758 203
1031 752
720 863
272 702
1772 1414
1228 123
881 1455
860 87
1025 769
1437 942
277 1398
1598 1326
850 1342
835 1162
1686 15
1093 1044
1417 584
1355 1773
475 770
27 1615
984 832
1734 1017
798 1729
863 343
853 1057
1731 400
694 1613
597 345
781 1704
1523 1052
1673 1667
968 362
795 393
1714 1424
545 471
350 1317
1442 402
708 1486
568 564
1400 1514
294 1608
1698 1132
1348 1359
142 119
176 1103
504 1367
391 1368
986 154
1477 1815
613 998
102 8
1427 112
653 879
1278 218
1083 1169
100 1336
1449 947
253 660
691 1465
1287 631
989 86
931 941
18 715
453 1104
1096 1826
1248 1766
912 1638
244 801
619 631
964 218
1501 333
1092 1822
315 90
681 895
1485 541
86 223
1220 1756
668 845
1476 1032
854 662
1574 1695
1795 803
1026 681
1689 1732
659 1485
1460 165
1854 1077
272 1335
704 145
1415 1364
853 1497
433 377
1034 200
639 1280
1271 29
1007 136
616 1204
475 259
593 1832
581 506
1069 976
312 835
533 682
1617 1743
3 841
1049 805
1337 7
122 321
60 1817
1754 882
59 1810
506 1426
190 574
205 520
1745 1078
499 61
1239 1790
1365 6
237 259
24 955
390 1785
1768 842
707 1601
791 1532
1132 458
348 1054
917 1482
1054 1410
1199 469
593 1372
297 1737
88 562
177 553
641 330
1329 1133
1853 1093
1115 1028
1017 1267
776 70
1332 1001
1771 893
1505 1142
124 877
1439 259
1393 526
1262 1681
1392 683
1572 856
681 1793
1023 687
728 862
834 1367
1078 1504
804 1024
1659 72
329 176
331 378
1283 1190
1412 43
1288 1763
859 1152
1801 1078
477 205
617 874
673 901
830 253
1236 1612
1193 1223
1294 1448
1076 1227
1388 1838
97 156
1703 1006
1447 249
995 668
90 565
1549 1598
1016 779
910 495
232 1289
1673 1565
1438 1422
45 696
1148 1647
1345 1197
1402 317
306 1696
1112 110
1021 1286
655 1448
232 494
308 286
1430 1144
304 1467
695 1258
1271 991
445 1002
1610 1198
611 807
494 1780
1681 802
714 283
1662 609
1058 1047
1823 3
401 1070
915 684
362 73
1352 1696
1779 395
1490 913
1518 219
596 556
1761 529
399 636
1735 1573
1791 80
747 373
638 1642
1118 708
624 1382
1631 560
1603 628
1686 656
432 1310
1004 866
1760 1032
1399 409
1314 1248
1549 809
735 801
415 870
1526 431
1643 407
129 1841
714 284
431 371
1315 715
1204 372
665 287
139 183
1267 1809
1326 466
555 1445
1003 708
1626 1451
1299 746
1589 1201
1320 1002
1319 1258
1821 730
1695 1656
1230 1265
1328 866
347 313
77 801
1509 1143
1380 1095
889 1044
1571 273
371 587
1663 9
813 1339
396 1828
998 127
1312 1378
434 855
1562 805
263 1689
1184 1203
1359 817
486 651
1669 1190
1715 980
1730 1084
104 415
415 945
1333 1435
630 826
70 74
1484 521
1685 1178
673 546
1557 646
755 780
1816 1274
343 1086
1825 1149
1413 860
875 804
1532 1116
150 597
1729 124
1495 1060
1796 994
1529 1257
1351 370
1318 1022
88 219
1408 55
1538 284
1669 1553
1632 1197
804 777
109 232
1445 643
1231 510
1028 1461
755 1158
619 791
337 521
1222 1020
1586 110
15 234
230 1575
165 1822
1277 307
13 766
1615 430
160 1375
1411 631
1667 1750
439 1449
810 1290
938 660
1641 487
979 503
1136 1850
1053 1469
1714 1023
903 1363
1082 1829
260 1344
1635 1185
1678 1033
1121 247
1509 914
1063 1491
1775 770
932 1084
1622 1289
408 863
729 873
1729 1189
412 732
10 474
813 179
1741 1818
173 1423
1176 478
499 760
1135 599
1136 181
651 509
1075 1687
363 832
1205 1487
834 1501
1635 402
330 1646
1239 826
53 1231
963 1047
116 1201
427 21
318 871
1791 1634
595 875
159 721
162 1313
1714 70
22 1596
129 351
474 194
1071 1177
1378 1168
872 835
445 81
41 1785
1296 785
639 341
1588 1175
824 1613
590 1181
1537 647
1537 412
1362 1028
258 1539
636 226
1366 702
676 1339
1397 480
364 660
533 1161
1084 1176
713 1118
411 1326
1490 1301
1251 891
342 870
1005 806
1600 739
1778 266
1213 327
1219 842
124 321
1134 959
826 457
1695 1087
1722 288
1226 1360
1714 59
1506 1256
564 586
974 875
266 1577
271 1297
1314 857
1071 1028
1729 1732
1297 1592
1493 1680
1830 1173
1194 876
625 1677
287 1311
1051 23
478 263
446 1107
1251 1500
307 423
1181 341
388 1214
1821 335
1813 1610
1040 1728
721 1792
937 498
309 967
1068 1657
361 587
1402 1745
1574 962
1 1737
861 174
1660 1721
1315 260
1235 237
898 1420
1070 1354
911 206
1697 1597
359 1160
1165 1792
382 1130
171 1620
443 1648
66 1419
451 1178
218 73
161 1103
731 486
954 1073
360 1158
651 548
1447 374
687 1457
1746 403
803 913
1002 496
856 37
1522 1301
1063 471
280 182
1363 1400
1452 612
402 1063
1603 1367
73 1344
1065 738
940 442
921 1802
1505 1665
1179 1266
975 1336
292 1397
266 825
619 487
1127 126
168 1435
496 1123
99 788
1482 1758
1615 1109
574 287
380 875
219 88
1416 1308
314 1132
1490 263
474 749
338 991
352 1547
37 69
981 1332
1481 454
1270 551
595 162
598 72
1303 32
1548 393
1706 445
290 537
1467 688
1204 1430
1686 331
370 621
1261 106
1325 630
1147 540
1518 1361
357 467
1439 148
591 736
610 1322
195 1195
1744 379
405 81
348 1484
1616 970
206 1615
704 184
1570 193
1211 722
973 1660
766 1753
802 856
1801 1565
413 1607
556 1778
754 570
3 837
1090 1755
1130 105
1340 68
525 1687
922 212
1315 61
757 817
1799 411
525 36
1229 829
1852 1648
1186 1486
589 1197
0 1536
1538 784
53 526
1065 1670
479 1418
297 245
1492 1683
252 722
1003 1111
1407 1373
1729 1045
566 221
1545 956
1085 38
1256 1848
1570 1378
57 637
417 1091
520 441
1354 539
361 1528
986 521
1382 1596
124 291
678 1619
1616 1653
1789 739
517 282
1741 416
485 581
1446 534
1111 1140
1437 1840
139 1415
1062 1353
1134 328
1052 1305
1326 1559
995 855
413 1398
1640 603
1720 831
323 444
1426 1632
1478 1608
613 221
1495 938
1092 1285
1288 39
294 1703
1140 1825
419 1433
445 554
104 86
855 1793
1410 1154
725 1799
1216 586
1020 1563
256 1583
880 1692
1340 1120
1550 859
1050 421
1066 975
1790 1604
1122 512
1627 1840
617 1445
1219 201
667 1369
793 703
1478 873
126 1069
140 453
1007 608
1186 1335
1643 530
1705 1796
1230 531
1767 31
1660 372
159 1087
4 1091
1692 1722
198 1797
773 183
983 1653
1373 1017
1712 1685
411 432
1183 820
1505 784
308 1784
131 1097
125 1000
346 660
742 1200
55 776
129 1334
1229 543
1287 1601
1078 704
818 1622
865 1442
609 83
383 1039
664 1659
1304 92
1661 1210
265 745
112 1793
1413 189
904 145
618 107
1464 1132
1096 1164
792 934
1298 1432
719 333
344 175
972 1327
131 1489
1208 560
1397 1852
783 1087
598 628
1299 100
1033 782
596 467
1285 597
828 1825
959 659
1809 944
867 1755
711 246
1226 993
1420 1438
425 1090
245 541
250 558
661 1040
835 1371
809 446
1684 1316
1801 474
1794 1787
1851 1432
1639 1461
904 180
1468 674
149 262
1139 118
247 1294
188 706
653 134
962 1239
440 1309
1825 1242
416 335
888 349
825 1261
9 1373
1729 247
684 1838
1277 560
1262 1754
6 1360
669 996
1501 619
119 456
868 1721
1109 44
518 1274
1840 158
1770 627
1722 1508
1050 1132
1428 990
817 1633
1525 498
1006 1622
1643 774
91 916
662 512
807 1217
1736 48
184 1241
969 414
1656 1556
353 940
483 1298
571 1379
148 179
1850 1240
1604 654
206 1397
440 981
1635 369
1561 1680
16 1515
586 1562
891 466
1846 947
109 1361
612 647
1543 1588
1796 967
1032 109
605 1648
1731 100
1445 1713
1628 831
216 766
444 1129
608 723
1299 1396
1523 1757
341 1415
170 1468
1174 1124
1522 1488
274 146
669 1017
1839 804
1844 869
1147 1390
768 915
443 626
539 1150
1611 188
456 1077
361 1390
994 722
957 1390
945 1313
781 473
720 1585
528 1513
523 1002
400 423
1249 26
1336 1241
759 969
893 532
864 409
909 64
967 1548
1620 1669
688 1846
543 1404
1421 1197
755 1579
1468 391
970 795
1705 739
432 907
1264 1330
1383 84
590 302
1452 985
261 860
1812 577
1499 1836
152 140
1315 1771
1398 1739
450 1145
1697 1560
859 392
431 152
1666 467
1756 1414
137 1524
75 1502
1491 248
833 1499
240 415
174 733
160 1760
1420 1419
989 697
701 867
1729 1455
1514 153
616 1171
1499 136
979 1026
325 565
778 1441
1724 372
602 599
998 620
1562 1238
1242 930
909 1082
1281 86
1130 1602
1185 1014
739 713
1807 389
805 1038
642 205
1514 863
1567 49
436 847
926 1217
321 576
1572 688
1771 282
1687 1753
622 1018
832 746
1487 1350
205 729
483 860
1411 793
884 1757
1384 1145
80 1173
758 817
636 1406
1170 237
1397 725
49 1328
1624 972
912 12
117 1362
987 226
1293 1462
1438 797
1499 649
1153 768
37 384
1204 1851
1328 1811
1736 364
343 172
1481 840
1197 1154
1018 295
226 1381
762 1791
502 332
1711 1265
1806 1209
348 1459
1382 829
1602 925
1674 364
1290 1416
1355 133
1226 416
821 598
868 1745
1824 1839
1577 449
621 660
1522 6
1497 1740
238 836
206 482
1566 1457
10 385
385 1222
1485 871
1033 1844
1222 1657
1385 1289
1650 556
77 966
1682 275
1292 428
1645 189
1199 491
209 647
1437 408
174 1346
1139 750
1826 835
994 749
927 1358
265 35
1330 1846
185 1141
1660 492
1367 371
47 123
598 1451
1806 535
783 554
1485 737
92 125
680 315
1403 1846
1179 915
918 1671
585 1418
1198 1609
1430 346
1572 1113
645 1433
340 660
1528 1014
1303 1501
1667 1301
545 1576
1603 627
573 864
358 1398
1191 888
1532 452
477 1207
448 1812
1437 1236
212 1651
1709 7
1291 156
302 1019
615 1325
770 1824
798 1138
602 845
741 281
1074 1353
1289 208
533 442
326 1078
1102 1721
1126 1410
664 537
1730 791
1165 208
912 1451
864 798
202 559
42 514
624 1745
1524 213
1750 485
1823 808
1113 1799
1372 1042
506 284
602 766
989 319
1256 442
1066 1118
887 525
19 573
977 566
504 1435
1139 970
633 449
4 116
436 952
866 1738
335 1322
671 54
538 1407
1663 286
1296 990
735 1762
990 75
482 1331
588 324
1491 958
688 1475
4 773
1131 1644
203 320
121 1050
478 87
124 550
1613 1354
399 1703
1852 817
743 598
460 1795
36 1365
1206 1195
1580 1085
1363 994
10 1721
888 462
901 1818
949 1128
68 47
1711 517
1329 833
312 140
739 319
37 266
1533 351
530 1643
1203 249
1485 485
341 1079
277 179
1708 1055
1301 18
1472 62
1592 1044
1761 908
755 351
1746 1264
1459 1107
1838 175
1370 517
285 1104
99 988
861 998
1167 662
1735 623
1182 1328
1727 1438
1825 435
1802 1072
864 560
775 1842
1446 196
641 1661
29 1025
696 244
1098 581
1695 658
897 1158
833 1573
260 317
1488 1531
341 284
888 1078
1466 1303
251 1355
386 1622
358 371
646 916
867 112
444 222
1525 1473
853 367
1096 35
1292 184
117 1666
1278 1361
1248 445
1077 232
1164 935
1138 1280
99 384
537 477
1051 1082
773 136
1662 1331
780 976
263 956
207 968
395 800
1142 1252
1173 629
118 233
761 1572
1835 1235
615 1013
179 1044
483 1600
1323 1316
984 1362
1080 1115
1207 1626
1744 1072
1559 1127
1177 1497
172 502
128 1233
35 147
1825 321
71 169
1300 1685
698 1346
9 250
1181 1363
864 1074
575 1249
127 869
519 301
122 1348
217 1352
805 582
1467 1735
643 1041
1094 1368
762 1265
1230 97
700 77
160 585
1846 1169
478 51
1695 365
367 1834
1558 358
1687 1515
1364 1756
259 1693
1145 1090
1528 1633
637 790
44 1168
1137 642
1151 1566
758 1795
551 447
1064 369
1704 159
877 1778
775 633
550 1521
540 524
506 1571
610 1794
1068 1446
707 858
711 750
409 957
449 1736
964 869
873 1210
929 494
1498 174
1149 107
812 447
386 81
1610 1230
1482 442
152 115
1562 45
406 392
1771 1833
1251 1730
1133 556
1294 744
1448 1522
105 1555
240 394
1464 742
776 1037
571 1058
717 538
1330 1829
327 345
67 1483
1513 1171
1363 1014
558 302
925 1641
1620 569
1134 93
171 419
832 1795
1146 546
576 194
1761 456
1627 1025
1226 1422
1102 73
787 1737
1296 193
563 523
1185 1120
228 1475
1137 555
1563 895
798 342
764 773
1076 377
399 1709
1301 80
1371 54
956 150
12 737
375 1532
1625 1471
1408 1086
503 1516
1378 796
224 1655
119 920
753 754
244 1049
828 1746
1173 725
212 714
1014 1078
687 656
1446 1284
753 196
1824 1827
1628 130
1350 709
1521 1722
1530 635
1461 1187
744 1698
552 1037
290 1738
501 1283
272 971
1484 784
187 1532
367 42
496 11
904 701
68 1777
192 1200
1305 683
758 417
15 891
878 1461
1227 381
1323 1657
895 240
459 905
413 248
1043 81
489 1189
1694 243
4 136
189 445
1588 174
1019 1149
1614 1554
1414 1602
1395 406
1665 1506
1770 278
483 903
1848 696
264 361
647 1629
1363 200
888 312
1540 51
1050 759
1158 303
1309 1640
529 849
1208 1334
546 80
1256 638
1055 1574
1321 196
158 840
1479 122
630 596
1369 1757
1156 831
1792 351
454 1554
65 1468
340 154
1720 904
1577 1245
276 410
1379 145
946 255
1645 108
575 97
842 840
79 26
1481 80
1135 896
471 1512
541 335
467 633
239 226
221 139
430 468
1623 1469
1364 157
526 1166
567 782
702 768
370 42
1030 855
1177 1420
312 1272
1393 847
1520 231
1582 71
451 1802
1221 642
224 141
920 1074
1429 1032
1501 1557
1242 705
534 29
91 17
27 580
532 1378
824 18
571 565
351 588
1458 1244
521 275
160 1716
865 960
1278 696
949 936
1079 785
1201 513
1185 1462
1702 587
1456 117
402 1107
108 1397
986 912
1343 1139
218 955
343 1235
756 1799
1687 553
460 1804
1480 143
811 1366
787 1812
788 1553
1481 10
59 1325
1192 1330
37 405
1640 1119
168 150
1215 378
1766 676
568 145
1142 1534
754 281
897 56
877 590
1581 100
631 1338
63 1603
665 1445
876 406
919 1702
172 680
697 1832
16 1073
957 776
949 1572
775 1167
663 53
242 1491
1308 1109
1716 134
1672 241
771 585
1039 878
571 533
1229 1378
1738 1234
613 1668
796 274
834 144
175 733
1382 1004
1503 511
1302 1792
716 1369
218 1085
233 602
151 1289
1329 1031
881 1145
1846 513
1452 1785
1712 1318
857 398
1467 441
1458 499
1455 1746
326 191
432 691
1584 857
543 136
324 308
976 1
1282 636
160 1329
1389 1674
543 830
1294 385
1126 755
1617 1703
903 165
757 791
1724 636
1151 354
1345 1520
493 1393
401 1625
1789 1216
282 218
406 1252
401 849
522 58
278 1412
1381 282
1233 931
104 506
1487 515
448 935
1696 1124
605 1274
40 759
109 1000
868 685
1627 1081
1496 1202
1304 1355
482 1260
403 1058
307 1641
1043 663
470 1825
542 204
21 155
984 980
587 1004
1671 82
1686 933
763 1256
215 465
1509 1113
565 1802
634 1408
51 1658
1278 1082
78 894
1025 896
183 1387
391 47
1794 1106
1347 1525
1176 1063
571 786
292 1803
1454 1573
1803 354
1647 2
513 1798
280 1793
744 12
1270 1472
610 1740
110 1124
1088 917
1771 1022
1279 469
417 735
67 1642
887 1369
1417 275
1363 1407
1049 1271
818 757
1359 685
111 880
1264 335
176 606
81 34
1238 1466
1632 934
1752 580
590 1125
1606 204
1800 1521
1079 241
1033 497
1523 1184
1248 713
1545 1780
94 1761
327 1740
1508 1284
1140 59
1035 222
1483 579
326 717
382 279
1381 994
1480 1456
896 1615
772 351
378 1612
653 376
1040 407
255 1124
1666 1211
1852 1620
660 1175
1117 1276
537 1663
620 1689
846 1023
169 1751
1013 655
636 437
1523 1032
812 676
156 969
1297 697
307 1229
763 1749
1847 661
252 1349
550 1145
88 649
848 1365
332 1188
916 1441
567 333
1391 936
1274 1086
1751 1327
1007 1842
1715 965
1633 1068
1494 1163
1460 32
739 757
85 243
17 183
1379 1552
324 115
320 452
1593 1604
768 1443
516 1340
1252 634
808 1287
1215 1115
807 343
20 1612
672 696
381 400
1009 1373
78 507
1253 1373
970 183
832 1390
119 1245
1669 1487
457 526
819 1853
1111 590
1462 638
1061 289
487 1165
1239 1579
1541 462
336 142
583 1446
407 549
37 1670
494 601
1791 1554
217 1723
483 383
1508 1623
1035 438
1605 1671
1597 1536
1425 321
773 1346
481 527
1770 1459
471 1463
885 903
1359 237
863 420
938 974
1768 941
124 1087
490 655
878 1049
501 1375
1667 393
666 1724
1512 594
1403 737
28 93
1785 51
238 148
1208 1583
392 1405
520 780
1034 274
118 1137
772 431
1206 1450
1718 319
615 1403
1178 669
61 93
623 76
1249 1339
18 1384
729 1679
1403 644
1055 800
55 1773
118 586
1628 1793
50 72
1463 916
290 631
618 666
1635 367
1406 119
1354 1196
1622 566
237 1130
1124 1476
12 661
854 239
640 452
795 1477
1658 1836
242 476
338 291
437 854
1332 306
437 426
1172 1164
204 14
1111 627
428 1514
896 1474
1265 195
1356 1130
1190 126
352 1565
1258 583
1818 1807
1321 1345
184 1405
689 18
242 1710
1532 357
196 238
1613 11
1263 27
655 135
1033 118
487 278
819 338
873 724
1841 1056
1437 112
180 1436
904 1272
1427 277
357 873
379 1695
1267 195
51 282
1647 1788
1832 1308
1643 1438
1822 882
803 1260
1433 1829
415 1689
805 361
645 918
1139 54
1839 548
87 121
456 669
224 595
525 803
156 1175
237 1062
542 1850
1030 272
1795 894
1034 1384
1201 1668
1481 474
1304 1656
825 218
40 692
1187 465
546 1839
881 1667
1253 617
1393 41
578 118
1237 1588
786 88
1632 1664
760 365
1319 5
204 254
1041 506
947 516
1004 1105
1077 447
1724 448
1723 988
266 1643
1406 1835
422 32
300 687
1490 1801
1807 1166
1038 1581
98 897
1196 532
1125 1395
468 550
228 728
1698 1015
553 654
1774 1593
964 1189
345 445
208 491
1741 1096
313 1562
1812 1596
1073 859
541 264
310 838
727 1319
1122 172
1292 1083
1775 247
1234 1219
1539 1562
1377 1475
799 1445
209 1257
1173 1698
1203 1375
566 1139
718 59
398 1378
548 1105
1246 205
892 156
1698 1341
935 92
99 611
308 1773
1031 1656
1539 270
1206 881
1469 1068
163 387
270 40
122 81
1548 89
1377 1200
1351 921
155 1696
57 311
1829 1002
1153 473
1539 1000
1786 401
747 1208
140 620
1750 1307
1712 612
1165 379
1088 66
229 1225
1266 1360
1779 650
588 298
868 954
352 1004
1740 1421
129 942
1563 1493
150 168
885 630
641 944
1470 1090
464 674
1502 724
558 163
373 1480
1221 856
1815 841
1625 582
1389 1686
388 303
1568 1491
370 1718
652 705
134 1543
1793 38
539 1290
1614 1738
616 457
1472 299
1200 935
945 107
1154 1551
1416 233
503 133
1324 851
262 1452
309 1321
1310 184
865 365
1487 1362
30 497
1278 1815
1713 1622
754 1165
28 241
298 1067
1336 752
1151 402
491 714
672 1669
1230 1686
711 748
642 1665
367 474
164 722
1668 760
517 815
1037 617
1203 888
851 1793
1587 1670
743 25
478 1245
1403 271
808 1785
1582 344
921 1208
90 515
262 890
293 545
1554 1402
316 148
645 1526
426 1582
880 504
1 803
1215 969
165 159
138 378
1237 62
303 725
1281 90
361 612
128 90
945 835
1334 439
724 1679
890 1371
1793 539
38 313
1224 1849
369 602
374 213
667 1415
296 880
1291 266
1683 333
1669 583
1235 1501
1815 599
358 1553
1284 94
1394 1526
469 186
1346 1515
967 199
1468 755
761 895
1184 466
1619 1123
1694 353
248 281
1674 788
1040 324
1405 453
1225 916
1627 119
1091 1712
1537 1380
596 358
514 619
1184 1409
314 817
1639 1847
1816 355
1768 206
1126 839
279 731
469 794
594 941
1540 81
1471 659
1379 381
1780 882
1142 910
470 478
673 427
1073 328
1116 293
552 739
989 1848
1173 1291
1462 1012
114 360
1129 414
1179 1118
1690 172
429 112
235 896
1146 1202
405 1206
1071 349
624 1214
886 850
1021 396
309 24
1045 1716
1262 212
77 211
190 248
1519 1713
151 314
925 571
1522 1088
1207 1550
67 1148
1018 1251
875 834
868 482
525 660
1207 1690
363 555
1341 773
87 774
1668 1851
130 1413
1121 1581
271 35
1777 1233
1401 305
1399 1673
172 455
80 219
801 1111
1839 987
329 396
254 601
143 1322
1217 1251
806 262
868 727
384 1161
130 635
966 1360
1038 1525
1540 1460
1109 182
1477 745
947 505
1245 1630
1270 267
327 1758
814 1640
1402 894
1089 637
564 1738
1310 1219
516 1356
1016 1024
1845 692
1100 1365
1221 119
1642 591
40 1780
965 177
732 90
211 347
929 691
1682 282
281 299
907 1294
36 789
1219 991
291 1622
331 1774
871 706
1702 441
267 1100
1752 271
1304 1736
127 777
364 1340
56 743
1401 111
1379 1235
1497 1171
1467 1398
151 427
1540 417
31 421
1410 504
1848 1447
926 1043
501 307
741 1750
182 675
1850 458
738 91
1103 295
502 484
1573 1282
421 1725
580 1393
1194 1757
1547 807
352 1747
1756 210
1639 305
572 435
1707 1040
864 1599
1145 1522
100 430
926 1494
8 853
1131 944
805 50
547 1356
481 1440
1163 1315
263 1084
218 69
1031 162
1301 805
1177 84
1772 1545
196 1500
1073 774
1040 1840
404 1429
465 753
1115 233
1389 506
913 1679
979 952
1578 385
727 1817
324 621
254 1704
279 840
1792 1279
1147 356
948 1320
1763 1411
1724 676
1105 319
41 317
14 1759
26 129
15 882
1508 837
523 42
939 225
740 1130
813 1330
983 852
1021 315
1091 601
137 1034
666 278
1676 752
429 1419
678 360
1364 988
443 294
1047 733
57 1092
1162 865
29 1395
546 1077
687 1462
496 428
1214 652
858 809
893 1721
1306 830
1744 1456
1117 1311
461 1169
1805 522
1578 1691
980 1766
1372 1200
1239 1629
898 899
940 1394
1760 421
752 663
1579 1122
875 726
1435 1760
1392 89
235 931
191 971
1034 1449
52 1645
474 1622
7 743
451 712
676 251
337 1197
614 806
1502 1522
189 144
345 1266
980 1163
1276 241
92 27
577 299
1638 1567
1695 781
1044 1427
764 954
1385 500
800 169
1570 1761
1374 1527
1163 1745
1825 109
1662 190
250 947
876 771
136 1592
1541 1315
588 482
316 1690
304 44
662 771
396 1625
799 898
696 212
191 450
955 1571
1763 862
1462 1682
1651 1377
874 1576
302 1374
1350 1354
1433 1798
1046 87
504 1683
1758 991
1158 946
1804 1337
396 15
365 717
1018 1508
1391 1674
1031 1184
1095 537
757 831
998 303
785 83
1779 445
1524 753
152 193
1012 1400
613 1664
725 1096
1850 1072
1085 1117
414 1649
1111 1741
417 567
1648 111
1693 62
694 1064
413 609
1314 1522
1106 1344
1332 625
771 1721
1250 952
878 1333
424 1135
587 239
864 1348
1698 233
1691 707
50 1034
1059 739
1429 1391
38 1363
1792 1408
911 1294
1372 1841
409 468
606 1105
1060 12
1407 1567
324 1191
1209 939
232 86
135 877
765 346
535 27
1745 1027
1715 1404
23 375
35 1109
863 905
1363 494
1435 742
395 1396
180 161
276 1573
1188 1529
1080 1428
1575 379
243 719
85 1848
750 1703
1568 447
964 633
1224 83
987 1295
1853 954
269 59
1560 989
1355 1177
523 326
1526 924
974 1679
1687 732
937 959
887 966
1638 1844
733 502
1057 608
556 1637
799 550
535 1128
962 553
1651 1553
1765 56
53 1582
871 12
29 937
1762 886
840 1165
1707 1053
1379 101
254 1043
1071 1797
1241 153
1047 1713
303 790
380 694
1211 1254
301 755
1417 754
1604 1227
1764 1484
1480 1309
899 1353
1433 170
7 1402
585 1196
1405 434
958 507
1273 497
728 139
271 1831
1663 1205
1685 1091
1301 724
947 1217
1085 901
468 1174
693 1532
1797 1557
733 1763
259 1491
367 503
1818 517
614 1727
713 1451
739 131
235 410
1194 1729
1280 287
1012 1514
157 1484
816 863
1274 311
854 1153
1853 1813
1255 1101
147 248
21 1764
1187 1076
1218 1627
1426 1815
1662 893
1218 1295
1808 1100
1263 616
485 1824
1243 612
1504 286
548 837
170 441
1100 972
1413 588
828 925
101 358
1008 1363
645 536
1689 370
1350 1321
124 150
70 850
367 1290
1727 579
931 1622
1078 493
1110 1503
495 328
673 40
29 1851
1177 902
99 1686
156 1638
1159 1699
405 642
444 980
1407 97
1481 679
430 1520
1164 1306
1754 1101
886 1254
356 935
1459 360
963 1677
240 485
1206 130
1407 58
1153 1348
908 1229
1211 1536
1774 1682
1671 1847
1678 1685
1462 913
333 1802
656 1208
247 1739
1028 1542
243 1018
313 1596
585 875
1596 431
1342 426
932 153
1690 1194
292 1333
1425 1463
1415 128
267 305
163 413
996 1720
1196 1512
923 720
1061 942
1660 150
862 1498
392 576
1711 919
1068 1141
1144 1769
1352 1356
1392 807
296 1847
798 1546
901 1768
1833 1717
842 235
1389 280
797 697
1353 1453
409 1747
496 1533
1087 1403
241 1234
325 1467
1178 1017
434 772
1749 896
1105 1220
955 1671
1516 1132
757 1207
350 741
1294 895
1327 151
268 1276
310 1835
1829 1696
462 1414
831 1787
1822 1012
402 354
635 632
917 1799
693 107
155 1773
1827 86
1303 433
694 1734
695 511
738 1830
15 1302
1482 1025
79 1087
290 909
390 865
1652 613
1249 748
711 842
1656 105
191 920
456 1120
1015 314
1469 1828
1503 544
446 1801
1571 1384
1329 581
1440 923
863 1487
1384 794
284 1851
285 543
1250 1798
454 1030
1763 1772
1510 51
597 1128
154 568
444 1772
93 650
779 1358
973 220
858 493
1710 1511
1824 1189
1081 1491
263 221
1227 1303
284 336
716 567
180 1032
342 1513
1009 1369
177 361
150 1791
47 40
986 355
442 304
299 1328
738 139
1691 1848
167 925
872 1804
658 1248
896 1380
936 944
1819 1037
566 1708
1067 467
1320 1092
276 332
1077 1726
1781 1623
297 294
725 892
545 1645
1679 753
1763 77
641 483
822 1148
531 1555
808 846
214 313
1037 1237
410 1592
273 840
639 220
1676 998
497 1770
761 514
776 1064
1102 917
145 1311
1734 1672
993 318
973 1335
757 821
1280 510
1291 880
1165 944
1323 1228
1413 1182
40 1123
1466 80
1681 421
1204 895
365 184
218 885
102 1274
51 657
604 409
199 416
1821 866
1085 913
313 1012
87 1078
1419 242
1615 1689
588 169
529 712
1352 943
1756 1425
570 1136
269 1259
1566 72
173 856
1499 441
1542 1394
1189 67
335 536
608 928
1265 1189
1041 1183
388 1662
805 1132
569 760
1655 132
702 1281
365 1761
681 122
1052 1506
516 721
847 208
1660 1007
296 841
103 972
1719 736
256 896
264 1055
1268 848
136 1582
1095 1367
297 1193
1179 1227
1178 562
1593 27
195 779
1487 178
103 35
607 225
851 1603
1520 1143
1497 1339
700 120
1033 1586
1116 1496
622 314
799 1084
1392 1445
1231 1795
908 76
1308 1028
1029 1178
1765 1699
3 1353
534 1343
408 270
1439 924
1164 738
519 1160
1092 775
735 1353
639 1359
847 1502
124 1712
1768 1692
1643 1262
1846 1240
1515 1131
244 1437
750 1274
1087 1328
1167 449
547 707
621 638
1204 1521
536 1726
453 586
824 631
1188 1515
1268 535
315 1356
682 1650
1059 68
1026 1409
1679 329
1355 135
71 1315
1011 398
1015 881
1010 992
267 1772
1071 1579
248 72
914 1438
1803 540
1103 665
1785 450
318 1852
722 325
1792 1363
708 1150
390 894
1573 1373
768 1492
1120 1196
1311 711
1787 1268
308 303
1352 1280
1836 1297
569 760
1692 522
77 1361
1714 1521
990 1053
1056 272
207 1435
1246 1674
980 631
963 1819
166 796
1278 1330
811 1429
824 1554
329 902
851 4
1463 1734
1749 299
1041 690
1152 1630
1321 210
1527 1784
234 713
66 703
867 0
1059 1049
245 1540
639 1121
1309 731
1379 765
1750 747
869 1554
27 251
144 636
1325 1310
785 623
1257 726
482 236
855 569
1553 1572
656 587
618 1358
1438 976
1137 1028
1455 1432
1488 1760
213 1131
664 116
199 1388
1458 1553
193 507
761 1497
559 452
415 680
1348 61
1080 1791
81 485
562 1765
1432 889
1200 1646
327 1494
1297 815
402 1078
1604 1740
1568 1143
1385 1390
1018 1665
384 1023
1339 1737
1424 451
498 1189
1629 1646
135 1355
495 1756
1512 1537
350 1478
1068 824
173 543
1818 274
366 1289
1332 1046
540 1478
1362 594
1117 506
599 1063
1554 775
1265 1825
1509 1423
386 1123
1720 955
461 570
481 693
399 71
748 1852
1684 121
479 1666
1482 436
1828 1056
906 1449
777 486
1441 464
1408 1001
131 524
917 365
1802 580
340 919
323 1441
1686 1757
128 909
1376 1686
421 1633
744 607
616 1250
1540 1118
1070 681
1039 171
1551 839
897 1714
255 1118
1783 385
833 571
1657 336
1434 1384
1779 1056
1201 1211
788 1623
1043 225
1809 769
1800 399
560 1853
754 310
377 1546
504 666
692 329
100 1730
609 1660
117 1153
1197 885
460 1377
860 1020
1293 176
883 1333
538 1607
898 1038
670 512
120 785
460 1328
1682 191
1714 187
1814 1155
20 1147
1603 20
1041 611
1351 689
1693 712
74 1450
642 491
361 248
1409 659
1069 919
1554 1297
929 160
1457 180
1658 115
1559 1223
1072 817
617 431
1576 1750
1800 235
1840 1703
448 636
208 1282
38 1119
678 1829
1789 978
839 230
933 125
267 1433
245 21
1111 1236
434 28
1289 792
393 673
808 276
492 1189
1307 1057
1488 82
1059 1390
1528 48
1550 1669
1699 199
1043 516
962 1441
408 1635
1699 1573
717 1249
1796 448
419 1554
1592 530
40 1489
771 1751
1055 776
477 280
1336 1813
686 83
305 1397
1163 961
1331 1218
1662 396
1799 695
1753 1664
1662 856
559 1222
652 905
1349 1451
1276 1156
1070 855
1048 1690
1278 227
1784 1763
1053 1102
751 1791
1172 1679
222 551
906 953
165 550
1171 1303
664 27
628 1749
1478 1275
765 90
972 1080
1809 190
1223 1296
865 1431
469 344
1187 1282
790 283
991 1732
581 642
1618 878
1715 689
1761 1188
1390 855
716 827
300 624
578 869
741 1755
1012 608
406 615
1827 60
747 221
1163 1291
1137 1519
10 1619
1815 383
525 19
521 824
465 799
1317 1260
1795 515
1153 863
672 553
254 1368
921 660
722 785
1400 92
1751 440
444 1518
1526 500
1454 721
1297 843
1039 279
47 1715
651 1811
862 712
893 411
392 40
227 620
518 227
242 863
1672 1597
581 1203
981 749
699 1328
1200 1009
1015 570
986 809
1382 637
308 346
133 859
1163 795
1108 579
1838 773
1302 1685
343 465
260 315
286 1291
166 606
52 1173
1336 1810
764 142
419 1048
1171 207
270 1065
1029 1051
1440 204
1050 1556
924 1701
1516 384
1192 1579
1372 678
1534 570
516 377
1448 1116
558 152
1785 537
1346 370
417 613
754 1602
271 350
757 1724
767 1611
1640 207
1768 340
723 1092
1037 153
1118 311
441 1553
229 1537
992 1731
920 1504
647 1206
890 1679
754 1435
1795 510
12 233
276 1008
231 1475
77 1293
1027 531
837 1045
250 1529
612 1083
1602 1053
540 1506
1527 1458
1058 1044
640 712
1813 1450
1775 669
1644 258
112 269
1732 1185
782 141
921 1053
1024 1663
71 815
1608 1044
