439 1414
851 773
1214 1787
537 843
808 726
1260 154
171 1025
277 865
309 736
1794 1477
838 1232
255 1545
1668 183
1360 945
152 1276
949 1022
755 738
970 358
156 952
1050 427
881 923
1537 10
871 440
1073 640
52 336
1834 1572
1813 243
1244 1797
1046 978
672 246
166 284
1807 965
922 626
611 1300
1345 1602
1188 1286
675 742
1305 223
892 722
1456 1222
1091 1181
851 1511
1673 993
1408 406
1046 1014
56 402
679 864
887 1017
1505 997
1556 1159
1634 1571
53 905
900 638
1233 1488
1599 220
104 1467
912 385
1241 962
344 1074
573 144
243 1541
892 800
1116 1819
1367 1531
1087 632
1177 832
1064 312
954 1686
1692 18
1484 1393
48 1096
1071 819
1717 1258
1733 1762
1314 1179
808 1160
136 264
409 1436
1406 318
208 1001
1139 1463
1119 1201
1631 220
1090 1728
908 865
1639 316
1395 866
476 1148
6 231
273 1376
1159 1003
775 334
1814 1585
1352 285
1750 1461
525 1041
665 66
28 717
1538 1455
200 412
660 153
826 1643
265 212
181 487
534 601
734 454
1559 1658
643 149
462 1572
663 1177
1260 1463
1264 1321
944 1685
1008 1049
362 1082
159 1030
1355 6
757 1351
298 497
1126 1787
205 1088
1062 391
1094 1182
1532 399
802 520
1810 748
531 791
757 1408
808 338
737 860
1654 1690
1757 1125
1738 1196
1347 446
1325 199
376 620
1691 1466
1783 1425
716 1482
889 1208
298 1219
1375 708
838 718
1359 334
1727 717
1209 1419
920 1712
898 707
381 1810
1357 1683
1407 876
700 1760
497 728
1426 46
117 1189
1039 1118
1357 732
241 410
1365 99
650 882
1731 631
311 895
1322 613
650 1514
982 157
1157 1467
704 824
1043 405
1487 588
24 608
388 717
456 275
648 452
125 1608
1403 436
980 1094
1124 942
813 1025
114 1254
75 523
764 13
594 217
1686 1536
662 1128
1657 538
567 660
1574 518
239 1022
1328 1278
970 184
4 1162
343 300
83 969
487 730
813 578
709 1173
419 823
59 814
1276 326
1426 253
1140 1226
1656 421
355 339
1132 1357
1717 474
1585 1546
48 549
1430 82
602 1609
587 1612
1128 1417
603 1040
381 1150
746 1735
1109 1437
711 1427
1615 988
1607 578
725 1010
844 987
1686 883
1392 1788
860 1530
42 1272
1102 1640
1502 1132
473 319
267 1105
408 664
1799 1057
1515 642
538 1739
769 1612
607 525
1658 1471
211 766
1683 1204
99 1518
74 327
1850 472
46 1086
1602 289
176 1371
273 1656
1255 1139
378 141
1420 931
340 828
1451 590
1599 90
1456 447
318 1324
617 133
447 651
1219 1031
784 688
859 1523
431 949
1796 254
721 165
680 1732
143 616
1003 1054
951 1592
492 641
745 1613
1063 923
1514 1346
162 2
548 1746
1768 525
510 1428
369 1072
1436 81
1296 305
652 1671
1757 1312
565 1006
1277 481
1760 1593
1590 1586
122 1611
504 1275
1054 893
946 1477
1496 713
129 1395
947 446
1127 132
1493 1229
834 269
1800 250
896 684
580 1494
685 22
1079 303
439 1335
595 1695
540 913
874 1133
691 201
1263 1801
1195 475
697 779
94 930
179 1169
1163 261
347 326
284 161
1434 797
890 250
677 990
1752 1582
804 258
684 163
61 588
231 1446
835 520
980 598
1384 1715
709 1071
1652 1137
1431 1153
1739 920
509 972
137 423
359 927
1768 391
484 1276
157 1622
1625 313
162 1676
443 649
1517 1192
1314 768
1474 36
1351 1754
300 623
1561 319
24 976
1644 1168
1335 922
258 267
71 205
222 524
1488 508
30 1004
283 1623
208 667
280 1625
1565 1725
1758 1535
172 881
1456 1453
595 411
1542 986
354 381
1303 979
948 538
561 1759
522 850
1504 714
845 895
1803 678
431 1233
758 247
1529 878
58 440
1491 1795
1425 1769
252 1548
334 736
1683 241
358 1390
721 97
390 620
749 1551
312 1018
711 1608
1285 757
1496 1520
1638 450
1684 440
368 1349
233 1755
1448 676
426 473
1525 1341
210 1510
1562 1347
711 1655
1580 1735
442 1533
968 1644
1562 218
1486 785
484 71
1299 1434
316 87
249 1039
1794 980
1018 985
1061 728
368 365
1785 1244
1567 1256
574 259
1172 133
1781 661
917 796
1080 1130
596 1765
1731 344
110 638
454 834
859 1549
864 1850
1068 247
1218 642
872 825
289 1119
208 1014
884 1621
632 215
1229 554
1600 1813
730 1097
1293 746
230 488
618 1452
1249 1077
163 590
1350 1207
1239 1440
762 1317
1149 1508
183 1248
355 1398
446 957
994 1071
305 878
587 970
1257 359
759 1277
1374 1577
595 75
1113 393
1058 1646
696 241
1793 271
387 37
878 303
1177 1493
1356 895
219 1449
730 1005
850 1162
474 1295
760 862
107 545
1449 706
1845 220
1508 291
536 113
592 296
1423 1610
173 946
121 750
443 912
1222 777
1117 589
1853 1461
1827 545
75 61
1671 1766
1038 1549
1688 936
1779 755
1173 309
756 530
346 1016
359 622
661 1590
1219 1666
1574 981
395 833
623 988
1786 837
1222 301
1324 915
1692 389
1385 103
568 1710
1628 1558
659 303
1513 1601
1751 186
760 1089
1084 1695
60 1742
413 434
1040 1633
1202 1677
1370 1031
1436 389
1578 623
974 270
1002 1314
167 1344
1095 1384
1241 628
722 169
416 871
362 1028
669 1748
42 953
1483 1470
1454 478
1743 1215
1553 817
1396 1745
296 1495
837 715
1309 411
41 1436
722 1333
1269 234
412 365
1579 406
1606 504
183 385
141 137
1677 811
1688 494
301 1318
407 1501
305 931
644 27
291 1303
346 1224
411 856
1385 611
964 535
888 1124
249 1426
1721 1175
1149 77
114 610
264 815
518 1022
712 288
1776 1109
1140 631
726 1658
1156 354
886 1545
1181 1500
1660 1584
457 1604
1385 371
340 437
1685 1031
384 268
1015 587
354 1559
1182 332
1181 1445
1712 683
1497 1108
550 1345
1692 429
144 91
772 1710
1794 1245
1646 842
546 1706
1324 1817
505 974
189 670
1217 1210
569 1586
344 419
837 987
748 1313
1035 391
121 1144
448 891
152 256
901 492
1723 1480
1828 490
1225 1545
914 1469
1589 1532
556 1386
1152 593
963 153
400 122
1480 1262
1753 927
1065 1607
263 1599
303 986
622 649
1474 195
19 1085
1377 404
1793 970
345 1356
1074 1556
744 1633
851 242
112 187
220 292
1659 1430
1675 568
1118 896
1531 1081
421 589
1357 643
1604 752
1627 458
1167 140
1017 67
198 833
1450 773
1132 796
1797 1301
1118 79
533 187
545 883
1417 275
88 632
892 1367
539 140
1203 902
866 247
1356 288
432 221
174 1851
1849 480
554 386
1718 838
898 541
1717 1440
853 1608
730 1560
1546 80
1362 1743
387 155
1459 522
1367 647
1186 1694
360 1624
1472 585
415 1473
1653 1812
1409 1571
131 714
373 1406
259 1743
336 260
682 1833
813 1697
1826 1671
24 1718
384 1816
177 796
573 1503
352 1584
805 501
1809 329
49 1168
1761 973
1034 1264
855 979
1008 1490
1839 1414
1174 818
93 1174
454 943
197 241
1123 1261
465 259
873 1771
828 1301
1286 351
1110 1526
1099 1474
519 292
707 1609
129 1830
1792 827
1256 915
434 465
792 1349
95 1165
1489 1774
1375 565
1190 802
632 1650
1257 479
1294 660
681 650
1619 841
917 435
381 1513
1485 856
1746 1328
1453 1337
10 1233
93 302
564 52
1515 178
454 1475
753 571
509 768
370 3
116 235
18 88
756 512
1575 1351
202 832
1822 31
414 1166
1550 1835
26 592
1204 1142
464 862
1306 1270
44 435
1218 941
577 1398
1399 1582
685 1237
1376 1799
935 736
213 1766
1004 1598
345 584
776 504
1770 1560
827 1730
1773 1584
146 180
100 1229
342 667
1101 377
591 1232
198 1222
699 1062
1683 216
1302 60
1429 1446
1482 853
1264 741
1249 85
546 1369
1059 1074
785 1739
907 1400
159 38
26 847
619 1688
270 612
1441 1234
1780 1494
1079 59
176 1241
457 171
263 1652
1198 59
1558 1774
853 640
486 479
1808 749
1778 359
153 1467
641 1430
55 718
537 717
1583 264
1346 1455
29 1079
153 1595
938 198
1431 266
1594 60
1509 5
14 214
1347 99
71 120
278 1620
5 1350
1591 948
1300 767
1575 870
581 1433
16 1394
341 1288
1579 10
1219 1047
301 1246
601 1519
1475 370
1221 906
1143 1007
23 1457
1752 1217
305 550
1162 1660
827 1546
1837 1413
634 1262
1784 212
332 806
255 1108
1239 1609
1175 112
782 140
1415 266
44 255
1164 1645
1815 228
863 613
262 699
710 135
887 1115
903 1559
1496 1187
795 758
1484 861
1233 989
425 1336
1662 316
1488 830
1145 1475
168 1434
1537 1755
487 602
1513 401
1484 1235
264 674
431 1100
1101 1617
168 110
1528 755
1113 1386
1360 176
79 1734
1764 995
270 764
259 1346
1775 247
929 1152
1737 1731
1451 105
232 1102
887 1315
1779 427
816 1400
308 1356
1768 1599
906 1165
164 0
1458 1337
1730 1432
451 678
1234 499
1018 793
967 56
728 1828
488 183
276 1117
893 850
573 1744
1149 488
1245 1393
1800 737
473 1487
832 1695
704 483
740 827
657 1702
1216 1005
134 1551
126 1174
479 338
210 279
714 1399
475 1460
1210 1077
1654 1701
831 760
91 264
1209 1579
507 1798
1744 959
1774 1379
805 1798
613 92
398 1075
561 600
1639 900
414 945
527 399
267 1349
426 220
623 961
1464 34
1675 661
1378 66
119 772
481 972
235 392
621 1344
1694 344
1611 529
661 750
1652 852
1177 710
504 1048
1686 1423
554 1819
1855 994
1769 1058
605 1104
762 729
1691 1849
37 1356
1645 1602
81 33
1451 952
1401 60
861 1254
1743 1208
1688 1702
1486 1369
243 858
1739 1745
685 1345
1513 586
1515 11
1071 232
459 261
1795 98
890 1783
1434 981
524 1680
1058 1615
527 912
1358 736
1667 1165
752 1078
1006 1834
582 552
833 61
1130 1623
1852 1236
867 1801
1251 1378
811 78
199 361
1372 230
234 397
844 817
1223 1325
601 713
570 1121
1245 1234
1682 781
1365 540
965 714
1272 367
1474 1482
472 597
1422 1854
1732 522
585 892
116 927
1109 1281
589 9
107 833
893 803
1003 38
320 379
1235 849
597 559
930 129
400 261
430 82
257 1050
1292 391
1668 1043
518 326
562 276
370 779
1651 849
1789 373
947 845
552 478
1337 842
1345 991
1063 1173
377 474
526 1766
546 1750
767 1086
1026 1147
949 694
1147 1610
1116 1249
1746 555
674 87
190 850
374 398
1758 1180
1553 1746
563 677
1594 1590
549 777
817 31
398 659
1517 307
394 7
1460 725
1 842
858 301
491 4
1261 250
216 1137
33 975
537 1095
1530 1326
1322 920
703 652
1758 461
1161 199
1768 1296
1600 840
489 1773
1228 933
1190 757
951 597
61 126
49 1433
1830 1583
460 1741
1805 396
806 978
502 1004
1290 417
819 1360
1843 1742
1208 392
768 47
1482 1127
1536 1021
616 1435
412 754
257 816
473 679
1648 196
1825 1336
720 261
1394 1644
324 1478
1844 1686
129 1331
506 1021
1744 1465
527 1348
996 1239
46 1251
1541 789
1280 1397
912 1691
848 1750
1671 1678
134 1375
317 1390
519 26
1354 1602
448 445
1704 1643
1531 261
1568 428
1520 1038
1325 963
1376 906
270 532
984 342
1034 549
479 1218
0 164
338 1715
552 18
126 729
22 1633
1244 1142
1706 971
420 1802
1123 132
744 1427
634 478
344 511
578 1777
1202 1781
777 473
459 45
6 1374
1447 869
340 126
10 223
840 979
1817 433
268 524
187 400
645 395
1594 1028
1733 1516
575 991
1580 1515
1417 1679
1213 647
1512 385
724 1022
637 879
658 1032
571 1084
536 789
296 85
225 1380
1658 1264
449 1635
1623 1018
680 1489
656 75
804 776
800 1820
254 1153
1322 189
445 784
242 622
333 882
1179 1674
708 435
1015 1681
224 748
1810 897
1552 780
1408 460
1559 299
438 1780
1496 268
1266 770
1689 792
1097 185
1655 782
1607 1058
724 493
503 1711
184 142
1071 1398
1046 632
950 173
137 1855
1751 1812
1225 651
170 985
1466 1227
521 250
1211 191
131 1269
896 640
1833 1501
1669 1315
1284 111
254 1766
1284 762
68 530
1172 900
975 1548
889 49
1178 481
731 1661
353 1786
1284 1586
1282 93
545 1141
235 988
95 451
432 612
703 507
1609 394
568 1254
1724 610
1784 107
1680 2
476 755
1377 57
595 580
360 1518
759 260
569 175
1736 129
171 1022
79 112
1605 49
1663 156
33 216
393 1756
1187 531
350 1515
1600 31
944 793
1269 1451
157 517
1028 558
1673 631
1392 1027
141 393
1635 1596
493 1392
1671 982
534 199
589 1837
217 1415
492 52
545 332
490 1056
43 431
814 339
1084 519
1443 374
1377 590
1578 662
527 1133
298 350
1625 314
686 1113
1674 674
709 1259
1196 730
516 1353
880 1592
355 1536
848 484
47 1427
1564 498
429 1807
242 663
785 1699
126 1457
1471 620
308 1623
1286 289
1457 963
297 602
631 1130
292 527
1654 1594
254 1734
717 1097
1099 923
137 407
1204 154
928 354
1265 1785
644 50
1577 553
1348 489
1448 1431
967 1395
748 172
1117 680
1718 47
910 1437
436 1149
1455 1358
367 1701
1756 217
963 1571
1267 517
1562 1691
54 391
1459 1218
115 1446
1528 1671
928 415
1447 558
560 1399
35 1102
1796 1390
252 470
90 1657
772 1538
973 1564
407 418
1315 948
1600 499
426 1237
995 210
1632 270
1782 1510
806 1451
1359 1380
1653 841
1154 1109
249 1486
1539 577
923 684
1272 557
1296 1343
220 803
1491 147
1599 25
1581 857
818 368
1078 212
779 1656
1377 813
171 1737
63 686
1816 1606
871 613
1232 1482
1056 1391
1293 1256
151 126
401 139
155 1290
530 1815
1669 767
1359 1331
740 737
559 1826
1421 414
1333 1481
33 1798
1761 183
768 392
1694 1214
882 246
1467 170
1332 231
737 1577
256 607
229 230
1141 1457
1188 989
1238 1331
308 385
72 132
564 1292
720 1269
901 0
571 765
1402 948
189 770
706 1516
1796 1181
1489 1488
1853 1353
798 1629
590 383
917 1055
1664 1816
675 1700
271 1733
1668 715
1776 1830
1094 0
1314 1016
517 516
491 144
68 545
56 945
1124 423
653 142
1570 1614
742 522
1498 127
320 83
1567 866
1331 1355
56 1801
303 12
1009 1092
324 863
310 595
1581 1317
626 587
1816 1466
305 337
285 774
860 372
1522 996
1124 1709
1412 0
374 15
1695 211
1189 1782
1569 576
1643 1736
444 1405
1790 771
1660 1596
435 1052
649 1849
1576 612
1300 957
809 225
212 1821
228 267
579 1178
44 466
1650 137
52 702
1180 1442
262 416
1396 1745
634 46
477 359
1513 1676
1523 885
1427 1836
31 0
831 1060
1078 1712
415 852
1147 1793
1811 372
1745 393
1195 1584
70 1629
1693 1006
1585 1380
735 315
495 294
419 1286
122 1788
198 960
857 414
1114 1599
1305 895
747 1813
531 1301
1732 928
1521 14
941 1763
1388 993
1754 1256
692 14
861 8
1415 1138
738 1477
687 329
249 853
1133 702
1508 23
1118 687
775 508
492 247
711 868
602 1617
1675 1400
888 215
1780 1444
1195 603
724 1206
581 1481
1413 1242
576 559
46 186
1465 1010
110 1336
1265 820
1562 343
1453 1653
850 396
279 1135
1551 1757
36 668
450 1582
297 262
652 1335
15 987
522 1024
1048 360
1022 833
401 1834
318 405
473 1016
1017 1686
1643 255
462 1286
755 844
152 767
967 996
1549 1404
222 1022
1099 390
1072 524
957 649
926 1811
754 660
1107 1332
1209 1460
1701 838
1104 591
291 1185
666 910
234 1533
1674 520
371 251
1572 390
686 1098
1305 1665
796 1828
1158 167
1544 628
50 1472
213 872
1014 489
1341 1136
1032 1719
297 347
244 1609
603 1829
1089 883
873 396
1387 1065
1152 456
1831 14
1761 605
1209 65
1077 867
230 1583
572 1363
16 1002
230 359
488 1776
892 70
456 86
56 1124
1845 571
1104 1761
357 1031
729 1441
1505 353
1811 1392
1825 877
1049 539
222 1138
337 1819
590 1622
819 1808
1435 1383
362 202
23 8
1385 712
1624 431
1503 391
1322 277
185 397
405 1262
144 189
1845 702
1535 1514
981 1048
401 1778
909 754
919 537
930 1425
1064 662
352 1615
1470 1518
834 768
582 170
243 29
128 1787
1633 318
370 1515
631 1390
1841 625
1036 1828
422 1131
454 1130
941 1845
1612 504
1319 1765
616 20
1669 1665
815 1046
1593 1718
1274 763
515 1754
1001 1574
1264 1276
735 323
853 814
597 131
1741 1120
440 403
173 1777
1778 1678
1127 1223
1171 1736
331 36
988 1246
1637 1490
1814 1473
753 195
624 623
789 91
47 1773
1380 176
465 202
1059 975
129 196
840 654
1325 1730
369 873
772 1566
988 1669
172 1731
1405 816
1295 619
1212 443
1278 1184
321 888
359 805
1266 1199
1447 1481
534 1199
727 1270
966 354
1546 912
1725 608
1361 1226
601 1683
1485 906
1641 1275
1523 131
1170 953
772 597
1836 1680
1482 707
17 161
926 679
536 1530
355 773
1425 146
259 1574
261 1128
316 1282
1821 980
899 407
1323 1136
1581 773
1125 1462
723 944
557 1784
387 1653
352 1055
376 1535
958 1497
550 212
1168 403
962 1403
719 156
1412 376
1237 993
228 171
485 594
1197 1854
635 414
1637 174
806 1002
1333 865
1812 1095
342 862
218 636
873 1629
966 1761
1322 647
1526 1481
202 1395
122 96
1847 1331
1515 989
938 786
797 1541
345 575
947 1443
577 971
552 731
1697 1688
1039 1446
1319 751
1027 244
565 1264
76 95
1010 1753
1794 341
1284 984
372 628
269 1667
963 566
1173 1237
113 203
324 260
1598 1018
1315 340
1058 471
337 36
1580 747
1472 1684
1520 1532
361 344
1239 796
323 321
1118 1413
843 391
1218 237
1437 1694
1050 1831
638 1783
739 11
1414 1174
162 1753
279 1577
1610 604
835 1488
1298 114
1178 1737
1459 1425
229 1744
1072 868
2 382
1352 510
891 1328
188 1731
100 1136
847 440
1703 1428
62 1609
485 1666
1588 1822
233 1540
270 77
456 1733
104 1222
1842 1251
1691 1250
1762 944
622 1464
404 869
607 1646
208 728
97 880
1534 68
173 1073
959 1000
450 92
1659 513
593 1489
316 1855
1280 1340
875 44
1652 703
1832 1034
1230 768
1556 1105
264 673
356 1270
796 758
904 883
294 817
682 512
1834 80
385 1685
55 1652
663 1085
175 416
999 769
1429 1615
313 324
1107 769
1585 545
1413 477
777 968
1566 79
1155 1062
1503 290
555 1232
1146 1616
1089 230
1828 218
1738 621
1229 1457
1713 1207
700 1760
1245 1572
368 1074
606 214
494 141
548 943
1680 595
1362 720
906 692
550 933
1111 234
188 1626
1768 35
466 376
862 823
137 608
1717 1446
1820 406
1687 455
124 1602
1794 1199
1249 1601
18 740
130 382
276 1408
865 294
1781 102
1648 158
319 1663
541 643
1601 475
1017 945
1056 1673
82 921
113 1044
1331 1171
1213 1630
635 1620
1814 70
514 1162
1537 35
704 1584
1281 10
679 448
1546 1754
736 744
1054 770
1473 113
1176 1068
1099 850
560 1684
1834 911
758 1757
1411 897
1672 2
1784 1132
216 910
1531 248
329 813
917 1631
811 1854
1658 1679
1669 979
22 104
1612 399
1711 184
106 1790
746 1297
488 833
374 991
572 213
123 38
1693 1025
268 1765
797 235
213 983
1443 870
769 1510
158 1697
467 1161
143 1259
1218 803
1138 1500
800 840
757 1849
1149 94
1518 1771
798 1638
1820 1167
74 1557
414 1336
762 1126
1123 467
463 1777
1789 176
1175 1127
616 1683
1734 1806
654 1096
1797 1772
642 958
949 574
51 1270
1666 1515
201 1571
817 1674
790 1784
1310 1179
368 1058
4 1110
747 93
1678 325
432 1163
366 450
276 1764
1427 154
1708 1648
1188 1626
1630 1729
422 1837
298 1279
110 419
1200 60
392 811
1417 936
894 262
333 1383
1315 446
41 904
1818 1529
1609 1138
1462 1509
604 1304
149 1773
1466 1792
256 797
1694 1458
87 199
748 982
1818 670
494 348
1178 1778
805 1678
391 1528
1465 1031
810 296
697 630
17 843
1696 1618
1688 1134
108 503
1139 825
278 305
1567 293
175 111
1486 1747
912 257
389 393
769 102
781 1804
284 121
614 376
404 1239
1011 895
1827 837
992 656
161 174
673 326
116 387
1082 817
456 157
468 624
680 762
1212 189
1671 970
75 993
811 1650
511 1366
292 1720
815 166
23 1019
1305 1306
1521 491
1286 372
1152 1005
1025 1577
446 501
1660 232
330 663
1547 1391
20 906
873 1522
1179 1392
244 363
924 601
213 272
1600 76
1663 375
1557 167
1591 51
639 184
200 1733
697 1238
736 1224
1056 1603
1356 1778
796 1588
34 175
1471 61
599 937
512 1600
576 275
1219 1118
4 1049
1689 812
1608 43
1316 1333
1415 1476
934 329
105 928
547 690
1807 660
1526 128
1093 309
288 96
1663 160
1691 1198
1367 566
604 512
856 279
547 1342
1035 954
1067 247
434 1181
1456 1526
1766 173
513 65
1845 1658
1695 1624
505 832
1461 585
1074 1696
1027 1784
603 515
1082 395
214 1715
54 1842
846 1241
546 273
1576 1188
247 613
1844 1276
497 1400
1616 531
1175 1069
107 345
400 1030
1086 302
569 145
1715 1617
1801 880
359 830
1382 1266
1718 1499
1034 1680
1451 457
1392 71
1588 624
356 1762
252 1582
1194 1167
1598 1724
218 839
907 1355
1574 985
290 1521
1498 741
1557 1746
1054 650
1314 1426
659 895
132 527
125 1661
101 275
1855 22
1482 1657
577 1777
1206 1307
1649 1199
667 1547
0 1287
966 1505
1295 1267
1110 1173
1025 1239
1059 510
112 1040
152 6
174 1806
1736 1051
1652 1739
1507 613
1354 510
612 754
1013 10
545 1682
1600 1734
323 275
1637 791
1840 168
512 585
381 362
1674 1807
365 1021
1133 1648
80 1126
1031 944
16 707
325 1408
1058 251
534 923
874 1485
690 601
417 678
1112 316
3 91
214 1322
1663 1575
411 1103
1381 30
1261 1143
591 571
756 978
1398 1222
583 1089
332 1681
895 1129
1114 729
768 979
944 1168
914 517
1305 1162
1147 558
698 405
322 1109
667 1131
1021 613
1088 863
1838 1273
234 521
161 540
100 1185
442 164
978 1495
847 31
1853 1789
1385 1709
372 1534
1802 198
1324 1594
570 1409
1200 1278
1800 1754
1463 789
1440 1383
293 1281
354 18
1118 703
1809 301
1391 1144
1423 1226
38 966
721 1008
1598 1486
1750 1853
1038 402
180 1100
1052 650
937 1378
1139 648
1159 1469
1733 367
880 1441
178 1475
1506 928
207 667
1684 1041
1228 624
1164 1202
752 910
1121 153
389 906
659 927
41 27
1700 462
243 1751
908 338
1529 1161
687 1239
1337 82
1025 591
1319 527
1347 1196
1455 1720
1317 197
49 1077
1128 693
820 1681
1847 1093
1201 74
378 373
919 548
1694 152
1213 409
1810 499
8 1647
1682 96
1556 429
880 573
10 917
817 1072
374 75
1439 1020
598 290
950 265
1593 828
319 1357
1463 245
1767 1540
67 122
102 856
1249 476
1044 1641
1071 721
821 1359
1835 1821
1837 1220
74 129
1102 62
502 952
1810 1617
416 1594
62 623
181 92
13 1682
983 1550
455 36
502 1268
1491 1026
682 1407
1125 57
612 1091
456 558
622 445
1195 1041
1481 1515
800 429
1443 1572
887 150
1368 350
720 1789
1752 1296
1423 1842
951 1293
944 1216
1412 1080
1661 484
1598 802
1639 80
502 6
441 498
1147 1173
182 1246
816 1655
1524 349
1559 1381
1064 839
1197 16
1058 1227
338 254
1015 642
1505 1492
1139 48
881 416
1400 1100
1463 294
1295 210
339 276
1294 176
215 691
979 549
1608 780
1532 1442
1662 797
1839 1003
1521 1838
676 302
433 1578
605 621
1407 1062
1061 1569
992 1382
1072 1120
202 583
1792 1770
269 1845
1234 1777
24 1452
1223 1446
1270 1054
388 713
1404 0
1821 428
874 955
496 1459
1484 1523
379 60
696 426
1132 1343
263 1258
29 280
496 179
515 1729
385 1321
872 800
1404 988
70 1356
258 797
1445 330
990 1578
576 27
235 2
397 1780
1624 215
442 1677
521 1059
331 1747
1487 460
909 655
1116 673
725 959
867 1322
15 1135
492 235
1599 1005
1782 841
944 1634
1295 1482
485 1564
1488 42
169 488
187 318
683 573
767 1622
917 36
635 67
366 759
997 1390
802 1401
1034 811
1209 1404
1360 1088
1543 1261
721 1146
1226 1790
50 1627
1099 685
479 1835
1551 1335
1013 1020
1741 1414
968 434
743 128
56 408
1523 1645
608 1268
1169 69
493 89
822 523
1251 1487
1776 983
195 1077
1109 482
1571 637
239 1715
1027 972
1618 332
550 776
397 1806
412 1042
937 170
1406 1393
1073 1346
1328 740
490 1718
886 553
64 1034
820 1720
28 1057
1790 617
1486 1219
957 1152
268 1169
851 728
1653 739
212 1854
1568 1755
718 1562
384 1130
531 183
200 630
1488 185
1434 436
864 291
640 42
229 717
56 1630
854 408
481 1657
728 1668
475 1826
1541 1048
97 1209
1424 1538
31 224
1525 492
1737 466
43 1684
1065 1185
1289 397
1180 113
1060 1420
23 703
1120 984
912 21
1740 977
1474 1391
753 168
187 12
801 780
986 1047
1206 1579
1092 543
477 1011
584 1181
153 1244
336 1763
1766 1527
1783 1265
59 1330
1543 1078
336 922
42 825
1355 169
80 232
561 1211
552 835
624 1203
1328 242
978 836
1589 1752
119 504
1558 1686
156 162
746 1120
863 1011
1190 16
1151 1549
433 36
512 459
1103 739
1034 1686
1849 393
1160 501
219 560
1631 1414
326 266
601 1482
1615 1762
382 1807
1283 184
1283 999
274 122
1750 93
1176 69
536 1079
1072 1504
605 495
1226 529
1025 860
1735 1749
793 1571
1053 128
737 432
1669 1191
853 884
1767 1152
1584 1559
1797 747
417 1764
1538 1607
1375 1855
440 996
1689 1563
1426 1237
354 478
243 1384
1828 70
1186 520
1514 1405
771 1810
914 1387
1790 990
1178 803
669 722
979 178
845 1599
229 24
1605 183
511 1124
1401 1181
1285 1265
246 1619
461 1767
1751 192
360 307
1323 625
1295 1648
510 851
1461 296
3 758
655 1444
948 1224
1082 739
227 332
411 1738
398 1020
214 596
1780 121
171 314
816 798
268 1617
1835 1168
716 11
1500 109
486 1059
1713 467
1326 1357
1596 509
1606 632
571 860
1655 837
30 1155
999 1144
1625 363
247 1202
56 1002
97 923
1596 975
454 341
564 830
273 461
547 1577
1746 799
1302 479
602 432
1183 458
170 676
639 766
499 1100
797 695
361 732
487 181
626 875
1794 1472
428 430
294 546
1141 1192
668 1603
618 1096
1649 343
342 157
365 1439
436 1160
1581 627
1610 699
64 1287
1386 1057
1479 1195
530 104
1089 834
183 1190
1800 991
564 1618
1161 1341
881 330
765 921
1035 1848
250 21
1223 280
1451 525
1781 195
1777 1716
1690 850
1043 47
353 1613
554 588
1800 502
997 1654
616 1428
1385 279
244 623
1303 918
205 456
238 1233
1343 1834
222 906
913 1568
1233 1522
686 564
1396 1667
734 1110
1590 23
284 1546
57 238
1198 1535
73 1437
1066 630
28 1729
1167 1635
260 1445
1041 683
1174 858
1650 719
245 534
827 593
1553 659
737 352
525 649
76 1674
1696 167
375 1
183 617
598 1001
1024 1633
788 246
1597 643
6 337
1446 358
1739 1183
531 1292
1651 537
288 1705
1427 1196
365 1496
947 1591
1637 1592
1201 1644
464 1562
1380 1268
1549 1206
1452 178
986 745
792 33
100 1627
1298 1752
55 496
1548 308
1547 1723
1402 597
706 1168
1578 1411
114 1553
1836 1571
1647 1527
537 234
654 1525
164 94
200 100
812 1019
1711 589
1089 1068
405 775
947 1326
921 373
805 184
336 793
1213 784
1726 1780
690 1019
1550 362
734 251
1324 51
907 1215
1422 75
1385 1180
928 1293
821 1477
1610 1115
533 1703
1463 549
569 458
1193 1669
1439 924
994 1054
981 404
1848 1839
28 716
1564 1277
945 1829
973 156
1692 388
696 1472
1692 1847
567 898
609 1387
508 1605
554 399
1152 1673
380 1164
774 1049
1715 819
552 506
1549 895
429 859
162 86
1071 768
264 631
725 1275
1607 50
145 215
888 1047
710 1529
1081 199
11 376
1189 1049
1542 1743
1493 3
1552 1680
427 656
190 398
20 524
1222 278
1065 531
907 1539
1492 992
404 674
1593 491
538 1466
47 1603
32 128
735 519
1591 39
1509 222
595 376
948 160
353 1745
147 1480
1257 831
779 99
286 432
628 8
914 419
371 100
78 937
888 1086
836 700
737 1669
1194 1404
1651 1224
1107 976
408 263
29 1000
1040 1079
1010 251
1671 1855
492 612
482 572
1112 1490
1462 806
1177 1270
947 580
1748 484
1736 190
79 1380
1619 528
1126 388
308 1468
700 143
1243 297
807 1452
394 110
429 1763
932 1270
1826 1159
129 801
630 1279
263 145
1513 1353
65 740
1679 1683
248 20
539 874
1428 1205
1014 781
1601 821
430 944
272 1550
1596 951
332 930
20 1455
1848 1
564 94
720 920
861 1180
1048 905
273 1093
617 1651
1384 747
1258 1297
1609 335
1554 688
1552 828
189 1777
901 786
947 1403
1414 567
1024 1478
1047 221
15 293
1454 213
358 266
1227 946
1036 114
1415 1587
679 547
1434 1401
101 121
76 259
1094 767
809 1205
1357 1131
788 236
1437 635
1092 1280
801 1283
1845 355
1057 1623
217 355
52 1731
497 342
253 907
790 874
1473 238
701 1163
678 1256
1524 613
1442 1170
142 1658
873 1470
693 977
1333 113
1693 1248
831 456
982 273
1104 474
1250 1219
642 1638
881 941
1602 1326
139 1308
471 1404
1156 398
1525 1501
688 285
1438 566
1657 4
1146 1850
66 1053
325 762
1043 388
215 800
1732 1293
1153 365
1594 711
1789 1014
1523 1570
85 234
614 1232
1472 118
149 494
1581 473
274 1108
880 1101
1155 1412
187 547
1683 274
1666 1153
584 1816
203 298
1477 1070
1267 640
1251 680
808 769
1599 1645
232 1194
1582 1082
1648 383
218 1030
316 1595
680 1130
881 438
1681 912
939 113
1008 1486
1447 782
561 1284
1562 1346
1199 1262
454 992
1681 618
945 207
1579 520
1779 265
1453 1158
248 981
55 333
678 1169
717 854
740 460
1701 456
70 1042
16 901
1475 1340
1836 1134
1550 669
1054 210
1678 636
1761 599
346 475
1712 377
1085 1175
1599 284
1199 56
1574 1138
592 1286
976 26
1442 610
1529 1102
1091 762
464 1744
1789 1755
1735 584
377 728
369 1811
854 754
1144 583
978 199
242 1836
619 466
443 1238
489 1631
433 1280
438 1103
1823 1604
1188 1408
1355 671
1079 1604
1033 1361
349 1834
860 1159
1141 133
357 1428
422 920
1614 1842
299 1531
893 225
1321 1145
428 1289
715 325
1432 1073
1245 24
1212 1497
92 176
522 13
1024 510
666 1390
415 352
552 1626
260 88
335 944
918 161
500 217
147 1484
550 1551
1618 942
1250 342
346 1131
1611 1759
583 189
1746 704
1739 380
368 321
310 43
706 607
315 474
972 1745
1392 816
225 276
619 1701
731 1459
978 490
758 1180
413 254
1485 1204
218 400
626 1693
1490 899
1344 1649
300 428
1104 1374
1702 92
1237 1612
819 1545
1663 1202
903 1703
1397 272
1365 89
298 1321
625 1588
855 814
1091 1460
826 664
1691 1216
507 794
1148 987
1442 447
849 374
730 545
1777 1210
833 1512
1121 38
1541 1336
427 162
136 764
842 69
115 486
1416 913
226 706
628 573
1205 1308
871 688
629 1492
414 319
1214 646
1259 1056
1290 1749
401 105
1586 1713
1763 839
441 105
1085 1184
436 689
1768 1127
354 498
1268 1509
759 1592
549 1349
1007 1471
1804 111
415 1515
1507 940
885 17
1539 424
938 156
980 245
587 1127
303 122
1820 1708
1164 527
434 552
1674 1267
79 505
1121 905
1331 715
1738 131
370 1776
592 9
1819 551
124 123
1291 680
1744 1849
22 115
230 503
1790 1616
938 400
1731 396
1227 380
672 1336
1649 217
1043 1398
1645 578
669 651
628 1259
222 1602
1552 72
1676 1648
506 203
5 1598
201 1257
1268 142
1142 1811
514 1109
373 1047
611 353
1138 505
748 802
1512 1344
757 1796
259 513
456 333
1170 1770
765 1531
1568 543
547 1800
205 119
722 1588
1486 317
734 1266
830 1398
1167 1123
16 537
1654 397
451 979
160 371
509 1831
161 86
424 734
161 308
29 1443
1158 762
889 1223
1018 54
717 422
1334 1523
550 30
1359 230
1006 1172
1011 1326
69 1745
356 784
1478 816
311 1174
972 1537
1847 889
75 1114
1492 1552
796 582
525 493
404 440
1415 985
782 171
50 1716
401 1811
1468 1088
458 1697
1090 562
486 698
1455 1442
1180 1660
253 345
1802 1688
1283 1086
1084 1713
479 1265
17 233
338 1131
365 672
415 959
1033 489
881 633
1741 1779
297 977
978 220
1564 1270
57 1070
593 1112
32 1330
150 518
385 1289
990 540
864 1728
1115 3
13 569
318 493
614 1613
456 64
1541 1159
298 1624
768 917
1777 725
550 1727
817 1205
1453 1348
964 1291
852 423
1138 471
862 1274
896 1147
1105 333
281 219
24 514
965 311
1439 1218
131 1312
249 1446
842 4
1098 1308
1133 1341
1827 938
515 1796
38 499
1064 1078
1845 266
303 1396
911 447
894 763
950 1276
659 1629
607 798
1247 1173
360 1299
158 357
86 536
1064 1080
325 1757
1319 1284
1801 1442
1626 456
1609 1527
1268 1660
781 1431
1606 27
607 283
99 1548
1445 999
1703 1525
489 1027
1376 994
443 1487
1543 1512
84 1841
911 567
277 535
738 428
1770 1348
595 1208
1129 1245
1719 426
464 315
1346 584
942 802
1220 980
1597 551
243 1563
1012 371
372 136
1039 1359
425 1319
1781 978
1518 1059
732 595
961 1735
578 23
1506 1750
1617 419
1507 452
610 577
680 524
232 528
1724 1141
1043 592
1722 1263
121 1188
1814 890
1099 1781
1732 420
193 1694
790 355
500 1125
123 1009
1831 855
750 1437
1654 766
1464 1830
977 1018
1225 1400
1831 282
1166 84
695 817
1272 1569
735 587
215 333
55 1163
945 1820
1446 1008
539 743
1606 885
1753 1331
1347 743
876 157
744 880
540 1014
1432 799
1224 1729
1320 622
951 1336
844 1178
897 1154
239 1367
1256 1314
1114 110
269 1788
1623 879
1840 1251
584 79
766 1070
220 372
501 1833
623 428
599 180
1518 172
949 419
915 61
1428 614
1798 1709
193 1814
838 538
1816 1650
720 1205
375 1641
358 553
360 552
900 300
494 663
728 1780
1679 624
750 1232
1291 1809
1580 1791
1012 1364
216 274
354 1533
1159 81
1544 203
990 562
1340 45
914 718
719 681
123 325
245 1777
925 69
1259 1620
1267 1412
837 1068
293 1233
212 855
235 26
1365 1517
1313 308
848 223
521 897
246 19
1464 813
1679 869
673 1852
1800 942
1570 165
1198 1156
38 296
69 1591
534 1627
848 771
907 645
354 576
80 405
1045 1179
758 1726
156 624
1310 334
1775 1629
655 13
326 741
1778 1630
1260 924
1400 1315
278 1645
267 870
628 608
1442 413
729 564
242 600
384 1077
1465 627
1773 313
1576 634
1175 453
1631 214
1579 1035
962 989
1097 199
598 77
1751 924
1067 175
1826 1801
1493 163
1696 1671
614 1276
653 344
97 230
1217 1024
1159 1834
1552 1737
1569 1147
1760 1446
65 489
503 1179
759 233
1634 1464
207 747
728 1782
1002 258
596 1278
1414 1010
1843 308
546 272
863 1483
547 1058
1706 1340
824 1637
1088 1068
902 772
376 747
1198 1148
277 1384
903 415
947 659
1345 424
1676 857
345 1287
1487 539
276 1332
490 1297
1475 178
614 318
1106 452
156 574
1784 581
1571 835
1036 1238
704 1433
1480 559
938 1110
993 1243
1225 1463
1256 1140
1656 613
1485 515
1442 440
593 1675
1020 385
1266 542
538 351
709 1438
1570 50
315 222
1025 989
1567 151
228 1805
1577 1492
363 809
1105 1657
1268 1563
1200 117
433 813
106 644
1643 1234
1023 751
845 1413
445 1478
1747 895
1801 435
476 558
751 1374
1692 1047
1102 963
781 357
1302 438
1733 341
1838 491
1545 232
1251 1218
1377 1587
1 22
67 819
1410 1613
1181 817
165 151
1018 388
584 1440
1084 1779
524 1737
865 418
1715 1832
781 1357
697 175
192 111
1021 895
1749 30
1734 270
744 679
1530 395
1076 1719
762 2
1408 1123
1140 197
1560 209
1153 1795
960 1170
1646 1424
1465 655
637 544
1423 871
202 1629
59 951
1636 623
911 395
121 220
1660 1070
47 98
1785 1042
749 1026
1743 1046
510 228
1199 59
1389 1666
778 850
1146 996
869 1789
863 1797
1695 544
479 1136
351 806
314 525
928 1300
1306 1613
262 576
1690 1789
1515 1558
1252 1113
687 986
1175 953
1546 1637
201 1693
743 1368
774 998
1853 1695
519 783
431 1392
1227 521
827 606
1149 85
399 533
1618 1001
683 171
942 1066
1713 1449
197 909
1642 565
1527 993
1747 67
1574 1502
571 199
1411 1833
491 1090
1249 527
233 375
1740 759
1072 180
1463 1483
1225 1023
1320 1112
663 1153
1779 871
1651 1140
1787 1619
8 930
1010 164
563 1279
1743 241
812 293
821 979
1760 998
569 963
1271 1048
958 1521
934 1502
1150 802
289 1377
1572 1562
138 981
1775 882
1358 559
1843 1738
1731 1771
1396 1585
1764 1562
1043 67
1687 1814
1421 1522
153 1795
724 405
813 1836
14 283
1270 1191
39 512
295 67
1009 1340
335 199
1827 1247
780 572
102 228
330 602
1631 1707
460 128
1309 1552
689 252
386 457
894 1034
630 91
10 695
876 1477
1398 1401
739 893
1061 887
265 510
472 1682
1162 251
260 1571
1670 1046
724 1116
500 1385
1778 339
1179 608
352 1597
898 812
233 948
73 1372
220 518
1655 810
803 523
129 466
1430 1244
317 441
1103 922
1346 1096
483 1036
1160 223
1368 957
50 1467
166 1436
307 419
212 1240
1315 35
1820 756
530 1288
427 255
238 916
1349 571
1129 628
609 1747
541 1297
1417 1849
1783 425
1178 594
526 658
1094 787
1000 1347
905 254
901 773
1498 939
766 1246
246 1649
43 1006
1167 476
965 129
916 1668
1511 1365
1729 576
731 319
264 1301
787 697
1041 495
1520 1830
462 179
1615 614
1524 236
1752 1126
1224 946
1831 106
857 1001
1017 1194
1703 1594
801 1781
471 593
1762 857
792 1050
1487 378
1115 923
68 82
1756 878
0 864
89 94
247 525
1108 654
693 1448
1575 1404
1217 1678
1474 23
740 1714
1498 561
419 291
620 736
418 1472
794 154
1703 530
370 345
81 494
835 1143
1646 1042
262 356
1043 155
1058 749
1426 708
1523 486
95 156
1843 1847
1482 1515
1745 1424
877 192
820 296
396 739
341 1564
681 900
1587 222
1582 463
1102 806
1629 1455
374 35
384 1108
1401 310
1617 1366
969 1363
99 1495
1226 1075
90 234
297 1568
1710 1081
926 786
495 1717
202 738
1382 1029
984 1739
405 1055
1823 244
466 338
1465 674
1619 546
292 385
1008 973
60 622
473 1090
759 391
1541 119
724 170
361 534
1369 412
546 4
916 811
1701 1417
687 1731
1770 341
1033 1008
1156 197
1132 1255
1460 827
1468 292
153 1370
760 877
978 743
1049 85
365 1413
1792 1588
74 126
1475 1623
1176 1208
1169 1117
622 975
1430 818
529 1060
691 1817
1509 200
214 806
1383 1329
90 2
1482 1836
840 1595
44 419
318 143
1463 316
1075 1274
187 1257
469 460
64 1517
649 1049
1192 1121
357 1545
113 510
1574 1052
1829 731
1417 1655
518 246
176 732
1659 629
1049 1489
220 465
1287 501
1445 170
1137 1749
862 1059
338 1840
642 1558
222 1842
36 570
318 665
1220 8
1639 327
300 1238
645 903
1585 495
436 1710
1677 1763
491 885
917 102
153 1691
48 862
586 851
1782 345
1599 634
229 941
1849 1168
552 1334
1506 1633
717 1367
871 288
614 1010
804 1157
103 355
226 739
1111 1545
537 1310
1808 894
1476 288
1495 1537
665 94
476 725
1214 750
88 725
1092 1356
1334 1345
1439 37
366 288
503 1849
727 991
830 952
1536 339
1121 124
981 526
156 1325
11 107
256 1019
281 584
1227 876
160 712
1583 333
40 877
715 490
971 1554
365 65
1569 1801
1754 1086
1042 212
47 1832
333 344
1650 476
1767 917
1245 1599
1669 1006
715 1214
995 1346
1532 344
480 1500
405 864
1076 1219
1532 693
413 1731
1478 1262
1144 1104
937 613
929 1820
1083 603
846 1027
921 1180
1244 1459
941 670
1103 875
1763 245
562 410
1371 199
1328 1488
1701 1031
1640 426
1667 1115
1365 62
369 11
43 1742
606 727
251 822
1381 1522
434 1370
740 1419
1731 813
1543 928
1 508
488 367
720 199
1759 1214
1364 1548
1533 437
929 333
598 1691
1743 1350
1236 1596
552 1134
386 1068
1706 1711
1433 120
621 1190
1651 114
712 1330
703 736
337 839
777 305
1064 61
1543 870
227 210
386 62
554 788
392 617
556 640
1586 806
262 198
947 1634
766 403
1207 1800
1274 1537
805 799
1785 1064
1542 1407
1524 411
1207 561
1276 430
1514 1037
1520 651
1398 1040
1316 1506
550 859
1263 397
123 940
1411 295
1742 676
66 1457
51 389
699 745
325 531
865 1047
1207 766
1366 1795
1308 1774
1822 243
907 765
189 1060
616 1385
1132 1146
1424 278
1262 960
869 944
571 526
1764 1743
138 203
86 1439
390 936
1308 923
1027 866
715 1765
368 1414
593 1716
1836 497
231 328
1695 579
118 359
1065 1054
1661 395
1298 1085
8 905
751 759
1705 1692
1255 1662
1248 682
983 1068
1741 46
1718 81
1367 1705
1606 1695
443 1671
423 1748
1449 1730
534 563
507 686
1661 787
1521 648
1560 873
103 1469
126 610
1340 1144
1334 1803
631 1357
1188 844
1508 1069
907 771
1468 1814
1665 481
1463 1022
769 344
1265 1706
754 1816
1809 1719
76 1334
764 363
1616 1278
1205 1682
852 1190
901 696
1768 1217
1550 1526
1208 93
954 788
1837 983
934 797
1329 836
641 1809
883 95
337 1004
1720 1846
487 1469
1683 1612
1398 1298
99 1155
379 1552
1013 984
1771 65
134 1412
1118 1285
1311 823
1184 1502
556 382
378 1412
1691 547
6 1025
1279 647
1388 222
906 1243
722 678
1753 428
700 643
19 1191
1851 360
1121 1150
854 491
808 1158
1704 1177
782 763
1048 1703
534 409
1813 1356
1548 1278
243 1473
1749 623
1472 858
1341 768
66 1779
1124 1296
446 1728
1549 1631
1214 1048
1799 1204
647 1327
744 1690
1784 1187
1424 579
144 1344
280 1187
297 376
1849 1759
1233 34
27 676
534 1037
283 1045
1278 28
517 1215
108 220
908 780
1457 959
1441 75
1591 459
414 1581
46 1090
1461 1063
1229 533
1335 1774
704 262
776 1835
1818 1028
62 1204
1583 346
1036 1803
1041 81
536 191
1654 108
59 645
298 497
1297 1791
156 1596
797 732
783 1334
1759 512
1681 1484
195 1610
357 1595
601 1414
694 732
579 1011
437 919
955 774
1568 1591
391 523
96 1229
1633 1557
914 1288
761 1566
149 1560
296 1037
409 9
893 103
674 1708
1092 92
166 1392
723 97
1034 803
1129 289
187 1449
948 73
662 1848
920 1655
147 1335
927 1162
378 1271
704 1777
1541 1667
1492 1825
235 1213
1801 1677
1199 1614
637 378
623 721
165 483
1201 1101
1445 622
406 207
1575 151
1663 406
426 331
104 358
443 1129
940 817
1031 1122
603 87
548 42
599 1059
