1190 264
1539 1767
958 566
1282 211
690 1036
384 1241
806 240
1584 380
122 1241
430 681
463 873
246 554
1261 1146
765 373
599 1130
360 60
1245 367
367 457
883 694
876 1609
1099 1149
796 1524
797 1399
1193 1358
1284 317
690 1782
119 963
1709 449
600 1407
1069 1597
30 221
1343 1664
1597 1012
35 456
1015 319
387 1117
1128 1285
1000 163
37 505
1092 726
485 909
334 1640
345 1061
288 21
1684 243
1171 460
1644 1112
869 1554
1260 217
866 1261
759 1149
1450 1277
508 174
1808 113
251 174
1112 469
164 284
1434 1798
1705 213
1318 493
584 338
280 1759
985 1006
1545 1062
1785 1770
1135 355
1474 47
294 779
1130 1045
1500 814
47 0
1346 600
748 11
849 869
1516 881
792 1717
1375 1694
555 146
1011 1761
769 1705
1482 528
568 1050
1147 488
98 963
52 259
1034 711
253 1813
275 1059
471 5
311 1652
1845 1556
865 1667
684 859
1447 1096
1479 1215
1271 1569
372 1773
1301 1537
886 436
1156 362
1059 413
267 478
1119 1138
1614 746
776 1098
428 1380
1729 1440
161 539
68 1761
1415 644
669 1562
862 322
77 1707
660 524
1641 1283
59 1104
1503 378
793 130
107 871
669 736
1001 886
263 4
944 274
1135 1358
971 1297
856 1418
839 441
1359 1347
119 759
926 171
1016 1382
1189 888
832 1829
539 346
893 832
1218 605
234 726
661 1569
728 829
1786 255
962 312
414 548
395 300
1282 621
69 1064
853 992
1177 1186
644 313
1789 1736
1557 53
307 2
1807 1792
225 371
1457 1264
1287 591
1593 355
1188 1065
20 1718
685 758
379 534
326 1377
747 131
599 1762
473 194
574 1634
1302 278
314 1731
1577 1516
42 1058
1700 1569
1596 1185
722 332
1073 1636
631 654
664 1631
506 1696
1686 1258
1849 280
397 1609
1038 223
969 1298
1468 475
928 818
647 120
766 259
1816 6
234 161
960 1434
1843 781
963 1660
713 1711
1067 1731
1419 1166
1591 51
987 1404
45 1333
1325 908
378 1700
1669 1548
517 618
1477 83
1096 1427
1739 1010
917 155
612 57
1606 184
588 1673
298 1546
980 1159
405 58
1464 1440
1396 1509
1161 405
668 199
1342 656
1196 1675
1009 1688
622 621
449 1178
1465 696
290 684
1726 1599
500 1522
1655 296
1698 170
1811 447
1746 725
1655 594
1153 128
1361 1118
1786 434
937 420
1431 1626
798 1058
750 236
1520 1625
1155 416
1747 259
1719 892
1741 736
1628 1480
564 18
385 880
1542 370
1794 25
519 1579
543 13
912 1565
1276 1096
487 740
1038 1184
990 925
348 385
1011 692
1313 469
283 92
326 345
1493 249
1658 375
1830 604
819 607
1139 687
896 1085
1798 648
597 442
1178 1347
884 38
844 955
36 271
467 855
766 489
606 597
179 571
229 613
297 1718
300 1584
1495 433
1549 1366
766 258
1173 929
731 134
1209 1336
633 857
887 1639
1063 773
48 304
158 1388
1447 1099
161 284
1095 1435
1563 590
1304 990
913 1058
1704 1490
805 680
304 1731
434 1351
441 85
952 270
949 839
911 876
158 1109
1517 1506
1247 827
82 362
1054 1560
906 953
481 1217
871 1357
30 138
1091 1579
86 298
520 1729
1301 1728
1626 1287
772 938
579 36
200 67
509 1323
616 1126
1256 121
202 523
1470 1734
986 328
731 372
1649 1616
1787 1142
1770 1244
900 583
842 235
1825 236
916 173
1202 1391
1612 1489
722 1718
116 560
1481 97
993 114
1473 56
1002 1310
358 1127
377 389
1470 740
1547 1034
66 1629
1048 1541
396 958
1700 1706
1154 1323
165 928
251 1637
699 1567
12 259
1824 1830
1321 1285
1305 1737
856 1699
1641 1733
1651 706
839 751
1691 896
1217 555
806 1808
253 84
732 361
1079 1845
1557 1743
271 635
1330 963
407 758
485 571
1586 845
1340 457
290 719
249 1347
732 1451
137 597
1310 1605
323 582
1262 1459
1329 628
865 781
1252 1795
900 179
1539 1217
1581 1855
1400 1542
682 125
547 1724
479 814
1566 196
679 1250
1350 1334
461 428
1349 1527
114 604
1188 1836
753 294
666 1401
1432 649
236 1110
993 1581
486 1118
1277 542
244 1449
314 1008
1468 1240
192 1314
1281 1357
1535 1622
78 716
389 907
1318 537
1719 21
613 1129
1802 251
1855 1025
103 561
1834 1528
898 812
1289 1344
1216 981
41 1513
950 1814
1629 1665
1797 1743
458 271
58 672
1817 1196
199 1231
1650 68
867 202
351 1324
420 1468
377 1714
61 536
1255 425
976 171
1002 27
1081 465
1124 1847
1159 670
527 1295
1332 1113
1768 1558
946 585
256 656
1115 763
555 1777
1308 33
799 1129
122 365
1266 1746
1217 1406
85 58
838 366
1507 559
1392 1817
1747 764
463 1083
1010 1281
1812 870
1401 1531
1069 54
549 275
1382 472
555 1769
904 689
844 495
921 643
847 35
239 246
19 1682
1669 161
1614 1360
1577 995
308 1601
262 1050
0 1493
218 1721
1767 1448
935 1516
317 1626
1330 522
496 392
1214 217
790 277
642 789
1316 1318
1513 1571
803 1535
770 1734
698 1757
1292 1195
1637 739
1578 1700
1286 602
1399 338
1563 202
218 132
808 1270
1275 607
273 874
164 617
210 1490
752 1642
86 184
855 663
1779 1292
339 443
862 277
1616 1694
871 17
1485 723
804 855
1139 1176
254 1214
796 1205
1416 1598
812 983
235 1080
184 295
1316 1295
8 542
1279 1487
1814 189
1295 1268
590 434
1569 455
1016 1393
371 1540
226 1295
636 238
848 46
128 1417
53 882
1563 1014
486 1509
981 673
1655 1121
217 489
671 1595
1243 1348
1367 877
590 1322
1001 789
1205 1786
377 465
437 1724
654 877
1500 608
212 152
877 1308
1316 357
393 477
946 791
430 577
162 457
804 1559
1039 873
447 577
764 913
1757 857
679 972
803 1640
1559 1638
39 543
1813 28
793 225
449 1434
594 536
834 807
1665 470
702 491
560 224
129 273
210 1808
1443 399
641 1011
1759 385
952 768
142 1134
372 98
1656 1035
826 1753
1457 1142
1125 756
58 191
957 1347
329 41
348 281
1358 620
1726 714
1000 1621
1771 1247
1566 915
393 244
329 1573
1280 317
527 922
405 514
565 797
154 827
934 21
130 1600
774 1091
1647 1520
735 853
1513 770
955 699
710 1303
1799 1723
1314 695
1699 152
1267 852
1028 601
567 1756
1839 135
597 97
14 329
217 580
1621 839
1547 314
1340 3
146 460
927 1373
30 1735
188 1779
964 1348
1775 525
43 1423
709 1623
481 266
999 1164
842 740
945 1508
761 683
919 1414
1618 1274
1792 582
475 40
826 517
1325 1074
430 1117
105 1328
733 1270
1123 414
1477 945
360 852
1747 1337
1527 957
1312 1854
589 1708
97 1480
525 293
157 819
1483 167
153 1507
1848 706
965 1828
1097 1134
240 555
136 245
1095 1480
1169 476
1004 1541
1165 395
696 327
435 112
552 770
927 1072
1568 77
1715 1336
1203 1801
107 1642
786 1319
222 231
12 851
576 1758
114 84
117 1606
1358 1437
989 1449
1397 322
1473 506
137 928
1732 881
1010 1458
36 1456
828 1533
1484 62
1116 1556
822 79
99 1290
9 1847
762 43
301 908
1164 1076
146 1751
1059 1271
1460 1317
1849 328
263 1639
217 508
728 1272
1483 1692
258 1223
967 1781
116 655
1755 528
1574 1297
252 1825
572 1275
669 524
1814 414
905 321
767 1569
1366 1159
920 1273
77 686
56 15
9 522
71 273
1611 120
365 149
1792 1565
886 801
832 710
576 1848
547 236
1671 1411
1653 1613
1676 1742
826 1342
1195 468
1174 1345
959 552
133 1684
1178 233
441 522
73 243
1638 71
528 1012
748 1468
128 240
216 715
1103 906
1108 1666
686 1499
197 397
1298 590
391 111
884 611
344 337
1475 1650
999 1240
1316 108
1480 747
593 1561
1563 49
1334 789
1216 663
139 1496
1165 1378
297 1691
1035 651
775 1259
304 110
395 264
1749 141
180 58
1023 1202
1656 994
337 1149
635 967
1481 1381
722 1333
189 621
264 1034
345 808
1417 1673
1779 555
569 654
990 609
819 1125
717 1377
502 631
1174 903
204 627
809 1809
1343 1367
1002 200
1850 1691
1577 721
918 1499
623 1121
748 824
1328 682
1141 1243
207 1071
1322 788
1721 781
1462 1695
977 1515
1488 206
115 484
987 195
1483 248
137 197
1752 974
104 1437
405 1679
1177 102
1050 91
660 328
1379 1113
946 622
558 309
1808 1097
110 1353
836 1202
846 437
975 689
501 253
354 223
1719 846
1799 1231
1535 1209
353 1000
326 1500
350 122
1646 1255
1245 539
588 1315
754 1080
812 1188
1546 22
519 1456
25 265
1142 1819
503 1826
1390 347
1257 1374
125 951
1112 799
267 809
1571 1343
1054 454
1368 850
1655 1495
1718 1846
499 1599
1428 1596
322 615
1084 593
1023 98
1497 503
468 1844
1065 1020
1743 1285
1311 752
397 1656
489 582
647 1375
472 864
552 1467
1774 225
1556 1232
1180 324
619 355
1184 1414
1564 1396
617 1234
1688 1227
1263 334
1590 424
630 548
118 647
1169 1710
1265 693
1504 1519
133 978
186 234
64 1570
1621 1728
1249 1110
101 497
1591 360
76 402
1411 76
278 815
56 1272
299 1599
542 449
1113 42
148 710
714 7
1036 601
483 683
788 670
1634 1064
1027 1545
622 1785
975 609
1013 1771
481 641
879 196
1698 91
88 1068
894 453
1611 1152
1369 1317
327 1193
1111 628
606 538
992 862
1024 203
83 1702
264 558
1301 1606
1166 961
259 733
1156 1661
1301 680
384 1617
500 803
942 1078
54 217
1853 1598
834 788
1243 1316
1057 914
464 333
819 846
1310 1613
1084 1448
970 1110
1230 1255
780 509
898 927
1591 822
935 1339
250 1082
285 1134
719 995
851 1382
28 246
655 987
1029 1166
1338 334
1843 1768
1071 1576
149 60
1466 348
400 1233
343 597
1109 1548
222 1004
1726 1166
1593 1016
335 629
1372 231
1099 866
106 476
1305 1456
1853 1196
1726 1757
1641 273
139 1131
1342 675
1323 262
1098 580
1098 1746
1546 27
785 1410
129 357
47 1056
1050 551
1727 1547
1809 59
576 1362
1438 1805
770 1567
1766 655
90 581
1756 491
1609 969
1296 1623
438 1855
229 1447
1257 900
285 1241
685 1824
852 542
1327 1693
652 1603
39 1550
1335 1391
1612 37
1349 1060
134 1266
1607 1232
55 855
1710 697
1320 690
395 1233
1258 1479
1744 668
1283 1739
118 637
131 1300
122 7
163 7
1686 609
616 758
1087 1189
434 1241
96 1800
1033 75
1110 1440
940 1090
1131 1737
921 413
652 811
78 866
18 1125
1049 1702
1670 1832
302 50
1785 1828
351 885
817 550
1273 504
1661 623
867 35
1314 1091
753 832
1613 1360
958 1804
1056 8
593 782
1603 274
590 1486
1561 630
854 516
583 1111
1203 1756
783 43
1498 1205
312 83
452 1030
164 823
1650 1294
1796 843
992 1164
686 1412
310 1190
1055 563
255 454
693 80
1432 1162
1629 1546
701 589
1253 1834
1226 1433
200 1035
549 1122
22 1322
1816 422
1204 1189
712 18
1492 1679
272 1408
1005 1098
1348 889
889 504
231 1781
1713 917
865 555
1241 758
1817 1613
44 1655
1625 499
97 20
1128 595
704 662
1702 1780
1338 1473
566 466
1332 1468
409 1353
75 1083
1157 1317
806 616
507 1350
1590 1175
736 1659
550 1274
300 605
552 1688
1433 1029
295 25
1142 1380
787 122
36 425
1372 1705
329 421
1824 265
734 1762
72 1839
159 1282
331 925
1778 165
543 415
782 284
69 324
1445 1455
850 312
842 572
17 121
85 671
1411 1798
1010 359
13 1617
1772 603
846 735
1272 976
761 1336
796 1512
400 624
835 510
430 1096
1697 308
1589 1249
791 629
729 1725
1651 1184
1353 1507
1500 564
1115 295
893 919
219 1741
1743 1263
1663 377
1178 1591
457 240
496 1308
898 142
57 1563
117 536
1746 612
92 501
810 593
303 431
1264 1571
375 1503
907 1115
24 899
979 1785
800 1153
199 942
895 1611
1265 1574
879 1398
1706 300
1545 603
988 362
893 743
1662 1278
473 1652
496 89
498 1419
174 1484
1854 1714
1294 1534
1476 985
772 697
193 1604
1615 1339
295 1265
1546 623
1019 1327
1581 1216
1613 78
1446 238
284 396
1500 1174
938 296
1736 25
1609 1369
1606 1689
1313 120
62 264
1202 216
1560 1209
162 92
1102 1243
334 1069
354 84
1552 1673
1385 1276
944 467
1278 1558
1468 1348
1816 92
172 1398
544 85
1855 1223
371 922
374 64
758 121
1644 1102
807 280
754 1414
1433 508
69 1468
428 1846
1855 791
649 1085
913 1817
1373 1562
1123 1715
74 913
71 375
1323 1297
913 1179
789 867
1319 713
377 912
1829 948
820 926
36 173
841 268
1668 1377
680 409
1383 1121
1454 106
1747 1534
976 1471
1027 359
1585 1764
104 1148
1583 1673
1103 802
1066 601
1456 643
1325 85
1423 810
961 1107
1831 164
158 209
1389 945
1800 201
987 938
660 994
873 1727
140 1803
1049 1626
719 1006
579 863
1522 1131
156 169
1779 1394
1341 436
1100 1221
790 1384
416 1616
28 1602
1669 1639
1782 850
923 1820
859 1169
416 172
1180 844
1081 1644
817 878
650 1254
256 651
1130 276
1328 1140
660 1352
913 1390
1411 1109
1075 804
455 514
1312 1035
575 1172
1498 998
616 1844
158 977
62 1013
940 1503
833 1720
902 1853
360 562
1077 1607
1653 1655
590 1071
1448 1136
817 1300
485 845
1638 1482
496 743
1816 1079
670 1453
1828 181
843 1400
545 364
1241 534
1596 1780
1248 1073
747 1144
855 1118
722 1489
1362 982
296 489
1392 1232
1646 250
1356 990
809 936
1584 1480
271 1443
1409 1544
88 633
1719 1823
1756 1838
1536 398
505 1559
429 190
734 968
81 87
861 1589
1494 1759
1131 87
661 1630
806 220
1195 1713
196 1444
1141 1020
593 971
1193 908
1362 1111
422 1776
147 884
136 1187
1222 1534
58 444
453 920
486 952
1753 1026
743 520
779 1364
1720 1707
287 857
676 175
810 1140
655 967
1250 807
1063 1458
823 704
498 1762
1092 1718
1119 1636
862 1265
1742 365
88 770
1575 147
121 760
465 50
71 847
1278 52
813 1085
1005 1430
220 271
1741 52
1837 1631
1754 303
1394 1136
1845 1854
1204 1000
1030 731
1560 1763
201 1231
600 1060
1588 797
1579 150
131 1335
1382 1216
1057 675
1415 840
324 183
329 1836
1028 28
1546 250
806 863
1806 509
709 875
1253 1182
1532 654
264 207
1278 1305
256 1797
1622 1069
107 930
1072 339
822 1258
550 1443
1247 1244
942 608
873 1346
34 127
1367 210
1141 21
1422 199
327 151
557 225
1552 413
952 1565
1778 73
708 45
604 1800
1416 1814
1040 1091
1833 20
824 70
1089 949
1175 725
1144 91
368 36
1042 988
1469 1749
413 222
1122 1329
1683 194
296 1345
1394 869
1295 504
1716 1497
875 686
756 294
390 526
616 1679
1175 201
311 776
1046 340
1604 789
578 1487
1791 1721
1337 1650
934 67
536 94
183 929
443 1539
711 1613
1723 1393
775 1148
569 1055
1378 1494
1465 1630
127 1844
1803 335
1580 832
585 1247
956 587
1728 1611
531 1716
1700 1748
105 1695
1760 956
1194 1702
624 1407
1801 904
115 1204
1665 733
1571 1048
1374 1117
1568 1720
1461 291
551 672
1758 876
1260 877
491 811
1794 454
1779 107
94 887
34 1087
1101 33
691 265
1628 766
1007 157
1429 1025
1360 444
1821 1446
787 947
1025 902
193 271
935 1625
1219 838
968 1112
490 111
1149 504
122 103
638 857
629 888
728 729
559 830
1251 1313
1238 999
1527 1336
153 490
1613 932
13 814
799 161
1 654
446 1010
1797 635
56 979
1021 1132
685 1779
1367 741
893 115
1738 394
590 1619
1069 828
545 49
1216 143
515 597
571 878
308 106
803 573
804 239
438 705
171 1307
753 621
1517 1173
1174 874
1388 51
709 621
1716 603
52 651
496 379
687 576
1320 1102
956 1332
1239 882
104 355
1687 984
776 1580
403 1123
1309 130
256 541
1527 536
1768 1679
654 1142
555 312
273 1594
217 800
960 31
289 1551
134 963
529 534
698 52
837 103
1806 1468
182 1605
1419 1382
175 893
122 1580
846 1542
591 1767
29 1831
1735 1054
1381 1741
1066 680
1280 1751
1705 1280
1828 810
1431 1303
591 986
1091 1468
1736 568
1271 1178
742 1016
1199 885
81 277
1398 403
1776 1162
793 289
416 958
775 961
680 219
1544 1798
672 1266
1517 1012
487 794
1589 38
182 111
885 909
1654 1756
654 1583
288 987
890 406
1032 1321
775 666
1255 1161
46 1690
152 445
1709 754
1101 1401
1718 122
1105 315
186 1489
156 273
1378 460
1075 952
674 1487
335 756
533 1034
355 950
1646 1809
1572 660
1008 639
1379 509
87 963
1516 167
1354 940
978 1272
308 693
1287 595
322 1521
1414 1044
193 954
959 732
1580 1723
198 1384
93 982
1311 420
1018 440
1708 66
1547 1661
1239 1793
732 1790
1758 187
16 96
1252 1675
115 735
1671 915
828 411
606 429
732 591
1490 1450
257 107
1476 783
1340 1369
1219 1146
1507 261
1690 113
1134 1764
596 1054
1131 566
1352 61
1471 1730
1054 1444
1382 915
1735 417
372 112
1318 1370
1164 10
526 892
627 1181
1668 1547
1156 624
277 1403
341 1032
1076 1668
1461 1812
1423 1698
849 908
259 21
542 1671
633 252
350 1212
0 53
1622 961
811 191
1804 1468
954 893
966 690
1546 76
1215 1705
521 1071
679 1422
1327 993
1035 510
1534 1219
1851 344
1446 574
1725 840
1071 1843
1500 443
1254 1024
354 1392
1591 969
414 1112
704 334
382 270
175 1783
1146 415
641 1464
971 1102
829 1790
663 1490
1736 854
294 540
518 1056
728 902
289 856
1129 935
1253 797
637 1746
1317 523
1309 1501
432 1078
550 988
129 1701
341 1694
122 368
1721 1833
804 54
1530 1253
1113 764
725 942
58 709
1672 941
445 1616
1689 649
1417 647
646 1309
1371 829
901 1837
568 6
609 787
896 1803
376 468
1407 101
648 1028
1322 951
1434 442
91 1708
61 764
1213 1687
397 1586
685 1784
1679 1132
1547 933
536 838
1302 1338
1041 1334
315 1595
403 8
1763 1059
1064 1117
840 751
1003 695
1576 907
1007 1648
229 537
1114 313
345 127
749 402
437 235
609 351
1596 809
868 931
893 931
59 563
788 619
1037 1317
36 48
1417 1519
773 1491
520 67
29 1428
1339 1816
365 257
222 1441
315 1088
1219 1615
708 1195
513 251
910 159
1610 472
138 1081
1208 1246
663 716
616 1840
639 1250
74 1396
1114 636
1802 1426
603 653
248 1075
1214 1775
1431 135
1640 655
198 387
156 588
972 835
31 731
549 96
1453 370
504 182
789 166
1560 781
87 1406
547 1411
1357 907
1802 126
133 164
552 32
345 199
1740 837
1018 734
802 319
581 1194
547 1565
1676 1405
1121 428
1511 1402
601 97
1425 914
1425 1579
1817 366
928 108
1076 329
553 494
1667 128
532 192
122 560
322 197
700 1684
42 735
1321 1393
917 635
989 884
799 1767
702 1517
459 314
5 301
1197 1106
177 1356
419 1210
850 1690
789 1622
1086 615
1369 108
295 517
1226 1181
366 1059
1082 227
1629 137
337 454
667 574
547 1222
1706 601
1760 1595
1645 1639
488 1135
335 1434
839 666
1774 1076
432 656
1724 1042
962 1204
1391 202
111 819
1288 1790
1452 1420
1768 1831
1369 1591
1212 1634
353 397
1084 118
126 1122
43 1267
1247 1304
447 747
1196 1269
1629 590
900 1370
689 703
65 1322
287 1695
1824 1814
1428 1589
1651 292
1530 1371
492 1706
1104 1583
1188 835
1437 573
236 1553
72 1539
1680 37
1824 827
822 1380
1134 1317
91 361
720 39
1277 782
425 962
1051 255
151 306
303 1243
61 1296
918 242
444 862
1270 136
1294 403
1425 508
322 1706
1090 1657
1016 1187
401 975
782 371
808 1654
68 1769
767 1778
1215 350
1251 751
1389 1027
460 1449
1328 1245
999 844
1121 718
1839 1141
29 1541
234 819
826 1039
1585 150
311 975
12 5
1453 675
1371 1140
632 1080
267 1424
22 1400
1088 199
123 1855
80 90
1029 1554
760 122
373 1191
172 919
576 989
22 313
1809 1461
1229 1602
485 195
14 457
362 187
1739 388
1837 594
116 1604
1365 764
578 549
629 143
1751 908
1666 1346
1131 866
1142 413
497 889
274 210
112 1475
1432 799
168 1336
469 1360
894 838
1084 1324
185 214
481 1803
1689 769
169 1129
1792 1538
1662 1513
1250 1268
1588 1414
1400 1258
330 89
1723 1151
845 598
1155 357
336 498
1729 64
171 27
689 306
172 615
642 1480
1680 1097
1276 591
1589 1192
276 944
644 499
296 1328
287 400
14 173
1158 505
1224 1551
703 1156
127 1855
335 617
1800 911
222 626
35 1802
1058 1787
1124 1233
989 1633
1484 1444
1173 1629
541 973
321 701
46 650
860 1227
454 1426
878 522
671 404
201 400
480 485
609 525
1282 1520
1052 1436
116 1017
836 533
363 1157
1016 1494
755 1309
1088 529
1150 755
1815 1013
787 681
1057 656
1499 549
476 17
62 1012
911 1848
412 1658
96 1441
732 861
1566 1245
1295 430
1667 927
1148 1050
489 633
427 1369
968 516
943 1420
1490 864
1639 1146
1709 83
210 1283
649 1813
985 1234
625 910
621 661
1422 1562
429 23
1222 1328
1451 4
1225 602
38 1067
1256 1340
1463 1033
675 1685
929 1375
1507 555
578 126
1530 143
1028 1240
1052 1809
310 717
1221 1376
100 744
1335 1202
229 1332
1337 1434
1556 106
802 4
1773 52
376 1462
1181 38
1843 565
1075 1405
1178 938
483 1027
956 1597
1364 920
99 749
1721 793
546 1667
514 1509
1206 1269
91 733
265 851
1735 70
1728 911
534 96
1475 655
1285 838
627 1777
452 589
505 1639
255 55
816 1681
1111 998
40 723
760 1610
865 507
1301 369
1036 1190
690 1488
1233 716
1837 1153
541 960
583 995
1703 969
1204 952
704 1685
180 148
1488 514
1036 822
688 777
1624 912
129 1041
588 1671
240 538
66 1372
98 1230
189 197
1111 1366
1785 98
1092 95
1330 391
730 1590
1772 339
1678 971
322 202
1796 776
900 393
956 1187
349 528
67 1236
96 977
1088 1666
1253 722
535 309
538 1063
75 129
462 991
1689 497
832 1158
293 925
64 1576
89 704
1291 1488
1316 108
1108 386
1391 781
777 154
396 1109
874 131
1447 1070
242 1525
1768 1506
682 1038
1240 677
249 512
1698 1668
441 202
702 844
968 1051
1402 81
113 1454
336 1569
1228 1094
1105 55
1573 544
200 24
766 1103
656 1652
1137 1094
891 30
741 1262
1008 1687
1706 1729
1541 727
1102 306
654 1649
1752 88
967 1092
1743 969
1208 302
1780 1607
1021 989
1577 963
1392 573
929 1397
818 334
418 221
77 854
162 1596
177 343
943 1604
875 437
1546 313
414 493
808 839
1496 1646
607 1476
162 539
976 1279
1275 669
1650 1674
817 1849
1510 1529
1086 1818
1132 1391
1275 37
1678 1602
1800 1243
417 352
981 1007
1606 377
1841 1196
1423 1164
455 367
786 579
1001 923
324 1467
735 1040
1818 531
74 399
1402 144
1789 1077
1724 1143
247 197
860 1021
1488 633
1390 1295
154 852
802 1564
870 1639
215 976
985 571
1722 369
1842 1631
1409 1547
552 1554
894 1597
255 946
813 1509
1432 682
1291 1414
1533 317
1200 178
817 1322
29 1539
837 1258
1133 1326
328 1716
528 309
1438 213
1382 525
423 1402
857 1230
1255 667
200 1523
568 723
1207 23
1814 723
839 1317
1072 701
852 464
786 391
1192 370
1799 1249
1678 895
1080 515
828 156
1155 1047
1290 403
964 562
373 992
1013 1514
1533 430
1037 1677
709 802
1128 930
1282 1579
1829 95
977 320
1473 395
1416 459
338 830
1367 1203
1445 337
1032 673
1430 1154
1303 1632
1488 1432
680 1105
1076 1309
1477 788
612 78
1502 900
1088 1005
1460 1755
1450 762
1250 522
1354 1288
547 1431
961 872
16 880
21 248
1742 648
372 705
1684 543
177 320
1404 33
526 1809
149 144
769 314
125 784
446 1754
1592 442
1261 1591
68 550
111 460
1049 581
578 1533
1041 1454
1490 995
1092 1513
1100 1122
1235 1158
1850 1841
1319 1698
199 1759
642 1461
49 1234
304 1294
1285 1163
90 949
1368 1115
271 1425
1310 1403
904 1678
1002 959
1844 1515
1392 1339
452 1554
472 841
1339 184
847 1038
1555 344
1598 180
747 58
75 1482
485 348
921 1694
1113 391
139 170
509 1342
448 1123
626 1353
145 900
1066 440
218 362
1445 257
998 813
467 612
1257 1166
1679 1835
808 1402
460 1483
1427 1681
533 1242
548 550
1851 1145
1394 844
1280 1031
543 1785
438 1443
1809 230
484 106
1486 414
129 1469
1689 1602
332 16
1507 1244
1598 1455
573 240
1819 69
1483 1175
314 679
1055 1099
414 800
1058 1390
545 1653
238 1742
582 311
463 73
379 1787
468 1326
451 1654
1679 1131
1576 527
945 1024
873 913
1151 273
271 647
910 1146
1297 712
75 1380
48 1200
1173 733
1059 928
253 672
764 1786
1290 90
863 273
369 28
575 1476
1043 454
1350 1196
424 133
1660 1357
1451 682
1783 801
1235 1748
1309 1625
731 1231
1230 1411
809 510
289 1795
333 45
1668 1498
1662 1751
669 1053
1532 497
984 1240
983 1207
608 350
176 372
1498 402
1626 1035
1312 169
892 60
840 796
648 627
1561 1588
75 467
1354 57
1680 1456
361 781
1567 380
681 352
963 162
1698 131
333 688
1819 549
1381 1473
1169 766
1333 700
1145 1537
1514 794
1828 929
768 880
350 39
532 1338
240 904
1456 202
913 1103
1610 1516
1288 605
1081 1098
917 222
1827 723
177 608
597 326
660 1724
624 1443
189 1327
653 46
1271 1478
1501 1343
747 603
1171 258
882 1535
1104 851
1823 13
1686 778
239 1794
461 1568
983 1781
1791 735
414 1515
1054 1029
1274 170
1416 216
972 1219
1840 224
1156 1672
1695 671
847 418
575 1295
1775 871
272 1120
507 276
840 1261
1548 687
884 103
90 1332
18 1388
535 417
366 1235
500 672
14 285
1412 987
1673 989
1254 831
1788 31
850 1682
653 604
789 645
1827 913
868 1670
737 1761
23 1686
1120 1744
1458 1754
1430 172
1454 859
324 462
271 653
1512 869
1626 1329
851 1402
1254 1494
721 1294
899 994
707 7
42 1130
361 527
800 1833
1756 689
153 574
1103 1140
1579 1709
660 1081
1476 464
253 1389
535 1541
1006 530
1657 1095
597 1303
1566 257
1627 692
500 1668
1041 421
709 214
1288 1796
1002 1267
326 240
1430 711
140 1401
1302 1410
1709 1702
1794 1700
303 979
1207 1092
515 831
1169 514
646 1624
1578 1786
1335 48
395 693
843 1460
546 1360
442 140
1073 1772
1126 719
1110 1802
1310 496
292 410
337 561
374 302
152 823
302 135
271 44
56 1572
1663 900
741 88
1853 645
1028 1801
1736 1093
48 1450
768 1546
317 1779
1721 184
1806 1745
448 578
285 848
722 424
1381 1064
1475 1142
1387 31
1854 722
1432 1338
1630 880
1377 99
1565 1482
986 1513
838 100
1377 678
577 1830
1687 42
1108 1305
1395 410
1253 1408
941 1014
432 972
399 1338
1682 575
76 856
543 1656
978 101
258 626
234 1517
65 1696
391 1474
1177 1272
1315 216
1504 1040
1226 1323
953 986
271 789
1547 1735
863 1296
1339 1052
1297 1658
1797 1513
1009 1440
348 1660
1129 593
69 902
1245 8
1843 1686
502 89
571 1584
1789 132
1446 252
137 368
410 1488
1733 144
1228 301
1354 1494
1164 614
467 802
970 651
1087 834
1273 1141
395 1343
195 618
670 873
316 1843
723 1324
848 1262
787 913
1304 544
971 682
1723 1414
1239 1841
1354 1470
468 568
730 1768
426 1017
1000 1762
1685 376
1224 1278
92 1293
1007 948
1630 1650
1459 461
675 1373
615 535
630 1235
1081 942
1792 1215
1212 871
974 1308
1710 580
1477 212
555 1245
728 1817
948 218
1412 1237
1044 471
126 1777
1297 1248
583 376
662 87
493 965
1328 301
1124 1073
645 940
210 1085
826 1815
131 309
308 1283
1002 400
320 1006
1321 531
1435 980
1072 1809
2 1009
1407 568
1558 1555
188 358
800 1354
483 591
230 56
1106 1758
1329 1221
845 512
697 570
1091 1135
367 1288
1730 1003
170 1741
1305 914
400 276
1732 379
1183 1135
1024 1214
650 565
320 780
806 1538
1788 699
1759 54
1839 88
493 733
1480 1469
1097 1581
1433 483
1756 415
402 201
621 763
530 1121
165 1829
1813 737
1735 737
594 1356
503 719
1663 977
234 512
1517 477
1482 612
300 485
1755 1846
1219 61
1610 832
1126 1221
96 169
1629 823
336 1343
1719 1007
1496 943
1747 130
1106 1700
1362 1342
127 1187
493 1809
1087 1799
1447 261
1532 402
156 1158
665 1622
1340 436
1586 684
553 39
1434 1432
233 1584
688 746
1358 773
398 1487
595 1572
1038 1086
1207 290
1645 1147
281 1426
1700 457
973 1814
929 426
473 1237
1666 978
1482 351
777 1819
27 492
428 1443
1544 1382
743 1349
943 267
1176 942
1308 1537
900 1701
868 536
490 1353
757 1721
492 521
1559 554
380 1499
680 737
205 433
1850 96
1279 1497
535 1084
1563 707
1334 1090
214 1063
1428 756
375 1693
361 557
1040 469
253 334
460 1520
1446 1755
484 197
1416 1676
1245 548
1029 1232
1559 525
1032 1277
1126 1122
1813 16
585 1599
1529 1708
740 165
83 99
1657 1240
640 617
269 813
977 601
431 503
1355 1780
1117 1805
865 88
1252 1308
377 1792
686 1771
854 239
1281 46
1215 1026
12 14
851 394
132 33
182 487
158 1094
268 697
1715 613
109 1346
878 823
333 1477
1416 1148
1727 453
4 1412
566 962
1616 296
1123 1161
1233 1439
989 1196
547 586
193 1024
241 791
1371 1563
1455 1548
1508 1748
749 1087
1800 295
1217 1345
756 223
1118 1719
348 741
13 455
1650 701
89 950
382 1710
115 212
166 1368
1835 1018
1741 577
1765 798
1467 281
831 119
968 201
289 1124
737 724
59 368
1621 997
1167 1115
796 1023
281 905
1007 1641
1096 631
678 667
574 467
1132 1650
982 8
1452 363
551 1618
1030 814
1413 42
683 1502
833 379
852 1294
622 1822
1545 180
570 659
155 1286
1405 1098
405 1362
1031 17
771 670
15 1066
559 263
850 822
1332 508
665 533
1178 1729
854 48
1675 1084
355 939
1404 1247
1030 1743
812 15
31 1482
1686 1201
442 1145
1086 859
1422 1112
1572 1010
1825 248
684 1607
34 1751
412 895
1237 233
875 649
56 654
1818 1660
908 1815
472 1796
1809 1629
1725 505
761 1147
1072 759
1175 202
1427 125
897 1505
1089 1269
1329 1177
736 916
520 315
1037 198
744 807
1673 888
450 1466
75 1701
1785 126
376 658
700 779
178 1341
95 1091
401 319
1366 1818
1080 996
775 1792
684 1600
1042 1784
298 292
1655 400
266 1671
1344 101
1614 226
88 1230
547 776
954 1186
1631 410
1854 1413
1576 1675
1833 223
541 239
268 918
883 192
6 541
1251 411
438 557
584 155
1085 1353
539 282
753 875
580 1035
289 1075
489 306
794 564
929 1606
1621 318
1590 910
63 774
485 705
993 1316
1372 117
503 1453
582 513
648 1336
1354 351
1101 90
200 540
785 794
377 970
810 1407
1343 150
1226 652
1267 912
673 500
1007 112
96 164
1606 769
67 116
411 978
1721 308
687 263
1649 408
1578 675
1276 774
1478 874
328 1710
500 444
1642 656
1798 24
1389 1639
1144 1572
1501 1096
1647 1533
269 1822
1125 665
1008 611
488 644
768 789
743 485
1099 1756
1265 460
509 1751
415 268
1278 1010
1162 874
1012 612
598 1829
660 77
849 188
266 858
311 724
598 1561
584 876
724 1490
364 1624
1723 553
1556 1261
287 1016
760 526
708 489
252 810
507 644
1566 1179
422 1492
1707 727
158 339
751 1133
877 1277
16 1433
1075 1019
966 1594
1656 235
1682 525
428 1521
1385 711
1087 1084
148 87
1248 270
1456 5
1242 1580
716 1280
745 306
714 1759
566 29
1300 1237
1502 1643
602 829
249 1562
105 109
121 787
661 1786
275 502
1468 1042
223 995
1414 1401
434 619
1698 1356
547 978
955 163
529 454
469 741
549 940
896 272
258 100
92 1028
347 424
1075 1026
931 1659
1354 569
615 1522
1086 128
1701 120
699 1216
195 1107
288 21
590 567
420 1187
249 1543
955 916
956 764
1016 1163
1586 107
1783 244
51 1852
1372 1677
846 183
642 1841
1511 894
419 1207
1136 1323
1539 1174
1450 1010
1792 1230
869 1314
1795 1109
75 1104
62 1522
1810 816
1645 418
1475 1158
1850 842
370 794
444 693
294 1510
1667 958
150 677
531 30
99 885
284 584
76 1029
1455 92
816 74
1428 1362
1585 1304
1390 1227
111 1677
1047 276
289 1546
485 1668
1818 428
1178 1707
1332 477
1092 400
678 377
1393 684
12 1168
835 1748
55 152
102 546
1701 650
757 607
1812 270
1515 561
1852 1642
665 99
1621 1675
143 1050
400 1599
1342 45
314 604
1256 421
1058 1740
1026 159
1646 745
1568 678
133 312
20 1194
9 1133
1010 1587
734 940
774 459
544 298
1292 1328
1234 1800
419 1311
1836 1733
469 496
1422 1376
1122 108
1286 40
18 984
925 1573
95 235
521 136
1069 1378
884 309
818 169
1582 284
1426 1101
1227 1243
284 1259
829 57
654 1110
1403 1254
845 1063
425 796
765 1219
1223 515
1249 1534
1549 388
1063 223
950 1660
543 29
176 892
287 1586
875 309
66 271
1064 678
1847 118
1168 918
1761 512
1258 46
1442 1729
1075 1396
925 789
503 231
666 627
450 1282
8 906
1135 673
222 1464
225 1358
819 1063
347 1623
607 1789
335 1735
1137 630
6 1670
389 1837
124 1667
725 1322
1855 685
287 1727
44 1264
262 158
924 304
1445 1014
1519 769
462 1646
1809 721
1462 2
25 1249
1230 460
609 1159
1075 926
333 71
1224 948
319 504
464 795
1285 1845
710 1221
657 1698
496 842
1824 1694
1253 1288
933 652
1104 1462
1038 1819
1600 1208
1208 459
57 1210
511 561
1712 45
605 1843
617 1117
1354 991
1152 1513
199 1758
513 930
980 297
1614 683
560 1073
1064 769
1070 1094
149 1665
1333 1535
553 1066
613 1508
24 259
1483 131
389 817
602 895
827 1315
1236 1209
83 1363
1594 149
1047 1785
894 458
422 1236
1149 8
118 1063
431 1444
1057 1221
1815 457
445 882
247 1576
569 4
1283 737
722 1379
894 1134
223 1355
1544 1053
1130 147
360 489
466 903
1465 1020
141 242
1005 238
1180 449
565 662
363 92
705 1323
686 376
766 1106
777 1454
250 1755
230 633
1203 1362
275 1843
917 929
1234 1570
73 303
216 1346
1292 1841
1448 1097
995 550
47 1131
1833 1649
1212 1812
884 1473
1645 849
812 1815
116 1277
271 268
1809 187
864 65
82 476
410 1586
1099 271
37 1302
638 25
96 616
1337 1733
1801 1457
53 1041
1544 445
1689 247
1585 135
1799 1669
504 159
308 1233
345 1662
794 1135
1281 1273
629 397
1747 574
794 1744
253 1604
88 37
170 1818
1164 1049
378 780
917 744
1348 1693
1333 1200
300 999
510 63
1135 280
1237 854
630 1262
1744 880
62 777
1665 1192
406 1027
757 385
860 311
1418 430
488 959
653 677
1413 1466
1596 661
251 1596
1607 480
1832 199
1782 1829
52 1465
850 64
66 657
1696 211
1168 415
1463 81
8 1472
1243 488
807 1151
16 1065
260 1350
1339 7
1496 1824
1077 1441
836 1330
1036 1060
176 1023
748 898
1511 1542
287 463
240 82
1397 1820
1412 1678
1051 564
818 621
191 341
1474 1852
1475 1194
213 294
1351 1566
1526 1645
418 1131
31 1788
74 162
498 1845
1607 561
1197 1026
1406 150
655 516
1565 972
562 1629
252 1175
1494 916
949 1228
1367 213
542 1059
478 1047
547 863
1408 1657
79 1220
1681 1120
612 16
40 576
1125 1503
155 930
1486 1406
1509 1091
1547 19
1264 1178
639 833
1633 430
942 270
102 1721
1491 1018
154 999
84 1826
1147 430
1570 200
337 1097
1597 273
1843 780
755 211
1294 547
152 1142
1780 1597
1854 111
1113 1220
1211 1589
1261 1676
979 1608
678 1025
918 1089
1749 811
606 1041
1173 905
1173 1209
1279 138
784 309
1470 1199
903 163
797 299
71 59
642 530
210 1671
490 743
45 803
1216 1472
487 500
1495 1799
236 1449
231 1724
1435 426
685 282
1092 200
1107 878
657 906
504 1231
1649 439
1633 330
1209 1388
1449 714
1148 1595
1651 392
1369 1823
251 47
466 364
222 257
415 1094
789 116
1688 991
1044 1106
1383 257
997 1829
1829 59
772 1620
187 405
410 264
190 142
215 501
999 1589
1641 1421
547 193
564 20
1032 793
214 758
1647 1528
133 670
1010 1279
28 1309
1343 1353
1656 1784
1360 1093
1382 684
126 712
1145 56
1108 1597
202 1305
697 54
817 1245
605 1746
1175 1066
1165 17
1819 886
36 1080
1245 22
1040 513
1728 735
333 1521
293 1454
1197 902
896 1208
671 667
1529 52
896 252
1338 103
1230 650
982 1544
1088 1563
1814 288
19 52
885 1141
906 1724
1839 357
306 368
63 1586
1282 1678
1701 1293
923 920
1849 1661
1126 713
948 1254
262 109
811 690
1203 67
1817 1825
1180 1007
1529 166
515 1511
98 1218
1437 1276
993 1346
1665 941
838 1327
1627 1047
1675 1659
1836 488
951 164
1811 1493
1691 119
1449 356
692 1379
496 1069
910 0
583 1238
1399 797
938 1228
1325 181
1554 31
833 213
1730 1318
1023 73
14 466
1362 1578
1199 1249
1231 329
940 244
1577 1818
928 1330
211 205
1080 1122
1195 1336
119 196
1424 250
582 987
1852 789
921 1808
119 1328
28 1852
512 1211
590 1031
1502 235
1649 291
795 13
1204 1404
877 1807
1228 1147
122 1766
252 776
1214 456
1395 1541
887 950
1126 385
1114 689
581 1215
1461 991
812 995
1796 1657
607 1444
1068 1723
596 1210
584 529
1748 753
271 839
1717 1829
633 307
512 1378
759 1047
148 1779
815 406
593 541
1792 309
655 1598
1689 1483
1636 533
499 395
33 1154
195 57
450 129
798 883
490 694
1288 1461
1000 633
697 960
1778 1375
424 271
1778 1818
884 1201
1397 944
596 124
1709 683
163 766
1304 937
109 997
895 467
438 529
614 1364
326 1045
613 1484
297 1821
1531 1168
955 158
1630 421
1050 1821
1373 784
1495 1563
41 785
383 1319
799 145
947 38
627 1170
671 1717
95 1371
1204 810
693 8
1825 1330
1187 1459
765 393
680 963
414 1528
501 432
1610 1524
489 600
908 584
284 105
376 1828
1641 1822
744 977
581 484
689 1820
1276 1691
1323 1478
449 467
1505 37
232 650
834 664
561 407
1594 904
887 1391
277 642
317 1084
1700 353
168 551
189 79
866 1099
937 1634
764 1367
1666 1021
1316 500
1601 70
412 839
523 1378
210 345
117 1744
1564 1670
814 1168
566 1468
505 1462
1361 550
87 313
517 313
1701 1234
1506 1504
911 1199
501 1099
992 1371
1621 822
1728 759
724 764
1110 428
700 1722
283 161
1854 1210
1449 1838
441 15
724 1844
499 1048
579 998
801 843
1698 419
1130 1234
496 512
1495 1454
450 1842
1057 1609
1703 1126
1741 1705
1131 946
817 534
1697 740
999 187
1433 1483
1281 1029
165 186
790 271
58 620
74 1211
1356 392
41 1574
180 818
1723 969
1130 1351
130 1436
1648 656
729 465
1091 964
1285 882
1807 344
1248 1291
1815 1043
1011 1463
1620 383
1695 987
1216 1481
79 1134
1547 969
185 1372
640 1407
1233 1049
1833 109
1696 1634
525 715
1022 1394
1582 1230
890 632
275 647
698 1155
131 1102
1482 1284
1360 387
1287 939
1222 510
1356 563
1431 1590
1300 909
1482 394
875 1035
44 153
1089 1812
1662 1813
157 1284
146 1210
1753 911
1352 1715
70 176
694 517
1092 198
1546 1031
512 1567
1636 1424
309 1258
510 174
51 1732
791 1291
22 1196
992 1453
451 1794
467 761
1203 1483
967 73
747 367
276 785
383 14
505 1462
1811 649
1072 968
954 708
345 626
1288 1117
345 1384
984 124
1685 1660
1017 1418
635 1508
1602 578
1284 505
1346 1500
1112 390
731 32
992 1620
1435 1184
250 1739
595 61
1376 1307
254 1684
396 771
247 1604
218 537
1798 333
944 781
230 824
1757 1503
1194 1353
986 1158
1598 1779
1069 740
783 1520
46 1632
247 1797
282 1524
1703 697
609 1731
1680 1631
1227 941
413 839
1194 654
1358 763
455 999
1193 1150
339 683
1822 1831
1695 808
903 963
1572 338
57 726
1490 608
977 1435
201 1321
1581 1448
918 1524
822 1746
1681 1145
1027 907
5 1603
230 1835
1478 1567
1491 1215
889 1106
579 1569
316 568
1613 89
703 1694
1695 583
441 71
1387 360
443 1811
1576 277
0 1525
685 345
1488 404
1814 263
1489 29
277 726
1213 485
1086 524
1614 1736
1083 1127
902 1281
1651 860
982 1219
380 1786
921 1067
315 51
653 652
1517 1633
337 270
291 1159
1732 869
1271 328
1123 179
227 1476
1045 1381
386 8
684 702
1684 1534
34 1620
1564 1839
1826 719
586 428
41 1358
1309 719
503 676
288 328
213 905
20 1777
1284 1725
1539 482
867 1186
602 701
914 1634
1576 1689
300 1247
746 1497
762 1338
1439 919
503 325
531 311
1381 27
384 1568
1674 430
411 303
342 1407
727 166
298 1380
1039 1424
289 753
1593 41
1822 1336
1291 1426
723 659
487 1466
56 1845
951 716
1642 1203
1781 12
58 1069
318 7
539 1176
1621 1607
1071 797
30 753
1351 331
436 1767
1686 747
450 1459
113 1410
144 209
1423 1720
1737 1132
1389 470
502 1280
1578 1357
1783 1422
1561 344
1235 83
1461 781
1122 888
63 1077
412 1293
1068 626
1715 666
1488 180
413 244
1145 1496
1735 91
1354 1148
957 48
703 1797
1689 1699
1664 1770
473 414
1350 1338
567 1571
41 1439
320 512
403 1818
1062 77
1437 1641
1517 30
1468 909
1345 295
55 1280
646 557
1730 1297
1179 57
1288 54
1312 92
961 951
1148 694
172 763
1440 347
865 1302
717 986
1083 1763
1445 1614
1460 665
324 200
578 576
1803 1517
1605 413
664 1057
780 494
818 543
1370 267
79 793
824 568
1212 371
318 674
1476 618
1687 426
1791 719
496 1852
1555 196
1724 1692
2 680
1060 1404
1210 392
1480 1159
260 236
1185 1233
1408 1328
1206 931
933 116
1178 292
1017 206
633 309
631 1716
1365 1467
1407 561
866 322
1307 397
273 1097
131 297
419 1249
802 1303
983 337
1703 1616
1388 622
1222 910
1454 1572
1827 1620
774 1603
710 1537
139 857
1030 413
443 1179
1010 163
926 771
384 730
109 885
1413 411
683 625
532 1121
800 126
1621 1584
242 1378
1029 1773
1259 138
1243 451
269 1798
1388 56
1411 982
538 329
107 429
443 1597
30 639
993 242
7 1757
661 721
819 1324
486 596
165 1650
1238 445
915 84
1393 323
1053 993
1334 1467
1662 1284
128 669
1246 1251
1478 1040
1366 240
673 539
1025 636
676 1279
375 1238
1058 72
685 940
979 1113
422 905
453 242
1177 1765
1573 686
1026 264
29 354
765 1330
701 104
1115 17
953 337
429 1029
504 1643
1102 1438
1694 1249
1209 977
1191 53
844 836
1426 1171
935 942
1722 688
141 1668
688 1241
619 167
360 416
385 792
1608 1502
175 151
982 1055
511 1674
90 182
809 1747
69 1525
243 1531
380 360
1234 1369
1159 1440
155 186
231 863
864 52
997 1824
