584 1465
580 616
470 706
1453 653
1606 1777
1157 601
1100 961
800 196
733 1436
825 1562
1548 883
832 364
1684 1242
1406 568
1079 1156
1553 752
212 958
1239 170
296 918
604 1398
1047 544
178 68
1552 1535
1241 869
1451 64
1674 1769
803 1028
412 306
971 1750
658 1827
746 1272
1010 1574
552 1427
27 343
193 1081
1057 767
514 1722
1167 683
306 1572
1538 728
1716 777
1199 42
508 204
1241 548
280 602
219 687
1702 588
444 287
167 1683
1673 1458
703 644
1787 1525
661 239
1813 779
504 111
863 781
1020 461
988 277
1561 749
849 1827
112 438
1423 1300
295 1039
1805 1690
1649 1220
1363 1164
389 1774
93 256
1605 194
1068 908
362 784
235 93
1638 1574
32 1847
809 891
552 724
192 483
132 1388
1713 124
1156 1590
990 165
12 379
497 683
456 12
426 1312
1189 1269
1670 897
1632 1761
368 577
376 390
1138 1541
1033 1440
448 1511
1581 944
911 722
1423 157
390 105
195 278
365 1484
1689 959
968 394
916 188
351 1141
750 1451
1476 1268
1724 326
635 667
518 516
1812 236
1610 1637
1606 1352
1800 1094
1106 1416
109 42
486 1137
1761 1623
1690 1680
214 927
461 869
1353 1581
1092 1576
1381 1844
1323 774
173 1620
861 733
501 745
1659 1834
49 540
1620 10
543 1002
519 1493
887 516
1832 1425
1448 1003
1528 1452
1283 426
319 1297
245 1462
265 457
1539 114
107 1852
1139 1116
1699 535
99 1795
863 118
1299 1818
1136 80
608 1700
1131 1099
808 454
294 1607
365 1550
1690 985
954 19
1457 324
1301 1852
397 343
1269 820
428 1699
304 1628
847 1448
1848 886
1327 1235
1620 416
1827 342
1576 944
928 1599
1661 632
1515 261
671 497
234 656
1416 1366
1434 1530
656 161
1050 1832
1025 1253
421 1014
358 562
103 352
139 187
548 1204
14 263
485 1648
1334 612
1146 580
83 1444
1440 958
496 1168
1672 1230
872 699
284 281
130 543
1219 671
1201 335
739 1638
1484 827
35 697
181 1355
1346 628
736 1307
50 258
1732 1109
49 1369
1687 1597
1055 308
1562 855
876 873
1077 1453
561 1016
459 1403
328 14
1613 480
278 1080
729 968
1088 97
1236 94
927 1225
1009 1122
1684 1494
255 870
1780 1125
1074 1453
1558 399
559 481
1452 531
1027 1067
1701 770
1105 728
1678 829
701 263
1564 786
477 1720
1386 592
889 662
857 873
1567 127
946 1244
716 1525
1598 82
1039 95
926 496
1185 343
1141 1636
571 88
1187 1592
282 1069
471 432
1149 881
1172 1078
353 95
1489 95
615 782
1734 993
1244 141
1205 147
39 1700
21 787
808 693
1584 1302
1592 992
124 656
1001 1712
1122 11
77 795
700 414
1263 769
702 1726
753 1556
592 253
398 889
357 874
1644 1218
1314 174
773 1210
1233 33
703 1035
712 202
936 444
1480 1453
53 475
1699 1057
837 87
333 1609
1073 1069
1316 1023
778 536
162 6
127 1454
488 19
608 676
1146 1516
99 1760
1318 1115
557 759
1131 651
174 1142
626 899
1378 1542
1700 1058
1204 1556
1449 1225
1200 510
1369 1057
421 543
1206 100
235 483
324 288
1237 1291
102 1417
1232 863
695 1217
1603 758
1120 104
511 834
0 120
676 292
382 338
82 1097
1535 1709
964 914
1800 1507
252 552
593 1315
210 1727
1519 882
792 260
374 1403
1495 1634
843 1458
923 941
1021 1475
846 978
1597 1352
161 550
1675 22
538 832
990 1700
1195 810
1219 106
1585 1608
1565 750
712 518
520 1340
472 1058
305 1388
719 282
1344 1393
1093 1535
1791 1441
480 325
1782 1060
696 1434
413 750
181 1486
1168 580
860 1696
1152 182
1493 1622
626 697
1298 1085
516 205
931 1373
744 1026
782 118
1554 702
1073 126
1700 853
957 1505
533 1279
1421 1555
1554 1754
936 1130
1620 802
1009 964
1572 323
164 852
639 1816
569 1701
213 1099
64 101
94 440
1599 928
237 499
1608 1566
1800 549
1258 1281
1575 1763
395 1138
1544 212
1588 591
1854 1253
984 1276
1422 185
639 1023
1007 1136
752 625
997 613
717 395
53 267
1486 385
1525 830
1038 1384
590 266
1641 379
56 1521
1837 159
131 819
598 1813
129 1369
215 818
1266 394
222 714
207 990
1660 870
168 1284
263 1663
1737 431
980 1806
645 1510
1275 1403
537 115
800 487
702 1682
708 1192
1029 575
1031 767
1451 1230
182 1077
1505 535
698 1297
1003 971
1792 452
141 1558
1617 27
615 1141
951 1343
1620 1341
1058 1670
1035 707
898 858
40 1739
1743 1377
511 1469
1833 1188
886 1772
744 51
1421 1043
1789 1818
1590 898
701 284
186 1430
901 992
505 1385
1509 1585
546 1554
1418 88
1093 407
1024 536
37 1743
301 274
1163 712
966 1073
1067 350
324 1741
195 1119
235 963
168 1519
1396 991
57 1668
706 205
1691 333
969 1306
439 419
1058 1219
1564 120
314 49
990 1107
124 398
586 296
1293 605
1499 1417
1127 675
767 1252
1547 870
743 1785
823 887
467 1054
1563 1650
1348 1107
982 1653
162 1237
1684 1442
741 730
1481 486
1729 1679
139 46
1061 268
338 1797
159 1752
1011 431
1186 1307
1182 1138
942 1429
761 1109
709 1552
1085 726
704 1609
238 3
117 1740
1583 146
657 1804
725 1027
919 144
1604 508
254 1113
395 954
1547 8
1418 1731
1069 235
1170 900
1496 1282
1850 1123
1095 486
141 1210
655 938
195 594
857 938
438 473
1530 1088
811 1176
705 1558
2 372
1490 1687
177 1251
1335 404
5 1489
1595 1163
40 1435
416 177
730 69
1067 680
1119 1773
722 1399
173 1421
265 220
288 1419
554 795
363 1016
143 1344
1746 65
394 690
1722 1399
1338 1449
1027 1853
616 643
309 1179
776 1845
839 168
428 916
753 1436
1828 190
1529 1673
740 1269
1336 142
1208 618
65 254
1301 266
1240 295
1272 99
88 1052
799 1027
1672 494
833 1579
569 380
486 885
1761 1700
290 19
931 514
143 1211
1821 566
1510 894
827 256
950 1012
1386 834
214 786
3 995
1610 699
602 553
927 359
1594 1213
1441 415
1376 96
1353 165
613 1364
421 580
448 948
80 1208
268 945
1358 55
526 563
1500 1313
506 1312
721 1565
50 1167
998 660
1383 1019
332 1463
1472 1756
1678 1618
985 453
596 193
781 14
1330 1246
334 1329
1778 1423
1456 63
74 1517
1006 1724
1464 180
1195 123
535 1522
525 813
584 631
1200 1260
1110 574
153 41
681 1715
1390 1448
548 1812
1279 68
405 1180
1543 619
1079 377
1096 1250
1021 143
1356 50
1131 1766
355 590
1744 1772
1523 199
183 1674
1031 1690
1784 1476
815 1848
1151 1481
541 332
170 636
1480 657
1697 228
1025 1193
1041 1237
320 978
115 317
1602 679
788 1794
12 131
740 900
1150 392
1808 1049
1559 1132
676 1247
1410 1451
1817 1066
1215 1022
675 1545
831 958
1260 1486
960 1095
1753 489
434 1052
201 1500
388 396
285 644
1040 1424
337 333
645 336
747 1630
363 710
875 1383
1432 499
496 1180
207 156
1084 526
279 1331
82 1476
755 1116
254 509
754 253
280 1730
1669 665
1172 1620
1349 167
162 1113
977 1307
962 669
365 80
1170 1735
360 1078
998 1247
1185 1407
1519 1683
2 1466
1156 1568
274 1040
743 728
1530 170
273 833
1163 1401
418 203
1342 875
208 1476
1533 460
1459 165
1405 1092
1042 405
792 309
1442 270
879 166
1159 1482
434 204
1677 1331
86 348
266 21
253 1641
1795 990
1714 379
1277 1323
934 1714
186 1825
828 1148
1022 973
1181 587
718 385
1241 706
1423 804
1689 879
1155 237
1596 614
1189 28
1104 1090
574 664
665 623
540 1848
965 1315
1696 1729
289 127
1791 1434
1495 1583
130 732
1454 77
1173 1035
1227 510
1810 1628
586 1786
810 1003
1708 1720
327 1340
658 1038
1644 338
1854 1041
61 1772
1227 1801
1443 1384
1454 254
1299 1005
1796 717
185 1200
478 1151
393 621
1343 541
723 1284
558 1353
195 1320
777 358
1516 254
354 397
109 352
747 1504
1678 1063
256 838
1139 1513
539 311
575 1449
1161 1452
1597 1397
811 445
1000 1855
3 275
1386 71
519 653
541 228
349 1644
1820 1077
770 1331
1558 317
1277 96
1301 376
940 897
482 149
571 1769
1568 307
1190 559
30 290
1848 1826
1477 565
286 150
1133 1439
1136 877
566 1349
1383 631
94 695
424 212
582 382
837 66
285 150
279 765
1154 1545
627 636
920 428
1814 267
1259 1260
123 333
633 117
511 553
765 696
1670 867
206 269
1042 162
458 591
1137 1376
1034 1693
1689 1785
1120 1
816 204
151 113
1539 677
540 1255
439 1154
1419 793
103 50
1840 559
845 639
901 414
1130 986
1048 332
1821 677
1491 1816
1684 1256
640 1076
1637 679
1537 1831
941 1722
1645 233
137 951
1300 1423
1618 905
1180 1094
952 666
643 1151
245 778
712 860
1140 173
1246 1410
768 1126
159 1839
546 1296
1628 1053
621 1635
1368 657
1031 748
470 642
1468 331
819 729
656 1380
662 336
1551 1229
1457 1614
394 893
323 147
251 137
1364 754
1748 560
173 1471
636 997
1521 1486
1052 1173
830 1127
655 1102
1020 390
1068 330
161 1398
1242 1513
1294 1390
1802 772
1665 900
1349 1462
738 426
428 1010
844 1118
1608 330
584 1088
921 1768
1755 1143
1849 1708
1713 1464
1139 1688
1341 1169
909 916
1674 914
533 603
323 351
1741 801
998 890
1728 309
425 1216
469 750
753 1627
597 1079
960 1043
1450 677
43 833
1184 729
418 1107
1713 64
1733 1017
1576 414
816 666
96 1287
1496 1844
1295 405
136 1421
1108 30
1360 1795
734 1397
929 1563
171 835
1481 637
149 1693
143 518
1312 1615
231 1793
19 1609
1603 1542
1181 282
203 1165
1794 356
902 1627
651 572
147 74
282 559
837 526
372 1136
1424 686
166 1763
263 996
1293 971
1788 1733
1042 392
918 1252
820 935
787 1176
942 181
305 1440
929 615
569 1800
136 883
1424 964
835 514
63 166
1703 811
144 417
288 1746
507 61
367 1324
166 697
1388 298
454 861
1037 820
1028 420
227 763
695 1277
1165 1231
1253 1405
1213 611
1778 898
1510 1814
1277 95
1708 405
68 1228
16 706
1040 1631
905 681
248 850
576 1498
1795 0
867 941
21 236
1500 22
1436 772
1024 649
77 1333
1381 31
346 625
881 1038
1355 372
1610 430
267 79
1134 1598
1632 701
1590 1707
537 599
473 391
1098 1469
1557 619
1440 1194
1327 811
1852 460
428 627
1453 1102
1076 598
531 1801
1292 870
792 1450
1588 1383
158 359
483 619
1349 1845
1 1198
705 529
509 1694
582 78
634 934
785 1627
854 1210
360 93
863 1726
1853 585
1338 660
1424 880
176 183
605 1388
345 1222
49 521
502 466
187 1356
598 209
1637 793
612 881
629 550
659 1407
878 152
1527 549
1726 513
765 518
140 189
119 1194
1595 1341
584 17
167 629
858 1067
557 918
1151 1522
887 1037
1113 1010
133 922
1552 1058
1446 923
73 1773
1500 1716
1175 1397
1013 1791
1036 1452
1259 1755
608 339
1585 281
101 562
132 1355
1231 9
712 1601
812 1840
411 765
1577 1852
1298 978
970 1608
1139 1253
1153 1368
630 1720
435 1764
1106 1444
245 1034
473 1701
782 401
1420 1377
83 931
565 421
769 786
1854 130
946 48
1046 132
1490 539
883 1461
392 1265
1180 475
1742 644
731 274
1266 1440
20 614
847 136
1619 768
286 114
508 1406
59 611
782 986
1681 414
1734 214
1162 1069
1068 1290
1595 1333
1855 948
895 1715
1364 1724
1006 675
978 227
164 860
791 985
628 1364
1671 1783
1192 1290
790 644
804 1058
674 169
1188 785
1090 328
791 920
1657 1711
1266 1765
1178 1379
1231 1473
596 1367
1688 1213
1195 957
1807 1660
204 1525
1843 1285
1700 569
1640 1505
507 6
871 1045
813 1279
902 468
1823 1540
1015 1592
809 560
1058 760
266 659
1695 1778
201 162
997 727
752 1338
901 1243
154 1439
423 1066
840 1656
955 205
788 1323
1532 97
447 198
316 1659
600 1671
379 1637
49 58
1047 1104
1833 1002
1765 1723
1140 623
589 988
194 81
1197 685
1360 1141
615 723
1515 1026
1367 116
1544 762
827 366
346 494
1476 426
1770 1299
694 1712
246 443
664 603
187 566
795 1516
1106 985
1821 1715
1741 919
1840 339
1339 1204
1820 1450
72 1275
1661 26
1220 1329
1114 1836
1612 709
342 164
1733 299
1277 1717
1483 1259
1573 941
363 1483
1165 170
463 1067
738 233
971 1608
319 1572
959 1525
1349 1260
715 1203
1472 477
432 1493
156 462
1417 1634
1478 258
1667 1791
835 246
799 229
412 1243
1077 32
17 773
979 1235
1193 750
580 108
1405 1375
400 1319
104 1526
166 1626
35 771
945 1670
1776 1311
113 314
742 57
500 1444
8 673
880 152
138 33
646 825
502 1509
603 95
1413 1038
252 240
1384 1799
1014 1178
335 1326
1809 1237
79 1479
81 1290
1609 532
527 1144
1176 845
623 348
1117 1149
1344 5
1483 711
119 673
965 1033
1801 852
439 587
1342 554
1031 760
1447 654
429 602
1012 1060
156 224
303 1443
1314 527
1610 930
1768 458
1307 1096
252 487
952 507
1851 20
1261 1161
995 1417
1222 1695
1420 1382
1688 650
752 1021
1506 241
448 782
1469 394
1374 832
1057 1534
1396 8
30 446
1554 143
1344 1505
1671 1150
1494 406
637 1498
911 874
1593 945
228 328
1378 851
778 1036
1580 1717
1495 1768
448 1715
309 1811
490 825
231 554
478 902
1549 1672
667 128
742 1182
1501 1172
1412 692
1434 12
343 523
555 1677
485 1125
86 1404
59 1667
1844 844
1766 636
16 1098
188 907
1613 125
1563 1515
770 844
454 116
904 323
1199 1026
1025 568
401 1024
1651 1444
942 1760
288 907
1428 45
992 180
1394 70
643 1228
187 1715
824 657
457 152
1823 574
960 1394
1361 467
557 1085
862 250
562 1453
1588 1233
1757 22
1239 280
1570 759
1048 1542
1356 317
1496 1853
291 1788
1064 1342
60 229
1141 531
1371 163
859 1815
1430 1487
1086 1571
613 351
1371 390
353 301
881 1328
1165 1287
772 1375
1782 230
206 411
1785 1137
523 1014
1490 1390
1523 463
1477 188
1123 453
1185 1848
332 1680
1738 1799
319 1413
1479 1113
1299 707
1623 725
1121 1686
1407 1133
1611 1397
527 484
544 614
580 817
1317 28
199 1620
1705 1125
1229 205
1611 95
649 1700
819 1692
347 1563
1118 974
1794 1339
1021 851
1242 108
1503 1413
1709 858
1542 1724
119 704
1396 252
901 1409
635 1073
69 1383
1000 237
324 42
1293 330
1256 634
1735 11
1478 967
212 1066
1520 628
605 859
543 1221
1268 1538
310 1417
1440 1656
1608 1572
509 634
643 1757
1832 1711
254 64
595 1706
1150 1592
48 945
163 1675
493 291
1052 1238
231 185
1135 261
1559 762
833 355
861 1362
790 735
1271 80
1357 481
1749 897
601 181
1240 102
1355 304
197 1430
1206 1826
971 1225
941 701
36 680
151 625
822 876
1709 432
288 204
68 1726
1440 837
1689 688
1098 680
670 1129
1699 1223
1671 1214
371 592
888 854
1253 1713
1408 1424
1830 276
570 148
1357 1575
187 1145
494 149
119 1391
1519 534
1040 468
1780 1765
1753 554
663 331
130 924
131 398
806 25
1437 1340
425 1570
1836 1359
1703 171
1290 336
997 287
1244 742
1669 232
0 161
1169 1728
1547 378
250 1009
545 846
1236 948
745 811
695 1107
611 1771
955 1521
424 305
1473 1305
816 173
570 1214
1083 511
465 1751
1288 1632
1152 636
1380 132
649 175
190 382
531 1809
58 220
1706 727
577 1153
1420 1694
1542 1701
221 866
1608 801
1449 1817
1249 1375
51 421
783 484
1547 1588
1202 568
1174 534
1446 937
1344 824
1102 1527
1792 891
1 394
1282 234
232 1709
154 436
1804 890
528 335
425 144
699 1310
1111 1851
943 1318
1494 8
1167 164
1543 1792
1623 1244
1232 420
1469 1152
1809 1012
1541 671
1493 101
1044 494
1783 209
999 95
1259 1055
584 983
806 682
1514 1437
691 741
524 383
1007 664
325 247
406 915
1142 64
691 945
1122 181
968 42
1473 154
269 1195
1235 629
540 430
1369 1140
839 229
639 212
96 713
1017 1351
240 179
1692 899
1532 1359
385 1249
745 1376
1007 776
28 809
1787 1070
828 871
432 615
1123 634
1498 490
1437 1416
655 717
55 44
1749 63
231 951
1195 401
434 679
600 470
1166 20
1278 419
256 608
1691 1601
1534 1144
1776 251
526 460
763 621
918 1765
1645 61
903 1233
297 202
1326 743
1188 1554
631 1088
855 846
473 462
539 475
1017 1503
434 1069
14 750
1182 330
248 578
217 527
1848 1399
31 132
349 1804
1633 1573
127 53
776 224
1791 1104
1655 1155
1516 1636
288 1196
1216 231
1817 710
1313 750
400 1308
145 1275
1494 1299
1738 842
375 302
1744 791
724 1457
329 826
1510 1563
925 60
1078 1000
1042 1097
71 204
749 43
1391 348
89 1586
532 1770
814 224
1231 411
1205 1411
1305 974
1754 519
1238 123
1181 76
858 806
983 1638
679 128
199 1580
703 1138
1524 1003
83 428
800 510
980 376
960 242
553 193
1237 993
1296 71
1334 612
1847 337
1630 436
1631 1787
258 779
992 1139
66 686
63 963
1223 1748
1115 1584
261 946
1758 255
126 1412
841 1133
909 182
1354 252
1614 1265
779 572
146 1799
480 1249
530 105
1678 1605
1405 1426
1186 126
553 45
226 745
831 371
412 692
339 1518
1259 1517
943 1180
1312 1815
307 592
281 2
1099 1757
491 1340
347 1365
1542 1316
1519 1725
1477 724
313 1752
1088 1186
1647 254
740 1445
1269 173
1303 762
499 1205
129 720
1391 646
1131 1639
574 34
1527 1770
826 1682
795 1376
1555 637
1332 888
422 9
1407 972
65 1241
1305 921
285 1295
1596 1130
886 400
769 336
1013 63
460 229
1210 1545
1830 814
880 1607
491 1796
605 115
862 634
836 388
715 719
1588 270
646 1112
1528 133
873 1103
1367 442
454 497
111 865
1786 861
455 1602
912 1192
99 188
508 678
5 628
1665 614
280 1009
1524 1557
1644 475
949 1839
34 1395
1614 430
940 853
24 1203
681 1134
68 332
113 1276
1532 797
1144 1546
1 461
1725 34
599 517
1412 76
901 640
1523 1529
858 651
651 1507
460 1116
249 441
582 1528
827 1214
1688 604
1809 710
1334 1123
639 497
1165 1293
130 987
17 1292
161 1001
490 1514
1784 1043
1165 332
1268 1377
1558 1783
1824 677
156 1329
972 567
348 607
1041 1120
52 614
73 403
1465 1180
823 1731
1690 622
1545 38
342 1849
1823 523
1714 229
338 337
1023 1135
602 203
5 1396
614 1648
909 278
265 645
993 475
1690 1545
1341 1815
1420 1198
263 518
1292 1306
1116 1570
1735 736
1083 873
1398 845
129 1189
1445 574
377 109
143 1558
1087 338
536 368
703 1738
1837 949
1692 1565
595 869
4 1759
1427 619
852 1191
1019 161
148 1109
117 478
389 706
868 1717
600 769
79 1031
477 948
1759 526
831 241
1839 691
874 1819
1382 614
1695 594
477 302
215 557
625 1150
51 271
76 1525
1721 551
1263 1218
397 1081
79 1008
1292 1199
392 163
467 1413
869 958
206 1814
717 434
1284 263
562 497
1551 1115
1762 1352
1179 1659
328 152
1645 944
1207 1797
540 1315
891 1183
1610 1249
556 49
75 1415
1471 1270
1568 1312
77 1324
1519 1599
128 546
536 812
275 557
16 529
1444 119
395 1767
760 101
1555 261
837 984
1585 1148
1389 1839
621 466
189 1076
65 358
855 1155
52 1197
62 107
1500 1354
1412 461
1126 1563
1759 401
969 1648
1315 313
241 1824
289 561
1825 598
1135 1515
1693 269
1421 904
544 1654
1425 961
227 1530
1254 1022
845 162
525 210
141 1382
1225 448
977 882
822 1317
36 637
991 415
584 401
706 402
1505 515
1836 1072
243 1776
801 934
92 392
1269 421
1225 1210
826 1021
1748 1772
1234 395
144 37
17 1819
763 1171
1011 1134
473 1545
387 1747
330 1110
1678 1406
8 649
1492 674
1640 1113
891 1093
1278 867
1831 836
718 1193
249 119
930 1491
1695 135
486 777
158 1390
879 140
216 481
1418 52
1667 1354
1773 1848
538 1831
103 44
240 595
590 445
1166 1714
1784 1366
34 1811
1580 299
402 1687
176 471
1015 145
1130 452
474 878
1805 1687
669 1593
1418 801
129 1523
1473 230
560 277
258 908
749 7
1691 764
1684 605
1049 1353
1518 461
689 1093
1164 1494
1492 741
256 733
674 789
144 746
651 268
1730 906
17 1170
841 867
770 1151
1177 1129
1633 450
1221 967
1729 922
1496 1088
491 1068
680 1678
639 1075
682 562
1497 975
618 1589
1638 1442
1536 1725
1536 903
1756 1133
1129 1163
300 1399
1750 167
362 942
674 554
1145 1523
1705 1259
1641 1264
223 1456
1389 1773
101 1211
916 1182
1641 548
147 1193
373 822
1371 50
1799 617
336 1786
144 1178
1234 1599
811 220
1329 1229
410 92
1226 1050
1581 965
1601 535
307 1092
242 837
228 164
1671 1852
1434 119
507 1240
1596 1761
863 1027
1519 1569
607 524
1372 992
1447 943
1608 1405
124 1619
958 594
53 1277
1269 1479
941 265
469 785
402 887
893 1068
130 1173
1177 1367
1377 184
37 29
167 972
1286 333
317 293
603 889
1823 1169
1134 939
44 1414
1427 1210
1368 1547
1659 670
1855 1811
1379 1063
1273 938
856 873
67 1524
1157 1326
726 111
1783 280
1801 1421
1831 680
918 1516
769 339
711 851
54 1577
1638 541
668 653
1241 5
273 1001
1834 906
1642 153
967 594
842 984
1064 941
114 645
1830 1728
1711 1512
387 1322
284 1550
705 1309
574 1451
834 1494
418 556
876 1003
654 1100
1218 371
1853 107
1350 1170
1132 287
411 600
297 1807
619 84
689 1599
1637 82
1759 1626
1582 1077
599 1491
859 1429
1039 1504
319 1275
711 1796
1303 1179
1603 345
512 1821
30 1660
916 421
1609 102
816 357
403 1354
857 1705
1293 275
692 1463
338 615
1347 1827
640 880
140 1143
643 1165
158 1076
127 383
685 53
1593 532
1439 411
1350 978
726 1158
1004 1021
1370 637
1328 522
80 599
1676 1817
749 1393
1783 1750
1224 762
464 710
1394 392
13 1238
1138 1387
626 140
1099 870
1633 1223
455 775
623 1754
559 540
195 1739
750 1151
280 49
1306 1367
917 1413
686 1314
1319 1049
1795 1806
1827 1126
880 884
289 1289
1829 1616
864 223
362 533
165 977
1569 1710
186 1848
1760 565
206 1586
233 1397
682 580
569 908
80 376
1404 371
1426 908
1080 390
428 1004
1168 1514
1216 218
1533 577
352 752
1469 1602
1810 1142
956 320
1212 1351
1265 1170
1211 924
105 1369
316 569
1714 1486
899 229
2 1628
1396 359
1363 121
899 485
1837 1444
1847 1084
1647 899
1559 837
1377 1015
1212 359
1598 1239
1537 26
1159 806
695 194
1114 118
1834 99
1051 746
1548 708
757 601
1673 275
1146 1516
1009 371
1432 1263
772 122
1675 1030
1598 1634
837 385
820 723
206 632
176 830
1095 920
1638 609
1765 943
1800 1640
1841 1194
626 686
202 1319
341 260
4 455
935 80
44 1782
1309 1565
1067 1821
1502 1516
335 455
312 142
1770 1030
481 512
538 220
157 1039
365 948
148 1487
319 274
1565 1767
84 662
93 304
1103 75
430 1817
113 1282
988 1237
151 338
1384 1788
1489 502
51 239
872 1210
542 712
447 1292
1696 46
554 1520
231 516
1474 995
265 674
471 1238
1768 592
1647 1738
167 403
992 1318
514 74
125 1040
923 1513
1817 1109
738 1024
910 34
1143 978
914 838
934 1522
486 1064
558 1528
1756 1815
942 291
205 293
320 989
1626 678
1657 801
64 720
715 1373
438 1119
665 1240
1831 1161
444 699
1490 775
583 400
12 1758
1698 1306
594 1620
967 341
621 1003
1595 1388
1310 1458
1501 1314
979 1070
641 443
685 1549
999 865
1177 290
1854 842
1805 286
1378 1384
958 484
159 268
94 133
65 207
1300 439
251 1029
747 1473
677 1554
1344 107
1537 1774
1563 1363
1291 1671
1101 1043
1733 1762
1416 866
41 707
622 46
235 1298
952 534
320 1085
1115 604
1633 1794
102 1574
1321 1591
286 1836
480 213
851 1120
637 41
490 1084
664 1458
1018 1186
1221 123
846 408
352 1499
1699 258
1554 1232
449 1843
439 1198
189 330
749 876
1221 865
767 878
1010 1788
390 940
1111 1622
1766 1025
1463 1612
410 1722
288 1288
1206 142
1073 1275
1202 803
1812 1641
1501 1841
273 1429
1195 178
895 328
574 700
632 113
1240 1248
680 1714
670 1398
1262 942
785 1011
1141 1078
871 1532
1797 1207
865 1127
444 1089
384 1106
559 1031
298 933
1553 822
1820 376
333 920
502 1009
1371 468
805 531
1452 291
707 988
77 1273
1093 1462
1818 67
799 286
712 45
612 865
1850 747
816 52
1704 1508
1803 139
771 872
1136 14
57 760
498 460
409 784
1267 739
667 1041
1274 1266
1082 1039
1538 112
1197 1825
1232 91
840 772
1655 720
735 1060
1380 216
548 928
436 654
1591 309
1421 1808
1169 1780
979 1057
281 1599
530 572
1161 363
31 1215
1265 1536
883 1612
239 474
668 1277
207 255
374 1194
1495 73
1000 131
565 1683
644 155
583 1769
579 399
1217 1030
963 399
1163 1382
1241 1801
279 1018
1071 1503
967 1487
1756 494
946 278
768 1789
319 844
978 340
566 485
340 67
538 1638
699 1562
1227 1603
690 544
1685 1042
447 1058
45 247
1592 1144
1298 1664
578 1139
1571 417
859 472
1751 1233
1580 96
1015 351
119 997
827 274
1301 1587
1092 141
698 1496
238 1492
1132 400
677 671
1341 981
1645 606
211 347
229 779
196 1594
1177 1137
780 976
71 1634
1827 1238
356 632
818 1402
1217 1464
934 357
1396 781
444 1240
1244 1192
485 1233
552 1416
988 29
1271 502
809 1454
1675 395
1073 1125
288 295
1109 1593
114 1319
1566 763
598 1566
559 479
971 624
266 36
344 413
107 530
930 721
1339 511
1625 159
125 429
439 83
1198 1573
781 1825
433 557
863 1549
60 1762
1555 1619
1473 947
958 1635
865 819
482 1641
1381 768
1522 1579
143 1666
1308 471
478 1498
143 1542
1786 1610
756 982
918 1631
428 74
127 639
952 1325
1284 791
553 637
827 1789
1369 732
1699 1364
418 1275
1490 1351
252 975
622 1501
448 756
877 106
1293 1228
1614 1732
1613 209
462 1811
247 1828
1066 138
491 983
744 740
1568 1639
829 658
325 570
315 246
383 920
1255 1782
1811 319
1272 1572
744 255
305 1414
55 1351
639 1531
889 816
471 44
572 812
939 1113
216 1385
1378 1139
52 1670
1024 901
826 1125
324 109
468 1453
328 408
1244 1229
584 739
461 1758
153 1378
131 1224
88 21
1432 1700
1137 1052
808 304
171 1553
153 664
1691 638
1729 1774
782 351
993 51
933 1067
711 1188
1788 249
367 1566
472 1523
1590 1794
804 1258
1030 135
1303 648
1579 13
1377 1502
751 910
317 1107
1818 564
789 1227
254 898
1846 1748
1569 1834
985 1110
296 29
1601 4
1047 862
1567 555
1549 713
362 855
1273 541
1636 209
513 1637
776 219
1723 1605
1422 807
195 587
314 1019
1648 1322
5 102
470 1698
916 1791
1506 1693
824 313
695 1445
29 949
461 1140
151 15
727 439
1191 1717
1302 133
1398 1440
1719 1289
419 1722
1596 1730
1721 276
123 200
1240 1396
165 1486
734 1437
1570 1593
949 631
1370 287
1368 1737
1308 816
839 1766
1500 211
959 133
1407 1487
1125 1795
1131 1752
969 1432
315 1125
807 529
1754 1375
233 1067
799 166
610 726
76 798
1129 740
869 1439
103 187
753 363
592 903
270 1449
1666 1040
1082 823
1187 1446
190 156
1310 700
1098 1168
493 1360
780 1612
1783 370
725 122
206 778
160 1597
1235 1363
241 1020
1343 352
365 446
1546 1210
314 463
783 1479
1344 1084
1672 1374
212 1596
1309 989
1768 1622
1294 1378
43 640
1758 980
1174 381
55 1542
382 1553
1465 844
674 1495
895 1064
1194 1485
861 1114
140 1568
1556 199
1597 920
1129 1386
869 551
1497 679
806 1213
1279 1715
538 1248
919 1389
1118 601
1328 1569
880 149
186 221
331 405
1067 1160
1405 1307
641 1837
585 1625
1779 308
1127 775
794 452
1570 529
806 54
995 1356
1744 270
350 146
1843 283
1808 1473
1850 893
852 662
712 642
555 1010
1488 682
43 529
1112 851
179 744
79 1729
500 175
1838 762
1113 71
1614 1363
787 594
1741 493
47 512
640 543
786 816
193 1027
1529 870
695 418
195 787
768 898
529 725
1075 1831
1330 1384
233 1355
706 949
1270 282
218 976
361 1305
1033 988
316 722
1814 1650
637 646
1714 89
681 281
67 685
1546 354
1419 1080
1455 920
1393 61
737 1199
182 178
1658 1293
1358 81
1542 368
1543 1267
338 1467
46 879
972 351
1261 808
1773 128
1547 116
1084 778
728 245
1396 491
1199 1057
1000 344
420 1607
868 256
499 1672
348 267
593 973
621 1439
175 1657
1215 1758
878 357
935 1619
464 50
959 43
836 1621
1131 508
628 232
1669 1602
1579 1510
1429 1777
1102 964
1491 744
444 618
226 1337
154 1637
564 1607
969 734
301 984
1505 844
846 1357
756 1388
420 1203
204 1843
1223 1177
285 238
1080 1418
1132 1094
1822 1775
806 260
1394 514
681 722
1136 1025
802 868
1114 1720
1831 397
730 1844
634 1497
230 881
709 546
925 1741
160 533
1739 189
1376 1837
1109 1807
265 1727
682 1452
282 1699
512 1019
1240 652
1443 1282
1379 332
102 926
1471 501
802 1046
647 861
170 602
150 553
1566 1654
480 14
1644 1098
1431 692
152 1839
1081 676
268 939
79 158
387 591
1436 1829
392 566
1361 1578
738 1259
1004 928
128 1715
1286 505
809 1681
268 1276
1657 1175
781 28
861 410
944 1149
1481 236
635 152
927 758
1501 1184
1250 1481
1500 520
1168 1137
1205 856
760 267
1691 1840
724 356
1109 1627
527 617
435 412
1108 1217
1798 130
1664 163
42 306
194 1501
2 1757
560 1628
1036 1210
1121 593
561 527
569 279
106 1338
1448 1381
1510 1677
230 557
1190 842
1795 1579
1528 99
778 983
306 1069
776 114
432 689
1407 1145
271 1712
928 729
376 1312
1578 1685
464 160
1530 1314
1395 1323
364 537
915 621
308 1021
1462 1486
1424 1665
1270 1275
1466 1426
1080 868
1701 806
498 127
1319 1652
1185 1199
1776 1192
642 869
516 440
1222 1659
889 766
196 216
409 1345
1018 243
803 1515
1105 1438
745 662
679 995
1181 1717
245 1566
1432 988
524 1833
654 442
1488 1510
10 626
1284 778
337 92
260 64
818 840
987 741
1425 976
440 1217
823 1493
1490 144
1784 106
641 90
352 1640
189 81
1305 527
1405 1601
1803 1046
333 1147
728 877
721 1852
324 1168
705 644
283 692
1567 886
683 58
1304 1201
524 1210
528 297
1308 1829
1247 1200
1484 955
334 1230
1050 1517
335 1702
1475 1152
941 1734
129 396
954 520
1231 1283
582 447
406 797
1804 119
242 1752
197 140
320 259
1720 145
1338 1020
139 1059
315 1661
1784 380
1831 1431
277 651
707 517
219 601
520 1315
1641 1626
1540 1358
565 1103
249 194
1053 1267
1311 1817
847 642
468 544
1090 892
1684 694
733 342
328 887
497 125
644 1488
1351 1284
1744 1387
1389 575
1161 312
700 916
810 652
513 71
1287 1062
1558 1767
1222 1220
1037 191
1140 301
845 579
91 596
490 987
895 935
1768 368
131 844
1226 1050
841 1639
942 196
426 993
384 1166
931 689
348 264
768 9
1118 104
621 100
775 400
647 1023
581 1387
1191 271
1718 442
143 1300
666 1189
1838 79
1194 1130
311 125
136 450
65 339
998 1192
1133 768
766 241
355 758
1447 1079
378 54
91 1343
130 885
47 344
1553 1058
380 568
1735 1594
308 809
730 132
482 16
615 1296
666 748
1005 292
1165 516
714 677
1827 757
679 1847
300 1454
1494 1651
1140 190
247 550
1063 185
1418 83
266 809
914 703
789 1546
1533 1292
951 1259
1181 597
1838 473
1259 1430
650 416
1152 1634
616 1466
180 150
1612 376
988 1062
302 1487
516 426
1593 964
1321 1301
379 1458
1729 1338
814 1749
228 1050
1505 1615
627 978
1013 132
1477 1633
905 1270
62 1822
1494 1675
1616 1564
1673 872
933 667
45 3
901 651
397 32
871 1699
243 732
1033 1166
25 349
1171 788
344 1822
1745 797
517 1329
452 261
1275 1073
1505 533
1052 1488
833 1031
805 1453
1554 325
1623 584
607 892
1304 1272
855 1275
927 1308
1031 1406
128 369
1146 1814
761 956
740 856
601 1506
281 1058
537 1631
919 1180
631 576
1301 798
205 1204
30 23
1473 206
1415 572
39 390
750 957
126 1821
812 616
512 473
389 872
1446 1128
491 1043
1408 1057
281 53
474 1491
770 1137
1071 634
1307 1678
1042 1136
1690 1380
830 1248
313 1197
1538 307
1780 1213
1771 1665
92 1166
969 1669
821 365
1404 1748
1116 1370
877 1698
1814 340
1336 1751
526 723
548 286
322 848
821 1062
1465 562
38 507
1059 1124
1712 1064
1136 461
562 701
608 1021
1719 647
1850 297
1270 284
822 1064
1053 123
701 1065
1264 535
1024 875
463 649
1009 724
327 695
287 1637
1235 1345
180 101
1609 897
698 29
908 389
259 393
288 1494
812 1257
247 1302
309 1675
1532 199
856 999
1529 864
799 346
461 1627
796 1216
1565 1474
337 672
1241 1810
346 1360
96 1654
1810 1327
1345 125
1491 1808
793 1358
10 385
1292 5
994 182
1483 800
921 1644
1287 1604
1120 594
407 825
461 1322
658 709
643 71
982 50
189 1647
1706 566
1591 700
1369 182
482 676
817 439
55 1144
713 931
308 520
309 914
1245 1305
792 114
1206 74
1379 1482
523 1151
566 54
488 1196
1709 1157
1819 376
62 1164
1832 790
713 1506
1127 209
889 650
721 1714
899 1498
236 1713
1080 1251
1543 1736
488 1423
31 1757
698 163
796 453
1313 1014
1115 1514
143 323
1119 1825
1563 1413
33 1146
0 527
1242 1395
960 1617
359 903
1202 637
1642 1655
392 1754
1788 1855
1277 122
1217 1737
176 1585
611 719
113 1034
1140 1524
1237 476
793 1836
425 1119
1047 166
32 864
367 331
1004 1039
783 1807
937 1041
137 734
1279 1321
939 1400
33 1792
40 909
747 815
1548 1681
959 1403
838 821
785 85
578 1450
449 1708
350 366
987 1723
380 92
189 1014
674 207
1087 532
1013 56
625 1210
378 132
1053 273
983 317
326 643
655 1676
383 594
36 51
151 823
139 532
1150 906
117 903
42 1146
583 535
1616 424
973 331
947 776
1248 629
704 553
965 144
53 37
672 1641
457 13
744 1789
989 1116
836 1168
1440 1081
923 517
1442 176
1391 1778
1392 1334
311 1093
53 996
943 323
290 180
1726 185
302 1090
1690 1737
1622 1082
59 587
298 1822
1665 852
1226 805
1524 64
1258 573
926 1645
984 886
143 863
727 764
1103 953
680 270
1781 274
1793 887
1745 1623
1546 1171
998 1729
167 1342
1238 1838
423 335
1608 771
532 855
1025 585
1171 1440
323 810
165 1205
27 600
85 618
1746 142
565 634
1789 1578
1448 1370
185 868
1101 1424
1318 1029
1661 1412
605 942
1509 219
1799 737
412 1501
1327 1788
1106 669
225 1757
1333 1400
1508 224
1626 1825
880 636
135 1592
1703 233
713 797
1576 662
798 670
377 277
1852 405
1001 741
97 688
26 525
882 1442
1350 480
1408 1623
1425 690
1663 1782
842 77
422 1413
1302 90
610 1700
952 157
239 1067
662 1235
1782 1166
322 347
1397 719
647 159
1757 1480
1615 1101
719 426
607 348
878 471
1598 1625
679 1367
685 54
716 878
754 440
831 536
300 536
1249 1065
1049 99
1297 280
1678 15
1738 14
348 972
1645 794
567 672
1180 640
795 1826
746 58
468 1152
895 1026
293 1060
896 1627
1657 609
1033 845
623 449
918 1694
1162 1514
278 1400
913 1642
530 958
1704 1752
1515 1298
1161 1598
1132 1180
1375 593
1303 1461
209 207
537 809
1646 840
862 1171
922 924
708 1616
658 1327
1089 1586
834 434
28 40
1096 934
1427 1486
1035 506
399 1693
1626 535
327 1306
948 1837
1407 1495
1379 219
299 936
1148 1506
1100 755
978 1568
1681 204
323 529
80 287
1474 258
916 1708
528 293
682 186
1113 253
39 1849
1542 953
1742 463
856 474
276 1714
1803 1430
1381 347
537 1329
848 652
79 1733
954 1325
1008 330
580 248
72 1651
203 1519
1670 38
36 387
974 1630
1168 832
344 335
206 535
0 443
1659 1415
979 1691
895 1733
734 932
254 1032
326 1266
1835 1499
1275 524
1113 1267
28 659
1803 1395
555 1160
714 1144
732 911
1425 1072
1702 200
1119 1505
137 36
928 296
610 649
451 38
1613 731
929 1058
991 843
460 1297
474 974
899 1335
1654 175
1834 1455
1091 491
1070 1562
760 1808
1528 1087
1492 1518
1717 1066
68 1105
926 1488
1015 1077
637 585
1576 1656
586 1176
1346 1711
72 898
1570 832
189 540
219 862
1691 310
443 640
1627 529
1294 244
1846 382
1628 1362
573 1516
236 107
381 522
1363 1309
669 1092
1396 673
1207 238
231 184
1040 1160
1697 1784
64 656
16 47
561 690
1733 552
776 575
656 829
1388 1106
448 1026
435 1674
408 98
1585 1225
330 1839
1709 123
1610 1210
124 1289
1158 1128
613 1337
968 311
804 665
961 1376
1295 1167
221 140
388 229
888 541
1228 689
95 1626
1629 1514
1585 471
1521 751
1757 430
925 799
1360 1052
467 543
797 342
734 107
447 1367
611 826
1345 1280
907 242
805 1153
214 1567
1274 1844
626 706
1224 691
640 1792
1499 800
205 1052
72 1096
1823 1130
68 1207
501 1114
319 138
729 1771
1820 349
988 1538
977 1046
1649 1850
1496 452
927 1
1508 1260
256 1602
1697 1615
1534 1549
498 199
701 1749
572 834
1112 415
814 305
706 1129
487 748
874 1823
61 744
1637 1528
1728 852
398 124
789 1579
1025 1487
1285 412
1354 528
329 889
1430 1144
627 1735
1348 1708
578 1351
1617 1831
261 1492
1458 1183
1644 962
110 1376
993 877
50 1499
318 438
1445 415
979 829
774 467
1824 1786
1089 995
231 792
996 339
926 1680
666 107
276 1580
1670 1418
1207 453
1258 1116
297 1336
8 200
1755 1782
1354 389
399 1310
971 1609
793 170
1136 1004
901 586
1842 370
1082 183
1625 873
886 1404
222 956
1282 1255
352 524
1231 406
309 1210
1478 579
1435 638
1555 786
1435 519
1625 309
1092 484
1310 596
657 1423
1405 1732
361 1566
604 1717
518 1634
954 1595
141 1251
1122 663
1439 1020
1855 1655
1370 1351
404 1491
94 1006
535 1050
821 577
48 499
1073 301
1318 1568
1499 246
1698 66
1536 112
1058 1744
446 409
463 310
1172 223
1464 1265
1135 1113
1624 55
1390 187
1180 1694
801 1709
312 647
1282 109
1406 1327
936 607
1704 980
151 1027
1167 345
1188 216
947 637
217 1540
540 173
1148 1238
698 657
747 686
1304 731
1840 11
1010 531
239 1355
1218 738
1757 453
901 897
1673 420
328 1052
814 1243
509 1713
926 1113
1083 1736
1773 235
1137 35
1464 666
486 1590
1101 1473
877 1808
1087 212
1810 1305
494 1668
1367 541
1367 1157
1228 201
4 295
370 846
556 514
1483 1495
1058 1292
539 1425
770 1436
1749 1703
869 209
1377 1836
848 1161
544 118
329 867
1723 1436
1631 1825
1414 863
248 1463
1829 680
1827 51
295 1583
237 777
442 276
1374 702
356 261
334 420
956 1471
1461 1847
1505 1832
159 632
976 752
1254 1783
630 1422
761 764
1662 1216
348 1030
1165 255
1738 830
1747 1058
1167 686
514 899
812 1549
400 859
306 406
615 1626
538 1136
1379 1434
240 296
227 907
1122 852
646 1314
792 198
957 217
1572 494
190 110
266 1404
1420 286
1264 1363
928 1287
1555 1266
1275 1832
732 328
758 1581
1308 1848
496 1334
21 1408
1015 1332
1077 854
1073 981
23 1476
968 502
846 601
1833 907
137 1277
1415 1624
3 1342
750 368
1517 1643
764 1099
1686 1208
1631 1733
778 1082
1364 1672
324 585
1789 1312
1391 99
1480 55
823 168
1747 1818
584 1657
1756 631
1665 1115
1642 566
692 1002
1714 1139
1472 747
301 743
1194 1844
1571 1452
1704 911
1757 646
359 38
247 528
1430 571
540 1003
586 1041
1009 841
1453 999
588 1699
443 131
917 306
1450 1071
962 881
203 996
945 711
723 444
1598 55
20 382
1194 1416
394 271
960 493
1342 1628
779 516
1341 558
1192 1385
1253 637
1387 386
489 1342
1479 1387
1401 614
642 190
435 1665
1024 239
660 1319
587 1826
1140 362
1439 1671
942 230
1335 1787
1069 1800
1169 433
1682 1128
174 561
185 673
246 563
757 1714
393 213
298 1542
1301 1271
1236 1352
317 872
1626 665
439 865
1674 1027
818 587
1317 1256
1418 1033
952 541
985 1485
1688 1850
1055 1332
998 1099
779 2
789 312
1519 1497
861 299
263 235
738 555
565 1284
54 906
1167 1482
1528 950
135 171
1024 159
1102 1165
1775 365
986 477
1771 1470
1751 937
1562 1855
1122 194
1193 255
762 508
878 1529
1576 316
850 1510
1207 1066
157 111
729 747
1619 1386
403 1321
589 383
1523 509
859 1213
971 1754
61 234
1307 1323
274 629
1681 572
434 897
948 967
1083 627
1738 50
3 1255
1777 1407
1568 1336
511 500
857 206
1549 1069
242 122
31 401
193 113
1015 1485
606 709
1480 180
1690 1819
1493 1228
999 703
1578 88
702 1730
1769 1791
730 779
1663 1584
589 417
1844 1746
588 425
246 1800
648 1765
334 1721
1412 556
1443 347
1080 1559
646 1303
1090 1057
1358 1509
437 1843
674 942
857 225
1490 1210
988 955
169 430
270 1739
354 1691
540 1549
816 784
1626 864
832 224
968 866
1531 819
1238 595
16 55
931 1208
648 562
514 166
1429 1852
654 1431
1332 947
1309 897
1568 959
367 769
744 210
1019 418
1084 1326
1408 473
1184 364
750 1435
352 1248
43 1710
360 76
407 1170
551 927
980 889
1275 407
703 1614
689 1056
484 218
373 979
1246 1847
1249 104
1401 894
541 863
546 1500
661 289
1300 129
31 958
1486 1838
1695 1535
161 581
372 494
192 1052
1296 1551
1618 213
1477 1099
1618 1123
459 1207
1308 1643
1154 315
769 1304
1274 1241
1512 694
415 146
68 1569
1188 1774
1614 1804
447 19
660 1809
1837 1819
568 240
1771 1675
1408 1462
415 1515
298 986
61 181
951 549
1216 1651
620 1273
519 973
1717 658
1715 1767
225 1103
1124 1445
1840 218
1804 516
1148 446
1484 1079
99 1736
1792 1194
1334 171
721 1093
790 83
1736 418
1004 1524
1493 1785
1597 240
88 1662
303 1402
1564 303
683 216
303 736
675 1513
443 767
1221 1331
993 1101
1657 623
345 1817
1577 291
849 959
1222 964
280 203
813 1
421 1548
237 1569
340 1531
1298 1545
874 124
395 1718
445 672
138 1517
402 1160
608 375
1100 1595
628 1605
1372 382
667 1643
528 890
877 702
66 717
1760 1630
14 863
145 251
276 1768
401 1281
1719 895
176 284
1508 319
696 17
1826 515
1647 602
169 262
919 1618
1148 1283
366 734
569 235
1779 1027
310 807
1361 1368
1297 1196
1592 447
773 1106
613 1629
620 816
466 1637
1216 1564
1310 187
989 929
1526 1492
1464 1203
476 1572
