1327 1772
1058 541
1763 404
1239 1005
1008 164
997 166
1394 1502
340 1609
358 322
544 583
1411 1090
1263 1358
1662 1638
798 749
1511 1335
1303 1440
7 1776
1374 1416
374 362
2 1416
1178 1093
1687 206
24 1344
1514 1155
300 679
1723 677
1764 705
274 1778
1662 603
145 475
685 120
829 828
536 1077
429 534
614 532
1329 1103
1525 478
1800 438
707 646
731 1228
945 1619
1464 1550
1747 1767
1349 424
1503 1252
63 255
948 326
47 205
1806 966
1682 1347
1548 728
1643 1092
882 369
936 1175
1465 154
962 866
231 1072
448 1479
1362 1353
109 355
1525 583
1419 333
1324 919
229 185
152 682
353 122
14 1463
453 1558
1734 759
282 1823
261 1505
1218 1820
120 942
1076 109
1197 1321
183 1347
750 342
1713 990
1764 1399
623 1282
1133 1790
953 154
284 1382
222 161
238 1219
748 85
833 766
1620 114
638 425
1243 1388
1826 1780
661 469
269 227
414 900
406 1162
1119 910
90 1316
126 1285
89 1635
797 610
428 833
1270 373
1595 1045
856 1736
789 742
1230 835
1788 1033
907 195
151 583
1081 1153
1287 232
303 951
509 1297
311 558
1305 1158
902 522
39 554
69 141
1382 1430
963 1641
1320 1292
1192 1854
47 1401
1459 1099
457 1371
917 255
688 938
1468 1059
1709 1487
1731 1715
68 750
494 436
1195 1140
278 890
820 1534
617 1526
36 1081
633 1395
367 141
1721 537
884 665
1348 978
824 1766
273 1187
1107 90
1659 39
17 562
1339 389
894 1584
1111 202
983 347
465 781
1030 845
1149 209
1312 11
1041 232
1347 1431
272 360
1613 488
1838 805
708 930
1828 575
888 1393
1530 738
501 480
835 700
955 1347
600 479
773 414
950 119
1600 1315
1516 1053
1308 213
1563 1843
1336 877
987 995
96 1464
877 453
390 539
396 576
832 1399
569 572
290 64
26 1825
1076 1538
1345 777
1550 962
991 1666
346 209
1283 1107
1555 836
763 1111
957 246
1609 906
729 1049
279 690
401 478
1411 132
44 1435
1718 1659
1803 1031
1436 1386
153 1265
1831 465
1673 1225
672 1774
386 321
1042 1046
258 1072
1436 1385
743 569
1464 1509
1087 1789
754 682
323 152
723 353
1247 621
1739 555
1011 1850
1800 1654
429 729
979 174
661 1485
515 662
584 590
380 1803
151 1499
800 855
1687 778
583 264
638 1654
1720 471
1243 140
153 1311
9 654
904 1205
250 294
370 1345
448 1228
728 623
1292 274
1558 93
10 366
1632 1662
1205 245
152 687
484 514
661 135
436 1061
823 1411
1243 994
967 779
454 1139
174 470
170 1741
1722 1427
69 1554
23 1780
1478 1340
990 540
472 341
511 1222
1380 153
339 1054
794 1029
1548 1512
934 991
1699 1006
10 674
950 581
229 194
939 754
1660 598
1291 365
1256 226
837 1213
1134 268
42 1569
1854 356
248 519
1728 1433
1076 1372
1645 850
88 887
247 1781
244 1791
478 994
710 1421
159 1478
1729 1116
1499 1603
289 1648
571 1398
1311 769
1148 1223
827 1529
1360 535
533 1610
1465 1508
1620 172
103 1125
194 440
642 1245
1202 1755
719 403
976 765
522 1237
1517 939
119 935
1237 38
1233 101
1129 415
811 1537
1056 977
140 1149
306 1418
1159 447
3 1788
1377 1105
189 441
486 1113
332 599
927 1238
964 424
733 1781
348 1311
1054 550
1164 1647
1165 1342
1598 1142
1020 227
558 1821
252 1362
1709 334
1038 1542
1059 15
1202 463
1473 68
835 1766
1553 325
411 1526
1710 1753
954 31
554 607
797 1001
1507 6
680 532
156 1720
651 597
55 132
655 352
434 885
454 1392
1009 223
1295 667
1419 354
1703 1034
1070 322
591 835
1604 1546
890 312
24 125
1553 291
913 666
1743 1694
642 691
1301 831
702 837
1573 433
1555 176
1029 159
899 595
1262 1554
542 1506
1731 880
1112 152
1700 414
89 1140
1399 968
1325 882
1723 63
1496 613
202 1182
1827 1654
1326 978
419 1761
1551 280
1382 1661
137 1640
413 1425
446 384
749 1003
48 1708
610 810
287 733
1567 1717
1810 324
1821 19
375 1556
239 490
1688 1217
1614 248
986 5
564 1075
72 659
758 214
459 1144
275 759
1788 1772
1402 1681
1154 50
124 1526
426 1135
1400 1440
368 1578
1057 1058
94 621
301 24
1183 432
1467 1138
1047 482
453 1556
1440 871
839 1259
1815 687
1210 333
1618 1170
1003 1089
1649 1626
1724 1138
1048 3
1779 1364
741 397
848 345
544 1154
1687 1639
1446 1439
523 980
959 1759
1157 1022
1303 701
1843 1817
1400 677
666 689
1825 829
1441 1112
73 1720
1277 77
369 1176
660 1223
426 1201
1101 712
1321 571
540 139
419 55
1630 1143
1243 546
471 1848
838 468
926 763
450 503
688 1600
1426 1674
411 1393
1328 711
1597 1181
1155 663
1827 269
1661 1551
398 1122
1293 494
1268 644
660 1479
1550 756
380 1345
889 419
572 1715
1625 1400
145 550
1583 307
456 1294
818 1192
1849 224
599 1758
911 1822
540 1500
1472 1851
1500 1694
1440 486
1762 1700
595 399
1808 896
1319 49
1644 895
525 1100
709 1499
706 1495
1542 1042
1594 463
1173 10
224 1369
388 108
1540 974
675 1586
633 1083
46 1723
409 536
1685 1226
564 1028
1516 1135
760 18
35 1155
254 1808
632 1312
1386 1816
1788 189
853 703
1330 1224
609 245
1358 835
653 315
548 169
507 6
1312 47
1759 255
1791 1521
664 1400
752 1320
382 1525
1784 824
1289 1677
1815 1716
829 1829
1001 1605
625 809
1623 954
1265 644
377 39
881 1161
1631 345
1665 684
1596 1373
386 92
1026 1712
439 1692
1045 1461
679 311
1726 298
109 1695
855 1443
865 1503
1064 815
1374 594
1826 104
1097 1497
1646 40
1334 1158
755 579
1472 643
394 317
4 95
127 1512
1206 83
339 681
1744 1582
714 1742
259 775
1503 1655
1835 1050
817 156
814 1792
767 1391
1513 1116
1476 1649
832 578
1135 1676
616 136
1752 147
18 1262
1408 38
1148 1181
732 168
901 1173
439 459
1437 1272
1286 1069
877 741
185 1077
36 588
428 1823
288 264
1033 1848
1683 940
46 1525
1662 876
1619 255
1461 527
1460 1275
439 1227
1261 838
525 509
229 1299
1556 1648
164 1464
1602 980
641 869
585 1568
1333 489
55 633
1496 1093
1163 106
1686 245
975 1678
1499 1395
653 815
650 809
1585 1493
1100 417
1604 492
1399 767
731 660
280 1810
1137 501
1666 690
1513 1335
1084 418
727 1479
1595 694
998 1828
682 20
745 566
655 866
8 516
771 1749
192 754
616 457
621 20
1332 1199
1538 1775
463 1096
416 328
1007 1148
1798 1687
935 1119
1242 1422
1311 752
1071 1276
466 106
1552 955
1024 1082
946 983
239 684
1441 104
270 185
334 1758
1760 967
126 1078
869 1046
69 1405
320 346
723 903
1624 0
485 414
826 1716
735 1422
1553 1767
701 58
736 1481
1237 278
107 532
1700 1372
388 227
692 1740
1561 858
1397 1492
1787 1833
1210 559
879 1728
891 876
1670 606
1678 1619
127 5
760 1137
1439 640
1106 1166
533 1367
1670 754
1505 938
1243 630
112 176
1514 192
699 1626
1806 815
875 1256
421 952
1497 384
222 1444
1365 13
402 1368
193 79
382 777
1579 1569
595 1277
1253 696
1458 204
463 851
1116 1716
694 631
887 513
574 879
308 1465
476 364
319 674
149 774
1453 216
1103 1627
1273 327
1250 161
776 1413
1006 659
1376 1703
450 293
1265 959
885 738
1084 186
1404 772
206 1423
161 592
567 342
626 1820
1082 44
1071 840
1786 48
176 27
498 1220
1687 914
1040 232
848 1513
493 1814
1721 1204
1445 366
1768 31
1760 1398
110 1331
728 965
1496 1406
1160 399
719 1041
310 442
846 562
388 106
1336 728
1530 668
712 112
83 186
1285 1310
1173 964
364 1222
1002 1676
1247 1333
179 281
1423 465
1354 578
965 213
1789 1443
95 877
87 67
1490 1300
198 1791
860 359
904 392
1739 1263
1727 730
977 704
1795 114
1579 502
297 1750
67 681
1435 930
804 1772
458 1512
1337 1319
622 52
656 798
1136 13
1372 165
1301 6
190 518
1063 560
835 1633
121 1635
860 836
474 1579
495 1333
1250 1403
1498 566
103 1030
1498 406
1259 219
1487 418
225 852
1495 1504
1398 1129
1434 1633
21 486
1815 1192
1759 1342
1623 1162
1033 1713
1067 340
1575 780
179 981
1114 1628
244 231
1574 1552
1185 984
744 294
229 280
609 1033
346 497
301 1561
1791 1375
406 1460
438 1488
639 902
1566 119
25 191
43 660
1324 1747
670 238
642 364
22 910
1351 673
849 1469
1669 1342
1697 852
1530 1335
140 247
1345 1252
1326 731
1672 1639
1761 1755
181 219
455 862
1071 314
4 993
682 1563
897 921
1295 933
840 1120
1523 295
178 961
1240 1030
1367 1223
209 1407
1070 313
30 662
557 533
1575 1309
1027 867
366 19
1772 809
972 1232
977 1096
935 1256
461 92
1702 1276
1187 504
1349 1849
911 708
993 1419
583 1577
1545 204
1340 1553
650 661
1269 884
1174 1729
563 729
169 1823
1614 1700
1850 1294
813 1255
943 712
746 1396
1183 1250
1844 1476
1222 290
1330 838
1020 298
744 20
1294 581
1185 1573
919 1400
1249 509
697 706
400 494
630 439
1113 770
1068 1586
98 799
67 742
1108 421
571 1567
82 444
873 1312
1204 1694
1647 1420
1183 746
1583 760
190 964
425 448
1339 1580
1148 1146
127 394
763 84
907 1599
1139 1835
1566 1572
885 1771
860 347
727 1592
1495 711
589 875
979 1789
443 40
635 1650
1022 1567
1767 151
81 342
979 693
1650 1560
362 16
779 1227
1161 1506
419 453
42 1835
1778 1148
803 1525
848 1813
553 1431
1601 413
350 1772
386 291
6 932
859 1581
915 1291
64 836
1729 118
1606 312
1611 951
1145 524
1148 814
342 847
1605 1666
608 1762
1243 773
833 1727
1007 1515
172 1191
816 702
1504 1254
1349 1105
1808 1102
991 513
1705 1285
419 1375
1770 1708
1536 1309
337 1262
1091 1359
737 163
758 1457
1854 122
676 141
1043 683
1125 195
389 318
277 739
690 409
1321 1583
1676 549
1638 1041
1766 789
1655 733
477 952
538 587
1315 1523
1052 181
1496 61
1584 43
1010 350
1057 1552
274 1077
151 336
970 141
306 421
1543 478
125 14
367 134
1290 1116
1618 428
29 1706
242 1327
978 1129
28 710
1103 1475
305 236
1122 1225
1002 1005
1312 682
1452 984
1530 1445
1290 389
156 268
483 1663
1150 1051
495 623
1360 1470
1085 1676
708 131
65 720
944 1109
352 339
709 658
943 664
233 85
1767 1320
750 193
1555 1832
178 968
170 1443
1532 1673
484 470
690 26
1277 1214
184 1398
981 510
1658 1787
1369 249
1384 287
1083 1670
981 861
1042 374
1473 1000
323 254
726 511
1173 1462
724 375
524 1643
119 1552
771 1663
741 720
1181 890
1693 1801
1709 1830
1230 464
772 601
76 287
475 1721
381 425
289 1246
678 1303
1692 1373
1316 691
35 63
462 850
1356 228
1807 13
742 202
1809 945
1096 264
1212 496
276 988
1760 1114
835 455
1468 1731
457 939
1163 1544
928 1044
542 1829
889 1263
1114 356
1145 1034
1775 394
1807 652
321 487
1084 437
1706 1683
24 285
827 807
1431 1342
647 966
798 1387
1820 544
291 449
83 839
1259 1694
397 543
45 1832
144 401
905 93
698 531
1182 406
1305 123
666 1132
1482 1729
16 1359
1357 382
168 594
1123 687
1654 1840
102 658
1423 1751
1781 370
727 877
1019 1027
329 858
1623 919
1752 536
1576 879
946 1083
1753 1383
1388 962
1494 262
1213 333
942 153
607 1285
270 154
247 1377
349 581
1107 523
1598 830
967 122
55 929
863 1147
220 704
1343 1444
269 1536
1375 1575
715 682
1209 1545
107 198
169 1754
128 198
1793 189
132 523
1563 1513
1035 87
727 307
1461 851
1838 627
734 1067
1019 1432
541 1601
667 1395
13 187
887 925
1040 979
321 1287
594 630
630 1839
1182 706
1316 991
802 1359
204 143
1299 435
1421 21
545 1568
1345 1149
327 444
678 1582
274 1356
1711 631
1379 856
567 1391
305 1117
1637 1689
459 838
217 1681
1421 629
713 145
863 1446
623 1361
349 258
49 703
1315 971
175 1750
521 724
582 668
233 60
1793 1750
286 759
1045 556
597 626
850 1585
1406 330
1354 1304
1851 1666
1371 721
822 1360
754 111
945 707
216 1735
369 347
1204 1574
1504 1474
1494 86
454 939
1355 1504
331 953
462 313
103 716
1211 140
1424 1661
877 258
554 1455
1287 1740
117 1133
577 658
121 95
788 1838
1820 71
208 1017
197 790
586 655
51 1196
645 855
1629 943
607 1089
1439 1094
379 305
1698 57
862 1368
944 1302
347 926
1742 23
709 1443
1150 1818
1301 1038
1364 35
1854 1717
1800 675
94 609
1780 236
1077 518
1519 1222
1811 845
1146 178
365 359
480 171
1347 167
497 564
1257 1666
1717 1006
793 1591
393 513
766 1592
234 731
1477 1846
1679 1219
1583 313
400 258
1192 631
316 1663
588 547
1151 863
1294 849
512 99
10 1551
1105 331
833 1387
605 1168
1004 1368
31 671
1539 1270
1611 108
1348 115
1577 84
1381 800
1656 1505
422 12
1409 578
1514 531
927 1836
1219 1415
124 1233
316 1847
1160 1404
344 1027
1131 136
59 865
1447 950
147 1802
1400 479
974 1640
157 314
1679 1852
969 169
1218 509
717 74
1648 548
445 280
1048 972
537 455
1671 1267
1322 1834
1048 717
145 1286
1581 346
1621 1337
1634 187
1611 1058
768 57
884 389
315 1381
840 504
1424 602
249 1494
1101 1599
849 1372
1273 1563
1529 1030
826 840
1329 1289
1488 224
1679 273
799 200
1053 240
922 1632
1 1723
500 172
1083 263
1389 611
1226 798
844 1641
801 1243
1110 1126
1078 264
854 1773
1193 1632
20 425
937 675
1270 1049
1405 1503
522 42
1231 1664
313 643
715 587
84 1455
785 370
390 373
1630 617
174 220
580 109
1132 1071
969 1764
524 1203
1743 1805
715 973
1399 359
870 1514
1825 1251
1054 782
597 562
1235 696
1471 1161
1036 195
960 300
1133 525
1132 1430
958 517
272 123
1457 862
24 192
464 1853
25 1511
789 1855
1142 1084
754 193
898 1014
668 1465
27 1560
1784 1118
515 685
922 1413
132 319
273 5
100 1178
1215 889
276 387
1816 830
1375 579
1750 411
495 211
1183 1640
492 1843
349 40
1162 1135
826 1139
1693 1406
276 87
1704 1306
787 1609
1341 1509
784 616
1476 264
997 1329
1089 1209
183 1525
1130 1000
137 905
1329 259
139 307
94 805
1423 1325
1855 1075
650 587
85 1191
545 717
691 153
1295 546
838 466
1566 1046
1161 1505
372 1143
1546 1564
847 1834
1612 3
1418 1084
425 485
1016 3
842 476
465 576
842 340
1447 1656
1670 1307
1193 1162
376 1073
642 1194
546 731
1440 1677
132 1076
549 341
847 964
1219 627
1388 1226
1607 1258
1744 1793
1227 1153
830 1041
1348 636
89 48
868 1476
271 1837
1618 319
1851 191
361 1565
446 399
1849 1497
460 1835
1662 1116
1799 584
298 1164
680 1430
1604 151
1554 239
1850 458
329 1666
335 114
372 1095
642 1453
647 411
721 693
810 623
688 195
1820 963
357 1439
1494 662
1231 163
129 257
11 355
1103 27
1193 1770
506 230
275 1479
36 1575
129 1473
403 1526
565 1583
1276 593
953 1553
465 937
1060 431
999 1373
678 1478
276 388
1086 1231
1498 1413
77 901
1267 597
155 1670
828 770
815 312
667 1309
675 91
340 203
98 333
871 1769
652 1154
680 1439
449 1355
1183 1666
1137 46
1501 1464
415 1766
198 1081
1170 1652
1052 1174
1289 940
580 1492
1081 1318
39 1642
1524 1438
1032 132
521 82
564 1407
1010 796
754 823
441 342
1703 437
1158 1161
249 132
175 1460
1103 1332
320 1202
261 520
851 1830
66 1367
569 441
1086 1698
98 494
924 1000
1224 649
75 1222
1299 1581
716 95
162 1267
129 1377
374 825
1538 1431
575 305
853 1481
1123 997
571 935
364 1016
745 1072
463 358
1854 1805
1334 375
366 1250
1538 151
673 683
1445 697
1439 86
33 1808
782 1558
393 1784
1317 978
277 1489
831 207
571 1678
349 1235
547 23
23 827
641 1429
1413 1092
1291 12
152 10
175 1483
219 1060
583 874
1369 468
1044 577
25 820
515 121
132 489
1638 730
275 1002
366 1712
682 69
218 460
439 1362
519 627
1307 987
1125 931
276 218
431 903
1277 293
1700 885
994 61
1698 755
791 1266
12 1212
757 1372
612 1584
908 1240
258 1254
905 1853
683 639
584 622
244 1702
1481 1618
1473 1268
1026 1843
480 1228
1509 1521
269 26
650 1386
1830 1365
693 651
844 791
296 935
675 517
616 1250
939 799
1108 903
1011 1601
1748 1209
1786 1649
402 508
554 416
1325 1800
56 901
1032 697
1827 202
1491 189
1791 733
1825 277
1829 495
258 1186
1733 185
33 316
856 565
1217 1525
1065 367
128 589
1452 143
433 766
885 1462
1461 816
900 1412
585 1243
30 886
1587 636
676 1736
1564 185
1275 1521
339 679
790 1723
194 721
1378 769
1576 812
72 1541
1385 1137
461 1689
1366 785
1159 356
1214 665
1486 266
713 993
132 1516
963 1609
372 936
476 1775
1545 520
1755 301
649 1659
949 688
720 1749
1057 1276
10 1480
1343 283
1136 1361
1433 1266
1610 1669
919 991
1666 1038
1794 1095
324 1723
668 565
828 1825
1114 850
886 1181
247 1285
967 1489
871 1403
191 1270
1172 284
1637 614
1119 823
373 351
529 698
988 1845
1087 780
1038 1730
737 1433
1592 597
826 932
548 1728
1 1087
1780 52
1257 777
424 1488
427 1143
533 850
1251 666
1427 1647
645 1720
959 991
1083 867
1677 1632
1004 1673
1401 1010
1152 337
798 569
1782 1136
835 726
694 1083
1016 669
865 1284
1538 1248
1392 1753
1029 279
1078 362
1326 1347
1492 924
1663 1327
924 264
326 143
1169 329
356 1407
134 554
1748 694
1288 1290
1726 305
1578 1347
796 1306
104 1451
239 1493
627 190
1113 777
1125 42
1777 580
31 1790
447 163
266 1382
311 1255
375 1346
237 63
1421 982
210 1715
1071 1178
873 349
717 10
1218 1689
1645 714
483 838
762 1620
53 1637
820 668
183 271
928 59
1215 1416
1564 1142
197 287
1374 1238
1011 1227
230 1143
1220 931
618 1362
1026 1850
399 1548
675 431
69 61
1300 730
464 1635
1718 364
1814 190
1834 1653
1468 823
1066 75
915 1638
40 985
1366 1244
1735 209
1572 176
1584 213
966 1753
1729 1349
1522 48
1628 432
523 257
1724 787
230 472
499 1308
1105 515
805 1344
1351 1480
551 1155
186 455
1516 1582
98 1683
1384 1279
1408 335
9 179
584 1730
406 1115
1436 753
251 183
1672 1754
558 108
654 613
1289 1726
1308 297
1273 1522
1552 1344
41 1588
598 1090
1328 22
63 1765
1164 1544
1732 1756
575 549
569 1537
1335 724
1623 1029
645 1051
1611 908
448 1699
1731 1506
936 926
312 559
1127 310
1697 155
1742 891
198 887
1165 542
794 117
565 130
177 1468
251 504
180 906
765 847
1175 581
1615 789
97 484
762 466
711 1333
811 182
235 1594
177 1620
1473 1170
1610 1845
1710 871
3 41
270 1745
1343 458
110 1079
1804 696
772 1125
1097 647
1537 926
386 1511
119 1467
804 1077
1854 445
348 865
345 555
674 790
221 189
1748 1036
641 655
1582 1735
1234 1381
961 1827
1391 262
548 197
1791 1207
621 1444
516 1119
226 603
817 1684
24 865
49 346
1426 1514
84 1014
1817 1569
1685 1003
953 33
740 18
737 118
305 1261
1824 725
592 1303
317 139
361 1741
1601 1484
233 1215
1672 1148
370 566
1199 1575
71 524
908 1164
26 1668
779 318
271 243
1813 985
1581 396
377 804
983 1781
157 1294
298 73
1448 482
471 669
335 1782
1317 1237
712 1673
1855 366
417 618
279 1094
30 491
386 1212
1117 1530
1405 1563
296 297
1527 724
407 146
1788 1292
864 1471
1268 1656
487 13
201 68
565 51
264 1203
1580 335
545 651
793 690
50 1644
778 161
688 338
2 197
752 1176
1762 786
1409 1011
1378 691
716 1167
1846 1748
255 1173
904 1361
1713 796
1457 356
511 902
1061 1015
26 696
100 835
275 1852
1412 1586
1286 994
217 1147
1318 1489
1603 1271
1187 45
59 120
324 544
1212 1315
247 1643
924 1642
1851 441
810 682
1577 719
1226 26
596 433
189 1150
1456 1722
1779 1705
1076 783
528 487
624 369
1141 1138
1661 497
291 581
1549 1186
494 795
1457 690
370 1609
291 1450
1067 18
314 921
1511 185
1323 745
127 1613
515 206
486 1203
971 1751
1455 983
1216 921
1039 909
1058 1099
453 893
1317 528
1841 1193
1708 874
472 1051
356 1088
900 393
1626 1803
49 809
1775 521
1412 1772
86 1804
1694 1347
77 883
622 1311
212 375
1815 1048
1392 206
593 1311
1440 1682
1678 1099
1560 601
39 931
190 537
1409 570
1577 1588
900 376
114 510
1029 596
263 502
694 1350
258 604
23 1176
1573 369
1549 983
1654 1229
346 575
575 237
119 786
1750 983
1558 223
1696 86
1731 1408
1733 188
1201 635
145 920
1838 652
1195 1777
1702 1670
1818 222
662 196
552 1386
14 342
771 155
1748 518
802 381
403 1461
128 856
1315 1364
1285 89
764 824
1372 151
210 1661
1372 493
1446 1237
1107 340
1277 862
1043 584
121 938
93 203
1829 650
733 295
823 1053
100 1081
719 1533
10 1198
106 1172
308 56
261 923
1816 1034
1125 279
1279 1329
335 1291
1557 600
665 1745
778 1802
1720 1350
1684 1784
1253 1075
1024 1425
1008 1576
1171 6
335 534
179 730
1041 467
81 631
1742 699
19 1242
1443 706
1273 1758
1648 540
1565 1063
1260 1029
1701 1508
1081 1659
1010 425
342 983
836 1648
1166 285
63 1269
389 421
190 1219
693 1729
1111 1689
1833 1648
1630 1769
1474 122
830 266
289 1725
348 272
1730 22
446 194
1413 1288
1298 1606
1585 982
955 75
1693 268
687 462
927 1048
1818 1101
1853 1317
525 1133
644 1307
1179 1046
804 1496
1151 475
1046 103
1104 223
990 1167
54 788
949 662
547 978
372 734
1159 653
1627 851
93 489
1621 1016
1109 1602
355 1556
40 28
587 276
1267 673
229 306
1669 821
1273 1320
1558 1284
186 1495
1319 1183
313 908
267 1699
751 968
1196 798
1049 1285
1210 1766
1629 1248
972 1383
1021 702
1634 1764
179 126
1837 233
33 41
991 1265
502 1362
635 1028
376 149
899 62
1047 411
325 1461
203 5
1103 488
1172 871
741 1321
1713 1571
288 1696
579 1537
1783 1656
1660 155
1420 1059
376 1835
870 767
1827 150
1060 71
595 866
718 890
1855 1134
1489 1851
1565 1346
909 1286
988 3
1001 1393
1073 967
852 1539
1246 75
1765 793
46 1381
1368 21
366 1234
284 1377
1108 157
1398 602
588 1642
956 858
585 1605
156 1766
374 1779
660 256
505 720
104 148
1590 1202
1194 718
777 1279
165 713
1254 1275
1499 1608
1665 672
117 857
435 1756
61 617
1381 763
1467 1117
739 502
1206 1377
301 1757
186 1085
1811 1068
1757 1597
1368 1476
1562 20
1159 226
561 1013
9 841
818 228
909 616
1506 312
1735 1035
1223 1755
588 328
1211 807
629 242
736 705
1112 587
615 1474
730 1030
1020 1036
1602 990
1598 478
1088 776
118 1585
230 1334
873 234
270 691
1464 120
1484 1836
1357 114
122 1551
388 831
69 791
534 1199
1366 1754
1176 131
629 1419
1493 657
1766 948
1292 892
1852 1843
1454 1854
961 1598
1088 1377
1579 1499
1331 1616
1654 596
301 1497
1513 880
398 1653
13 640
435 997
698 1291
25 221
146 1407
1636 1108
414 1520
986 219
604 1667
1270 801
1720 130
1719 1573
1333 207
1537 1085
273 1267
741 1127
302 1834
723 1827
950 233
1340 437
278 1370
1026 1207
910 1524
193 431
502 262
1817 969
512 1748
1531 1433
888 1193
319 963
766 107
1613 1853
1484 12
594 971
437 1733
1592 440
620 1626
690 1372
911 1210
915 955
884 1486
1689 1687
135 463
709 537
104 1602
1598 967
670 875
1397 1183
1208 1099
177 1848
1394 1713
1660 1247
581 420
185 477
624 1231
1045 1455
1687 215
1561 178
287 111
830 1410
111 678
899 1255
1754 109
1692 1102
767 1202
1763 803
211 1405
264 1087
1097 1594
513 1547
315 402
86 669
1498 158
103 269
1356 175
1107 1711
112 1457
1462 151
1073 1445
525 659
664 319
546 1275
1672 1159
921 3
1488 764
1053 391
212 893
1764 20
1389 259
304 1601
945 1531
587 325
1581 1791
405 702
1578 53
692 916
1809 25
893 1061
1829 1763
472 1394
372 177
1286 49
1168 1784
160 797
951 1339
154 1618
404 1622
950 562
1489 303
38 338
1087 490
1392 1842
501 717
1216 64
830 23
96 1074
346 1755
1329 227
327 988
721 269
356 1341
50 70
1649 830
1588 685
840 96
1226 718
966 473
516 983
1551 1321
1747 1017
1108 65
1819 150
1838 1132
1 1534
562 291
1526 975
1424 777
1627 1209
857 1187
448 901
885 369
654 582
365 1471
508 986
1333 789
1238 958
1565 261
1666 1671
696 36
980 1365
521 1341
507 1229
285 697
681 1221
1151 406
304 131
866 625
1146 1465
908 393
1430 414
1824 1433
473 770
117 846
1519 282
385 48
1722 476
1547 614
422 129
805 1320
889 1025
881 1132
1611 1375
1019 615
1394 1110
1795 1193
94 1449
762 841
1429 105
1057 859
688 834
513 1092
1842 789
1472 275
1135 1785
598 1791
1762 608
1625 648
1729 1258
1020 605
588 68
834 313
1507 944
474 112
1446 909
1317 250
303 1135
232 66
1706 282
1002 1094
1472 1499
743 1486
802 1235
144 93
998 1127
280 1769
1346 1479
455 1057
755 1110
728 269
86 274
409 1786
1087 129
734 1485
870 762
620 768
745 1690
1154 945
585 634
17 1033
1251 269
649 1633
410 1465
34 1431
187 569
95 1689
357 505
474 1300
638 148
1522 1615
1511 796
287 310
915 983
1112 893
423 176
1403 926
101 589
1224 1053
1236 616
1715 911
74 1450
528 682
837 416
1318 1066
1458 639
1823 670
1131 196
1144 1551
1253 1002
1320 1149
650 1335
425 940
1485 1233
886 1025
1845 1178
984 297
102 249
1270 1743
455 1341
982 1442
694 1380
952 713
1295 1042
364 1102
958 970
749 1287
1521 302
956 670
1764 1212
949 1231
403 6
1184 876
55 345
1248 986
1672 1490
1788 1426
578 1073
1220 557
1593 1346
1095 1146
327 1
664 166
1695 509
419 574
977 926
676 169
1566 24
1087 1840
1252 407
1703 59
1303 761
79 765
940 1416
205 1060
360 1490
1497 637
1726 208
894 1120
1443 147
490 1313
1202 206
1687 597
93 1369
1772 1076
1326 1437
1517 1451
367 1640
1482 564
179 1172
1739 886
1078 194
1739 580
318 759
548 872
323 1701
127 1685
1836 370
539 83
1141 342
1397 156
493 1586
58 1400
1555 395
1771 1378
940 1705
81 171
257 1311
308 1126
558 1733
215 779
492 1028
1088 190
389 1218
40 659
768 524
285 1481
1853 1056
4 1258
1173 828
1340 1100
417 781
136 1312
1090 1657
1794 541
1791 1790
445 283
1629 140
1250 1043
1095 523
1014 766
657 479
1072 1067
248 856
19 1265
1073 1691
485 1305
748 1434
696 806
1031 267
351 1115
1254 1037
1143 387
651 1773
105 1157
262 1821
615 1036
180 1222
694 813
1715 255
591 1677
112 851
782 1791
215 1428
1578 306
660 918
1495 1119
1778 1312
122 1295
1316 199
49 1510
1808 209
1167 1163
1143 1351
475 1609
614 901
1117 491
696 1330
120 349
1439 1494
15 279
1846 555
942 799
159 616
1030 913
751 1124
1731 1054
1658 288
1778 856
683 1576
1623 96
3 1720
473 211
1044 1124
244 648
1397 1312
1227 399
1592 138
1768 661
1171 993
1726 1182
1108 1125
520 1744
966 307
1085 1445
692 779
365 450
684 386
1462 182
242 523
1554 1044
1181 1659
427 655
974 1522
1561 204
745 343
173 1160
115 406
893 1844
1135 235
751 1368
1833 1743
1794 1669
1062 1614
1445 1348
1272 1209
403 1746
1500 1644
100 823
553 1799
203 1133
1211 322
1172 132
826 38
1665 634
1160 1049
393 1104
1205 1404
2 115
642 313
276 125
951 50
1525 864
886 480
1745 1485
844 736
35 1036
1323 819
214 1085
1147 526
601 628
1504 1570
1319 215
1101 19
1228 227
365 781
1541 1281
817 925
409 1713
38 1826
1352 1452
1063 207
1622 195
221 984
1427 49
1736 104
199 1225
23 685
360 950
837 1259
490 1703
744 200
1169 1580
673 1800
470 256
1330 98
1509 1029
1556 1014
1272 1236
155 868
505 231
220 25
1333 453
1801 342
275 293
1753 1284
1711 1394
1255 820
706 1419
346 222
630 1142
423 1650
524 1016
1200 1296
1183 303
487 1446
107 1332
1546 1717
1169 1661
1643 124
130 1839
1341 1248
1791 316
69 656
1699 1040
1142 1769
941 1206
1550 1554
1247 1203
914 1253
1214 1445
1378 594
1476 1293
981 4
1091 932
46 1660
1325 1349
174 31
438 1136
847 864
1151 1622
1440 584
936 1106
730 1306
108 857
468 1213
88 284
1599 181
747 220
1344 1141
571 146
79 433
380 127
169 776
880 1113
696 1623
1672 315
98 248
71 1673
158 1459
120 1574
1216 1621
537 216
1578 1732
202 367
801 1131
1192 1743
836 1839
1230 1632
31 464
807 544
1560 1150
1292 1621
617 998
1839 888
1278 692
125 1765
371 1364
280 1135
1654 589
859 1577
1854 976
766 526
441 1763
1843 1650
1044 1596
1683 1674
848 1349
461 871
636 910
1017 1179
319 1044
1119 1781
1048 376
358 1285
393 877
1743 97
1471 228
614 605
459 900
868 600
1213 772
878 259
1632 332
143 34
0 1530
139 1496
899 1090
1391 226
852 266
1536 1150
1006 602
925 986
1628 1713
283 1507
0 497
422 1749
644 145
1509 1685
632 440
973 402
1652 1687
1578 101
1104 1629
28 1412
1253 1171
94 393
1389 7
1712 1105
934 1677
392 705
1372 903
1326 60
1259 820
1257 332
1169 491
750 1765
1413 1432
865 67
672 1467
942 1325
1462 650
185 379
1518 1406
1822 20
1181 859
572 108
1493 1753
230 40
7 762
758 1058
866 1724
780 385
1524 635
1113 726
1141 587
1300 382
1062 745
1234 1309
686 356
507 1089
1054 1251
759 772
807 1796
1542 1824
791 1485
845 1005
1626 1210
802 299
647 479
1852 831
77 1153
247 1738
875 258
1245 824
1349 757
635 1781
1045 1296
1042 1725
1277 980
1196 1083
756 1174
517 990
1201 1466
1072 1338
101 1614
1138 1340
1247 531
1101 689
24 509
265 295
606 1167
1528 649
1320 1571
1392 567
1427 539
606 1292
1535 335
756 1018
1229 156
1798 374
283 158
1529 1126
939 375
123 427
42 102
959 214
1631 1224
852 1389
581 1464
1253 347
1246 1317
672 1321
1253 1538
421 831
136 307
60 1585
519 1644
873 1511
1121 254
1211 1729
504 809
215 231
1618 941
514 406
756 796
965 43
1400 339
1789 880
707 13
314 1211
1753 324
1756 272
1807 490
279 1497
1650 861
737 1691
1840 1583
1159 1687
1531 339
711 177
239 430
340 1146
732 208
44 921
254 1357
868 969
1596 1327
1480 945
814 813
676 1004
524 1664
1033 966
1143 1650
7 15
839 547
966 1631
119 1566
574 1666
1684 1558
313 1594
389 1197
1377 1832
1497 1748
409 815
427 1761
1402 1621
619 1585
1130 1835
1796 586
929 272
428 488
276 1621
1518 737
161 145
669 1431
1501 883
475 70
1111 529
126 1412
110 573
814 1519
72 1758
1751 834
1764 1745
108 566
134 1523
149 1696
248 95
509 130
447 800
38 468
91 1848
1797 257
432 268
420 693
1514 271
1371 1434
412 1611
1120 478
1436 1783
154 112
264 680
101 45
214 885
27 246
1502 1685
1143 373
410 364
1133 1795
1212 324
1313 889
1690 1540
1757 1659
1012 828
598 1617
327 746
1227 636
577 1569
1150 519
601 1414
37 1409
1434 1654
626 1435
855 1215
839 289
361 840
201 853
1821 610
1359 1372
1501 571
498 1168
1715 284
943 1061
535 757
305 985
1604 181
1722 588
666 1062
948 1835
643 1090
1494 434
174 697
107 545
166 608
1855 507
620 496
1510 1555
784 1552
369 598
1834 102
1843 679
792 630
191 1154
376 1758
1403 1448
1658 760
1674 1123
1390 406
75 1039
1616 1689
135 1309
1610 378
1577 15
1690 1093
978 1328
1293 496
1709 1586
1511 161
66 600
262 1274
1402 317
1366 972
1622 1539
954 146
293 510
32 1643
969 1046
1107 249
67 1623
1294 457
128 1107
594 655
292 1441
1060 1599
336 281
428 904
1539 205
790 1824
443 866
1297 193
113 1216
267 408
123 180
1206 1732
1242 626
1533 1430
492 556
569 306
1389 676
462 85
916 665
1141 924
633 1646
994 1388
801 1508
1230 1117
1262 993
963 1077
104 934
41 457
259 1746
1534 1299
587 259
1605 817
1071 1595
1462 615
1132 722
619 1445
482 1585
1615 475
1448 1350
1077 676
1779 483
1451 245
396 820
1548 674
782 1374
367 1847
737 153
1686 1392
1537 762
1010 479
746 106
1800 625
1144 251
919 374
152 755
1011 454
1030 743
1194 1816
1213 1493
157 1641
1752 134
1697 1799
1843 44
447 515
356 1841
235 1278
840 1017
649 323
914 1011
1089 308
44 1712
1456 1728
282 1574
153 473
173 1157
1448 821
1471 848
1630 271
1618 1736
1294 967
1813 571
55 886
1049 1577
1509 1469
27 271
1583 1329
1788 498
1809 1270
1207 91
631 1154
484 1802
1847 1065
635 996
1365 394
961 23
776 301
1487 251
311 908
1500 1220
1315 1146
69 106
660 1559
586 1700
1218 96
1430 776
3 842
1171 375
1106 1637
1701 766
142 295
1823 613
664 490
1729 826
1451 1202
1812 1077
964 869
493 601
241 367
455 581
1748 1120
1248 1401
434 1746
1506 1248
289 819
1723 388
51 1433
362 20
397 600
558 1345
629 1626
723 1830
1103 621
1439 877
651 991
342 1633
975 1484
759 821
707 57
684 44
1035 326
559 1049
1536 294
1340 496
721 948
1004 384
1404 1351
383 1611
1570 347
185 399
934 735
244 1655
1169 1429
1207 251
1749 1522
1521 785
1075 1473
155 1722
1069 510
465 1480
1053 1312
318 700
645 494
1792 1561
706 217
136 676
1525 1481
421 793
1477 1512
1357 937
1515 274
708 777
966 1771
958 1846
1180 1833
1116 1814
513 980
1086 198
1614 68
1166 605
1818 329
1054 170
950 672
1386 1686
305 1630
429 45
1342 1218
1438 577
870 503
260 1040
1733 1697
1619 292
403 361
1057 593
1627 660
930 667
1746 1457
1147 978
1562 637
1756 465
812 978
488 1521
1555 748
1052 596
1271 1572
1299 1764
1027 1780
1226 903
257 1718
416 1244
34 996
291 273
1520 463
1139 429
1140 723
1606 330
1301 863
455 306
1836 1588
1093 1497
482 57
49 661
45 17
648 1649
691 1030
1700 1781
1370 437
111 1091
1132 1078
287 179
196 248
1495 363
469 1551
84 1397
423 72
585 1025
205 1793
1539 644
1550 1675
50 1639
702 1549
1345 94
796 1361
1694 784
1786 853
152 301
1239 1191
1332 1657
270 1292
1507 1822
963 1784
1823 1367
499 1709
1374 952
1729 1379
957 958
833 1638
888 477
1375 446
299 947
1162 1458
542 543
546 897
112 829
1243 825
1440 1731
1580 738
713 768
402 323
836 1722
1511 264
1732 944
1066 810
670 337
251 1160
297 1522
731 360
620 1121
1840 1100
434 186
373 1075
274 458
827 837
487 1263
582 1230
1149 1582
513 868
1144 317
1525 882
1689 889
770 686
257 397
266 242
659 1152
1781 560
826 445
1385 829
1697 1577
1173 548
1454 396
1470 731
1003 968
267 611
1618 534
739 85
650 1007
145 756
33 600
892 742
50 11
1356 1157
932 1010
1052 1367
1087 445
901 0
1824 1660
1693 356
620 890
11 1064
1181 440
869 109
390 286
1349 1437
1034 1316
1661 474
1511 1237
1573 1650
1625 797
49 1853
11 471
1282 30
853 1101
1652 1576
1319 1628
810 1667
1154 1591
1210 1301
1004 630
490 1551
393 1709
542 503
748 1839
418 27
1064 1429
1333 1656
1314 1009
1553 1715
681 624
456 1541
611 526
1477 595
1078 1066
597 645
49 1770
587 1381
455 1436
1222 1162
844 1158
222 1763
986 377
1487 1819
184 659
397 1497
202 48
89 61
900 1349
290 1655
967 91
345 1248
250 115
286 1442
1455 125
447 1603
1839 989
689 1614
126 49
549 612
53 1564
57 1762
314 851
845 406
1359 1821
1513 1317
1522 571
1532 1283
1315 1420
391 1628
643 891
370 237
1800 216
801 731
1517 571
1426 1056
719 570
109 389
269 1472
4 294
513 115
952 378
1363 1082
484 1114
946 171
512 237
776 135
851 32
402 454
1017 195
734 57
1246 78
608 1112
1012 1215
625 1379
652 21
493 1425
54 917
1023 1048
845 1749
822 341
398 1164
1438 869
1622 1011
886 320
580 1490
1798 791
47 591
997 1803
1523 220
238 1179
1348 1433
944 456
1336 1541
1772 537
487 1012
609 1117
1075 1721
437 159
1198 1514
127 696
493 695
673 1673
927 23
1364 633
965 555
1221 740
1740 1706
1278 1711
651 582
827 1157
1070 1419
736 1692
833 893
282 1072
1131 1635
162 1779
529 1058
1306 856
1191 1357
1771 490
1596 84
212 291
423 790
610 1844
130 150
694 1010
115 340
1215 1655
1075 1224
432 1309
727 1062
455 1503
1177 611
930 1792
1846 232
176 1474
1697 926
506 1517
1243 1578
1432 213
833 762
605 554
490 1791
1642 684
140 462
1714 1392
1322 1265
326 582
1268 1560
437 1409
992 12
1176 1028
172 1448
1594 1534
963 369
1374 1439
1155 929
1416 381
688 1591
1714 572
1759 1744
237 215
275 48
789 1748
1763 1400
382 999
970 131
725 1686
1453 1575
418 1179
1628 302
1033 521
1427 937
457 1597
518 1065
1025 1047
1245 269
171 211
1552 684
194 831
1386 186
1248 249
1153 1111
495 1740
1044 156
1773 860
997 915
1387 1317
608 1350
741 957
1580 769
1045 87
1371 1594
576 176
1054 272
850 38
810 38
1545 1330
1067 1597
527 701
1617 1576
905 869
416 657
1094 363
1736 285
1222 1111
1554 356
252 1782
502 1074
670 792
185 1540
1741 1722
870 1528
1186 538
119 239
1631 910
1736 1082
1577 1326
1648 1253
314 717
1204 1266
1025 361
156 551
1638 73
1812 837
803 303
1605 433
1575 94
404 1615
781 201
956 889
1806 448
1037 1166
106 1386
1638 694
633 1595
1155 330
1078 1417
1851 878
1797 1171
564 1209
1287 827
874 241
1627 1387
1116 1525
619 1297
866 42
898 699
681 1438
843 1808
1255 61
0 901
316 179
488 26
462 133
49 1093
432 1333
150 1504
670 255
682 941
1172 283
1396 1473
981 49
315 1480
297 929
1706 1540
757 1248
116 1631
1631 21
4 1507
1374 1765
870 641
1005 1698
952 169
551 1729
835 1170
795 1589
1101 664
1014 568
1577 1828
626 550
1841 1209
346 171
613 1173
93 486
54 450
1378 1718
1804 1320
446 458
517 186
885 1755
132 1465
1720 812
666 38
781 252
335 1661
209 73
323 1092
1154 1274
397 1821
1046 1804
1597 1284
1022 206
546 806
1635 952
1832 998
341 1056
1632 1062
134 189
1540 689
1846 1030
75 988
1720 1017
1793 1119
661 295
1081 473
779 64
1265 600
1544 654
941 707
1824 568
1301 1121
745 734
864 1112
397 343
577 1773
1461 837
1684 1397
570 259
1412 801
1035 1206
144 29
1143 357
958 1374
1268 963
858 664
232 1037
1719 867
1621 210
1429 1200
993 851
1024 124
1770 49
255 1411
411 538
1149 653
1121 824
192 1142
365 1353
28 565
2 419
1799 751
446 1542
1741 674
1115 1642
137 385
1642 1787
915 847
1611 1583
1677 1848
645 442
1468 418
72 446
1173 322
994 347
493 29
584 1202
685 843
814 1000
1191 51
1023 1329
829 87
944 1700
768 1750
841 848
280 289
254 168
1082 1139
108 992
981 222
1165 475
167 1355
1646 66
1454 1610
962 549
1004 1296
1801 461
556 1132
912 115
290 1377
701 1179
1207 1165
210 561
1731 1643
628 1654
1317 1666
700 102
1577 1524
1483 304
151 528
830 915
758 735
1397 1606
239 1344
983 1194
527 319
14 1741
669 1321
1028 1432
1448 130
1208 122
1773 1728
1209 1110
1435 360
1345 1461
280 258
1213 111
1725 321
723 287
1511 1128
1704 1107
869 1840
98 89
949 1399
1451 44
458 1365
1831 761
1015 1399
431 798
881 960
1800 332
1273 1203
257 1663
277 1154
801 1086
1687 1731
26 914
848 914
101 1360
1659 1095
972 7
1078 266
704 781
1207 1228
1495 70
1122 1844
576 1190
1635 696
831 1106
185 1565
729 779
1405 495
1595 589
1231 1638
46 606
1008 1490
742 259
276 980
550 649
272 99
519 88
748 477
909 984
696 921
1808 464
1295 429
1764 901
237 901
1350 329
171 343
320 1185
1327 1699
800 35
137 1331
1197 789
689 257
1776 1437
48 535
245 386
1853 626
1615 512
1563 160
751 1265
735 1322
906 1764
1768 363
1615 702
328 967
234 802
449 1108
154 1044
1337 50
1698 71
1105 976
678 562
578 1390
362 580
853 324
81 1836
1809 1351
1474 1725
1044 306
183 596
1563 815
873 155
1035 1540
849 1845
1574 1627
1813 1705
591 28
1618 1617
1692 548
233 43
738 1792
405 115
948 1025
1138 1495
1089 854
882 156
901 1532
534 144
1192 1383
297 750
264 660
170 110
1059 634
233 319
868 1189
104 220
955 264
1834 208
507 1348
876 1054
1727 37
706 837
1494 1367
964 1705
1095 1817
957 1582
578 71
951 1314
136 359
972 943
1613 1500
108 1690
280 1331
1453 1268
1561 369
1779 1850
589 985
1086 1301
972 1244
1346 960
745 1690
619 1368
426 58
1355 355
1103 820
939 467
945 1763
699 1414
1202 1034
1508 179
588 643
843 258
1418 1678
1518 1159
1833 142
1026 1547
1549 1771
515 553
1635 1313
921 403
281 247
533 66
994 872
1297 1192
113 1197
944 91
1271 1799
1647 518
26 1788
1266 540
930 253
1840 178
1800 15
1684 1024
1693 614
109 1834
110 1400
119 667
1636 1385
1623 1091
1050 436
1601 1700
1232 1830
1238 119
1670 479
1782 255
299 885
615 1462
804 898
392 1692
1805 587
917 563
673 1147
372 1198
1746 230
225 1173
1001 82
873 1094
984 55
517 1258
1201 187
780 141
1629 1123
226 1541
1191 1813
1645 352
1329 321
1041 806
1706 860
249 1585
394 1136
1489 41
1086 1294
703 1594
1042 961
1479 367
1537 262
1574 1103
1613 394
1340 413
1837 473
844 1670
636 226
788 594
830 421
1818 503
1261 710
1615 662
169 1449
502 584
1523 660
788 1764
937 1007
699 496
357 371
1624 345
537 1327
115 46
616 776
719 389
1416 1412
876 687
283 1097
782 1539
674 777
295 716
358 87
400 250
1070 265
299 104
1159 565
1187 376
1095 1656
895 937
1077 991
43 830
330 317
112 380
457 1299
1711 1841
736 212
160 365
306 1129
494 1782
1813 647
1290 1821
1621 1362
346 417
1112 456
290 59
616 1226
924 1302
867 252
1538 385
412 84
297 540
1472 371
201 1784
1348 1799
1674 74
576 934
1548 417
1348 243
1070 1359
1197 1781
426 1206
511 764
1694 668
831 1387
1052 1377
1192 1142
1445 1059
544 474
29 619
1108 1329
612 746
1800 1851
2 886
1075 608
