339 1551
730 1341
815 583
1073 728
32 1223
807 283
521 803
1748 1210
696 109
1175 1312
700 1189
543 1696
1738 1528
591 1835
959 217
849 270
783 1131
638 513
523 1379
1828 210
1662 513
986 812
798 390
1358 277
1359 483
14 487
36 1557
280 728
968 118
779 1697
197 560
325 1512
68 841
1854 1368
721 1122
122 993
153 909
255 1678
383 574
811 391
699 274
941 206
599 621
14 1324
1627 1720
1713 299
1407 377
303 455
384 16
1709 103
264 79
1608 1322
963 1835
1303 633
62 1534
930 602
1365 514
1788 782
1610 1628
208 1580
225 934
400 718
822 846
1207 1542
1220 869
955 821
1109 1855
218 982
293 1543
1830 927
1703 1816
168 1783
464 327
1672 1849
1476 1209
447 254
508 1533
427 1219
1423 778
1357 1098
1293 98
1827 1756
310 63
366 842
1294 1728
879 94
1680 903
246 1634
1434 856
1500 63
1699 580
657 225
1555 671
1707 1544
1707 1669
1794 1621
1587 1374
1169 1663
222 520
1329 1261
1682 254
603 1705
1595 1395
109 76
1535 1074
1196 564
961 728
1375 1031
1354 1561
1555 1346
536 25
630 574
1779 200
549 1163
576 544
1286 901
181 44
852 1131
1110 1134
303 1813
1769 450
242 1405
853 704
541 963
1643 1755
245 969
1194 1706
1649 1593
817 1316
869 1790
611 1376
53 1486
790 376
1358 1227
655 1496
994 681
67 389
385 1808
400 726
305 1372
1146 1698
1527 1549
727 1357
549 1639
1462 1537
1448 1685
1711 942
838 863
792 1661
15 624
704 639
788 711
122 644
1361 1307
836 1799
1321 68
669 876
631 1616
1487 652
1548 428
443 360
1699 1654
624 130
973 1569
239 115
1064 1222
1351 466
870 1090
1164 480
990 63
1003 1378
932 1816
1850 1600
112 969
76 1287
1317 275
1734 631
236 774
1598 731
441 1632
1507 896
1342 129
1310 1658
181 1458
524 1078
180 1655
1812 1612
1186 435
129 1459
599 859
1532 1339
570 1656
232 490
587 759
722 461
649 433
596 361
1426 1725
655 947
1790 540
1094 1578
944 140
1789 494
272 1637
1262 817
9 1755
527 1283
1359 1105
1169 1471
1053 798
623 1758
284 643
401 704
666 1413
1423 1468
1759 1828
328 825
1748 1417
251 1337
322 253
840 563
1741 568
2 498
1667 1264
515 831
1203 210
1322 626
1476 1635
29 1562
1308 1245
570 391
1037 1502
331 22
1839 951
570 1216
305 994
1784 1787
232 1245
1337 1582
1649 1630
236 1209
976 202
751 226
569 1762
449 341
1231 1796
1582 729
1145 881
253 213
1091 1269
409 966
957 1046
34 1659
1612 807
138 1769
1839 1165
38 1051
1182 1187
1766 1601
1673 1633
1116 760
1661 1509
198 605
517 1195
854 1206
759 1623
1068 20
1371 1668
460 449
1021 1765
1786 586
1809 1240
402 1257
1245 1309
516 859
745 419
1055 410
1150 425
770 697
1256 1323
1069 1704
1849 1370
1505 1527
267 143
1376 1349
686 311
162 672
954 728
802 687
614 445
674 1419
671 1366
1460 859
1635 14
1564 1412
137 908
1238 324
217 396
1667 506
1509 1690
366 229
730 613
660 634
669 1451
1649 1106
1377 1811
1854 393
677 1011
345 1803
1441 1367
1804 604
231 143
842 200
402 1808
490 86
965 25
903 896
1553 914
1556 855
1295 23
102 487
1672 936
752 758
670 1292
1201 1516
1438 662
1440 317
293 1092
569 986
616 1373
1510 771
1849 1773
1255 1201
414 296
460 1642
818 789
1228 1203
574 1485
486 124
518 63
1455 458
722 1542
778 989
1841 649
1024 1758
1011 1678
623 608
1606 1727
952 1496
766 278
927 1256
143 947
126 1733
1708 1443
696 67
379 966
1154 791
1006 1050
209 19
1243 1153
1695 1018
1294 1493
1707 1455
450 935
1100 830
1147 756
737 1686
1383 1456
1422 74
1324 1618
879 875
717 1317
905 1571
57 1101
1560 1298
1190 1405
1570 69
1771 854
595 1174
526 1641
221 1636
1583 1376
524 469
586 427
1426 751
500 34
947 13
365 1440
1465 1507
1303 1689
543 148
169 1052
381 739
248 699
1607 1082
363 1616
1494 901
1746 1751
1626 781
1450 1736
1620 848
884 152
297 874
731 126
1594 1279
773 1279
723 146
658 875
1824 261
1389 1619
1634 1482
331 7
1290 1233
568 1066
434 995
1724 1640
751 1284
923 1306
985 1341
98 214
1043 96
1818 1322
285 1693
410 1691
1007 1210
1610 1384
616 1348
1124 84
753 1772
1808 1819
1014 1126
1789 803
1364 703
1653 1138
8 936
374 918
1685 728
1096 1772
301 845
1165 220
783 725
632 313
520 717
382 913
407 1371
776 1745
1294 420
1655 1049
459 624
943 201
1028 256
295 263
574 10
65 1313
1415 1667
44 47
1270 970
100 1710
737 1303
1466 884
1310 1381
115 1282
1564 1443
1542 555
837 781
1169 53
1034 714
1054 729
1057 1016
1394 760
42 555
1830 950
1581 692
1714 1103
1018 257
357 837
1652 1070
700 639
282 998
664 342
1506 453
675 1835
1227 1538
599 950
1288 1348
460 1739
1737 299
1615 877
1829 571
30 1093
1791 1540
1560 548
1517 641
10 1449
1039 1498
1820 372
1389 473
1435 47
901 878
88 896
712 1688
1802 1314
1296 189
1196 1051
571 1079
1424 897
283 1323
76 1671
1038 562
974 646
126 603
557 26
1009 1029
1311 1043
1532 253
498 1405
996 1824
186 1796
1095 896
1007 63
419 55
569 92
798 1220
111 1504
290 127
345 412
1367 919
780 13
300 17
1708 1270
996 1481
64 1012
879 244
436 721
1549 476
897 1139
1164 1295
1686 424
608 744
321 410
389 668
683 467
512 1282
1601 638
1155 1293
452 820
992 1630
758 239
1256 1045
483 1473
527 1443
663 1685
1163 1780
1556 685
822 124
1776 647
1261 299
385 1151
799 446
209 223
129 398
1331 1800
1455 857
904 915
1808 293
34 339
1039 6
1789 358
1347 1244
1135 943
915 1306
1801 450
1444 242
593 1647
1097 744
1618 179
1231 1513
1527 988
1542 534
1363 1017
1501 1854
596 1230
468 1396
810 1661
985 678
867 406
896 661
1363 904
543 1150
41 254
1266 1792
343 751
403 1233
275 1235
1238 1495
929 1712
1696 345
1251 564
125 1643
1801 245
315 45
435 1811
296 649
1298 675
170 815
996 810
192 655
1011 1518
1053 531
1231 782
1832 1145
1467 775
63 1589
1585 566
728 1174
1466 130
1268 587
1758 1803
1526 1586
1571 1809
772 1306
413 1630
808 1598
1837 1231
584 117
1304 1120
1040 470
1019 1289
913 901
482 447
169 1669
417 1291
698 871
1287 553
31 526
68 485
1096 1134
431 509
1707 1838
242 565
395 1300
1622 1201
1444 1245
445 1302
1708 1661
428 767
1061 1375
1663 1575
1749 539
153 1321
617 1579
1245 1650
1747 906
1749 459
349 1369
1340 1670
1398 339
1458 1803
1526 1513
1644 123
1336 1516
698 733
774 1480
1414 842
895 419
850 1464
1169 700
81 1195
1544 1359
1627 650
1695 1203
973 1107
1489 1336
444 934
1047 1519
1525 338
153 1241
89 1113
1420 100
825 391
1166 1523
53 1850
1152 252
1557 1398
1787 674
1514 496
511 294
832 1504
686 1036
850 421
968 984
1083 1204
198 973
570 898
483 1035
1576 1320
1012 1273
381 1086
1096 594
1056 205
1455 1004
14 750
82 1110
928 1766
1082 1716
729 216
448 774
588 781
1788 125
747 1063
1747 1531
1460 440
333 202
879 1713
1167 1731
206 21
330 605
1428 731
911 1121
1668 620
1025 1217
488 1798
428 1220
658 415
1377 1754
1419 1326
994 1599
520 94
496 1462
414 1517
417 343
1262 1246
754 630
964 745
403 170
1202 1654
1321 1576
1166 159
699 1384
1756 1401
398 144
1847 1138
1227 1226
60 827
1361 389
476 576
366 230
858 1469
1743 1717
1052 81
968 632
1012 1631
802 450
150 129
1756 174
104 994
909 327
1657 1677
953 1418
277 1337
1667 784
1758 1203
602 600
1340 1278
361 1781
1065 1611
1251 829
1547 656
1073 231
238 337
735 1309
966 431
1612 559
1133 144
1447 946
741 85
1146 1227
943 457
684 869
129 402
206 304
1510 466
1095 778
239 437
769 81
1730 142
847 90
939 931
1120 554
1565 955
607 1117
494 463
114 1801
1510 852
1283 1681
366 801
1513 435
736 1043
1603 1703
1354 155
421 804
1591 968
736 482
102 247
942 1779
1118 1094
1617 954
616 1667
128 1678
1579 1343
1149 1019
1463 1090
485 464
1587 1548
1148 290
657 1197
1375 443
963 242
1460 845
757 1494
1776 800
1304 555
1658 1092
784 1493
1030 1264
1293 974
47 66
338 385
1251 578
437 37
279 1272
365 1846
1766 890
893 493
1769 577
487 1156
593 1553
394 1410
365 1441
1127 244
1848 1061
513 634
1290 1512
114 949
812 1354
1697 1237
763 522
391 69
1331 285
1703 754
662 725
667 1725
90 100
1828 319
486 633
1466 0
713 1153
901 430
772 1754
1439 953
428 1701
1070 599
844 779
1538 1159
1368 1280
1767 1701
1002 275
269 1038
1196 643
1110 878
277 1068
1400 1380
583 557
422 483
1213 531
1603 621
671 634
1634 993
1154 105
1822 1832
520 875
705 1823
1471 147
1362 888
611 775
1362 579
612 330
1341 679
1263 227
489 442
454 1353
1025 896
1192 441
1268 231
75 1848
959 1594
1408 590
555 491
1405 923
61 1139
210 1781
654 1005
1123 954
968 1496
1190 457
937 1022
1758 323
1446 888
159 998
1032 720
37 657
655 787
1266 1236
883 1650
740 1721
1019 1603
70 1767
269 1658
490 372
952 1510
1513 998
1510 1114
665 1720
259 1764
1434 1187
849 1551
1021 1709
417 1465
57 1033
853 584
90 1225
648 51
1236 34
929 654
1540 1720
1546 1700
1469 1849
54 187
1036 279
444 695
1800 576
1348 300
1679 1473
245 963
1516 1575
502 1694
1500 1488
225 335
1729 209
1720 1623
1051 1409
899 1592
1802 998
463 1559
1075 408
857 1498
1750 37
1412 175
1375 1134
1410 1678
1496 1649
1230 778
612 1262
8 334
342 1045
1551 1228
472 731
702 1095
419 1358
804 562
599 269
141 577
542 1448
210 717
55 1590
348 1118
1203 650
1069 1684
465 1775
687 1770
1431 708
1513 1000
1394 31
810 1383
1311 1398
1504 824
349 367
1393 1579
458 1333
664 640
472 1532
624 1371
358 109
576 1291
873 973
904 9
1410 1513
815 946
1499 692
611 1135
1826 1456
1236 105
744 1475
1720 1241
309 1584
1366 1333
1122 1552
1405 109
1574 1225
880 732
1298 1022
474 1275
927 1367
782 528
1144 920
325 419
933 1209
1680 1341
1797 128
897 1108
465 865
1053 586
1020 483
1683 1084
1822 1534
158 1198
1625 990
864 557
535 150
1838 1263
933 1284
1725 1069
1224 648
683 702
1490 974
1290 1806
1751 1312
95 736
1025 224
1020 1544
984 391
77 1567
1482 1166
174 1700
1441 336
127 1403
1162 1718
1050 1450
710 968
1090 1170
862 1244
812 1454
719 1515
1657 828
1298 1019
1520 1816
1288 291
567 1080
98 615
537 1006
1063 423
1438 189
918 547
719 1330
162 1731
1199 1011
1818 1299
1722 748
296 1070
456 1421
568 1436
1581 921
141 343
1548 1430
818 1353
1178 1491
459 369
426 1097
1442 1384
817 1030
1398 420
317 86
1229 808
593 338
1124 970
1796 458
1415 640
1718 601
1772 233
1376 517
262 852
1240 1108
1847 519
803 635
489 1206
201 151
1571 267
1629 555
1267 354
194 257
685 1687
306 616
1039 263
784 523
444 727
505 1202
571 1768
418 1764
1635 353
1345 1247
165 514
314 1303
501 1035
1321 853
506 797
1270 1844
1033 728
1034 186
488 1356
1451 1331
665 3
1311 1126
1836 83
1363 72
1584 96
1650 166
1227 264
1446 1512
1028 1319
256 857
1012 895
1433 1757
232 945
396 405
1802 1528
1075 419
1834 346
1667 1051
1807 1000
1557 1559
1714 998
250 811
925 453
471 1662
1788 1260
778 783
876 974
433 576
571 186
1655 1151
1701 1541
722 824
941 1754
522 64
1145 655
397 1138
1147 522
1737 667
74 123
628 1751
1321 522
225 1763
83 89
1404 905
457 1442
970 129
882 1231
1219 1502
1057 1576
1593 1428
1223 660
1046 663
328 508
1639 233
1712 1199
340 409
1511 1279
1481 1668
1812 5
398 1300
1495 1077
1455 1287
1076 1466
1485 1840
1435 50
943 1630
964 456
1695 1006
175 558
1034 438
829 650
626 26
958 160
1772 1604
254 1656
1681 1013
48 740
1670 726
1048 1258
1378 387
99 650
1754 1669
19 56
1174 1166
11 384
1846 306
131 257
296 1579
800 504
1401 1425
1458 1640
487 646
145 1294
479 259
1041 1493
1193 1827
353 784
1377 69
1379 580
288 1535
1012 1482
1434 1794
1375 638
761 1827
1816 1812
719 1431
392 1700
1447 1059
1726 249
260 1118
815 668
1795 582
1753 496
1481 93
1438 42
1448 228
1291 513
1637 967
1638 587
500 672
1767 1252
1554 1423
597 211
127 252
1478 1678
89 548
116 570
219 1326
1732 796
584 1763
291 28
1434 1521
1108 1015
88 453
933 1151
570 1671
49 380
1206 889
257 1287
1721 251
474 112
1067 1707
1711 1622
968 1538
1746 1564
600 652
182 751
603 965
1561 1660
1420 1011
25 1602
594 1474
1116 1722
301 988
819 1407
150 674
743 1661
222 682
1615 1662
1384 1514
1708 82
308 405
85 86
683 331
1439 264
611 1004
1182 1733
524 206
390 1348
275 501
718 30
877 472
808 415
1201 1391
262 1094
493 1230
310 244
59 634
1644 940
220 695
1112 127
1488 1587
1775 307
902 639
893 227
484 237
1652 673
1419 1335
1194 1360
1537 743
774 66
1127 380
376 112
189 106
819 1658
204 593
1574 645
1286 293
1680 1627
168 191
1262 1318
1168 266
109 1406
638 1247
1523 1794
1145 691
1269 994
46 1133
19 1816
624 1236
739 65
1454 1626
1202 55
954 981
1321 1253
707 967
198 1466
59 122
213 687
500 861
95 1247
804 975
926 1818
1141 657
847 1782
1498 1733
1774 783
976 1552
715 1157
1021 421
825 1555
1154 1194
551 539
1050 672
1383 1519
1084 600
1312 1397
717 49
1642 866
1574 544
398 233
1482 1802
1073 403
1699 1695
842 597
952 100
1217 434
957 1735
1428 1299
900 780
434 1208
446 704
1333 56
116 1500
1716 1831
810 607
749 657
1742 1054
118 701
1501 616
1776 893
1261 904
639 1198
1324 1683
1537 777
1261 521
909 1138
804 560
283 392
1680 901
1198 1413
591 1271
67 644
1754 515
1815 1764
150 764
1477 560
300 327
602 1227
539 280
1712 947
197 1046
966 399
1817 1466
835 888
1798 1628
1101 72
1739 720
1364 21
146 189
180 913
508 504
798 180
600 1015
1307 1389
1442 90
301 251
664 1272
1686 950
1427 1457
1661 1755
1835 840
477 1488
1608 189
799 104
951 1585
285 1621
302 555
623 1293
1148 107
440 1117
1475 269
1559 52
1319 1764
997 1579
142 1343
1079 263
1087 1194
423 1813
1532 1770
1756 1072
894 205
1395 148
1322 1489
788 331
1757 277
1210 1344
279 109
1180 1257
1807 1671
777 229
1241 1769
314 1371
1814 573
1297 1852
1439 787
1474 1443
157 1497
1368 1538
1770 719
1195 1
1125 1844
1564 664
612 1651
1801 562
1583 1197
579 1174
241 1613
1390 1531
944 1435
498 1369
1304 677
899 1385
1116 1210
630 662
143 1330
91 1790
108 285
267 328
1766 161
1401 25
309 745
730 1630
750 708
1163 899
1431 473
1157 1707
1704 230
89 580
362 620
989 1519
369 1348
1751 715
1820 210
869 1579
1501 1817
224 103
900 1428
393 1548
1256 447
1406 31
446 846
1636 388
781 1724
1527 289
1023 256
1549 1004
1309 1050
1022 830
1216 524
397 1251
821 1000
449 201
338 833
365 1729
1651 759
622 1566
1299 116
462 463
1148 1034
1096 1785
525 108
1200 366
1501 211
637 1509
754 36
592 1188
1634 708
544 650
1287 869
917 1330
128 187
1192 195
295 867
753 114
318 775
142 1464
1821 953
16 282
448 533
524 205
927 176
445 1845
946 566
224 1638
427 277
1768 1274
1576 57
798 547
869 240
1593 1512
1303 1159
974 1213
221 479
1163 1413
410 1577
788 903
1243 1571
939 794
746 294
814 1656
1076 1149
511 1843
1399 153
114 778
469 1047
863 249
30 1450
1828 1441
987 1686
172 1076
81 675
467 1603
295 908
1393 984
1841 1603
1461 798
1017 607
1104 781
765 1731
647 84
1625 1848
152 1725
1642 1436
288 891
1721 1138
1673 1033
945 1397
952 1636
1339 581
1225 394
1468 541
12 1316
1401 1202
1787 1363
1761 301
1000 375
1583 603
475 1322
291 689
795 505
994 404
952 1386
416 607
1095 321
494 876
1648 1758
661 1673
459 87
1014 573
1283 1606
264 1566
874 1609
1473 1415
371 1813
621 554
1083 1748
483 1219
817 427
333 967
1608 687
544 1215
803 1189
1752 746
780 886
1296 52
1484 867
1564 335
917 1430
936 239
609 1811
1480 1170
45 1311
398 1260
1671 780
366 1333
834 1578
1770 1194
1786 1347
351 1646
1610 359
376 973
985 1833
1144 43
1080 1329
806 396
1064 979
396 1013
1677 325
1329 103
683 1678
827 464
1331 790
1452 1027
1198 661
219 504
841 1532
77 951
485 1774
599 162
608 1271
1291 433
948 1298
191 1308
64 940
1834 502
933 988
59 959
18 11
1143 206
1632 1187
1085 929
809 207
329 304
602 574
1625 1259
982 234
1784 452
1293 558
359 1029
1631 51
1535 1193
1207 1431
410 411
1366 1644
1736 226
1496 1521
1829 1830
1673 561
1772 918
1726 1465
1671 454
892 386
316 929
1790 314
497 1081
1399 250
80 404
972 793
641 1046
719 732
1825 1442
72 941
1482 297
1647 1227
57 182
1435 589
1502 1315
487 768
919 912
587 944
899 1399
1722 1021
585 1270
1205 1059
1330 1838
1646 860
923 1005
1446 332
510 293
598 120
1656 90
241 1286
487 1667
1667 1420
1351 643
1471 1635
715 1190
377 101
928 433
1450 818
594 1050
483 243
901 456
1552 961
1119 1176
1226 1269
639 107
351 358
424 1850
909 767
658 1356
886 1654
577 264
638 1033
1768 1691
1257 799
1835 1573
464 233
544 1701
1566 1264
1195 607
666 745
1113 615
1566 836
107 311
470 1159
1702 429
1855 308
1197 698
1357 837
1392 1308
1778 688
1584 1848
186 757
1508 37
970 974
716 1795
411 825
124 1611
1291 1421
35 340
340 1311
1841 1775
1574 455
1259 1092
861 1294
497 1562
1110 805
866 412
925 201
551 1121
739 625
1381 306
1365 182
1217 1311
575 811
1205 402
217 1349
984 1285
526 1608
1234 1183
881 385
526 652
336 808
1382 1327
1291 666
1314 846
1669 860
1347 193
1513 1224
64 722
1384 1850
1634 1070
1399 668
524 1268
795 1174
140 983
1163 616
443 421
1785 575
139 1612
927 1677
965 1575
671 376
0 43
194 53
1692 1765
796 598
1773 857
1854 1381
609 1184
1055 788
161 158
715 1312
542 1115
1596 1850
1716 698
1338 957
736 1386
468 761
64 1362
158 548
1137 1624
1463 717
507 486
452 696
288 1686
1095 940
785 138
428 187
759 553
75 1688
1532 789
602 50
144 1081
1199 749
718 1285
1433 1233
826 343
1676 106
1296 681
366 493
1523 598
1215 1543
1205 145
1412 65
792 640
1066 1572
1216 1243
1750 876
1547 1800
682 302
1418 1016
174 1455
906 1151
1738 1374
713 1451
1436 1038
999 1396
1069 301
1618 502
1075 795
1540 1773
207 1147
472 1764
1591 1467
1010 475
1119 889
523 1565
1201 255
1144 478
1262 670
1059 1067
284 276
314 1584
203 904
986 965
928 1286
278 479
174 1595
473 775
1388 1297
93 547
1450 939
648 197
1442 1429
1626 409
936 240
835 617
1591 155
911 1717
181 500
1610 1852
1042 1693
851 731
699 624
780 833
858 26
1041 1394
485 878
637 1386
460 1228
1771 1557
1551 439
1199 561
1651 461
670 1193
1746 1836
51 1434
801 427
26 1766
1425 1161
95 1706
1097 1320
1142 999
1190 940
704 835
1841 1166
234 493
1122 647
1060 1056
1617 1809
126 827
35 802
624 1458
1529 730
631 218
1384 653
1486 1331
491 1299
666 1221
671 1671
424 1385
913 1137
1039 38
1692 685
1421 1293
1028 648
227 1517
1284 1721
31 1155
138 1126
1711 606
1568 561
797 673
865 929
1141 479
1632 549
859 537
262 327
211 1130
1028 1328
1782 1422
728 1388
974 1119
60 159
157 1292
692 894
441 1656
503 156
464 928
81 1434
455 1001
1097 915
1107 1382
185 315
937 1328
1523 457
60 1229
509 1711
1720 969
434 72
314 821
214 648
1558 109
1655 136
581 1474
1302 1286
255 86
497 323
1321 470
1785 21
1392 1354
1261 174
913 1837
872 1746
157 87
582 525
380 1712
1052 1442
1367 804
200 1191
823 756
930 241
544 306
1216 1378
495 191
1588 1820
470 304
1084 390
1227 1140
735 1706
614 1211
1100 305
1824 855
1689 1827
901 1460
734 17
61 1179
628 1574
1633 1324
622 1148
1731 1188
1488 1063
394 450
159 1805
1395 880
1835 1356
1285 500
1287 143
65 630
393 1137
628 1518
187 1219
609 601
770 1080
263 1073
1704 1455
145 202
1321 1080
1185 715
1356 1638
235 1644
1584 271
914 725
609 316
487 1260
1211 1770
224 1542
1302 1288
1105 1308
633 48
1146 16
1426 74
854 313
1795 1115
138 139
1438 1417
1247 815
338 1579
340 1672
1134 1840
1351 646
1845 624
393 1399
810 1021
1611 1588
76 689
174 937
345 1399
327 43
1679 948
1745 702
1842 394
912 1018
1145 160
1138 22
1638 497
304 1120
1726 474
1722 1443
56 1825
161 263
677 1623
1359 1614
665 510
1341 128
188 1809
655 968
802 114
43 319
1809 1430
1197 1702
1232 1768
1138 1398
1346 1011
1222 947
1256 61
1068 1776
974 1225
686 1826
1113 1446
556 1733
1236 489
966 1080
71 1230
1044 934
1242 253
1803 248
476 401
695 1041
1452 100
1322 810
754 1096
85 1047
648 1772
1313 540
563 1310
386 1711
484 1735
720 1133
1821 798
238 826
425 1516
777 1672
299 1163
787 974
25 1365
1841 1119
61 265
143 397
1039 1629
595 711
605 624
1339 1239
63 457
1082 605
832 1511
124 1679
900 844
1679 707
827 941
1235 669
800 754
1808 1396
1125 601
681 560
1411 504
668 1074
1635 542
1334 750
1678 1618
405 1343
1596 767
588 593
609 649
715 73
595 1326
566 458
1477 1286
0 1568
1340 1470
1667 1166
1293 1117
1551 1847
924 750
26 544
1589 1244
600 771
255 1606
1353 1197
1385 444
1053 1739
960 1488
1834 930
230 534
311 1829
980 1302
96 593
59 723
407 690
1560 1373
1016 618
503 628
766 642
1538 363
1716 501
861 1096
127 1215
398 785
149 1743
315 1374
1559 1769
1052 480
136 817
1633 1309
280 1404
1236 66
204 555
1283 971
585 1702
804 397
685 261
1565 306
1407 448
161 1095
1418 1581
2 1833
92 775
401 723
1715 504
1819 1781
1135 1662
1831 806
579 573
220 769
1655 1358
1398 281
802 44
152 839
587 666
680 249
663 1109
585 42
458 51
1610 1018
1618 309
75 912
195 326
568 1312
673 710
716 564
1850 1313
517 1792
284 1410
153 1689
1214 1340
1003 466
471 276
1489 1761
1368 1838
1094 184
308 378
1365 1544
703 1495
161 1543
1106 1214
1103 1438
306 589
738 901
1425 692
496 1360
591 968
1523 1165
128 1515
1708 72
135 1775
1534 1772
857 327
446 4
1745 1148
721 815
427 613
1451 339
1524 1121
1185 1133
412 1388
1021 1688
842 1538
433 930
412 559
678 921
1023 1831
1827 782
1713 917
1609 1247
85 1357
1483 1693
921 68
1327 1323
1678 618
489 272
813 653
187 148
129 1848
620 974
3 1297
1510 1349
1032 1334
28 193
792 1681
1658 730
298 415
948 571
1802 145
348 1558
88 974
1756 1788
1346 926
291 82
278 1355
1733 79
300 1263
5 257
845 865
716 699
56 1386
1318 1112
895 1099
393 1845
530 495
1248 231
16 1378
847 907
422 1660
180 583
1388 1178
1103 63
443 430
859 90
988 627
1343 344
924 1214
1156 454
420 585
1668 1547
1234 758
164 832
1396 793
360 197
1674 450
43 336
1677 746
1094 996
137 1166
1091 1590
1043 512
491 1712
384 56
570 282
1254 702
1330 771
571 1387
1563 885
948 1344
809 1384
279 1056
41 622
549 1770
0 766
676 1381
367 1205
487 536
1176 287
393 809
197 1572
490 1689
606 198
1576 1843
705 1551
1423 1801
279 684
1584 384
366 1106
1766 1802
1489 563
814 367
644 697
561 1513
206 1510
407 226
1464 891
407 1199
672 719
1701 1012
1851 1822
941 348
1069 908
692 691
1473 216
502 1666
1650 1473
502 1351
1743 515
572 621
1411 887
475 564
78 407
1725 617
1267 1052
218 59
1058 533
380 950
1855 429
1420 1028
1614 319
245 1479
1546 451
479 858
1461 1435
1647 332
1590 198
626 1523
293 900
342 617
939 321
1395 1161
1350 1059
215 1656
1417 465
1198 476
810 335
816 1812
231 2
754 1042
998 1517
582 211
1212 221
1535 1405
771 280
1099 1067
1468 758
276 825
1731 768
246 1344
287 1731
929 1397
1387 164
1363 518
1206 1142
1546 1168
156 1724
1084 1786
440 476
473 1529
1407 1040
264 1679
833 67
173 733
503 384
574 877
1401 1123
1698 1366
210 1221
1289 527
1193 1770
1787 559
298 544
417 1627
773 1198
848 674
1551 10
1813 1253
1274 1456
1363 976
1382 1758
1799 363
260 1855
86 1471
440 1687
1569 25
1457 984
1205 1253
1551 1785
1463 1392
1854 372
466 1164
1215 244
1508 1852
820 1044
1170 225
1736 1780
571 770
1763 820
1387 1211
1656 1823
543 1250
1519 1291
1855 918
50 1637
1707 864
458 1356
1473 1841
317 1184
359 1094
1684 485
1092 1708
1383 1675
1361 1527
910 385
1336 615
1829 601
1789 904
1647 1729
1704 1654
381 743
825 94
889 79
1850 515
819 430
745 1624
310 1279
1295 337
448 699
2 256
88 567
1406 1782
73 1292
449 251
613 269
114 106
1013 1571
664 102
1246 1514
955 494
904 1371
356 385
155 1648
1147 509
73 229
1476 122
1627 1706
607 946
788 1629
1802 499
134 854
544 135
1720 1456
1012 1711
972 1844
641 1043
192 1268
229 350
1426 568
295 1380
927 147
398 613
1104 536
289 1708
1558 643
598 1839
1017 1048
1472 530
1660 52
59 423
1014 36
1218 309
1326 1574
49 273
863 1583
1036 550
666 62
33 836
218 1566
1426 1688
1266 1159
1409 838
1376 972
924 275
476 1853
1339 812
1123 1669
111 695
975 564
1744 1208
1075 648
1740 1483
1789 727
139 774
1222 287
765 1377
1072 1388
1253 741
1421 479
648 1322
341 1199
1293 480
823 1405
1720 1203
1100 115
1576 850
653 293
1487 1732
456 407
285 1771
30 160
1200 1066
339 1386
47 975
232 1357
1550 915
190 754
1605 772
759 1823
960 714
1819 426
1228 1416
1455 36
1241 454
1305 1093
106 203
958 1580
333 394
199 338
500 1667
405 114
762 400
1567 486
775 846
1523 86
973 1642
1209 1469
55 1208
132 734
16 1472
1253 441
811 586
1786 739
142 470
1057 280
1756 1139
534 1398
1380 263
365 1423
887 1025
494 276
1568 848
1823 450
526 567
215 1067
124 903
394 861
1049 1373
1643 831
580 323
1094 1504
855 436
1638 1348
1520 1181
969 496
85 1574
1839 1595
1729 312
318 1724
630 145
801 1172
797 1742
1135 869
50 729
1294 1371
1655 1191
56 1321
965 492
12 1701
1258 1650
790 1648
1802 1210
365 1653
858 475
1001 715
317 1721
1027 77
401 442
1343 1094
1683 577
1411 508
711 588
136 722
1717 973
1805 1486
358 77
1429 1207
798 281
1118 985
439 845
824 97
220 1358
1422 335
623 1214
753 1
1523 1056
700 753
1340 656
14 7
23 1593
422 15
953 491
1708 572
130 1420
782 248
414 1716
762 910
1373 1544
1589 854
224 1482
1643 1505
1683 77
1097 629
1769 715
1219 301
677 1702
471 1083
160 884
1310 536
1824 1615
1555 1195
1178 86
1373 157
305 1292
414 1440
998 1155
540 1451
294 188
252 1111
661 514
969 486
686 537
947 700
1814 464
508 1581
1365 1602
79 490
638 365
67 1761
1113 929
1629 499
452 215
1663 538
1604 1692
1049 1472
1732 967
764 1414
1574 748
155 1591
1765 78
1783 1402
1003 1625
1122 883
37 738
1674 833
66 1653
312 470
1281 697
462 1530
260 380
1039 1502
1285 385
789 800
1569 1013
817 1109
687 1208
770 47
1849 819
1583 616
807 231
1363 547
1707 444
1199 677
402 611
357 1741
1033 983
743 1537
488 860
1580 410
1556 776
1426 569
77 1324
1345 63
315 169
1210 299
550 1237
1612 851
939 812
1527 417
885 251
95 1478
1457 622
834 928
1588 1317
969 1517
1204 1786
1029 1421
518 510
546 1286
1693 1021
1020 1273
1238 561
1835 1853
529 688
116 1747
1098 1130
601 1131
1597 56
1344 1033
1724 1654
1683 534
1301 1283
863 1391
1267 392
585 447
823 301
204 266
1809 989
943 900
245 1598
1067 911
1813 950
211 1608
47 919
634 1127
1271 1380
130 493
781 100
1380 15
634 368
950 1809
469 94
760 247
662 21
1392 638
875 1436
328 1555
190 546
1450 1164
440 51
1242 132
805 1432
687 1845
227 68
1196 98
181 1327
1346 1129
1730 804
314 936
326 1070
24 1175
575 1327
1270 1122
921 384
175 1763
252 1661
1651 1215
634 1016
763 1505
153 1550
781 1403
1300 721
1548 1240
210 837
906 61
1630 982
1329 1274
542 54
1693 1403
1380 920
1625 121
1539 1295
119 1616
887 1731
716 958
1651 890
1228 1274
576 167
1466 1190
843 1151
19 469
1448 1528
1277 150
25 1584
1619 1404
565 686
1722 1483
476 438
1651 1802
690 22
541 557
1528 1210
1194 888
441 1214
1039 1216
160 567
1530 766
490 1006
370 656
269 943
312 1139
161 705
398 673
1778 551
593 389
1615 305
1448 774
737 1632
814 139
517 20
854 409
1745 1818
419 380
1098 1711
1808 1611
1668 1354
396 1173
1445 892
826 665
96 1828
1411 1607
127 985
634 1358
999 103
1533 1117
793 1295
1710 531
65 1038
838 1604
1128 1705
433 652
143 1046
1136 1459
922 1160
580 1303
172 1739
994 1818
384 865
844 1813
1647 1131
416 459
752 83
1732 191
297 127
1672 1492
576 269
1558 234
1484 69
1156 352
550 696
1468 1164
516 345
931 1609
1485 891
1743 1435
30 842
358 180
926 1341
308 980
1850 1444
1435 1217
1015 1136
1141 957
1390 1475
855 1548
740 552
251 1434
1249 947
1285 238
225 1843
1387 1076
1109 1354
1563 1006
626 782
1460 1345
1043 343
1506 654
463 1348
1048 668
22 1702
1673 1443
1440 1402
529 1517
999 1818
726 33
66 1151
1330 1084
1097 802
1636 1336
362 400
1076 713
911 1285
380 1147
477 976
1850 140
410 635
775 294
1166 727
170 211
1064 1484
793 113
1037 989
783 490
938 1391
919 1019
1366 788
1034 1082
1175 1794
1256 810
566 100
1623 384
1735 685
1050 1354
683 1170
987 796
1775 1599
616 1544
1832 1534
1054 582
320 1355
1755 961
858 1349
615 207
1562 1535
1364 1161
133 231
1148 914
11 137
1476 1725
250 1019
1616 1662
195 1463
1817 1476
1231 333
944 1129
1031 1242
1385 1615
1409 1416
1673 618
635 1581
405 277
1454 851
222 98
1287 1684
1000 1393
1645 814
816 1148
1280 926
567 622
1203 1023
977 379
408 1384
55 172
1791 596
1478 116
824 952
907 101
1149 1379
1635 252
553 548
1687 263
714 1034
757 1125
1759 196
283 308
960 387
1538 227
1443 1662
567 1685
365 1238
1327 1404
946 1592
1004 1544
402 1429
65 121
1704 1620
384 696
646 1408
1742 1457
1516 129
761 875
326 774
311 172
352 1507
1565 920
1123 1505
407 200
1468 939
1471 38
1297 124
445 1756
228 57
1016 1648
677 671
1449 322
662 812
36 142
689 931
1123 1272
194 834
482 965
1632 1430
420 414
330 1258
1723 1674
225 956
1493 1277
119 1085
1381 445
812 408
189 1432
709 596
80 863
1447 1034
826 974
863 1194
106 777
1469 1196
1842 1222
685 1452
1152 1828
1248 890
1686 1322
1746 133
563 464
502 363
286 1054
1218 836
325 1419
685 1793
379 394
1706 1775
1715 713
1110 1083
742 286
458 1786
655 542
1239 814
801 1736
1009 932
1168 128
1790 1829
1059 389
1385 457
1734 1039
14 1598
628 1618
270 1846
1720 1684
1082 1220
1553 1168
1766 1240
1524 155
417 624
1626 1340
1663 890
427 395
1676 66
958 1845
1420 984
769 1057
368 655
1703 10
1335 693
1308 451
1402 1122
556 160
466 176
62 1000
650 463
852 1486
1782 1570
142 1322
1645 358
800 202
547 1211
388 1792
689 256
815 1259
1113 1443
1537 440
759 587
1217 1528
1029 1471
1146 865
1217 737
148 1146
718 1591
1712 1493
1571 713
859 1213
512 233
1252 426
118 1202
459 408
1432 1212
1529 701
306 1459
1690 115
422 1457
301 179
936 1358
914 1812
167 215
928 1490
1298 1123
1325 183
1023 1767
1026 1297
1110 875
1783 1279
1319 1330
418 1536
1778 41
497 1507
242 933
1106 1091
235 505
488 943
441 1136
1037 1233
613 458
1269 104
1681 531
1032 1061
354 327
86 532
281 857
756 606
1778 588
1562 937
1695 1612
349 1116
1769 1813
1778 339
897 1445
1 736
1426 227
958 117
357 290
867 977
66 1383
309 1027
31 1395
1553 174
170 1110
1594 1702
1475 693
1498 793
1068 890
1259 1782
661 1286
847 29
1136 668
1125 111
962 190
1270 1343
1511 1502
1061 1712
304 1015
1545 1354
1062 458
1339 744
1412 1547
792 1825
299 559
865 236
1633 1517
287 1711
931 1767
515 1638
1776 1625
1078 524
894 1326
511 568
1629 1045
221 1698
1196 820
229 1155
1016 1682
362 1626
1591 903
1067 22
1357 125
1170 592
1252 1697
41 1596
969 1158
1002 660
1174 513
1692 1017
1346 1049
1332 478
130 1813
1089 204
814 727
618 779
247 922
1594 195
1769 57
382 534
577 952
1228 626
328 227
734 543
1820 1767
1492 1672
1587 1412
1339 952
279 1240
904 4
1013 1615
1784 238
1549 550
941 93
409 204
1312 1494
934 497
1733 649
1641 1175
20 1508
596 981
1808 463
1080 546
1680 1170
14 316
455 1382
1177 738
1569 505
1180 909
1577 627
298 252
1005 1651
906 901
1161 1220
1216 266
1428 890
773 502
66 772
1791 607
1133 622
1329 1188
1505 794
420 500
1344 1407
1825 1689
1297 499
294 1421
1048 843
510 1260
968 1600
16 748
1811 1341
170 638
59 1325
913 888
362 1801
1392 941
185 403
1242 1339
842 426
959 1816
159 294
64 1734
1660 505
1647 1587
175 1537
256 1742
414 500
499 1079
689 1148
1434 459
1275 1055
54 1829
62 1058
1803 1714
443 1174
171 152
1677 870
151 1218
329 1294
1577 738
1249 1708
178 1289
1257 948
51 1450
25 1850
846 1187
1671 1640
61 341
1695 1030
1487 1301
345 2
844 705
1662 1599
173 1263
679 366
1527 1837
1252 1513
1548 1547
119 1062
1527 923
1475 28
1138 733
1604 568
265 1327
707 993
282 719
976 1091
162 1338
36 209
1433 1663
530 689
1784 327
1115 155
1664 1451
316 1796
1236 1721
1703 1269
1256 475
1251 980
1298 439
1742 1195
986 1293
1686 1843
1311 15
719 1179
199 1379
1190 558
920 1458
1388 955
1676 1383
141 765
976 1153
1272 475
75 1721
926 830
293 358
1673 548
1064 356
984 240
1342 1255
611 1193
1287 1006
1721 534
1081 1778
873 1276
810 1584
687 1256
336 1151
1278 1697
1509 636
199 1552
1629 1630
1264 639
865 704
36 508
1828 402
467 253
1569 884
773 958
55 354
215 1307
919 151
1650 365
525 433
156 1764
1566 837
734 997
443 884
1096 1421
797 454
91 726
1048 1795
536 251
949 1816
1269 387
1661 412
1231 1479
1466 570
342 1075
169 1795
1142 1128
1404 891
932 1280
1726 403
108 1683
67 888
1065 252
1836 407
1689 1205
1249 1093
1631 1115
495 1093
144 1267
593 662
306 1227
1343 938
1280 54
1694 1273
1153 403
1126 734
633 473
734 1393
263 308
590 1770
1385 1041
709 1040
1157 578
407 551
442 613
1030 1809
1216 1419
1396 1440
1621 1006
1338 933
956 1688
1127 1271
283 220
522 1203
1252 594
314 582
17 543
1276 1512
1092 933
1101 1558
1851 1751
459 1731
1650 1580
666 1607
362 1744
1780 748
1109 37
1517 1372
168 1445
1445 910
809 1387
1330 1824
1649 1703
217 1583
136 51
796 225
1220 950
988 1740
1621 1830
805 400
529 1475
980 1778
1440 1815
774 158
156 1595
1229 1792
489 1622
17 854
599 1069
235 1493
609 1021
930 516
1530 1548
568 504
1098 1265
1169 579
999 1796
511 1231
302 1077
1812 639
1728 884
202 1474
1489 1112
433 726
1481 875
1040 723
181 1314
1096 1855
1690 920
1362 1116
1313 815
238 1490
1489 22
829 404
118 1489
1732 834
973 1374
1597 1741
268 1811
412 692
512 345
547 939
761 722
969 679
1395 26
131 747
992 1230
18 944
1432 847
1175 604
242 1757
381 937
1761 496
1804 374
690 563
254 1605
107 141
478 1274
905 167
534 1746
1811 133
1119 1202
1428 1281
684 1712
1339 69
836 738
625 1667
778 1118
1431 1729
750 61
309 1338
634 515
1036 788
1056 1640
1063 1600
1060 1337
1518 1578
429 1738
1167 772
555 112
433 1445
332 599
1810 1169
172 844
106 1417
783 690
27 920
572 359
966 206
1410 1328
1358 1004
80 223
1841 1517
1674 1596
127 872
718 508
21 792
1469 1647
1788 1220
593 592
1367 3
1658 1654
1171 724
1835 343
530 21
1586 1843
826 57
1598 600
216 1400
1635 1126
190 1626
643 1493
810 1523
1295 243
1254 1718
597 20
1393 665
1778 1799
108 1053
477 19
1668 1024
422 1746
1049 1201
1165 932
386 256
342 1817
447 671
117 960
1358 848
13 1281
1074 658
832 1172
776 1558
675 1721
1496 1191
1558 799
1169 1734
916 1742
449 852
1844 1678
1684 1734
24 1780
1672 732
737 1369
1149 1514
1497 1092
485 72
821 1661
978 1175
1795 397
964 996
530 48
1150 1813
35 968
1710 1499
1378 1598
813 50
1670 1194
355 1706
1068 1176
1842 1261
1652 62
1375 299
546 377
481 1440
885 1764
1667 747
1473 472
820 83
1223 770
357 1339
1645 395
1707 890
1351 1204
1771 1646
1003 639
885 1346
820 256
1079 73
475 1612
444 1447
1664 1295
707 1496
382 361
127 944
1543 338
1526 1389
1835 327
833 641
435 1294
765 523
650 1263
362 1596
819 983
1847 982
1590 1067
889 290
937 1826
861 1513
311 827
1830 162
1709 1266
1776 1272
495 413
1382 717
178 490
455 1415
827 1331
1491 290
49 1738
1522 1350
822 757
891 1118
103 759
1737 1462
71 614
1739 475
1215 592
860 1305
399 1088
1137 610
513 1729
1361 1109
899 841
1066 580
65 517
1423 1812
0 476
1501 1750
1505 1303
238 192
1664 505
945 1423
1555 1534
1572 193
1475 1142
192 178
208 512
551 261
1281 536
833 1767
823 851
1332 911
334 435
722 982
534 1754
546 1336
55 147
1127 142
1091 417
833 724
1190 620
477 302
704 1453
403 1811
777 1006
386 1109
414 507
512 1332
1225 1824
710 143
349 1717
873 699
1011 165
450 1720
266 455
971 767
1272 1529
1547 241
451 1762
1666 1096
1532 538
454 801
356 553
1281 180
993 1072
1074 579
1275 1288
653 975
1246 937
1228 1084
665 943
236 1677
206 1705
1551 817
1345 1414
1171 1094
287 1001
1101 1656
152 1796
287 1669
735 411
730 1729
1758 1460
1036 281
1612 65
1685 196
795 1100
1393 419
1288 1405
528 22
1597 1511
1791 880
1486 1062
369 374
1273 1500
1632 1354
490 1009
930 252
766 484
1650 1282
1180 300
655 1706
1006 252
1763 1024
1093 949
1404 1167
1494 1115
189 50
1037 1543
993 1303
1759 870
305 397
1254 440
1305 941
1350 1229
1461 1359
1047 1049
176 540
459 1192
1646 1701
758 501
355 787
1427 602
1636 999
853 1148
707 1766
1466 80
1698 546
1816 292
105 416
1854 885
64 1705
1634 76
1075 328
815 1614
693 113
919 468
1203 1505
207 271
1235 1075
946 476
969 1273
415 389
312 1439
1746 1610
426 118
1160 214
1706 1718
1560 196
387 1080
507 1417
1806 107
1763 426
587 1092
1335 1025
844 985
636 841
1330 544
390 1417
1825 1743
405 332
1344 577
1017 484
671 766
1569 266
779 1486
284 1544
176 1264
1127 1381
1561 994
254 154
1427 490
1200 1511
812 914
656 879
1618 1187
1228 1091
114 15
423 1319
247 1810
62 1761
400 742
342 999
51 332
1733 228
876 1477
607 1426
1259 631
1379 306
1248 1193
944 157
319 1618
1154 1817
1262 659
182 1293
108 746
640 1732
763 748
690 1671
1707 201
1564 56
725 1423
700 1480
209 316
1475 1329
1359 1171
968 1316
1827 1704
786 1071
1143 109
559 1512
1114 1168
1135 637
728 1555
794 1828
1125 1763
1385 569
1588 339
237 1451
900 1765
438 693
1012 174
626 1684
303 633
929 1429
1619 1304
643 395
318 1855
104 847
67 1477
885 1723
1336 997
1558 570
1455 1127
1450 849
1130 988
74 292
62 781
564 1325
1326 906
665 958
232 893
1279 413
655 1486
682 1251
1770 734
211 610
728 1042
1432 1727
1108 62
1161 1178
246 225
503 475
1449 1325
459 276
968 77
407 1273
1275 682
388 660
1629 1394
1278 1101
608 963
331 922
1227 711
463 92
79 356
757 1523
243 1074
772 1273
940 427
957 529
59 405
58 843
14 1296
1253 986
513 439
1446 496
77 489
794 926
1494 497
2 1502
751 546
91 762
497 234
119 1597
1102 34
1196 551
842 1029
1432 399
121 1074
897 421
239 1345
1679 1340
1123 1262
232 1771
987 593
1726 1682
1639 649
143 1145
1280 256
693 1368
1005 751
643 275
1576 113
851 826
740 507
1120 1206
1253 1557
650 661
1149 1183
1288 1272
816 1808
233 130
741 962
304 618
960 506
1736 1760
1105 1536
197 31
617 80
1325 619
633 1242
1830 1010
847 674
1394 1485
1399 129
68 528
150 1826
753 1124
1563 1616
622 1690
512 805
1159 1119
117 627
726 1445
945 1682
168 542
987 1355
419 894
763 1568
936 1495
1211 836
1574 1082
36 77
1357 719
861 830
1147 758
766 606
798 1078
1538 709
1631 183
762 902
1392 707
353 1408
355 1703
1059 335
474 915
1596 701
851 1520
1686 1703
939 425
1773 1160
821 312
444 1600
809 1181
842 1601
1822 1030
659 809
1680 415
943 47
429 1666
12 1118
836 1501
1746 974
1704 832
1397 734
922 1220
376 19
1311 1622
213 858
251 100
1334 1348
351 1282
596 84
945 397
1430 317
419 1654
217 517
1665 1514
1772 695
1085 1153
139 1800
1491 210
1527 763
1565 787
1359 1174
1093 982
1792 697
239 302
1156 420
1825 1106
533 632
1540 1156
1558 785
1482 1487
1047 197
1530 711
356 810
941 509
1619 1464
708 671
10 1796
178 12
1332 410
1744 475
1318 1035
1426 526
462 851
830 395
34 592
1434 100
306 1262
1705 468
1077 685
1235 687
164 1193
502 1625
1821 395
490 371
168 484
422 699
891 1418
419 709
820 1629
39 1483
837 1518
1665 129
899 1532
577 959
856 241
1204 280
959 1417
864 318
1451 365
1011 1387
216 1055
721 431
636 1613
646 1232
1602 692
1244 760
655 1792
812 533
807 1037
211 1751
964 1227
37 965
430 467
493 1760
918 429
1408 543
705 1644
1702 1000
414 274
1657 1550
1727 1443
20 1074
1642 304
1815 128
