1308 1035
1621 948
1410 1325
305 673
219 1650
422 592
1174 77
1791 1559
513 1706
1511 426
844 836
1668 880
556 889
640 1149
1286 436
579 885
1021 1064
894 52
1572 1766
654 1316
884 816
1832 581
776 410
1371 427
1072 991
1144 76
168 1559
138 522
1497 837
919 703
1492 154
793 723
1021 869
483 1489
277 1575
1445 1163
175 1181
443 777
485 1148
168 1714
1013 1387
903 863
814 1272
1529 1621
178 170
539 594
125 1018
211 1693
350 75
1163 1335
512 754
573 482
1496 1227
378 1262
366 670
1185 351
1722 1617
1544 727
1154 66
741 1034
1084 421
1845 978
1601 1811
1005 205
1459 1515
1184 1099
471 701
34 1753
1610 1256
1717 354
780 346
1145 339
1143 1839
985 383
1502 1295
805 1505
1454 1382
1554 355
661 406
258 610
27 342
1513 1805
616 266
1674 22
1361 487
147 34
1351 208
1144 750
1581 899
1425 153
1189 298
1836 211
341 1394
10 187
172 986
1753 1138
690 1114
517 108
1763 1411
69 1488
961 577
203 283
1652 816
1641 559
1464 1812
1570 943
1777 376
1774 1473
1328 1079
1090 1746
1327 1602
69 1108
1519 663
718 1374
1262 1147
1222 893
384 336
1576 1773
478 585
787 920
1798 1313
1162 1101
641 1146
37 1631
489 448
1471 1436
1227 164
1839 1548
1486 722
1712 295
549 1011
1548 1257
992 1719
1475 107
1751 758
741 505
1132 109
157 96
394 1019
1524 838
1036 1620
624 1138
1719 1299
795 228
801 509
1673 1101
1613 343
543 1369
69 735
1355 1194
1517 1140
1712 1169
353 732
417 1241
1618 201
236 1734
1609 1153
778 614
1238 1153
1723 1503
541 1839
456 1585
1297 644
1496 1666
1190 109
1627 1646
333 319
821 1451
1227 863
7 1635
810 479
452 762
1589 876
633 785
825 1335
789 148
1256 1407
1054 1510
276 1616
517 532
1494 654
976 556
738 448
1056 1582
1749 341
913 1269
1436 824
429 937
1024 763
730 112
1102 384
323 1610
1353 1618
624 1829
39 1387
1268 1784
1506 1640
885 1755
410 585
961 1462
125 1452
950 1508
1464 1363
323 767
93 171
1104 1162
494 686
599 1552
1406 341
1709 114
612 582
1741 304
1491 1376
287 730
564 251
277 458
16 1263
56 1608
1793 1687
791 822
529 1231
89 210
1484 1689
1510 1113
1671 1755
1709 659
976 1617
738 1639
684 942
1464 585
965 705
755 1596
641 1135
455 1599
563 546
453 1644
712 1309
1304 1657
48 1729
1006 600
1757 326
969 504
879 1355
1425 1651
1492 1182
654 831
706 1395
1429 297
799 159
1664 732
673 401
1557 461
1556 1785
1033 1349
823 497
109 1371
156 1849
809 139
999 1559
43 1040
1828 1494
783 1428
68 45
598 1790
126 354
1219 809
751 78
1492 843
72 912
809 1464
687 400
1144 1462
342 907
1777 1239
249 28
1311 1091
486 681
1212 1024
58 1049
1162 401
142 264
1589 274
1265 1200
1462 293
1665 560
992 954
1636 63
822 1621
24 6
746 1242
1708 1359
1174 375
593 1184
1750 926
1149 838
1347 177
819 5
702 628
538 900
714 1380
483 1012
1235 315
2 678
1385 1060
374 82
1166 931
1141 491
405 395
1732 1381
200 1000
1221 163
1113 771
908 1035
424 1089
1177 439
1077 1704
792 53
1241 1829
273 1119
541 653
786 286
1537 698
1238 604
642 1307
57 1331
92 1256
493 416
409 758
1850 1232
280 226
1238 450
599 90
154 1466
299 1057
753 51
1842 983
1390 281
1673 61
450 113
1630 1747
593 107
1280 620
1044 487
1751 1827
314 1277
1053 40
920 655
185 906
1266 1330
1212 1203
48 8
1001 1631
1528 704
1657 644
1282 1628
288 1178
268 669
1584 1762
244 1213
1419 1093
334 878
1313 79
1707 494
1058 927
1352 539
832 1553
1624 717
1187 1579
435 492
149 676
1150 539
264 311
1256 68
1190 1390
245 964
1010 235
979 930
1358 1668
1498 1241
900 389
1173 1265
734 526
1615 1469
144 1728
215 1133
1056 970
856 176
1281 644
851 78
1829 535
402 1835
66 162
369 1162
752 655
1430 1640
1587 348
112 166
98 563
68 282
1753 1500
361 155
1092 606
1081 1500
933 737
1633 65
1348 963
668 1763
478 1614
867 1792
1644 783
1000 1693
723 1342
54 291
262 1132
1548 1271
1769 496
619 1263
793 220
299 353
217 205
1430 1564
1795 1110
70 1470
787 63
534 995
484 82
1510 1465
942 1405
1803 701
1232 1233
1343 1143
1048 1097
593 31
986 235
1714 917
1655 1249
1686 1490
730 427
1547 675
1465 1609
585 1255
1662 173
485 1564
521 741
1293 1304
834 533
32 154
902 1238
1757 206
1618 912
1127 1284
1839 159
246 352
667 336
772 1580
1350 330
53 582
469 666
136 1107
1498 980
74 818
580 1770
1660 936
1454 1312
399 554
688 412
1617 544
1427 1217
1268 765
1235 410
1490 1362
389 936
1448 43
997 1049
1221 1132
504 1412
555 816
1228 977
943 789
653 656
179 513
218 1141
32 780
1700 1724
635 767
827 1149
1604 719
1791 1616
670 559
85 11
1485 1364
689 898
1102 729
1278 943
1489 92
1156 854
770 1519
1032 1076
1320 1399
1654 473
141 21
1755 169
1289 918
177 276
931 932
37 1810
1338 596
84 1427
347 840
882 1616
1304 1487
279 812
1636 1262
703 1419
1825 373
1364 1105
1767 629
49 1468
1027 954
426 114
199 1411
1368 450
370 1751
1431 1673
720 823
1780 567
1038 181
95 1732
2 845
1143 1688
422 486
1115 612
835 1247
1178 691
205 1432
1573 398
75 1556
927 165
594 330
1768 1582
1205 1461
1463 1072
719 1355
554 223
1733 831
1725 720
913 465
289 1855
332 65
1443 1587
1746 1821
1746 1826
1485 140
785 870
367 1162
544 653
247 1220
131 1526
1823 1163
602 1425
957 1137
795 1756
1129 534
310 599
276 761
501 1346
780 1680
1300 897
39 870
1239 552
1077 1158
1726 1483
1833 207
1359 517
186 412
1226 1306
172 1754
1084 1223
910 157
1205 1485
401 1214
1717 1544
1304 931
278 1132
1615 1697
1188 1374
1503 1646
390 659
587 1323
940 1476
1433 1015
1132 1500
1574 1781
1244 329
877 206
1611 374
1378 1396
598 516
263 929
656 1511
953 1502
301 877
714 1030
1007 784
168 1207
994 1146
187 328
1453 818
1274 358
302 647
1192 593
109 711
1723 1768
1755 504
296 706
385 346
1746 1313
1438 1472
197 137
1693 1708
496 1668
1071 1136
55 1648
871 1051
1109 345
1542 1391
677 1746
928 1843
1443 1259
792 420
1301 1069
296 700
73 387
1667 1690
1053 774
1654 790
257 345
1733 426
368 1698
1551 1230
734 655
1336 288
65 1585
527 634
872 615
959 266
1482 930
443 1605
587 502
1833 1384
1423 457
1006 456
272 1839
312 967
1309 1470
379 149
968 739
185 1575
1599 1423
181 963
1539 1661
1467 681
515 960
333 173
1517 2
725 596
1148 1363
92 1502
823 1540
196 1540
785 965
1546 1469
1652 936
1682 1534
403 861
1685 345
975 1352
598 1737
96 291
327 691
673 615
497 210
66 1134
564 622
320 1275
1544 1775
206 1499
1277 874
1742 257
1332 1816
306 304
752 1374
552 52
430 1556
306 571
542 183
461 1138
773 1221
71 1824
834 941
1430 734
461 1086
1674 623
1330 1776
1601 327
811 506
1620 1835
15 1470
1377 925
1237 941
697 1353
472 811
59 1261
476 1792
1547 900
1481 1516
172 1649
1002 1272
160 683
779 1726
1696 1698
1283 1695
1468 1763
1716 962
1456 130
1461 671
1498 361
125 1033
288 1445
1844 804
1782 492
320 12
1248 134
1719 393
817 1014
5 1386
107 1199
654 518
1562 686
1179 963
1224 577
324 534
1822 163
184 1459
243 589
214 61
1060 43
752 485
54 1776
176 223
930 304
958 393
1267 268
1414 1192
850 1846
1611 1090
326 1485
1420 1344
719 618
1705 297
1283 1539
1550 981
264 1518
156 1272
1716 1225
1154 1373
1202 947
1485 951
1071 1122
1772 156
1072 1388
502 1156
1386 399
113 1683
215 848
21 578
972 304
9 1355
35 467
682 129
1749 912
206 231
1238 231
1723 949
746 828
54 1071
64 131
1155 68
1739 1491
1070 227
752 701
792 1243
1428 1154
1161 657
1138 479
1795 355
1342 481
1294 768
327 1432
7 1793
304 169
988 1352
565 39
364 399
1134 597
664 1212
1277 883
970 1738
285 835
1007 819
424 1135
759 982
1040 596
385 1612
318 780
1212 1159
1065 137
1659 1657
1047 905
1213 286
663 1434
710 1033
5 9
313 1298
865 152
192 645
810 790
1139 1837
751 1559
1853 97
97 1612
713 1230
1014 533
1682 364
127 1474
1713 952
779 1030
177 1705
88 629
125 1111
746 1274
786 1567
402 1812
6 248
1713 235
1816 535
1404 1837
1240 229
723 503
1796 1058
1128 1034
1812 1284
551 977
405 1036
1162 1234
765 9
763 1244
1266 91
335 1558
1241 418
233 1715
1845 927
763 1070
1629 1
400 854
1338 70
1141 1490
525 1705
1306 95
1114 123
1639 1690
1701 329
1070 648
356 1224
375 1027
534 1411
170 993
1058 161
762 379
1347 1684
94 649
1806 1095
862 685
1036 1163
560 186
1772 1402
912 1260
1534 1568
415 1479
1833 1723
1642 1360
1663 1340
450 25
432 159
538 1783
777 108
1277 329
1620 795
1130 1461
1325 261
653 1853
1271 182
737 872
763 1506
1320 947
324 1751
791 1579
389 42
1268 1026
539 311
358 98
1757 719
832 1793
1302 1038
1350 1026
1202 1279
463 280
1535 695
973 1010
1174 1261
696 1554
1468 1336
925 232
807 476
1716 501
1240 1481
9 1318
72 1599
652 1392
101 1666
1308 904
1252 1599
1650 1609
1775 746
1451 1573
264 211
1674 413
696 619
1089 811
799 1483
498 1697
915 240
1383 528
818 1413
857 1184
1533 99
993 839
615 1560
132 1553
32 677
1239 950
446 778
1811 1721
1754 421
198 1129
1392 512
208 6
374 797
63 816
330 1310
797 1287
1099 1008
1390 241
546 30
124 596
189 1430
951 1177
1853 1463
1427 1615
71 664
327 135
792 1291
90 433
991 1715
1440 84
548 1028
1098 112
339 547
235 34
1754 749
1243 1658
1611 754
279 122
355 1239
1007 683
1524 1805
227 1208
1319 1374
866 474
1072 1376
1577 1529
937 624
1723 1234
947 1492
1653 1540
498 302
932 474
289 1461
697 777
615 19
424 523
707 1629
1850 1006
742 900
1351 728
1293 1612
28 165
784 1069
378 1205
135 1716
977 1304
1472 1357
1003 1373
881 1293
1378 287
1627 255
283 1507
1816 373
1386 998
1531 181
1698 243
881 317
1471 39
1242 170
1574 1616
1748 1178
1625 124
157 1803
491 1009
1027 967
783 1271
1242 299
1485 1397
679 1749
1745 1511
252 559
272 73
1078 1750
1021 1782
1741 715
217 572
683 1097
1468 894
860 1791
1599 390
1506 1757
1180 533
1178 805
1642 916
1489 490
1480 199
132 1435
269 1521
1041 556
1157 29
1367 1154
346 163
54 13
1797 163
737 259
1273 1457
677 651
883 735
114 353
401 1201
792 59
959 544
160 816
1518 1346
640 1198
1826 598
1013 506
882 393
1408 926
1347 1193
763 1611
1444 739
781 1409
448 1846
251 406
1333 1419
1542 670
310 450
14 790
952 1226
345 1248
1419 266
428 1053
1434 380
1103 1050
1685 1077
1644 143
1788 51
1121 708
516 250
1466 1777
1243 1236
658 893
752 1200
1581 871
1112 1764
52 771
856 950
544 336
1333 1354
389 1136
1430 1831
1734 460
1311 484
394 98
1114 1426
1629 315
1004 406
1752 1692
837 1000
260 1638
304 1054
296 1779
651 1261
767 1318
602 1251
909 1137
597 1245
311 545
950 1451
222 1526
889 1014
1296 1624
957 1712
1756 437
1412 1508
1061 1840
734 1282
238 1174
825 403
385 1630
1107 1206
664 1754
624 57
338 213
924 1735
966 1636
1107 461
1367 379
114 540
302 604
1389 432
1125 1055
279 1415
396 1090
1288 105
1273 1335
1464 1781
1464 775
471 1666
978 1735
1162 851
1646 500
1051 1351
1394 1138
674 1040
1649 817
240 803
1110 1240
416 234
1468 810
1684 175
1209 158
437 296
338 436
932 1159
1425 1121
426 927
1486 1625
1581 1583
1416 1622
1715 1206
166 784
867 1690
1105 1482
452 825
1796 867
942 1441
12 1173
1827 1044
686 1147
1012 284
1269 665
1291 1019
1513 1157
148 972
585 258
952 60
927 462
489 760
1014 1369
88 1042
176 750
19 1187
854 1476
1308 1535
1357 1034
1274 114
1123 1166
1102 58
65 1766
1444 40
811 386
827 23
1276 107
1160 1580
1153 1738
1260 563
968 856
1089 1235
111 876
1107 468
401 602
1584 796
713 1591
817 715
200 1778
1211 333
1522 1291
1005 854
398 751
1566 1795
813 1788
1053 429
1035 933
217 252
1410 367
754 1679
1694 247
226 752
884 1140
1514 157
1414 966
42 1335
1755 281
1084 1518
1416 905
1140 660
1023 469
1319 789
105 1651
366 1521
593 1645
1000 178
1729 990
1814 1791
1046 1278
17 1298
1698 1614
1625 1832
1821 99
678 1726
1768 1330
1225 408
1684 1091
401 330
1278 1793
576 1356
1015 557
1610 43
1068 318
183 913
879 1179
416 730
1804 1293
1576 1139
1837 1405
411 1756
49 272
1461 259
744 341
1534 568
944 1191
636 520
1391 471
1034 1130
1043 125
1462 420
1330 1655
1544 941
687 664
875 508
1165 306
1601 106
1383 244
30 401
1276 1303
1326 703
165 1107
247 803
62 1681
404 1743
1174 1365
477 346
854 380
325 1175
76 666
742 698
1038 1266
1435 765
491 1770
1297 1480
409 558
246 1683
1429 1104
1051 446
1292 1003
508 713
125 250
493 578
883 1317
192 1573
380 231
1499 392
298 627
1056 628
1673 647
274 462
952 353
775 1564
1643 1651
471 138
716 1375
130 1114
116 539
349 819
26 996
1770 685
326 403
529 1643
154 820
418 900
1219 1414
1378 1500
547 1317
1830 44
1414 1767
1515 1705
806 1202
931 265
1434 498
826 737
1148 686
684 519
1109 1715
1388 1099
1467 381
1110 1486
711 1734
345 232
1299 1684
357 1773
197 350
1262 1698
1280 51
644 511
802 1470
1524 546
1045 1540
1763 1145
179 342
1215 65
1553 1788
923 856
1842 1446
1763 568
1021 692
1583 66
903 698
897 433
1679 1845
1654 1836
1069 732
1273 1329
1840 926
804 1444
1522 225
1536 1222
1283 613
0 772
241 722
1723 933
149 1471
696 1817
897 1187
1622 1477
566 1158
1012 220
165 1494
432 941
861 485
475 1842
1739 1238
944 1158
1648 766
1205 59
270 558
1820 559
1371 318
762 1710
411 223
631 80
1189 1180
1826 1751
338 147
210 1641
963 529
284 493
1257 336
1818 801
1669 1557
480 1576
458 1665
1542 276
105 1386
125 1001
1206 718
660 869
1340 285
417 763
982 770
1605 1405
1015 1472
281 389
207 502
1173 118
621 1371
254 1050
1305 1019
570 337
246 478
1675 1419
1433 641
1429 715
719 427
1625 439
1391 1450
1103 959
1206 147
1611 1654
950 792
915 422
1132 1713
1351 1413
42 158
1821 99
356 1332
391 1275
547 1818
1784 10
129 333
539 199
1214 855
79 1004
995 357
1432 853
828 1367
694 842
708 970
426 1724
1235 296
91 548
931 525
199 170
223 860
1599 1332
1196 30
1792 234
754 1131
311 1732
1469 1636
1815 269
534 1469
1506 1322
1768 1422
1211 1352
1782 1775
764 1228
1514 1266
1107 639
1152 822
1564 1404
1809 825
491 892
936 299
1478 1269
1556 1063
294 1364
673 421
486 1064
405 76
1042 641
1086 172
280 529
947 513
1776 102
691 119
325 1266
892 363
88 148
709 1500
460 1196
962 1365
686 890
844 802
164 1051
352 78
1141 1759
207 1473
1728 594
868 1097
1660 952
1184 1182
1558 304
1819 464
713 651
1047 1356
542 403
454 731
886 922
510 1559
545 143
1345 46
360 382
840 1305
1331 422
1274 1740
810 763
1507 983
1447 1389
1390 1509
805 295
14 569
1046 1384
4 1635
874 1763
348 1245
246 801
1200 1368
1836 1421
1210 219
1291 1772
617 26
1151 46
682 1641
1485 728
708 1261
647 688
265 1708
250 890
1169 527
1291 329
1361 1700
740 1714
184 1811
1784 1331
493 104
780 1590
1079 1592
443 670
308 326
360 1048
709 234
1657 1741
1707 626
213 1248
669 915
827 20
999 1095
1564 1369
1416 726
490 213
586 172
1001 1030
2 159
1712 1399
192 1037
972 1497
1821 1745
27 1028
1793 267
1731 1621
802 1445
1082 1386
1134 235
705 1264
1147 1784
163 325
424 739
789 1631
1299 1755
1003 834
162 508
1525 160
1730 1184
1622 1503
1406 1123
1441 342
376 1117
185 548
722 432
0 623
1308 866
424 1631
1041 1834
1480 57
109 1456
1690 1035
1496 169
58 1544
898 268
536 420
1106 708
710 1689
922 1595
108 1372
527 525
974 1801
112 181
1281 91
981 1269
220 179
1182 142
511 769
157 168
317 511
1729 1690
678 413
1338 28
1467 1729
945 1292
874 1378
274 306
526 8
640 1260
677 973
932 576
89 831
642 1466
1807 33
1203 1837
717 64
174 1446
965 2
53 1017
445 1083
1344 1326
1404 462
1029 172
615 1800
177 1703
1672 201
1426 1320
249 107
608 1191
1350 840
1606 927
695 57
815 1814
680 1276
1599 1415
1327 1679
751 1086
1313 1829
821 915
1046 699
46 252
285 902
507 1196
1230 679
605 91
1280 97
1247 105
784 1614
72 552
159 486
1255 135
1274 1649
440 1103
266 792
1223 975
156 1063
1198 1036
715 310
1559 1486
1303 1492
374 26
338 1395
1058 1722
1251 610
862 967
446 682
828 571
1105 1112
37 510
393 574
1408 681
1420 222
464 520
933 853
136 707
55 517
121 598
1000 1180
458 801
541 407
706 1264
1072 1500
401 1435
1291 482
292 1566
1399 1822
1060 269
1271 1051
1071 505
1475 1310
127 1163
1340 1281
1835 485
1374 423
1505 1740
1845 653
848 1773
1257 1696
1619 679
437 860
1049 1463
1843 1337
912 1582
1493 1412
826 871
1483 197
594 1030
1207 1463
1797 981
1846 918
1550 1085
239 1364
1178 1532
416 1428
726 336
1736 952
1312 1780
1195 1144
1277 356
669 1811
619 1341
1505 457
1819 903
326 1357
563 1451
1341 326
1595 572
242 1401
103 161
511 493
474 85
1032 1728
1036 1148
1731 930
1296 237
1486 565
1338 1301
244 1401
954 1480
1000 376
105 1719
1046 803
1635 843
413 1115
1154 145
1314 1079
841 747
790 399
348 169
1329 338
629 1137
1800 1433
638 1370
131 1773
20 276
1620 906
27 970
1263 837
1750 1186
126 332
1429 1785
365 140
157 16
1470 499
107 386
10 831
932 661
1401 22
1678 274
511 1744
1666 1830
53 1717
576 739
1216 692
1237 1099
1423 1024
630 835
1155 1381
1614 357
1007 204
300 1373
1046 928
1777 1194
1597 1821
751 762
1632 1324
273 59
1370 1807
1800 144
1840 1675
715 877
88 1764
1828 905
626 368
1430 919
722 973
1298 1130
912 1468
486 189
743 202
1340 32
826 1798
519 959
429 534
1680 873
921 603
1747 1120
1405 32
1525 841
326 1211
1107 1412
253 1523
1603 1844
525 1582
184 225
1472 1208
1501 892
1438 387
1266 1463
1584 444
1025 1237
1735 1054
331 1215
1285 297
1714 779
238 847
924 357
1323 1603
422 644
228 1701
762 836
591 1447
82 165
1364 180
165 1590
822 916
919 1515
1482 977
188 1475
608 1541
1604 1806
115 178
1774 530
24 560
613 72
222 190
1341 738
901 1277
339 1498
1269 170
260 253
1191 73
1679 1357
1382 1631
1530 206
1798 630
1737 249
788 1135
1047 761
775 1815
653 1469
1066 1478
1673 1153
461 1817
1210 12
716 1126
1026 697
573 345
623 820
1831 857
1322 1441
523 254
82 23
714 134
1779 1732
632 1431
1675 466
776 1583
588 1583
853 621
965 378
1337 839
1830 1481
1718 422
1610 1848
1549 1263
865 331
865 922
1358 1639
710 1519
478 1140
1085 714
1137 617
338 503
472 1597
345 1831
1635 1754
936 955
218 924
1414 1518
1262 1643
257 902
848 1279
339 439
1559 75
592 261
311 1429
1834 1172
1771 1054
1668 1790
646 437
758 1295
1202 507
790 966
496 64
1838 1167
70 818
366 903
87 829
1222 653
927 333
25 1555
1139 859
852 1541
1251 525
877 673
1324 1452
328 1770
251 279
1028 1017
1502 391
181 206
828 1329
71 21
61 1100
546 1297
1120 404
716 1406
578 214
1299 1380
569 4
1664 1538
1752 1508
292 707
1558 416
1549 61
747 883
1765 489
377 661
266 1310
1143 301
234 551
653 704
1393 273
1123 481
692 1374
918 148
1809 1664
596 74
1531 694
867 1074
1030 1711
1661 974
4 421
480 919
951 1614
484 1524
80 285
747 1533
1693 959
1593 1152
434 869
917 250
1595 1320
1746 456
1028 1351
870 1362
1030 1181
866 1062
595 243
1698 1213
1691 611
1308 1449
345 347
514 1774
1080 1
774 426
1029 201
1609 690
916 1233
1217 789
385 1437
1623 1395
463 1495
1066 1652
1507 1670
834 253
1263 292
1602 1346
1064 1294
388 1836
150 1473
27 110
1000 643
695 55
1184 297
314 1675
1375 50
590 387
1835 349
577 1028
993 1034
42 446
61 1587
913 1395
1355 1585
252 369
1018 1762
1754 414
705 610
212 1222
1266 1128
561 1779
1519 1582
1447 816
805 225
580 455
8 730
1217 651
378 1243
1674 1850
1609 1006
1270 21
221 1068
139 1340
1426 685
954 267
1236 759
842 1553
1444 1477
101 1581
459 1767
1618 1370
1843 1774
1468 1804
88 679
1496 633
409 1429
940 500
1194 1579
1570 977
1849 1007
1034 1721
634 1236
1473 533
1736 409
1118 421
248 533
1319 1666
780 170
687 1205
871 1534
1762 656
1625 1848
1419 1096
1038 805
767 797
1346 558
1659 349
219 1015
101 916
1759 519
521 1286
562 219
406 530
199 1579
1236 1650
1848 181
1716 372
136 746
1312 771
865 565
1175 1271
1077 525
446 600
1442 1176
1528 423
1298 1122
1241 504
1079 336
1417 1477
838 611
58 1320
1104 1049
292 1133
71 1822
912 1641
503 1735
123 1016
336 792
925 313
1082 717
495 1221
699 521
617 1190
790 1570
839 831
1164 495
1613 686
1485 645
901 989
620 407
102 1431
388 1452
1361 100
1203 770
1654 1545
176 1495
676 1742
1095 522
1370 1461
1629 725
599 411
1775 261
1425 918
101 920
150 1262
1680 1203
883 1395
944 1395
1241 1652
23 1753
20 627
1068 1551
639 505
637 1373
816 1676
1849 539
1035 69
1851 988
795 145
1563 185
1048 990
1111 323
15 1137
1577 454
1550 130
1378 1617
1605 221
1786 365
1450 1697
205 1417
1842 815
116 1182
1835 1700
1312 1064
1353 1519
1676 1854
1214 1448
335 1385
950 143
1743 1326
1058 997
1457 1842
342 89
67 624
690 1812
1628 1382
814 1060
1073 1669
1468 409
1626 699
1834 1588
301 373
585 1767
1542 1499
578 1310
800 889
1125 303
1150 1716
1175 846
1725 56
1446 386
1696 976
51 1749
923 220
1593 1001
669 1600
1495 1612
168 657
1421 659
78 1572
1747 611
1695 1680
420 1298
147 46
1666 175
1555 1428
1531 657
682 837
36 1377
492 879
725 1227
992 346
1839 1231
1092 34
1051 1045
1103 1469
1728 296
204 62
993 681
1761 1303
1412 98
482 1735
377 1289
232 1141
551 1313
1754 113
1452 516
468 5
263 741
1117 970
1456 191
621 1661
64 1656
661 521
738 340
1057 354
905 24
1582 934
1157 258
807 406
580 844
495 299
986 258
835 918
935 865
605 562
1014 200
1318 826
158 1553
637 1326
1265 792
630 199
429 792
1100 1447
284 1819
1653 153
992 556
407 1208
1164 1160
1019 843
907 1376
576 952
897 1145
185 1226
1198 1653
624 795
849 848
1382 1532
946 787
693 872
659 1250
1367 956
839 1730
1826 888
1267 736
1452 652
867 832
1216 1352
364 1848
843 894
256 1270
395 380
1137 109
1018 891
512 1709
809 11
1515 1528
168 418
1101 2
1680 1075
1112 591
679 1467
195 1153
1242 683
1828 556
97 441
915 1435
68 1245
1538 1095
1268 1526
1596 1350
0 897
882 1029
37 373
1189 1426
893 475
1212 1733
49 345
1726 1610
334 574
1289 564
1518 1517
960 1343
1750 338
445 1517
238 443
1684 422
616 141
1238 744
1115 478
162 1543
859 1446
21 848
1155 1814
458 62
259 924
1387 591
1479 1566
1160 1271
854 534
446 1133
1220 1671
1350 1316
981 1268
727 1316
1236 1476
185 678
1280 1711
725 92
205 242
1353 1040
528 341
1645 1400
1182 1203
381 1509
1109 164
1714 1854
1214 1402
1736 993
196 1855
1302 1135
1221 1726
12 355
1712 1825
81 1583
105 854
431 1348
1560 1638
1709 1654
1792 994
743 1665
819 832
336 339
1339 1703
895 270
222 926
840 1030
331 1062
1763 1087
1058 939
129 943
1839 1079
1609 777
945 686
919 912
959 1206
181 1624
874 126
318 1095
1704 690
791 226
118 1386
272 1298
1301 130
1074 848
19 408
818 271
1834 1254
658 1222
408 357
1677 287
51 178
1203 61
896 1676
521 779
1023 27
652 1729
172 662
1293 71
678 954
419 1373
1181 1514
452 43
1339 132
795 574
1131 1549
1783 725
852 500
1316 203
1347 672
146 107
1313 592
1754 25
1803 707
1296 879
1666 188
292 464
1170 1210
1276 1817
1749 701
715 33
596 240
74 318
972 619
1750 1785
1124 1693
1619 1241
1713 143
890 504
186 1539
648 887
920 850
71 626
1381 1509
952 533
1541 9
1702 860
1326 1138
1756 1199
1614 170
696 248
1576 1729
1732 916
29 1148
1216 1375
261 568
1758 1285
135 1267
515 580
510 183
628 1534
1057 386
1437 148
1026 23
1675 310
1808 888
1407 1219
1763 688
1519 703
1824 1628
1761 134
407 100
1502 794
1199 1390
769 508
1063 227
1716 1440
94 95
1224 1215
289 263
1452 1213
1544 182
835 1252
1798 410
1117 317
754 1696
614 24
1294 977
1632 22
512 1139
81 186
336 798
1547 651
1465 1178
924 1520
1845 1853
685 1262
1199 1790
1389 1664
1358 1346
1251 895
1851 1713
1144 151
856 1101
1271 150
263 580
168 112
740 400
1643 1415
1748 1739
211 791
1307 385
104 928
1518 369
1069 812
1331 61
31 1839
999 1495
1237 800
1844 112
1278 1124
280 671
1202 2
1473 702
1585 1028
291 121
448 1130
860 1086
500 1264
1314 958
1780 648
53 1045
28 1012
94 1342
973 1022
761 1590
99 615
126 1612
1336 1314
156 755
1619 40
1106 1381
1144 5
1784 203
899 1494
159 354
1702 245
1003 543
694 103
973 1030
1166 428
1040 319
946 63
474 98
1499 238
799 889
952 1338
1323 134
578 188
70 1579
198 882
37 679
185 318
222 76
343 646
360 714
986 1430
248 938
489 824
351 1261
396 543
725 884
780 1072
629 587
1251 1783
504 1257
1432 558
696 196
224 1655
153 1093
1508 1178
69 519
930 922
1769 514
1351 1217
547 857
1266 980
190 1080
1049 181
425 1104
1482 136
1520 1178
1759 489
1131 439
289 169
810 1155
847 540
1676 1060
1270 1809
1493 1411
908 592
491 1103
56 1629
1673 1379
962 1420
993 63
718 1393
1432 987
1601 1533
791 363
217 658
6 1410
346 1121
835 1297
1458 1437
104 974
764 992
906 1318
731 315
1806 794
786 1009
431 1043
1822 1554
1070 1485
1134 535
1657 1520
1622 1307
1157 871
758 1754
1663 649
1288 1201
96 1833
1120 1029
1281 1154
1056 1683
238 560
269 1361
1710 1272
1707 1641
1752 1245
1284 473
844 274
251 276
929 845
1417 1282
836 619
875 1257
572 60
1766 1149
746 210
879 1467
591 620
477 938
364 117
1601 1717
1220 1636
1055 1784
1206 421
1653 1105
475 1641
688 738
1342 1641
1262 679
1308 1003
1426 501
163 1503
1445 1446
449 1440
89 102
1686 1219
873 1037
1070 861
1148 1673
902 1640
1490 512
555 260
246 1190
382 826
820 650
1771 1613
586 837
1392 126
866 609
1608 777
48 1171
742 470
204 126
1522 1038
1799 1706
1617 1744
1791 1301
1390 739
1621 1676
1704 1357
999 1202
384 55
1182 1645
139 9
892 1171
722 1102
186 1516
1283 1827
678 1311
964 218
1811 186
365 169
705 627
1136 445
637 154
1407 1221
1385 1469
786 582
1477 1400
1520 1182
363 1503
1685 1190
56 710
380 1518
384 246
145 312
1605 1413
1804 1507
480 1762
1243 1622
513 40
104 1491
1506 1008
1789 1515
335 1748
642 136
856 485
1064 214
1291 1633
1351 125
679 1421
1666 1512
524 156
1567 886
264 1750
1677 1683
799 1562
900 1689
1419 14
425 1200
963 1741
2 808
1075 520
739 1605
532 1216
1202 83
1824 930
461 567
652 1013
960 16
1151 1379
1316 781
405 883
1408 170
1357 38
947 467
797 1617
884 72
1637 1676
840 836
1037 1475
790 1766
54 1330
1806 1594
1194 1841
502 1155
462 1268
176 1535
812 258
364 590
1308 954
1028 951
1041 573
1698 1026
825 1380
788 1764
937 1427
1696 933
351 1193
820 1427
379 1022
889 1287
643 815
1407 733
1825 1805
1394 407
1802 922
381 944
396 160
1428 192
1061 361
1471 780
221 1662
1698 599
444 1707
1219 1532
477 422
1055 361
1283 925
730 1390
1446 1321
123 1537
403 783
1678 537
1509 855
114 182
947 277
1511 336
377 634
1044 44
1490 561
880 1824
1168 1644
68 805
1735 1219
1239 368
797 1563
41 543
38 1062
1207 297
1274 314
167 909
902 1466
514 1792
1765 158
1072 229
718 456
1343 1702
145 60
1560 1031
885 1417
1790 1509
1615 773
1834 1758
1333 486
371 1678
822 1124
286 828
1232 100
254 713
990 680
475 995
95 1734
846 899
521 191
1657 861
1288 1756
543 801
798 387
1149 24
289 48
442 1695
315 659
447 424
1415 1582
242 158
773 369
1807 1554
105 1508
1203 882
1091 604
1559 1814
1696 740
470 722
1015 91
545 142
518 1244
1045 564
733 524
700 1072
443 1677
1504 561
915 1585
1085 1582
954 109
1276 1701
800 1190
1395 1639
934 327
1221 1846
1480 1820
1651 1094
1015 948
256 854
1053 1545
162 1822
1175 987
1030 674
1469 1671
267 558
281 1790
689 1216
368 1757
1395 207
1092 1841
949 13
316 438
74 1522
1492 1071
413 1395
1326 630
579 1752
970 435
390 1358
1269 517
910 1732
1050 392
864 1453
1635 1577
1304 1852
1523 410
1207 445
641 1049
965 677
273 656
1217 1191
942 1788
972 920
903 1189
642 1531
45 608
1024 1273
1195 821
366 303
1004 1053
919 859
1843 488
680 1595
404 536
1356 1508
1429 414
210 1205
593 398
1103 797
580 529
775 1195
1634 1461
724 1612
1450 444
623 415
925 1536
1414 923
1459 204
478 1059
1413 1457
642 1371
47 1097
836 111
829 458
1727 299
151 959
1293 1831
1726 34
1298 944
144 1003
620 1121
69 1446
102 1729
849 1234
223 1811
444 532
1806 200
832 1573
143 471
1656 395
1498 1660
1385 710
1552 1790
1127 1142
110 1487
1592 1608
139 135
1055 1218
208 317
583 1152
281 104
1623 1068
1187 1674
1307 755
1152 553
1699 1813
883 574
1602 1038
263 1123
1791 821
1557 1851
189 89
1792 794
548 116
963 598
185 1841
1284 966
464 1563
712 685
98 781
1191 1757
1142 1440
1760 164
1314 1781
596 72
1072 1302
1053 1240
867 954
151 1352
1403 1082
1200 458
1451 509
540 405
855 999
1577 349
851 1569
425 169
460 1044
856 792
1508 1134
1369 42
76 1114
1773 208
430 971
956 1395
240 1302
1809 180
1242 440
24 714
657 440
1122 1131
394 185
446 1716
1474 60
163 1400
1679 45
585 441
1631 1659
1544 516
333 855
1717 1744
478 520
1129 1386
1157 79
945 139
611 299
1751 299
0 837
1661 1274
709 341
1448 1276
1774 1502
89 658
1737 115
978 1463
962 581
838 1746
915 80
759 1290
377 1373
184 1775
1140 1139
1243 1276
59 1344
1445 1057
206 298
779 1016
960 1257
27 851
371 101
685 1182
61 718
1804 1671
772 697
1667 1637
1014 1099
374 1593
356 1751
974 1841
263 978
350 810
1478 934
833 1227
557 1074
119 669
1698 1731
904 248
648 1521
806 315
147 274
1767 1659
1390 294
803 939
1842 642
981 858
1548 78
520 1788
362 1767
575 934
412 1162
1832 918
874 1186
1608 82
1059 1687
977 757
263 748
912 1651
1254 1772
1552 1580
1254 1590
454 1626
1345 163
916 117
1126 155
213 66
1042 1441
1486 1207
832 508
424 456
663 1719
1640 119
103 430
1257 688
693 161
1659 163
1176 1401
985 307
1778 1410
1776 532
311 1472
1301 909
1668 909
1424 1462
1826 685
835 980
540 1291
1322 1529
1205 6
1156 883
1162 1215
480 1847
1686 1030
367 1163
555 688
706 625
1009 90
1758 921
380 145
871 112
396 1054
192 1171
435 1093
1493 1698
1616 1642
845 399
1098 631
1704 577
155 1678
804 744
1569 1370
990 1487
1843 30
490 727
754 908
493 327
1349 1633
1346 429
842 1549
313 917
328 1481
1321 939
964 1017
378 1240
639 1378
1033 1748
1836 1295
950 1453
818 616
1179 1581
1315 1251
1298 1358
488 124
1728 1450
7 1706
1747 267
1057 519
1789 1771
945 1174
563 1415
1505 125
857 1551
248 549
980 540
664 1047
1766 1159
534 1645
736 666
92 665
272 243
745 1438
1681 1019
961 181
1157 533
1169 618
249 194
837 900
1521 251
1622 1174
1430 866
1697 1102
548 853
635 751
1814 311
590 588
763 276
178 1262
1292 1332
1268 70
732 1222
310 1757
205 1641
1645 1067
1658 1556
1457 127
1417 594
749 1818
1578 842
839 1648
122 1130
727 1630
1584 1322
301 293
781 944
1090 236
732 1430
1018 341
605 1087
1660 1764
770 676
1808 105
1363 193
57 452
1129 502
1220 1785
1215 87
585 265
1368 1767
1787 246
859 1419
1844 211
474 461
105 362
254 800
1078 588
1103 776
1366 894
363 1474
27 584
136 407
315 1570
850 1034
120 1432
371 1343
181 90
796 901
313 777
141 121
463 1086
1246 1387
437 1186
625 1150
1309 168
191 1814
54 1281
1108 850
17 211
1657 1824
1342 431
991 1068
1200 1370
1652 919
12 806
343 1127
1853 1768
306 127
132 74
52 333
1531 1001
501 88
1796 1206
1573 132
1501 1150
620 1738
223 559
1275 826
209 575
177 1094
211 1676
1622 962
878 176
635 387
1098 1534
919 341
1754 123
973 398
515 641
1155 298
1239 1698
612 338
1569 1591
185 883
353 203
1261 877
732 915
1109 795
652 810
680 1455
966 703
681 1685
1416 765
398 1141
1230 404
225 957
925 1681
1326 1476
1009 233
552 345
467 357
814 493
527 983
958 541
147 251
1633 1522
1245 1517
1767 640
372 1375
353 1055
95 1397
1115 1704
1724 925
1456 568
813 1322
175 518
418 1535
1628 1826
379 962
1368 1812
1105 73
1149 1155
1033 848
1687 912
544 1253
710 1506
1631 400
1426 414
616 1643
885 1525
961 432
503 760
202 1168
596 992
1145 646
667 10
1044 1367
789 957
278 1365
1591 1357
734 1758
1663 485
764 1788
199 485
863 1773
1010 258
1188 136
1387 1648
1762 1283
382 557
1219 703
1095 405
517 1061
1728 1472
1040 387
1763 350
1630 870
551 1009
1300 803
221 569
1590 32
547 514
697 756
475 367
1290 992
901 1567
1591 98
1596 1650
204 335
1198 75
542 66
1553 673
1437 1571
1636 1416
1779 1473
803 125
537 1658
1232 676
1239 945
882 1427
666 1521
769 829
1458 1406
977 123
1236 996
957 184
264 382
1629 1124
1732 1185
438 1016
995 166
1768 991
1842 811
843 1053
161 1633
1239 975
1048 763
616 1009
1787 163
40 723
719 166
1059 1847
1334 1452
1376 486
1397 1658
1717 1128
1395 1736
987 1589
1012 1140
1043 582
866 1484
814 1201
999 1505
921 1638
802 835
2 1234
1809 1787
247 398
1141 1781
597 132
1071 1723
72 712
1652 1058
384 613
894 1618
91 1019
652 113
1429 329
394 762
1331 1266
587 647
1164 1532
1092 237
318 1442
1308 635
1785 1735
386 1643
1792 384
545 1323
607 623
265 1339
1371 131
689 402
1362 181
1784 546
1818 350
111 1633
1193 335
1825 1576
1008 395
1463 1069
791 383
1223 1537
727 820
331 934
623 723
739 1101
1548 798
1384 843
25 1299
256 1358
237 984
913 172
1273 630
1257 1180
789 34
1005 1624
67 635
930 1744
1566 693
946 1215
1476 302
208 1553
262 1079
32 1121
1624 1667
1738 1496
1486 159
831 1640
636 411
227 226
1539 1768
1493 161
1126 1056
681 583
899 563
837 666
556 637
910 1815
846 988
422 1319
466 1061
383 933
371 1118
1642 793
1283 1078
503 1806
169 1307
1256 201
1097 1081
1596 1500
846 913
1094 1328
1242 1259
602 1076
971 873
590 829
1335 562
598 1835
1341 992
1282 512
1685 187
1308 330
1063 1515
1309 1683
1721 1635
1207 210
25 1834
1178 1753
203 607
1145 1153
1043 1718
967 1344
326 771
260 1841
179 506
805 1081
38 460
1464 983
1314 86
678 1156
985 648
1703 1750
1798 1317
1661 1504
620 335
768 1587
1652 1608
1647 736
896 1392
736 1758
1131 1199
1295 1321
1833 888
1792 1050
1152 1203
239 315
120 839
358 71
1665 1517
411 765
160 677
73 832
549 1531
629 225
1420 1297
280 989
469 1628
1311 922
1166 560
476 66
904 741
67 1460
1356 1777
211 736
488 819
1691 178
350 1855
679 1028
470 295
1826 567
607 1422
1258 178
1232 749
328 565
100 1544
685 980
700 1796
1643 879
543 996
820 1770
23 358
816 121
1668 1460
407 1661
1481 1074
1545 320
1762 1394
173 1707
710 255
1700 816
213 378
70 1683
1505 54
324 1839
411 363
163 146
891 237
330 156
1638 1057
224 1287
37 1801
1671 122
1850 656
668 1402
1353 926
717 1269
1536 1294
1826 220
1244 1412
1604 206
66 249
1808 512
1773 327
1264 887
523 1740
773 417
1748 660
1138 1156
388 1345
1175 1561
1217 1362
688 1426
61 1286
1829 92
439 1720
837 1151
440 806
957 884
1333 52
195 376
1398 273
403 177
879 1743
1137 201
574 933
969 901
926 1221
671 1558
585 675
1428 1839
1067 286
115 55
1822 771
40 1011
434 448
1078 1511
276 518
1518 1249
854 548
1208 664
2 561
1704 885
857 1409
640 1805
987 1004
741 1548
1508 628
680 930
271 1502
78 772
262 656
273 1722
251 757
1741 239
1835 510
435 1252
1470 485
694 432
205 1568
1776 266
248 1774
1777 659
546 1510
151 846
346 957
958 1236
1265 838
823 1278
1792 1681
1611 703
641 215
1293 1592
173 1837
1139 182
252 482
1159 944
1782 192
915 96
1415 1839
693 1086
178 1638
1473 766
1787 1273
752 625
1465 1318
40 1341
1803 1714
840 1074
636 1240
162 726
769 1476
1640 1546
1041 1621
320 1582
384 1142
1437 1700
25 544
1812 1527
398 1052
1233 970
1547 41
286 336
1016 582
1531 749
1608 84
910 1432
1322 1342
1476 1753
720 934
76 509
284 425
952 273
831 1198
1699 1191
411 1771
472 624
66 1641
1079 1231
164 1493
446 1315
513 369
1848 232
565 1192
1818 1406
262 659
141 1781
810 1657
1691 1439
640 1132
55 724
876 1718
795 785
1005 1129
590 1784
370 341
1263 1218
489 1685
713 491
914 1368
625 134
1207 1446
788 406
1456 1243
1158 1132
72 1683
373 1644
105 1324
1270 1750
23 202
386 1088
1208 177
1163 1539
1573 389
200 1155
194 687
433 393
1207 578
1309 1530
89 224
1483 311
1664 1502
1143 1367
978 139
885 1047
296 1273
841 1068
1556 1704
1539 34
871 947
81 836
282 482
243 455
42 896
991 416
1682 1733
98 1163
473 1543
53 1487
795 1646
118 1719
1408 1343
779 375
1022 993
449 133
1441 560
182 1747
1606 384
808 1497
1613 1676
563 580
879 793
1476 312
1508 719
1114 1222
355 112
1376 1288
1023 1563
48 1651
380 866
830 803
336 1794
705 700
1580 1212
1186 1166
1236 523
449 927
474 1594
442 537
1594 754
25 222
880 1023
1827 1467
1245 1211
949 1014
480 788
21 872
995 920
1317 453
401 1450
1718 74
586 103
406 20
1047 843
744 921
1307 596
783 1310
572 1496
1017 1322
551 1632
509 1715
812 1486
958 1024
519 1022
1305 102
660 747
171 140
1198 1021
119 123
338 111
1640 1445
805 1743
944 121
1005 1672
364 408
1561 217
1184 1134
1696 521
1051 1326
1780 850
649 1207
1726 1679
1200 1547
1032 1184
1702 1813
1565 1573
879 881
1512 831
911 348
1771 958
1571 1352
642 1309
1697 675
861 507
738 1650
1260 689
996 23
720 113
465 408
387 1100
173 10
1206 888
607 103
722 1844
410 1787
366 489
1245 625
1493 824
129 417
1296 996
326 770
996 1348
845 1240
402 1503
535 60
1809 417
421 947
1317 94
471 873
1295 76
172 214
157 597
1679 777
1583 1796
242 1139
415 53
1 1472
66 1658
190 1477
152 100
898 1685
629 55
336 45
195 879
1572 322
153 857
947 699
551 1330
575 1751
932 1567
1848 1207
1729 1329
1612 1723
1231 417
1172 1533
1832 690
327 1047
355 730
1417 358
1727 948
1841 1523
281 511
39 477
1068 409
1109 70
1693 1151
707 647
529 1254
1642 423
61 871
870 1834
989 293
1216 463
14 1622
1693 1358
1033 1014
1617 282
1291 1545
409 516
490 101
644 1625
1463 912
786 1119
544 1817
233 814
1105 872
1097 941
1574 175
429 1237
944 185
1483 712
174 1230
507 579
1067 835
1534 1853
625 1585
141 798
139 1790
1831 1824
1648 405
359 1290
719 460
353 1525
1315 1119
934 1765
1079 1628
1617 302
260 1779
142 51
961 536
513 1402
703 681
1105 1114
803 1063
215 1646
1046 164
101 689
655 1733
1522 447
972 786
858 1079
1406 126
118 1534
979 1531
1248 1160
502 1065
263 81
1101 1439
669 973
1024 1058
1705 1137
1036 833
341 104
1622 1806
1171 1375
363 156
1760 1838
693 1539
275 1753
1083 1714
1822 1554
788 140
1822 1075
1531 386
532 1462
677 1077
1398 1354
1301 771
475 774
1034 932
223 1531
1605 98
1578 61
144 1689
1265 1527
775 912
717 1339
1098 710
1560 1419
373 1411
743 1110
1238 544
799 1655
14 59
1047 1166
571 1455
1667 169
577 1162
1707 1366
322 1406
125 160
998 713
696 337
25 711
236 1268
1090 1224
1693 607
1055 565
103 1032
1560 1590
227 1374
1606 571
1212 775
286 852
475 1343
1400 2
615 1245
1738 389
630 1781
1177 1192
1254 1548
391 1161
456 1547
412 757
114 290
64 398
343 331
175 44
1372 1474
957 1051
1318 117
158 911
467 1318
651 1220
1034 894
1364 30
386 382
639 716
328 1448
1613 2
132 1094
845 1183
217 5
1345 419
631 602
214 887
1565 289
240 343
1169 1402
1835 1507
905 528
1329 793
1798 1400
1136 1095
1137 1104
1832 1271
340 841
813 310
1853 1014
1068 846
1699 316
1453 823
41 1037
1286 762
175 54
1589 81
1025 1288
1521 725
911 597
1517 1791
261 1055
137 662
103 317
1851 1104
1140 673
1211 1196
1189 1309
257 496
1190 530
1306 234
1379 907
532 1836
287 1049
310 1014
1663 1623
246 1045
639 1493
1383 1356
1727 558
1095 1309
1476 1247
86 1102
500 841
409 1112
907 429
576 1459
1313 997
796 1642
320 189
1678 1524
53 1475
1292 825
1025 1421
1764 367
1140 1106
1367 1680
920 803
503 387
427 965
59 148
564 1266
700 1550
1661 740
473 558
608 223
1788 1009
645 730
425 677
760 1575
945 421
168 1633
1702 1341
688 993
1698 1015
1770 146
912 859
1684 476
1499 1335
818 914
795 290
775 584
1261 1490
542 1562
