896 241
1465 1084
1696 377
1817 570
1474 524
1321 1813
947 671
1037 1276
1808 1280
76 525
1039 1320
1331 1756
1388 1747
812 240
848 496
1533 1590
391 366
1718 886
1142 143
1172 101
709 1744
1617 1816
221 1720
1194 1060
1338 52
603 1727
1067 842
1288 353
1519 498
929 1815
1145 694
1760 1237
1648 628
203 1813
914 1673
1019 890
351 515
381 37
997 397
1609 1357
467 66
182 539
783 1835
1090 524
1191 1125
1664 341
1394 1358
1336 887
383 1757
538 746
1214 1027
103 1773
779 393
906 681
1138 610
299 141
808 849
1822 1000
1522 949
1059 1535
1061 370
879 732
1083 1688
1532 1735
589 1267
1024 445
1619 1561
224 926
1719 1655
446 1494
215 944
1334 1189
133 782
1230 720
766 954
1509 972
196 1442
1348 382
1002 1613
592 659
1536 483
654 807
1177 152
1324 555
1562 1847
520 1313
296 557
24 1376
1425 925
143 432
1214 352
1206 1340
40 1514
231 1653
339 1372
998 1340
1439 1355
564 196
941 657
713 430
1156 337
699 1483
1842 953
1548 1375
1273 195
240 1378
1505 1223
726 1703
132 1352
1136 1172
953 1490
960 1714
86 917
831 753
1332 666
1744 756
1059 447
68 640
563 893
1090 1099
558 497
749 152
1394 1299
987 510
1707 1782
1721 476
858 1462
80 509
518 1051
1002 217
193 703
146 816
140 374
563 1053
691 914
1014 324
763 120
700 1176
1367 292
1094 272
1146 484
375 1664
154 244
205 480
1308 346
1483 249
1616 653
1632 1390
1341 794
276 614
1850 1708
846 1260
115 1338
848 975
1074 620
211 1465
1601 620
1251 354
1531 1485
130 1171
1726 810
246 1010
874 1784
1346 686
1315 1379
703 1004
1422 1833
840 1349
153 1381
1018 1300
350 1550
363 620
595 1129
1761 1740
793 810
670 1181
1177 126
1401 1436
1330 1839
811 380
1768 1827
118 585
647 699
1423 1629
876 1572
1361 982
1617 220
52 405
10 409
483 1748
1038 203
953 1239
26 493
1589 191
149 697
1746 370
1100 1680
1219 990
827 277
1282 350
268 1762
1548 374
1263 1081
650 1534
175 200
1270 1657
1062 540
186 1254
774 908
630 87
1840 775
1210 1565
903 874
665 1217
1641 832
1573 1314
215 1079
434 1047
194 750
652 194
2 804
103 792
1735 812
607 935
605 0
1432 1677
1555 1192
491 487
672 43
809 1159
717 1346
326 1132
303 109
1032 540
705 1651
1177 5
595 1063
1648 611
188 1105
29 505
1404 1801
1271 471
1811 871
317 976
920 338
629 28
1037 1010
1724 1283
695 817
232 1334
651 469
390 517
989 1664
1745 121
146 473
872 1700
810 1494
1195 1526
1305 280
1091 1123
480 142
674 746
1002 1753
563 1433
1780 1807
1424 50
770 1612
413 303
669 1014
428 998
326 885
1238 727
1841 838
114 473
1444 1411
415 1473
908 1071
1214 535
426 1216
1240 1582
225 1243
1816 129
640 910
870 555
408 1227
1793 1538
253 109
552 1133
1727 1353
1003 38
1537 1577
1111 374
203 1183
1482 201
567 74
485 249
1534 461
509 842
713 1212
1851 874
994 1608
1192 1465
314 1484
1458 1529
1798 1742
1059 798
1408 840
143 1195
25 1752
1827 1482
577 336
608 185
1726 882
267 600
1472 1233
1309 610
1239 940
1184 1296
27 665
662 1607
300 415
707 195
1848 757
1322 694
873 1660
1635 1804
357 1378
342 1402
1194 1027
1062 578
1759 267
1807 1705
720 995
400 1009
837 1471
1694 1577
949 621
995 137
364 1589
239 1848
495 1786
664 1440
1603 1299
523 358
720 1756
1793 624
867 1838
769 1308
136 370
1470 1279
400 69
1311 107
739 1341
443 1489
379 1428
787 493
58 1832
1648 1145
1442 815
59 1639
1544 1758
1207 1567
376 765
242 765
1145 1224
751 1844
410 1268
225 1031
1240 817
1311 1817
696 247
240 1810
166 612
679 1660
486 1227
499 1573
1037 1140
1001 1385
261 1406
660 220
1700 943
186 1387
1500 500
447 1686
347 595
133 348
529 1573
107 519
1689 1784
65 661
114 1194
189 1461
1333 181
446 736
1634 1184
372 964
445 473
894 1155
1456 412
1851 1745
1569 254
825 357
183 1113
915 1030
864 459
963 74
1150 1837
63 72
263 1382
1273 1847
1059 1378
1554 515
872 923
882 1249
1750 1593
1430 72
331 757
744 1650
251 813
89 214
1537 136
666 1146
468 497
1707 1414
812 827
465 1160
820 442
1246 631
135 844
637 1619
1554 154
838 1328
1680 1640
717 944
257 746
1030 1480
1746 785
1826 1062
33 1203
63 1109
750 22
109 1448
346 1270
1071 1460
1814 1049
644 532
377 741
1790 1579
1499 1849
1818 25
546 1091
1206 760
393 1296
369 796
1643 1334
1419 1046
1237 1635
985 1810
572 1218
896 982
1158 1136
1537 1759
1028 1390
1057 509
184 910
42 334
1502 1267
328 1055
546 621
1160 635
844 1718
642 1251
1583 1034
1669 96
669 22
1475 360
1401 446
592 1670
1425 159
678 1735
380 453
24 400
1019 873
1635 485
1836 1530
1026 609
1 1431
1567 1508
96 449
1092 495
183 509
1822 512
1247 884
1372 1177
994 657
858 775
1275 1294
121 1569
1065 772
135 705
1762 1192
992 91
9 858
1324 626
1648 844
660 190
661 1414
1617 1663
1218 1575
197 1653
1353 1824
939 403
1483 1652
1008 1829
459 1207
240 1065
1391 1642
221 1595
1704 26
35 1771
1752 1827
1506 1666
1749 455
1734 246
640 1009
117 342
840 1188
392 433
234 328
308 660
144 76
604 1379
538 628
1016 1518
1178 1787
474 1244
1298 1528
1587 1100
1587 18
1135 1811
1497 109
29 1558
570 987
1599 543
1578 932
489 1397
1301 614
25 350
1716 135
1520 1454
827 673
4 1394
600 1220
547 1109
181 1850
1811 916
752 566
651 1716
1773 540
111 1761
779 1520
874 1655
479 219
259 727
1143 656
1262 866
859 700
556 1744
638 824
364 520
1302 977
454 542
989 1772
1107 1799
1070 1311
1229 1493
1652 1653
1019 358
1411 1172
721 708
726 140
1544 17
383 1489
850 1538
219 478
1473 1268
306 1484
1492 1757
1377 41
300 1671
751 144
1484 91
1597 895
1399 776
1439 805
777 1777
1500 358
1817 872
81 891
1298 237
1017 859
304 356
1742 1252
1305 938
931 1378
365 1566
161 1117
37 1054
1191 1139
1755 1653
1005 283
256 824
713 1042
407 299
1700 355
152 112
304 810
489 1586
1393 1834
547 577
1817 1086
915 307
1628 1283
1146 296
609 460
457 1042
1239 851
359 1086
312 222
968 417
470 257
105 1725
451 766
1298 1781
271 149
454 1439
891 429
791 687
60 1419
1055 750
844 709
512 772
1580 667
1015 212
1251 271
54 1388
859 1599
480 325
566 498
939 1338
1106 1063
38 1091
1351 1318
120 1304
1474 1509
1268 1601
1843 171
886 555
738 357
644 767
131 967
1 1230
1599 1791
255 1082
782 533
497 701
827 1000
216 252
215 221
817 362
1698 1423
471 1530
1109 1392
928 1853
1006 1473
950 1342
680 656
1411 1616
1025 166
1786 867
1172 716
1308 717
1048 636
1134 943
688 1838
379 608
415 145
416 1227
522 1128
468 1074
1496 1312
1279 553
593 1595
1528 383
1742 192
1254 581
864 718
1661 583
1639 67
1305 1439
128 326
1853 866
164 1620
350 735
342 169
1161 1391
768 1336
967 1809
511 323
996 454
115 167
673 1271
59 287
1559 408
617 1351
1760 1620
582 469
1087 1608
854 300
388 1790
1101 1683
1485 104
93 661
260 1154
1219 130
347 1832
1490 1736
1717 1337
588 615
1714 587
1701 968
566 1535
1702 1375
920 526
190 1090
303 1306
1307 1757
1427 650
1194 1785
475 433
468 584
920 1745
153 1738
477 888
1801 1234
316 244
1580 826
1787 512
1598 242
404 717
1498 1225
1595 395
1411 294
1105 1547
1500 1182
1614 1600
423 1130
1727 1076
830 319
1353 359
969 1067
196 469
1630 1577
1009 479
156 1570
1692 570
27 728
618 1461
1210 1235
1601 822
264 1455
913 671
605 127
498 175
1529 1060
1678 1683
140 481
1499 1508
218 607
348 1194
485 159
652 799
989 1687
202 744
1738 821
1760 1188
349 1805
109 633
682 534
939 1402
544 122
1657 1071
597 1178
662 1711
655 145
167 583
648 172
153 42
430 1787
239 1063
1311 258
1289 858
536 1304
774 694
936 1046
840 502
1584 1493
483 807
1279 916
1037 1030
756 1793
28 670
1459 1183
622 1792
613 1449
572 545
991 838
1090 1729
1850 1774
832 990
399 1179
1161 728
520 1470
866 180
1415 141
1186 1792
276 196
729 1335
1841 1283
1357 503
687 1137
21 775
1218 1383
1770 417
134 969
411 1718
1185 1097
153 555
374 1206
1327 1175
1166 769
1077 1468
1657 1473
645 1685
502 1545
950 1810
25 1126
1322 126
579 1408
420 169
1317 78
1207 158
989 298
229 161
701 323
1764 1101
1462 1346
1655 224
1036 54
618 1152
940 186
552 598
1840 1647
1813 1632
383 296
370 1505
222 232
947 1167
797 459
1283 1028
1649 257
250 1099
939 365
204 1015
541 1246
1154 370
1700 585
954 883
1767 1067
535 112
572 1033
1438 1044
76 469
766 1263
1053 1424
733 375
956 1503
111 7
317 739
1218 1467
684 120
1835 1821
1139 1003
1773 732
1460 1678
133 435
697 652
1218 1308
1137 1592
23 1411
1198 758
414 1850
206 839
1018 1747
1717 35
945 1373
1121 1465
1127 224
1150 597
297 1834
1753 687
1150 972
767 1586
1413 317
1805 1763
1808 457
780 1601
331 648
1299 1276
75 1448
496 913
685 1172
454 41
1003 1459
593 1548
850 1395
403 555
1580 195
1314 534
1237 116
138 1550
256 132
1768 1653
206 1588
402 1265
900 31
1809 321
418 1459
1488 1696
328 823
1169 1460
822 912
1713 321
892 1821
1342 1612
993 94
1529 172
1710 299
653 1492
1827 984
412 361
520 1510
499 686
634 1813
1153 896
565 1132
1780 137
1581 769
740 374
328 1132
878 1406
775 1555
1570 902
1033 1619
1054 1184
1193 96
1314 793
1839 1470
1278 116
470 389
809 1823
1351 278
1126 409
355 307
915 76
231 1399
31 1032
1776 878
333 1828
638 1689
294 352
503 483
196 1419
535 1051
66 979
1679 723
58 127
459 1661
1098 309
88 57
393 943
1480 353
291 153
24 337
187 478
580 448
1038 713
1574 112
242 780
40 1287
1607 1650
1641 131
748 1170
1234 1418
1280 1844
1083 1309
99 1634
1397 1845
316 742
1627 1521
1018 1045
1272 265
1433 77
480 374
443 1694
1698 1409
280 569
547 1555
118 994
435 1780
360 1024
623 1622
1077 499
597 1736
274 323
168 1397
1008 1305
327 1328
822 1157
1299 1775
499 1233
646 789
415 600
361 1076
397 1170
264 487
1615 309
1739 1369
218 652
988 1777
1078 623
1482 441
593 513
722 700
831 1826
1363 601
1092 441
965 1824
1216 915
758 39
127 1203
1393 587
1121 1007
907 1156
1680 602
1534 1418
1417 215
1302 1788
813 732
0 1585
899 1810
3 444
1210 342
1123 522
568 1423
757 52
220 1563
1460 714
786 1522
1686 498
201 925
1771 338
858 335
1639 1787
1216 1733
1028 1607
1684 1797
1655 162
1326 810
1069 1485
1230 1306
1785 1
1129 1437
525 1253
961 685
1394 238
39 1603
1410 1205
1632 1359
1484 1081
1093 9
101 814
1725 175
1187 1287
1592 1522
136 803
1230 1245
1045 1319
215 537
182 1083
405 183
1226 445
1692 444
591 1549
776 262
808 1833
1698 488
689 1270
1459 1332
1566 448
347 1235
649 393
690 1103
1573 1284
1627 378
172 320
1296 1278
1313 1158
989 132
1383 480
8 552
224 951
684 1521
1803 1567
1171 330
1175 1234
829 398
1349 183
1839 834
1126 413
68 1181
1712 1630
500 1276
378 1526
979 792
1175 834
1337 747
1167 445
1443 1300
911 230
1208 662
857 539
680 458
84 1387
1276 157
373 284
1398 1758
700 431
386 1568
946 1601
1686 509
1300 513
694 445
1532 1615
1078 99
1004 1212
1414 1135
14 329
1179 1835
1798 650
424 1802
441 1697
188 1386
1178 572
234 849
1216 1059
244 999
1455 924
951 470
431 605
1012 1385
1157 150
899 181
990 196
935 1000
395 1780
1788 184
1807 367
1626 888
439 1731
1218 1133
251 578
1441 328
337 1718
429 1113
1028 1264
179 552
376 1044
39 760
876 1672
822 156
879 1099
556 704
649 128
656 1582
488 1495
1742 1376
573 315
1040 511
1667 391
566 1716
849 255
902 217
875 1043
1475 966
1684 23
41 1210
641 187
1197 1472
1746 1080
1690 1813
1619 828
205 1814
1805 1788
281 1319
792 481
379 1494
1633 1388
646 504
1795 114
1542 703
1404 1658
1640 1443
917 966
993 177
849 1593
932 282
1342 209
213 1498
1483 1685
1132 1109
1102 1788
171 518
296 728
947 1265
145 501
104 383
377 53
556 340
393 1252
1074 790
1019 1577
172 1034
248 1851
298 1267
179 933
511 377
938 1022
1066 1546
90 1658
1655 1160
1654 694
1146 822
1541 503
347 129
436 1487
360 1824
1660 702
381 1683
1235 193
1301 1172
102 1681
233 222
1006 1192
520 1074
1820 1431
1320 1377
308 1612
181 636
974 140
318 728
460 1648
1161 1612
1853 1389
997 1528
620 1547
839 423
369 163
1252 1696
8 1687
1212 54
364 1395
676 366
786 454
1690 1209
1352 942
1755 1563
910 969
847 919
1230 914
1852 1175
81 658
813 331
586 1354
983 1333
1303 711
894 1793
188 51
1207 914
128 393
950 1713
1281 80
668 1643
778 1673
1526 12
377 181
1550 1105
266 411
201 1762
444 1423
1428 521
71 622
1216 1688
283 1573
777 568
534 709
1679 724
1495 14
1432 1241
1544 1591
812 1815
145 673
541 691
1837 872
102 1741
1785 1343
676 1171
803 922
1079 1621
1025 371
1081 213
1653 814
896 0
850 1369
344 1622
793 626
1345 668
818 286
801 1178
294 377
861 363
1185 624
1090 661
884 779
501 767
710 395
586 1033
1296 378
906 1793
165 1770
1841 1353
378 1410
557 468
1803 1725
904 989
478 291
773 1656
296 1433
1066 1218
544 1824
1642 1707
993 137
1367 1250
472 1787
138 14
234 387
773 1270
159 1043
1190 1087
42 248
372 807
451 429
1442 261
90 68
1429 1550
1569 441
472 286
474 135
688 620
1179 212
333 1344
1295 623
180 1831
367 1822
627 1557
982 840
388 833
1810 785
1005 424
1116 1093
1380 1195
756 289
1361 884
219 468
1069 1458
505 933
117 590
1132 1337
1287 1633
332 95
858 304
1468 1024
14 729
815 557
1755 1127
245 412
1830 587
989 1589
372 477
619 1127
1313 918
1122 243
438 1833
1073 1665
304 1656
544 1182
248 1342
912 1061
434 1246
1169 234
885 687
1511 404
1678 1265
1402 455
799 488
1589 1785
697 622
1066 675
1366 1462
732 892
1668 1197
206 828
1043 1637
413 1653
770 543
1060 968
1629 1762
1068 1134
1010 1153
1751 788
135 273
756 583
1358 825
98 1358
180 822
777 303
695 1662
1352 964
795 1499
1093 1143
977 548
213 608
320 1709
1008 613
262 172
1064 182
1104 102
679 1250
1126 1666
938 911
1283 608
260 473
1050 958
334 859
1023 1661
1680 128
269 1712
1692 1385
1737 1457
1442 927
1372 1079
351 505
392 677
897 940
1308 819
290 13
18 1431
453 478
1001 1158
268 1397
237 1171
966 372
96 837
170 789
941 1281
194 1606
650 1438
1168 1529
1059 416
124 100
579 1336
219 1265
557 1837
538 996
1810 1196
398 444
1690 321
1595 557
881 15
499 1813
1759 1242
825 1169
1757 169
140 702
748 1591
351 1259
826 3
322 386
154 707
682 530
672 1445
286 944
1539 1287
881 361
381 1004
0 960
1798 1422
860 985
905 299
192 1093
1157 344
1559 124
799 915
1593 1222
1544 196
546 682
133 696
1743 962
1552 1719
69 1588
733 618
1433 291
409 1103
1304 664
148 665
472 677
115 1109
1806 898
913 418
439 995
1034 234
1117 702
652 1599
984 1037
1337 701
361 1457
53 686
73 1613
886 977
148 1522
439 1661
724 174
1528 1627
1375 386
1670 482
1243 1113
835 342
1743 786
1679 944
292 1761
785 574
16 1350
628 1759
1426 1094
1843 227
1431 774
88 940
1762 21
266 321
1331 653
1139 1698
1403 742
1701 1628
1329 1392
1715 81
223 1843
756 1298
1524 856
211 305
1803 1140
1833 486
753 937
206 636
1045 463
1217 403
528 191
1089 1340
858 500
1106 773
1007 1203
359 552
531 1366
707 1050
144 1801
1335 1673
1773 1182
371 612
723 1072
1690 904
1 455
824 1592
441 1647
439 531
786 811
1805 758
349 1558
1350 1120
1667 1209
769 431
605 642
1534 470
1459 1838
1326 827
804 1762
864 989
266 365
1765 179
1325 1169
303 1264
987 1831
1198 697
70 271
1067 1172
284 180
1389 1699
1846 273
729 664
49 553
1046 1799
375 436
742 1708
1537 1010
925 961
648 968
626 846
1799 1239
471 645
1250 792
379 46
1426 167
1256 725
1735 1515
631 222
135 1664
1411 754
193 170
1153 1310
1756 572
403 795
1669 593
925 966
1645 638
1650 1321
469 1557
388 1465
682 1209
1811 467
61 226
1132 1317
710 1661
714 726
523 721
854 892
697 203
1043 956
437 1302
399 1244
1793 1028
72 1403
178 1466
1637 355
1464 1333
1360 1083
166 368
385 507
401 205
1472 1415
1276 1725
1307 624
1688 1672
840 1320
1078 1481
33 1060
892 228
1429 544
801 194
1810 192
1146 1842
1419 229
341 954
1704 1594
1208 355
385 1187
367 492
786 847
1460 953
1644 615
1374 709
804 648
893 196
1513 559
1828 1382
713 697
447 1058
748 1519
1731 1654
1027 389
1414 1599
1107 508
17 813
433 732
1210 1461
1272 801
1466 1150
627 265
1451 171
1571 436
669 445
83 975
155 189
69 860
995 1184
1075 105
804 816
32 1468
1411 1645
37 1436
622 341
803 984
343 1832
1139 474
596 145
1438 1338
778 1009
206 201
577 1405
912 1591
592 1782
1622 973
1014 1265
1438 427
1432 1508
381 591
1246 279
1832 299
1592 513
85 1677
1799 1720
1608 1746
1818 641
722 1674
425 673
1357 1019
1487 575
680 1365
486 1162
513 375
766 593
1090 673
1738 726
1556 978
1143 1844
305 682
1356 1618
647 1768
84 892
1436 831
1093 122
387 530
221 1632
1815 344
653 631
1041 1237
1137 1461
725 1089
239 1850
956 442
743 86
688 113
904 144
471 389
744 1754
783 602
940 1777
836 742
1547 275
616 877
1405 1469
928 742
1840 607
325 1099
1428 1115
1739 860
1719 1727
62 626
224 1302
773 1202
1838 1669
328 1461
944 1343
1189 595
1039 1465
1736 1416
913 493
448 1348
1355 713
926 1360
1381 1618
164 1712
1679 1550
594 1774
891 896
1392 230
1243 1089
248 1682
892 677
299 390
1096 1214
398 884
685 1059
1657 91
698 89
1049 484
605 1031
888 891
1639 562
1595 235
965 1523
1338 514
494 118
1821 1277
400 1209
939 645
1512 1384
1062 1202
1110 312
1702 97
941 456
301 714
1804 1677
1505 634
1078 1488
1298 101
1193 368
1844 1309
1422 419
267 634
1320 674
1467 1290
1587 1364
112 938
102 98
363 1156
1102 1191
1231 1546
486 1808
140 256
900 586
1416 1205
943 1640
394 86
443 743
687 1800
400 93
1227 780
1774 457
1700 616
807 933
1454 1715
1318 1553
1206 948
355 1731
1394 541
585 388
753 842
332 779
924 450
1468 703
445 1432
1097 883
534 70
1652 1561
412 981
350 1225
365 1567
197 1521
58 1547
897 1055
1350 359
1008 468
247 1281
1056 877
983 1814
769 685
1167 935
1371 1845
1045 1271
1399 132
917 1432
728 801
885 380
1045 1655
1643 798
1279 252
913 448
233 1457
843 578
565 1315
550 181
339 1139
1383 1140
177 663
880 1548
1266 1405
1073 347
1368 432
1541 1373
1809 906
1359 1250
1276 1682
384 1156
784 240
1031 43
785 53
636 1699
123 1133
163 1588
289 1783
1386 636
1125 1163
579 21
799 86
617 1675
1135 184
1361 445
1813 1689
1775 76
1711 1337
1558 1010
895 454
436 742
1594 959
1668 1544
763 1104
1774 1046
325 455
792 1815
449 1781
751 194
1816 1623
1470 1690
803 1228
304 391
464 309
735 745
642 1724
752 1668
268 1274
1568 1139
1058 601
1755 1788
334 70
56 542
171 1545
347 349
1198 745
1662 786
1532 70
1382 335
1331 1667
1837 1535
1319 670
89 1053
909 1529
1394 273
638 21
1493 28
1765 1560
1402 847
1340 1233
477 51
1264 1345
1380 1669
685 265
684 292
571 1061
108 1245
1188 57
349 499
1236 865
122 1156
1020 461
1018 1222
536 1741
391 404
1533 116
198 1160
634 1390
81 1833
1276 456
7 154
733 430
333 1233
861 1815
1237 1051
322 591
1579 610
949 365
1007 875
1787 979
338 697
788 431
1623 1667
973 1599
485 267
432 1704
686 1376
579 114
418 1193
454 1173
1853 93
669 666
224 161
778 232
1118 1515
5 1615
1244 1004
3 416
1295 1535
1336 1189
608 432
1184 1149
272 1177
1625 572
417 210
1484 1831
1671 1758
195 1161
1193 1669
880 1202
1530 1277
675 597
1655 805
787 758
805 712
41 1009
940 1735
1269 1435
763 1382
1063 1590
1091 515
1649 1653
1100 1474
459 1084
678 814
618 725
1610 718
280 198
1652 1815
423 1654
514 974
429 1144
1836 842
1703 497
269 1609
1581 128
1449 1259
1615 1222
1350 1290
1479 1076
142 1291
506 1517
1092 1743
1210 655
1581 255
1470 467
1060 204
81 1666
180 532
423 961
1305 1277
1120 1568
1670 1219
23 1080
309 177
110 64
845 199
300 1383
309 1319
1243 1225
694 1055
840 1503
266 864
86 755
705 1570
1284 1073
489 1221
614 551
192 224
414 689
963 20
1741 766
1843 47
1234 1191
668 234
930 710
1081 537
1460 1224
537 1439
529 467
1010 1103
1324 1283
325 988
1681 499
431 791
548 1282
1183 1038
1675 48
691 375
1266 169
190 1447
1560 1604
403 303
16 1562
890 685
1778 1534
638 1510
118 362
405 1391
1533 1090
465 1379
1674 228
602 284
753 842
411 589
801 1198
1179 833
934 371
1333 1447
906 1009
1169 1057
755 1570
1750 138
50 1443
769 901
859 696
1638 521
246 174
141 689
396 1031
1104 1424
1005 868
713 1174
742 63
1737 1037
483 714
1135 269
1472 1072
1664 272
536 7
1206 688
945 1597
1650 898
775 501
747 1784
806 994
112 97
238 1190
1532 591
691 87
771 987
401 254
1635 1224
147 1439
325 1290
1434 479
685 605
136 1540
1244 510
1158 1127
661 1557
756 1171
1160 717
1006 1148
28 1206
746 940
592 49
730 919
187 824
1396 443
859 813
1502 1582
1038 327
73 19
523 1726
1781 1273
620 346
1805 249
879 1047
1127 1319
139 270
79 644
538 396
1282 1413
1812 364
1 18
1002 1845
271 1774
839 1567
668 1305
435 502
1398 95
266 1298
717 1426
1794 91
317 98
518 974
1821 574
798 1499
772 1122
1285 159
638 495
345 1758
663 410
1226 1667
1795 471
838 1107
1594 959
1326 1767
1173 1282
134 180
1146 945
599 390
240 1327
748 356
1582 364
1776 1816
625 502
1138 1212
1529 1036
269 1555
469 938
1151 793
158 632
1436 1413
152 962
221 1405
791 1714
225 1592
843 1023
986 423
434 177
1415 469
710 477
1359 1024
1662 1642
1154 88
1786 1733
1317 137
361 1090
316 1829
1079 1561
1412 812
1825 1797
899 544
460 242
303 1194
1436 1703
984 379
1438 251
1053 1042
149 453
493 11
646 508
222 55
844 1759
241 1627
1476 1420
1330 1148
1559 592
181 296
993 1320
242 1493
1269 333
592 468
1178 1457
170 348
155 228
1579 214
1276 970
1747 1328
1793 1740
643 1015
601 164
16 1804
1464 295
1798 1785
1833 1224
915 901
1391 929
1453 1483
1262 850
468 1683
1742 596
1213 520
213 554
93 1844
1704 1089
1065 95
738 274
576 1174
1313 962
507 141
1014 244
1242 1114
1775 1507
966 993
1304 1372
1290 658
770 1304
864 1658
791 1023
70 121
1784 937
348 738
1465 535
1033 78
222 1833
790 172
660 577
1322 1737
237 1465
1307 1416
830 1652
760 32
1220 604
1070 1271
1040 293
826 582
1346 915
1174 683
1254 80
1006 847
172 1279
126 1159
669 811
566 314
1303 1589
352 1457
988 698
799 1381
1200 1682
800 545
675 1768
1328 1457
20 767
36 1005
1290 1508
1855 731
1719 543
1848 778
788 1478
1372 952
1533 1770
588 1808
558 175
1822 211
1065 478
1067 1517
951 808
1647 427
11 779
301 114
1274 1689
422 1566
1009 509
1147 0
921 48
449 1800
1312 1519
436 1681
295 106
342 1575
73 1743
297 1805
149 1848
1696 1265
454 807
1248 1219
1111 84
363 585
294 818
809 1284
891 424
1157 1291
678 924
1198 1586
428 809
798 1220
908 484
353 185
1745 1035
910 1634
227 734
123 1468
407 1336
1436 178
1780 1355
147 158
423 683
548 450
307 1179
145 529
1845 723
1844 1468
496 960
1593 432
272 956
1040 1758
1182 355
208 687
674 857
682 1344
311 224
1582 414
1387 864
1246 222
1420 1575
1573 697
708 446
496 343
1665 726
1337 532
290 306
446 653
1520 871
329 973
670 259
196 1377
148 1110
349 463
745 1567
396 420
269 689
789 438
1354 550
1043 1144
470 361
681 393
1572 1730
1569 1706
606 1072
1579 1057
1601 1773
71 816
441 63
856 1220
330 975
1729 366
130 196
1728 1440
463 1192
1752 548
1763 1598
352 1613
1561 795
352 382
615 1815
771 630
973 727
47 1499
1723 971
1649 1425
1703 352
916 1168
46 1315
1744 72
1728 1615
1834 1090
1459 698
1551 1323
762 339
1100 1698
597 630
1365 1342
157 185
1027 204
1611 1141
1795 844
949 760
123 1314
1366 399
309 595
1349 1401
1727 1484
1268 1117
636 685
462 1732
1562 533
1592 1554
940 939
937 613
1536 373
1389 623
1335 882
279 773
0 1305
643 960
204 1108
522 953
9 428
50 1630
1158 634
1581 787
502 1436
1229 1356
469 1562
1253 88
514 442
1725 360
626 1358
11 186
1779 1527
451 605
50 1710
428 1449
52 140
1151 382
441 1113
432 1798
1777 1159
1848 796
809 783
189 97
1471 1272
1151 688
542 1160
1810 187
1243 643
960 553
268 531
744 469
89 839
1780 985
369 297
1609 1236
1451 1285
883 843
1773 895
569 1525
875 805
14 1510
1530 898
1540 1728
1573 1617
199 1440
1644 1385
593 1642
1188 1191
1423 791
156 195
1516 1659
96 616
1329 142
1399 970
1100 420
1069 1549
1232 626
849 333
739 1590
465 14
637 102
1069 313
1712 1069
1685 1281
398 146
585 428
566 811
307 1358
1425 888
714 791
1384 1020
1771 1455
315 449
320 248
1852 688
1388 52
1079 1514
1818 1612
117 696
1468 1726
1187 71
1829 224
542 8
371 1580
737 723
1076 469
1740 1789
171 837
393 607
1792 1193
724 1550
1154 1033
1586 617
1109 1198
95 1273
207 1338
148 34
906 687
1168 1305
892 796
1570 759
1347 971
1589 1698
250 926
835 1255
1083 1254
1199 1351
646 1798
1632 1604
244 1665
1823 254
718 783
47 785
1258 137
575 240
365 465
1228 4
764 1570
822 584
1476 397
1638 1794
268 564
305 909
639 1489
1149 1248
71 1359
1340 1787
688 581
32 238
721 245
238 1301
261 1413
1461 1074
311 476
1346 1725
1806 542
1670 1674
1173 450
218 829
1146 18
455 1768
1105 474
956 1476
1778 1669
1021 217
281 690
1642 474
501 681
297 1628
1785 280
361 1412
1110 743
340 383
1311 166
837 229
1542 842
683 1131
135 585
484 470
853 1094
783 580
182 1114
383 1362
466 232
229 1650
1101 375
1106 342
81 690
1042 1069
122 1147
249 294
933 284
1544 1608
682 57
1475 1015
71 1211
1730 804
1459 1569
107 643
485 188
1369 40
459 949
606 1485
1048 1127
818 816
923 573
253 274
1488 276
1061 1225
1000 669
1148 423
998 585
1642 219
1072 583
742 608
1823 1778
1113 1288
97 1675
434 1080
885 1228
1717 598
780 1819
1696 509
275 896
1260 1139
1701 1721
1595 1642
125 1007
1229 1298
1621 1024
683 976
806 550
863 1188
1491 21
1804 1299
985 1086
319 970
505 1345
860 161
218 808
990 440
1842 1492
49 496
434 818
1033 46
243 1305
1368 1444
1387 393
1271 1343
1248 510
995 430
1444 1043
1311 1523
746 270
899 1693
1372 1308
93 470
1474 245
1781 1291
660 1067
1678 1352
455 742
1524 1417
1502 1255
292 926
411 1561
865 24
1477 590
1818 1187
1122 1077
885 137
1023 425
1413 244
1726 102
926 374
1046 1329
545 495
400 326
1111 205
1644 524
1133 1579
1002 983
348 285
1217 1411
450 1791
1481 1430
837 1252
856 41
1775 1214
1781 1628
1749 141
481 924
625 237
1015 835
233 662
885 1700
890 700
633 1322
1517 545
1018 1065
1435 696
1432 334
1584 1201
1254 1484
1749 1351
680 617
768 233
1617 416
1458 811
314 40
577 1241
1471 529
1355 1556
327 139
208 164
830 488
680 535
720 329
1743 213
1404 1795
446 891
493 482
495 474
201 253
1591 1314
848 1254
1284 1767
129 4
1734 565
690 1405
1785 943
142 1319
340 1271
1153 1045
1169 1523
172 445
260 344
387 119
1201 45
109 956
790 851
45 1714
1738 522
1093 1077
556 489
1832 1140
280 806
1309 362
1719 1158
599 333
654 1449
182 1804
1044 227
1786 266
1760 700
1844 1529
265 208
225 909
633 907
573 1196
1810 595
1557 1351
1413 54
1324 1284
1033 373
1273 359
948 77
1133 244
1784 796
771 254
1336 280
1185 1444
276 1412
1299 539
1458 1722
1410 222
106 1325
148 1673
364 488
1089 923
488 1762
488 1083
706 146
1786 254
1772 1425
420 540
1778 1481
555 141
1513 290
343 516
910 455
1073 1388
1609 1352
1521 1751
332 85
1727 994
906 579
196 1538
12 1684
1293 209
1345 405
322 244
1455 962
407 825
400 684
1055 1173
974 1482
1381 177
1128 1405
772 603
1011 414
342 1072
1472 1216
1185 1763
285 312
1019 1103
1435 1185
993 1701
836 1687
1640 1456
1575 481
259 1650
892 1044
1490 72
1634 1380
86 726
577 1431
1121 346
275 502
132 1744
1329 383
1839 1410
1185 316
1339 967
473 1544
336 344
1449 342
158 606
375 242
1298 1677
1291 1256
519 772
927 429
365 1061
1123 1223
1220 486
1249 1153
1305 1062
1384 1250
1665 1127
1662 1264
759 596
1475 280
1790 1022
1253 1530
147 79
263 1384
1753 583
546 714
271 961
669 319
1656 1024
541 511
82 1023
1492 886
246 1264
1427 899
1461 83
444 1293
1816 749
1662 8
1784 727
758 693
1303 465
1727 416
1680 1743
758 1176
981 1431
182 713
847 671
178 1015
1765 467
1827 632
221 1663
377 34
564 970
1146 1619
1546 1692
386 1791
119 1065
1700 918
859 1582
288 778
975 783
1146 1089
1563 1187
1663 1535
888 1400
190 1034
442 1420
1419 757
317 1416
1625 1746
1313 968
650 221
501 936
1789 96
1413 1361
841 104
1571 1357
116 857
772 795
1222 1635
1566 787
836 497
1208 429
420 396
982 1011
678 1329
129 1350
1668 860
1206 830
1549 1850
155 314
1832 613
887 790
1796 1364
762 927
1006 399
129 19
772 173
1049 1056
1655 773
1026 177
1574 321
990 474
480 1215
1797 893
920 1472
319 1252
501 1814
1221 1169
1374 471
1463 786
429 871
1175 1410
800 840
1521 1697
1265 1513
113 195
1777 942
706 911
1766 493
278 1804
1235 1744
761 143
510 543
704 1384
1852 233
82 747
568 850
1099 1776
1299 747
553 1416
1515 1818
1112 1774
1537 405
1329 1276
600 1218
237 798
1153 362
405 460
1496 1809
198 345
312 276
1188 930
1547 669
854 845
1557 805
1773 55
1048 139
1033 897
1712 1748
1321 1329
109 1304
1103 779
1253 1598
1526 1299
135 110
289 1161
1019 183
1079 1005
1808 1605
1834 1102
283 1454
400 460
334 89
843 358
29 805
1367 551
1052 895
1119 1509
1535 1202
228 828
1586 434
1352 578
1468 1847
1389 148
587 714
1727 504
1007 1558
1129 1382
277 43
1235 990
1196 166
611 1322
1301 236
165 231
1286 1060
452 1762
188 816
1565 23
464 828
1339 23
418 1202
1434 601
1281 1828
910 1759
401 1635
1414 1012
346 100
779 93
444 1572
1369 1668
530 1389
449 876
527 643
1433 886
63 1696
1685 1600
362 1667
428 1064
1263 850
1501 1108
153 131
548 775
0 1577
1842 1049
471 1596
436 1168
876 1017
882 1496
1143 1207
759 843
1185 1496
1687 1825
1286 236
233 1021
764 1416
181 62
202 686
1374 1563
815 399
1280 1098
1371 1496
131 916
1812 936
410 1142
746 666
805 304
71 1084
368 1469
1152 1667
1748 36
1423 1384
1481 35
74 1311
380 288
622 748
724 1081
719 1303
1323 376
1610 923
1785 343
614 364
1547 1072
934 358
1538 636
1678 432
1848 1005
1364 791
1475 1835
544 222
1441 1090
1148 816
1037 576
1556 1032
1440 292
1403 1534
854 634
873 1308
712 501
206 1054
581 647
333 1018
742 169
223 1516
1194 1344
1394 433
178 476
710 877
1266 377
1706 786
322 1107
840 1011
189 10
1730 612
1092 1011
1663 1564
390 713
619 1694
929 1470
1590 512
1567 270
121 1809
582 209
1832 217
1663 673
973 421
329 1589
1143 205
934 736
572 157
1127 973
884 699
668 1632
479 176
96 1831
1788 1241
694 1097
1716 234
433 537
685 1096
1267 1255
1225 1174
30 880
1654 952
87 1775
328 828
818 138
1021 706
38 241
1200 1789
1457 1760
1344 1685
667 1838
1041 1202
1182 607
310 1206
843 1471
761 1144
321 1796
1555 802
1634 1333
1544 1433
813 1348
83 194
1659 1218
1472 440
1280 1635
1448 51
1256 262
1825 152
1334 1488
413 877
1044 304
875 1285
1769 330
181 810
1611 46
627 421
1427 786
415 291
1331 906
102 1426
207 1591
1256 1080
1116 1556
372 961
574 1475
1190 729
1150 1056
1012 671
520 151
1837 1222
1014 1777
1660 1366
605 1842
850 509
1110 887
1291 1662
1256 156
1431 1570
290 93
1375 49
1639 970
1578 67
203 890
594 1497
269 17
975 920
1579 1682
1357 1629
441 1580
250 1261
629 41
959 243
44 1533
425 993
991 488
1634 257
1659 1272
398 318
1559 1646
411 84
190 235
43 735
277 727
1778 241
934 341
947 5
1714 975
919 1167
1339 1067
472 552
320 149
1310 1112
575 1485
758 1744
1447 1407
359 85
700 221
1044 213
963 400
1051 9
516 1675
969 1797
762 1012
1840 1311
662 411
1653 1430
306 3
26 546
995 1380
460 948
254 1081
1741 743
1117 275
1066 1339
1318 1788
394 1111
873 1387
224 161
957 1416
1615 931
216 346
482 440
455 891
89 484
1438 990
1281 1661
306 831
584 404
515 639
1274 1269
1120 54
1454 476
1237 317
1375 1184
927 1369
1440 787
13 705
857 1711
1850 1520
152 1669
302 515
561 1077
89 244
69 814
1548 521
438 1393
529 857
1348 1138
1314 816
158 817
427 1768
443 194
124 181
589 392
73 1594
614 1240
879 1657
1830 434
335 25
1526 1409
437 937
166 1059
9 723
1288 1107
1397 793
1204 1811
709 856
1538 1384
1284 774
1714 904
951 440
240 1526
441 109
840 564
6 1769
249 615
1531 1801
611 1411
339 1458
1377 104
1590 574
448 178
568 968
852 1069
1244 1698
306 1375
747 371
1275 23
660 1246
18 1073
1693 1232
167 1531
1429 42
334 25
1809 614
362 419
26 1610
17 735
315 520
967 467
970 1498
244 946
1621 1580
959 245
519 1475
1112 1756
898 1154
858 377
1456 877
1600 1572
1464 41
540 1642
1603 503
1603 438
695 166
1474 986
937 176
1547 848
164 6
727 1701
30 823
297 1309
1406 116
1172 1627
452 1636
981 417
1308 69
1417 1579
1325 1386
1805 321
574 1809
1483 4
906 1510
902 959
689 314
328 1639
467 542
315 47
1717 815
1095 1546
1508 1522
1791 149
1401 396
514 93
373 1180
726 178
220 1211
1421 138
32 1396
824 1191
1783 438
1469 352
1854 74
1704 66
424 1028
220 1832
661 475
216 495
413 969
1614 121
1181 784
594 1157
870 1786
1417 1214
1002 1247
334 1602
993 1076
1774 687
52 352
539 949
1822 1825
1770 558
1057 1080
768 379
284 1218
1284 52
1220 1688
507 90
635 496
1697 1750
1854 693
626 134
157 404
587 1048
1681 1659
1494 1827
249 1313
444 1640
844 698
1027 1601
356 1343
498 589
13 354
326 993
497 1019
1737 1122
1664 1026
601 150
1219 619
783 1125
1775 949
262 1204
847 1013
1360 1640
1145 605
532 1774
845 483
1328 306
1149 663
546 1149
631 662
1035 925
328 1382
1210 181
1319 1596
1577 802
257 1217
843 1567
1570 1345
1782 1382
1001 1693
580 681
1752 906
693 1452
1704 100
920 569
723 1647
971 218
1166 1327
753 1048
1326 265
101 1834
380 1535
889 185
1661 590
525 1751
1101 1456
292 847
1580 452
540 165
1783 790
475 1447
0 651
1606 1314
439 527
346 545
115 1687
1682 408
49 1093
86 1711
200 692
1436 1138
424 690
517 11
1183 391
1476 678
841 713
1386 1206
1492 62
983 140
488 725
1329 112
292 1221
1264 613
536 1600
978 689
354 361
95 75
582 1263
1725 623
371 779
77 1268
1430 365
814 230
122 1760
771 1053
1500 704
56 643
1663 1216
407 831
557 350
1811 634
1027 311
1506 602
811 358
894 606
1271 203
1214 746
1425 1682
761 281
1309 1475
1364 1011
34 267
1111 905
988 1403
571 534
997 547
997 586
721 0
1745 1513
1702 232
49 91
1094 33
680 1520
532 848
1388 1734
1731 920
253 1249
1572 222
1835 1265
1484 1534
1350 967
207 1390
983 516
1664 149
487 492
15 901
754 1006
367 1481
1275 838
933 232
810 1562
1429 1281
777 500
1013 1756
1019 1651
1439 451
319 951
258 1345
381 778
1346 1116
446 1059
1749 943
607 83
156 1562
552 404
990 1825
930 861
1513 909
1392 180
820 1733
1329 1449
1002 1069
1756 1116
1297 619
1819 42
662 236
541 241
1311 1499
518 328
988 653
639 1595
1781 1477
647 178
841 636
667 1302
357 1082
1589 1491
1012 1088
473 959
618 1167
1495 1488
47 1834
376 2
999 1431
203 817
652 541
860 287
543 1292
122 1010
561 1835
45 1605
239 1280
1409 1521
1600 1305
1131 59
1726 1155
1180 1550
1441 814
1446 913
1591 1579
1390 1466
1620 970
614 1137
1132 1029
526 1302
89 1106
10 1699
1680 767
1517 1486
37 1705
131 1090
1697 14
994 1546
806 898
658 91
0 1346
1275 971
309 1138
619 1290
1489 1505
1257 916
740 530
1252 584
1560 1245
92 313
401 1738
1536 1776
1717 38
185 587
163 64
363 347
1594 1399
1618 1384
237 860
1487 653
1194 1601
780 872
980 1044
671 1213
1732 74
317 1259
627 1778
1052 163
209 858
988 367
1652 280
788 599
51 352
1310 673
1426 826
1204 865
846 1051
1575 1800
1285 1273
1086 1359
313 1833
169 1299
192 1165
80 356
429 427
1116 1509
39 70
1729 1595
1833 1470
1757 278
382 1398
1297 1461
489 1752
1219 593
449 599
1535 993
306 1105
555 1299
1018 1845
172 604
375 1202
1133 310
1194 186
441 1783
969 550
331 637
281 10
1259 340
1812 1240
909 1323
844 1155
654 997
1486 597
1219 635
897 299
1583 1311
1337 1169
1471 1737
1458 1041
1350 59
166 1153
468 315
1003 1102
1308 638
815 874
692 389
619 304
657 825
1427 1283
234 307
749 1362
1634 178
129 1819
316 1405
970 167
1351 952
868 1431
492 1824
1618 1395
1265 318
1311 702
1119 828
601 1600
198 572
489 1253
191 146
845 691
643 321
809 1240
1616 1454
336 447
1133 1203
500 1240
1509 1422
846 368
1814 1093
425 1128
1624 156
198 420
1382 1671
1074 1080
1602 209
1271 159
157 531
277 1444
1215 1834
1168 442
999 1795
1405 1690
1447 1803
315 1123
1512 11
625 25
12 1459
35 304
625 14
1086 242
430 712
1305 1726
402 677
94 1764
474 432
1713 1525
1088 925
1841 565
506 670
1088 1591
1111 1228
1102 1472
1393 880
1720 867
1468 212
375 557
1017 697
321 904
252 518
1389 285
224 464
851 1092
947 1561
1647 1141
278 1381
1141 374
1622 898
1734 1735
1702 1609
277 972
1126 1045
510 1846
501 562
1209 550
1645 1794
1268 1237
1413 1676
519 867
1460 1326
1467 1488
1168 955
1736 1461
1745 937
548 1800
1286 1327
1274 781
131 584
1625 1387
1414 513
1560 1529
745 1104
665 334
30 53
1267 1638
546 578
1122 983
1732 844
794 169
190 1040
528 1028
1825 1269
1111 1286
1350 283
1408 1079
544 647
1369 372
363 987
1514 502
1410 1481
1675 989
1687 1711
1680 1544
128 1443
1151 1504
854 1813
689 1815
480 59
1063 921
1742 859
1408 1841
1764 1156
1132 1134
1755 1170
1186 14
1565 817
985 682
283 372
234 611
1821 393
559 17
456 1240
76 945
30 1293
78 28
1475 534
1700 1426
5 40
628 980
286 1289
745 1323
1845 1493
449 112
1599 1121
1253 1813
1600 770
431 314
1136 1755
1178 307
1826 195
551 1595
803 458
1601 791
702 800
861 229
1430 1209
1635 717
1636 559
816 186
1018 443
333 630
1403 267
627 124
158 762
344 654
795 1234
1414 1583
281 615
224 1691
740 162
1568 564
1744 1563
695 26
89 1570
99 560
792 766
563 3
900 398
469 188
1265 888
1355 23
417 533
862 1578
1610 1484
1223 1224
1759 181
1478 405
650 1079
1540 824
1228 7
1280 464
821 1721
1035 16
364 1630
1479 652
1659 1777
1459 1588
1807 1702
1385 770
450 1645
1552 1710
373 695
899 946
610 705
446 412
1196 1842
1382 676
979 1827
1307 1292
1464 1228
672 1071
1728 314
895 547
181 1505
158 587
1714 1503
1477 1516
441 345
1822 655
982 1323
520 1728
1082 307
1674 1111
13 1145
1541 737
860 919
1338 714
289 250
1201 952
863 1536
1194 651
1842 1494
1274 1514
43 1272
1810 619
1204 1043
589 1824
284 356
1224 691
1668 784
142 1640
268 469
371 1448
1640 1592
1632 1341
163 170
1482 682
1296 1343
1015 1276
1810 1270
1021 620
1553 1269
34 195
803 634
648 690
1794 1030
372 1334
1563 830
170 1000
724 306
1172 266
1754 988
1456 1336
1156 1472
843 22
671 152
288 1357
1170 1482
468 1148
583 805
1251 1007
583 523
1204 1277
1291 1676
209 1679
844 122
761 1455
1202 1154
622 64
812 281
386 1509
1313 1662
431 525
1333 559
1820 1246
1444 108
1755 279
846 1143
1301 1313
862 7
561 861
1258 129
648 1848
1661 1083
324 699
781 235
1318 1804
1580 1662
1022 441
135 1335
1513 255
1390 1485
10 1448
1646 24
1446 1783
1340 1568
1331 821
1015 712
1704 671
1199 1265
594 1816
229 1318
1345 355
1297 1385
1033 1616
1190 977
1107 247
701 139
1158 410
1089 153
1300 1302
301 958
940 1193
451 1195
874 1327
1518 1459
1215 1503
363 200
1607 803
1196 760
1179 235
1776 902
251 147
1107 609
1078 1814
878 1328
1708 1457
212 1321
1609 1220
866 266
623 706
594 1250
1151 877
275 702
381 850
1205 333
241 106
1824 411
1737 1419
1048 886
1087 1546
182 1412
1757 1125
300 660
1397 1222
572 84
1256 988
1308 1354
901 141
1463 1206
1497 630
725 1184
171 1477
541 161
1632 226
543 387
1607 1297
1292 1514
201 81
1500 374
1682 1404
25 1673
132 1439
1441 1726
1574 1348
385 1301
1729 320
653 722
43 1495
1228 1332
852 1217
1258 278
1555 183
92 1111
