1386 996
648 1746
1773 1069
583 1742
675 567
1045 1609
1318 755
184 1094
1253 72
1197 1600
479 1617
1742 863
1593 240
1705 1728
1490 110
604 1361
505 283
78 559
803 1003
967 1608
1482 86
1738 1155
1589 485
1457 206
1569 192
293 607
938 1518
305 28
1565 1535
78 1085
842 420
1376 415
523 1773
1744 1431
918 709
1443 1263
1461 73
614 1416
1098 446
747 1139
757 1090
1216 904
1759 769
1842 982
738 290
1501 244
622 469
391 1159
945 808
212 374
1206 1061
469 13
1216 1323
211 1440
446 1464
1107 721
253 437
113 897
1543 1789
1481 1304
940 739
1161 1791
1515 153
913 299
31 1244
639 427
474 1643
1288 1698
1564 919
652 555
1101 21
1611 1660
1070 725
717 1236
1752 1176
830 1348
111 1410
1190 1825
783 697
1285 1730
1592 1177
582 1285
144 187
1092 297
338 1200
632 298
1791 1718
852 735
570 589
1175 81
973 1775
741 431
445 1524
1730 694
561 460
671 717
1776 1471
478 1450
1115 893
609 1687
1558 590
1163 1388
154 368
1813 280
485 904
1314 1197
1033 696
239 887
934 729
427 1291
35 1453
1821 768
515 1488
468 155
201 474
1211 1181
140 1447
1476 983
46 152
1621 1329
258 238
1531 460
1367 667
985 676
1585 369
1686 355
1499 885
649 1263
870 1291
863 1158
654 1695
588 1648
132 605
1808 1196
1536 295
407 479
1327 500
1553 1519
244 177
1036 1707
753 1257
1527 875
728 174
927 1347
693 1196
1782 884
276 1001
911 1742
973 732
1706 937
645 354
362 1178
750 1127
374 814
1853 1248
1257 1606
591 912
1151 1039
1360 1740
480 1497
1006 771
1526 1821
953 1489
823 88
1109 361
378 1715
1240 601
650 987
29 32
1347 939
1028 1620
1065 8
1477 120
556 1686
944 1296
446 728
1462 128
348 1775
668 1113
178 581
311 206
1203 1233
1246 278
1828 1608
520 700
217 1039
695 1749
57 208
1189 635
248 1569
1486 1334
1698 872
1722 303
168 766
1198 92
837 1216
457 1816
1526 946
780 318
1590 1623
1678 345
798 1855
92 1557
1091 1373
1146 1391
1164 1385
554 854
953 955
899 220
735 1561
1281 588
1102 809
120 1684
6 399
400 833
947 1611
880 1061
210 1578
878 1507
793 1169
1387 429
1853 360
319 1811
542 1693
367 420
1512 132
566 1048
1410 110
68 1453
852 469
372 309
1253 103
1778 1150
630 332
614 1193
37 1779
514 35
1551 589
1151 710
183 1451
1033 599
230 1239
1665 851
1099 1071
733 1500
1682 475
458 406
1301 1240
1084 848
1769 1114
1577 891
669 621
758 194
70 1551
877 69
733 1817
973 1380
281 1192
1241 1315
90 598
1525 1603
969 881
291 1576
556 639
1801 1217
104 1316
1786 591
1323 823
74 823
1743 213
505 1502
634 97
1747 214
145 954
1227 1295
1503 1348
95 1599
742 526
324 395
1025 1596
1437 1563
108 1636
353 1023
1504 1325
1059 872
1833 14
1699 864
290 1175
874 1718
198 257
1430 1054
1765 766
325 70
209 374
1794 564
712 654
1399 1622
1060 487
590 1055
898 109
1126 154
1699 667
386 368
816 857
677 1818
1376 732
729 525
695 1622
547 697
645 1478
1004 1104
481 1588
1160 658
329 1111
905 1557
885 158
1656 945
1751 1780
1780 950
1033 1210
1282 930
1454 1560
940 1374
484 1159
622 1256
1145 1816
703 1253
1252 1834
1285 254
577 736
420 1499
1356 537
1223 1059
523 1274
1483 96
1227 915
63 308
1397 509
247 137
949 927
16 110
428 1045
1187 1646
1410 912
1396 405
875 300
1763 476
716 861
1180 726
970 1031
1020 90
906 492
801 1120
933 355
898 1726
374 1818
1505 1748
1151 1006
795 114
1420 1521
23 1602
1133 486
1562 487
1783 1811
795 680
583 912
1685 728
1618 259
1460 1216
1573 321
0 1242
999 1313
1702 1691
1638 223
1496 1586
1005 1352
1581 1612
561 102
141 475
1065 1144
35 298
87 765
1461 1476
643 718
1081 280
165 1688
1538 473
1608 572
1618 1255
1139 1509
433 363
578 1576
1709 59
1796 1573
257 459
529 1077
651 680
1416 555
763 432
514 1158
426 1710
1698 1001
942 1141
812 60
731 1677
1536 1756
1781 1227
1601 1575
904 215
594 213
37 702
1065 1442
277 1372
200 1087
1415 1612
362 1221
678 1369
928 94
1803 1340
841 399
1032 844
809 1752
711 1852
156 226
421 478
1072 410
841 1553
311 692
181 768
755 1707
1534 1038
83 377
1609 482
1496 1785
1041 1128
1041 299
486 1252
1383 1658
1758 905
1298 1548
1440 1463
816 1358
335 611
266 581
824 1728
254 1843
1535 477
1595 979
364 1568
521 1690
1815 59
1430 648
1845 560
449 353
1017 1684
1708 1614
368 298
1825 28
1329 18
724 604
1801 809
363 627
393 164
37 1273
336 1660
1552 1838
402 783
775 667
125 1745
1415 1459
579 1552
131 89
1367 612
1628 1380
811 999
1011 1660
1149 915
168 608
1855 1179
1457 1156
505 443
1150 862
679 1031
1264 798
246 952
414 514
1177 1069
475 1759
255 1809
1016 1082
1577 1802
1733 255
830 501
321 916
892 1774
180 474
1592 269
802 1092
1424 575
1824 501
389 315
46 499
631 685
433 273
1571 503
828 1229
116 997
274 917
842 470
5 1823
181 765
59 460
1340 1632
1263 266
1213 1548
574 272
381 1853
1784 1045
265 450
20 954
481 1812
1083 292
571 867
1075 977
236 302
1416 272
1154 859
453 1245
1777 1217
382 1612
125 540
260 375
1063 1047
1424 1790
65 1346
1383 1098
1656 699
898 1745
1375 329
719 735
610 361
1811 1516
543 1202
144 360
534 1389
173 905
1579 110
1716 308
178 363
1514 778
1589 1389
1422 1810
1754 691
1502 154
1383 534
1191 1276
319 762
1837 1187
492 1527
857 176
360 363
388 1344
1025 898
1226 249
597 658
222 611
1532 288
1244 327
48 16
112 792
368 537
1705 65
1304 1549
1155 538
533 1674
901 1461
1709 1696
1149 1266
931 922
1068 1290
848 1171
989 1427
2 1793
1206 1771
43 507
608 1728
451 1305
839 572
355 192
447 61
1838 196
1276 710
1259 996
661 202
919 63
1609 808
896 704
1821 233
306 1037
1201 1731
648 894
50 269
868 350
752 1362
1677 1595
465 1104
1462 1211
1368 1095
1501 1173
1398 817
333 39
828 935
1453 1797
942 1513
989 879
1699 140
562 920
1682 432
128 424
442 1450
1110 764
692 1370
1463 1114
999 811
1525 48
72 853
17 114
1356 755
909 683
909 1234
1217 1482
116 1518
1441 171
968 766
331 1355
1717 946
1214 659
125 381
36 876
1502 683
799 666
839 108
965 1447
1575 46
1184 920
797 172
993 224
1746 853
218 1212
1790 1367
1619 494
1821 532
1092 806
1390 172
520 1686
25 1847
1182 639
1834 1455
450 1793
910 1134
998 1755
1616 1484
616 556
375 1304
1352 140
122 1346
951 1185
1095 884
498 1480
258 1417
725 954
91 663
1589 1545
161 760
1743 485
1342 1343
440 1593
1616 384
1156 847
978 318
898 320
1440 1704
272 502
1262 1554
1107 464
120 225
1315 1434
290 1288
895 1145
884 1095
1772 1421
1756 1647
21 626
346 889
1632 216
973 1042
1590 1329
1005 1273
688 1349
227 1431
1053 1804
1589 1439
1762 1785
115 1413
666 921
311 1053
1047 1663
51 239
1573 379
1804 1499
593 1841
495 895
1559 1729
43 1296
163 667
1368 869
1019 596
915 1491
70 948
1029 1117
1773 1583
923 1132
1100 1288
1040 1274
1794 580
1435 1409
528 705
1575 784
1141 1005
1469 1635
1262 1070
112 1093
1129 939
1464 1320
759 1212
694 1803
329 1136
1099 466
638 497
502 884
1203 1498
1451 1187
1119 642
20 156
1084 1149
1839 959
1265 808
582 441
583 1192
174 588
420 807
1192 1789
1615 436
1528 1295
1852 620
1445 534
547 708
91 1396
927 209
764 1290
844 1673
544 1854
8 591
1617 1600
1758 1501
1646 1513
743 567
1314 434
921 411
921 1033
1343 316
1578 39
878 1033
1387 1743
1818 413
1096 563
642 447
497 877
1342 596
164 1262
467 3
240 1379
1074 977
1469 321
1645 857
573 1509
306 484
1825 666
277 908
71 1568
1328 662
135 402
112 1305
1808 1833
1451 1569
1258 203
470 51
643 218
1071 1187
1513 484
1852 325
397 25
344 462
666 1245
306 1525
393 1063
1648 1389
52 617
911 298
1446 932
1563 1138
1349 329
1560 1052
674 1678
642 1118
788 1605
490 714
139 186
565 727
1078 1218
1295 481
64 989
114 1651
246 606
326 1420
70 0
802 1103
713 1465
78 1681
890 180
406 581
1848 206
906 1266
651 1817
70 790
1425 1293
1543 576
1535 1040
396 959
152 1351
981 210
145 864
750 738
1752 1345
687 716
913 504
1611 158
644 989
1061 1322
1388 500
615 1453
1559 338
716 1277
970 829
683 1168
1510 742
1438 93
984 525
1734 484
1595 1455
913 820
795 1743
1725 1647
234 138
570 656
931 1413
1436 1297
1755 1033
1547 972
74 1658
1377 550
722 99
1754 1074
123 1482
180 177
78 166
188 931
1154 936
4 740
528 1447
1100 142
68 270
237 36
434 962
29 98
395 1438
191 1015
455 58
128 774
1509 1076
323 682
230 563
1686 412
1816 1630
609 512
1128 1075
1041 1253
1742 1424
1553 586
135 351
1436 1070
736 484
1660 931
458 745
180 443
881 352
1168 54
1572 619
332 1272
219 1668
1471 609
970 1123
8 271
1781 228
43 1535
766 1818
1724 347
1206 89
1204 1321
483 1610
553 879
435 1670
919 1260
357 665
852 1228
1725 1353
1410 1475
1038 157
1521 1270
594 208
1064 1732
245 1400
125 600
27 396
366 1134
1546 1649
557 790
101 1671
1518 856
1201 1541
1574 704
1626 359
1720 725
1646 1467
1849 1489
255 1674
892 433
1378 1450
805 130
1318 963
1702 529
1595 1651
1770 106
292 228
1844 1374
728 1642
1098 560
1139 269
825 317
1656 1585
34 1713
635 831
1823 707
1746 1815
350 307
1823 373
82 939
1038 941
208 1712
1043 1456
1288 532
696 439
1494 426
863 1296
763 1539
1559 1402
150 972
198 1288
319 501
1528 1488
1136 714
1339 1836
963 421
802 787
575 1533
1578 1366
105 316
614 623
977 12
1291 151
1645 193
973 1444
1612 1178
537 1595
1314 1809
1151 796
370 1022
42 532
21 1101
145 1309
837 1243
1483 79
156 1246
989 318
563 168
6 1109
1103 1038
1722 1507
881 1256
1525 1672
1750 1652
1201 1343
791 49
1750 535
582 293
1678 1407
889 140
876 1228
892 428
1058 249
232 1153
716 121
462 1517
1599 145
744 1548
903 87
455 97
713 605
1719 1049
34 997
1301 1360
1571 189
1313 1460
1489 1059
1833 1314
1520 982
291 1074
560 951
1721 603
1618 1324
844 499
1673 335
1844 1671
772 753
1301 1214
1142 860
1308 485
1639 1656
174 224
1758 1508
717 1478
671 1089
1467 1819
1087 1823
1009 596
1308 85
391 455
383 1311
1351 984
441 128
1801 246
877 1586
256 1850
1721 1272
501 866
1192 1747
677 942
841 586
686 1123
1524 664
652 619
435 1196
1454 1605
115 1655
744 861
803 1401
1071 844
24 1606
1758 531
52 1569
1078 1504
1719 1457
175 1084
1507 881
607 752
268 750
91 1786
1003 40
1460 1436
176 1300
642 1691
878 1739
515 451
174 1341
995 294
566 1549
1142 1850
824 649
1606 383
276 430
768 1823
1280 1765
1483 713
718 361
632 314
179 1559
389 353
1817 1339
1171 277
1486 1436
133 1755
1394 767
702 105
1811 1710
287 670
388 1647
791 1704
1164 955
462 567
1580 534
366 945
1404 807
478 740
219 1372
1425 521
889 339
231 872
941 1434
1094 621
1005 540
457 809
456 1532
973 72
1374 1125
1593 1444
1001 163
1664 1026
468 1403
754 202
1036 1366
1767 1600
893 1074
1491 73
1158 1488
1311 1085
29 313
130 293
622 1179
1014 1159
1305 1345
783 1104
207 810
1681 1104
989 191
270 311
570 1276
403 881
1073 988
1803 1302
947 1633
1229 1142
279 582
1352 381
391 1733
669 1438
1589 1544
450 972
346 1119
615 483
442 528
1003 1144
701 537
1841 1337
384 1468
1130 807
1413 1175
1778 1406
823 686
802 1637
638 1389
730 1055
1065 294
1499 751
1224 327
955 329
650 482
1555 948
1458 1739
1760 1544
1067 766
11 617
1116 909
1327 922
1494 614
104 624
1552 25
1003 1217
1235 1123
1851 1732
482 160
734 1345
508 974
463 587
1616 179
406 1589
545 1377
111 1131
1088 213
1694 73
1641 1420
529 1820
1811 346
94 927
1328 1183
896 1580
476 1181
1324 737
683 1747
1532 422
1019 633
837 787
778 1508
577 949
1806 1345
1427 764
124 1188
1511 1154
494 4
1122 1431
102 355
711 1667
1452 1772
919 874
894 1813
1065 712
1073 999
521 456
1717 1685
1352 613
111 1460
567 507
1214 1706
996 1517
249 1733
1620 598
1476 495
1764 502
1499 1733
1145 1043
1366 199
426 1799
132 86
708 917
1430 380
690 605
862 594
1042 1572
1419 833
1722 1791
875 1605
436 978
437 1281
1563 852
1020 716
852 531
427 1315
878 598
1628 57
1726 544
657 1699
979 1231
598 693
1112 905
489 245
869 1315
851 639
517 523
369 849
919 221
717 1252
1801 869
18 941
431 1289
519 898
1267 1418
16 1729
1043 284
275 776
386 7
1281 1621
284 959
322 1810
66 1585
155 1201
1405 759
157 1084
432 1781
912 1068
962 1091
1197 1668
1717 1395
1765 883
1337 1827
1764 1221
1309 1564
93 918
1190 842
866 1569
833 608
1022 1832
1819 980
897 885
310 610
454 614
856 1480
1510 1719
920 329
1125 1351
65 1014
264 949
917 299
248 684
1653 126
347 954
1512 1088
1229 1618
335 1076
562 971
319 989
649 79
629 1743
1174 1287
1576 977
1251 1429
181 1180
944 275
132 337
1317 1028
399 391
528 142
1434 5
1676 153
1788 1107
1163 1444
268 1437
142 1000
1576 851
1299 1240
384 1299
862 571
1226 577
89 66
927 853
361 689
459 957
928 1656
1008 797
371 1108
521 34
322 108
552 1665
387 586
1017 246
1642 1199
1674 898
1113 324
21 513
432 576
579 1613
554 1020
963 273
1370 1596
1222 657
299 1353
797 818
1675 1244
1142 749
1312 1608
411 1221
109 1412
1216 1776
1392 1527
1820 685
520 1082
908 160
1274 1073
64 1124
1095 1308
1707 395
1511 957
1397 502
500 1255
1272 735
929 1135
1751 204
1248 924
61 53
1466 962
1038 239
1027 1470
1086 1003
1854 1847
625 552
991 220
285 1291
307 1308
1651 1674
1596 1335
1488 167
1455 890
1388 607
346 997
1087 1007
1553 1319
970 61
513 623
783 658
885 774
1238 408
1714 957
541 1322
1292 220
1793 1597
1110 1807
360 5
1732 1204
1752 1137
768 1039
938 564
811 136
1199 113
1574 741
685 1241
1409 737
560 224
1454 621
165 476
918 1769
16 434
901 683
656 1731
412 735
1348 1
1432 339
541 1229
1041 759
1668 984
794 1756
1668 1422
219 547
940 1507
26 367
1038 345
533 816
1523 212
1291 679
269 173
301 1250
1046 1794
312 54
1502 654
1308 309
438 1804
1297 822
1408 1061
1251 1828
1338 1614
1480 442
1642 1044
568 492
821 1507
863 461
1268 1166
1733 1813
795 1729
519 845
1048 568
165 827
95 1673
769 569
1437 725
1029 1843
653 356
155 279
1048 207
401 485
1586 189
1668 1371
225 16
1642 1236
116 1720
121 727
1181 82
3 1607
1497 942
1407 1516
1431 887
328 1581
1685 729
1532 845
897 1792
1397 1472
707 313
1647 1583
1226 1555
246 1328
975 1146
1457 1797
920 301
431 779
987 506
774 90
1661 118
1392 53
954 1072
886 202
1335 472
894 1273
808 493
506 995
663 673
1839 201
818 559
493 61
707 297
1322 1204
641 1597
814 1731
1506 479
405 113
738 1004
189 1426
1805 1305
1508 512
1780 1544
324 40
1671 114
889 78
28 1737
845 212
1365 67
788 1323
1162 600
1707 314
463 1731
229 1592
1335 1191
78 1292
549 673
1454 944
245 183
280 1497
937 1391
1105 108
984 333
859 64
694 473
1389 1268
12 133
512 1383
467 421
1065 1085
102 1542
571 1338
1132 644
802 371
159 924
1181 391
757 1102
1219 980
781 309
1852 1463
31 1080
443 1835
394 194
576 1725
1700 1568
1206 1155
1772 1485
1472 125
248 409
1349 1659
475 1209
189 441
1518 1295
971 272
1542 352
892 27
784 211
1452 167
617 737
502 1132
1247 694
1820 464
630 667
1173 1281
158 713
760 1380
168 949
361 1158
190 824
1219 76
394 1649
808 206
1575 178
942 527
606 727
357 133
986 589
824 889
1664 1284
1804 1661
29 346
54 38
555 425
281 1552
946 1110
107 850
1206 1584
891 921
679 526
1527 755
1234 706
1708 1723
979 266
229 23
131 685
1077 1750
187 1540
1826 829
1230 1850
168 1779
352 1693
1128 18
1729 1708
209 1096
1132 1194
279 697
796 1112
1268 278
1653 132
1240 387
455 655
750 1624
567 1608
1002 629
1013 611
803 932
899 336
1688 1551
102 1053
5 417
374 662
1109 209
467 1792
513 134
1216 918
624 947
554 335
86 1171
1482 1687
952 622
1685 1664
340 1600
503 1516
179 51
979 1126
718 1676
407 835
48 946
931 1393
896 827
1595 942
86 339
1577 1319
765 1280
1055 570
987 886
169 865
646 297
1616 456
1603 1079
584 599
1023 166
932 1818
813 1601
625 1232
351 1044
451 1836
435 608
79 756
1087 716
338 587
1641 1229
899 448
414 860
292 397
1493 853
1390 450
1665 653
1702 1046
1469 758
1685 1209
346 1552
1590 1580
651 1270
885 992
428 1522
985 406
1375 1537
1186 1440
1539 261
619 1386
377 1665
1334 364
309 794
392 148
726 209
315 489
669 39
1759 59
1463 141
424 457
1326 1670
615 1574
154 1566
961 645
481 479
1272 849
190 306
555 1291
1277 241
1012 165
1362 1116
380 185
1794 920
1530 324
1453 1743
1604 1078
558 863
1835 37
1774 975
348 201
406 1156
1536 367
1472 38
1130 1676
236 1605
279 1453
295 28
1440 1541
86 1428
54 1013
1159 652
833 136
637 137
856 1453
1705 226
26 492
830 1758
927 953
1373 1807
20 1093
320 1246
585 1423
1187 181
780 1664
433 1310
201 1632
1462 1780
532 1667
1692 149
1473 453
841 1251
1320 70
620 814
1061 494
25 207
668 1331
625 208
1478 1765
501 678
815 362
497 561
1383 634
614 1117
703 732
1330 979
1256 633
1640 1071
748 810
1461 1847
1720 233
242 1275
1399 10
566 936
1082 613
662 1457
1281 970
1286 1382
193 1518
1797 1225
1517 474
1054 597
1167 1487
1694 66
25 1364
1495 1082
1833 350
729 775
558 1525
1632 1472
1047 603
1436 986
1650 108
1627 1853
1718 1400
234 1390
1565 1411
1275 172
1196 904
19 1465
134 695
467 1756
496 1530
605 842
1531 779
523 379
1263 1498
1470 1527
272 190
590 1438
485 15
1367 1478
347 716
148 314
578 1483
177 1233
308 1732
1158 1373
348 32
1123 996
739 1224
1851 832
601 1379
1321 1797
32 752
1636 838
254 671
902 662
1507 1749
608 1576
168 235
1638 1841
451 1045
606 1790
69 16
824 213
759 725
1083 1224
50 780
562 418
1746 463
393 1820
504 256
1597 878
1324 1523
1830 1416
151 1418
401 757
495 1161
3 463
1627 251
900 741
104 1671
1314 1020
979 1056
1792 55
1820 785
1491 1673
1102 997
311 959
217 1110
222 1794
1780 153
928 702
1664 1529
1188 579
1375 1251
680 1002
1072 1731
528 1097
158 249
419 131
804 1416
1018 981
974 1735
1268 1143
1844 467
607 1228
1628 223
87 1316
968 1121
1805 669
1558 1663
1299 932
444 1272
1194 331
1024 508
1787 556
997 1329
1374 695
1760 1643
348 1476
357 1689
1616 1547
775 442
1656 928
921 293
387 1652
1711 1010
1048 1364
1604 686
105 378
342 976
435 1517
322 1004
1477 1598
1041 1702
1509 931
438 824
652 184
986 1049
229 1208
1847 154
278 107
457 577
353 517
616 1224
128 1588
1490 139
549 535
748 1002
747 1565
1629 57
920 1732
697 566
530 1537
1729 394
698 986
1728 634
715 1624
1669 239
1167 799
713 157
986 118
780 1374
1032 478
605 677
1178 1087
420 538
1196 721
1558 718
322 866
325 1490
406 1672
99 1641
156 481
357 438
415 1764
1037 1767
40 1140
478 789
1338 1041
417 551
370 1048
1553 727
549 1010
169 753
680 1022
782 1075
834 1360
1431 287
1334 768
1026 1835
339 1258
903 617
143 231
108 48
612 1276
1623 43
412 1
1290 816
374 171
310 1844
325 1644
1200 1
1821 1188
0 754
823 1187
1434 1538
1766 782
254 1600
1548 200
959 1464
1271 197
1310 888
1855 1281
1161 217
1268 246
310 1177
795 940
1748 764
1778 1709
513 783
1000 1026
1539 1520
4 502
1469 996
463 818
164 1347
669 1505
715 1001
288 1059
536 253
250 160
547 300
1734 1771
1092 406
1613 776
942 1272
871 1271
15 631
618 1484
1550 1344
1242 179
170 1095
694 1307
797 376
1421 340
563 457
1528 1557
931 1834
278 1022
1133 788
557 944
1063 1549
366 1503
1185 1234
362 279
1146 326
1621 1501
981 1821
857 3
422 861
1646 1426
619 1729
1821 922
375 651
985 806
436 1474
181 917
544 1807
178 1781
186 1458
1489 214
1433 515
1591 196
1435 1335
529 833
834 268
162 1210
596 220
337 1246
1166 947
111 807
365 1265
617 1489
1529 964
1619 2
1810 11
497 1461
172 1117
1305 1024
1450 1439
1013 495
1754 814
1086 503
1621 211
606 1681
1316 185
676 1461
1758 326
1207 1310
217 581
635 1809
928 1606
315 1798
987 1027
1279 1574
1813 1725
980 199
1675 301
428 346
1240 1663
1179 1489
754 1794
430 1713
770 450
358 1702
948 1850
130 1630
1184 281
1766 1772
1312 1670
1308 1092
1558 119
1361 920
1615 1211
481 1356
1046 1259
996 39
971 1238
824 150
670 1063
1824 53
1554 1689
1198 1418
527 150
866 1630
466 1005
696 756
198 32
250 826
1650 31
1223 666
241 1060
810 1400
922 328
338 380
720 425
317 661
526 1769
7 1749
1193 1455
1157 1779
93 743
1773 731
1377 1196
1339 1578
415 1569
811 1333
308 1501
1683 101
1371 1642
140 1566
668 1512
140 292
1727 584
1566 39
1015 1580
1568 759
962 844
232 173
1377 1314
1116 410
1378 117
467 561
1771 471
339 1758
128 454
660 145
164 828
886 878
1609 1183
645 194
1115 620
1240 1224
499 885
136 1765
665 1783
853 841
775 326
1451 375
942 816
1698 489
396 1256
945 196
279 944
865 1093
1554 1550
712 1838
1321 1158
1344 934
196 214
1060 1506
1153 195
1474 1459
201 715
1509 122
809 1537
1374 1650
1831 1062
951 1692
165 1690
1404 1231
569 1071
299 92
652 1583
560 640
340 980
621 1018
214 551
517 1204
1085 768
792 669
949 1375
1083 1794
1392 229
832 688
1254 35
457 633
1828 1176
420 1235
344 179
1465 580
1331 330
1067 28
928 1732
837 600
148 591
1114 1802
1240 235
1571 1239
859 388
46 1488
1371 889
266 792
602 813
1565 1471
1114 1761
1684 1088
860 235
1095 1030
1613 1084
1176 1310
1525 338
1174 515
199 929
1318 225
379 21
691 1497
943 1572
1552 473
1788 1797
1015 1792
1136 908
1634 1670
6 499
308 324
982 1474
715 1539
644 961
1735 414
1471 469
1498 6
972 1294
292 291
1160 327
760 1602
1255 414
38 469
618 1135
1347 268
1281 1149
674 1717
852 711
439 979
170 727
69 338
271 1247
1334 121
798 563
434 1076
1726 1095
1588 19
85 145
14 518
961 496
1729 107
426 42
309 1714
1374 855
243 1478
985 783
1172 176
1067 1045
1754 496
693 1264
1600 1135
385 1528
470 1423
1762 311
1207 1468
853 1383
760 1448
188 1427
1590 1661
1290 1338
1847 1221
350 1324
1466 24
557 1427
1223 1601
1265 305
1085 1031
1046 1266
1264 989
26 791
847 1378
935 1189
1120 1414
443 22
314 694
1837 873
372 734
555 155
106 428
568 1091
312 640
1644 164
1473 133
810 227
874 1396
869 318
1347 65
325 1421
1077 234
38 10
830 654
1046 952
1195 1723
1428 1653
52 351
841 1374
624 1157
1330 1612
198 1251
465 1798
373 1012
663 1644
1517 1490
1492 906
1693 633
34 945
460 684
1502 1787
1278 926
143 871
1504 1651
1414 1492
816 209
1019 1678
1556 926
206 562
1049 1679
95 241
1126 469
1267 1444
1488 661
1525 388
752 210
1645 47
1423 487
1098 281
135 942
516 1092
851 1730
1712 1001
906 1318
1583 650
1706 367
513 1136
482 1615
1002 387
1460 475
976 1557
771 45
1475 1061
1471 215
1702 624
1618 1346
779 185
1498 939
525 262
1558 976
1243 601
1572 1669
353 1468
910 963
1040 773
969 255
813 450
1826 1242
1254 1668
1842 1790
1635 506
867 1425
350 530
1137 1737
742 1421
1264 1555
1111 520
1055 16
1594 1508
1416 1771
1516 1772
748 751
775 1480
273 151
826 151
1385 230
1266 1474
25 1212
500 469
1653 400
1264 1243
1803 212
1477 90
719 1068
1741 1704
686 1715
853 105
914 1399
39 1065
1012 1415
1241 1333
720 751
1089 1110
1522 1684
427 1601
1850 864
1673 932
97 501
967 1140
193 1075
1319 1036
165 544
632 99
596 470
281 1805
1374 1491
968 871
1566 1235
678 1854
1632 959
1717 393
526 1611
307 538
1264 687
835 618
765 1012
663 1546
818 377
1551 1687
921 1107
276 1069
1085 202
1132 1116
476 780
198 655
1524 1718
792 665
1681 1350
1646 1248
165 464
1561 193
884 293
121 147
1522 1042
449 963
923 586
363 393
1081 12
250 1372
1469 464
434 858
1819 819
1511 755
791 721
514 766
962 1018
1445 896
589 1709
1075 318
468 433
1252 978
536 1622
381 1359
1459 1087
1492 1096
1569 1304
972 1657
298 198
548 561
1523 119
1294 749
1705 189
1078 302
149 653
705 975
447 983
1086 1367
1611 1171
605 1723
1844 1123
1293 1513
304 1260
1638 998
751 493
298 825
1023 1570
967 831
68 773
1513 911
304 684
1230 1249
1637 497
1806 1757
1643 810
950 1448
831 547
712 188
812 449
810 1273
1146 723
658 724
1552 1074
225 145
567 802
397 888
1395 1095
1566 1513
923 530
8 725
905 465
593 1576
859 70
153 426
709 685
1170 16
421 1019
65 1791
1123 192
261 414
144 274
175 1491
1787 48
476 469
797 1514
442 959
798 1691
494 992
879 1479
769 626
148 284
1077 1745
551 947
1455 1308
1323 671
1581 520
377 1640
1150 1309
184 216
757 1066
1139 1258
1616 639
1499 1055
997 95
688 309
336 1731
1639 736
596 1610
846 75
669 54
481 241
814 923
1554 1668
860 52
178 506
155 1836
1821 144
579 937
669 969
1756 253
1393 1624
290 1612
958 1245
1650 1547
1693 541
1759 867
1269 1674
1752 833
1021 1545
1756 1542
369 1668
856 960
961 1571
671 322
995 247
879 482
1385 283
430 1268
444 1314
1134 1726
1245 1353
216 250
1845 404
196 340
1749 54
1556 1618
1652 1185
1822 422
1331 1502
1835 415
134 281
1810 1164
803 1663
1207 41
1179 738
1206 1123
1038 1254
523 934
1617 636
349 992
1499 1268
533 1724
506 1263
1703 1431
597 76
1753 471
317 1455
474 443
767 1038
328 117
1780 1262
955 155
1045 217
1088 1057
387 1524
1613 75
1574 1777
1402 205
1378 1064
1677 1764
221 1787
175 497
589 998
1648 471
1668 288
1258 1273
77 70
1117 440
109 1829
1770 530
110 1702
163 793
603 529
245 1299
1562 1812
86 1786
573 1587
1717 1355
657 1069
1603 1267
770 261
876 1138
972 999
1664 532
9 3
156 134
208 977
1588 345
1296 907
50 398
1801 573
1331 363
1248 1837
1043 375
1434 1300
710 143
227 919
1106 222
874 1420
1149 1453
477 1013
1813 819
1170 1369
1062 1099
1419 1227
1154 888
1564 1117
412 1198
884 1323
299 34
1 229
138 1204
456 1097
550 896
483 189
1067 869
362 1197
1635 1105
870 796
1783 1439
1440 1301
333 1747
74 993
34 354
705 34
664 165
207 1059
970 210
1611 761
1579 1401
67 1694
1310 936
1227 1451
155 1744
1497 849
463 870
1614 1165
351 1786
1324 1708
1356 1400
1476 239
83 1478
1496 1358
750 771
1025 397
159 908
182 19
510 640
732 1644
1626 1465
508 191
1395 467
765 258
168 1703
1731 1599
1140 915
1532 1329
553 222
1150 237
1411 1406
660 181
681 392
1427 1070
1351 1352
248 356
247 880
1626 813
875 71
1451 1274
833 636
1279 76
613 190
520 1372
1498 335
660 1694
1784 628
981 671
1705 1590
1656 1436
1075 651
1816 1493
487 829
721 1024
1443 1706
1440 556
603 1064
54 314
382 1167
275 1314
1489 723
277 1631
1634 1215
4 935
232 431
589 337
384 1020
1039 1158
231 72
765 1495
1261 1452
1009 1629
681 1798
114 1168
1516 558
1196 663
536 1038
1221 977
482 163
225 853
652 688
657 48
1223 171
1538 752
51 516
1056 456
1176 993
1163 1808
759 1342
1674 954
1597 1756
1396 825
1160 51
955 405
737 1554
1069 203
837 1617
587 87
1027 1674
105 1582
1685 860
1211 467
925 1068
585 575
1599 717
698 970
1830 664
1742 1252
62 481
914 1442
166 1660
214 1062
887 1852
45 1001
325 369
1837 1646
411 100
361 287
644 1711
59 1513
1308 1116
649 1443
457 1470
1095 79
956 1044
1063 1608
908 20
1630 1682
1748 849
1191 662
1839 1420
819 74
1388 1454
1620 1155
1529 1152
222 1509
1778 189
975 858
958 1666
919 226
1733 792
450 1608
955 1552
1212 870
1687 476
147 403
266 1586
1834 1574
48 1208
1173 532
1000 775
924 1544
1849 694
1775 236
382 565
1128 513
1109 1573
1771 884
112 1394
606 1389
572 1236
1577 1359
439 392
1776 609
1091 332
415 1567
20 582
600 900
855 709
518 1780
1804 937
1087 428
349 1097
274 383
509 908
1454 116
545 1764
1627 1157
1249 30
1822 1820
1140 731
36 587
1812 110
178 1808
109 927
1200 1346
805 283
99 1187
882 698
1582 655
524 379
633 132
1286 933
387 1097
201 508
206 976
151 550
1183 849
1217 662
852 485
157 115
194 1252
1273 86
1423 649
897 66
1106 336
596 725
1076 789
1721 1309
1800 183
210 641
169 1462
1091 65
1091 543
593 552
1803 693
1039 949
488 58
1781 1569
484 591
989 525
1546 757
494 534
190 1580
574 437
996 583
23 1390
588 1150
912 346
1064 1723
728 1038
700 1815
1630 1264
1075 1295
1686 314
1104 288
900 796
453 1463
559 201
1064 836
165 916
858 461
1748 901
919 1135
697 1471
266 1447
529 167
1730 1107
808 1336
392 56
859 1084
710 1414
1516 1560
1468 46
1764 1256
1026 748
1085 224
62 393
1562 830
1267 888
1464 28
1418 1808
1842 389
1246 605
1108 757
1309 640
1843 857
1018 1547
370 109
1115 188
1069 364
668 1398
1077 1813
450 729
1189 1839
657 378
1278 870
631 175
311 1293
358 1473
594 1819
1583 1168
1021 977
1636 1774
656 1082
161 144
515 352
1608 1360
364 1703
1530 1821
154 1363
804 1540
1145 427
4 382
1019 1831
121 985
377 1149
424 1200
125 825
731 380
1279 1310
216 947
268 1308
969 1771
1024 1092
550 17
1650 848
1083 774
83 99
1829 1452
1830 1720
1727 1773
295 941
292 2
1401 247
421 760
276 1333
359 1680
1836 1368
465 793
1446 889
1442 1222
147 885
254 168
614 1550
974 1339
888 1138
1334 665
1162 1541
833 1508
451 636
1684 220
1139 549
1268 857
972 709
1097 827
1341 753
44 1565
1540 312
980 1617
1822 1848
1346 1622
316 1437
1133 612
1464 116
1222 1027
962 1520
561 358
1135 360
467 827
1393 654
1562 1301
530 538
1086 86
730 700
1560 241
1716 1215
1624 224
1520 208
220 1475
400 1213
84 1692
1554 1465
1766 573
1408 73
1805 1695
1218 862
286 1449
401 1731
439 1324
392 924
1118 123
474 1002
512 429
1817 188
390 1010
1797 1664
951 1674
193 1318
1428 558
439 1367
1797 918
231 1343
542 1565
204 965
1560 35
527 185
656 131
733 1793
1336 1086
1216 36
916 640
885 482
1823 787
1333 856
721 1301
1271 396
992 1341
1477 922
1382 241
662 770
1375 1284
1553 993
458 1266
1486 18
1572 365
233 1587
126 168
706 1103
620 1650
971 1421
752 982
1844 1092
365 1473
1106 100
931 1251
1068 1773
1155 1767
804 1756
43 472
1795 789
1674 1326
279 1756
85 754
1267 1764
479 1402
1809 1308
1517 540
1570 202
128 163
1733 527
1832 633
541 1070
1527 828
1487 1277
1225 87
335 1805
764 139
327 1553
1327 1712
284 914
182 1331
620 1045
1764 469
1378 1211
142 1
1734 610
122 1613
745 1669
1271 150
1269 497
1834 1016
321 1652
1679 978
1232 1444
676 1390
996 1251
1099 1427
942 885
1552 1264
1108 704
1589 1854
1816 822
1018 1427
475 956
758 610
224 102
374 1266
1452 1080
208 1729
1418 865
110 130
698 1510
880 549
1360 271
693 1701
1451 1359
896 1597
502 138
1441 650
1701 1123
856 747
658 112
1087 854
1815 848
251 1243
1576 1593
1771 1622
226 1455
37 293
981 1423
1619 1275
1552 1438
1435 1236
1639 883
1557 164
1172 158
1418 1195
192 1621
1623 1852
342 1027
1079 1083
1610 1597
495 1390
1745 529
1073 841
1445 712
1113 496
579 1846
1741 708
409 530
913 25
1053 466
1023 1811
422 724
1163 748
925 1538
702 854
5 906
1571 1794
1808 219
1659 484
557 1081
1433 1192
54 1454
1587 1352
1760 1663
469 1855
351 693
1453 711
96 3
34 1684
1270 1380
1313 821
1703 706
1591 1207
985 1723
1099 819
5 523
1527 231
830 977
20 28
1247 1086
767 1
1636 1404
313 779
1570 452
594 637
356 1565
1463 989
668 493
337 959
916 101
1543 1217
444 1741
283 1142
1101 862
1504 236
427 1155
1267 1568
206 1786
1649 1199
1725 1048
1685 146
532 1475
1341 599
1487 330
1688 559
175 1567
70 354
1430 585
1761 1179
1130 1290
821 240
1655 1531
819 1357
1272 1383
1183 110
830 1619
852 196
510 1735
1483 840
966 619
1598 41
851 1224
886 630
1595 946
1267 1524
1293 1329
658 1713
1523 413
162 256
1426 952
1126 954
21 843
1199 585
463 183
771 1242
501 1514
1183 604
1082 581
1717 1773
919 412
816 1654
623 1147
1386 1813
587 1589
1051 1512
1297 1332
980 629
1507 385
352 1399
959 1455
1087 994
1840 499
1024 1427
353 1726
1756 903
486 292
160 1074
1754 848
254 914
1711 1014
595 1669
1805 1826
1352 834
715 1803
721 1112
1678 1717
350 1815
1539 1740
56 1375
1584 1605
108 219
1469 0
1392 1293
32 1092
1559 1388
416 1608
1692 442
804 221
592 1689
527 1429
1092 1828
1040 285
1041 1607
1288 905
426 443
425 1849
1026 605
126 1673
27 1135
820 742
1634 932
1790 751
891 354
118 1098
909 206
1343 1533
666 34
1708 422
1482 1683
934 447
61 967
415 685
686 1153
1501 460
1283 240
1463 135
104 1363
1704 725
783 900
1029 1643
1073 218
173 725
484 180
471 1008
924 1285
1684 848
645 1141
1299 222
216 1034
536 1315
332 900
960 175
734 1485
835 841
1669 1775
1128 512
1557 56
251 1305
661 1292
1748 1252
851 1837
880 234
788 1802
22 1724
1139 457
1193 1264
1679 1654
956 1581
420 1162
1320 1363
285 1534
1845 762
867 992
450 384
555 384
1525 467
720 1717
500 177
398 397
1111 118
491 1138
1480 1840
469 1027
1235 1623
1049 217
919 289
1247 727
1155 160
818 1376
1295 1002
633 1351
1575 1309
675 1255
287 1391
1487 1618
1402 68
1653 193
1059 315
1014 1008
968 1190
1693 1683
1001 1223
784 231
642 773
870 1674
1345 355
1577 256
1707 969
288 1238
399 238
714 532
616 703
544 297
1450 983
759 1298
1594 775
542 347
722 37
881 884
927 1348
213 171
1374 1671
383 932
642 603
1123 1667
1067 1554
1437 1673
958 922
132 1496
554 1066
842 1411
1122 1329
36 1769
69 1789
277 737
578 1041
691 831
1827 297
997 1417
120 214
1506 1553
1365 526
1003 1128
783 829
1345 249
297 689
1416 1115
997 1399
577 845
1343 927
740 111
1787 1428
652 1800
684 1172
1488 1267
346 32
475 1608
1154 1755
1552 1424
1077 951
1516 76
279 365
643 1734
1773 1211
243 1741
1621 1248
445 1619
1819 60
1352 799
476 721
1348 1220
729 180
1597 682
584 175
156 1036
1466 1065
1328 879
994 1670
950 1619
1805 561
394 1516
1285 1510
1209 384
1356 1100
382 48
1724 1244
55 473
571 1756
1823 443
1775 561
1796 1040
917 797
26 446
1742 235
1802 122
240 853
113 1319
1799 1352
1108 142
436 1175
76 1783
822 668
164 623
612 1
789 67
1406 1390
1852 300
1698 882
170 252
1400 1040
1488 1299
1424 1231
613 717
967 167
515 1052
1390 1319
1666 43
653 1385
1752 1448
1134 123
1402 1367
1782 323
34 710
102 847
477 613
1426 7
1498 366
1438 150
1645 478
1139 534
276 1103
56 660
826 1380
100 982
268 1639
1378 1575
1159 1328
1838 1034
884 200
99 1043
521 1826
1075 801
1325 1118
1526 752
584 1264
1600 1845
1389 629
359 80
843 1055
148 856
1733 1567
407 1786
57 560
1059 1364
1792 1613
1521 553
1815 231
1323 1328
1641 803
1303 1671
406 160
1614 1431
856 1100
850 1372
1551 480
870 1451
1645 1189
1568 1565
410 1492
1561 1132
1608 1834
453 435
1573 632
1776 1620
911 97
747 99
489 142
879 817
1380 1498
1216 1624
811 1365
1616 107
344 1685
1011 1784
1367 1237
406 1022
1390 454
302 851
322 1214
231 1783
1730 718
251 156
1595 679
218 1672
1729 1332
844 1387
1370 960
813 650
696 567
776 12
1538 530
1533 1168
976 881
547 1847
796 1260
731 978
736 373
537 734
1820 1008
291 361
826 1265
815 1721
1529 222
140 47
1608 1270
163 580
516 823
1234 1207
1140 604
905 1558
465 1283
774 1584
815 623
1145 799
759 757
1724 970
1632 1357
313 532
959 219
1523 1613
915 282
1041 423
1670 50
61 769
983 1088
1098 303
807 1019
1193 74
113 169
1294 1466
1717 1232
580 408
817 1640
485 268
1746 693
440 1830
739 404
276 341
1000 303
1238 818
971 1589
186 190
679 326
1391 1628
29 636
755 320
414 626
52 1698
611 1634
344 1381
370 840
289 374
106 980
198 1415
1796 1077
819 1785
1182 1489
890 18
1360 1370
1187 992
854 690
490 246
7 1823
1675 1270
1268 200
703 186
215 734
898 1705
928 220
1628 771
947 1777
546 1126
65 1696
908 428
1642 1729
483 339
1308 844
1554 1268
1800 219
710 1300
972 429
271 1597
1826 138
942 244
626 921
826 1638
304 1452
481 1352
818 593
341 236
1795 713
1587 1039
625 1069
481 810
358 844
1244 1772
1170 1046
177 979
1558 1373
961 283
1301 408
87 1067
132 359
1395 304
1503 347
1469 1031
576 634
94 100
443 1286
1066 76
1434 1312
1136 1562
864 1766
90 1344
1371 1830
574 357
154 1430
1223 1738
1143 1121
742 386
61 212
179 668
1505 557
377 1777
1191 116
87 333
147 241
1217 286
530 1724
1377 611
965 674
1049 243
920 994
1573 1777
760 713
340 807
1195 1175
205 1427
1087 1672
264 1826
11 574
1556 0
1639 1720
563 1817
1102 199
928 443
1436 877
1372 437
1273 1407
1757 1737
1698 1811
556 463
759 1070
533 425
110 667
958 1341
512 409
641 1406
536 991
932 1474
286 737
603 155
831 122
1229 1429
1327 960
725 1360
1487 1343
441 753
1216 1820
913 693
558 1123
492 1126
1046 1692
840 1272
633 1474
706 236
1616 761
1564 1169
1120 650
1753 95
978 588
1639 1055
229 1295
357 1267
735 279
974 397
343 1224
1657 560
322 35
638 1724
542 447
1529 1298
1573 1017
728 1147
1708 490
1685 887
801 1339
1848 1138
863 777
690 881
379 1824
40 795
771 1695
314 1614
652 457
1619 1003
1853 749
433 1447
1825 630
1847 889
666 1525
1331 1125
165 966
1 600
1679 1552
1290 1211
353 942
394 1212
835 898
746 1467
1546 355
65 1629
232 548
983 1736
1413 290
929 1550
965 389
844 1430
284 381
769 1424
1718 370
1835 1268
1557 893
903 820
61 1173
1794 990
1211 954
350 237
642 826
1102 1345
393 1450
269 238
1127 79
904 628
1583 1274
14 1789
274 1129
754 653
455 1407
809 243
478 1451
1591 878
325 1558
279 194
65 1525
1129 176
149 1571
603 1746
9 745
1504 1033
492 620
1105 822
658 1628
774 347
1302 83
1684 71
232 1274
685 1555
1459 1217
699 643
49 447
430 74
1676 34
962 1695
1111 1846
321 1806
1718 181
1318 643
444 590
327 587
473 1382
684 725
502 747
1114 1316
213 1790
1558 1405
1004 41
1799 468
1204 633
1824 784
201 594
1768 1375
716 1430
93 1662
633 1489
1099 211
606 1387
1419 1406
1446 23
787 1668
1191 1855
1299 1221
1554 285
196 389
490 850
702 413
345 1621
617 1411
121 888
1854 1403
1422 1440
837 709
912 235
999 800
28 566
1393 353
310 1842
1737 146
300 1640
1224 266
737 570
1437 1305
1791 691
772 447
619 623
250 52
1602 222
1181 1232
1194 1656
1157 38
1062 1784
252 1418
980 229
1096 1310
587 242
138 1511
762 1031
73 701
874 950
1544 1719
649 502
1140 1379
1404 899
752 1474
28 158
1729 1546
936 1321
1487 77
476 1465
188 4
1565 225
676 30
1846 76
509 31
2 1499
1364 683
41 1398
493 1809
1278 1094
237 1175
1832 1139
1470 474
958 1665
498 1784
1425 365
769 1143
235 94
383 1014
1756 1534
544 555
405 325
251 572
1154 495
546 530
749 1203
1640 1668
737 1323
407 201
943 1125
1781 920
609 165
66 1118
1755 1414
178 169
818 1590
1489 687
626 1498
1259 120
847 1727
167 1021
791 1319
1281 588
1780 1536
748 1212
1089 598
165 1271
439 1396
965 87
167 558
859 638
735 478
1274 565
1540 1208
1470 442
437 794
94 1359
669 385
1125 1247
1658 1180
1735 408
738 962
457 858
1853 825
1244 1692
1696 1088
1214 772
1102 1013
1413 397
375 822
1389 803
665 148
210 482
1314 1438
1165 403
1450 611
758 861
26 34
45 484
44 368
1584 1757
432 1672
1644 279
1099 1371
1604 19
505 1365
1612 1077
1609 95
829 106
1129 1296
1514 1213
1811 1030
281 1798
1579 519
347 1146
824 1165
181 1795
742 1651
1062 92
1496 1532
270 1178
1011 664
335 1695
260 1804
14 1462
1830 366
5 841
459 1354
1163 904
1264 692
173 766
249 49
1769 804
644 1176
1221 151
1427 1775
265 947
1100 209
632 1355
66 1376
849 220
1023 1535
201 22
906 538
1534 1350
954 1853
1359 213
1136 1289
103 1271
740 269
670 1326
753 601
1143 381
1728 751
262 193
596 855
764 810
1619 1426
215 1728
1472 253
1049 1444
350 1632
1647 846
1489 1044
1564 987
204 1405
1702 825
1021 756
856 691
1717 1666
636 100
1496 1494
1455 1789
1340 1167
790 1479
1327 1023
1844 298
860 510
1526 558
883 57
137 1850
1754 1123
1792 978
511 634
618 981
114 1555
945 1006
1372 80
1802 1608
928 68
1715 1803
435 1101
1078 1716
1431 286
411 1317
1167 1541
897 1045
659 1312
1480 206
1359 1348
1337 1297
798 1023
1661 389
254 260
853 371
1719 1397
109 277
977 741
742 1183
1768 204
375 377
790 1761
1068 119
1082 440
139 1713
1402 1153
