0 393 0
393 488 0
2 464 1
464 169 0
464 393 1
464 203 1
5 393 1
5 569 1
569 393 0
569 526 0
569 174 0
6 393 0
7 393 1
9 393 0
12 477 0
477 393 1
477 444 1
477 209 1
15 511 0
15 309 0
511 222 0
511 140 1
16 190 1
16 393 0
190 393 1
17 291 0
17 393 1
291 156 1
291 393 0
18 22 0
18 393 1
18 318 0
18 389 1
18 311 0
22 263 0
22 393 0
19 205 1
19 393 1
205 298 0
205 393 1
205 133 1
20 25 0
20 393 1
25 393 1
25 277 0
25 77 0
21 174 1
21 393 0
174 393 1
174 443 0
174 341 1
174 5 0
174 236 1
263 18 1
263 393 1
263 309 0
23 393 1
24 393 0
26 393 0
27 344 1
27 393 0
344 294 0
344 393 0
344 111 1
28 393 0
30 393 1
31 393 0
32 393 1
34 393 0
35 393 1
36 393 0
37 393 0
38 393 1
39 292 0
39 393 0
292 196 0
40 393 0
41 259 1
41 559 0
259 140 0
42 393 0
43 393 1
43 514 1
514 393 0
514 446 1
45 393 1
46 393 1
47 393 0
48 348 1
48 393 0
348 393 1
49 402 1
402 393 1
402 597 1
50 393 0
51 393 1
53 393 0
54 393 0
55 132 1
55 393 0
55 413 0
132 393 1
132 520 1
56 393 0
57 208 0
57 393 1
208 194 0
208 393 1
208 328 1
58 393 1
59 327 1
327 242 0
327 393 1
327 12 1
61 393 1
63 393 1
64 133 1
64 205 1
64 262 0
133 389 1
65 393 0
67 393 0
68 393 1
70 249 1
249 367 0
249 151 1
71 209 1
71 393 1
71 285 0
209 393 1
209 536 0
74 533 0
533 393 0
533 562 1
533 21 0
75 393 1
75 416 1
416 393 0
416 430 1
76 393 0
77 329 0
77 393 1
329 375 0
329 25 0
79 393 0
79 428 0
428 393 0
428 503 0
80 328 1
328 481 0
328 404 1
328 57 1
81 393 0
82 148 0
82 393 0
148 393 0
148 575 1
83 393 1
83 461 1
83 174 1
83 294 1
83 391 1
461 236 1
461 393 0
84 393 1
85 393 0
86 393 1
88 118 0
118 151 1
118 393 1
89 393 1
89 405 1
89 195 1
89 429 1
405 559 0
90 380 0
90 393 0
380 312 1
92 393 0
93 393 0
95 393 1
95 531 1
95 451 1
531 500 1
97 393 0
98 393 0
99 393 1
100 393 0
100 567 1
100 25 1
567 277 0
567 393 1
567 413 0
101 393 0
102 393 0
103 393 1
104 189 1
104 393 1
104 429 0
189 393 0
429 162 0
429 393 0
429 405 1
429 21 1
105 274 0
274 478 1
106 393 1
107 393 1
107 423 1
423 71 0
423 220 1
423 393 0
108 393 1
108 457 1
457 355 1
109 393 1
110 190 0
110 393 0
111 199 1
111 393 0
111 451 1
111 27 0
111 90 0
199 337 0
199 393 0
112 393 1
114 393 0
115 224 1
115 393 0
224 318 1
116 393 0
117 393 1
151 88 1
151 393 0
151 70 1
120 393 0
123 393 1
124 393 0
125 393 1
126 393 1
127 300 0
127 393 1
300 393 1
128 393 0
128 406 1
128 343 1
128 215 0
406 219 0
130 393 1
131 393 1
520 55 0
520 393 0
389 64 1
389 290 0
389 393 1
389 22 0
389 292 1
134 393 0
136 534 1
136 491 1
534 517 1
138 393 0
139 393 0
140 41 0
140 222 0
141 393 1
143 393 1
144 393 0
145 393 1
145 499 0
499 465 1
146 393 0
575 82 0
575 393 1
149 213 1
149 393 0
213 479 0
150 393 0
150 598 0
150 226 0
598 341 0
598 174 1
152 393 1
153 226 0
153 150 1
226 217 0
226 393 1
155 393 1
155 474 1
474 393 1
156 17 1
156 393 0
156 292 0
156 338 1
158 393 0
159 393 0
161 393 1
162 104 1
162 393 1
163 100 1
163 393 0
164 393 0
166 393 0
167 65 0
167 393 0
168 252 0
168 393 1
168 111 0
168 95 1
252 393 1
252 451 0
252 551 0
169 2 0
169 393 1
171 393 1
172 393 1
443 21 0
443 533 1
443 429 1
175 393 0
176 285 1
176 311 0
176 469 1
176 71 0
285 393 0
285 456 1
177 228 0
177 393 1
228 215 0
228 393 0
178 393 1
178 408 0
408 262 0
408 393 0
179 491 1
491 530 0
491 517 0
180 393 1
181 393 1
182 393 1
184 138 1
184 393 0
184 466 0
466 216 0
466 393 0
185 393 0
188 393 1
191 393 1
192 393 0
193 393 0
194 57 1
194 393 0
194 292 0
195 547 0
195 405 1
547 323 1
547 311 1
196 39 1
196 156 1
196 194 1
196 389 0
197 393 1
197 489 0
489 359 1
337 111 0
337 393 0
337 456 1
337 294 1
200 393 1
201 118 1
201 393 1
202 393 0
203 322 1
203 169 0
203 577 0
322 371 1
322 393 0
204 369 1
204 393 0
204 309 1
204 179 1
369 362 1
369 393 1
298 19 0
298 393 1
298 359 0
207 413 0
413 345 0
413 393 0
536 71 0
536 393 1
536 477 1
210 393 0
211 393 1
211 462 1
211 204 0
211 15 0
211 263 1
211 318 0
462 309 1
462 393 1
462 322 0
479 149 0
214 393 0
215 177 0
215 393 1
215 219 1
215 411 1
216 184 0
216 393 0
216 411 1
217 153 1
217 393 0
218 393 0
219 128 1
219 393 1
220 107 0
221 393 0
222 15 1
223 393 0
318 115 0
318 393 0
318 404 1
318 22 1
318 309 0
225 393 0
227 393 1
229 393 0
231 86 0
231 393 0
234 393 1
235 393 0
236 83 1
237 393 0
238 393 1
239 393 0
241 393 1
242 59 1
242 101 0
242 315 0
242 393 1
315 393 0
244 393 0
245 393 1
245 403 0
403 308 1
403 393 0
403 411 1
403 216 1
403 215 1
246 393 1
248 393 0
367 70 1
367 393 1
367 506 1
251 393 0
251 552 0
552 393 0
451 168 1
451 393 1
253 393 0
254 393 0
255 393 0
257 393 0
258 393 0
261 393 1
262 178 1
262 393 0
262 133 0
264 393 0
265 158 0
265 393 1
266 393 0
267 393 0
268 393 1
269 317 0
269 393 0
317 393 1
270 393 0
272 393 1
478 105 0
478 393 1
276 393 1
277 100 0
279 393 1
281 393 0
281 396 1
396 393 0
456 176 1
456 199 1
290 393 0
294 27 0
294 393 1
294 236 0
294 199 0
296 393 0
296 577 0
296 203 0
577 469 1
297 393 1
299 393 1
303 393 0
304 393 1
305 393 0
306 25 0
306 393 1
308 393 0
309 211 1
309 393 0
310 357 1
310 393 1
357 393 0
311 393 0
311 422 0
311 285 0
311 22 1
311 323 1
422 393 0
422 460 1
312 90 1
312 393 0
312 111 0
314 393 1
316 393 0
321 393 1
371 203 1
371 393 1
371 462 0
323 195 1
323 393 0
324 393 0
325 393 0
481 80 0
481 393 0
375 77 0
375 393 1
331 393 0
331 487 1
331 252 1
331 430 1
487 551 1
332 393 1
333 393 1
334 393 0
335 393 0
336 393 0
338 383 1
383 505 0
383 404 0
340 393 0
341 150 0
341 393 0
342 393 0
343 404 0
343 219 0
404 393 0
404 568 1
345 207 1
345 393 1
345 567 0
345 55 0
346 393 0
347 391 1
391 393 1
391 507 1
391 236 1
349 393 1
350 393 0
351 393 0
355 108 0
355 393 0
358 393 1
359 197 0
359 393 0
359 19 0
360 393 0
361 393 1
362 204 0
362 393 1
364 393 1
365 393 0
366 393 1
370 393 1
372 393 1
373 393 1
374 393 0
376 393 1
377 393 1
378 393 1
379 393 1
505 338 0
505 156 0
385 393 0
386 393 0
387 393 1
388 393 0
507 347 1
507 393 1
488 25 0
488 393 0
488 533 1
394 393 1
395 393 1
397 393 1
398 393 1
597 49 1
597 393 0
411 245 1
411 393 1
568 343 1
568 318 1
568 328 0
568 383 1
559 89 1
559 259 1
407 393 0
409 393 0
409 429 0
430 75 1
430 551 1
417 393 1
418 393 0
419 158 0
419 393 0
460 311 1
424 241 1
424 393 1
426 189 0
426 393 0
427 393 1
503 79 0
432 393 1
434 393 0
436 393 0
436 506 0
506 393 1
506 448 1
438 393 1
438 494 1
494 393 0
439 393 1
440 393 1
441 393 0
442 393 1
444 12 1
444 327 0
445 393 0
446 43 1
446 393 1
447 393 0
447 584 0
584 393 1
448 393 0
448 436 0
448 367 0
449 109 0
449 393 0
452 192 1
452 393 0
454 393 0
455 393 1
458 393 0
459 393 1
463 37 1
463 393 0
465 145 0
465 393 0
467 393 0
467 428 1
468 393 1
469 296 0
469 393 0
469 285 1
470 393 1
471 393 0
472 393 0
475 393 1
476 393 1
476 442 0
482 393 1
483 393 0
484 393 0
485 393 1
486 393 0
551 331 0
551 393 1
530 179 0
530 393 1
530 204 1
492 393 1
493 393 1
493 555 0
555 393 1
496 393 0
498 393 0
500 95 1
500 393 0
504 393 1
508 393 1
509 393 0
510 393 1
512 393 1
513 393 0
515 393 0
516 393 0
517 136 1
519 393 0
521 393 1
522 393 0
523 393 1
524 393 0
526 5 1
526 393 0
527 393 0
529 393 1
562 74 1
535 393 1
537 393 1
538 393 1
540 393 0
541 393 1
542 393 0
543 393 1
544 393 0
545 393 1
546 393 1
548 393 1
548 522 1
549 393 1
550 393 0
553 393 0
556 393 1
557 393 1
558 393 0
561 393 1
564 393 0
565 393 0
570 393 0
571 393 1
572 393 0
573 393 0
574 393 1
576 393 0
578 393 1
580 393 0
581 393 0
582 393 0
583 393 0
585 393 0
586 393 0
590 393 0
591 393 1
593 393 0
595 115 1
595 393 0
596 393 0
596 455 0
