0 393 0
393 488 1
2 464 1
464 169 1
464 393 0
464 203 0
5 393 0
5 569 1
569 393 0
569 526 1
569 174 0
6 393 0
7 393 0
9 393 0
12 477 1
477 393 1
477 444 0
477 209 0
15 511 0
15 309 0
511 222 0
511 140 1
16 190 0
16 393 0
190 393 0
17 291 0
17 393 1
291 156 0
291 393 0
18 22 0
18 393 0
18 318 0
18 389 0
18 311 0
22 263 1
22 393 0
19 205 0
19 393 0
205 298 0
205 393 1
205 133 1
20 25 0
20 393 0
25 393 0
25 277 1
25 77 0
21 174 1
21 393 0
174 393 1
174 443 1
174 341 0
174 5 0
174 236 0
263 18 0
263 393 0
263 309 0
23 393 1
24 393 0
26 393 1
27 344 0
27 393 0
344 294 0
344 393 0
344 111 0
28 393 0
30 393 0
31 393 0
32 393 0
34 393 0
35 393 0
36 393 0
37 393 0
38 393 0
39 292 0
39 393 0
292 196 0
40 393 0
41 259 0
41 559 0
259 140 0
42 393 0
43 393 0
43 514 1
514 393 0
514 446 0
45 393 0
46 393 0
47 393 0
48 348 0
48 393 0
348 393 0
49 402 0
402 393 1
402 597 0
50 393 0
51 393 0
53 393 0
54 393 0
55 132 0
55 393 0
55 413 1
132 393 0
132 520 0
56 393 0
57 208 0
57 393 0
208 194 0
208 393 0
208 328 0
58 393 0
59 327 0
327 242 0
327 393 1
327 12 1
61 393 0
63 393 0
64 133 0
64 205 0
64 262 0
133 389 1
65 393 0
67 393 1
68 393 0
70 249 0
249 367 1
249 151 0
71 209 0
71 393 0
71 285 0
209 393 0
209 536 1
74 533 0
533 393 0
533 562 1
533 21 1
75 393 1
75 416 1
416 393 0
416 430 0
76 393 0
77 329 0
77 393 0
329 375 0
329 25 0
79 393 0
79 428 0
428 393 1
428 503 0
80 328 0
328 481 0
328 404 1
328 57 0
81 393 0
82 148 0
82 393 1
148 393 0
148 575 0
83 393 0
83 461 0
83 174 0
83 294 0
83 391 1
461 236 0
461 393 0
84 393 0
85 393 0
86 393 1
88 118 0
118 151 0
118 393 0
89 393 0
89 405 0
89 195 0
89 429 0
405 559 0
90 380 0
90 393 1
380 312 0
92 393 1
93 393 0
95 393 0
95 531 0
95 451 0
531 500 0
97 393 0
98 393 0
99 393 0
100 393 1
100 567 0
100 25 0
567 277 0
567 393 0
567 413 1
101 393 1
102 393 0
103 393 0
104 189 0
104 393 0
104 429 1
189 393 0
429 162 0
429 393 0
429 405 1
429 21 0
105 274 1
274 478 0
106 393 0
107 393 0
107 423 0
423 71 0
423 220 1
423 393 0
108 393 0
108 457 1
457 355 0
109 393 0
110 190 0
110 393 0
111 199 1
111 393 1
111 451 1
111 27 1
111 90 1
199 337 0
199 393 0
112 393 1
114 393 0
115 224 0
115 393 0
224 318 0
116 393 0
117 393 0
151 88 1
151 393 0
151 70 0
120 393 0
123 393 0
124 393 0
125 393 0
126 393 0
127 300 0
127 393 0
300 393 0
128 393 0
128 406 0
128 343 0
128 215 0
406 219 0
130 393 1
131 393 0
520 55 0
520 393 0
389 64 0
389 290 0
389 393 0
389 22 0
389 292 0
134 393 0
136 534 0
136 491 0
534 517 0
138 393 0
139 393 0
140 41 0
140 222 1
141 393 0
143 393 1
144 393 0
145 393 0
145 499 0
499 465 0
146 393 0
575 82 0
575 393 0
149 213 0
149 393 1
213 479 0
150 393 0
150 598 0
150 226 0
598 341 0
598 174 0
152 393 0
153 226 0
153 150 0
226 217 0
226 393 0
155 393 0
155 474 1
474 393 0
156 17 0
156 393 0
156 292 0
156 338 0
158 393 1
159 393 0
161 393 0
162 104 1
162 393 0
163 100 0
163 393 1
164 393 0
166 393 0
167 65 0
167 393 0
168 252 0
168 393 0
168 111 0
168 95 0
252 393 0
252 451 0
252 551 0
169 2 0
169 393 0
171 393 0
172 393 1
443 21 0
443 533 0
443 429 0
175 393 0
176 285 1
176 311 1
176 469 0
176 71 0
285 393 0
285 456 0
177 228 1
177 393 0
228 215 0
228 393 0
178 393 0
178 408 1
408 262 0
408 393 1
179 491 0
491 530 0
491 517 0
180 393 0
181 393 0
182 393 1
184 138 0
184 393 0
184 466 1
466 216 0
466 393 1
185 393 0
188 393 0
191 393 0
192 393 0
193 393 0
194 57 0
194 393 0
194 292 1
195 547 0
195 405 1
547 323 1
547 311 0
196 39 0
196 156 0
196 194 0
196 389 1
197 393 1
197 489 0
489 359 1
337 111 0
337 393 0
337 456 0
337 294 0
200 393 1
201 118 0
201 393 1
202 393 0
203 322 0
203 169 0
203 577 0
322 371 0
322 393 0
204 369 1
204 393 0
204 309 0
204 179 0
369 362 0
369 393 1
298 19 0
298 393 0
298 359 1
207 413 0
413 345 1
413 393 0
536 71 1
536 393 0
536 477 0
210 393 0
211 393 0
211 462 1
211 204 1
211 15 0
211 263 1
211 318 0
462 309 0
462 393 0
462 322 1
479 149 1
214 393 0
215 177 0
215 393 0
215 219 0
215 411 0
216 184 0
216 393 0
216 411 0
217 153 0
217 393 0
218 393 0
219 128 1
219 393 0
220 107 0
221 393 0
222 15 0
223 393 1
318 115 0
318 393 0
318 404 1
318 22 0
318 309 0
225 393 0
227 393 1
229 393 0
231 86 0
231 393 0
234 393 0
235 393 0
236 83 0
237 393 0
238 393 0
239 393 0
241 393 0
242 59 0
242 101 1
242 315 0
242 393 0
315 393 0
244 393 0
245 393 0
245 403 0
403 308 0
403 393 0
403 411 0
403 216 0
403 215 0
246 393 1
248 393 1
367 70 0
367 393 1
367 506 0
251 393 0
251 552 1
552 393 0
451 168 0
451 393 0
253 393 0
254 393 0
255 393 0
257 393 1
258 393 0
261 393 0
262 178 0
262 393 0
262 133 0
264 393 0
265 158 0
265 393 1
266 393 0
267 393 0
268 393 0
269 317 0
269 393 0
317 393 0
270 393 0
272 393 0
478 105 0
478 393 1
276 393 0
277 100 1
279 393 0
281 393 0
281 396 0
396 393 0
456 176 0
456 199 0
290 393 0
294 27 0
294 393 1
294 236 0
294 199 0
296 393 0
296 577 0
296 203 0
577 469 1
297 393 0
299 393 1
303 393 0
304 393 0
305 393 0
306 25 0
306 393 0
308 393 0
309 211 0
309 393 1
310 357 0
310 393 1
357 393 1
311 393 0
311 422 0
311 285 1
311 22 0
311 323 1
422 393 0
422 460 1
312 90 0
312 393 0
312 111 1
314 393 0
316 393 0
321 393 1
371 203 1
371 393 0
371 462 1
323 195 0
323 393 1
324 393 0
325 393 0
481 80 0
481 393 0
375 77 0
375 393 0
331 393 1
331 487 1
331 252 1
331 430 0
487 551 0
332 393 0
333 393 1
334 393 0
335 393 1
336 393 1
338 383 0
383 505 0
383 404 0
340 393 0
341 150 0
341 393 1
342 393 0
343 404 0
343 219 0
404 393 0
404 568 1
345 207 0
345 393 1
345 567 0
345 55 1
346 393 0
347 391 0
391 393 0
391 507 0
391 236 1
349 393 0
350 393 0
351 393 0
355 108 0
355 393 0
358 393 0
359 197 0
359 393 0
359 19 0
360 393 1
361 393 1
362 204 0
362 393 0
364 393 0
365 393 1
366 393 0
370 393 1
372 393 0
373 393 0
374 393 0
376 393 0
377 393 1
378 393 0
379 393 0
505 338 0
505 156 0
385 393 0
386 393 0
387 393 0
388 393 0
507 347 0
507 393 0
488 25 0
488 393 0
488 533 0
394 393 0
395 393 0
397 393 0
398 393 0
597 49 0
597 393 1
411 245 0
411 393 1
568 343 0
568 318 0
568 328 0
568 383 0
559 89 1
559 259 0
407 393 0
409 393 0
409 429 0
430 75 1
430 551 0
417 393 0
418 393 0
419 158 0
419 393 0
460 311 0
424 241 0
424 393 1
426 189 1
426 393 0
427 393 0
503 79 0
432 393 0
434 393 0
436 393 1
436 506 0
506 393 0
506 448 0
438 393 0
438 494 1
494 393 1
439 393 0
440 393 0
441 393 0
442 393 0
444 12 1
444 327 0
445 393 0
446 43 0
446 393 0
447 393 1
447 584 1
584 393 0
448 393 0
448 436 0
448 367 0
449 109 1
449 393 0
452 192 0
452 393 0
454 393 0
455 393 1
458 393 0
459 393 0
463 37 1
463 393 0
465 145 0
465 393 0
467 393 1
467 428 0
468 393 1
469 296 0
469 393 0
469 285 0
470 393 0
471 393 1
472 393 0
475 393 1
476 393 0
476 442 0
482 393 0
483 393 0
484 393 1
485 393 0
486 393 0
551 331 0
551 393 0
530 179 0
530 393 0
530 204 0
492 393 0
493 393 1
493 555 0
555 393 0
496 393 1
498 393 0
500 95 0
500 393 1
504 393 0
508 393 1
509 393 0
510 393 0
512 393 1
513 393 0
515 393 0
516 393 0
517 136 0
519 393 0
521 393 0
522 393 1
523 393 0
524 393 0
526 5 0
526 393 0
527 393 0
529 393 1
562 74 0
535 393 0
537 393 1
538 393 0
540 393 0
541 393 0
542 393 0
543 393 0
544 393 0
545 393 1
546 393 0
548 393 0
548 522 1
549 393 0
550 393 0
553 393 1
556 393 0
557 393 0
558 393 0
561 393 0
564 393 0
565 393 0
570 393 1
571 393 1
572 393 0
573 393 1
574 393 1
576 393 0
578 393 0
580 393 1
581 393 1
582 393 0
583 393 0
585 393 0
586 393 0
590 393 1
591 393 0
593 393 0
595 115 0
595 393 1
596 393 0
596 455 0
