1 234 0
234 211 0
4 425 1
4 718 0
425 50 1
425 720 0
718 115 0
718 333 1
5 574 0
574 43 0
574 425 1
6 425 1
6 610 1
610 425 0
610 478 1
7 191 1
191 282 1
191 479 0
8 371 0
371 425 0
371 684 0
9 425 0
9 531 0
531 425 1
531 671 1
11 366 0
366 208 1
12 425 0
13 79 1
79 149 1
14 763 0
763 512 0
15 511 1
511 532 1
16 744 0
744 76 1
744 425 1
17 491 1
491 356 1
18 377 0
377 265 0
377 425 0
377 111 0
19 177 1
19 425 1
177 498 0
20 465 1
465 23 1
465 425 1
21 561 1
561 596 0
561 99 0
22 660 0
660 222 0
23 20 1
24 98 1
98 716 1
25 453 1
453 135 0
453 425 0
26 425 1
26 437 1
26 603 0
437 619 1
27 294 1
294 464 1
28 552 1
552 425 1
552 750 1
29 449 0
449 767 0
30 425 0
31 425 0
32 254 1
32 734 0
254 210 1
33 506 0
506 579 1
34 425 1
39 124 1
124 732 1
41 275 1
275 248 0
43 5 1
44 368 0
368 652 0
45 414 1
414 678 0
46 686 0
46 292 1
686 425 1
686 747 0
47 425 0
48 455 1
455 639 1
49 402 1
402 197 0
402 425 0
50 673 1
673 425 1
51 126 1
51 425 0
126 700 0
126 436 1
52 775 0
775 409 0
775 425 1
53 557 0
557 425 0
557 476 0
54 240 1
240 522 1
240 719 1
55 728 0
728 425 1
728 643 1
56 243 0
56 425 1
243 425 0
243 560 0
243 481 1
58 285 1
285 160 1
59 136 1
59 425 1
136 241 0
136 425 1
61 436 0
436 483 0
63 509 1
63 395 0
509 614 0
64 128 0
64 425 0
64 223 1
128 189 0
65 786 1
786 572 0
66 425 1
66 792 1
792 738 1
67 425 0
67 627 1
67 500 0
627 322 0
627 425 1
627 739 1
68 96 0
68 425 1
96 469 1
96 108 1
69 496 1
496 425 0
496 777 1
496 95 1
70 190 1
70 425 0
190 290 0
71 425 0
72 425 0
74 625 1
625 793 1
625 559 1
75 461 0
461 425 1
461 553 1
76 16 0
77 425 1
77 529 1
529 375 1
78 425 1
149 13 0
149 425 0
81 779 0
779 585 1
83 447 0
447 425 0
447 549 0
84 427 0
84 482 0
427 250 0
427 425 0
85 425 1
85 656 0
656 376 1
87 216 1
87 427 0
216 425 0
216 768 1
88 338 0
88 783 1
338 425 1
338 445 1
89 425 0
89 783 1
783 345 1
783 338 0
90 326 0
326 425 0
326 591 0
93 425 1
93 654 1
654 566 0
94 425 0
95 403 0
95 777 0
403 533 0
469 68 0
97 378 1
378 139 0
716 24 0
99 544 0
99 596 1
99 555 0
544 145 1
544 425 1
100 695 0
695 731 0
103 163 0
163 258 1
104 545 0
545 603 1
106 134 1
106 685 1
134 459 0
107 298 0
298 304 1
108 505 1
108 68 0
505 169 0
505 425 1
505 166 1
111 425 1
111 599 0
111 18 0
599 448 0
112 425 0
112 707 1
707 425 1
707 780 1
114 425 0
115 4 1
116 425 0
117 262 1
262 631 0
119 679 0
119 195 1
679 425 0
679 791 1
120 255 1
255 217 1
255 425 0
121 425 1
121 543 0
543 624 0
123 425 1
732 39 0
125 575 1
575 388 1
700 51 1
127 425 1
189 64 0
130 776 0
776 655 0
776 663 0
132 425 1
132 749 0
749 166 1
133 268 1
133 425 1
268 346 1
459 106 0
135 25 1
241 59 1
137 405 1
405 392 0
405 425 1
138 425 0
139 97 0
140 425 0
141 421 0
421 180 1
142 332 1
332 157 1
332 369 0
332 413 0
144 230 0
144 425 0
230 537 0
145 99 1
145 425 1
146 425 0
147 680 1
680 328 0
150 398 0
398 213 1
151 185 0
185 638 0
152 425 0
153 226 0
226 568 1
154 382 1
382 425 0
382 563 1
155 206 0
206 419 0
156 261 1
156 425 1
261 510 0
157 142 1
158 200 1
200 266 1
200 425 1
200 738 1
159 425 0
159 683 1
683 648 1
160 58 0
162 274 1
162 425 1
162 430 0
274 425 0
274 462 0
258 103 0
165 358 0
165 425 0
358 425 1
358 724 0
166 132 0
166 425 1
166 169 1
167 676 1
676 357 1
676 425 1
168 737 0
168 663 1
168 793 1
737 425 1
737 741 0
169 108 0
171 425 0
171 479 1
479 271 0
479 282 0
173 415 0
415 641 0
174 425 0
175 422 0
175 726 1
422 348 1
176 312 1
312 209 0
498 19 0
498 425 1
180 141 0
180 425 0
181 425 1
182 425 0
183 253 0
253 687 1
184 425 0
638 151 1
186 425 1
186 739 1
739 425 1
739 617 0
739 322 1
187 249 1
187 316 1
187 153 1
249 400 0
249 425 1
188 629 1
629 504 1
290 70 1
290 425 1
282 7 0
192 305 1
192 425 1
305 546 0
193 425 1
193 516 0
516 681 0
195 682 1
682 723 1
682 119 0
197 49 1
199 564 0
199 372 0
564 592 0
266 158 0
266 425 1
202 309 0
202 425 0
202 664 1
309 425 0
664 608 1
204 221 0
204 425 1
221 343 1
205 425 1
205 569 1
569 526 0
419 155 0
419 425 1
207 425 0
207 642 1
642 360 0
208 11 1
209 176 0
209 425 0
210 32 1
210 425 0
211 1 0
212 430 0
430 475 0
430 694 1
430 274 1
213 150 1
214 586 1
586 438 0
768 87 1
217 120 1
218 425 1
218 796 1
796 663 1
219 425 0
343 204 0
222 22 1
223 277 1
223 425 1
223 128 0
277 441 0
224 308 1
224 425 0
224 714 0
308 657 1
714 311 0
714 425 0
714 571 1
225 425 0
225 540 1
225 646 0
540 711 0
568 153 1
568 425 0
568 187 1
227 374 0
374 425 1
374 428 0
229 337 0
229 425 0
337 369 1
337 425 0
537 144 1
537 425 0
231 256 1
231 548 1
256 502 0
256 572 1
235 425 1
235 539 0
539 425 1
539 452 0
237 425 1
238 325 0
325 272 1
239 425 0
522 54 0
242 425 0
560 56 1
245 306 0
245 425 0
306 503 1
247 425 0
247 726 1
726 658 1
248 41 0
248 425 0
400 187 0
400 750 0
250 84 1
250 87 1
251 386 0
251 425 0
386 425 1
386 523 1
252 484 1
484 755 1
687 183 1
502 231 1
257 470 1
257 389 0
470 794 0
259 527 0
527 442 1
260 481 0
481 264 1
510 156 1
510 81 0
631 117 1
264 260 0
264 603 0
264 243 0
265 18 0
267 425 1
267 477 0
477 425 0
477 535 1
346 133 1
269 412 1
269 425 0
412 296 0
271 171 1
272 238 0
273 323 1
323 367 0
462 162 0
462 677 0
441 223 1
278 705 1
705 425 1
705 562 1
283 425 1
283 719 1
719 514 0
719 522 1
287 751 0
751 331 1
288 318 0
288 84 0
318 482 0
289 394 1
394 359 1
291 425 1
292 425 1
292 618 1
618 743 1
618 391 0
618 46 0
293 425 1
464 27 0
464 425 0
296 269 0
297 425 0
304 107 1
299 488 1
488 406 1
488 425 1
300 567 0
300 462 0
567 425 1
567 677 1
567 100 0
301 425 1
303 628 0
303 626 1
628 333 0
628 425 0
628 718 1
546 192 0
546 425 1
503 245 1
307 425 1
657 224 1
311 425 0
311 443 1
443 714 1
313 637 0
637 425 0
637 756 1
314 752 1
752 349 0
315 425 1
315 757 0
757 317 1
316 583 0
583 636 0
317 315 1
317 425 0
482 288 0
319 626 0
626 361 0
626 425 1
320 425 0
322 67 1
322 425 0
367 273 0
367 425 1
324 425 0
324 694 0
324 430 1
694 399 0
591 90 0
591 425 0
327 425 1
328 147 1
330 425 1
331 287 0
333 303 0
334 765 0
765 370 1
336 734 0
734 717 1
734 210 1
369 229 1
369 157 1
445 88 1
339 380 0
339 425 1
380 460 0
341 425 1
341 568 0
344 698 1
698 425 1
698 454 0
345 89 1
345 425 1
347 420 1
420 646 0
348 175 1
349 314 1
352 425 0
353 788 0
788 706 0
355 555 1
355 137 1
555 480 0
356 17 0
357 167 0
357 425 1
724 165 0
359 289 0
360 207 0
361 319 0
361 303 1
362 425 1
364 425 0
652 44 1
652 425 1
370 334 0
370 762 0
684 8 1
372 425 0
372 456 0
456 597 1
456 653 0
456 199 1
428 227 0
375 77 0
376 85 0
376 425 0
379 691 0
691 730 1
460 339 1
381 425 0
563 154 0
384 425 1
384 666 0
666 425 1
666 616 1
385 425 0
523 251 1
387 389 0
387 425 1
389 536 0
389 794 0
389 729 1
388 125 0
536 387 0
390 425 0
390 622 0
622 500 1
622 653 1
622 67 1
391 661 1
391 292 0
661 534 1
392 137 0
392 355 0
395 740 1
740 425 0
740 602 1
396 425 1
397 689 1
689 559 0
399 324 0
533 95 0
533 425 0
404 413 0
404 425 1
413 425 1
413 577 0
413 709 1
413 157 1
406 299 0
408 425 1
408 651 0
651 578 0
409 52 1
410 425 1
411 425 0
411 662 0
411 413 1
662 425 0
662 709 0
577 404 0
678 45 0
678 425 1
641 173 1
641 425 0
417 425 0
646 347 0
646 540 0
423 425 1
426 425 0
429 425 0
475 212 0
475 425 1
431 425 0
432 425 1
432 729 1
432 389 1
729 508 1
434 425 1
483 61 1
483 126 0
619 26 1
438 214 0
438 425 0
439 692 1
692 425 1
692 463 1
440 653 1
653 675 1
653 500 1
653 372 0
442 259 1
442 720 1
444 425 1
549 83 0
448 111 1
767 29 0
450 499 1
499 645 0
451 425 1
452 235 0
454 344 0
639 48 0
597 372 0
597 425 1
553 75 0
463 439 1
466 425 0
794 257 1
794 425 1
473 588 0
588 521 0
476 53 1
535 267 1
478 6 1
480 355 1
480 99 0
755 252 1
486 425 0
492 425 0
777 69 1
645 450 1
500 390 0
504 188 1
579 33 1
508 432 0
614 63 0
532 15 0
512 14 0
512 685 1
514 283 0
514 425 0
681 193 1
519 385 0
519 425 0
520 425 1
521 473 0
526 205 0
530 425 0
671 9 1
534 391 1
538 722 0
722 571 0
711 225 1
541 425 0
624 121 0
603 104 1
603 481 0
603 619 0
548 606 0
606 554 0
550 425 1
551 425 1
750 28 0
750 249 0
554 548 1
554 231 1
559 397 0
559 74 1
596 21 0
596 425 1
562 278 0
562 425 1
592 199 0
566 93 0
566 425 1
677 300 1
570 425 1
570 736 1
736 605 1
571 538 1
571 443 0
572 65 1
572 502 1
573 685 1
685 425 1
685 598 0
685 459 1
685 763 1
576 425 1
578 408 0
578 425 1
582 425 1
636 316 0
636 425 1
636 187 0
584 425 0
585 81 1
585 510 1
590 425 1
594 425 0
598 573 0
600 672 1
672 720 0
602 395 0
602 425 1
602 63 0
605 425 1
605 570 0
608 202 0
609 715 1
715 425 0
715 620 0
612 425 0
616 384 1
617 186 0
743 292 0
743 425 0
743 686 1
620 609 0
621 425 1
793 74 1
793 737 1
756 313 0
640 425 1
643 55 1
643 425 0
648 159 1
675 425 1
675 440 1
655 130 1
655 425 0
658 247 0
658 425 1
658 175 1
709 411 1
709 425 0
663 218 1
663 425 1
663 737 1
663 130 0
668 425 1
720 425 0
720 600 0
720 259 1
720 50 0
791 119 1
723 195 0
747 46 0
747 743 1
690 425 0
690 762 0
762 704 1
762 765 0
730 379 1
731 100 0
731 425 1
731 567 0
696 425 0
699 425 1
703 425 0
704 690 0
706 353 1
780 112 0
708 425 0
712 425 0
717 336 1
721 425 1
725 425 1
741 168 0
738 66 0
738 425 0
738 266 0
746 425 1
753 425 0
758 425 1
764 425 1
772 425 1
773 425 0
778 425 1
789 425 0
790 425 0
797 425 0
799 425 0
