2 400 0
400 528 1
3 123 0
3 105 1
123 35 1
123 106 1
4 106 1
4 302 1
106 213 0
302 160 0
6 106 0
6 748 0
748 106 1
748 797 1
7 431 0
431 578 0
431 263 1
8 106 1
9 106 1
9 311 0
311 78 0
311 613 1
12 416 1
416 106 1
416 755 0
13 106 0
13 140 0
140 46 1
140 106 0
14 611 0
14 676 0
14 501 0
611 106 0
611 437 0
611 670 1
15 106 0
15 595 1
15 181 1
595 298 0
16 106 1
16 196 1
16 3 1
196 105 1
196 276 1
17 396 1
396 106 1
396 203 1
19 106 1
19 766 1
19 15 1
766 181 0
766 657 1
20 106 0
20 240 1
240 106 1
240 707 1
21 514 1
514 106 1
514 799 1
22 39 1
39 106 0
39 543 1
39 221 0
23 535 1
535 615 0
24 468 1
468 106 0
468 735 1
25 236 1
236 784 0
26 329 1
329 781 1
27 106 1
27 461 1
461 202 1
28 106 1
28 288 1
288 614 0
30 106 0
31 613 0
31 249 0
613 444 0
32 106 0
32 513 0
513 596 0
33 106 1
34 106 1
34 469 1
469 565 1
35 3 1
35 106 0
36 192 1
192 106 1
192 313 1
38 106 0
38 421 0
421 286 1
421 634 1
421 166 0
543 22 1
41 66 1
66 227 0
44 106 1
45 106 0
45 680 1
680 106 0
680 493 0
680 557 1
46 119 1
119 140 1
48 447 1
447 106 1
447 326 1
447 155 0
49 321 1
321 391 0
50 106 1
51 492 1
492 136 0
53 563 1
563 106 0
563 696 1
54 636 0
636 121 0
55 307 1
307 294 0
56 620 0
620 635 0
620 753 1
57 106 1
58 586 0
586 106 0
586 244 1
59 61 1
61 106 1
61 254 1
60 108 1
108 106 0
108 572 0
254 59 1
62 788 1
62 726 1
788 106 1
788 126 1
63 106 0
65 560 1
560 474 1
227 41 1
227 106 0
68 106 1
68 715 0
68 590 1
715 217 1
70 106 1
73 752 1
752 106 1
752 301 1
74 430 0
430 626 1
75 106 1
75 593 1
593 357 0
76 625 0
625 195 0
77 761 1
761 518 1
78 9 1
79 754 1
79 434 1
754 106 1
754 402 1
81 674 0
674 529 0
82 340 0
340 175 1
83 152 1
152 106 0
152 393 0
84 590 1
84 68 1
590 439 0
86 384 0
86 510 0
384 249 0
384 31 0
88 250 0
88 778 0
250 106 1
250 389 1
89 694 1
694 257 1
90 106 1
90 750 0
750 460 1
91 511 0
511 659 1
92 106 0
92 450 1
450 554 1
93 130 1
130 106 1
130 746 1
130 324 1
94 106 1
94 338 0
338 124 1
95 106 0
95 760 1
95 197 1
760 106 0
760 608 1
96 106 0
96 527 1
527 205 1
97 106 0
97 464 0
464 575 0
98 106 0
99 708 1
708 141 1
100 512 1
512 106 0
512 504 0
512 599 1
101 106 1
102 106 0
102 128 0
128 159 1
103 764 0
764 553 0
104 651 1
651 106 0
651 624 0
105 16 0
213 106 1
213 232 1
107 106 1
572 60 0
109 106 0
109 509 1
509 239 1
112 693 1
112 357 0
693 173 1
113 452 1
113 132 0
452 729 1
115 106 1
115 408 0
115 411 0
408 497 1
116 709 1
709 106 0
709 120 0
709 777 1
117 106 1
117 292 1
292 739 1
118 106 1
120 116 0
121 54 0
122 106 0
124 94 0
124 106 1
126 62 0
127 106 1
127 588 1
588 483 1
159 102 1
159 106 1
159 637 0
129 418 0
418 168 1
746 93 1
132 251 0
132 452 0
251 144 1
133 106 1
134 106 0
136 51 0
137 367 1
367 347 0
367 314 0
138 318 0
318 185 1
139 106 1
141 99 1
142 61 0
142 106 1
144 106 0
144 132 0
145 484 1
484 459 0
146 106 1
148 530 1
530 277 1
149 106 1
149 183 1
183 633 1
150 106 1
150 310 1
310 106 1
310 417 1
151 106 1
393 83 1
155 472 1
472 106 0
472 287 0
472 447 1
156 106 0
156 220 0
220 685 1
220 508 1
158 106 0
160 4 1
160 374 0
162 166 0
162 174 0
162 237 1
166 702 1
166 38 1
163 191 0
191 445 0
191 276 1
165 106 0
702 162 0
168 129 0
169 106 1
171 798 1
798 686 0
172 106 0
173 112 1
173 194 1
174 267 1
174 702 1
267 253 0
175 82 1
178 106 0
179 324 1
324 377 0
324 771 1
324 179 1
324 746 1
324 315 0
180 106 0
180 675 1
675 587 1
181 19 1
181 106 0
633 149 0
184 438 0
184 713 1
184 324 0
438 106 1
438 315 0
185 106 0
185 138 1
186 106 0
186 520 1
520 300 0
188 106 0
188 490 1
490 237 0
189 669 1
669 283 1
445 163 1
313 36 1
193 106 0
193 231 1
231 744 0
194 245 1
245 297 0
245 398 0
245 722 1
195 76 0
195 106 1
197 499 0
499 374 1
499 95 1
199 486 0
486 106 1
486 330 0
200 576 1
576 790 0
201 681 0
681 106 0
681 363 1
202 27 0
203 17 1
204 106 1
205 96 0
207 539 1
539 644 0
539 300 0
209 695 1
209 79 0
695 434 1
210 106 1
210 264 1
264 106 1
264 405 0
211 380 1
380 463 0
232 106 1
214 369 1
369 106 1
369 359 0
216 106 1
216 700 0
700 106 0
700 581 0
217 68 0
217 106 0
219 647 0
647 534 1
647 717 0
685 156 0
221 583 0
583 428 0
583 193 1
222 542 0
542 756 0
223 655 1
223 516 0
655 714 1
224 106 1
225 248 1
248 432 0
226 607 0
226 196 1
226 191 1
607 106 0
607 276 1
228 266 1
266 508 1
229 505 0
505 605 0
230 314 0
314 617 0
744 193 1
744 502 0
744 583 0
233 106 1
233 777 0
233 709 1
777 742 1
234 371 1
371 557 0
235 106 0
235 556 1
556 420 1
784 25 1
237 188 0
237 702 0
238 758 0
758 295 0
239 109 0
707 20 1
707 106 1
242 317 1
317 106 0
317 270 1
243 106 0
243 670 0
670 106 0
670 795 0
670 437 1
244 58 0
297 194 0
297 173 0
246 106 0
247 106 1
432 225 1
249 86 1
389 88 1
389 106 1
252 342 0
342 106 1
342 642 1
253 106 1
253 174 1
257 89 0
261 373 0
373 456 0
262 106 1
262 501 1
262 364 0
501 531 1
263 356 0
263 578 0
356 667 0
405 106 1
405 210 0
508 228 1
508 156 1
270 242 0
272 106 1
272 541 0
541 410 0
541 354 0
274 458 1
458 443 0
275 106 0
275 378 1
378 641 1
276 226 1
277 148 1
278 106 0
278 477 1
477 308 1
279 358 0
358 473 0
280 769 0
769 435 0
281 355 1
355 705 1
282 344 1
344 106 1
344 634 0
283 189 1
284 448 1
448 676 0
448 14 0
285 106 0
286 38 1
287 155 1
614 28 0
290 645 1
645 682 1
739 117 0
294 55 0
295 106 0
295 238 0
295 759 0
295 589 1
298 15 1
299 106 0
299 502 1
502 106 1
502 653 0
502 193 0
502 356 1
300 186 0
300 644 0
301 73 0
303 582 0
582 403 1
304 106 1
305 589 0
589 106 0
589 656 0
589 238 0
306 106 0
308 278 1
417 150 1
617 230 0
617 367 1
315 184 0
316 106 1
316 401 0
401 375 1
319 106 1
319 706 1
706 106 0
706 361 0
391 49 0
323 106 1
323 759 1
759 106 1
759 612 0
759 727 1
759 238 0
377 106 0
377 179 1
377 324 1
325 381 1
381 424 0
326 48 0
326 106 0
328 106 1
328 600 0
600 106 1
600 751 0
781 26 0
781 652 0
330 106 1
330 199 1
333 106 0
333 668 0
668 592 0
336 429 0
429 454 0
339 106 1
339 612 0
612 106 0
612 783 1
341 106 0
642 252 1
343 734 0
734 419 1
634 282 0
634 38 0
345 106 0
347 137 1
348 390 1
390 404 0
350 770 1
770 106 0
770 603 1
354 737 1
737 387 0
737 541 0
705 281 1
667 106 1
667 263 0
667 502 0
357 75 1
357 693 1
473 279 1
473 735 1
359 214 1
359 668 0
360 736 0
736 106 0
736 610 0
361 106 0
361 319 0
362 733 1
733 106 0
733 639 1
363 106 1
363 201 0
364 673 1
673 782 0
673 262 1
366 585 0
585 753 0
585 620 1
370 422 1
422 547 0
557 234 1
557 305 1
557 493 1
372 510 0
372 86 0
510 559 1
456 106 1
456 261 1
374 197 1
374 4 1
375 106 0
375 316 1
641 106 1
641 275 0
379 106 1
463 211 0
424 325 0
387 354 0
404 348 0
392 691 1
691 599 0
394 106 1
395 106 1
395 697 0
697 106 1
697 793 0
697 559 1
397 106 0
398 106 1
398 775 1
775 453 1
528 2 0
528 106 1
402 79 0
403 303 0
406 785 1
785 106 0
785 555 0
407 106 1
497 115 0
409 495 0
495 106 0
495 488 0
410 272 1
411 629 0
629 106 1
629 658 1
413 548 1
548 106 1
548 496 1
755 12 1
419 106 1
419 343 0
420 235 1
547 370 0
423 467 0
467 106 0
467 516 1
467 223 0
425 106 0
428 106 1
428 221 1
428 39 0
454 336 0
626 74 1
578 7 0
434 209 1
435 280 0
436 525 1
525 106 1
525 618 0
437 14 0
437 106 1
439 84 0
441 515 1
515 718 1
442 106 0
442 481 0
481 106 1
481 139 1
481 672 1
443 274 1
444 31 0
444 106 1
444 311 1
676 284 1
449 106 1
449 652 0
449 781 0
652 540 0
554 92 0
451 482 1
482 498 0
729 113 0
729 243 0
453 398 0
453 245 1
459 106 1
459 145 1
460 90 1
462 532 1
532 743 0
575 97 0
516 423 1
735 24 1
735 358 0
565 34 0
470 106 1
474 65 0
672 442 0
498 451 0
483 106 0
483 127 0
485 650 1
650 106 0
650 637 1
650 159 0
487 732 1
732 106 1
732 726 0
732 62 0
488 409 1
489 106 0
493 45 1
493 106 1
496 413 0
500 521 0
521 722 1
521 245 0
531 262 1
531 14 1
653 299 1
504 100 0
605 229 1
559 106 0
559 372 1
559 668 0
559 395 0
659 91 1
596 32 1
799 21 1
718 106 1
718 441 1
517 616 0
616 716 1
518 77 0
519 106 0
722 500 1
522 106 1
522 724 1
724 106 0
724 646 1
523 741 1
741 106 1
741 638 1
618 106 0
618 436 1
529 81 1
743 462 0
534 219 0
615 23 0
536 106 0
538 687 1
687 106 0
687 594 1
644 207 1
540 449 0
756 222 0
544 106 1
546 778 0
778 106 1
778 649 0
778 250 0
549 106 1
551 106 1
552 106 1
553 103 1
555 406 1
696 53 0
569 106 1
573 106 0
573 765 0
765 106 1
765 657 1
765 766 0
574 106 1
574 772 1
772 106 0
772 723 0
790 106 1
790 200 0
579 106 0
581 106 1
581 216 0
753 366 1
587 106 1
587 180 0
656 305 0
656 557 0
592 333 0
592 559 1
592 359 1
594 106 0
594 538 1
599 392 1
599 504 0
751 106 0
751 328 0
603 350 1
606 106 1
608 95 0
609 106 0
609 713 0
713 106 1
713 762 0
713 315 0
610 360 1
783 106 1
783 339 1
716 106 1
716 517 1
635 56 1
635 106 1
624 104 0
627 106 0
658 106 0
658 411 1
658 115 0
658 767 1
637 106 1
637 485 1
638 523 1
639 362 1
682 290 0
646 522 1
648 106 1
649 546 0
714 106 0
714 223 0
657 573 1
660 106 1
661 763 0
763 688 1
663 106 0
663 698 0
698 786 0
665 106 0
666 106 0
795 243 0
795 729 1
671 106 1
782 364 1
679 106 1
686 171 1
688 661 1
689 106 0
689 711 1
689 324 0
711 771 1
690 106 1
690 579 0
793 395 0
786 663 1
704 717 0
704 647 0
717 767 1
771 689 0
762 106 0
762 609 1
767 106 1
767 704 1
767 411 0
719 106 0
723 574 0
725 106 0
726 487 1
727 106 0
727 323 1
740 106 0
742 233 0
797 6 1
749 106 1
779 106 0
780 106 1
792 106 0
