2 400 0
400 528 0
3 123 0
3 105 0
123 35 0
123 106 0
4 106 0
4 302 0
106 213 0
302 160 0
6 106 1
6 748 0
748 106 0
748 797 0
7 431 1
431 578 0
431 263 0
8 106 0
9 106 1
9 311 0
311 78 1
311 613 1
12 416 0
416 106 0
416 755 0
13 106 0
13 140 0
140 46 1
140 106 0
14 611 0
14 676 1
14 501 0
611 106 0
611 437 1
611 670 1
15 106 1
15 595 0
15 181 0
595 298 0
16 106 1
16 196 1
16 3 0
196 105 1
196 276 1
17 396 0
396 106 1
396 203 0
19 106 0
19 766 0
19 15 0
766 181 0
766 657 0
20 106 1
20 240 0
240 106 0
240 707 0
21 514 0
514 106 0
514 799 0
22 39 1
39 106 0
39 543 1
39 221 1
23 535 0
535 615 0
24 468 0
468 106 0
468 735 0
25 236 0
236 784 0
26 329 0
329 781 1
27 106 0
27 461 0
461 202 0
28 106 0
28 288 0
288 614 1
30 106 0
31 613 0
31 249 0
613 444 0
32 106 0
32 513 1
513 596 0
33 106 0
34 106 0
34 469 0
469 565 0
35 3 0
35 106 0
36 192 1
192 106 0
192 313 0
38 106 0
38 421 0
421 286 0
421 634 0
421 166 0
543 22 0
41 66 0
66 227 0
44 106 0
45 106 0
45 680 0
680 106 0
680 493 0
680 557 1
46 119 0
119 140 0
48 447 0
447 106 0
447 326 0
447 155 1
49 321 0
321 391 0
50 106 0
51 492 0
492 136 0
53 563 1
563 106 1
563 696 1
54 636 0
636 121 1
55 307 0
307 294 0
56 620 0
620 635 0
620 753 1
57 106 1
58 586 0
586 106 0
586 244 1
59 61 0
61 106 0
61 254 0
60 108 0
108 106 0
108 572 0
254 59 0
62 788 0
62 726 0
788 106 0
788 126 0
63 106 0
65 560 0
560 474 0
227 41 0
227 106 0
68 106 0
68 715 0
68 590 0
715 217 0
70 106 0
73 752 0
752 106 1
752 301 1
74 430 0
430 626 0
75 106 0
75 593 0
593 357 0
76 625 0
625 195 0
77 761 0
761 518 1
78 9 0
79 754 0
79 434 1
754 106 0
754 402 0
81 674 1
674 529 0
82 340 1
340 175 0
83 152 0
152 106 0
152 393 0
84 590 1
84 68 0
590 439 0
86 384 1
86 510 0
384 249 1
384 31 1
88 250 0
88 778 0
250 106 0
250 389 0
89 694 0
694 257 0
90 106 0
90 750 0
750 460 0
91 511 0
511 659 1
92 106 0
92 450 0
450 554 0
93 130 0
130 106 0
130 746 0
130 324 0
94 106 0
94 338 0
338 124 0
95 106 0
95 760 0
95 197 0
760 106 0
760 608 0
96 106 0
96 527 0
527 205 0
97 106 0
97 464 0
464 575 0
98 106 0
99 708 0
708 141 0
100 512 0
512 106 0
512 504 0
512 599 1
101 106 0
102 106 0
102 128 0
128 159 0
103 764 1
764 553 0
104 651 1
651 106 0
651 624 0
105 16 0
213 106 1
213 232 0
107 106 0
572 60 0
109 106 0
109 509 0
509 239 0
112 693 1
112 357 0
693 173 1
113 452 1
113 132 0
452 729 1
115 106 0
115 408 1
115 411 0
408 497 0
116 709 0
709 106 1
709 120 0
709 777 0
117 106 0
117 292 0
292 739 0
118 106 1
120 116 0
121 54 0
122 106 1
124 94 0
124 106 0
126 62 0
127 106 0
127 588 0
588 483 1
159 102 1
159 106 0
159 637 0
129 418 0
418 168 1
746 93 0
132 251 0
132 452 1
251 144 0
133 106 0
134 106 0
136 51 1
137 367 0
367 347 0
367 314 1
138 318 1
318 185 0
139 106 0
141 99 1
142 61 0
142 106 0
144 106 0
144 132 1
145 484 0
484 459 0
146 106 1
148 530 0
530 277 0
149 106 0
149 183 0
183 633 0
150 106 1
150 310 0
310 106 0
310 417 1
151 106 1
393 83 0
155 472 0
472 106 0
472 287 0
472 447 0
156 106 0
156 220 0
220 685 0
220 508 0
158 106 0
160 4 0
160 374 1
162 166 0
162 174 1
162 237 0
166 702 0
166 38 0
163 191 0
191 445 0
191 276 1
165 106 0
702 162 1
168 129 0
169 106 1
171 798 1
798 686 1
172 106 0
173 112 0
173 194 0
174 267 0
174 702 1
267 253 0
175 82 0
178 106 0
179 324 0
324 377 0
324 771 0
324 179 0
324 746 0
324 315 0
180 106 0
180 675 0
675 587 0
181 19 0
181 106 0
633 149 0
184 438 0
184 713 0
184 324 1
438 106 0
438 315 0
185 106 0
185 138 0
186 106 0
186 520 0
520 300 0
188 106 0
188 490 1
490 237 0
189 669 0
669 283 0
445 163 1
313 36 0
193 106 0
193 231 0
231 744 0
194 245 0
245 297 0
245 398 0
245 722 0
195 76 0
195 106 0
197 499 0
499 374 1
499 95 0
199 486 0
486 106 0
486 330 0
200 576 0
576 790 0
201 681 0
681 106 1
681 363 0
202 27 0
203 17 0
204 106 1
205 96 0
207 539 1
539 644 1
539 300 0
209 695 0
209 79 0
695 434 0
210 106 0
210 264 0
264 106 1
264 405 0
211 380 0
380 463 0
232 106 0
214 369 0
369 106 0
369 359 0
216 106 0
216 700 0
700 106 0
700 581 1
217 68 1
217 106 1
219 647 0
647 534 1
647 717 0
685 156 0
221 583 1
583 428 0
583 193 1
222 542 0
542 756 0
223 655 0
223 516 0
655 714 0
224 106 1
225 248 0
248 432 0
226 607 0
226 196 1
226 191 0
607 106 0
607 276 0
228 266 0
266 508 0
229 505 0
505 605 1
230 314 0
314 617 0
744 193 0
744 502 0
744 583 0
233 106 1
233 777 1
233 709 0
777 742 0
234 371 1
371 557 0
235 106 0
235 556 0
556 420 0
784 25 0
237 188 0
237 702 0
238 758 1
758 295 0
239 109 1
707 20 0
707 106 0
242 317 0
317 106 0
317 270 0
243 106 0
243 670 0
670 106 0
670 795 1
670 437 0
244 58 1
297 194 0
297 173 0
246 106 0
247 106 0
432 225 1
249 86 0
389 88 0
389 106 0
252 342 0
342 106 0
342 642 1
253 106 1
253 174 0
257 89 0
261 373 0
373 456 0
262 106 1
262 501 0
262 364 0
501 531 0
263 356 1
263 578 0
356 667 0
405 106 0
405 210 0
508 228 0
508 156 1
270 242 0
272 106 0
272 541 0
541 410 1
541 354 0
274 458 0
458 443 0
275 106 1
275 378 0
378 641 0
276 226 1
277 148 0
278 106 0
278 477 1
477 308 0
279 358 1
358 473 0
280 769 0
769 435 0
281 355 0
355 705 0
282 344 1
344 106 0
344 634 0
283 189 0
284 448 0
448 676 0
448 14 0
285 106 0
286 38 1
287 155 0
614 28 0
290 645 1
645 682 0
739 117 0
294 55 0
295 106 0
295 238 0
295 759 0
295 589 0
298 15 0
299 106 0
299 502 0
502 106 1
502 653 0
502 193 1
502 356 0
300 186 0
300 644 0
301 73 0
303 582 0
582 403 0
304 106 0
305 589 0
589 106 0
589 656 0
589 238 0
306 106 0
308 278 0
417 150 0
617 230 0
617 367 0
315 184 1
316 106 0
316 401 0
401 375 1
319 106 0
319 706 1
706 106 0
706 361 0
391 49 0
323 106 1
323 759 0
759 106 1
759 612 0
759 727 1
759 238 0
377 106 0
377 179 0
377 324 0
325 381 0
381 424 0
326 48 0
326 106 0
328 106 0
328 600 1
600 106 0
600 751 1
781 26 1
781 652 0
330 106 0
330 199 0
333 106 0
333 668 1
668 592 0
336 429 1
429 454 1
339 106 1
339 612 0
612 106 0
612 783 1
341 106 0
642 252 1
343 734 0
734 419 0
634 282 0
634 38 0
345 106 0
347 137 0
348 390 0
390 404 1
350 770 0
770 106 0
770 603 0
354 737 1
737 387 0
737 541 0
705 281 0
667 106 0
667 263 0
667 502 1
357 75 0
357 693 0
473 279 0
473 735 0
359 214 0
359 668 0
360 736 0
736 106 0
736 610 0
361 106 0
361 319 1
362 733 0
733 106 1
733 639 0
363 106 0
363 201 1
364 673 1
673 782 1
673 262 0
366 585 0
585 753 0
585 620 1
370 422 0
422 547 0
557 234 0
557 305 0
557 493 0
372 510 0
372 86 0
510 559 1
456 106 0
456 261 0
374 197 1
374 4 0
375 106 0
375 316 0
641 106 1
641 275 0
379 106 0
463 211 0
424 325 0
387 354 0
404 348 1
392 691 0
691 599 0
394 106 0
395 106 0
395 697 0
697 106 0
697 793 0
697 559 0
397 106 0
398 106 0
398 775 1
775 453 1
528 2 0
528 106 1
402 79 0
403 303 1
406 785 0
785 106 0
785 555 0
407 106 0
497 115 0
409 495 0
495 106 0
495 488 0
410 272 1
411 629 0
629 106 0
629 658 0
413 548 0
548 106 1
548 496 1
755 12 0
419 106 0
419 343 0
420 235 0
547 370 0
423 467 1
467 106 0
467 516 0
467 223 1
425 106 1
428 106 0
428 221 0
428 39 0
454 336 0
626 74 1
578 7 0
434 209 0
435 280 0
436 525 0
525 106 0
525 618 0
437 14 1
437 106 0
439 84 0
441 515 0
515 718 0
442 106 1
442 481 0
481 106 1
481 139 0
481 672 0
443 274 0
444 31 0
444 106 0
444 311 0
676 284 0
449 106 1
449 652 0
449 781 0
652 540 0
554 92 0
451 482 0
482 498 0
729 113 0
729 243 0
453 398 0
453 245 0
459 106 0
459 145 1
460 90 0
462 532 0
532 743 0
575 97 1
516 423 0
735 24 0
735 358 0
565 34 0
470 106 0
474 65 1
672 442 0
498 451 0
483 106 0
483 127 0
485 650 1
650 106 0
650 637 0
650 159 0
487 732 0
732 106 0
732 726 0
732 62 0
488 409 0
489 106 1
493 45 0
493 106 0
496 413 0
500 521 0
521 722 0
521 245 0
531 262 0
531 14 0
653 299 0
504 100 1
605 229 0
559 106 0
559 372 0
559 668 0
559 395 0
659 91 0
596 32 0
799 21 1
718 106 0
718 441 0
517 616 0
616 716 0
518 77 0
519 106 1
722 500 0
522 106 1
522 724 0
724 106 1
724 646 0
523 741 0
741 106 0
741 638 0
618 106 1
618 436 0
529 81 0
743 462 0
534 219 0
615 23 0
536 106 1
538 687 1
687 106 0
687 594 0
644 207 0
540 449 1
756 222 0
544 106 0
546 778 1
778 106 0
778 649 0
778 250 1
549 106 0
551 106 0
552 106 1
553 103 1
555 406 0
696 53 0
569 106 0
573 106 0
573 765 0
765 106 0
765 657 0
765 766 1
574 106 0
574 772 0
772 106 0
772 723 0
790 106 0
790 200 1
579 106 1
581 106 0
581 216 0
753 366 0
587 106 0
587 180 1
656 305 0
656 557 1
592 333 0
592 559 0
592 359 1
594 106 0
594 538 0
599 392 1
599 504 0
751 106 0
751 328 0
603 350 0
606 106 0
608 95 0
609 106 0
609 713 0
713 106 0
713 762 0
713 315 1
610 360 0
783 106 0
783 339 0
716 106 0
716 517 0
635 56 1
635 106 1
624 104 0
627 106 0
658 106 1
658 411 0
658 115 0
658 767 0
637 106 0
637 485 0
638 523 1
639 362 0
682 290 0
646 522 0
648 106 0
649 546 0
714 106 1
714 223 0
657 573 0
660 106 0
661 763 0
763 688 0
663 106 0
663 698 0
698 786 0
665 106 0
666 106 0
795 243 1
795 729 0
671 106 0
782 364 0
679 106 0
686 171 0
688 661 0
689 106 0
689 711 1
689 324 0
711 771 0
690 106 0
690 579 0
793 395 0
786 663 0
704 717 1
704 647 0
717 767 0
771 689 0
762 106 0
762 609 1
767 106 0
767 704 1
767 411 0
719 106 0
723 574 0
725 106 0
726 487 0
727 106 1
727 323 0
740 106 0
742 233 0
797 6 0
749 106 1
779 106 0
780 106 0
792 106 0
