0 507 0
0 577 0
507 25 0
507 577 1
507 260 0
507 580 1
577 731 0
1 577 0
2 958 0
958 709 0
3 536 0
3 577 0
3 156 0
536 577 1
536 771 0
4 577 0
6 577 1
7 577 0
9 577 0
10 480 0
10 577 0
480 577 0
480 817 1
11 577 0
12 577 0
13 577 1
14 150 0
14 357 1
150 776 0
15 577 1
16 360 1
16 577 0
16 613 0
360 577 1
360 915 1
18 577 0
18 605 0
605 577 0
605 627 0
19 577 0
20 577 1
21 577 1
22 577 0
22 581 1
581 356 0
581 577 1
23 577 0
24 577 0
25 0 0
25 577 0
26 388 0
388 577 0
388 904 0
388 645 0
28 577 0
31 577 0
32 577 0
32 724 0
724 612 1
724 661 0
724 770 1
33 43 0
33 577 1
33 670 0
43 238 0
34 577 1
35 465 0
35 577 0
465 543 0
36 577 0
38 577 0
39 577 0
40 577 0
42 577 0
238 33 0
238 577 0
44 577 0
45 577 1
46 577 0
46 809 0
809 305 0
809 577 0
47 369 1
47 577 1
47 150 0
369 405 0
369 577 1
49 297 0
49 577 0
297 577 0
297 672 0
52 309 1
52 577 1
309 674 0
309 492 0
53 577 0
54 577 0
55 577 0
56 577 0
57 806 0
57 292 1
806 716 0
58 577 0
59 61 1
59 577 0
61 290 1
61 577 0
60 577 0
60 892 0
60 575 1
892 224 0
290 59 0
290 577 0
290 141 0
290 255 0
62 577 0
63 577 0
64 407 0
407 254 0
65 577 1
66 283 1
66 577 1
66 550 0
283 577 0
283 626 0
67 109 0
67 348 0
67 577 1
67 270 0
109 577 0
348 577 0
348 983 0
68 107 1
68 577 0
107 943 0
69 577 0
70 577 0
71 577 0
72 577 0
72 963 0
963 414 0
963 577 0
73 550 0
550 577 0
550 979 1
550 283 0
74 577 0
77 577 0
77 733 1
733 241 0
78 577 0
80 577 1
81 577 0
82 577 0
82 604 1
604 174 0
604 577 0
83 577 0
85 768 0
768 548 0
768 577 0
768 350 0
86 577 0
87 577 0
88 153 0
88 577 0
153 975 0
91 577 1
91 821 1
821 592 0
92 918 0
92 507 0
92 204 0
918 260 0
93 449 0
93 575 0
449 357 0
449 577 0
449 130 0
449 14 0
94 781 0
781 133 0
95 424 0
95 577 0
424 577 0
424 677 0
424 639 1
96 577 1
97 372 0
97 577 0
97 439 0
372 213 1
372 577 0
98 871 0
98 305 0
98 454 0
871 142 0
871 577 0
100 577 0
101 577 0
102 577 0
103 577 0
104 577 0
105 577 1
943 68 0
108 577 0
110 577 0
110 997 0
997 268 0
111 577 0
113 577 0
114 151 0
114 577 0
151 171 0
151 577 0
151 867 0
115 577 0
116 577 0
118 577 0
120 708 0
708 912 0
121 577 0
123 945 0
123 211 0
945 272 0
945 577 0
124 577 0
125 823 0
823 577 0
823 822 1
126 255 0
126 577 0
255 620 0
255 59 1
127 577 1
129 577 1
130 577 0
130 992 0
130 357 0
992 577 0
992 617 1
992 359 0
131 412 0
412 500 1
132 577 1
132 877 0
877 577 1
877 853 0
877 980 1
133 94 0
133 26 0
135 577 0
135 919 0
135 605 0
919 575 0
919 577 0
919 60 0
919 93 0
137 577 0
139 577 0
141 577 0
141 676 1
141 59 0
676 555 0
676 577 0
142 98 0
142 577 0
143 577 0
144 577 0
145 577 0
147 577 0
148 577 1
148 789 0
789 577 0
149 577 0
149 645 0
149 388 0
645 577 0
645 647 0
645 701 0
776 14 0
776 577 0
776 47 0
171 114 0
975 88 1
154 577 0
155 577 1
156 707 0
707 577 0
707 725 1
707 3 0
157 577 0
161 577 1
162 577 0
163 577 0
164 333 0
164 577 0
333 577 0
333 622 0
165 577 0
167 577 0
169 403 0
169 577 0
403 577 1
403 685 0
172 437 0
172 577 1
437 426 1
437 577 1
173 467 0
467 519 0
467 638 0
174 82 0
174 577 0
177 204 0
177 577 1
204 425 0
204 577 0
204 260 0
181 577 1
183 577 0
185 577 0
186 40 1
186 577 0
189 400 0
189 577 0
400 969 0
192 577 0
193 577 0
193 618 0
193 519 1
618 230 0
194 577 1
194 664 0
664 577 1
195 576 1
195 577 0
576 577 0
576 668 0
576 968 0
196 577 0
197 497 0
197 577 0
497 477 0
497 506 0
497 577 0
198 642 0
642 416 0
642 577 1
201 373 0
373 659 1
202 577 0
203 461 1
203 577 0
461 322 0
461 577 0
425 177 1
425 577 0
207 577 0
208 577 1
209 577 0
209 792 0
792 577 0
792 968 0
211 528 0
211 577 1
528 525 1
528 577 0
528 725 0
528 123 1
213 97 0
215 577 1
216 577 1
217 977 1
977 650 0
218 577 0
219 105 1
219 577 0
220 962 1
962 483 0
962 577 1
221 577 1
222 577 0
223 364 0
223 577 0
364 577 1
364 740 0
224 60 0
225 577 0
226 577 0
227 577 0
229 577 0
230 193 0
230 577 0
231 577 0
232 577 1
233 670 0
233 247 1
670 485 0
670 577 0
670 43 1
234 577 1
235 577 0
236 577 0
236 987 0
987 577 0
987 759 0
237 382 0
237 577 1
382 571 1
382 577 0
240 577 0
241 77 0
241 577 0
242 577 0
243 577 1
246 577 0
247 478 0
247 577 0
247 485 0
478 577 0
478 898 0
248 577 0
251 577 1
252 577 0
253 577 0
254 64 0
254 577 0
620 126 0
256 577 1
258 509 0
258 577 0
258 572 0
509 387 0
509 577 0
260 92 0
260 577 0
261 577 0
262 577 0
263 577 0
264 577 0
265 577 0
266 577 0
267 341 0
341 321 0
268 110 1
269 577 0
269 791 0
791 383 0
791 402 1
270 328 0
270 577 0
270 348 0
328 796 1
272 123 0
272 577 0
273 577 0
274 662 0
662 381 0
662 577 0
275 577 0
276 577 0
277 946 1
946 577 0
946 974 0
278 577 0
280 526 0
280 577 0
526 577 1
282 577 0
626 66 0
626 577 0
626 49 1
284 403 0
284 439 0
284 577 0
439 460 0
439 577 0
439 661 1
439 372 0
439 453 0
285 273 0
285 577 1
286 361 0
286 91 0
361 577 0
361 764 0
287 577 0
288 577 0
289 415 1
289 577 0
415 577 0
415 940 0
415 497 1
292 868 1
292 716 0
868 577 1
868 770 0
868 724 0
293 359 1
359 765 0
359 386 0
359 617 0
294 577 0
294 696 0
696 577 0
696 867 0
696 151 1
296 577 0
672 49 0
672 626 0
298 927 1
927 541 0
300 577 0
301 577 0
302 577 0
303 577 0
304 643 1
643 577 0
643 738 0
305 46 1
305 932 0
305 142 0
306 577 0
307 363 0
363 577 0
363 825 0
363 663 1
308 577 1
674 52 0
674 577 0
310 577 0
311 577 1
311 760 0
760 367 0
760 577 0
312 577 1
314 577 1
315 587 0
587 577 0
587 638 0
587 736 0
587 773 0
316 577 0
317 577 1
319 577 1
320 703 0
703 401 0
321 267 1
322 370 0
322 577 0
370 461 0
324 577 0
325 577 0
327 577 0
796 270 0
796 577 0
329 577 0
332 577 0
622 164 0
622 577 0
622 497 1
334 442 0
334 577 0
442 471 0
442 577 0
335 577 0
336 577 0
339 577 0
340 577 1
343 174 0
343 577 0
345 577 0
345 625 0
625 433 0
625 577 1
346 577 1
347 577 0
347 839 0
839 577 0
839 832 0
839 132 0
983 67 0
983 577 0
983 492 0
350 408 0
350 577 0
350 548 1
408 656 1
351 577 1
352 437 0
353 577 0
355 577 0
356 22 0
356 577 0
357 93 0
765 293 1
765 577 0
915 16 0
764 286 0
362 577 0
825 307 1
825 577 0
740 223 0
740 577 1
365 544 0
365 577 0
544 577 0
366 396 0
366 577 0
396 577 0
367 311 0
368 577 0
405 47 0
405 577 0
659 201 1
659 577 0
374 577 0
375 577 0
377 830 0
830 577 0
830 848 0
378 577 0
379 577 1
380 577 1
380 882 0
882 479 0
882 577 0
882 606 0
381 274 0
571 237 0
571 577 0
383 269 0
383 577 0
383 500 0
384 577 0
385 577 0
386 577 0
386 874 0
874 472 0
387 258 0
387 577 0
904 26 1
904 133 1
392 577 0
393 756 0
756 577 0
756 698 0
395 749 0
749 577 0
749 720 0
397 275 0
397 577 0
398 577 0
398 728 0
728 577 0
728 726 1
969 189 0
969 577 1
401 320 0
401 577 0
402 557 0
557 504 0
685 169 0
404 577 0
406 577 0
656 350 0
411 577 1
411 976 0
976 572 0
500 131 0
500 577 0
500 269 0
413 577 1
414 72 0
940 289 1
416 198 0
417 661 0
417 439 1
417 724 0
661 577 0
661 887 0
418 577 0
419 577 0
419 773 0
419 305 0
773 932 1
773 315 0
420 577 1
421 577 1
421 752 0
752 758 0
422 577 0
422 744 0
744 458 0
744 747 0
423 486 0
423 577 1
423 676 0
486 546 0
486 577 0
677 95 0
426 352 0
426 577 0
429 786 0
786 454 0
430 577 1
432 577 0
433 345 1
434 577 0
436 577 0
438 7 1
438 577 1
460 284 0
441 577 0
471 334 0
471 577 0
443 577 0
444 577 0
446 577 0
447 577 1
448 577 1
450 577 0
451 577 0
452 577 0
453 810 1
810 599 0
810 439 0
454 429 0
454 142 0
455 577 0
457 577 0
458 422 0
458 577 0
462 577 1
463 577 0
464 577 0
543 35 0
543 577 0
466 577 0
466 639 0
466 877 0
466 663 1
639 577 0
639 980 0
639 677 0
519 173 0
519 618 0
469 577 1
472 386 0
472 359 0
473 577 0
475 577 0
476 577 1
476 600 0
600 966 1
477 197 0
477 577 0
477 415 0
477 622 0
898 247 1
479 380 0
479 577 0
817 10 0
817 577 0
482 577 0
483 220 0
483 577 0
484 577 0
485 233 0
546 423 1
546 577 0
487 577 0
488 577 0
489 569 0
489 577 0
569 577 0
569 723 1
490 577 0
491 577 0
492 683 0
683 577 0
683 598 0
683 983 0
683 309 0
493 577 0
496 577 0
506 577 0
499 577 1
502 917 0
917 577 0
917 903 0
917 598 0
917 974 0
503 577 0
504 402 0
504 791 0
505 577 0
508 577 0
510 577 0
510 914 0
914 577 0
914 931 1
511 577 0
512 577 1
513 577 0
514 577 0
515 577 0
516 577 1
517 577 1
518 577 0
521 577 1
523 577 0
525 211 0
529 577 0
530 577 0
531 577 0
532 577 0
534 577 0
535 577 0
771 3 0
537 577 0
539 577 0
540 577 0
540 635 0
635 679 0
541 298 0
541 577 0
542 577 0
545 577 1
547 577 0
548 85 1
548 577 0
979 73 0
979 577 1
551 577 0
552 577 0
553 577 0
555 141 1
555 577 0
555 423 0
556 577 0
558 577 0
559 577 0
560 577 0
560 985 0
985 747 0
561 577 0
562 577 0
563 577 0
566 577 0
567 577 0
568 577 0
723 275 0
723 489 0
723 577 1
570 577 1
572 411 0
572 577 0
572 387 0
572 347 0
574 577 0
574 889 0
889 577 0
575 135 0
668 195 0
668 577 0
731 577 0
731 663 0
578 577 0
579 577 0
580 956 1
956 577 0
956 606 1
956 507 0
583 577 0
586 577 0
638 315 0
638 577 0
638 173 0
736 577 0
589 577 1
592 91 0
592 577 0
592 286 0
593 577 0
594 577 0
595 577 0
596 577 0
598 492 0
598 502 0
599 453 0
599 577 0
966 476 0
966 577 0
601 577 0
627 719 0
627 725 0
627 135 1
606 580 0
606 380 0
607 577 0
608 577 1
609 577 1
610 577 0
611 71 0
611 275 1
611 577 0
612 32 0
613 928 0
613 915 0
928 805 0
614 577 0
615 577 0
617 130 0
619 455 1
619 577 0
623 577 0
624 577 0
719 605 0
628 215 0
628 577 0
629 506 0
629 577 1
630 577 0
631 577 0
632 577 0
633 577 0
634 577 0
679 540 0
679 577 0
636 577 0
980 466 0
640 577 0
738 304 1
738 577 0
644 577 0
647 149 1
647 577 0
701 577 1
649 577 0
650 217 0
651 577 0
654 577 0
655 577 1
657 577 0
658 577 1
660 577 1
887 417 1
663 577 0
663 825 0
663 980 0
665 577 1
671 577 0
673 577 0
675 577 0
678 177 0
678 577 0
681 577 0
684 577 0
686 577 0
686 984 0
686 699 0
984 699 0
984 686 0
687 577 0
689 577 1
692 577 0
693 577 0
694 577 0
695 577 0
695 805 0
805 577 0
805 613 0
867 294 0
867 577 0
698 393 0
698 577 0
699 577 0
699 686 0
700 577 1
702 577 0
704 577 0
705 577 0
706 577 0
725 156 0
725 577 1
725 605 1
725 211 0
912 120 0
709 2 0
712 577 0
713 577 0
714 577 0
715 577 0
716 57 0
716 577 0
718 577 0
720 395 0
722 577 0
726 398 0
726 577 0
727 577 0
730 577 0
732 577 0
732 818 1
818 855 0
737 577 1
739 577 0
741 577 1
742 577 1
743 577 0
745 577 0
746 577 0
747 560 0
747 458 0
750 577 0
758 421 0
758 577 0
753 577 0
754 577 0
757 577 0
759 236 0
759 577 0
766 577 0
767 577 0
769 577 0
770 292 0
770 577 1
932 419 0
932 577 0
774 577 0
775 577 0
775 736 1
777 577 0
779 577 0
782 577 0
783 577 0
784 577 0
785 577 1
788 577 0
790 577 0
968 209 0
968 577 0
968 195 0
797 577 0
798 577 0
800 577 0
802 108 0
802 577 0
804 577 0
807 577 0
811 577 0
812 577 0
855 577 1
855 732 0
819 577 0
822 125 0
827 577 0
829 577 0
848 377 0
832 347 0
832 572 0
833 577 0
834 577 0
837 577 0
838 577 0
841 577 0
843 577 0
844 577 0
845 577 0
849 577 0
851 577 0
852 577 0
853 86 0
853 132 0
853 577 0
853 839 0
856 577 0
858 577 0
859 577 0
864 577 0
865 577 1
866 577 0
872 577 0
875 577 0
878 577 0
879 577 0
880 577 0
883 577 1
885 577 1
886 577 0
888 577 0
890 577 0
891 577 1
894 577 1
895 577 0
897 577 0
899 577 0
900 516 0
900 577 1
903 502 1
903 577 0
903 914 1
905 577 0
907 577 1
908 577 0
909 577 0
913 577 0
931 510 0
931 577 0
922 577 0
923 577 1
926 348 0
926 577 0
929 577 0
930 577 0
933 577 0
935 577 0
936 577 0
938 577 0
939 577 0
941 577 1
942 577 1
944 577 0
974 277 0
974 577 0
974 502 0
947 577 0
948 577 0
950 577 0
953 577 0
954 577 1
955 577 0
957 577 1
959 577 0
960 577 0
961 577 0
964 577 0
965 577 1
970 577 0
971 577 1
971 644 0
972 577 0
978 577 0
981 577 0
982 577 0
988 577 0
989 577 0
990 577 0
991 577 0
994 577 0
995 577 0
996 577 0
998 577 0
998 804 0
