0 68 1
0 507 1
68 107 0
507 25 0
507 68 1
507 49 1
1 68 1
2 958 1
958 68 0
958 709 0
958 150 1
3 68 0
3 536 1
536 68 1
536 771 1
536 670 1
5 68 1
7 68 1
10 68 1
10 480 0
480 68 1
480 817 1
480 847 1
11 68 1
12 68 1
14 150 0
14 429 1
150 68 1
150 776 1
16 360 1
360 915 1
19 68 1
20 68 1
21 68 1
24 68 1
25 0 0
25 68 0
26 68 0
26 388 1
388 5 1
388 68 0
388 904 0
388 334 1
27 68 1
27 117 1
117 68 0
31 68 0
32 68 1
32 724 0
724 612 0
724 940 1
33 43 1
33 68 1
43 238 1
35 68 1
35 465 0
465 543 1
465 572 1
39 68 1
40 68 1
40 867 1
867 68 0
867 294 1
238 33 1
238 68 1
238 483 1
238 932 1
46 809 1
809 305 1
809 220 1
809 599 0
47 68 1
47 369 0
47 405 1
369 68 1
369 405 1
369 47 1
49 68 1
49 297 1
297 672 1
50 68 0
52 68 1
52 309 1
309 674 1
309 492 1
53 68 1
54 68 1
55 68 1
56 68 1
57 68 1
57 806 1
806 716 1
58 68 1
59 61 1
59 68 0
61 68 0
61 290 0
61 575 1
60 68 1
60 167 1
60 892 1
167 68 1
892 68 1
892 224 1
892 823 1
290 59 1
63 68 0
64 68 1
66 68 1
66 283 1
66 543 1
66 662 1
283 68 1
283 626 1
67 68 1
67 348 1
348 68 1
348 983 1
107 68 1
107 943 1
107 423 1
71 68 1
72 68 0
72 963 1
72 370 1
963 68 1
963 414 0
73 68 1
73 550 1
550 68 0
550 979 0
74 68 1
75 68 1
76 68 1
77 68 0
77 733 1
733 68 1
733 241 1
78 68 1
81 68 1
82 68 1
82 604 1
604 174 1
85 68 0
85 768 1
85 772 1
85 195 1
768 68 0
768 548 1
772 68 1
86 68 1
87 68 1
88 153 1
153 68 1
153 975 1
89 68 1
90 68 0
91 68 1
92 918 1
92 966 1
92 270 1
92 685 1
918 260 0
918 421 1
93 68 1
93 449 1
93 732 1
449 68 0
449 357 1
449 373 1
732 68 1
732 818 1
94 68 0
94 781 1
781 68 1
781 133 1
781 759 1
95 68 1
95 424 0
424 68 0
424 677 1
96 68 1
97 68 1
97 372 1
372 68 1
372 213 1
98 871 1
98 247 1
871 68 1
871 142 1
100 68 1
101 68 1
102 68 0
103 68 1
104 68 1
105 68 1
943 68 1
109 68 0
110 997 1
997 268 1
111 68 1
113 68 1
114 68 1
114 151 1
151 68 1
151 171 1
115 68 0
115 227 1
227 68 1
116 68 1
118 68 1
120 708 1
708 68 1
708 912 0
123 68 1
123 945 1
945 68 1
945 272 0
124 68 1
125 823 1
125 966 1
823 68 1
823 822 0
823 224 1
126 68 1
126 255 1
255 620 1
129 68 1
130 992 1
130 458 1
992 68 0
992 617 1
131 68 1
131 412 1
131 626 1
412 500 1
132 877 1
877 853 1
877 945 0
133 94 1
135 68 1
135 919 1
919 68 1
919 575 1
919 61 1
137 68 1
139 68 1
140 68 1
141 68 1
141 676 1
676 555 1
142 68 1
142 98 1
143 68 0
144 68 1
149 57 1
149 68 1
149 645 1
645 647 1
776 14 1
776 958 1
171 114 1
152 68 1
975 88 0
975 236 1
154 68 0
155 68 1
156 707 1
707 68 1
707 725 1
707 557 0
707 247 1
158 68 1
161 68 0
162 68 1
164 68 0
164 333 1
333 68 1
333 622 1
165 68 1
166 68 1
168 68 0
169 68 1
169 403 0
403 68 0
403 685 1
170 68 1
172 68 0
173 68 1
173 467 0
467 68 1
467 519 1
467 830 1
174 68 1
174 82 1
174 277 1
177 68 1
177 204 0
204 68 0
204 73 1
204 425 1
204 489 1
204 381 1
178 68 1
179 68 1
181 68 1
183 68 1
185 21 1
185 68 1
187 68 1
189 68 0
189 400 0
189 698 1
400 68 1
400 969 1
192 68 1
193 68 0
193 618 1
618 68 1
618 230 1
194 68 1
195 68 0
195 576 1
576 68 1
576 668 0
576 373 1
576 85 0
196 68 1
197 68 0
197 497 1
497 68 1
497 477 1
198 642 0
642 416 1
200 68 0
201 373 0
373 68 1
373 659 0
373 793 1
373 195 1
373 357 1
202 68 0
203 68 1
425 68 1
425 177 1
489 68 1
489 569 1
205 68 1
206 68 0
207 68 1
208 68 1
209 68 1
209 792 1
792 68 0
792 968 0
210 68 1
211 68 1
211 528 0
528 68 1
528 525 0
213 97 1
213 740 1
215 68 0
216 68 1
217 68 1
217 977 0
977 650 1
218 68 1
219 68 1
220 962 1
220 46 0
962 68 1
962 483 0
962 238 1
223 364 0
364 68 0
364 740 1
364 970 1
364 439 0
364 213 1
224 60 1
224 68 1
226 68 1
229 68 1
230 193 1
231 68 1
233 68 1
233 670 0
670 68 1
670 485 1
670 433 1
670 771 1
234 68 1
235 68 0
236 987 1
987 68 1
987 759 1
987 975 1
237 68 1
237 382 1
382 68 1
382 571 1
239 68 1
240 68 1
241 68 0
241 77 1
242 68 1
243 68 1
244 68 1
246 68 1
247 68 1
247 478 1
247 156 1
247 142 1
478 898 0
250 68 1
251 68 0
252 68 1
253 68 1
254 68 1
620 126 1
257 68 1
258 68 0
258 462 0
258 509 0
258 719 1
462 68 1
509 68 1
509 387 1
509 997 0
259 68 1
260 92 1
262 68 1
263 68 1
264 68 1
265 68 1
266 68 1
267 68 1
267 341 1
341 68 0
341 321 1
341 879 1
268 110 1
268 509 1
269 68 1
269 791 1
791 383 1
270 68 1
270 328 0
270 345 1
270 260 1
328 68 0
328 796 1
345 68 0
345 625 1
345 670 1
272 68 1
272 123 0
272 758 1
272 877 1
273 68 0
273 240 1
274 662 1
274 204 1
662 68 0
662 381 1
662 283 0
275 68 1
275 334 1
334 68 1
334 442 1
276 68 1
277 946 1
946 974 1
946 174 1
278 68 1
280 68 1
281 68 1
282 68 0
626 66 0
626 412 1
284 68 1
284 439 1
439 68 1
439 460 1
439 740 1
439 386 1
286 361 1
361 68 1
361 764 1
287 68 1
288 68 1
289 68 1
289 415 1
289 724 1
415 68 1
415 545 1
415 940 1
292 68 1
292 868 0
868 68 0
868 770 1
293 68 1
293 359 1
359 765 1
294 68 1
294 696 1
696 68 1
696 867 1
672 49 1
672 68 1
672 507 1
298 927 0
927 68 0
927 541 1
927 26 0
300 68 1
300 864 1
864 68 1
301 68 0
302 68 1
302 243 1
303 68 1
304 68 1
304 643 1
643 68 1
643 738 1
643 497 1
305 46 1
306 68 1
307 68 1
307 363 1
363 68 1
363 825 1
308 68 1
674 52 0
674 68 1
311 68 1
311 760 0
760 68 1
760 367 0
315 587 1
587 19 0
587 68 1
587 638 1
587 903 1
319 68 1
320 68 1
320 703 1
703 68 1
703 401 1
321 68 0
321 267 1
322 68 1
322 370 1
370 68 1
370 461 1
370 963 1
324 68 1
325 68 0
327 68 1
796 68 1
796 270 0
329 68 0
330 68 1
332 68 0
622 68 0
622 164 1
442 68 0
442 471 1
442 686 1
442 388 1
335 68 1
336 68 0
337 68 1
338 68 0
339 68 1
340 68 1
879 68 0
342 68 1
625 433 0
625 429 1
347 68 1
347 839 1
839 68 1
839 832 1
983 67 1
983 68 1
983 985 0
349 68 1
350 68 1
350 408 1
408 68 1
408 656 1
351 68 0
352 437 1
437 68 1
437 426 1
354 68 1
355 68 1
357 93 1
358 68 1
765 293 1
915 16 1
915 68 1
764 286 1
362 68 1
825 68 1
825 307 1
740 68 1
740 223 1
970 68 1
365 68 1
366 68 1
367 311 0
405 47 0
405 68 1
461 68 0
461 322 0
659 68 1
659 201 1
793 68 1
374 68 1
377 68 1
377 830 1
830 68 1
830 848 1
830 173 1
378 68 1
379 68 1
380 68 1
381 68 1
381 274 1
571 68 1
571 237 1
383 68 1
383 269 1
386 68 1
386 874 1
874 472 1
387 68 1
387 258 1
904 26 1
904 927 1
391 68 1
392 68 1
392 107 1
393 756 1
393 189 0
756 68 1
756 698 1
394 68 0
395 749 1
749 68 1
749 720 1
396 68 1
397 68 1
397 355 0
398 728 0
728 68 1
728 726 0
969 189 1
401 320 1
402 68 1
402 557 1
557 504 0
557 156 0
685 169 0
685 260 1
685 421 1
404 68 1
406 68 1
407 68 1
656 68 1
656 350 1
409 68 1
411 68 1
411 976 0
976 68 0
976 572 1
976 912 1
500 68 1
500 131 1
500 492 1
414 68 1
414 72 1
414 395 1
545 68 1
940 289 1
416 198 1
417 661 1
661 68 1
661 887 0
418 68 1
419 773 1
419 238 1
773 932 1
773 699 0
420 68 0
421 68 1
421 752 1
752 758 1
752 918 1
752 685 1
422 68 1
422 744 1
744 68 1
744 458 1
744 130 1
423 68 0
423 486 1
423 699 1
486 68 1
486 546 1
677 68 1
677 95 1
426 352 1
427 68 1
428 68 1
429 786 0
786 454 1
786 14 1
786 625 1
430 68 1
431 68 0
432 68 1
433 68 0
433 345 0
434 68 1
435 68 1
436 68 0
460 284 1
440 68 1
441 68 1
471 68 1
471 334 1
443 68 1
444 68 1
445 68 1
446 68 1
447 68 0
448 68 1
452 68 1
453 810 1
810 68 1
810 599 1
454 429 1
455 68 1
456 68 1
457 68 1
458 68 1
458 422 1
459 68 1
463 68 1
463 301 1
464 68 1
543 35 1
543 68 0
543 283 1
466 68 1
466 639 1
639 68 0
639 980 1
639 805 1
519 173 1
469 68 1
470 68 1
472 68 1
472 386 1
472 439 1
473 68 1
473 363 1
474 68 1
475 68 0
476 68 1
476 600 1
600 966 1
600 668 1
477 68 1
477 197 1
477 643 1
898 247 1
479 68 1
817 10 0
847 68 1
482 68 1
483 220 1
484 68 1
485 233 1
546 68 0
546 423 0
488 68 1
569 68 1
569 723 1
490 68 1
492 68 1
492 683 1
683 598 0
683 500 1
683 309 1
493 68 0
493 628 1
628 68 0
501 68 1
502 917 1
917 68 1
917 903 1
503 68 1
504 402 1
505 68 1
506 68 1
508 68 1
510 68 1
513 68 0
514 68 0
514 588 0
588 68 1
515 68 1
516 68 1
517 68 1
521 68 1
522 68 1
524 68 1
525 211 1
526 68 1
526 901 1
901 68 1
527 68 1
529 68 1
530 68 1
531 68 1
532 68 0
533 68 1
534 68 0
535 68 0
771 3 1
771 68 1
537 68 1
539 68 1
540 635 1
635 679 0
541 68 1
541 298 1
542 68 1
544 68 0
547 68 1
548 68 1
548 85 1
979 68 1
979 73 1
979 169 0
552 68 1
555 68 1
555 141 1
556 68 1
559 68 1
559 864 1
560 68 1
560 985 0
560 983 1
985 747 1
561 68 1
562 68 1
563 68 1
565 68 0
566 68 1
567 68 1
568 68 1
723 68 1
723 489 1
723 889 1
572 411 1
572 35 1
573 68 1
574 68 1
575 135 1
668 195 1
668 476 1
577 68 0
578 68 1
580 68 1
580 956 1
956 68 1
956 606 1
581 68 1
585 68 0
638 68 1
638 315 0
589 68 1
592 68 1
593 68 1
594 68 1
595 68 1
596 68 1
598 68 1
598 492 0
599 453 1
599 46 1
966 68 0
966 476 1
966 822 1
966 260 1
605 68 1
605 627 1
627 68 1
627 719 1
606 580 0
607 68 1
608 68 1
610 68 0
611 68 0
612 32 1
612 68 1
613 928 1
928 68 1
928 805 1
928 639 1
614 68 0
616 68 1
617 68 0
617 130 0
619 68 1
623 68 1
624 68 1
719 68 1
719 605 1
719 387 1
630 68 1
631 68 1
633 68 1
679 540 0
636 68 1
637 68 0
980 466 1
641 68 0
738 68 1
738 304 1
647 149 1
648 68 1
649 68 1
650 68 0
650 217 1
651 68 1
654 68 1
655 68 1
657 68 1
658 68 0
660 68 1
887 417 1
663 68 1
664 68 0
665 68 0
666 68 1
667 68 1
671 68 1
675 68 1
681 68 1
684 68 1
686 68 1
686 984 0
686 334 0
984 699 1
984 423 0
984 773 1
687 68 0
689 68 0
690 68 1
693 68 0
694 68 0
695 68 1
698 68 1
698 393 1
699 68 1
699 686 1
700 68 1
702 68 1
705 68 1
706 68 0
725 68 1
725 156 1
912 68 0
912 120 1
912 411 0
709 2 1
709 68 0
712 68 0
714 68 1
715 68 1
716 57 1
716 68 1
717 68 0
718 68 0
720 68 1
720 395 1
720 414 1
889 68 0
726 68 1
726 398 1
727 68 1
730 68 0
731 68 1
818 68 0
818 855 0
734 68 1
735 68 1
736 68 1
736 660 1
736 931 1
931 68 1
737 68 1
739 68 1
742 68 0
743 68 0
745 68 0
747 560 1
748 68 1
758 68 1
758 421 1
758 945 0
753 68 1
754 68 1
755 68 1
757 68 1
759 68 0
759 236 0
759 94 1
761 68 0
762 68 1
766 68 1
769 68 1
770 68 1
770 292 1
932 68 0
932 419 1
775 68 0
778 68 1
779 68 1
784 68 0
787 68 0
788 68 1
789 68 1
790 68 1
968 68 1
968 209 0
794 68 0
795 68 0
797 68 0
798 68 0
798 889 1
801 68 1
802 68 1
803 68 0
805 613 1
808 68 1
812 68 1
813 68 1
855 68 1
855 732 0
819 68 0
820 68 1
821 68 1
822 68 1
822 125 0
826 68 0
826 263 0
827 68 0
828 68 1
829 68 0
848 377 1
832 68 1
832 347 0
834 68 1
835 68 1
836 68 1
837 68 0
838 68 1
841 68 1
842 68 1
843 68 1
844 68 1
845 68 1
849 68 1
851 68 1
852 68 1
853 68 1
853 132 0
854 68 0
856 68 1
858 68 1
860 68 1
862 68 0
863 68 1
865 68 1
866 68 0
869 68 1
875 68 1
878 68 1
882 68 1
885 68 0
886 68 1
888 68 1
890 68 1
891 68 1
895 68 1
899 68 1
902 68 1
903 502 1
903 315 1
906 68 0
907 68 1
909 68 1
910 68 1
911 68 1
913 68 1
916 68 0
920 68 1
921 68 1
922 68 1
923 68 1
924 68 0
929 68 1
930 68 1
933 68 1
935 68 1
936 68 0
937 68 1
938 68 1
939 68 1
941 68 1
942 68 1
974 68 0
974 277 1
947 68 1
948 68 1
950 68 1
951 68 1
952 68 1
953 68 1
959 68 1
961 68 1
965 68 1
971 68 1
972 68 1
973 68 0
981 68 1
982 68 1
986 68 0
988 68 0
989 68 1
990 68 0
991 68 1
994 68 1
995 68 1
996 68 1
998 68 1
999 68 1
