0 507 1
0 815 1
0 286 1
0 749 0
507 25 0
815 6 1
1 815 1
2 958 1
958 709 0
958 815 0
958 6 0
958 333 0
3 536 0
3 815 1
3 333 1
3 142 1
536 771 0
536 815 1
536 855 0
536 93 0
5 815 1
6 812 0
812 815 0
812 958 1
7 109 1
7 815 1
7 241 0
109 890 0
10 480 1
10 815 0
10 486 0
10 940 0
480 815 1
480 817 0
12 815 1
13 815 0
14 150 1
14 815 0
14 401 1
150 776 1
15 815 1
15 843 1
843 933 0
16 360 1
360 915 0
360 395 0
19 167 1
167 145 0
167 815 0
167 348 1
20 815 0
21 726 1
21 815 1
726 398 1
726 815 0
726 224 1
22 581 0
22 815 1
581 356 1
24 343 1
24 815 0
343 115 0
343 815 0
343 241 1
25 0 0
26 388 0
388 904 0
27 815 0
30 815 1
31 815 1
31 833 1
833 815 1
32 724 1
32 815 1
724 612 0
724 545 0
33 43 0
33 815 1
43 238 1
35 465 0
465 543 0
465 815 1
38 815 0
39 815 1
40 815 0
41 673 0
41 725 1
673 757 1
42 815 0
238 33 0
238 153 1
44 815 0
46 809 0
809 305 1
47 369 0
47 815 1
369 405 0
369 815 0
369 510 0
49 297 1
297 672 1
52 309 1
309 674 0
309 815 1
53 815 0
54 430 1
54 815 0
430 257 0
55 815 0
56 815 0
57 806 1
57 815 1
806 716 1
806 815 0
806 699 1
58 476 1
58 815 0
476 600 1
476 815 1
59 61 0
59 815 1
61 290 1
61 815 0
60 325 1
60 815 0
60 892 0
60 617 0
60 314 0
325 815 0
892 224 0
892 726 0
290 59 1
290 815 1
62 629 0
629 517 0
64 407 1
407 254 1
407 815 0
66 283 1
66 815 1
283 626 0
67 348 0
67 815 1
67 167 1
348 815 0
348 983 0
68 107 0
68 815 1
107 815 0
107 943 1
69 815 1
70 646 0
646 281 1
71 815 0
72 815 0
72 963 0
72 977 0
963 414 0
963 815 1
73 550 1
73 815 0
550 815 0
550 979 1
74 654 0
654 700 1
654 815 0
75 83 0
75 815 1
83 657 1
77 733 0
77 815 0
733 241 0
733 343 1
733 7 1
79 815 0
81 470 1
81 815 0
470 308 0
470 815 0
82 604 0
82 815 1
604 174 0
657 75 0
85 768 1
768 548 0
768 815 0
86 231 1
231 895 1
88 153 0
88 238 1
153 815 0
153 975 0
90 240 1
90 815 0
240 447 0
240 815 0
91 821 0
821 592 0
92 918 1
918 260 1
93 449 1
93 172 1
93 771 1
449 357 0
449 815 0
94 781 0
94 815 0
781 133 1
95 424 0
424 677 1
424 815 1
424 974 0
96 815 0
97 372 0
97 815 0
372 213 0
98 871 1
98 3 0
98 110 0
871 142 1
871 815 1
100 815 1
101 815 0
102 815 1
103 815 0
103 986 1
986 815 0
104 815 1
105 815 1
106 815 1
943 68 0
943 665 0
943 815 0
108 815 0
890 7 1
890 255 1
110 997 1
110 142 1
997 268 0
111 815 0
113 815 1
114 151 0
114 815 1
151 171 0
151 815 1
115 693 0
115 815 0
693 343 1
693 815 1
116 529 1
529 338 0
117 272 1
117 815 1
272 123 0
272 815 0
119 815 0
120 708 0
120 815 1
120 725 0
708 815 0
708 912 1
121 815 1
123 815 1
123 945 0
123 300 0
945 272 0
945 815 1
124 780 0
780 508 0
125 823 1
823 822 0
126 255 0
126 815 1
255 620 1
255 109 1
127 815 0
129 262 0
129 815 0
262 491 0
262 815 0
130 992 1
130 656 0
992 617 1
992 815 1
992 60 0
131 412 0
412 500 0
132 815 1
132 877 0
877 853 0
133 94 0
133 905 0
135 919 1
135 284 1
919 575 0
136 339 1
339 191 1
140 303 0
140 599 1
303 621 1
303 815 0
141 676 1
141 815 0
676 555 1
142 98 1
143 815 0
144 501 0
144 815 0
144 133 1
501 905 1
145 19 1
145 815 1
145 885 1
885 815 0
147 815 1
149 645 0
149 815 0
645 647 0
776 14 1
776 815 1
171 114 1
152 815 1
975 88 0
975 815 0
155 702 1
702 603 1
156 707 0
707 725 1
707 815 1
158 729 0
158 815 1
729 815 1
160 815 1
160 981 0
981 815 1
161 275 0
275 202 0
275 815 1
164 333 1
164 815 1
164 3 1
164 958 1
333 622 0
165 815 1
168 815 0
169 403 1
403 685 1
403 815 1
170 815 0
172 694 1
172 815 0
694 811 1
173 467 1
467 519 0
174 82 1
175 815 0
177 204 1
177 815 1
177 622 1
204 425 0
204 815 1
178 815 1
179 481 1
481 436 0
183 815 0
187 484 0
187 815 1
187 422 1
484 815 0
484 837 1
189 400 0
189 253 0
400 27 1
400 815 1
400 969 1
191 136 1
192 815 0
193 618 0
618 230 0
618 815 0
194 815 0
195 576 0
195 815 1
576 668 1
197 497 0
497 477 1
497 815 1
198 642 1
198 815 0
642 416 1
201 373 0
201 213 1
373 659 1
202 161 1
203 815 1
425 177 0
207 815 0
208 815 1
209 792 0
209 815 1
792 968 1
211 528 1
211 815 1
528 525 1
528 815 1
213 97 0
213 815 1
213 659 0
214 815 1
216 815 0
217 977 0
977 650 1
977 963 1
218 815 0
219 815 0
220 962 1
962 483 0
962 815 0
962 509 1
221 815 0
222 815 1
223 364 1
223 815 0
364 291 1
364 740 1
364 815 0
364 525 0
224 60 1
225 815 0
226 815 0
227 815 0
229 815 1
230 193 0
230 815 1
230 770 1
895 86 1
895 815 0
895 974 0
895 292 0
233 670 1
670 485 1
670 815 0
234 815 1
235 815 0
236 815 1
236 987 1
987 759 1
987 815 0
237 382 0
237 815 0
382 571 1
382 815 1
447 90 1
447 367 1
241 77 0
241 815 0
244 815 1
246 815 0
246 866 1
866 314 1
866 815 0
866 60 1
247 478 1
478 898 0
252 815 1
253 578 1
578 775 0
578 815 1
578 189 0
254 64 1
254 815 1
620 126 1
256 815 0
257 54 0
257 815 0
258 509 0
258 815 1
509 387 1
509 815 1
509 483 1
260 92 1
261 815 1
491 129 0
491 815 1
263 495 1
263 815 1
495 570 0
264 929 1
929 883 0
265 815 1
266 815 1
266 834 1
834 579 1
834 815 1
834 932 0
267 341 0
341 321 1
341 402 1
341 815 0
268 110 1
268 815 0
268 626 0
269 791 0
269 815 1
791 383 0
791 815 0
270 328 1
328 796 1
328 815 1
273 815 0
274 662 0
662 381 1
662 815 1
276 815 1
277 946 1
946 815 0
946 974 0
278 815 0
280 815 0
281 70 0
281 622 0
626 66 1
626 815 1
626 997 0
284 439 0
439 460 1
285 815 1
286 361 0
286 815 0
286 25 0
361 764 0
361 815 1
287 815 1
289 415 1
289 815 0
289 10 0
415 815 1
415 940 0
291 815 0
291 991 0
991 600 0
991 704 0
991 815 0
292 815 0
292 868 0
292 86 0
868 770 0
868 815 0
868 230 1
293 359 0
359 765 1
294 696 1
696 815 0
696 867 1
672 49 1
672 703 1
298 927 0
927 541 1
927 815 0
927 124 0
300 714 0
300 815 1
714 894 0
714 123 1
301 815 0
621 140 0
304 643 1
304 815 1
643 738 0
643 395 0
305 46 0
307 363 1
307 815 0
363 815 1
363 825 1
308 81 1
674 52 1
674 815 0
311 760 1
760 367 1
760 815 1
760 447 0
313 815 1
314 246 1
315 587 0
587 638 1
587 815 1
316 486 1
316 815 0
486 546 0
486 815 1
317 815 1
320 703 0
320 14 0
703 401 0
703 49 1
703 284 0
321 267 1
321 815 0
321 471 0
321 968 1
322 370 1
322 815 0
370 461 0
370 347 1
324 815 0
796 270 0
796 815 0
329 815 0
331 815 0
622 164 0
622 815 0
622 646 1
622 425 1
334 442 0
334 815 1
442 471 1
442 815 1
335 815 1
336 815 0
338 116 1
338 815 1
402 557 1
402 815 1
345 625 0
345 815 0
625 433 1
346 815 0
347 815 1
347 839 0
839 832 0
983 67 0
349 815 0
350 408 1
350 713 0
350 815 1
408 656 0
408 130 0
713 815 1
351 815 1
352 437 0
437 426 1
437 506 1
354 815 1
356 22 0
356 815 1
357 93 0
357 815 0
765 293 1
765 815 1
915 16 1
764 286 1
825 307 1
825 815 0
740 223 1
740 815 0
365 815 0
367 311 0
368 815 0
405 47 1
405 815 1
461 322 1
659 201 0
374 506 1
374 815 1
506 815 0
506 824 1
506 990 0
375 815 0
377 830 0
830 815 0
830 848 0
378 815 1
379 815 0
380 882 1
882 479 0
882 815 1
381 274 1
381 815 1
571 237 1
383 269 1
383 815 1
384 815 0
386 815 1
386 874 0
874 472 1
387 258 0
387 815 0
904 26 1
904 815 1
392 815 0
392 978 0
978 859 0
393 756 1
393 815 0
756 698 0
395 749 0
749 720 1
749 815 0
749 25 1
396 815 0
398 728 1
398 815 1
728 726 0
728 815 0
399 815 0
969 189 0
401 320 0
557 504 1
685 169 1
656 350 1
409 815 0
411 815 0
411 976 0
976 572 0
500 131 0
500 815 1
413 815 1
414 72 0
940 289 1
416 198 0
416 815 0
417 661 1
417 815 0
661 815 0
661 887 0
418 815 0
419 773 1
419 815 1
419 436 1
419 834 1
773 815 1
773 932 1
420 815 0
421 752 0
421 815 0
752 758 1
752 815 0
422 744 1
422 484 0
744 458 0
744 815 1
423 486 1
423 815 0
677 95 1
426 352 1
427 772 1
427 815 0
772 636 0
772 815 1
428 815 0
429 786 0
786 454 0
786 815 0
431 815 0
433 345 0
433 815 0
434 815 0
435 815 1
436 179 1
436 815 0
436 932 1
460 284 1
460 135 1
460 703 1
440 815 0
441 815 0
441 989 0
989 721 1
989 124 1
471 334 0
471 267 0
446 815 1
448 815 0
450 815 0
451 815 0
452 350 0
452 815 0
453 545 0
453 810 0
453 815 0
453 885 0
545 815 0
545 872 0
810 599 0
810 815 0
454 429 0
455 815 0
457 815 0
458 422 0
458 815 0
459 815 0
462 815 1
464 815 0
543 35 1
543 815 1
466 639 0
466 815 1
639 980 0
519 173 1
469 815 1
472 386 1
472 815 1
473 815 0
475 815 0
600 815 1
600 966 0
477 197 1
477 815 1
898 247 1
479 380 0
479 815 1
817 10 0
482 815 1
483 220 1
483 815 1
837 187 1
837 815 0
485 233 1
546 423 1
546 10 1
488 815 1
489 569 1
489 815 1
569 723 1
490 815 0
492 683 1
683 598 0
683 815 1
493 815 1
570 263 0
905 144 0
502 815 1
502 917 1
917 815 1
917 903 1
504 402 0
505 815 0
824 374 0
824 437 0
990 815 1
508 124 0
508 815 0
508 989 1
508 927 1
510 815 1
510 914 1
510 405 1
914 931 0
914 719 0
511 815 0
512 815 1
513 167 0
513 815 1
514 795 0
795 767 1
515 815 0
516 815 1
517 62 0
517 747 1
524 815 1
525 211 1
525 815 0
525 740 1
526 815 1
530 815 0
531 589 1
531 815 1
589 815 1
532 815 0
535 815 0
771 3 0
537 815 0
538 815 1
539 947 0
947 718 1
947 815 1
540 635 0
635 679 1
541 298 0
541 815 1
542 815 1
542 954 0
954 335 1
954 815 0
544 840 1
544 887 1
840 803 0
840 815 1
872 649 1
872 724 0
548 85 1
979 73 0
979 815 0
551 815 1
553 815 0
555 141 1
555 815 0
556 815 1
559 815 1
560 985 1
985 747 1
562 309 0
562 815 1
563 815 0
564 209 1
564 815 0
565 815 1
566 815 0
568 815 0
723 489 1
723 815 1
572 411 0
572 815 1
574 815 0
575 135 1
668 195 0
668 815 1
577 731 0
731 663 0
775 253 1
775 815 1
579 266 0
580 815 0
580 956 1
956 606 1
956 815 0
583 815 0
638 315 1
588 815 1
592 91 0
594 815 0
597 815 1
598 492 0
598 815 1
599 453 0
599 815 1
599 621 0
966 476 0
966 815 1
603 155 1
603 815 1
605 627 1
627 719 1
627 815 1
606 580 0
608 815 0
609 815 0
610 815 0
612 32 0
613 928 0
928 805 1
614 815 1
616 815 1
617 130 0
617 815 0
623 815 0
624 815 1
719 605 1
719 815 1
719 931 1
633 815 1
679 540 0
636 427 1
636 815 1
637 815 1
980 466 1
640 815 1
738 304 0
738 815 1
647 149 1
649 545 1
649 815 1
650 217 0
650 815 1
700 74 1
658 815 1
660 815 1
887 417 1
887 803 0
663 577 1
663 815 0
665 815 1
666 815 1
671 815 1
757 41 0
757 396 0
757 815 1
675 237 1
675 815 1
681 815 0
682 815 0
684 815 0
686 815 1
686 984 0
984 699 0
984 806 1
687 815 1
689 815 1
690 815 0
692 815 1
811 172 1
811 93 1
867 294 1
867 815 0
698 393 1
698 815 1
699 686 0
704 291 1
704 815 1
705 815 1
725 156 1
725 815 0
725 708 0
725 673 1
912 120 0
709 2 0
712 815 1
894 300 1
894 815 1
716 57 0
716 815 0
717 815 0
718 539 0
718 815 0
720 395 0
720 815 1
720 643 1
720 360 1
721 441 0
732 815 0
732 818 0
818 815 1
818 855 1
737 815 0
741 815 1
747 560 1
747 629 1
748 815 1
758 421 1
753 815 1
759 236 0
763 815 1
766 815 1
767 514 1
767 815 1
769 815 1
770 292 0
770 815 1
932 419 0
777 815 0
778 815 0
779 815 1
784 815 0
785 815 1
787 815 0
789 815 0
790 815 1
968 209 0
968 815 1
968 267 0
793 815 1
794 815 1
797 815 1
798 815 0
800 815 0
802 815 0
803 544 1
803 815 0
804 815 1
805 613 0
807 815 1
808 815 1
855 732 0
855 815 0
855 771 1
819 815 1
822 125 1
822 815 1
827 815 1
829 815 0
848 377 0
832 347 0
832 815 0
832 370 1
835 815 1
841 815 0
842 526 1
842 815 1
933 15 1
933 815 1
844 815 0
845 815 1
847 815 1
851 815 0
852 815 1
853 132 0
856 815 1
857 815 1
858 815 0
859 392 0
859 815 0
861 815 0
862 815 1
865 815 0
870 815 1
873 815 1
878 815 1
880 815 1
883 264 0
886 815 0
889 815 1
897 815 0
900 815 0
902 815 1
903 502 0
906 815 1
907 815 1
911 815 0
913 815 0
931 510 0
916 815 1
922 815 0
926 815 0
930 815 1
934 815 1
935 815 1
936 815 0
939 815 0
941 815 0
942 815 0
944 815 0
974 277 0
974 86 1
974 677 1
948 815 1
949 815 1
953 815 0
957 796 1
957 815 0
959 815 0
960 815 1
964 815 0
970 815 0
971 815 1
973 815 1
982 815 1
988 815 0
993 815 1
995 815 1
998 815 1
