0 13 0
0 165 0
0 30 0
0 118 0
0 117 0
0 133 0
13 16 0
13 194 0
13 142 0
165 56 0
165 189 0
165 132 0
165 91 0
1 37 0
1 165 0
1 117 0
37 109 0
37 43 0
37 179 0
37 91 0
37 132 1
37 97 0
37 189 1
37 190 0
37 195 0
2 156 0
156 165 0
3 165 0
4 165 0
5 20 0
5 165 1
5 190 1
5 120 0
5 189 0
5 195 0
20 93 0
20 165 0
6 165 0
8 133 0
8 165 0
8 150 1
8 199 1
8 114 0
133 112 0
133 116 0
133 16 0
133 190 0
9 165 1
10 165 0
11 165 0
12 165 1
16 0 0
16 165 0
14 165 0
19 165 0
93 5 1
93 165 0
21 165 0
24 165 0
25 165 0
26 165 0
27 70 0
70 95 0
28 150 0
28 165 1
28 5 1
28 37 1
28 133 0
150 190 0
150 192 0
150 91 0
150 112 0
150 124 0
150 77 1
29 64 1
29 179 0
29 132 0
29 124 0
29 120 0
29 189 0
64 195 0
64 38 0
64 117 0
64 199 0
64 37 0
64 5 0
30 97 0
30 16 0
30 179 0
97 48 0
97 165 0
31 165 0
32 165 0
34 165 1
35 165 0
36 192 0
192 165 1
109 1 0
109 165 0
38 91 0
38 120 0
38 195 1
38 43 1
91 42 0
91 165 0
41 132 0
41 165 0
41 29 0
41 118 0
41 37 0
41 61 0
132 199 0
42 38 1
42 150 0
42 37 0
42 165 0
43 73 0
43 165 0
73 61 0
73 165 0
73 37 1
73 126 0
73 183 0
73 38 1
44 165 0
45 165 0
46 165 0
48 30 0
48 37 1
48 143 0
48 183 0
48 126 1
49 165 1
50 165 0
51 165 0
53 165 1
54 165 0
56 120 0
56 165 0
56 29 1
56 38 0
56 5 0
120 165 0
57 35 0
58 114 0
58 165 0
58 61 0
58 13 1
114 142 1
114 165 0
114 77 1
114 112 1
59 165 0
60 165 0
60 194 0
60 77 0
194 178 0
61 43 0
61 142 1
61 132 0
62 165 0
195 29 0
195 165 1
65 165 0
65 189 0
65 117 0
65 37 0
65 29 0
65 5 1
189 143 0
189 165 0
66 165 1
68 165 0
69 165 1
95 165 1
71 165 0
74 165 1
75 5 1
77 165 0
77 183 0
183 165 1
183 175 0
183 43 0
183 97 0
183 116 0
78 56 0
79 165 0
80 165 0
81 165 0
82 165 0
83 165 1
85 165 1
86 10 1
87 165 0
90 165 0
92 165 0
94 165 0
96 165 0
98 165 0
101 165 0
102 165 0
103 165 0
104 12 0
104 124 0
104 29 0
104 150 0
104 199 1
124 126 0
124 165 0
106 165 0
107 165 0
108 165 0
110 165 0
111 165 0
112 8 0
112 165 0
113 165 0
142 58 0
115 165 0
116 147 1
116 165 0
147 118 1
147 133 0
147 183 0
117 179 0
117 109 0
117 189 0
117 16 0
117 195 0
179 165 0
179 193 0
118 116 1
118 132 0
118 16 0
119 165 0
121 165 0
122 165 0
123 165 0
126 104 0
126 165 0
126 43 0
126 97 0
125 165 0
128 165 0
131 165 0
199 41 1
199 165 0
199 179 1
199 112 0
199 195 0
199 124 0
134 165 1
135 165 0
136 165 0
137 165 1
138 165 0
139 165 1
140 165 1
141 165 0
143 65 0
143 165 0
143 97 1
144 165 0
145 165 0
146 165 0
148 165 0
190 28 0
190 165 0
151 165 0
152 165 0
154 165 0
155 165 0
157 165 0
159 165 0
160 165 0
161 165 0
162 165 0
163 165 1
166 165 0
167 165 0
168 165 0
169 165 0
172 165 0
173 165 0
175 77 0
175 60 1
175 114 0
175 150 1
176 165 0
177 165 0
178 60 1
178 165 1
178 13 0
193 117 1
193 161 0
193 29 0
193 199 1
193 37 0
193 30 0
181 165 0
182 165 0
184 165 0
185 165 1
188 161 1
191 165 0
196 165 0
197 165 0
198 165 1
