0 167 0
167 86 0
167 63 1
1 53 1
1 167 0
53 167 1
3 39 1
3 167 1
39 115 0
39 167 0
39 82 0
4 56 0
56 45 0
56 37 1
56 77 0
5 190 1
5 77 0
5 119 0
190 119 1
6 20 0
6 195 1
6 52 0
6 194 0
20 26 1
20 167 0
8 167 1
9 167 0
9 195 0
195 137 1
195 163 0
195 167 1
11 28 1
11 90 0
11 129 1
11 167 0
28 160 1
28 167 0
28 78 1
28 181 0
90 3 1
90 145 0
90 167 1
129 167 0
129 185 0
129 111 0
129 149 1
129 133 0
129 66 0
12 167 0
13 102 0
13 149 0
13 167 0
102 151 0
102 167 0
149 164 1
149 130 1
149 166 1
149 20 1
149 13 1
149 194 1
15 63 0
15 167 0
63 169 1
16 167 0
17 167 1
18 167 0
26 6 0
26 167 1
26 70 1
26 149 0
26 77 0
26 182 0
21 167 1
22 166 0
22 167 0
22 86 1
166 17 0
166 52 0
166 116 0
166 167 0
23 82 1
23 195 0
82 86 0
82 104 1
82 167 1
25 167 1
160 11 0
160 167 0
160 199 1
160 135 1
160 158 1
29 167 1
32 69 1
32 167 0
69 96 0
69 167 1
69 117 0
69 166 1
34 160 1
34 167 0
35 167 1
36 167 1
36 181 0
36 199 1
36 111 0
36 28 1
181 167 1
181 199 1
37 65 1
37 93 1
37 108 1
37 167 0
37 86 1
37 4 1
37 90 1
65 108 0
65 167 1
65 178 0
65 182 1
65 66 1
93 160 0
93 167 1
108 167 0
38 167 0
38 178 1
178 37 1
178 167 0
115 3 1
115 45 1
41 167 1
41 195 1
41 70 0
41 199 0
41 6 1
41 103 1
41 23 0
43 133 1
43 167 1
133 60 1
133 124 1
133 130 0
133 78 0
44 16 1
44 167 1
45 4 1
45 167 0
45 178 0
45 3 1
46 135 0
135 152 0
135 11 1
47 167 1
49 117 1
49 167 1
49 69 1
49 185 0
117 134 1
50 67 0
50 167 0
67 167 0
67 22 0
67 37 0
51 162 0
51 167 1
162 3 0
162 167 0
52 17 1
52 167 1
52 187 0
187 167 0
187 175 1
187 199 0
187 6 0
187 66 1
187 163 1
187 182 0
54 100 0
54 167 1
100 167 1
55 167 1
58 167 0
59 167 0
60 43 1
61 69 0
61 167 0
62 167 1
169 15 1
169 74 1
169 167 0
169 70 1
66 90 0
66 167 0
66 52 1
66 178 1
66 78 0
66 130 1
68 167 1
68 179 1
179 70 1
179 134 0
96 61 0
96 175 0
70 68 1
70 79 1
70 167 1
70 63 0
70 195 1
70 20 0
79 167 1
72 167 1
73 51 1
73 55 1
73 151 1
73 167 1
151 162 0
151 167 1
74 28 1
74 167 0
75 167 1
77 89 1
77 167 1
77 90 0
77 190 1
77 20 1
77 4 0
89 120 0
89 167 1
78 106 0
78 167 0
106 103 0
106 167 0
106 28 0
106 185 1
106 66 1
106 133 1
81 61 0
81 167 1
86 67 1
86 167 0
104 23 0
104 39 1
83 99 0
83 167 0
99 167 0
85 167 1
88 129 0
88 167 1
120 77 1
120 167 1
145 66 0
145 77 1
145 163 1
145 37 0
145 199 1
91 182 1
91 133 1
182 124 1
182 157 0
182 167 0
182 178 1
182 52 1
182 46 1
182 20 1
94 3 1
94 167 0
97 167 1
103 78 0
103 167 0
103 195 1
105 167 0
109 51 1
109 167 1
110 89 1
110 167 0
111 128 1
111 130 1
111 181 0
128 194 0
128 149 0
128 6 0
112 58 0
112 167 0
116 22 1
116 167 1
116 69 1
116 149 1
116 163 1
116 134 0
134 49 1
134 67 0
134 167 0
134 46 1
134 68 0
134 166 0
119 5 1
119 167 0
119 190 0
122 167 0
123 158 1
158 167 0
158 198 1
158 11 1
124 91 0
124 136 1
124 162 1
124 167 1
124 170 1
136 167 0
170 167 0
194 111 1
185 130 0
185 167 1
185 78 0
185 117 0
130 129 1
131 167 1
152 46 0
152 175 1
152 182 1
152 134 0
137 167 0
138 167 0
139 62 0
139 167 0
142 39 1
142 167 0
144 167 1
164 13 1
164 167 1
164 149 0
164 163 0
150 167 0
154 167 1
157 167 0
198 3 1
198 123 0
198 151 1
198 167 0
159 167 1
199 16 1
199 36 0
199 78 1
199 167 0
199 195 1
199 52 0
199 181 0
199 90 0
163 41 1
163 90 0
163 52 1
163 13 1
163 166 1
165 167 0
168 49 0
168 154 0
168 167 1
171 67 0
171 167 1
173 61 0
173 167 1
175 52 0
175 61 0
175 46 0
176 167 1
177 167 1
180 167 1
183 167 1
184 167 1
188 167 1
189 74 1
189 100 1
189 167 1
196 39 0
196 167 0
197 74 0
197 167 0
