0 68 1
0 197 1
68 179 0
68 60 0
68 195 0
197 68 0
1 68 1
1 126 0
126 68 0
126 99 1
3 39 1
39 68 0
39 115 1
39 117 1
39 52 1
4 56 1
4 68 0
4 131 0
56 45 0
56 68 1
56 98 0
131 68 0
131 130 0
5 190 0
5 111 1
5 185 1
190 63 1
190 68 1
190 119 0
6 20 1
6 68 1
6 188 0
6 52 1
6 3 0
20 26 0
188 63 1
188 68 1
7 68 0
8 1 0
8 68 1
8 126 1
9 68 1
9 198 0
198 68 1
10 68 1
11 28 1
28 160 1
28 68 1
28 20 0
28 78 0
28 195 1
12 68 0
12 82 1
13 149 1
149 29 0
149 64 0
149 68 0
149 164 1
149 130 1
14 68 0
16 41 0
16 68 0
16 134 1
41 68 0
41 131 1
41 191 1
41 195 0
41 133 0
41 23 0
41 28 0
134 49 0
134 68 1
134 166 0
134 130 1
17 68 0
18 68 1
26 6 1
26 68 0
26 191 0
26 119 1
26 28 1
21 68 1
22 68 0
22 166 0
22 179 0
22 52 0
22 60 0
166 16 0
166 68 0
166 116 1
23 68 1
23 82 0
23 154 0
23 181 1
23 117 0
23 195 1
23 124 0
82 104 0
154 68 0
154 92 0
181 48 0
181 68 1
181 195 1
24 63 0
24 68 1
63 68 1
25 65 0
25 68 0
25 111 0
25 131 0
65 68 0
111 68 0
111 128 1
111 190 0
111 89 0
27 68 1
27 73 0
27 136 0
73 68 0
73 163 1
136 68 0
160 6 1
160 11 0
160 59 0
160 68 0
160 103 1
29 68 0
30 68 0
32 68 0
32 99 1
32 22 0
32 182 0
32 191 0
99 68 0
99 92 0
99 191 1
99 195 1
33 68 1
34 68 0
34 92 1
34 159 1
34 198 0
92 68 0
159 63 0
159 68 0
35 68 1
35 74 1
35 144 1
74 68 0
144 68 0
144 130 1
36 68 1
36 188 0
37 68 0
38 68 0
38 138 0
38 190 0
138 68 0
115 3 0
115 24 0
115 68 0
115 119 0
115 6 0
115 163 0
191 68 0
191 20 1
191 179 1
195 68 0
195 163 0
42 34 0
42 52 0
42 68 1
52 68 1
52 187 0
52 198 0
43 68 1
43 133 0
43 184 1
43 119 1
43 22 0
133 7 1
133 60 0
133 68 1
133 13 0
133 166 0
133 195 0
133 194 0
184 57 1
184 68 1
44 68 0
45 4 0
45 138 1
45 165 0
45 171 1
45 177 0
45 78 1
45 68 1
45 13 0
165 49 1
165 68 1
171 68 1
171 98 1
177 68 0
47 62 1
47 68 1
47 99 1
62 68 0
48 68 0
48 134 0
48 198 0
49 68 1
49 117 1
49 184 0
49 23 0
49 39 0
117 68 1
117 72 0
117 134 1
117 198 1
51 68 1
187 68 0
187 175 0
187 70 1
187 6 0
187 22 1
187 39 0
53 68 1
53 128 0
53 130 0
128 68 0
128 125 0
128 134 1
128 194 1
128 133 1
128 77 1
130 68 1
130 129 1
54 63 0
54 68 0
54 161 1
161 68 0
161 198 1
55 68 1
55 123 1
123 68 1
98 68 1
57 68 0
58 68 0
58 180 1
180 68 0
180 86 0
59 18 1
59 68 0
59 131 0
60 43 0
60 68 1
61 68 1
64 68 1
66 68 0
179 12 1
179 32 1
179 68 1
179 70 0
179 191 0
179 149 1
179 45 1
179 28 1
69 68 1
69 87 1
87 68 1
87 198 1
70 68 0
70 52 0
70 82 0
70 13 1
72 68 1
72 130 1
163 41 0
163 68 0
163 131 0
163 89 0
163 3 1
75 68 0
77 89 1
77 194 0
89 68 0
89 120 1
78 54 1
78 61 1
78 68 1
78 106 1
106 103 0
106 45 1
106 185 1
106 28 0
80 41 1
80 68 0
104 23 0
104 70 1
104 12 0
83 7 0
83 54 1
83 63 1
83 68 0
86 68 1
88 24 0
88 68 1
88 98 1
120 68 0
120 77 0
120 111 0
120 103 0
120 163 1
90 68 0
91 182 0
91 119 0
91 23 0
182 124 1
182 179 0
93 68 1
95 17 1
95 66 0
95 68 0
96 63 0
96 68 0
97 57 0
97 68 1
100 68 1
102 17 0
102 64 0
102 68 1
102 198 1
103 52 0
103 68 0
103 78 0
103 166 1
103 89 1
103 11 0
105 68 0
107 68 0
108 68 1
110 68 1
110 168 0
110 169 0
168 68 0
168 188 1
168 191 1
169 68 1
112 68 1
112 167 0
167 68 0
167 150 1
116 22 1
116 68 0
116 130 0
116 136 1
116 103 1
116 133 1
116 134 1
118 17 0
118 65 1
118 68 1
119 5 0
119 124 0
119 3 1
119 20 0
119 60 1
119 13 0
124 91 1
125 26 0
125 41 1
125 68 1
125 161 0
194 111 1
129 185 1
129 175 0
129 149 1
129 134 1
185 68 0
185 130 1
185 177 0
185 190 1
185 78 1
132 68 1
132 152 0
152 68 0
135 66 1
135 68 1
135 164 0
135 165 1
164 13 0
164 68 1
164 137 0
164 181 1
164 133 1
164 70 0
164 45 0
164 119 1
137 66 0
137 68 1
139 68 0
139 99 1
143 68 1
143 100 1
143 125 0
143 137 0
146 68 1
146 199 0
199 68 1
147 68 0
150 66 0
150 68 0
150 131 1
151 68 0
151 169 0
155 68 0
158 68 1
170 68 0
173 68 1
174 68 1
174 117 1
174 184 1
175 52 1
175 130 0
178 68 0
178 98 0
183 68 1
183 90 0
186 16 0
186 36 0
186 95 0
186 137 0
192 68 0
192 161 1
193 68 1
193 158 1
