0 286 0
0 301 0
286 131 1
301 286 1
1 32 0
1 141 1
1 286 0
32 233 1
32 286 1
141 118 1
141 190 0
141 286 0
2 286 0
2 375 1
375 286 1
375 318 0
3 43 1
3 228 0
3 286 0
43 286 1
228 117 0
228 286 0
228 315 1
228 239 0
228 163 0
5 190 1
5 286 0
5 135 1
5 222 0
5 378 1
190 119 0
190 286 0
6 129 0
6 286 1
6 328 0
129 26 1
129 135 1
129 390 0
129 20 1
7 226 0
7 286 0
226 286 1
8 286 0
8 325 1
325 286 1
325 343 1
9 286 0
10 38 1
10 286 0
38 286 1
11 286 1
11 371 0
371 286 1
12 286 0
13 286 1
13 383 0
383 286 1
14 286 0
18 229 0
18 286 0
229 286 1
19 286 1
20 286 0
20 360 1
20 89 1
20 26 1
360 211 0
360 286 0
360 378 1
360 382 1
360 395 1
21 80 0
21 286 1
80 286 0
22 286 0
23 286 0
24 38 1
24 273 0
24 286 1
273 286 1
25 286 0
26 6 1
26 286 1
27 286 0
28 286 1
29 286 0
30 113 1
30 286 1
113 286 0
31 286 0
233 286 0
33 286 0
33 351 0
351 286 0
34 286 1
36 203 1
36 268 0
203 67 1
203 286 0
39 81 0
39 286 1
81 286 1
81 346 1
40 283 1
40 286 0
40 382 1
283 286 0
382 124 0
382 286 1
382 211 1
41 104 1
41 286 0
104 223 1
104 234 1
104 286 0
42 286 1
42 382 1
45 204 1
45 330 0
45 52 1
45 163 1
204 193 0
204 256 1
204 286 1
46 135 0
46 286 0
135 215 1
135 286 1
135 26 1
135 158 0
135 190 1
135 164 0
47 46 1
47 75 0
47 286 1
75 96 1
75 168 1
75 262 1
75 286 1
48 286 1
50 286 0
52 187 0
52 286 1
52 357 1
187 175 0
187 45 0
187 311 1
187 103 0
357 79 1
357 286 0
53 286 1
54 96 0
54 286 0
96 286 0
96 398 0
96 103 1
55 286 1
56 286 0
57 286 0
58 286 1
60 286 1
61 69 0
61 224 1
61 286 0
61 268 1
69 75 0
69 170 1
69 286 1
69 333 1
224 286 1
224 304 1
62 31 0
62 118 1
62 281 1
62 286 0
118 286 1
118 316 1
281 251 1
281 283 0
281 286 0
63 169 0
63 286 1
63 69 0
169 82 0
169 149 1
169 119 0
65 233 0
65 286 1
66 286 1
66 296 1
66 328 0
296 145 0
296 286 1
296 222 0
67 36 0
67 286 0
67 378 1
68 41 1
68 194 0
68 286 0
194 286 0
194 311 0
194 228 0
170 286 0
333 61 0
333 162 1
333 260 1
333 286 1
333 63 1
70 19 0
70 286 1
71 286 1
73 244 1
73 286 0
244 48 1
244 231 1
244 286 1
74 286 1
168 286 1
262 286 1
77 89 0
77 268 1
89 286 0
89 320 0
78 286 0
79 286 0
346 286 0
82 63 0
82 259 1
82 286 1
259 286 0
83 38 1
83 286 1
85 244 0
85 286 0
86 269 0
86 286 0
269 286 1
88 143 1
88 286 1
143 286 0
320 77 1
320 147 0
320 190 0
320 286 1
320 20 0
90 286 0
90 359 1
359 118 1
359 286 0
91 155 1
91 286 0
91 306 1
155 286 1
306 286 0
92 216 0
92 233 0
92 286 1
216 286 0
93 103 0
93 233 1
93 286 0
93 343 1
103 277 1
103 278 0
103 286 1
103 328 1
103 52 0
103 46 0
103 323 1
103 330 0
343 286 1
94 154 0
94 286 1
154 286 1
95 286 0
398 286 0
398 323 0
398 164 1
398 204 0
97 286 0
98 96 0
98 231 0
98 286 0
231 233 0
231 286 1
99 286 1
102 21 0
102 279 0
102 286 0
102 304 1
279 286 1
304 286 0
277 286 1
278 106 0
278 270 1
278 286 1
278 293 0
223 282 1
234 233 1
234 286 0
106 103 1
106 262 0
106 286 1
106 270 1
107 12 1
107 158 0
107 286 1
158 286 0
158 381 1
109 286 1
110 286 0
110 371 1
112 286 0
116 158 1
116 222 1
116 286 0
116 149 0
222 166 0
222 3 0
222 145 1
222 190 1
222 328 1
117 134 1
117 286 1
134 74 0
134 249 1
134 286 1
316 286 1
119 5 0
119 286 1
119 3 1
119 328 1
119 204 1
119 82 1
120 286 1
123 286 1
124 79 0
124 107 0
124 286 0
124 291 1
291 286 0
291 316 0
291 382 1
291 175 1
291 367 1
125 286 0
126 47 1
126 92 1
126 286 1
128 75 0
128 286 0
131 367 0
131 382 1
131 63 0
367 286 1
367 330 1
367 124 0
133 260 0
260 243 1
260 286 0
249 117 0
249 286 0
215 46 1
215 104 1
215 293 0
215 349 1
215 358 1
215 395 0
215 199 0
215 103 0
137 286 0
138 2 0
138 286 1
139 286 0
139 302 1
302 243 1
302 286 0
140 286 0
145 66 1
145 286 0
146 286 0
147 286 0
148 286 0
149 120 1
149 164 0
149 286 0
149 166 0
149 82 1
149 158 1
164 213 1
164 286 0
150 286 0
151 109 0
151 286 0
151 371 0
152 99 0
152 286 0
153 286 1
156 286 1
157 286 0
381 177 1
381 199 1
381 286 1
381 135 1
381 149 0
381 395 0
159 28 1
159 286 1
159 298 1
298 233 0
298 286 0
160 42 0
160 204 1
160 286 0
160 390 1
160 103 1
160 66 1
160 6 0
160 119 0
160 222 0
160 366 1
390 286 0
390 300 0
390 328 1
390 26 1
162 286 0
163 241 0
163 286 0
241 286 1
241 382 1
241 395 1
241 199 0
241 311 1
241 175 1
241 45 0
241 228 0
241 334 0
213 149 1
213 286 0
213 398 1
213 135 1
165 146 1
165 180 0
165 286 0
180 279 0
180 286 1
180 369 0
166 116 0
167 286 1
167 320 1
172 286 0
173 286 0
174 245 0
174 286 1
245 286 0
175 52 1
175 286 0
175 124 0
175 163 0
177 286 0
369 286 0
182 286 1
183 286 0
185 330 0
185 45 0
185 367 1
185 103 1
330 366 1
186 58 0
186 238 1
186 286 0
238 286 1
188 286 1
189 158 0
189 259 1
189 286 0
191 286 0
191 382 1
192 286 1
192 295 1
192 316 0
295 286 0
295 296 1
193 96 1
193 286 0
311 239 1
311 286 1
311 163 1
311 52 1
195 286 1
196 118 0
196 286 1
197 154 0
197 286 1
198 286 1
199 14 1
199 158 1
199 286 0
199 311 1
199 163 1
199 46 1
199 268 1
200 286 1
201 226 1
201 286 1
202 55 0
202 119 0
202 286 0
256 45 1
256 286 1
256 398 1
256 119 0
205 241 0
205 286 1
205 301 0
206 67 0
206 167 1
206 286 0
207 190 1
207 232 1
207 286 0
232 286 0
208 286 0
209 190 1
209 286 0
210 286 0
211 20 0
211 286 0
212 286 1
212 357 1
293 286 1
349 103 0
349 286 0
358 286 1
217 286 1
217 343 0
218 97 0
218 286 0
219 286 1
219 304 0
219 316 0
220 286 0
282 104 0
282 286 1
225 19 0
225 286 1
227 286 0
227 337 1
227 385 0
337 286 0
385 286 0
315 3 0
315 286 1
315 222 0
315 119 1
235 286 0
236 96 0
236 286 1
237 150 0
237 286 0
237 290 1
290 286 0
290 334 0
290 378 1
239 194 1
239 286 0
240 26 0
240 286 1
240 360 1
395 163 0
395 260 0
395 279 1
395 286 0
395 370 0
395 46 0
395 158 0
395 211 0
242 286 1
243 133 1
243 286 0
246 259 1
246 286 0
247 50 1
247 286 1
248 286 0
251 286 0
252 269 0
252 286 1
253 286 1
255 286 0
261 286 1
264 286 0
265 2 1
265 208 1
265 286 1
265 378 1
378 282 0
378 286 0
378 343 0
378 352 1
378 211 1
378 190 1
378 203 0
378 237 1
266 78 0
266 286 0
267 286 1
268 233 1
268 241 0
268 286 0
268 379 1
379 270 1
379 286 1
379 36 1
379 61 0
379 77 0
379 199 1
270 0 0
270 268 0
270 286 0
270 288 1
270 278 1
288 200 0
288 286 0
271 56 0
271 286 1
274 286 0
274 343 1
275 27 0
275 286 1
276 286 0
284 286 1
285 286 1
287 286 1
334 237 0
334 286 0
334 265 0
334 163 0
292 286 1
297 286 1
299 286 1
300 277 0
300 286 0
305 9 1
305 286 1
307 23 0
307 286 1
308 286 1
309 286 0
309 382 1
317 286 0
318 286 0
319 12 1
319 286 1
321 286 1
323 96 1
323 286 1
324 286 0
324 290 1
327 199 0
327 286 1
328 160 1
329 123 0
329 286 0
366 185 1
366 328 0
332 286 0
335 233 1
335 286 1
336 286 1
338 286 1
339 226 1
339 286 1
341 286 1
342 286 1
345 10 1
345 286 1
347 234 0
347 246 1
347 286 1
348 286 1
348 316 1
348 382 1
350 286 0
352 255 1
352 265 0
352 286 0
352 334 1
353 158 0
353 286 0
361 286 1
362 286 0
363 107 1
363 248 1
363 286 0
368 286 0
370 286 1
372 0 1
372 286 0
373 6 0
373 286 1
374 286 0
374 302 0
377 286 1
387 286 1
388 242 0
388 286 0
389 170 0
389 286 0
391 233 0
391 286 1
392 286 0
394 9 1
394 286 0
396 30 1
396 172 1
396 286 1
399 248 0
399 286 1
