0 48 1
48 275 1
48 6 1
1 48 1
1 96 1
1 118 1
96 48 1
96 398 1
96 61 0
118 48 0
2 48 1
3 42 0
3 48 1
3 228 1
42 48 1
42 386 1
228 48 1
228 315 1
228 210 1
228 69 1
228 282 1
4 48 1
5 48 1
5 190 0
5 284 1
5 366 0
190 119 1
284 48 0
6 48 1
6 129 1
6 275 1
129 26 1
129 48 1
129 308 1
129 77 1
7 48 1
7 144 1
144 48 1
144 117 1
8 48 1
8 372 0
372 48 1
10 48 0
11 48 0
11 66 1
66 48 0
66 168 1
66 261 1
66 296 1
66 124 1
12 48 0
14 48 1
17 48 1
17 275 1
275 48 1
275 64 1
275 308 1
275 373 1
275 117 1
275 210 0
18 29 1
18 48 1
29 48 1
20 48 1
20 360 0
20 137 0
20 204 1
20 123 1
360 48 1
360 211 0
360 217 1
360 133 1
360 53 0
360 149 1
360 150 0
360 279 0
360 36 0
360 222 1
360 77 1
21 48 0
21 89 1
21 288 1
21 343 1
89 48 1
89 320 1
288 48 1
343 48 1
22 48 0
23 48 1
24 48 1
25 48 1
25 393 1
393 48 1
26 6 1
26 48 1
27 48 1
27 323 1
323 48 1
323 96 1
28 48 0
31 48 1
32 48 1
33 48 1
34 48 1
35 48 0
35 209 1
35 82 0
35 210 1
209 210 0
209 228 0
209 275 1
209 135 0
209 35 1
36 48 1
36 203 1
36 182 1
36 211 0
203 48 0
203 67 1
37 48 1
37 112 1
112 48 0
112 302 1
38 48 1
38 123 1
123 48 0
123 150 1
39 48 1
41 48 0
41 247 1
247 48 0
247 364 1
386 48 1
386 155 1
43 20 1
43 48 1
44 48 1
45 48 1
45 204 0
45 278 0
204 256 1
46 48 1
46 135 1
46 174 0
46 284 1
135 48 1
135 175 1
135 215 1
135 210 1
135 3 0
174 48 0
49 48 0
50 48 0
50 131 0
131 48 1
131 367 0
131 373 1
51 48 1
52 48 1
52 187 1
187 175 1
53 48 1
53 224 1
53 46 1
53 211 1
53 237 1
224 137 1
224 20 1
54 48 0
54 121 1
121 48 0
121 308 0
55 48 0
56 6 0
56 48 1
57 384 1
384 391 1
59 48 0
60 48 1
61 48 1
61 69 1
61 323 1
61 164 1
69 48 1
69 333 1
62 48 1
62 126 1
126 48 1
63 48 1
63 169 1
169 48 1
169 82 1
169 168 1
169 35 1
64 48 1
65 48 0
168 48 1
168 89 1
261 48 1
296 145 1
296 398 1
67 36 1
67 279 1
68 48 1
68 292 1
292 48 1
333 48 1
333 61 0
333 228 1
70 48 1
70 153 0
70 287 1
153 48 1
287 48 0
71 48 1
73 48 1
74 48 1
75 48 1
75 322 1
322 48 1
77 48 1
77 89 1
77 166 1
77 123 1
77 26 1
77 211 1
78 48 1
79 48 1
80 48 0
82 48 0
82 63 1
82 350 1
350 48 1
83 48 1
84 48 1
86 48 1
88 48 1
88 59 1
320 48 1
320 77 0
320 373 1
90 48 1
91 48 1
92 48 1
94 48 1
95 48 1
398 323 1
398 237 0
398 145 1
398 123 1
97 48 1
98 48 0
99 48 1
102 48 1
103 48 0
103 278 0
278 24 1
278 48 0
278 106 1
278 139 1
104 48 1
104 223 1
104 382 0
104 228 0
223 48 1
223 282 0
223 323 1
382 48 1
382 124 1
382 323 1
382 330 1
382 123 1
106 48 1
106 103 0
106 45 1
106 334 1
107 48 1
108 43 1
108 48 1
109 48 1
110 48 1
111 48 1
302 48 1
113 48 1
113 83 1
113 323 1
116 48 0
116 222 1
116 77 0
116 270 1
116 391 1
222 166 1
222 260 1
222 217 1
117 48 0
117 134 1
134 48 1
134 151 1
134 249 1
134 250 1
134 366 1
134 328 1
119 5 1
119 48 1
119 221 1
119 227 1
221 12 1
221 48 0
120 48 0
308 48 1
308 26 1
308 158 1
150 318 0
150 217 1
150 124 1
124 291 1
291 48 1
291 181 1
291 382 1
291 66 1
291 150 1
125 0 1
125 48 1
127 48 0
127 211 0
211 20 1
211 48 0
128 48 1
367 286 1
367 268 1
367 123 1
367 265 1
133 48 1
133 260 1
133 217 1
133 3 1
260 48 1
260 243 1
151 48 0
249 48 1
249 117 1
249 143 1
249 275 1
250 48 0
250 91 1
366 38 1
366 48 0
366 175 1
366 185 1
366 268 1
366 190 1
175 48 1
175 52 1
175 260 1
215 46 1
215 48 1
215 155 1
215 53 1
137 53 0
138 48 1
139 48 1
139 181 0
181 48 1
141 48 0
141 192 0
141 331 1
192 48 1
331 48 0
331 243 1
331 393 0
143 48 0
143 214 1
214 48 0
145 66 0
147 48 1
147 355 1
355 48 1
149 48 1
149 164 1
149 211 0
164 48 0
164 213 0
318 48 1
318 123 1
318 77 1
318 382 1
318 398 0
318 367 1
318 20 1
152 48 1
155 48 0
156 48 1
157 48 1
157 164 1
157 239 1
239 48 1
239 194 0
158 381 0
381 48 1
381 199 1
381 308 1
159 48 1
159 131 1
160 48 1
160 390 0
160 134 1
390 48 1
390 78 1
390 316 0
390 328 1
390 311 1
162 48 0
163 241 1
241 395 1
213 48 0
213 149 1
213 61 1
165 48 1
165 339 0
339 48 1
166 48 1
166 116 1
167 48 1
170 48 1
172 29 1
172 48 1
179 20 1
179 48 1
180 48 1
182 48 1
182 319 1
319 48 0
319 174 1
319 244 1
183 48 1
184 48 1
185 6 0
185 48 1
185 330 1
185 382 1
330 48 1
330 366 1
189 48 1
191 26 1
191 48 1
193 48 0
193 234 0
234 48 1
194 311 1
194 390 1
311 239 1
195 48 1
196 48 1
197 48 1
197 388 0
388 48 1
388 364 0
198 48 1
198 131 1
198 254 1
254 48 1
199 158 0
199 182 1
200 48 1
202 48 1
256 45 0
256 20 1
205 48 1
205 323 1
207 48 1
210 35 1
210 48 0
210 92 1
212 48 1
216 48 1
216 282 1
282 48 1
282 104 1
217 20 1
217 34 0
217 48 1
219 48 1
219 155 1
226 48 1
227 21 0
227 48 1
227 297 1
297 48 1
297 279 1
297 119 1
315 3 1
315 48 1
315 50 1
315 51 1
315 133 1
315 135 1
230 48 1
232 48 0
233 48 1
233 59 1
235 48 1
235 192 1
236 48 1
236 73 1
236 192 1
236 223 1
237 290 1
290 334 1
290 398 0
290 53 1
238 48 0
240 48 1
240 381 1
395 48 1
395 163 1
242 48 1
242 215 1
243 48 1
243 133 1
243 242 0
243 292 1
243 222 1
243 175 1
244 182 1
244 36 1
244 199 1
245 48 0
245 52 1
245 210 0
364 48 1
248 48 1
251 48 1
252 48 1
253 48 1
253 86 0
255 48 0
259 48 0
262 48 1
262 128 1
263 48 1
263 179 1
264 48 1
265 378 0
378 48 0
378 352 1
267 48 0
267 250 0
268 48 1
268 189 1
268 379 0
379 48 0
379 56 0
379 270 0
379 367 1
269 48 1
269 254 1
270 268 1
270 166 0
271 48 1
271 118 1
273 48 0
373 48 1
373 308 1
373 89 0
373 286 1
276 48 1
276 121 1
276 164 1
277 48 1
279 48 1
279 227 1
279 203 1
279 217 1
280 48 0
280 254 1
281 48 1
281 109 1
283 48 1
283 337 1
337 48 1
285 48 1
286 131 1
334 48 1
334 237 1
334 278 0
293 48 1
294 48 0
294 308 1
295 48 0
298 48 1
298 345 1
345 48 1
345 96 1
300 48 1
300 297 1
300 348 1
348 48 1
348 214 0
301 48 1
303 48 1
304 3 1
304 48 1
304 287 1
305 48 1
306 48 0
306 366 1
316 48 1
317 48 0
317 207 1
317 295 1
317 308 1
324 48 0
324 141 0
325 48 0
326 48 1
327 48 1
328 48 0
328 160 1
332 48 1
335 48 1
335 183 0
336 48 0
336 112 1
340 48 0
340 131 1
341 48 0
341 59 1
342 48 0
342 387 0
387 48 1
346 48 1
346 129 1
349 48 1
349 280 1
351 48 1
352 265 0
352 367 0
354 48 1
354 119 1
358 48 1
359 48 1
359 251 1
361 48 1
362 48 1
362 260 1
363 48 1
363 143 0
363 169 0
368 48 1
368 297 1
369 48 1
369 49 0
370 48 0
377 48 1
391 48 1
391 57 1
391 166 1
385 48 0
385 129 0
389 48 1
389 151 1
394 48 0
396 48 1
396 170 1
399 48 1
