0 45 0
45 68 1
2 45 0
3 45 1
4 564 0
4 471 1
4 332 1
564 45 1
564 199 0
6 45 0
6 402 0
402 45 1
7 45 0
7 493 1
7 466 1
493 45 1
493 50 0
8 45 1
8 534 1
534 45 0
534 364 0
9 45 1
10 154 1
154 45 0
154 530 0
11 45 0
12 45 0
13 207 0
207 45 0
207 122 0
16 20 1
16 45 0
16 351 1
20 412 0
20 477 0
18 192 0
192 551 1
192 199 0
192 486 0
19 45 0
412 16 0
22 45 0
22 174 0
174 45 0
174 54 0
23 45 0
23 494 1
494 45 0
494 312 1
25 45 1
26 45 1
27 45 1
27 276 1
276 45 0
28 45 1
28 426 0
28 477 1
426 45 1
477 45 0
477 73 1
477 549 1
29 45 1
30 45 1
30 455 0
30 588 0
455 45 0
588 436 0
31 45 0
31 333 0
31 147 0
31 435 1
31 529 0
333 45 1
333 152 0
333 433 1
32 45 0
33 45 0
33 463 0
33 332 0
33 470 0
463 34 0
463 45 1
463 149 1
463 453 1
34 45 0
36 45 1
37 45 0
39 45 0
40 45 1
40 543 1
543 587 0
543 110 0
41 45 0
41 101 1
41 198 0
101 45 1
198 45 1
198 452 0
43 45 0
43 267 0
43 418 0
267 45 0
418 189 1
418 591 0
44 45 0
68 95 0
46 45 0
49 45 1
50 7 0
51 45 0
51 211 1
211 45 0
211 151 0
52 45 0
52 259 0
52 588 0
259 241 0
53 45 0
54 22 0
55 45 1
55 239 1
55 117 0
239 586 1
57 45 0
59 45 0
59 425 1
425 45 1
425 187 1
61 45 1
62 45 1
63 45 1
64 45 1
64 384 1
384 45 0
67 520 1
520 45 0
520 298 0
520 478 1
95 45 0
95 259 0
69 45 0
70 45 1
70 454 1
70 305 1
70 469 1
454 45 1
454 80 1
71 45 1
71 448 0
448 45 0
72 45 0
72 250 1
250 45 1
250 540 0
73 45 1
73 503 0
73 20 1
503 477 1
74 45 1
74 127 1
74 571 0
127 45 1
127 237 0
571 45 0
571 134 1
76 45 0
76 202 0
202 338 0
77 45 1
77 321 1
321 435 1
321 278 0
321 31 0
78 45 0
78 345 1
78 81 0
345 45 0
345 472 1
80 45 1
80 70 1
81 278 0
278 360 1
278 435 1
82 45 1
83 45 0
83 438 0
438 499 1
85 494 0
86 45 0
86 512 0
512 577 0
512 414 0
88 45 1
88 252 1
88 499 0
252 159 0
89 45 0
89 138 0
138 508 0
90 176 1
176 45 1
176 108 1
91 45 0
91 535 1
535 45 0
92 32 1
92 45 1
93 379 1
379 45 1
379 527 0
96 45 1
96 131 1
96 464 1
131 486 1
464 45 1
97 45 1
97 575 0
575 45 0
575 112 1
575 296 1
98 45 0
99 45 0
99 352 1
352 45 1
352 178 0
100 272 1
272 45 1
272 153 1
102 45 1
102 188 0
102 172 0
188 443 1
105 45 0
106 45 0
107 45 0
107 213 0
107 285 1
213 351 0
108 90 1
110 45 0
110 518 1
518 45 0
518 106 1
518 526 0
111 45 0
112 45 1
112 97 0
113 45 1
114 45 1
115 45 1
117 45 1
117 370 1
370 45 0
370 181 1
370 55 0
370 485 1
118 319 0
319 45 0
319 320 0
119 45 0
120 45 0
120 563 1
563 45 0
563 387 1
122 13 0
122 562 1
123 45 1
123 352 0
123 401 0
401 45 0
401 533 1
125 45 0
126 45 0
126 591 0
591 594 0
591 43 0
237 45 0
237 156 1
129 45 0
129 182 0
129 181 1
129 134 0
182 523 0
130 45 0
486 45 1
486 96 1
486 18 1
132 45 0
132 293 0
293 45 0
293 166 1
134 45 0
134 74 0
134 329 1
134 523 0
134 261 0
135 45 1
136 45 1
508 89 0
508 172 1
139 45 0
141 521 1
521 45 0
521 229 0
142 45 0
142 460 0
460 45 1
460 480 0
144 45 0
145 45 0
146 45 0
147 45 1
147 273 0
273 580 1
273 31 0
273 229 0
148 45 0
149 33 1
150 45 1
150 302 1
302 45 1
302 471 0
302 533 1
302 580 1
151 45 0
151 51 1
152 31 0
153 100 0
530 10 0
155 45 1
155 529 1
529 585 0
156 45 0
156 127 1
156 150 1
157 45 0
157 439 0
439 45 1
158 45 1
158 504 0
504 45 0
504 294 0
504 407 1
504 495 1
159 88 0
159 385 0
161 45 0
163 45 0
166 132 0
168 45 0
168 258 1
258 45 0
258 394 1
169 45 1
169 576 1
576 45 1
170 216 0
216 550 1
172 45 1
172 230 1
230 45 0
230 179 1
173 45 0
175 45 1
177 45 1
177 154 0
178 99 0
179 172 0
179 508 0
179 332 1
179 102 0
181 117 1
181 523 0
523 129 1
183 45 0
185 45 0
186 45 0
187 45 1
187 59 0
443 45 0
443 102 0
443 453 1
189 43 1
189 465 0
190 45 1
190 270 0
270 45 0
270 553 0
270 110 1
270 315 0
191 45 1
191 403 1
191 433 0
403 316 1
403 348 1
433 45 1
433 223 1
433 495 1
551 18 0
193 45 1
194 45 0
195 45 0
452 41 0
452 45 0
199 4 0
199 45 1
199 469 1
199 18 0
338 45 0
338 76 1
203 45 0
204 45 0
206 45 1
209 45 0
210 45 0
351 45 1
351 107 0
351 412 0
214 45 1
550 170 0
217 45 0
217 260 1
260 332 0
218 45 0
219 485 0
485 45 0
485 280 0
485 261 0
485 117 1
220 45 0
223 45 0
223 283 1
283 433 0
224 45 1
224 329 1
224 134 0
329 396 1
225 45 0
227 45 0
229 45 1
229 117 0
229 141 1
229 465 0
229 147 0
231 45 1
231 393 1
393 45 1
393 355 1
234 546 0
234 414 0
546 45 0
546 348 1
235 45 0
235 385 0
385 288 0
586 45 1
586 55 0
240 45 0
240 281 0
281 285 0
241 45 0
241 52 0
241 471 0
241 95 1
242 45 1
243 539 0
539 45 1
539 453 1
244 45 0
245 45 0
249 490 0
490 45 0
490 424 0
540 45 1
540 72 1
540 460 0
540 265 1
253 45 1
255 556 0
556 422 1
257 45 0
257 574 0
574 408 0
394 45 0
394 456 1
394 249 1
332 45 0
332 173 0
332 217 1
332 315 1
332 149 1
332 564 0
332 172 0
261 470 1
470 45 0
470 497 1
470 149 1
262 45 1
263 45 0
264 305 0
264 478 0
264 70 1
305 45 1
305 542 0
265 562 0
562 45 0
562 593 1
562 13 0
266 45 0
269 45 1
553 45 1
553 190 1
271 45 0
580 147 0
580 150 0
274 45 1
275 45 1
360 45 1
360 81 0
360 78 0
280 45 1
280 219 1
285 240 0
285 213 1
282 45 0
287 45 1
288 235 0
288 159 0
289 45 1
291 45 0
292 45 1
294 45 1
294 158 0
295 45 0
296 45 1
296 507 1
507 395 1
297 45 1
298 67 0
301 45 1
471 150 1
471 259 1
471 564 0
303 45 1
304 45 1
304 346 0
346 407 1
542 264 1
306 45 1
306 145 1
307 45 1
309 416 1
309 500 1
416 45 1
416 595 0
310 45 1
311 45 1
311 315 0
315 538 1
312 85 1
314 45 1
538 45 1
538 311 0
538 270 0
538 332 0
316 191 0
320 118 0
435 45 0
435 77 0
327 45 1
327 175 1
396 224 1
330 45 1
330 368 0
368 45 1
335 45 1
336 45 0
340 45 0
341 45 1
342 45 1
343 45 1
344 45 1
472 45 1
472 78 0
472 502 0
407 304 0
407 294 1
348 234 0
348 316 0
350 45 1
353 45 0
354 45 0
355 45 1
355 231 1
358 45 0
361 45 1
362 478 0
362 199 0
362 70 0
478 45 1
478 469 0
478 305 0
478 298 1
364 45 0
365 45 1
365 132 1
371 45 0
371 584 1
584 45 0
584 414 1
584 7 1
372 45 1
373 45 1
374 45 1
375 45 0
376 45 0
377 45 0
378 45 1
527 93 1
387 509 0
509 563 0
389 45 0
390 45 0
392 45 1
392 428 1
428 570 0
456 258 0
395 45 0
395 296 1
398 45 0
399 45 0
400 45 0
533 123 0
533 150 0
533 257 0
404 34 1
404 45 1
406 45 0
408 45 1
408 257 1
408 533 0
408 414 1
410 8 1
410 45 1
413 45 1
414 466 0
414 546 1
414 257 1
414 577 0
466 45 0
466 584 0
595 45 1
595 309 1
419 45 0
419 500 1
419 309 1
500 495 0
422 45 1
422 255 0
424 249 0
424 394 1
570 392 0
429 45 0
430 45 0
431 465 1
465 568 1
432 552 1
552 599 0
434 45 0
436 30 0
436 52 0
437 45 1
499 83 0
499 252 1
440 45 0
441 45 1
447 45 1
451 45 1
453 45 1
453 243 1
453 188 0
459 45 0
480 45 1
480 142 0
480 540 0
461 45 1
568 431 1
568 229 1
568 189 0
467 45 1
469 45 1
469 362 1
497 45 1
497 261 1
497 485 0
497 134 0
502 45 0
473 45 1
474 45 1
475 45 0
549 45 1
481 45 0
483 45 0
484 45 0
487 45 0
488 45 0
491 45 0
492 45 1
495 419 0
495 294 1
495 283 1
496 45 1
498 45 1
498 355 0
501 45 0
506 45 0
510 45 0
577 86 0
513 45 0
514 45 0
515 45 0
517 45 0
526 110 0
526 270 1
526 543 0
522 45 0
525 45 0
585 45 0
585 155 1
585 31 0
532 45 1
537 45 1
541 45 1
587 40 1
587 45 0
544 45 1
545 45 0
599 45 1
599 432 1
554 45 1
555 45 0
557 45 0
558 45 0
560 45 1
561 45 0
593 265 0
593 540 1
565 45 0
566 45 0
573 45 0
579 45 0
582 45 1
583 45 1
589 45 0
590 45 1
594 45 1
594 126 0
594 374 1
592 45 1
598 45 1
598 148 0
