0 8 0
0 13 0
0 38 0
0 199 1
8 133 1
8 37 0
8 117 1
8 38 0
8 5 1
8 199 1
13 16 0
13 109 0
13 194 1
13 132 1
1 8 1
1 37 0
1 13 1
1 29 1
1 5 1
1 61 0
1 150 1
37 109 1
37 91 1
37 112 0
37 77 1
37 132 1
2 8 1
3 8 1
5 8 1
5 20 0
5 97 1
5 112 0
5 179 1
5 109 1
20 8 1
20 93 1
6 8 0
133 112 0
133 91 0
133 97 1
133 77 1
133 195 1
9 8 1
10 8 1
11 8 0
12 8 0
16 0 1
16 8 1
14 8 1
18 8 0
19 115 1
115 8 1
93 5 1
93 8 0
93 150 0
93 60 0
21 8 0
22 50 1
50 165 1
23 8 1
24 74 1
74 6 1
25 147 0
147 8 0
26 8 0
27 150 1
150 8 1
150 190 1
150 195 1
150 20 1
150 77 0
150 109 0
150 194 1
28 8 1
28 150 0
29 8 0
29 64 1
29 109 0
29 91 1
29 43 0
29 28 1
29 97 1
64 195 1
64 150 1
64 117 0
64 133 0
30 97 1
30 91 0
30 77 0
30 28 0
97 8 1
97 48 1
31 8 1
32 65 1
65 8 1
34 8 1
35 115 1
36 8 1
109 1 1
109 8 0
38 35 1
38 91 1
38 112 0
38 132 0
38 16 1
91 8 0
91 42 0
40 8 0
41 132 0
41 199 1
41 38 0
41 37 1
41 13 1
132 8 0
132 199 0
42 38 1
42 30 0
42 37 0
42 133 0
42 61 0
42 29 1
42 117 0
43 8 0
43 73 0
73 8 0
73 61 1
73 117 0
73 29 0
44 8 1
46 8 1
47 8 0
48 30 0
48 5 0
48 60 0
48 133 1
48 61 0
48 199 1
48 29 1
49 8 0
165 8 0
51 8 0
53 8 0
54 8 1
56 8 1
57 8 1
58 8 1
59 8 1
60 8 1
60 194 1
60 28 0
60 97 0
60 20 1
194 8 1
194 178 1
61 8 0
61 43 0
61 28 1
61 194 0
61 91 0
61 97 0
61 109 1
62 8 1
195 8 1
195 29 1
66 191 1
191 14 0
68 8 1
69 8 0
70 8 1
71 8 0
72 8 0
75 8 1
77 8 1
77 183 0
183 8 1
183 175 0
183 28 1
183 77 1
78 8 0
79 8 0
80 8 1
81 8 0
82 121 1
121 8 1
84 21 1
85 8 1
86 8 1
87 8 0
88 8 0
89 179 1
179 8 0
179 193 1
90 8 0
92 8 0
94 8 1
95 8 0
96 8 0
98 8 1
101 8 0
102 8 1
103 8 0
104 8 1
105 8 1
106 8 0
107 8 1
108 8 0
110 8 1
111 8 1
112 8 1
113 8 0
114 8 0
116 8 0
117 179 0
117 112 1
117 91 0
117 43 1
117 195 1
118 8 0
119 8 0
120 8 0
122 8 1
123 8 0
124 8 1
125 8 0
126 8 1
128 8 0
131 8 0
199 41 0
199 132 0
199 112 0
199 97 1
199 16 0
134 8 1
135 8 0
136 8 1
137 8 0
138 8 0
139 8 1
140 8 0
141 143 0
143 8 1
142 8 0
144 8 0
145 151 1
151 8 1
146 8 1
148 8 0
149 8 0
190 8 0
190 28 1
190 61 0
190 60 1
190 183 1
190 29 1
190 30 0
152 8 1
154 8 0
155 8 0
156 8 0
157 8 0
159 8 0
161 8 1
162 123 0
163 8 1
166 8 1
167 191 1
168 8 0
169 8 0
170 8 1
172 8 0
173 8 1
175 8 0
175 77 1
175 30 0
175 133 0
175 150 1
175 37 1
175 183 0
176 142 1
177 8 1
178 8 1
178 60 1
178 61 1
178 13 1
178 150 1
193 8 1
193 117 1
193 5 0
180 8 0
181 8 0
182 8 1
184 8 0
185 8 0
188 8 0
192 8 0
196 8 1
197 8 1
198 8 1
