0 744 0
0 767 0
0 502 0
744 567 0
744 727 0
1 631 0
631 673 0
2 159 0
2 567 0
159 567 1
567 624 0
3 20 1
20 364 0
20 567 0
20 49 0
4 567 0
6 567 1
7 567 0
8 567 1
9 567 0
11 567 0
13 551 0
13 567 0
551 314 0
551 567 1
15 292 0
15 567 1
15 572 0
15 700 0
292 719 0
572 125 1
572 247 0
572 567 0
16 567 0
17 175 1
17 567 0
175 567 0
175 759 0
18 135 0
18 567 0
18 651 0
135 573 0
135 517 0
364 3 0
364 567 0
21 567 0
22 567 1
23 56 1
23 567 0
23 686 0
56 567 0
56 672 0
56 535 0
686 334 0
686 567 0
24 567 0
25 567 0
27 567 0
28 567 0
29 567 0
30 567 0
31 567 0
32 567 0
34 522 0
34 567 0
522 125 1
522 504 0
522 567 0
35 567 0
36 118 0
36 567 0
118 93 0
118 284 0
37 567 0
38 257 0
38 567 0
257 61 1
257 110 0
39 567 0
40 231 0
40 567 0
231 567 0
231 619 0
41 464 1
464 259 1
43 567 1
43 582 1
582 548 0
582 567 0
582 283 0
45 567 0
48 101 0
101 674 1
101 337 0
101 465 1
101 133 0
101 430 0
49 321 0
49 567 1
321 150 0
321 300 0
321 567 0
321 20 0
50 126 0
50 567 0
126 392 0
126 513 0
126 567 1
126 382 0
51 191 0
51 567 0
51 766 0
51 598 1
191 740 0
766 567 0
52 757 0
757 784 0
757 381 0
672 23 0
672 567 0
57 567 0
58 567 0
59 83 0
59 567 0
83 567 0
61 38 0
61 567 0
62 567 0
62 648 0
62 657 0
648 534 0
648 567 0
648 769 0
63 114 1
114 111 0
114 567 0
114 497 0
114 607 0
64 330 0
64 505 0
64 567 0
330 237 1
330 567 0
505 567 1
505 588 0
505 647 0
505 535 0
65 567 0
66 567 0
68 567 0
68 669 0
669 567 0
669 725 0
69 567 0
69 762 0
69 351 0
762 408 0
70 517 0
70 567 0
517 200 0
71 276 0
71 567 0
276 797 0
72 567 0
72 580 0
72 455 0
72 407 0
580 567 0
580 628 0
580 657 0
580 234 0
73 567 0
74 306 0
74 567 0
306 567 1
75 567 1
78 567 0
79 567 1
80 357 0
80 567 0
357 492 0
81 567 1
82 754 0
754 236 0
754 567 0
84 467 0
467 795 0
87 542 0
87 567 1
542 567 0
88 311 0
88 567 0
311 752 0
311 467 0
90 567 0
92 567 0
93 36 1
93 567 0
94 567 0
95 567 0
95 670 0
670 605 0
96 410 0
96 567 0
410 99 0
410 567 0
97 567 0
99 96 0
99 567 0
100 140 0
100 567 0
140 297 0
140 567 0
140 772 1
674 48 0
103 567 0
104 567 0
105 732 0
105 470 1
732 567 0
732 634 0
106 567 1
107 567 0
107 596 0
596 300 0
596 567 0
109 567 0
109 707 0
707 567 0
707 638 0
110 381 0
110 61 0
381 145 0
381 200 0
381 567 0
111 63 0
111 567 0
112 567 0
113 567 0
113 772 0
113 718 0
772 194 0
772 567 0
772 100 0
115 448 0
448 782 0
117 486 0
117 544 1
117 567 0
486 567 1
486 706 0
544 567 0
544 711 0
544 365 0
544 598 0
122 176 1
122 567 1
176 567 1
176 579 0
125 34 0
125 567 0
392 50 0
392 567 0
513 283 0
513 567 0
513 582 0
127 553 0
127 567 0
553 610 0
128 567 0
130 338 0
338 786 0
131 567 1
133 567 0
133 598 1
598 536 1
598 567 0
598 529 0
598 740 0
134 390 1
134 567 0
390 240 0
390 567 0
573 18 0
136 567 0
136 775 0
775 27 0
775 567 0
775 761 0
137 567 0
138 61 0
138 567 0
139 138 0
139 567 1
297 100 0
297 567 0
143 162 0
143 567 1
143 485 0
143 241 0
162 172 0
162 567 0
144 567 0
144 660 0
660 202 1
660 567 0
145 110 0
145 567 0
145 757 0
147 567 0
147 650 0
650 228 1
149 567 0
150 49 1
150 567 1
151 183 0
151 567 0
183 241 0
183 567 0
183 615 0
183 143 1
154 354 0
154 384 1
154 567 0
354 256 0
354 567 0
384 222 0
384 567 0
155 567 0
157 567 0
157 718 0
718 373 0
718 194 1
158 162 0
158 567 1
172 143 0
172 567 0
163 567 1
166 500 1
166 567 0
166 514 0
166 261 0
166 517 0
500 644 1
167 567 1
168 567 0
168 660 0
169 567 0
169 763 0
763 750 1
174 567 0
759 17 0
759 567 1
579 217 0
579 567 0
177 567 1
179 567 0
181 567 0
182 296 1
296 382 0
296 567 0
296 126 0
241 151 0
615 567 0
184 591 0
184 166 0
591 514 0
185 567 1
188 269 0
188 567 0
269 567 0
190 567 1
740 51 1
192 271 1
192 567 1
271 260 0
271 567 1
193 567 0
193 758 0
758 567 0
194 113 0
194 567 0
195 567 0
196 567 0
196 602 0
602 535 0
198 567 1
199 567 0
200 70 0
200 409 0
200 567 0
200 135 0
200 166 0
200 566 0
409 567 0
201 567 1
202 168 0
202 567 0
204 567 0
205 709 0
709 473 0
206 567 0
207 567 0
207 721 0
207 154 0
721 81 0
721 480 0
721 567 1
208 315 1
208 567 0
315 567 1
210 567 1
213 419 1
213 567 0
419 567 0
214 662 0
662 567 0
662 767 1
662 678 1
215 294 0
215 567 0
294 720 0
217 176 0
217 567 0
218 669 0
219 567 0
220 567 0
221 567 0
222 567 0
224 567 0
224 647 0
224 69 0
647 351 0
647 567 0
647 588 0
647 330 1
225 567 1
226 710 0
710 217 1
710 567 1
710 742 0
227 567 0
228 147 0
228 439 0
228 567 0
439 567 0
229 567 0
230 608 0
608 353 0
608 567 0
608 502 1
608 782 0
619 567 1
619 578 0
232 567 1
233 417 0
417 407 0
417 567 0
234 567 0
234 606 1
606 567 0
606 688 1
235 567 0
236 82 0
236 567 0
237 434 0
237 567 0
237 645 0
434 330 0
434 647 0
238 567 0
239 567 1
240 134 0
244 567 0
247 279 1
247 567 0
279 567 0
279 572 1
253 567 0
254 567 0
255 567 1
256 154 0
256 567 0
256 207 0
258 567 0
258 717 0
717 567 0
259 41 0
259 504 0
259 567 0
504 567 0
260 192 1
260 567 0
261 681 0
681 502 0
681 567 0
681 166 1
263 277 1
263 567 0
277 567 0
277 576 0
264 567 0
265 567 0
266 567 1
267 567 0
268 567 1
270 350 0
270 567 0
350 567 0
272 567 0
273 567 0
274 567 0
275 539 0
539 566 0
539 567 0
797 71 0
797 567 0
576 263 0
576 567 0
576 607 1
280 567 0
281 661 0
661 374 0
283 567 0
283 716 0
716 513 0
716 567 0
716 13 1
716 508 0
284 567 0
284 599 0
284 643 0
599 567 0
599 735 0
643 567 0
286 567 0
288 567 0
290 567 0
291 567 1
291 694 1
694 567 0
719 15 0
719 567 1
719 651 0
720 215 1
720 567 0
720 607 0
295 567 0
382 182 1
382 567 0
298 567 0
299 567 1
300 107 0
300 567 0
301 567 0
303 567 0
303 738 0
738 567 0
304 567 0
307 395 0
307 567 0
395 567 1
308 567 0
310 567 1
752 88 0
752 567 0
312 567 0
314 13 0
314 567 0
314 716 0
318 567 0
319 100 0
319 567 0
320 567 0
324 567 1
324 639 1
639 531 0
639 567 1
327 567 0
331 567 0
332 427 1
332 567 0
427 481 0
334 567 0
334 730 0
730 567 1
730 686 0
335 567 0
336 567 0
336 657 0
336 580 0
336 62 1
657 567 0
657 607 0
337 567 0
337 685 0
685 301 0
685 567 0
685 616 0
685 657 1
786 130 0
786 567 1
339 567 0
340 567 0
342 567 0
344 365 0
344 567 0
344 651 0
344 101 1
365 465 0
365 567 1
365 529 0
345 567 0
346 567 1
347 567 0
348 567 1
349 567 1
351 224 0
351 567 0
352 567 0
353 230 0
356 567 0
492 80 1
492 526 0
492 567 0
359 567 0
360 567 0
362 27 1
362 441 0
362 494 0
362 567 1
441 567 1
494 567 0
465 344 0
367 567 0
369 567 0
370 396 0
370 567 0
370 660 0
370 594 0
396 678 0
373 157 0
374 281 0
374 567 1
377 219 1
377 488 0
377 567 0
488 446 0
488 567 0
488 594 0
378 452 0
378 567 1
452 594 0
379 268 0
379 567 0
380 567 0
383 567 1
385 567 1
385 612 0
612 541 0
612 567 0
386 567 0
387 567 0
388 567 0
389 544 0
389 567 0
391 567 0
391 700 0
700 440 0
700 567 0
678 370 0
678 567 1
678 404 0
678 214 1
678 133 0
398 567 0
399 567 1
401 567 0
402 567 0
403 567 0
404 734 1
734 567 0
734 665 1
405 567 0
406 567 0
407 233 0
407 628 0
408 69 0
408 567 1
411 567 0
413 567 1
415 567 0
422 59 1
422 567 0
422 748 0
748 567 0
424 436 1
424 567 0
424 502 0
436 567 0
436 702 0
425 567 1
426 567 0
426 655 0
655 567 0
481 332 1
481 567 0
428 567 0
429 56 0
429 567 0
430 455 0
455 523 0
455 567 0
455 628 0
431 567 0
432 567 0
433 567 0
702 424 0
702 567 0
437 567 0
438 567 0
440 391 1
440 567 0
440 15 0
442 567 0
443 567 0
444 567 0
445 567 0
446 377 0
446 508 0
782 115 0
782 353 0
594 378 1
594 377 0
594 396 0
523 430 0
523 567 1
523 101 0
458 567 0
460 567 0
461 567 0
462 609 0
462 218 0
609 508 1
609 567 0
609 446 0
609 716 0
466 567 0
466 651 1
651 632 0
651 292 0
651 465 0
651 573 0
795 84 0
795 311 0
469 567 0
470 557 0
470 634 0
557 501 1
471 477 0
477 642 0
472 567 0
473 205 0
474 68 0
474 567 1
476 567 0
642 471 1
480 207 0
482 567 0
482 771 0
771 567 0
483 567 1
484 567 0
485 775 1
706 117 1
487 567 0
489 567 0
490 567 0
491 567 0
526 567 0
495 567 0
496 567 0
497 38 0
497 505 0
497 567 0
497 111 0
498 567 1
499 567 1
644 166 0
501 470 0
501 567 0
502 261 0
502 567 0
502 436 1
502 353 0
502 744 0
503 567 0
503 748 0
588 497 0
506 567 1
508 462 1
508 567 0
510 567 0
512 567 1
514 184 0
514 567 0
519 567 0
524 567 0
528 567 0
529 406 0
529 544 0
529 567 0
529 733 0
733 567 0
530 567 0
531 567 0
533 567 0
534 567 0
535 196 0
535 472 0
535 567 0
535 672 0
535 588 0
536 133 0
536 101 0
536 678 0
537 567 0
538 169 0
538 567 0
566 275 0
566 567 0
566 517 0
540 567 0
541 728 1
728 612 0
711 529 0
711 567 0
546 567 0
547 567 1
548 43 0
549 567 0
552 567 0
610 127 0
556 567 0
558 676 1
676 567 0
676 645 0
676 237 0
559 567 0
560 567 0
561 567 0
565 567 0
624 288 0
624 567 0
569 567 0
570 398 0
570 567 0
571 524 0
571 567 0
574 567 0
575 567 0
578 231 0
628 72 0
581 567 0
581 780 1
780 567 1
583 567 0
585 567 0
587 567 0
589 567 0
590 365 1
590 567 0
592 567 0
593 567 0
595 567 0
597 567 0
735 284 0
735 567 0
735 118 1
600 567 0
601 567 0
603 502 1
603 567 0
605 95 1
688 234 0
688 567 0
688 694 1
688 580 0
607 336 0
607 567 0
607 52 0
607 294 0
607 277 0
607 111 1
611 567 0
611 669 0
616 337 0
616 567 0
616 101 0
617 567 0
618 567 0
620 567 0
622 206 0
622 567 0
623 138 0
623 567 0
625 567 0
627 567 0
629 567 1
630 567 0
673 1 1
673 567 0
632 466 0
633 567 1
634 105 0
636 567 1
638 567 0
638 739 0
739 567 0
739 707 0
640 567 0
641 567 0
645 558 1
769 62 0
649 567 0
652 567 0
653 567 0
654 567 0
658 567 0
767 214 0
767 567 0
767 732 0
767 744 1
664 567 0
665 404 0
665 567 0
665 678 0
725 218 0
725 567 1
725 462 0
675 567 0
677 567 0
679 567 1
682 567 0
684 567 0
687 567 1
689 523 1
689 567 1
690 567 0
691 567 1
692 567 0
692 575 1
693 567 0
696 567 0
697 567 0
698 567 0
701 567 1
704 523 0
704 567 0
708 567 0
742 226 0
742 567 0
712 567 0
713 567 1
714 486 0
714 567 0
715 567 0
722 567 0
726 567 0
726 725 0
727 0 1
729 567 0
737 567 0
741 567 1
745 567 0
746 92 0
746 567 0
747 273 0
747 567 0
749 567 0
750 169 0
750 567 0
751 567 1
753 567 0
784 52 1
784 567 0
784 607 0
761 485 0
761 567 0
761 143 0
765 567 1
768 567 0
770 567 0
774 567 0
777 567 1
777 693 1
778 395 1
778 567 0
783 567 0
785 567 0
787 567 0
788 567 0
789 567 0
790 461 0
790 567 1
791 567 0
792 567 0
796 567 0
