0 103 1
0 587 0
0 799 0
0 124 0
103 997 0
103 291 0
587 504 0
1 103 0
2 103 1
2 410 0
410 103 0
410 399 0
3 103 1
3 268 1
3 925 0
268 103 0
268 132 1
268 416 0
925 103 0
925 376 0
925 179 0
4 103 0
5 103 0
6 619 0
619 22 0
619 103 0
7 430 0
430 66 0
430 103 0
8 752 1
752 103 0
752 605 0
752 912 0
9 551 0
551 61 0
551 103 0
551 843 1
551 227 1
10 103 0
12 103 0
12 340 0
12 436 0
12 637 0
340 103 0
436 103 0
436 961 0
436 932 1
637 103 0
637 889 0
637 611 0
13 637 1
14 103 0
16 103 0
17 103 0
17 177 1
17 830 0
17 454 0
177 75 1
177 103 0
177 563 0
830 103 0
830 644 0
830 867 0
18 103 1
21 549 0
549 963 1
549 567 0
22 6 0
23 103 1
24 94 0
24 103 0
94 103 0
94 343 1
25 103 1
28 103 0
28 998 0
998 103 0
998 371 1
998 291 1
29 103 0
29 626 0
29 227 0
626 291 0
626 998 1
626 103 0
31 103 1
33 177 0
34 103 0
34 722 0
722 103 1
722 307 1
722 606 0
35 103 0
36 103 0
36 591 0
591 923 0
591 746 0
37 103 0
37 217 0
217 807 0
40 103 0
40 314 1
314 103 1
314 160 1
41 103 0
43 103 0
44 103 0
44 843 0
44 49 0
44 922 0
843 103 0
843 827 0
45 103 0
46 103 0
46 131 0
131 103 0
47 947 0
947 103 0
947 702 0
48 78 0
78 103 0
78 257 0
49 103 1
49 664 0
664 650 1
664 895 0
664 44 0
50 103 0
50 392 0
392 646 0
51 103 1
52 103 0
53 103 0
53 340 0
54 103 0
54 859 1
54 36 0
859 103 1
859 444 0
859 926 0
55 103 1
56 103 0
57 138 0
138 281 0
58 103 1
58 905 0
905 463 0
905 279 0
59 103 1
60 103 0
61 9 0
62 103 0
63 103 0
65 656 1
656 103 0
656 602 1
66 7 1
66 103 0
66 839 0
66 262 0
67 103 0
68 103 0
68 577 0
577 921 0
69 103 1
71 103 0
71 408 1
71 486 0
408 103 0
408 125 0
72 103 0
73 103 1
74 897 1
897 103 0
897 261 0
75 33 0
75 103 0
76 103 0
76 458 0
458 103 1
458 780 0
77 103 0
257 48 0
257 103 0
79 103 1
79 136 0
136 103 0
80 55 0
80 103 0
81 103 0
82 103 1
84 103 0
85 103 0
86 103 1
88 103 1
89 103 0
89 633 0
633 103 1
91 966 0
966 977 0
93 103 0
343 24 0
343 103 0
95 103 0
95 922 0
95 779 0
922 103 0
922 768 0
96 103 0
96 497 0
96 671 1
497 103 0
497 269 0
97 420 0
97 602 1
420 391 0
98 103 0
98 915 0
915 103 0
915 334 0
100 103 0
102 103 0
997 103 0
997 289 0
104 103 0
107 103 1
107 457 0
457 103 0
457 331 0
108 103 1
110 103 1
111 103 0
114 103 0
115 103 1
116 103 0
117 103 0
117 680 0
680 614 0
118 103 0
119 103 0
119 188 0
188 103 0
188 363 0
120 103 0
120 252 0
252 25 0
252 103 0
252 375 1
121 272 1
272 169 0
122 103 0
124 103 0
124 561 0
124 504 0
561 103 1
561 327 1
561 611 0
561 637 0
561 463 1
125 71 0
125 103 0
128 103 0
129 103 0
132 103 0
133 103 0
134 103 0
135 903 0
135 746 1
903 103 0
903 911 0
281 57 0
281 103 0
281 3 1
140 103 0
141 103 0
141 243 0
243 435 0
142 385 0
385 932 0
385 436 0
143 103 0
144 103 0
144 673 0
673 593 1
145 103 0
147 103 0
147 212 0
212 103 1
212 964 1
151 103 0
152 103 0
155 854 0
854 103 0
854 770 0
156 103 0
157 103 0
157 671 0
671 103 0
671 110 0
671 530 0
671 497 1
158 103 0
160 40 0
161 103 0
161 436 1
162 103 0
164 103 0
164 675 0
675 198 0
166 103 1
167 103 1
168 103 1
169 103 1
169 121 0
171 103 0
171 898 0
898 103 0
898 544 0
174 103 0
176 103 0
563 103 1
178 103 0
178 836 0
178 365 0
836 567 0
179 103 0
179 799 0
799 880 0
799 276 0
799 504 0
180 103 0
180 104 0
182 103 0
184 103 0
184 259 0
259 103 0
259 320 0
259 227 0
186 782 0
186 135 0
186 591 0
782 746 0
782 13 0
187 103 0
363 103 0
189 103 0
190 103 0
191 103 0
192 103 1
192 348 0
192 245 0
348 218 0
348 290 0
193 783 0
783 103 0
783 234 0
194 103 0
195 103 1
197 103 1
198 103 0
198 164 0
198 843 0
199 103 0
201 103 0
202 103 0
204 103 0
207 103 0
208 103 0
208 373 0
373 103 0
373 754 1
209 103 1
210 462 0
462 443 1
211 103 0
964 147 1
213 103 0
213 635 1
635 841 0
214 103 0
215 103 1
215 917 0
917 651 0
216 103 1
807 37 0
218 103 0
218 192 0
219 103 0
219 381 1
219 541 0
381 103 1
381 766 0
221 103 1
222 103 0
225 103 0
226 103 1
227 103 0
227 297 0
297 103 1
297 411 1
297 551 0
297 29 1
297 259 1
228 992 1
992 103 1
992 311 0
992 431 0
231 103 0
231 954 0
954 103 1
954 387 0
232 103 0
234 103 0
234 193 0
235 103 0
236 103 0
237 103 0
237 645 0
645 103 0
645 697 0
238 554 1
554 103 0
554 839 1
554 309 0
240 103 0
241 103 0
242 103 0
242 424 1
424 548 1
424 310 1
424 262 0
435 103 1
435 141 0
244 103 0
244 892 0
892 103 0
892 247 0
892 965 1
245 103 0
245 737 0
245 218 0
737 826 0
246 103 1
247 244 0
247 748 0
251 103 0
375 103 0
375 120 0
375 290 0
253 103 0
254 103 0
254 703 0
703 324 0
703 555 1
320 103 1
320 184 0
260 103 0
261 74 1
262 103 0
262 772 0
262 903 0
262 242 0
262 430 0
772 103 0
772 293 0
264 103 0
265 103 0
265 885 1
885 960 0
267 103 0
267 733 0
733 868 0
416 103 0
269 96 1
269 103 1
269 161 0
270 103 0
271 103 1
274 103 1
274 304 1
304 103 0
304 797 0
276 103 0
276 965 0
965 36 0
965 103 0
965 589 0
965 244 0
277 103 0
278 103 0
279 103 0
279 898 1
279 58 0
280 103 0
282 103 0
282 975 0
975 103 0
975 758 0
283 103 0
283 879 0
283 374 0
283 351 0
879 550 1
879 778 0
284 103 1
285 103 0
285 530 0
530 103 1
530 157 0
288 103 1
288 526 0
526 103 0
526 401 1
289 103 0
289 307 0
290 103 0
290 930 1
930 103 0
930 364 1
930 375 0
930 348 0
291 29 1
291 103 0
292 103 0
292 265 0
293 103 0
293 262 0
411 227 0
298 103 0
299 495 1
495 528 0
300 103 0
300 496 0
300 633 0
496 103 0
496 810 0
303 103 1
797 274 0
797 501 0
306 103 0
306 852 0
852 103 0
852 608 0
307 34 0
307 997 0
308 103 0
309 323 0
309 238 0
323 517 1
310 103 0
310 373 0
310 242 0
311 103 0
312 103 0
312 390 1
390 103 0
316 103 0
317 103 0
317 143 0
318 103 0
319 103 0
321 103 0
517 309 0
517 503 1
324 103 1
324 254 0
325 103 1
327 103 1
329 103 1
330 103 0
331 103 0
332 103 0
334 98 1
334 103 0
336 103 0
339 103 1
339 429 1
429 993 0
341 103 0
344 103 0
345 103 0
347 103 0
347 498 0
498 103 0
498 374 0
349 103 1
350 103 0
350 379 1
379 103 0
379 361 0
351 814 0
351 550 0
814 756 0
353 103 1
354 103 0
357 103 0
358 103 0
359 103 0
360 103 0
361 350 0
364 290 0
365 103 0
365 555 0
365 836 0
555 63 1
555 103 0
555 765 0
366 40 0
366 103 0
367 103 1
368 103 0
368 818 0
818 103 0
818 573 0
369 103 0
369 970 1
970 103 1
970 753 1
371 28 0
371 103 0
372 853 0
853 103 0
853 878 0
754 310 1
754 607 0
374 103 0
374 347 0
374 550 0
376 3 0
376 281 0
377 103 0
377 403 0
403 103 0
403 601 0
378 103 0
766 219 0
382 103 1
383 103 0
383 726 0
726 103 0
726 812 1
384 103 0
384 520 0
520 103 0
932 103 0
932 142 0
386 103 0
386 735 0
735 103 1
735 498 0
735 840 1
387 103 0
387 231 1
388 103 1
389 103 0
391 97 0
391 103 0
646 50 0
646 657 0
396 103 0
397 103 0
397 449 0
449 607 0
398 103 1
399 2 0
399 103 1
399 623 0
400 103 1
401 103 0
401 288 1
402 103 1
601 103 0
601 377 0
404 466 0
466 838 1
405 103 0
406 103 0
409 103 0
412 103 0
413 103 1
414 103 1
414 488 0
488 103 0
415 103 0
415 461 1
461 103 0
461 298 0
461 595 0
417 103 0
418 103 0
421 103 0
548 242 0
425 103 0
426 103 0
426 648 0
648 103 0
648 688 0
993 103 0
993 339 0
993 381 0
431 103 0
431 228 0
431 684 0
684 103 0
432 103 0
961 161 0
961 269 0
437 103 0
438 103 0
439 103 0
440 103 0
441 103 1
442 103 0
442 685 0
685 582 0
443 103 0
443 210 0
444 54 0
444 103 0
446 103 0
447 519 0
519 103 0
519 918 0
448 103 0
607 103 0
607 397 0
607 373 0
450 103 0
451 103 1
451 253 0
452 103 0
454 103 0
454 867 0
454 36 0
454 644 0
867 546 0
455 103 0
456 103 0
780 76 0
459 103 0
460 103 1
595 103 0
595 415 0
463 58 0
463 103 0
463 611 0
464 103 0
465 103 0
838 103 0
838 404 0
467 103 1
468 103 0
469 103 0
470 103 0
471 103 0
471 971 0
971 103 0
971 882 1
472 103 1
473 103 0
474 103 0
477 103 0
480 103 0
481 103 0
484 103 1
485 103 0
486 103 0
486 742 0
742 103 0
742 763 0
490 103 0
491 103 0
494 103 0
528 103 0
528 209 0
528 299 0
810 103 0
810 300 0
499 103 0
499 209 1
501 996 0
996 103 1
996 598 0
996 797 0
502 103 0
503 642 0
503 323 0
642 103 0
642 695 0
504 0 1
504 103 1
506 103 0
508 103 0
509 103 0
510 663 1
663 901 0
512 103 0
513 103 0
515 103 0
516 103 0
918 103 0
918 447 0
522 760 1
760 103 1
760 568 0
524 63 0
524 67 1
524 103 1
525 103 0
527 103 0
529 103 0
531 103 0
533 809 1
809 103 0
809 781 0
535 103 1
536 103 0
536 968 0
536 879 1
536 980 0
968 103 0
968 778 0
537 103 0
537 694 1
694 902 0
540 103 0
541 103 0
541 969 1
541 381 0
969 103 0
969 779 0
969 95 0
542 103 0
543 103 0
544 103 0
544 279 0
546 103 1
546 454 0
546 830 1
547 103 0
963 21 0
963 103 1
550 283 1
553 103 1
839 238 0
839 430 0
765 103 0
765 365 0
765 671 0
765 703 0
556 103 0
557 103 1
558 103 0
559 103 0
559 669 0
669 103 0
669 986 0
560 103 0
611 124 0
562 103 0
565 103 0
567 103 0
567 178 0
567 21 0
568 103 0
568 522 0
568 633 0
569 103 0
571 103 0
573 368 0
574 103 0
921 68 1
578 103 0
579 103 0
581 103 0
581 994 0
994 103 0
994 811 0
582 103 0
582 442 0
583 103 0
584 103 0
585 103 0
585 590 0
590 103 0
590 913 0
589 103 0
589 276 0
589 799 0
913 103 1
913 157 0
913 585 1
913 934 0
923 36 0
923 454 0
923 54 0
592 103 0
593 144 0
594 103 0
596 103 0
597 103 0
598 53 0
598 103 0
598 501 0
599 103 1
600 53 0
600 103 1
602 65 0
602 103 0
602 420 0
602 306 0
603 103 0
604 103 0
604 972 0
972 103 0
605 103 0
606 940 0
606 34 0
940 103 0
940 715 0
608 103 1
608 306 0
608 602 1
609 103 0
610 103 0
612 103 0
613 103 1
614 103 0
614 117 0
614 237 0
615 103 0
616 103 0
622 103 0
623 657 0
623 2 0
657 944 0
624 103 0
625 103 0
627 103 0
628 103 1
631 103 0
632 103 0
841 213 0
889 13 0
889 103 0
889 782 0
638 103 0
639 103 1
641 103 1
695 103 0
695 503 0
643 103 0
643 816 0
816 980 0
644 17 0
644 103 0
697 237 0
697 614 1
688 103 0
688 426 0
649 103 0
650 49 0
651 103 0
651 215 0
652 103 0
654 103 1
654 300 0
655 103 0
944 103 0
944 623 1
944 646 0
658 103 1
661 103 0
662 103 0
901 510 0
665 103 0
666 103 0
668 103 0
986 559 0
672 757 0
757 103 0
757 893 0
674 103 0
677 103 0
677 363 0
678 103 0
681 103 0
682 103 0
683 103 0
687 103 0
687 182 0
687 947 0
690 103 0
693 103 0
902 537 1
701 103 1
702 47 0
704 103 0
705 103 0
706 895 0
706 247 0
895 103 1
895 748 0
895 49 0
708 103 0
712 103 0
713 103 1
714 103 0
715 103 0
715 606 0
718 103 0
719 103 0
719 245 0
720 103 0
721 103 0
724 103 1
725 103 0
812 103 0
812 383 0
727 103 1
728 103 0
729 103 0
730 103 1
731 103 0
868 103 0
868 267 0
840 103 0
840 386 0
840 912 0
736 103 0
826 245 0
739 103 0
740 103 0
763 486 0
763 71 0
743 103 0
744 103 0
745 103 1
746 186 0
747 103 0
747 935 0
935 103 0
748 103 1
748 706 1
749 103 0
750 103 0
912 8 0
912 103 1
912 386 1
753 103 0
753 369 1
755 103 0
756 103 0
756 176 0
756 351 1
756 980 0
893 103 0
893 672 0
758 103 0
758 282 0
759 103 1
761 103 0
762 14 0
762 103 0
764 103 0
767 103 0
768 95 1
768 103 0
768 44 1
770 155 0
771 103 0
774 103 0
775 103 0
776 103 0
777 103 0
778 103 0
778 536 0
779 103 1
779 541 0
781 103 0
781 533 1
787 103 0
789 103 0
790 103 0
791 103 0
792 103 1
793 103 0
794 103 1
795 103 0
796 103 0
798 103 0
798 199 1
880 103 1
880 179 0
880 925 0
800 103 0
800 758 0
801 103 0
802 103 0
804 103 0
805 103 0
808 103 0
811 103 0
811 581 0
980 643 0
980 814 0
980 778 0
817 103 0
817 627 0
819 103 0
820 103 1
821 103 0
822 82 1
822 103 1
825 103 0
827 44 0
827 103 0
827 551 0
827 198 0
828 103 0
829 103 1
829 731 0
831 103 1
833 103 0
834 103 1
835 103 0
837 103 1
842 103 1
844 103 0
844 334 1
845 103 0
849 103 0
850 103 0
851 103 0
878 372 0
855 103 0
856 103 0
856 242 0
856 499 0
857 103 0
858 43 0
858 103 0
926 103 0
861 103 0
863 103 0
873 103 0
874 103 0
876 103 0
881 103 1
882 103 1
882 471 0
884 103 0
960 265 0
886 103 0
887 103 0
890 103 1
899 103 0
911 135 0
904 103 1
906 103 0
908 103 0
934 103 0
916 103 0
919 103 0
920 103 0
924 103 0
927 103 0
931 103 0
936 103 0
938 103 0
939 103 0
939 579 0
943 103 0
950 103 0
951 103 0
953 103 0
958 103 0
959 103 1
962 103 0
977 91 0
977 103 0
973 103 0
974 103 0
976 103 0
976 283 0
978 103 0
981 103 0
982 103 0
983 103 0
987 103 1
988 103 0
989 103 0
