0 2 1
0 29 0
0 182 0
2 29 0
2 79 0
29 167 0
182 29 0
79 29 0
79 128 0
79 165 0
79 30 0
79 115 1
5 184 0
5 108 0
184 29 0
184 47 0
184 73 1
184 38 0
6 26 0
6 29 0
26 29 0
26 116 0
8 9 1
8 29 0
8 30 0
9 29 0
30 29 0
30 63 0
10 29 0
10 88 0
88 87 1
88 135 0
88 175 0
11 29 0
11 77 0
77 188 1
77 12 0
12 23 0
23 29 1
23 81 0
23 151 0
13 11 0
13 29 0
13 99 1
13 140 0
99 53 1
16 29 1
16 63 1
63 29 1
63 68 1
63 166 0
17 29 0
17 54 1
54 41 0
18 29 0
20 143 0
20 87 0
20 159 0
143 29 0
143 35 0
143 44 1
143 121 0
143 148 0
21 192 0
192 173 0
192 93 0
22 29 0
22 135 0
22 181 0
135 29 0
135 117 0
135 10 0
135 165 0
181 9 0
181 29 0
181 38 0
81 12 0
81 29 0
81 58 0
81 77 0
24 29 0
24 115 0
24 160 0
24 103 1
24 79 0
24 93 0
115 29 0
115 136 0
25 29 0
25 78 0
25 135 0
25 190 0
25 107 0
78 29 0
116 29 1
116 56 0
27 29 1
27 79 0
27 108 0
27 5 0
108 29 0
108 35 0
108 44 0
108 94 0
108 161 0
28 29 0
28 173 0
28 41 0
28 107 0
28 94 0
167 28 1
167 151 1
167 99 0
167 171 0
31 29 0
34 2 0
34 29 0
34 144 1
34 184 1
144 29 0
144 107 0
35 29 0
36 29 0
38 29 0
38 179 1
38 73 1
38 118 1
179 23 0
179 29 0
179 139 0
179 181 0
179 84 0
179 159 0
179 175 1
40 18 1
40 29 0
41 17 1
41 29 0
42 29 0
44 20 0
44 29 0
45 29 0
47 24 0
47 29 0
48 29 0
48 63 1
48 118 1
48 132 0
48 38 0
48 136 0
48 86 0
118 160 0
132 29 0
132 35 0
132 81 0
132 156 0
51 29 0
52 29 0
52 70 0
70 29 0
70 31 0
70 140 0
70 166 1
53 13 0
53 29 0
53 152 0
53 167 1
53 84 0
152 29 0
152 165 0
152 79 0
152 135 1
152 113 1
56 29 0
56 121 0
56 103 0
56 143 0
56 107 0
121 84 0
57 29 0
57 166 0
57 169 1
57 173 1
166 29 0
166 95 1
169 29 0
169 82 0
169 113 0
58 29 1
59 29 0
62 29 0
62 51 0
68 29 0
68 30 0
68 42 0
68 103 0
68 79 0
68 87 0
64 29 0
64 65 0
65 29 1
65 74 0
74 29 0
74 187 0
74 183 1
66 142 0
142 17 1
142 29 1
142 68 0
142 103 0
69 29 0
69 82 0
82 29 0
82 145 0
140 102 0
72 29 0
72 106 0
72 159 0
72 160 0
106 86 0
73 5 0
187 29 0
187 124 1
76 29 1
188 11 0
188 29 1
128 29 0
128 151 1
128 167 0
128 173 0
128 160 0
128 23 0
80 10 1
80 29 0
80 163 0
163 29 0
145 178 1
84 56 0
84 181 0
84 99 0
85 13 0
85 29 0
85 58 0
85 176 1
176 18 0
176 29 0
176 51 0
86 29 0
86 72 1
86 118 0
87 10 0
87 44 0
87 132 0
87 30 0
89 29 0
89 144 0
91 29 0
91 98 0
91 147 0
98 29 0
98 190 0
98 167 0
147 29 0
93 109 0
93 115 1
93 21 1
109 170 0
94 26 0
94 27 1
94 29 0
94 148 0
95 110 1
95 109 0
110 166 0
110 124 0
110 113 0
110 70 0
110 63 0
190 29 0
190 152 0
190 171 0
190 117 1
100 29 0
102 70 0
102 173 0
102 175 1
102 13 0
102 103 0
103 66 0
103 30 0
103 121 0
103 115 0
103 140 1
104 29 1
104 74 1
105 29 1
105 181 0
107 34 0
107 121 0
107 117 0
107 29 0
161 29 0
170 93 1
170 95 0
111 29 0
111 139 0
139 29 0
139 82 0
113 57 0
113 166 1
113 165 0
114 29 0
114 62 0
114 189 0
189 9 1
189 29 0
189 82 0
136 24 0
136 29 1
136 118 0
117 25 0
160 48 1
160 115 1
160 106 1
160 151 0
122 29 1
122 69 0
123 29 1
124 74 1
124 166 0
127 29 0
151 79 0
129 17 0
129 29 0
156 29 0
156 42 0
156 183 0
156 87 0
141 29 0
178 29 0
178 82 0
146 29 1
148 11 0
148 29 0
148 180 0
180 175 0
180 173 0
180 94 0
180 143 0
165 29 0
165 159 0
153 29 0
155 29 0
183 29 0
183 65 0
183 132 0
183 187 0
158 18 0
158 29 0
159 29 1
159 152 0
159 106 0
159 181 0
159 44 0
168 29 0
168 35 0
168 68 1
171 29 0
171 98 0
172 23 0
172 29 0
172 62 0
172 190 0
173 21 0
173 151 0
173 148 1
173 140 0
173 29 0
173 169 0
175 148 0
175 140 0
175 181 1
175 10 0
191 29 0
191 62 0
191 76 0
196 29 0
197 29 0
197 166 1
197 168 1
198 29 0
198 123 0
