0 56 1
0 207 0
0 91 1
56 207 1
56 317 0
207 199 0
207 163 0
207 117 1
207 227 1
1 207 0
3 207 1
5 207 0
7 28 0
7 207 0
28 207 0
28 229 0
9 118 0
9 207 0
9 387 1
118 207 0
118 332 0
118 203 1
10 207 0
10 263 0
10 395 0
10 175 0
263 66 0
263 165 0
395 207 1
11 207 0
11 387 0
387 207 0
387 388 1
387 332 0
12 165 1
12 207 0
12 263 1
12 13 1
12 319 0
12 91 0
165 308 0
13 207 0
13 299 0
13 165 0
299 266 0
14 207 0
15 207 1
15 341 0
341 207 1
16 129 1
16 311 0
16 78 0
16 250 1
129 108 0
17 54 0
17 294 1
54 41 0
54 207 1
21 73 1
21 113 1
21 207 1
21 76 0
73 207 1
113 207 1
113 373 0
22 32 0
22 207 0
22 294 0
32 57 0
32 207 1
294 207 1
294 220 1
294 54 0
294 186 0
23 207 1
23 359 1
23 369 1
359 207 0
359 352 1
24 207 1
25 73 0
25 91 0
25 207 0
25 111 0
91 37 0
91 207 1
91 386 0
91 56 0
91 165 1
27 366 1
366 94 1
366 291 1
229 167 1
229 207 0
29 207 1
31 326 0
326 177 1
326 207 1
57 169 1
57 207 1
35 155 1
35 207 0
35 243 0
155 374 0
243 207 0
37 191 0
37 207 0
37 206 1
191 246 1
191 147 0
38 95 0
95 310 0
95 299 1
95 248 0
39 207 0
40 64 1
40 349 0
40 86 1
64 392 0
41 17 0
41 58 1
41 207 1
41 305 0
41 385 1
41 186 0
58 207 1
305 207 0
42 203 0
42 250 1
42 118 1
203 93 0
203 139 1
203 207 1
43 15 1
43 207 0
44 207 1
44 227 1
227 207 0
227 288 1
46 207 0
46 265 1
46 319 1
265 207 0
319 207 0
319 301 0
319 165 1
50 255 1
255 358 1
53 207 0
55 291 0
55 326 0
291 304 0
317 0 1
317 141 0
317 207 1
169 207 0
169 313 0
60 207 1
63 156 0
63 142 1
156 348 0
156 279 1
392 40 0
392 207 0
65 207 1
66 10 0
66 207 0
66 229 1
68 70 0
70 207 1
70 230 1
69 207 0
69 240 1
240 101 0
240 207 1
230 68 0
230 122 1
230 126 0
230 207 0
71 300 0
71 83 1
71 385 0
300 159 1
72 207 0
72 310 0
310 38 1
310 207 1
74 180 1
74 207 1
180 124 1
180 207 1
75 157 0
75 173 0
157 111 1
76 360 1
360 207 1
360 227 0
360 367 1
360 21 1
77 277 1
77 190 1
77 357 0
277 225 1
78 147 0
78 129 0
78 46 0
147 97 0
79 318 0
318 151 1
80 330 1
80 103 0
80 324 1
80 23 0
330 207 1
330 369 0
82 207 0
82 345 0
345 365 0
345 302 1
83 207 0
83 327 0
327 363 0
86 158 1
86 207 1
86 310 1
86 64 0
158 357 0
158 77 1
88 207 1
88 234 1
234 302 0
90 279 1
279 207 0
279 237 1
279 348 1
386 25 1
386 57 1
386 207 1
92 207 1
93 207 0
93 343 0
343 370 0
94 27 0
94 207 0
96 166 0
96 207 1
166 130 1
166 207 1
97 78 1
97 191 0
98 390 1
390 171 0
390 176 0
390 207 0
101 69 0
101 207 1
103 336 0
103 369 0
336 315 1
336 335 1
105 207 0
106 207 1
108 16 0
109 321 0
321 9 0
321 175 1
321 207 0
321 250 1
111 75 0
111 207 1
111 386 0
373 21 0
373 207 1
115 287 1
287 207 0
287 210 0
117 272 0
272 335 0
272 207 1
332 9 0
119 207 0
120 207 0
121 207 1
121 284 1
284 224 1
122 207 0
123 207 1
124 74 0
124 367 1
125 207 0
126 207 0
127 181 1
127 207 1
181 207 0
128 344 1
344 24 1
344 82 0
344 207 0
344 307 1
130 96 0
130 141 1
130 207 0
141 207 0
141 227 0
132 356 1
356 183 0
356 207 0
356 250 1
133 207 0
135 207 0
136 207 1
137 389 1
389 233 1
389 202 0
138 111 1
138 207 1
139 42 0
139 123 1
139 207 1
140 207 0
140 309 0
140 286 1
140 377 1
309 270 1
142 207 1
142 303 0
303 256 1
303 323 1
145 207 1
149 207 1
150 207 1
151 79 1
151 313 0
152 187 1
152 365 1
187 207 0
187 349 1
153 60 0
153 207 0
154 207 1
374 35 1
374 207 0
374 323 0
348 63 1
357 86 0
159 71 1
159 207 0
160 248 1
160 95 0
248 184 0
161 206 1
206 207 1
206 285 0
206 246 1
206 46 1
163 207 1
163 324 0
324 394 1
324 369 1
324 202 0
308 12 1
167 28 0
167 207 1
167 380 0
380 207 1
380 286 1
313 57 0
313 318 0
171 98 0
171 207 1
172 383 1
383 242 0
173 205 0
173 207 0
173 157 0
205 273 1
175 109 1
175 66 0
176 207 1
177 31 0
177 55 1
178 207 0
179 207 0
182 207 0
183 132 0
184 160 0
185 186 1
185 207 1
185 41 0
185 294 1
186 377 0
377 185 0
377 260 1
377 309 1
349 152 1
349 64 1
189 120 0
189 207 1
190 207 1
190 294 0
246 37 0
246 207 1
192 207 0
192 281 1
281 207 1
281 212 0
281 216 1
193 207 1
194 207 1
196 207 0
197 207 1
199 260 1
199 377 0
260 207 0
200 207 1
202 311 1
311 3 1
311 207 1
311 217 1
311 129 1
273 173 0
273 207 0
285 161 0
209 70 0
209 207 1
209 397 1
209 374 0
209 303 0
397 323 1
210 115 0
211 207 1
212 192 1
212 11 1
213 207 1
215 289 0
289 207 0
289 382 1
216 207 0
217 202 1
217 389 1
217 324 1
220 190 0
220 207 1
220 77 0
221 207 1
221 236 1
236 141 1
236 207 0
222 207 0
224 121 0
224 207 1
225 77 0
226 207 0
288 44 1
288 207 0
233 137 1
233 207 0
302 88 0
302 82 0
235 207 0
237 90 0
242 172 0
242 207 0
245 207 0
245 222 0
247 207 1
249 207 0
250 376 0
250 132 0
250 203 0
250 129 1
250 109 1
376 385 1
376 367 0
376 41 1
376 71 0
253 351 0
351 378 0
351 299 0
358 50 1
358 169 1
358 207 1
256 142 0
256 207 1
256 245 0
256 63 1
257 207 1
257 260 1
259 207 1
261 207 0
266 13 0
266 207 1
266 395 1
266 351 0
266 95 0
267 207 1
269 207 1
270 140 0
335 117 1
335 315 1
276 207 1
278 121 1
278 207 0
286 119 0
286 207 1
286 306 1
286 309 0
306 380 1
382 215 0
304 55 0
304 207 0
304 366 1
292 207 0
301 46 1
301 207 0
301 206 1
301 78 0
307 128 1
314 207 1
315 103 0
320 207 0
323 209 0
394 29 1
394 163 1
394 207 0
363 83 1
363 207 1
363 226 0
363 71 1
328 379 0
379 113 0
379 207 0
379 381 0
369 80 0
369 207 1
331 207 0
334 207 0
339 207 0
339 352 1
339 355 0
352 23 0
352 207 1
355 207 0
340 83 0
340 118 1
340 207 1
340 242 0
342 207 0
370 93 0
365 82 0
365 187 1
378 207 1
378 253 1
378 369 1
354 207 1
367 76 1
367 207 1
367 74 1
367 385 0
361 176 0
361 207 0
368 207 1
371 207 0
372 207 0
385 250 1
381 328 1
384 207 1
388 11 0
388 207 1
388 212 1
391 207 0
396 207 1
