0 268 1
268 529 1
268 190 1
268 229 1
1 268 0
2 72 1
72 394 1
3 268 1
4 67 1
4 268 1
67 268 1
5 268 1
6 268 0
7 206 1
7 268 1
206 268 1
206 561 0
8 268 1
9 268 0
10 268 1
10 309 1
10 294 0
309 479 1
11 268 1
12 268 1
13 5 1
13 178 1
13 268 1
178 53 1
178 123 1
178 268 1
14 268 0
15 268 1
16 111 1
16 268 1
16 527 1
16 188 1
16 143 1
111 268 1
111 375 1
111 469 1
527 163 1
527 268 1
527 473 1
17 201 1
17 268 0
201 268 0
18 268 1
18 286 1
286 268 1
286 594 1
286 410 0
19 268 0
20 268 1
20 366 1
366 330 1
21 268 1
21 592 1
21 473 1
592 573 1
23 268 0
23 383 0
23 156 1
383 68 1
383 268 1
383 337 0
25 268 0
26 268 1
27 94 1
94 244 1
94 268 1
28 229 1
28 268 0
229 167 1
229 268 1
30 268 1
31 206 1
31 268 1
31 463 1
31 577 1
463 70 1
463 268 1
463 381 0
577 233 1
577 268 1
577 423 1
577 86 0
577 231 1
32 268 0
33 268 1
34 268 1
35 268 1
37 90 1
37 139 1
90 268 1
90 485 1
38 524 1
524 190 1
524 268 1
524 118 0
524 535 1
39 62 1
39 63 1
39 268 1
62 56 1
62 129 1
62 268 0
62 463 1
63 268 1
63 270 1
40 111 1
40 268 1
40 303 1
41 82 1
41 268 1
41 494 1
82 145 1
82 268 1
42 268 1
42 300 1
42 103 1
300 268 0
300 407 1
300 471 0
43 206 1
43 268 1
44 268 0
45 21 0
45 216 1
45 268 1
216 268 1
216 329 1
216 86 1
46 268 1
46 519 1
519 114 0
519 268 1
519 389 1
519 123 0
519 526 1
47 206 1
47 268 1
48 63 1
48 268 0
48 371 1
48 535 1
371 268 0
371 498 1
50 55 1
50 268 1
50 495 1
55 532 1
53 13 1
53 268 1
53 302 1
302 268 0
302 482 1
532 50 1
532 268 1
56 268 1
56 342 1
342 268 1
342 303 0
57 268 0
58 153 0
58 268 0
153 268 1
59 268 0
129 268 0
270 48 1
64 268 1
64 381 1
381 238 1
381 268 0
65 268 1
66 99 1
99 241 1
68 23 1
68 268 1
69 268 0
70 33 1
70 230 1
70 268 0
70 477 1
230 463 1
230 569 1
477 145 1
477 225 1
477 268 1
394 2 1
394 145 1
394 268 1
73 268 1
73 369 1
369 268 1
369 579 1
74 587 1
587 79 0
587 227 1
587 268 1
75 157 1
75 303 1
75 118 0
157 268 0
157 583 1
76 166 1
76 231 0
76 268 1
76 486 1
166 268 1
166 388 1
166 393 1
231 107 1
231 268 1
231 385 1
486 268 1
486 342 1
78 268 1
79 74 1
79 268 1
79 590 0
590 268 1
80 268 1
80 285 1
80 293 1
285 268 1
293 268 0
293 477 1
81 180 1
81 268 1
81 287 1
81 359 1
180 268 1
180 282 1
145 41 1
145 268 1
84 224 1
84 268 1
84 493 1
84 46 1
84 372 1
84 521 1
224 521 1
224 84 1
224 118 1
224 423 1
224 468 1
493 268 1
85 268 1
86 268 1
86 506 1
86 329 1
86 385 0
506 268 1
506 417 0
506 488 1
506 587 0
87 268 1
88 168 1
88 268 0
88 287 1
88 423 1
88 286 0
168 268 0
168 498 1
287 268 1
287 410 1
287 282 1
423 268 1
423 281 0
423 385 1
423 521 0
423 66 1
485 37 1
485 268 1
91 255 1
91 268 1
255 268 1
255 296 1
92 268 1
93 268 1
93 509 0
509 268 1
509 470 1
244 27 1
244 268 1
244 286 1
95 268 1
97 187 1
97 268 0
187 268 1
241 66 1
241 268 1
241 327 1
241 250 1
241 423 1
103 536 0
103 300 0
536 115 0
536 303 0
105 268 1
107 76 0
107 268 1
107 495 1
108 268 1
109 317 1
317 535 1
110 268 1
375 148 1
375 268 1
469 40 1
469 130 1
469 268 1
112 268 1
113 95 1
113 209 1
113 268 1
113 542 0
113 519 1
209 123 1
209 268 1
542 268 0
114 268 1
114 460 1
460 268 1
115 103 1
115 268 1
117 315 1
315 118 1
315 268 1
315 558 1
315 495 0
118 117 0
118 190 1
118 521 1
118 412 1
118 157 0
119 268 1
121 268 1
123 113 1
123 268 0
124 444 1
444 563 1
444 165 1
444 580 0
128 551 1
551 268 1
551 279 1
130 268 0
132 156 1
132 268 1
132 430 0
132 417 0
156 268 1
156 528 0
133 268 0
134 268 1
134 344 1
344 268 1
344 507 1
135 268 1
136 268 0
137 268 1
137 573 1
573 21 1
573 268 1
138 145 0
138 268 1
139 242 1
139 268 1
242 257 0
242 268 0
242 403 1
242 37 1
140 268 1
140 502 1
502 288 1
502 412 0
142 268 0
143 268 0
143 370 1
143 163 0
370 268 1
370 565 1
144 268 0
144 483 1
483 268 1
483 367 1
146 268 1
147 268 1
147 497 0
497 268 1
497 278 1
148 430 1
148 167 0
148 132 1
430 268 1
430 271 0
430 375 0
149 227 1
149 268 1
227 268 1
227 365 1
152 268 1
152 281 1
152 360 1
281 212 1
281 268 1
360 268 1
360 349 1
154 268 1
155 268 1
155 300 1
155 341 1
341 268 1
528 132 1
528 268 0
528 23 1
583 75 0
158 268 1
158 285 0
159 268 1
160 268 1
161 57 1
161 129 1
161 268 1
163 16 0
165 268 1
165 508 0
165 563 1
508 268 1
508 373 1
508 496 1
388 268 1
388 316 0
393 268 1
167 28 1
167 430 1
498 268 1
498 321 1
498 390 1
169 268 1
171 268 1
171 561 1
561 263 1
561 268 0
172 268 1
176 30 1
176 185 0
176 268 1
185 450 0
177 268 1
179 268 1
179 381 1
179 188 1
179 463 1
282 81 1
182 59 1
182 121 1
182 268 0
183 268 1
184 268 1
184 473 1
184 21 1
184 527 1
184 256 1
473 205 1
473 268 1
473 378 1
450 176 1
186 23 1
186 268 1
186 371 1
188 400 1
188 381 1
188 163 1
188 357 1
400 268 1
400 372 1
400 84 1
400 205 1
189 268 0
190 38 0
190 268 1
190 561 0
190 585 1
585 268 1
585 586 1
585 569 1
192 433 1
433 337 1
196 268 1
198 268 1
199 268 1
199 354 1
354 268 1
200 268 1
202 268 1
202 403 1
202 580 1
403 139 1
403 268 1
580 216 0
580 268 1
580 563 1
204 268 0
205 184 1
205 242 0
205 268 1
205 479 0
205 372 0
479 10 1
479 268 1
207 268 1
208 268 1
212 268 1
212 423 1
212 490 0
212 529 0
490 268 0
529 268 0
529 530 1
214 268 1
329 186 0
329 268 1
329 580 1
217 254 1
217 132 1
254 231 1
254 268 0
254 417 1
218 268 0
218 356 1
356 268 0
219 268 1
220 268 0
221 268 1
223 268 1
223 595 1
595 268 0
521 84 1
225 265 0
225 268 0
225 487 1
265 268 1
487 268 1
487 477 1
487 413 1
226 268 1
365 294 1
232 268 0
233 268 1
233 385 1
233 512 0
385 268 1
385 577 1
512 268 1
234 344 1
235 268 1
236 268 0
236 523 1
523 268 1
238 179 1
238 268 1
238 20 1
239 268 1
240 184 1
240 264 0
240 268 1
264 256 0
327 268 0
257 268 1
257 569 1
243 268 1
245 268 1
246 268 1
247 268 1
248 268 1
248 518 1
518 560 1
250 585 1
250 46 1
250 66 1
252 268 1
253 268 1
417 217 1
417 268 1
296 91 1
296 268 1
256 240 1
256 268 1
256 473 1
569 268 0
569 513 1
569 140 1
569 70 1
569 586 1
258 6 1
258 268 1
259 268 0
261 268 1
262 268 0
263 206 1
267 268 1
269 268 1
271 268 1
272 59 1
272 268 0
272 456 0
272 509 1
272 537 1
456 484 1
456 413 1
456 412 0
456 46 1
537 226 1
537 268 1
273 261 1
273 268 1
274 268 1
275 268 0
276 268 1
278 147 0
279 128 1
279 242 1
279 268 1
280 268 1
280 425 1
425 144 1
425 268 0
425 468 0
283 268 1
284 56 1
284 268 1
594 501 1
410 88 1
288 140 1
288 268 1
288 569 1
289 268 1
292 268 1
294 227 1
294 309 0
295 310 1
310 566 0
297 268 1
298 268 1
299 268 0
407 268 1
471 42 1
482 268 1
303 56 1
303 268 1
303 469 1
303 115 1
303 157 1
304 268 0
305 268 1
308 268 1
566 295 1
313 268 1
314 268 1
314 383 1
316 268 0
535 109 1
535 270 1
535 190 1
318 268 1
318 481 0
481 268 1
319 268 1
320 268 1
321 268 1
322 268 1
323 268 1
330 20 1
330 238 1
331 20 1
331 268 1
332 268 1
336 268 1
337 192 1
337 268 1
339 268 1
340 268 1
507 234 0
347 268 1
348 268 1
349 152 0
349 268 1
350 268 0
352 244 0
352 268 1
352 412 0
352 456 1
352 502 1
352 118 1
412 268 0
412 359 1
412 455 1
355 268 1
357 268 1
357 597 1
597 558 1
597 188 1
358 268 1
358 342 1
359 352 1
359 282 1
367 144 1
579 268 1
565 143 1
565 268 1
565 439 1
565 560 1
372 188 1
373 165 1
376 268 1
377 21 0
377 268 1
377 431 1
377 519 1
431 526 1
378 268 1
379 268 1
386 268 1
387 268 1
387 337 1
389 46 1
389 268 1
389 595 1
389 84 0
389 250 1
389 456 1
390 268 0
390 297 1
390 371 1
391 268 0
392 268 1
397 268 1
399 268 1
405 244 0
405 268 0
409 268 0
411 588 1
588 268 0
588 494 1
455 268 1
413 420 1
420 495 1
420 456 1
420 487 1
414 268 1
415 268 1
415 378 1
416 220 1
416 268 0
418 268 1
419 268 1
495 268 0
495 413 1
495 532 1
495 76 1
495 117 1
422 268 0
468 12 1
468 81 1
468 268 1
468 280 1
468 521 1
427 268 1
429 268 1
526 268 1
526 377 1
432 268 1
435 268 1
436 268 1
437 268 1
439 268 1
443 145 1
443 268 1
563 124 1
446 268 1
448 268 1
448 327 1
449 268 1
453 5 0
453 268 1
454 268 1
454 435 1
484 272 1
458 14 1
458 200 1
458 268 1
459 268 1
459 293 1
461 268 1
462 95 1
462 268 0
462 446 1
466 268 1
467 268 1
467 412 1
470 93 1
472 268 1
472 276 1
480 268 1
488 86 1
488 268 1
489 268 0
491 268 1
494 268 0
494 411 1
494 482 1
494 82 1
496 268 0
499 268 0
501 286 0
503 268 1
504 268 1
504 378 1
505 268 0
510 268 1
513 257 0
513 268 0
513 481 1
514 268 1
516 268 1
560 171 1
560 248 0
560 268 1
525 33 1
525 268 1
530 268 1
531 137 0
531 268 1
531 423 1
533 268 1
534 90 1
534 268 1
539 268 1
541 268 1
545 268 1
548 268 0
552 268 0
552 356 1
555 242 0
555 268 0
558 357 1
558 117 1
559 268 0
567 268 0
568 268 0
571 268 0
574 265 1
574 268 1
575 268 1
576 268 1
578 180 1
578 268 1
581 268 0
586 121 0
586 250 1
586 268 1
589 268 1
589 531 1
598 268 1
