0 300 0
0 400 0
300 400 0
300 471 0
400 372 0
400 349 0
400 580 1
1 400 0
2 400 0
4 400 0
4 579 0
579 400 0
5 400 0
6 10 0
6 400 0
10 227 0
10 309 0
10 400 0
7 120 0
7 400 0
120 400 0
8 400 0
8 401 1
401 303 1
401 400 1
9 400 0
227 365 1
227 400 1
227 580 0
227 456 0
309 400 0
309 479 0
11 400 0
12 400 1
13 14 0
13 178 0
13 400 0
14 400 0
178 53 0
178 342 0
178 400 1
15 400 0
15 427 0
427 144 0
427 400 0
16 400 0
16 466 0
16 527 0
16 551 0
16 507 0
16 21 0
466 400 0
527 163 0
527 400 0
17 400 0
20 169 1
20 400 0
169 400 0
21 400 0
21 592 0
21 163 0
592 573 0
592 423 1
23 383 0
23 400 0
23 115 0
23 513 1
383 68 0
383 400 0
383 441 0
383 111 1
24 400 0
24 551 0
551 279 1
551 400 1
551 163 0
551 66 0
25 147 0
25 400 0
147 400 1
27 94 0
27 198 0
27 400 0
27 423 0
27 132 0
94 244 1
94 400 0
198 174 1
198 400 0
28 229 0
28 311 0
28 400 0
28 428 0
229 167 0
229 400 0
311 400 0
428 400 0
29 400 0
32 400 0
34 400 0
35 345 0
35 400 0
345 400 0
37 90 1
37 400 0
37 428 0
37 450 0
37 93 0
37 240 1
90 485 0
450 16 1
450 176 0
450 321 0
450 400 0
450 514 1
38 524 0
524 190 0
39 400 0
40 111 0
111 400 0
111 469 0
111 477 0
111 68 0
41 82 0
41 400 0
82 145 0
82 400 0
42 87 0
42 300 0
42 400 1
87 119 0
87 400 0
44 21 0
44 88 1
44 100 0
44 400 0
88 287 1
88 400 0
100 400 1
45 400 0
46 400 0
46 519 0
519 389 1
519 93 1
519 115 0
47 400 0
48 63 0
48 86 0
63 270 0
63 400 0
63 329 0
63 157 0
49 400 1
50 55 1
50 400 0
55 532 1
51 160 0
51 388 0
51 400 0
160 400 0
388 400 0
52 400 0
53 13 0
53 224 0
53 400 0
224 400 0
224 521 0
54 400 0
532 50 0
532 400 0
56 39 0
56 342 0
56 400 0
342 303 0
342 400 0
57 400 0
58 400 0
59 400 0
62 400 0
270 48 0
64 400 0
65 187 0
65 400 0
65 551 0
187 400 0
66 99 0
66 400 0
99 241 0
99 433 1
67 5 1
67 400 0
68 23 0
68 274 0
68 400 0
274 400 1
70 169 0
70 230 0
70 400 0
70 486 0
230 463 0
230 508 0
486 400 0
486 428 0
73 400 0
74 587 0
587 79 0
75 157 0
75 158 1
75 400 0
75 180 0
75 63 1
157 583 1
158 400 1
76 231 1
76 400 0
231 107 0
231 501 0
77 400 0
79 74 0
79 276 1
79 400 0
276 400 0
80 400 0
81 180 0
81 456 0
81 367 1
81 264 1
180 282 0
180 400 0
180 157 1
145 41 0
145 400 0
83 400 0
84 174 0
84 224 0
84 344 0
84 400 0
84 139 0
174 400 0
174 579 0
344 400 0
344 507 0
85 400 0
86 400 0
86 506 0
86 270 0
86 93 0
506 176 0
506 400 0
506 488 1
506 551 0
119 400 1
287 400 0
287 410 0
485 37 1
92 163 1
92 400 0
163 16 1
163 400 0
93 509 0
509 400 1
509 470 1
509 37 0
509 86 0
509 519 1
244 27 0
97 160 0
97 400 0
241 66 0
241 551 0
103 400 0
103 536 0
103 557 1
103 371 0
536 115 0
536 400 0
536 23 0
536 519 0
557 400 0
105 400 1
107 76 0
107 400 0
107 118 0
107 132 0
107 580 0
108 400 1
108 567 1
567 400 0
109 20 1
109 296 0
109 317 0
109 400 0
296 400 0
317 400 0
317 535 0
317 372 1
110 400 0
469 40 0
469 400 0
113 209 0
113 167 0
209 123 0
209 400 0
114 105 0
114 334 1
114 400 1
334 400 0
115 103 0
115 296 1
115 400 0
116 400 0
117 315 0
315 118 0
118 117 0
118 76 1
121 37 0
121 356 0
121 400 0
356 400 1
356 401 0
123 113 0
123 400 0
124 400 0
124 444 1
124 329 0
444 563 1
444 580 0
125 400 1
127 400 0
128 551 0
128 535 1
128 495 0
128 471 0
129 400 0
132 156 0
132 295 0
132 400 0
132 76 0
132 244 0
156 400 0
156 528 0
295 310 0
295 400 0
133 400 1
135 400 0
136 400 1
137 400 0
138 400 0
139 242 1
139 400 0
242 400 0
242 403 0
242 84 0
140 502 1
502 288 0
502 400 0
141 400 0
142 52 0
142 159 0
142 400 1
159 46 1
159 400 0
143 370 0
143 400 0
370 565 0
144 400 0
144 483 0
483 367 0
483 400 0
146 400 0
148 400 0
148 430 0
430 375 1
149 400 0
151 115 0
151 400 1
152 360 0
152 400 1
360 213 0
360 349 0
360 400 0
154 24 0
154 400 0
155 400 0
528 132 0
528 400 0
528 423 0
583 25 0
583 75 0
583 396 1
583 400 1
583 310 0
161 155 0
161 294 0
161 400 0
294 227 0
294 301 0
294 400 0
162 400 0
164 400 0
165 32 0
165 147 0
165 400 0
165 508 0
165 70 0
508 373 0
508 400 0
166 400 0
166 578 0
578 400 1
167 28 0
167 400 0
167 212 0
167 123 0
168 256 0
168 400 0
256 240 0
256 400 0
256 460 0
256 37 0
170 400 0
171 46 1
171 400 0
172 197 0
172 400 0
197 400 0
173 32 0
173 400 0
176 185 1
176 225 0
176 400 0
185 450 0
225 21 0
225 400 0
225 487 0
225 111 0
225 518 0
177 312 0
177 400 0
177 579 0
312 400 0
179 80 0
179 381 1
179 400 0
381 238 0
282 81 1
282 400 0
181 400 0
181 403 0
403 139 0
403 261 0
403 400 0
183 165 0
183 400 0
184 400 0
184 473 0
184 471 0
473 205 0
186 400 0
188 400 0
190 38 0
190 400 0
191 400 0
192 433 0
192 99 1
192 390 0
192 569 0
433 337 0
433 400 0
196 400 0
199 400 0
199 469 0
200 400 0
204 400 0
205 184 0
205 400 0
206 561 1
561 263 0
207 400 0
207 403 0
208 400 0
208 562 0
562 400 0
211 400 0
212 21 0
212 400 0
212 423 0
423 281 0
423 400 0
423 156 0
423 244 0
423 573 0
213 400 0
215 8 1
215 242 0
215 400 1
216 329 0
216 124 0
216 63 0
329 580 0
217 254 1
217 400 1
217 583 0
254 400 0
254 417 0
218 400 1
219 400 1
221 400 0
521 84 1
521 94 1
521 400 0
521 569 1
487 477 0
226 400 0
365 294 0
365 400 0
228 392 0
228 400 1
228 413 0
392 282 0
392 400 0
413 400 0
413 420 0
463 70 0
463 400 0
463 507 1
463 165 0
232 400 0
234 344 0
235 400 0
236 400 0
237 400 0
238 179 0
238 400 0
239 400 0
240 264 1
240 350 0
240 400 1
264 256 0
264 400 0
264 212 0
264 282 0
350 396 0
350 400 0
243 400 0
245 325 0
245 400 0
245 460 0
325 400 0
460 239 0
460 400 0
246 261 0
246 400 0
246 449 1
246 578 0
261 400 1
449 400 1
247 400 0
248 400 0
248 518 0
518 400 0
518 560 0
518 477 0
249 228 0
249 400 1
250 166 0
250 365 1
250 400 0
250 416 0
416 400 0
416 460 0
251 242 0
251 400 0
253 259 0
253 400 0
259 400 0
417 217 0
417 400 0
257 569 0
257 23 0
569 400 0
569 513 1
569 433 0
258 400 1
260 139 0
260 400 0
263 206 0
263 400 0
263 437 0
437 400 0
265 191 1
265 400 0
266 400 0
267 158 0
267 400 0
269 400 0
269 527 0
271 0 0
271 179 0
271 400 0
271 403 0
272 400 0
272 456 0
272 470 0
272 580 0
456 400 0
456 484 0
456 282 0
456 365 0
279 128 1
279 313 0
279 400 0
313 238 1
313 400 0
280 295 0
280 400 0
281 212 1
281 400 0
281 494 0
281 167 0
281 264 1
283 400 1
285 400 0
286 594 0
594 400 0
594 501 0
594 583 0
594 231 1
410 88 0
410 400 0
288 140 0
288 400 0
288 470 1
289 400 0
290 400 0
292 400 0
293 400 0
301 400 1
310 566 0
297 400 1
471 42 0
471 92 0
471 400 0
471 553 0
471 473 0
471 279 0
302 400 1
303 56 0
303 400 1
304 400 1
305 400 0
306 400 0
479 10 0
479 400 0
566 295 0
566 583 0
566 470 0
314 165 1
314 303 0
314 400 0
316 396 0
316 400 0
396 400 0
535 109 0
535 400 1
535 279 1
535 413 0
318 400 0
319 400 0
321 400 0
322 400 0
324 63 0
324 400 1
326 303 1
326 400 1
580 216 0
580 400 0
580 365 0
580 563 1
580 484 0
580 76 0
580 506 0
580 188 0
330 400 0
331 334 0
331 400 0
332 400 0
333 400 0
337 192 0
337 400 0
338 400 0
339 400 0
507 234 1
507 70 0
507 163 0
347 400 0
348 400 0
349 152 0
349 188 1
351 400 0
352 400 0
352 412 0
352 445 0
412 32 0
412 34 0
412 359 1
412 400 0
445 400 0
353 400 1
354 400 0
355 400 1
357 400 0
357 597 1
597 558 1
358 400 0
358 423 0
358 455 0
358 549 0
455 400 0
549 400 1
359 352 0
363 400 0
366 395 1
366 400 1
395 400 0
367 144 1
367 400 0
367 410 0
367 282 1
369 400 0
565 143 0
371 400 0
371 498 1
498 390 0
498 103 0
372 188 0
372 109 0
373 14 0
373 88 0
373 165 0
373 316 0
373 400 0
373 230 1
374 300 0
374 400 1
375 146 0
375 148 0
375 400 0
375 564 0
564 367 0
564 400 1
376 400 0
377 431 0
431 526 0
378 400 0
378 553 1
553 400 0
382 311 0
382 400 0
441 400 0
389 46 1
390 371 0
390 433 0
393 400 1
394 14 0
394 400 0
398 400 0
399 400 1
407 400 0
409 332 0
409 400 1
411 400 0
411 588 0
411 494 0
588 294 0
588 400 0
588 494 0
420 125 0
420 400 0
420 495 0
420 535 0
415 400 1
418 400 0
495 258 0
495 333 0
495 400 0
495 413 0
495 584 0
495 279 0
421 400 0
425 264 0
425 313 0
425 400 1
425 411 0
429 400 0
526 377 1
526 400 1
435 400 1
436 400 1
440 400 0
440 586 0
586 400 1
443 400 0
563 124 1
563 400 1
446 146 0
446 400 0
448 400 1
514 400 0
452 400 0
452 553 0
454 400 1
454 440 0
484 272 0
457 400 0
458 400 0
461 345 0
461 400 0
467 400 0
468 400 1
468 407 0
468 536 0
470 93 0
470 484 0
470 310 1
470 140 0
475 400 0
477 225 0
477 400 0
478 400 0
480 180 0
480 400 0
481 400 0
482 400 0
488 86 0
488 205 0
488 400 0
488 512 0
488 580 1
512 138 0
512 400 0
489 400 1
490 24 1
490 225 0
490 260 0
490 400 0
491 0 0
491 400 1
492 400 0
493 400 1
494 400 0
494 411 1
494 212 0
494 588 1
584 400 0
584 500 1
496 304 0
496 400 0
497 400 0
499 145 0
499 400 0
500 400 0
501 286 0
503 400 1
510 400 0
511 360 0
511 400 1
513 257 0
560 248 0
560 400 0
520 400 0
522 151 0
522 311 0
522 400 0
522 500 0
523 400 0
525 400 1
529 400 0
531 400 1
534 400 1
534 403 0
537 235 0
537 400 0
538 400 0
541 400 0
542 129 0
542 400 1
544 400 0
545 242 0
545 400 0
545 479 0
546 400 1
548 400 0
552 400 1
554 400 0
558 357 0
559 400 0
570 400 0
571 400 0
573 21 0
573 400 0
574 400 0
576 400 0
576 450 0
577 9 0
577 400 0
581 400 0
585 400 1
591 297 1
591 400 0
595 400 0
596 64 0
596 105 0
596 400 0
598 400 0
