0 478 0
478 122 1
478 217 0
478 218 1
478 331 1
1 78 1
1 377 1
1 478 1
78 111 1
78 478 1
78 513 1
78 581 1
377 133 0
377 478 1
2 142 1
2 210 1
2 478 1
2 534 1
142 421 1
142 478 0
210 478 1
534 47 1
3 109 1
3 478 1
109 345 1
4 478 1
6 478 1
7 20 1
7 120 1
7 478 1
7 574 1
7 209 1
20 18 1
20 62 1
20 148 1
20 478 0
20 567 1
20 394 1
120 300 1
120 478 1
574 29 1
574 142 1
574 478 1
574 589 1
574 118 1
8 286 1
8 399 1
8 478 0
286 160 1
286 478 1
399 67 1
399 478 1
9 148 0
9 435 1
9 478 1
9 591 1
148 478 1
435 221 1
435 225 1
435 380 1
435 478 1
10 478 1
12 478 1
12 537 1
537 478 1
13 177 1
13 478 1
13 537 0
13 570 1
177 209 1
177 437 1
177 478 1
570 478 1
14 141 1
14 478 0
141 478 0
15 202 0
15 289 1
15 478 1
202 121 1
202 478 1
289 478 1
289 590 1
16 121 1
16 448 1
16 478 1
121 478 0
448 478 0
17 457 1
17 478 1
457 478 1
18 97 1
18 478 1
97 433 1
97 478 0
19 362 0
19 423 1
19 478 1
362 478 1
423 457 1
423 478 1
62 183 0
62 478 1
567 7 1
567 478 0
21 478 0
21 554 1
554 17 1
554 392 1
554 478 1
554 531 1
22 125 1
22 478 1
125 82 1
125 478 1
23 478 1
24 478 1
24 103 1
25 218 1
25 478 1
25 302 1
218 330 1
218 478 1
26 174 1
26 478 1
174 316 1
174 478 1
174 587 1
27 478 1
29 341 1
29 459 1
29 478 1
341 305 1
341 404 1
341 478 1
459 478 1
459 574 1
459 535 1
31 311 1
31 433 0
31 478 1
31 489 1
311 205 1
311 478 1
433 120 1
433 478 1
433 495 1
489 323 0
489 478 1
489 510 1
32 478 1
33 478 1
33 499 1
499 449 1
499 457 1
499 478 1
34 478 1
37 478 1
38 478 1
40 169 0
40 478 1
40 573 1
169 478 1
573 478 1
573 482 1
42 478 1
43 478 1
44 478 1
45 478 1
47 2 1
47 390 0
47 478 1
47 530 0
390 478 1
530 478 1
48 478 1
48 521 1
521 478 1
50 123 1
50 478 1
123 478 1
53 25 0
53 404 1
53 478 1
404 457 1
404 478 1
54 168 1
54 478 1
168 478 1
55 202 1
55 478 1
56 478 1
57 308 1
57 478 1
308 478 1
58 281 1
58 478 1
281 478 1
59 301 1
59 478 1
301 478 1
60 221 0
60 478 1
221 420 0
221 478 1
221 507 1
61 478 0
183 344 1
183 478 1
183 518 0
183 118 1
183 198 1
63 408 0
63 478 1
408 478 1
64 478 1
65 117 0
65 478 1
117 19 1
117 478 1
66 456 0
66 478 1
456 357 1
456 478 1
67 478 0
68 478 1
69 114 1
69 118 1
69 280 1
69 423 1
69 478 1
69 550 1
114 478 1
118 126 1
118 232 0
118 478 1
280 2 1
280 381 1
280 478 1
550 72 0
550 510 1
550 331 1
550 587 1
70 116 1
70 478 1
116 303 1
116 478 1
116 486 0
71 249 1
71 478 1
71 420 1
71 209 1
249 417 1
249 478 0
249 394 1
72 69 1
72 478 0
72 394 0
74 106 1
74 478 1
106 478 1
75 26 0
75 478 1
76 478 1
77 322 0
77 478 1
322 478 1
322 543 1
322 165 1
111 163 0
111 478 1
513 436 0
513 478 1
581 478 1
80 234 1
80 445 1
80 451 1
80 478 1
234 432 1
234 478 1
445 118 1
445 478 1
451 226 1
81 252 0
81 457 1
81 478 1
81 582 0
252 81 0
252 478 1
582 252 1
582 157 0
582 508 0
82 478 1
82 530 1
83 478 1
85 478 1
87 478 1
88 437 1
88 478 0
437 233 1
437 478 0
437 510 1
89 141 1
89 478 1
90 302 1
302 64 1
302 118 1
302 242 1
302 478 1
302 587 1
302 218 1
302 124 1
302 273 1
91 478 1
92 116 1
92 478 1
93 478 0
94 240 1
94 478 1
240 478 0
95 478 0
96 4 0
96 478 1
98 169 0
98 478 1
99 478 1
99 533 0
533 418 0
533 478 1
101 466 1
101 478 1
101 559 1
466 478 1
559 478 0
102 114 0
102 478 1
103 121 1
103 155 0
103 478 1
103 122 1
155 494 1
155 225 1
104 439 1
104 478 1
104 183 1
439 78 1
439 106 1
439 478 1
439 518 1
439 485 1
439 578 1
105 77 1
105 204 1
105 478 0
204 478 1
107 478 0
107 486 1
107 540 1
486 478 1
486 519 1
108 232 1
108 245 1
108 478 1
232 478 1
232 538 1
245 302 1
245 478 0
345 3 1
345 478 1
345 228 1
110 130 0
110 478 1
130 138 0
130 478 1
130 550 1
130 503 0
130 174 1
163 478 0
112 227 1
112 478 1
227 478 0
113 210 1
113 478 1
115 183 1
115 268 1
115 478 1
268 305 1
268 478 1
303 92 1
303 282 1
303 478 1
303 62 1
303 316 1
126 237 1
126 257 1
126 301 0
126 351 1
126 478 1
126 574 1
126 359 1
126 492 1
126 183 1
300 179 0
300 370 1
300 422 1
300 478 1
300 540 1
122 24 1
122 295 1
122 478 1
122 508 1
122 519 1
122 500 1
122 582 1
295 478 1
508 195 1
508 478 1
124 424 1
124 478 1
124 591 1
424 228 1
424 333 1
424 478 1
424 302 1
591 198 0
591 478 1
591 435 1
237 478 1
257 410 1
257 478 1
351 118 1
351 478 1
351 551 0
351 156 1
351 485 0
127 478 1
128 162 1
128 478 1
162 93 1
162 478 1
138 133 1
138 478 1
138 587 1
138 468 0
132 478 1
133 478 1
134 282 1
134 446 1
134 478 1
134 574 0
282 478 1
446 478 1
135 241 1
135 341 0
135 478 1
241 438 0
241 478 1
136 478 1
137 478 1
137 599 1
599 478 1
587 130 1
587 163 1
587 478 1
587 486 1
139 333 1
139 478 1
333 478 1
140 299 1
140 478 1
299 478 1
299 567 0
421 165 0
421 478 0
421 550 1
421 437 1
421 590 1
143 45 1
143 478 1
145 148 1
145 256 0
145 478 1
256 408 1
256 476 1
256 478 1
149 66 0
149 478 1
149 599 1
154 314 1
154 478 1
314 448 1
314 478 1
494 103 0
494 478 1
156 148 1
156 478 1
156 504 1
156 590 1
504 478 1
590 164 1
590 478 1
590 510 0
590 420 1
157 242 1
157 471 1
157 478 0
242 90 0
242 478 1
471 193 0
159 478 1
159 574 0
160 8 1
161 101 1
161 478 1
164 23 1
164 156 1
164 325 1
164 478 1
164 351 1
325 478 1
165 32 1
165 83 1
165 478 1
165 510 1
165 547 1
510 247 1
510 421 0
510 478 1
166 478 1
166 559 1
166 571 1
571 478 0
167 478 1
167 587 1
172 478 1
172 589 1
589 478 1
173 209 1
173 478 0
173 331 1
209 248 1
209 478 1
209 565 1
316 185 0
316 478 1
175 414 1
175 478 1
175 539 1
414 478 1
414 481 1
539 271 1
539 335 1
539 376 1
539 478 0
178 553 1
178 62 1
553 214 1
553 416 0
553 478 1
179 478 1
180 478 1
181 289 1
181 446 1
181 478 1
182 378 1
182 478 1
378 98 0
378 202 1
378 478 1
344 62 1
344 478 1
344 303 1
344 178 1
184 186 1
184 478 1
186 478 1
185 174 0
185 314 1
185 478 1
185 303 0
187 478 0
192 478 1
193 157 0
193 244 0
193 478 0
193 582 1
193 438 1
193 357 1
244 478 1
244 485 0
244 439 1
244 351 1
194 237 1
194 476 1
194 478 1
476 478 1
195 3 0
195 478 1
196 238 0
196 478 1
238 569 0
197 457 0
197 478 1
198 387 1
387 591 1
387 396 1
387 183 1
199 478 0
200 163 1
200 478 1
205 478 1
207 478 1
248 173 0
248 71 1
248 7 1
565 335 1
565 478 0
211 478 1
211 494 1
212 221 1
212 478 1
212 71 1
212 590 1
213 42 1
213 305 0
213 478 1
305 478 1
214 478 1
214 567 0
215 478 0
216 396 1
216 470 1
216 478 0
216 439 0
396 478 1
396 578 1
396 198 0
470 478 1
217 3 1
217 478 1
217 492 1
492 278 1
492 288 1
492 478 0
492 118 1
330 25 1
219 142 1
219 354 1
219 478 1
354 352 0
354 478 1
420 212 1
420 478 1
420 537 1
222 244 1
222 445 1
222 478 1
223 478 0
224 478 1
225 9 1
225 478 1
225 545 1
225 494 1
545 478 1
545 535 1
545 221 1
545 495 1
545 359 1
226 80 0
226 478 1
228 98 1
228 124 1
228 222 0
228 478 1
228 3 1
229 478 1
230 148 1
230 478 1
538 478 1
538 581 0
233 64 1
233 177 1
233 341 1
233 478 1
432 205 0
432 478 0
235 478 1
235 571 1
569 196 1
569 478 1
569 540 0
239 478 1
239 574 1
438 478 1
438 481 0
438 491 1
438 535 1
438 539 1
438 217 1
438 157 1
438 273 0
243 142 1
243 445 1
243 478 1
485 37 0
485 244 1
485 359 1
485 478 1
485 545 1
247 478 1
417 71 1
417 167 1
417 478 1
417 586 1
250 252 0
250 428 1
250 432 1
250 478 0
250 503 0
428 394 1
428 478 1
428 589 1
251 45 1
251 478 1
253 478 1
253 502 0
502 478 1
410 478 1
259 215 0
259 478 1
261 478 1
262 478 1
263 47 0
263 352 0
263 381 0
263 478 1
352 478 1
381 478 1
264 478 1
265 478 1
266 422 1
266 478 1
422 123 1
422 478 1
267 325 1
267 399 1
267 478 1
269 89 1
269 143 1
269 463 1
269 478 1
463 478 0
270 29 1
270 285 0
270 347 1
270 478 0
285 96 1
285 478 1
347 428 1
347 478 1
271 478 0
273 337 1
337 0 1
337 249 1
337 427 1
337 478 1
337 302 1
337 438 0
274 478 0
275 478 1
276 478 0
277 167 0
277 478 1
278 295 1
278 478 0
279 478 1
279 599 1
283 478 1
284 478 1
284 540 1
540 120 1
540 199 1
540 478 1
540 196 1
540 486 1
287 124 1
287 200 0
287 478 1
287 596 1
596 289 1
596 351 0
596 478 0
288 217 1
288 478 0
288 438 1
290 478 1
292 478 1
294 478 1
296 478 1
370 143 0
370 478 1
304 142 1
304 478 0
306 98 1
306 478 1
312 163 1
312 408 0
312 468 1
312 478 1
312 138 1
312 495 0
468 142 1
468 478 1
468 500 1
313 478 1
317 289 1
317 478 0
319 352 1
319 426 1
319 478 1
426 478 1
320 319 1
320 472 1
320 478 1
472 478 1
321 3 1
321 316 1
321 478 1
543 478 1
543 547 0
323 478 1
326 296 0
326 331 1
326 478 1
331 301 1
331 366 1
331 478 1
331 529 0
328 478 1
329 478 1
329 505 0
505 110 1
505 336 1
505 478 1
366 478 0
529 326 1
529 478 1
529 550 0
529 173 1
332 252 0
332 445 1
332 478 1
334 478 1
335 3 1
335 76 0
335 478 1
336 354 1
336 478 1
427 273 1
427 478 0
338 478 1
340 478 1
342 478 1
342 504 0
348 478 1
349 114 1
349 411 1
349 478 1
411 186 1
411 478 1
350 478 0
551 294 1
551 478 1
357 66 1
357 157 1
358 478 1
359 141 1
359 244 0
359 478 1
359 118 0
359 507 1
360 306 0
360 478 1
361 478 1
363 4 1
363 448 1
363 478 1
363 511 1
511 478 1
364 478 1
368 187 1
368 478 0
376 78 1
376 175 1
376 401 1
376 478 1
376 438 1
401 311 1
401 466 1
401 478 1
379 313 1
379 478 0
380 478 1
383 380 1
383 478 1
384 478 1
384 574 1
385 111 1
385 133 1
385 478 1
391 6 1
391 107 1
391 478 1
392 478 1
394 250 1
394 478 1
394 69 0
394 417 1
394 567 1
395 478 1
578 216 1
398 478 1
400 325 1
400 478 0
402 392 1
402 477 1
402 478 1
477 503 1
405 478 1
406 442 1
406 478 0
442 82 1
442 478 1
407 64 1
407 478 0
407 537 0
409 404 0
409 478 0
413 362 1
413 478 0
481 478 1
415 478 1
416 178 1
416 478 1
586 478 1
418 99 0
418 478 1
418 574 1
419 82 1
419 478 1
430 325 1
430 478 1
495 97 1
495 308 1
495 478 1
495 507 1
495 468 0
436 478 1
491 478 0
491 551 1
491 556 1
491 503 0
535 478 1
535 507 0
535 574 1
535 29 0
518 104 1
518 121 1
518 478 1
443 66 1
443 478 1
444 390 1
444 478 0
449 478 1
452 70 1
452 478 1
453 301 0
453 308 1
453 478 0
454 478 1
455 341 1
455 478 1
455 595 1
595 478 1
458 478 1
461 22 1
461 156 0
461 478 1
464 478 1
465 478 0
467 478 1
467 599 1
500 101 1
500 167 1
500 312 1
500 478 0
500 508 0
469 66 1
469 416 1
469 478 1
503 402 1
503 478 1
503 428 0
503 587 1
503 556 1
479 478 1
479 574 1
482 478 1
484 478 1
519 107 1
519 232 1
519 478 1
519 508 0
487 292 1
487 392 1
487 439 0
487 478 1
488 478 1
490 74 1
490 128 1
490 478 1
490 492 1
556 438 1
493 133 1
493 478 1
497 478 1
501 478 1
506 276 0
506 390 1
506 478 1
506 538 1
506 542 1
542 478 1
507 478 1
507 545 1
509 408 1
509 414 1
509 478 1
514 29 1
514 478 1
516 127 1
516 439 0
516 478 1
520 478 1
522 478 1
523 142 1
523 205 1
523 478 1
525 478 1
526 60 0
526 478 1
527 478 1
531 21 1
531 478 0
532 478 0
536 478 1
541 398 1
541 478 1
547 322 1
546 478 1
549 240 1
549 478 1
552 478 0
555 279 1
555 478 0
557 478 0
558 25 1
558 186 1
558 478 1
560 478 0
560 554 1
562 478 1
583 478 1
593 478 1
594 478 1
597 142 0
597 478 1
