0 30 0
30 649 0
30 196 0
1 30 0
3 30 0
3 432 0
432 30 1
432 248 0
4 30 1
4 738 1
738 30 0
5 30 0
5 180 1
180 30 0
6 30 0
8 30 0
9 290 0
9 501 1
290 30 0
290 102 1
11 30 0
11 665 0
11 735 0
665 30 1
665 587 0
12 30 0
13 30 1
13 222 0
13 244 0
222 30 0
222 442 0
244 30 0
244 388 0
244 414 0
244 685 0
16 286 0
16 245 0
286 30 1
286 247 0
286 560 1
286 771 0
17 30 0
17 655 0
655 30 1
18 519 0
519 30 0
519 133 0
519 549 0
19 30 0
21 637 0
637 433 1
22 30 0
22 326 0
22 587 0
326 30 0
587 11 0
587 30 0
24 30 1
24 428 0
24 476 1
24 327 0
428 30 0
428 324 0
25 543 0
543 277 0
543 353 0
543 739 0
26 30 0
26 353 0
26 442 1
353 30 1
353 456 0
442 30 0
442 225 0
442 173 0
27 30 0
27 258 1
27 561 0
258 30 0
258 453 0
258 694 0
561 30 0
561 224 0
561 245 1
561 285 0
28 30 0
29 417 0
417 30 0
417 574 1
649 380 0
649 309 0
31 75 1
75 30 0
75 104 0
75 724 0
32 30 0
33 30 1
33 95 0
33 627 0
95 435 0
34 30 0
35 30 0
35 106 0
35 601 0
106 30 0
106 719 0
601 30 0
601 713 0
601 52 0
36 30 1
37 30 0
38 30 1
39 30 0
41 30 0
41 672 0
672 274 0
42 30 0
43 30 0
44 30 0
45 30 0
45 794 1
794 30 0
794 450 0
46 30 0
48 30 0
48 224 0
224 30 0
49 30 0
49 589 1
589 30 0
589 67 0
589 546 0
589 778 1
52 30 0
52 150 1
52 379 0
52 35 0
150 30 0
150 472 1
379 30 0
379 299 0
379 688 0
53 30 1
56 107 1
107 30 0
107 86 0
57 30 0
57 758 0
758 30 0
758 442 0
58 30 0
58 505 0
505 30 0
505 459 0
60 30 0
61 30 0
62 30 0
62 349 0
62 580 0
62 621 0
349 30 0
580 30 0
621 30 1
621 144 0
621 506 0
63 30 0
64 30 0
64 39 0
65 30 0
67 30 0
67 87 1
67 142 0
87 30 0
87 445 0
69 30 0
69 150 0
69 604 0
604 30 0
604 184 0
70 30 0
70 227 0
227 30 0
227 327 0
227 429 0
71 30 0
71 449 0
449 617 0
449 775 0
72 30 0
72 45 0
73 30 1
104 30 0
724 31 0
78 320 0
78 516 0
78 266 1
320 30 0
320 739 0
320 775 0
320 543 0
79 30 1
80 651 0
80 703 1
80 747 0
651 30 0
651 226 0
81 30 1
83 30 0
83 124 0
83 525 1
124 30 0
124 134 0
124 154 0
525 117 0
525 694 0
84 319 0
319 162 0
85 30 1
86 30 0
86 56 1
86 366 0
366 30 0
445 30 0
445 67 0
445 587 0
88 30 0
89 30 0
91 30 0
92 30 0
92 316 0
92 404 0
92 399 0
92 555 0
316 30 0
316 703 0
93 30 0
94 30 1
94 257 1
94 610 0
257 30 1
257 265 0
257 221 0
610 30 1
435 33 0
96 30 0
98 30 1
99 769 0
769 30 0
769 596 0
100 30 1
100 618 0
618 30 0
618 668 0
618 743 0
101 30 0
101 317 0
317 30 0
317 381 0
102 9 1
103 30 0
103 337 1
103 494 0
337 30 0
337 494 0
337 407 1
337 103 0
719 30 0
719 321 0
110 30 1
110 666 0
666 30 0
666 402 1
111 30 0
113 30 1
113 476 0
113 520 0
476 30 0
476 356 0
476 768 1
476 428 0
520 30 0
114 30 0
115 30 0
117 83 0
117 486 0
118 30 0
118 304 0
304 639 0
304 685 0
119 30 0
120 500 0
500 30 0
500 387 0
500 205 0
121 30 0
121 130 0
130 373 0
123 30 0
134 30 1
134 647 0
154 30 0
154 756 1
125 30 1
127 30 0
127 150 0
128 30 0
129 30 0
373 121 0
131 399 1
131 519 1
399 549 0
399 621 0
399 316 0
132 30 0
132 34 0
132 175 0
175 234 0
133 18 0
133 30 0
133 512 0
512 30 0
512 459 0
512 606 0
647 726 0
136 30 0
137 30 0
137 347 0
347 30 1
347 508 0
347 555 0
138 30 0
138 559 0
559 730 0
141 30 0
141 622 0
622 533 1
622 604 0
142 30 0
142 709 0
142 445 0
709 30 0
709 483 0
144 30 0
144 62 0
144 399 0
144 486 0
145 30 0
145 658 1
658 30 0
658 232 1
148 30 0
148 290 0
149 30 0
472 30 0
472 69 1
151 30 0
756 124 0
156 30 1
157 30 0
157 393 0
393 30 1
393 238 1
159 30 0
159 448 0
448 30 0
448 173 0
160 30 0
161 30 1
161 253 0
161 707 1
253 30 0
707 30 0
162 30 0
162 84 0
163 30 0
163 195 0
163 680 0
163 721 0
163 741 0
195 30 0
680 30 0
680 264 0
680 405 0
680 682 1
721 30 0
741 30 0
164 30 0
165 30 0
165 510 0
510 190 0
167 30 0
167 207 0
167 771 0
207 30 0
207 220 0
168 30 0
168 765 0
765 30 1
169 30 1
169 317 0
169 466 0
466 30 0
466 272 0
170 30 0
171 30 0
172 30 0
173 30 1
173 695 0
173 755 1
173 225 0
695 30 0
695 83 0
695 478 0
755 30 0
755 448 0
174 30 0
234 30 0
234 132 1
177 30 0
178 30 0
178 377 0
377 30 0
377 202 0
182 30 0
182 58 1
183 30 0
183 501 0
501 30 0
501 322 0
501 141 0
501 290 0
501 165 0
501 790 1
184 663 0
184 622 0
663 30 0
663 188 1
663 604 0
663 771 0
185 30 0
185 767 0
767 793 0
186 30 1
187 747 0
747 722 0
747 226 0
188 30 1
189 30 1
190 165 0
190 501 0
191 593 0
593 30 0
593 250 0
192 30 1
196 317 0
197 30 0
198 30 1
199 30 0
199 227 1
199 239 0
199 479 0
199 520 0
239 354 0
479 30 0
200 30 0
201 30 0
201 180 0
202 30 0
202 178 0
202 709 0
203 309 0
309 30 0
309 345 1
309 380 0
309 771 1
204 30 0
205 606 0
606 208 0
606 459 0
206 30 1
206 87 0
220 30 0
220 167 0
208 30 0
208 205 0
208 500 0
209 30 1
210 30 0
210 388 1
388 30 0
211 30 0
213 30 0
215 30 0
217 30 0
218 30 0
218 406 1
406 30 0
219 30 1
221 30 0
221 420 0
221 94 1
221 252 0
420 612 0
223 30 0
225 26 0
225 30 0
226 30 0
226 80 0
327 70 0
327 794 0
327 428 0
327 113 0
228 794 0
229 17 1
229 30 0
230 30 1
232 30 0
232 42 0
233 30 0
236 30 1
236 441 0
441 30 0
237 30 0
237 508 1
508 30 0
238 157 0
354 30 0
354 199 0
240 30 1
240 270 0
270 30 0
241 30 0
242 30 0
242 388 1
242 655 1
243 30 0
243 527 0
243 697 0
527 30 1
527 686 0
414 30 0
685 30 0
685 608 0
685 118 1
245 30 0
245 401 0
245 560 0
401 561 1
246 282 1
282 30 0
282 743 0
247 30 0
248 3 0
248 30 0
248 363 0
363 30 0
249 30 0
250 191 0
252 30 1
252 281 0
281 30 0
281 486 0
281 221 1
281 279 0
255 30 1
255 227 0
265 94 0
453 30 1
694 30 0
694 375 0
259 30 0
261 30 0
264 163 0
266 30 0
266 368 0
368 30 0
368 429 0
368 542 0
368 78 0
267 30 0
268 30 0
268 638 0
268 655 0
638 691 0
269 30 0
272 169 0
274 30 0
274 41 1
274 180 0
274 620 0
620 30 0
276 30 0
277 25 0
277 30 0
278 30 0
279 30 0
279 708 1
279 252 0
708 30 0
708 592 0
280 542 0
280 639 1
542 30 0
542 763 0
542 740 0
542 266 0
486 30 0
486 252 0
486 83 0
486 621 1
743 246 0
743 668 0
284 30 0
285 30 0
560 16 0
560 30 0
288 30 0
288 607 1
607 30 0
289 30 0
293 30 0
294 30 0
295 30 0
297 30 0
298 30 0
299 30 0
299 52 0
299 657 0
657 30 0
300 30 0
300 468 1
468 30 0
468 615 0
301 576 0
576 30 0
576 766 0
576 702 0
639 30 1
639 118 0
639 763 0
305 30 0
306 30 1
306 683 0
306 343 1
306 697 0
683 30 0
683 492 0
307 30 0
308 30 0
345 30 0
345 203 0
310 30 0
312 30 0
312 560 0
313 30 0
315 30 0
703 30 0
703 92 0
703 226 1
381 30 1
381 196 0
318 30 1
318 75 0
739 78 0
321 30 0
321 106 0
322 30 0
322 624 0
624 30 0
624 501 0
624 531 0
324 24 0
324 30 1
325 30 0
325 247 0
328 30 0
329 642 1
642 531 0
331 30 0
331 655 1
332 30 0
334 30 0
334 678 1
678 30 0
335 30 0
336 499 0
336 309 0
336 286 1
336 663 0
336 167 0
499 30 0
499 771 0
494 103 0
339 526 1
526 30 0
526 775 1
341 30 0
341 162 0
343 30 0
343 629 0
343 683 1
629 30 0
629 712 0
344 30 0
346 30 0
555 137 0
555 316 0
348 30 0
352 30 0
352 407 0
407 626 0
407 494 0
456 30 0
456 782 0
456 543 0
355 30 1
356 113 0
356 327 0
357 30 0
359 30 0
360 30 0
362 30 0
362 694 1
362 525 0
429 30 0
429 266 0
429 70 1
370 30 1
371 30 0
375 30 0
375 134 0
375 308 0
375 362 0
376 30 1
376 751 0
751 30 0
751 718 0
751 709 0
378 30 0
688 30 0
380 30 0
383 30 0
383 545 0
545 735 0
545 11 1
384 30 0
384 513 0
513 392 0
386 30 0
387 120 0
389 30 0
391 30 0
392 30 1
392 384 0
394 30 0
396 778 0
778 30 0
778 418 0
549 131 0
400 30 0
402 30 1
402 557 0
557 666 0
403 30 0
404 737 0
404 316 0
737 30 0
737 393 0
737 728 0
405 30 0
626 352 1
408 627 0
627 30 0
627 71 0
627 473 0
627 141 0
627 435 0
409 30 1
409 794 0
411 30 0
415 30 0
415 123 0
415 769 0
416 30 0
574 29 0
574 30 0
418 30 0
418 396 0
418 589 0
419 30 0
419 111 1
612 221 0
422 30 1
423 30 0
424 30 0
426 30 0
430 30 0
433 21 0
439 30 0
443 30 0
447 30 0
617 71 0
450 228 1
450 327 0
451 30 1
452 30 1
782 30 0
782 353 0
459 30 1
459 700 0
700 30 0
700 512 1
463 30 0
464 30 0
465 30 0
465 782 0
467 30 0
615 503 0
615 478 1
469 30 0
470 30 1
471 30 0
471 791 0
791 30 1
791 81 1
791 343 1
791 598 0
473 30 0
473 408 0
474 30 0
768 30 0
477 30 0
478 30 0
478 583 0
583 30 0
583 695 1
583 615 0
481 30 0
482 30 0
483 30 0
483 142 0
483 751 0
483 202 0
485 30 0
488 30 1
488 473 1
488 702 0
488 542 0
702 30 1
702 740 0
702 301 0
490 30 0
492 1 0
492 30 0
492 306 1
493 30 0
493 279 0
497 30 0
498 30 1
771 336 0
502 30 0
503 30 0
503 34 0
503 468 0
504 30 0
504 497 0
506 30 0
511 30 0
511 335 0
514 30 0
515 30 1
515 430 0
516 30 1
516 785 0
785 774 0
785 78 0
517 30 0
518 30 0
522 30 0
522 269 1
523 30 0
775 339 1
775 739 0
775 617 0
686 243 1
528 30 0
530 625 0
625 30 0
625 697 0
531 30 0
531 329 1
531 322 0
532 30 0
532 596 0
596 30 0
596 99 0
533 141 0
533 501 0
533 627 0
535 30 0
535 43 0
535 289 0
536 30 0
537 30 0
537 165 1
538 30 0
539 30 1
541 30 0
763 280 0
544 30 0
735 30 1
735 383 0
546 30 0
546 49 1
547 30 0
550 30 0
552 30 0
556 790 0
556 501 0
790 30 0
790 564 0
730 138 1
562 30 0
562 607 0
564 556 0
565 30 0
566 30 0
567 30 0
569 30 0
570 30 0
571 30 0
572 30 1
572 639 0
573 30 0
766 301 1
577 30 0
578 30 0
578 714 0
714 30 0
581 30 1
584 30 0
584 757 0
757 30 0
585 30 1
585 220 0
586 30 1
588 30 0
591 30 0
592 30 0
592 279 0
598 30 0
598 471 1
599 30 0
600 30 0
713 30 0
713 35 0
602 30 0
603 30 0
608 30 0
608 244 0
609 30 0
611 30 0
611 353 1
613 30 0
613 538 0
614 30 0
616 30 1
668 799 0
619 30 0
619 119 1
623 30 0
697 30 1
697 530 0
697 686 0
697 683 0
628 30 1
628 222 0
628 586 0
712 30 0
712 343 0
632 30 0
633 30 1
691 30 0
691 268 0
691 542 0
641 30 1
643 30 0
644 30 0
644 49 0
645 30 0
646 30 0
726 30 0
726 134 0
650 30 0
650 429 0
650 769 0
653 30 0
653 224 0
656 30 1
659 30 0
661 30 0
662 30 0
667 30 0
799 618 0
671 30 0
674 30 0
679 30 0
682 30 0
681 30 0
693 30 0
696 30 0
701 30 0
740 488 0
704 30 0
705 30 0
710 30 0
711 30 0
715 30 0
715 295 1
715 538 1
716 30 0
718 376 0
722 30 0
722 187 0
728 30 0
728 404 0
728 432 0
732 30 0
733 30 0
734 30 1
734 293 0
736 30 0
736 752 0
752 30 0
744 30 0
746 30 0
750 30 0
759 30 0
760 30 1
762 30 0
764 30 1
764 352 1
793 30 0
793 185 0
770 30 0
773 30 0
774 516 0
776 30 0
776 467 1
777 30 0
777 341 0
779 30 0
781 30 0
783 30 0
784 30 0
786 30 0
787 30 0
788 30 0
788 442 0
788 508 0
792 30 0
792 701 0
797 30 0
