0 661 1
661 374 1
1 661 0
2 661 1
3 239 0
3 389 1
3 661 0
3 553 1
239 661 0
239 798 1
389 626 1
389 661 1
389 118 0
4 661 1
4 701 1
701 601 0
701 632 0
701 661 0
5 661 0
7 478 1
7 331 0
478 410 1
478 661 0
8 661 0
9 661 0
10 614 1
10 661 0
10 114 0
614 115 0
614 143 1
614 661 0
614 735 1
11 661 0
12 661 1
14 661 0
15 363 0
15 661 0
363 407 1
363 661 1
363 767 1
16 101 0
16 450 1
16 661 0
16 732 1
16 775 1
101 661 0
101 709 1
101 227 1
450 661 0
732 661 0
732 682 0
17 661 1
18 516 1
18 661 0
516 259 1
516 403 0
516 661 1
516 787 0
20 661 1
21 298 1
21 661 1
21 698 0
21 66 0
298 493 0
298 661 0
298 198 0
298 437 0
698 660 1
698 661 0
22 661 1
23 746 0
746 601 0
746 661 0
746 758 1
746 526 0
25 661 0
26 661 1
27 661 1
28 661 0
30 661 0
31 291 1
31 661 0
291 661 0
32 661 1
33 661 1
33 759 0
759 426 0
759 525 1
759 661 0
34 661 1
34 683 0
683 661 0
35 661 0
36 661 0
38 107 1
38 661 1
107 140 1
107 322 1
107 661 1
107 747 0
39 403 1
39 447 1
39 661 1
39 371 1
403 67 0
403 337 0
403 661 0
447 661 1
40 469 1
40 661 1
469 661 1
42 230 1
42 661 0
230 47 1
43 661 1
43 702 0
702 39 1
702 661 0
45 661 0
46 574 1
46 674 1
574 644 1
574 94 0
574 86 1
47 42 1
47 495 1
47 661 0
47 626 1
495 661 0
48 661 1
49 498 1
49 661 1
498 661 0
51 661 1
52 661 0
53 378 1
53 412 1
53 661 1
378 3 0
378 233 1
378 661 1
412 661 1
54 661 1
55 661 0
56 118 0
56 661 1
56 389 1
118 79 1
118 661 0
57 661 0
58 533 0
58 661 0
533 317 1
533 661 1
59 129 1
59 414 0
59 661 1
59 147 1
129 328 1
129 661 0
414 661 1
61 454 1
61 661 0
454 433 0
454 661 0
454 228 1
62 215 0
215 432 1
63 214 0
63 661 0
214 661 1
64 43 1
64 129 1
64 169 1
64 482 1
64 661 0
64 380 1
169 661 1
482 459 1
65 661 1
66 121 0
121 114 1
121 21 1
121 191 0
67 39 0
67 280 0
67 661 0
280 661 0
68 409 0
68 661 0
409 661 0
69 130 1
69 255 0
130 236 1
130 661 1
71 661 0
72 221 1
72 331 0
72 661 1
221 661 0
331 94 0
331 661 1
74 190 0
74 299 0
74 661 0
190 661 1
299 259 0
299 332 0
299 661 1
75 661 1
76 660 0
76 661 1
660 21 0
660 661 0
77 605 0
77 661 0
77 754 0
77 767 0
605 314 0
754 577 1
754 661 1
767 15 1
767 661 0
78 661 0
79 56 0
79 135 0
79 661 0
135 661 0
80 115 1
80 661 0
115 418 0
115 661 1
115 458 1
81 501 1
81 661 0
501 212 1
501 661 1
82 661 1
84 661 0
85 72 0
85 661 1
86 536 1
86 613 1
86 644 1
536 541 1
536 661 1
536 285 0
536 459 1
88 661 0
89 366 1
89 661 1
366 248 1
366 537 1
366 661 1
90 661 0
91 494 1
91 661 0
494 338 0
494 755 1
94 158 0
94 91 1
94 644 1
158 331 1
158 661 1
158 7 0
96 229 0
96 661 1
229 661 0
97 661 0
98 661 0
99 180 1
99 661 0
180 101 0
180 109 0
180 661 1
100 661 0
709 16 0
709 43 0
709 661 0
709 707 0
709 719 1
102 661 1
103 222 0
103 661 1
222 509 1
105 661 0
106 661 0
140 38 0
322 661 1
747 413 1
747 661 0
108 661 0
109 165 1
109 661 0
165 738 1
111 372 1
111 661 0
372 661 0
113 661 0
114 66 0
114 661 1
114 614 1
418 80 1
418 661 0
116 442 1
116 510 0
116 661 1
442 661 0
510 463 0
510 635 0
510 661 1
510 187 0
117 341 0
117 661 0
341 661 1
119 383 0
119 661 0
119 468 0
119 478 0
383 544 1
383 661 0
383 727 0
122 507 1
122 661 0
507 91 1
507 661 1
507 725 0
124 285 1
124 661 1
285 1 0
285 310 0
285 401 0
285 661 1
285 541 1
285 635 0
125 298 0
125 551 1
125 661 1
551 151 0
551 661 1
551 730 1
551 533 0
127 661 1
328 59 1
236 69 0
131 661 1
132 661 0
134 661 1
136 661 0
137 80 0
137 661 1
139 367 1
139 661 0
367 661 1
141 661 0
142 661 1
143 661 0
144 661 1
145 661 1
147 779 1
779 206 0
779 59 0
148 661 1
150 492 0
150 661 1
492 661 0
151 125 0
154 661 0
154 752 1
752 661 0
155 661 0
156 661 1
157 661 0
160 661 0
161 661 1
162 661 0
162 701 1
163 45 1
163 418 0
163 529 0
163 661 1
163 627 0
529 661 1
529 730 0
529 551 0
164 661 0
738 109 1
166 179 1
166 635 1
166 584 1
179 193 1
179 661 0
179 772 1
167 661 1
168 661 1
170 661 0
172 661 0
174 661 1
175 661 0
176 661 0
177 622 1
177 627 0
177 661 1
177 163 1
622 661 0
627 617 1
627 661 1
627 683 1
627 700 1
193 166 1
193 503 0
193 661 1
193 332 1
193 375 0
772 661 0
182 229 1
182 573 0
182 661 0
573 487 1
573 661 1
184 91 0
184 661 1
186 441 1
186 661 0
441 375 0
441 198 1
187 424 1
187 661 1
424 661 1
424 691 1
424 510 1
188 661 1
191 325 1
191 661 1
191 468 0
191 66 1
325 91 0
325 225 0
325 258 0
325 661 1
192 681 1
681 555 0
681 661 1
681 757 1
503 661 0
194 661 0
195 661 1
197 661 1
198 522 0
198 493 0
198 186 0
522 792 0
200 661 1
201 661 0
202 290 1
290 661 1
290 761 0
204 661 0
206 147 1
208 252 1
208 362 1
208 661 1
208 762 0
208 771 0
208 166 1
252 91 1
252 584 1
252 661 1
362 661 1
762 661 1
771 661 1
209 577 1
209 661 1
577 661 0
211 661 0
212 81 1
213 352 1
213 661 1
213 62 0
352 749 0
352 534 0
432 62 0
432 534 0
432 213 1
217 437 0
217 115 0
437 458 0
437 513 0
437 581 1
437 661 0
437 694 1
437 493 0
218 558 0
218 661 0
558 563 1
558 661 0
219 661 0
220 661 0
509 103 1
223 661 1
225 661 1
225 799 1
799 452 1
799 661 1
227 484 1
227 661 0
484 696 1
484 586 0
228 278 1
228 661 1
278 776 1
278 674 0
278 267 0
232 661 1
233 661 0
235 661 1
237 587 1
237 661 1
237 753 1
237 755 1
237 522 0
237 673 0
587 661 1
753 661 0
755 661 0
755 706 1
798 3 0
798 661 1
798 776 1
240 510 0
240 647 1
240 661 1
240 166 0
240 285 0
647 661 0
242 661 1
243 109 0
243 661 1
244 621 0
244 661 1
621 362 0
621 661 1
245 569 0
245 661 1
569 267 1
569 661 0
569 278 1
246 661 1
247 661 0
248 559 1
248 661 1
248 69 0
559 255 1
559 558 0
249 2 0
249 661 0
250 661 0
251 661 1
584 208 1
584 661 0
255 248 1
255 661 0
256 661 0
257 661 0
258 191 1
258 661 0
259 18 1
259 661 1
261 661 0
262 661 0
263 661 1
264 661 0
266 661 0
267 245 0
267 661 0
268 661 0
268 723 1
723 386 1
723 661 0
269 661 0
269 701 1
269 746 0
272 323 1
323 417 1
323 661 1
273 393 1
273 508 0
273 661 1
393 101 1
393 661 0
393 770 1
508 49 0
508 505 1
508 661 1
275 42 0
275 661 1
276 661 1
277 125 1
277 661 1
277 786 0
786 661 1
776 228 0
776 661 1
776 454 0
281 661 0
282 661 1
283 130 0
283 661 1
283 698 0
284 661 0
310 248 1
310 661 0
401 124 1
401 661 1
286 661 0
287 661 1
761 202 1
761 661 0
292 280 0
292 284 0
292 661 0
292 711 1
711 661 0
293 661 0
294 661 1
295 661 0
297 661 1
493 663 1
332 74 1
332 661 0
332 179 0
301 661 1
303 342 1
303 661 0
342 661 0
304 490 0
304 661 1
490 661 1
305 661 1
306 661 0
307 661 0
308 661 0
309 661 0
311 661 0
312 661 0
313 225 1
313 526 1
313 661 0
526 129 0
526 480 0
526 661 1
526 758 1
526 468 0
314 77 1
314 388 1
314 395 0
314 503 1
314 661 1
388 620 0
388 661 1
395 661 0
316 661 0
317 321 1
317 487 0
317 661 0
317 719 1
317 551 0
317 663 1
321 30 1
321 661 1
321 701 1
487 520 1
487 533 1
487 661 0
719 5 0
719 52 1
719 661 0
318 661 0
319 661 1
417 272 0
417 524 0
417 661 1
324 661 0
326 661 1
327 661 0
329 661 0
330 306 1
330 661 1
333 661 0
334 661 1
335 517 0
335 661 1
517 661 1
337 661 0
338 91 1
338 661 0
338 94 0
343 200 0
343 661 1
344 661 1
345 661 1
347 107 0
347 310 1
347 661 0
348 661 1
350 661 0
749 213 0
749 498 0
749 661 0
353 661 0
353 735 1
735 10 0
735 661 0
354 348 1
354 661 0
355 661 1
356 276 0
356 661 0
357 661 0
358 661 0
359 661 0
361 661 0
407 239 0
407 661 1
364 661 1
365 548 0
365 661 0
548 601 0
548 661 0
537 89 0
537 312 0
537 661 1
368 661 0
369 443 0
369 661 0
369 380 0
443 553 1
443 661 0
371 462 1
371 661 1
462 310 0
462 610 0
462 660 1
462 661 1
374 411 1
374 661 1
411 661 0
411 540 1
375 186 0
375 661 0
375 179 1
376 661 1
379 661 1
380 488 1
380 546 1
380 661 0
380 443 1
380 482 1
488 661 1
546 468 1
546 119 0
546 191 1
546 526 0
544 661 1
544 685 1
544 575 0
544 555 0
727 119 1
727 661 1
384 496 1
384 661 1
496 8 1
496 661 0
385 68 1
385 661 0
386 268 1
386 661 1
387 661 0
620 661 1
626 561 0
391 661 0
770 273 1
770 661 1
770 613 0
394 744 1
394 609 1
744 674 0
744 278 0
744 46 1
396 661 0
397 661 0
398 661 1
399 520 0
399 661 1
520 661 0
400 661 0
402 661 1
404 661 0
405 661 1
406 661 1
408 454 0
408 661 0
410 7 1
410 323 0
410 661 1
410 775 0
410 119 0
413 661 1
416 661 0
524 661 0
419 304 0
419 412 1
419 661 1
420 661 1
421 661 0
422 661 1
423 661 1
691 187 1
691 250 0
691 661 1
425 661 1
425 756 0
756 661 0
426 661 1
427 443 0
427 661 1
433 673 1
433 237 1
673 454 0
434 661 0
435 661 0
436 213 1
436 661 1
458 217 1
458 661 1
513 661 1
581 661 1
438 661 0
440 661 0
553 369 0
553 661 1
553 798 0
553 371 0
444 661 0
446 661 1
446 692 1
692 534 1
692 661 1
692 683 1
692 617 1
449 661 0
451 661 0
452 255 0
452 512 1
452 661 0
512 661 1
512 799 1
453 661 1
453 694 1
453 437 0
694 486 1
455 661 0
455 754 0
457 661 1
459 64 0
459 661 1
459 541 0
461 661 1
610 371 0
610 661 1
610 39 1
610 553 1
463 661 0
464 661 0
468 380 1
471 661 1
472 661 0
473 661 1
474 661 1
475 661 0
477 661 0
480 313 0
481 661 0
696 227 0
696 101 1
485 661 0
486 453 0
489 661 1
491 661 1
663 298 0
663 533 0
499 661 0
500 661 0
502 661 0
504 661 0
505 316 1
505 513 1
505 661 1
506 661 0
506 684 1
684 661 1
725 122 1
725 661 0
635 240 1
635 661 0
635 781 0
511 661 1
514 661 1
515 661 1
787 661 1
519 661 0
792 198 0
792 237 1
525 661 1
730 163 1
730 661 0
531 247 0
531 661 1
532 426 1
532 661 0
534 446 0
534 447 1
534 661 0
534 62 1
534 749 0
535 661 0
541 86 0
538 661 0
539 661 1
540 732 1
540 661 1
542 401 1
542 661 1
543 661 0
685 311 1
685 661 1
685 686 1
685 701 0
545 661 1
547 52 0
547 645 0
547 661 0
645 661 1
601 323 1
601 365 1
601 661 0
550 661 1
555 192 0
555 661 0
555 685 1
556 219 0
556 661 1
557 661 1
563 575 1
563 661 0
563 707 0
563 559 0
561 389 0
561 47 1
575 91 0
575 558 0
575 661 1
575 685 1
707 661 1
564 661 1
565 52 1
565 661 0
565 732 1
567 661 1
571 266 1
571 661 1
644 46 0
576 661 1
578 661 1
580 661 1
582 661 1
583 28 0
583 661 1
585 496 0
585 661 0
586 659 0
586 661 1
586 734 1
659 661 1
734 768 1
588 661 1
590 661 0
591 661 0
592 661 0
594 125 1
594 661 1
595 661 0
596 248 0
596 661 0
597 661 0
598 661 1
599 661 1
603 661 0
604 384 0
604 661 0
608 268 0
608 661 1
609 661 0
609 736 1
736 220 0
736 623 0
736 661 1
736 394 1
611 661 1
612 661 0
613 636 0
613 661 0
613 786 0
636 661 0
636 775 0
636 770 0
636 86 1
615 661 0
617 177 0
617 661 1
617 446 0
618 661 1
619 342 0
619 661 0
623 609 1
623 661 0
624 80 0
624 661 0
625 661 0
700 661 0
628 134 1
628 661 1
629 661 0
630 660 1
630 661 1
632 4 0
632 661 1
633 661 1
781 661 0
775 613 0
775 661 0
775 478 0
775 709 0
637 661 0
638 526 0
638 661 0
640 661 1
642 51 1
642 661 1
649 661 1
649 681 1
651 661 1
652 661 1
656 405 1
656 661 0
658 661 1
658 774 0
774 661 1
662 611 0
662 661 1
669 661 0
670 661 1
671 135 1
671 661 1
674 394 1
674 661 1
674 684 1
675 661 0
676 213 1
676 372 0
676 661 1
678 39 1
678 661 1
679 240 0
679 398 1
679 661 1
680 107 1
680 661 1
757 661 1
682 540 0
682 661 0
686 471 1
686 544 1
686 621 1
686 661 0
688 661 1
689 661 0
693 661 1
695 661 0
697 661 1
703 661 0
705 458 0
705 661 1
706 237 0
706 494 0
708 661 1
710 242 0
710 661 0
710 695 0
713 661 0
714 661 1
716 513 1
716 661 1
717 661 0
718 661 0
721 661 1
724 661 1
726 661 0
728 661 0
768 586 1
768 661 0
768 484 1
737 214 1
737 649 0
737 661 0
737 799 1
739 8 1
739 389 1
739 477 0
739 661 0
740 661 1
741 612 0
741 661 0
745 661 0
758 23 1
758 661 1
750 488 0
750 661 0
751 661 1
763 130 0
763 194 0
763 661 1
764 661 0
766 194 0
766 661 0
769 661 1
780 661 1
782 262 1
782 661 0
785 661 1
788 661 0
789 661 0
789 735 1
790 661 1
791 661 0
791 711 1
793 661 0
794 661 1
795 661 0
