0 661 0
661 374 1
1 661 0
2 661 0
3 239 0
3 389 0
3 661 1
3 553 0
239 661 0
239 798 0
389 626 0
389 661 0
389 118 0
4 661 0
4 701 0
701 601 0
701 632 0
701 661 1
5 661 0
7 478 1
7 331 0
478 410 0
478 661 1
8 661 1
9 661 0
10 614 1
10 661 0
10 114 1
614 115 0
614 143 1
614 661 1
614 735 0
11 661 0
12 661 0
14 661 0
15 363 0
15 661 0
363 407 0
363 661 0
363 767 1
16 101 0
16 450 1
16 661 0
16 732 0
16 775 0
101 661 0
101 709 0
101 227 1
450 661 0
732 661 0
732 682 0
17 661 1
18 516 0
18 661 1
516 259 1
516 403 0
516 661 1
516 787 0
20 661 0
21 298 0
21 661 0
21 698 1
21 66 0
298 493 0
298 661 0
298 198 0
298 437 0
698 660 0
698 661 0
22 661 0
23 746 0
746 601 0
746 661 0
746 758 0
746 526 0
25 661 1
26 661 0
27 661 0
28 661 0
30 661 0
31 291 0
31 661 0
291 661 0
32 661 0
33 661 0
33 759 0
759 426 0
759 525 0
759 661 0
34 661 0
34 683 0
683 661 0
35 661 0
36 661 0
38 107 0
38 661 1
107 140 0
107 322 0
107 661 0
107 747 0
39 403 0
39 447 0
39 661 0
39 371 0
403 67 0
403 337 0
403 661 1
447 661 0
40 469 0
40 661 0
469 661 0
42 230 0
42 661 0
230 47 0
43 661 0
43 702 0
702 39 0
702 661 0
45 661 0
46 574 1
46 674 1
574 644 0
574 94 0
574 86 0
47 42 0
47 495 1
47 661 0
47 626 0
495 661 0
48 661 1
49 498 1
49 661 0
498 661 0
51 661 0
52 661 0
53 378 1
53 412 0
53 661 1
378 3 0
378 233 0
378 661 0
412 661 0
54 661 0
55 661 0
56 118 0
56 661 0
56 389 0
118 79 0
118 661 0
57 661 1
58 533 1
58 661 0
533 317 0
533 661 0
59 129 0
59 414 0
59 661 0
59 147 0
129 328 0
129 661 1
414 661 0
61 454 0
61 661 0
454 433 0
454 661 0
454 228 0
62 215 1
215 432 0
63 214 0
63 661 0
214 661 1
64 43 0
64 129 0
64 169 0
64 482 0
64 661 0
64 380 0
169 661 0
482 459 0
65 661 0
66 121 0
121 114 0
121 21 0
121 191 1
67 39 0
67 280 1
67 661 0
280 661 0
68 409 1
68 661 0
409 661 1
69 130 0
69 255 0
130 236 0
130 661 0
71 661 0
72 221 0
72 331 0
72 661 0
221 661 0
331 94 0
331 661 0
74 190 0
74 299 0
74 661 0
190 661 0
299 259 0
299 332 0
299 661 0
75 661 0
76 660 0
76 661 0
660 21 1
660 661 0
77 605 1
77 661 0
77 754 1
77 767 1
605 314 0
754 577 0
754 661 1
767 15 0
767 661 0
78 661 1
79 56 1
79 135 0
79 661 0
135 661 0
80 115 0
80 661 0
115 418 0
115 661 0
115 458 0
81 501 0
81 661 1
501 212 0
501 661 0
82 661 0
84 661 0
85 72 0
85 661 0
86 536 0
86 613 0
86 644 0
536 541 1
536 661 0
536 285 0
536 459 0
88 661 1
89 366 0
89 661 0
366 248 1
366 537 0
366 661 1
90 661 0
91 494 1
91 661 0
494 338 1
494 755 0
94 158 0
94 91 0
94 644 0
158 331 1
158 661 0
158 7 0
96 229 1
96 661 0
229 661 1
97 661 0
98 661 0
99 180 0
99 661 0
180 101 0
180 109 0
180 661 0
100 661 1
709 16 0
709 43 0
709 661 0
709 707 1
709 719 0
102 661 0
103 222 0
103 661 0
222 509 0
105 661 1
106 661 0
140 38 0
322 661 1
747 413 0
747 661 0
108 661 0
109 165 0
109 661 0
165 738 0
111 372 0
111 661 0
372 661 1
113 661 0
114 66 0
114 661 1
114 614 0
418 80 1
418 661 0
116 442 1
116 510 1
116 661 0
442 661 0
510 463 0
510 635 1
510 661 0
510 187 0
117 341 1
117 661 1
341 661 0
119 383 0
119 661 0
119 468 0
119 478 0
383 544 1
383 661 0
383 727 1
122 507 0
122 661 0
507 91 0
507 661 0
507 725 0
124 285 0
124 661 0
285 1 1
285 310 0
285 401 0
285 661 0
285 541 0
285 635 0
125 298 0
125 551 0
125 661 0
551 151 1
551 661 0
551 730 0
551 533 1
127 661 0
328 59 0
236 69 0
131 661 0
132 661 1
134 661 0
136 661 0
137 80 0
137 661 0
139 367 0
139 661 0
367 661 1
141 661 1
142 661 0
143 661 0
144 661 0
145 661 1
147 779 0
779 206 1
779 59 0
148 661 0
150 492 0
150 661 0
492 661 1
151 125 0
154 661 0
154 752 0
752 661 0
155 661 0
156 661 0
157 661 1
160 661 1
161 661 0
162 661 0
162 701 0
163 45 1
163 418 0
163 529 0
163 661 0
163 627 0
529 661 1
529 730 0
529 551 0
164 661 0
738 109 0
166 179 1
166 635 0
166 584 1
179 193 0
179 661 1
179 772 0
167 661 0
168 661 1
170 661 0
172 661 1
174 661 0
175 661 0
176 661 0
177 622 0
177 627 1
177 661 0
177 163 0
622 661 0
627 617 0
627 661 1
627 683 0
627 700 0
193 166 1
193 503 0
193 661 0
193 332 0
193 375 0
772 661 0
182 229 0
182 573 0
182 661 0
573 487 0
573 661 0
184 91 0
184 661 1
186 441 0
186 661 1
441 375 0
441 198 1
187 424 0
187 661 0
424 661 0
424 691 0
424 510 1
188 661 0
191 325 0
191 661 0
191 468 1
191 66 0
325 91 1
325 225 0
325 258 0
325 661 0
192 681 0
681 555 1
681 661 1
681 757 1
503 661 0
194 661 0
195 661 0
197 661 0
198 522 0
198 493 0
198 186 0
522 792 1
200 661 0
201 661 0
202 290 1
290 661 1
290 761 0
204 661 0
206 147 1
208 252 0
208 362 0
208 661 0
208 762 0
208 771 1
208 166 0
252 91 0
252 584 0
252 661 0
362 661 0
762 661 0
771 661 1
209 577 0
209 661 0
577 661 0
211 661 1
212 81 1
213 352 0
213 661 0
213 62 0
352 749 0
352 534 0
432 62 0
432 534 0
432 213 1
217 437 1
217 115 0
437 458 0
437 513 0
437 581 0
437 661 0
437 694 0
437 493 0
218 558 0
218 661 0
558 563 0
558 661 0
219 661 1
220 661 0
509 103 0
223 661 0
225 661 0
225 799 0
799 452 0
799 661 0
227 484 0
227 661 0
484 696 0
484 586 0
228 278 1
228 661 0
278 776 0
278 674 0
278 267 0
232 661 0
233 661 1
235 661 0
237 587 0
237 661 1
237 753 0
237 755 0
237 522 0
237 673 0
587 661 1
753 661 1
755 661 0
755 706 0
798 3 0
798 661 0
798 776 0
240 510 1
240 647 1
240 661 0
240 166 1
240 285 0
647 661 0
242 661 0
243 109 1
243 661 1
244 621 0
244 661 0
621 362 1
621 661 1
245 569 0
245 661 0
569 267 0
569 661 1
569 278 0
246 661 0
247 661 1
248 559 0
248 661 1
248 69 1
559 255 1
559 558 0
249 2 0
249 661 0
250 661 0
251 661 0
584 208 1
584 661 0
255 248 0
255 661 0
256 661 0
257 661 1
258 191 0
258 661 0
259 18 0
259 661 1
261 661 0
262 661 0
263 661 0
264 661 0
266 661 0
267 245 0
267 661 0
268 661 0
268 723 0
723 386 1
723 661 0
269 661 1
269 701 0
269 746 0
272 323 0
323 417 0
323 661 0
273 393 1
273 508 0
273 661 0
393 101 0
393 661 0
393 770 0
508 49 0
508 505 1
508 661 0
275 42 0
275 661 0
276 661 0
277 125 0
277 661 0
277 786 1
786 661 1
776 228 0
776 661 1
776 454 0
281 661 0
282 661 0
283 130 0
283 661 0
283 698 0
284 661 1
310 248 1
310 661 1
401 124 0
401 661 0
286 661 0
287 661 0
761 202 0
761 661 0
292 280 0
292 284 1
292 661 0
292 711 0
711 661 1
293 661 0
294 661 0
295 661 1
297 661 0
493 663 0
332 74 0
332 661 1
332 179 0
301 661 0
303 342 0
303 661 0
342 661 0
304 490 0
304 661 0
490 661 1
305 661 0
306 661 0
307 661 1
308 661 0
309 661 0
311 661 0
312 661 0
313 225 0
313 526 0
313 661 0
526 129 0
526 480 0
526 661 0
526 758 0
526 468 0
314 77 0
314 388 0
314 395 0
314 503 0
314 661 1
388 620 0
388 661 0
395 661 1
316 661 0
317 321 0
317 487 0
317 661 0
317 719 0
317 551 0
317 663 0
321 30 0
321 661 0
321 701 0
487 520 0
487 533 0
487 661 1
719 5 0
719 52 0
719 661 0
318 661 0
319 661 1
417 272 0
417 524 1
417 661 0
324 661 0
326 661 0
327 661 1
329 661 0
330 306 0
330 661 0
333 661 0
334 661 0
335 517 0
335 661 0
517 661 0
337 661 0
338 91 1
338 661 0
338 94 0
343 200 1
343 661 0
344 661 0
345 661 0
347 107 0
347 310 0
347 661 1
348 661 0
350 661 0
749 213 0
749 498 0
749 661 0
353 661 1
353 735 1
735 10 0
735 661 0
354 348 0
354 661 0
355 661 0
356 276 0
356 661 0
357 661 1
358 661 0
359 661 1
361 661 0
407 239 0
407 661 0
364 661 0
365 548 0
365 661 0
548 601 0
548 661 0
537 89 0
537 312 0
537 661 0
368 661 0
369 443 0
369 661 0
369 380 1
443 553 0
443 661 0
371 462 0
371 661 0
462 310 0
462 610 0
462 660 0
462 661 0
374 411 0
374 661 0
411 661 0
411 540 0
375 186 0
375 661 0
375 179 0
376 661 0
379 661 1
380 488 0
380 546 0
380 661 0
380 443 1
380 482 0
488 661 0
546 468 0
546 119 0
546 191 0
546 526 0
544 661 0
544 685 0
544 575 1
544 555 0
727 119 1
727 661 1
384 496 0
384 661 0
496 8 0
496 661 0
385 68 0
385 661 0
386 268 0
386 661 0
387 661 0
620 661 0
626 561 0
391 661 0
770 273 0
770 661 0
770 613 0
394 744 1
394 609 0
744 674 0
744 278 0
744 46 0
396 661 0
397 661 0
398 661 0
399 520 0
399 661 0
520 661 0
400 661 0
402 661 1
404 661 0
405 661 0
406 661 1
408 454 0
408 661 0
410 7 0
410 323 0
410 661 0
410 775 0
410 119 0
413 661 0
416 661 0
524 661 0
419 304 0
419 412 0
419 661 1
420 661 0
421 661 0
422 661 0
423 661 0
691 187 0
691 250 1
691 661 0
425 661 0
425 756 0
756 661 0
426 661 1
427 443 1
427 661 1
433 673 0
433 237 0
673 454 0
434 661 1
435 661 0
436 213 0
436 661 1
458 217 0
458 661 0
513 661 0
581 661 0
438 661 0
440 661 0
553 369 0
553 661 0
553 798 0
553 371 0
444 661 0
446 661 1
446 692 0
692 534 0
692 661 0
692 683 0
692 617 1
449 661 1
451 661 0
452 255 0
452 512 1
452 661 0
512 661 0
512 799 0
453 661 1
453 694 0
453 437 0
694 486 1
455 661 0
455 754 0
457 661 0
459 64 0
459 661 1
459 541 0
461 661 0
610 371 0
610 661 0
610 39 0
610 553 0
463 661 0
464 661 0
468 380 0
471 661 0
472 661 0
473 661 0
474 661 0
475 661 1
477 661 1
480 313 0
481 661 0
696 227 0
696 101 0
485 661 1
486 453 0
489 661 0
491 661 0
663 298 0
663 533 1
499 661 0
500 661 0
502 661 0
504 661 0
505 316 0
505 513 0
505 661 0
506 661 0
506 684 0
684 661 0
725 122 0
725 661 0
635 240 0
635 661 0
635 781 0
511 661 0
514 661 0
515 661 0
787 661 0
519 661 0
792 198 0
792 237 0
525 661 0
730 163 0
730 661 0
531 247 0
531 661 0
532 426 1
532 661 0
534 446 1
534 447 0
534 661 0
534 62 0
534 749 0
535 661 0
541 86 0
538 661 1
539 661 1
540 732 0
540 661 0
542 401 0
542 661 0
543 661 1
685 311 0
685 661 0
685 686 0
685 701 0
545 661 0
547 52 0
547 645 0
547 661 0
645 661 0
601 323 0
601 365 0
601 661 0
550 661 0
555 192 1
555 661 0
555 685 0
556 219 1
556 661 0
557 661 0
563 575 0
563 661 1
563 707 0
563 559 0
561 389 0
561 47 0
575 91 0
575 558 0
575 661 0
575 685 0
707 661 0
564 661 0
565 52 0
565 661 0
565 732 0
567 661 0
571 266 0
571 661 0
644 46 0
576 661 0
578 661 0
580 661 0
582 661 1
583 28 0
583 661 0
585 496 0
585 661 1
586 659 0
586 661 0
586 734 0
659 661 0
734 768 0
588 661 0
590 661 0
591 661 0
592 661 0
594 125 1
594 661 0
595 661 0
596 248 0
596 661 0
597 661 1
598 661 0
599 661 0
603 661 1
604 384 0
604 661 0
608 268 0
608 661 0
609 661 0
609 736 0
736 220 0
736 623 0
736 661 1
736 394 0
611 661 0
612 661 0
613 636 0
613 661 0
613 786 0
636 661 0
636 775 1
636 770 1
636 86 0
615 661 0
617 177 0
617 661 0
617 446 0
618 661 0
619 342 0
619 661 0
623 609 0
623 661 0
624 80 0
624 661 0
625 661 0
700 661 0
628 134 0
628 661 0
629 661 0
630 660 0
630 661 1
632 4 0
632 661 0
633 661 0
781 661 0
775 613 0
775 661 1
775 478 0
775 709 0
637 661 0
638 526 0
638 661 0
640 661 0
642 51 0
642 661 0
649 661 0
649 681 0
651 661 0
652 661 0
656 405 0
656 661 0
658 661 0
658 774 0
774 661 0
662 611 0
662 661 0
669 661 0
670 661 0
671 135 0
671 661 1
674 394 0
674 661 0
674 684 0
675 661 0
676 213 0
676 372 0
676 661 0
678 39 0
678 661 0
679 240 1
679 398 0
679 661 0
680 107 1
680 661 1
757 661 0
682 540 0
682 661 0
686 471 0
686 544 0
686 621 0
686 661 0
688 661 1
689 661 1
693 661 0
695 661 0
697 661 1
703 661 0
705 458 0
705 661 0
706 237 0
706 494 1
708 661 0
710 242 0
710 661 0
710 695 0
713 661 0
714 661 0
716 513 0
716 661 0
717 661 0
718 661 0
721 661 1
724 661 0
726 661 0
728 661 0
768 586 0
768 661 0
768 484 0
737 214 0
737 649 0
737 661 0
737 799 0
739 8 0
739 389 0
739 477 0
739 661 1
740 661 0
741 612 0
741 661 0
745 661 1
758 23 0
758 661 1
750 488 1
750 661 0
751 661 0
763 130 1
763 194 0
763 661 0
764 661 0
766 194 1
766 661 0
769 661 0
780 661 0
782 262 1
782 661 0
785 661 1
788 661 0
789 661 1
789 735 0
790 661 0
791 661 0
791 711 0
793 661 0
794 661 1
795 661 0
