0 827 1
827 30 1
1 999 1
999 148 1
2 217 0
2 827 1
2 612 1
217 72 0
217 525 1
217 827 1
3 421 1
421 73 1
421 827 1
4 701 1
701 232 1
5 827 1
5 871 0
871 827 1
871 923 1
7 278 0
7 827 1
278 427 1
8 52 1
52 184 1
10 827 1
12 590 1
12 827 1
590 256 1
13 636 1
636 575 1
636 246 1
14 535 0
14 827 1
535 810 1
15 32 1
15 27 0
32 462 0
16 637 1
16 827 1
637 109 1
637 827 1
17 37 0
17 118 1
37 827 0
37 919 1
18 775 1
18 131 1
775 558 1
775 827 1
775 941 0
19 816 1
816 827 1
816 847 1
816 623 1
21 498 1
498 749 1
22 509 0
22 827 1
509 903 1
509 432 1
23 272 1
23 827 0
272 714 1
272 827 1
25 827 1
25 880 0
880 870 1
26 561 0
26 827 1
561 272 0
561 512 1
561 827 0
561 846 1
27 823 1
823 946 1
28 171 0
28 498 1
171 576 1
30 460 0
30 628 0
30 827 1
30 709 1
460 827 1
628 827 1
628 976 1
462 15 1
33 827 1
36 352 1
36 827 1
352 236 1
352 827 1
352 134 1
352 542 0
919 17 1
919 827 1
919 314 1
39 398 1
398 827 0
398 882 0
40 827 0
41 822 1
822 186 0
822 827 0
43 643 1
43 707 0
43 827 1
643 827 1
643 936 1
707 804 0
707 827 1
44 827 1
45 827 1
46 827 1
47 642 1
47 314 1
642 732 1
642 827 1
48 359 0
48 827 0
359 255 1
359 827 1
50 827 0
184 8 1
184 827 1
53 827 1
53 894 1
894 686 1
55 159 1
55 317 1
159 618 1
159 827 1
56 518 0
56 827 1
518 533 1
518 478 1
57 995 1
995 708 0
995 827 1
58 855 0
855 691 1
59 614 1
614 673 1
614 827 1
614 919 1
60 656 1
656 443 1
656 827 0
656 948 1
62 827 1
63 827 1
64 482 1
482 609 1
66 736 1
736 422 1
67 439 1
67 827 1
439 803 0
68 380 1
68 827 1
380 746 1
380 827 1
69 600 1
69 827 0
600 827 1
72 2 1
72 827 0
73 3 0
74 827 1
74 913 1
913 726 1
913 827 1
75 827 1
76 827 0
77 545 1
545 324 1
79 603 1
79 827 1
603 827 1
603 906 0
80 68 1
80 827 1
80 913 1
81 555 1
555 392 0
82 827 1
85 401 0
401 565 1
86 744 1
744 485 1
744 271 1
87 827 1
88 748 0
748 251 1
748 827 1
91 294 1
91 827 1
294 138 1
294 836 1
92 534 1
534 246 1
94 827 1
95 827 0
96 688 1
96 827 1
688 827 1
688 983 1
98 136 1
136 223 1
99 469 1
469 528 1
100 319 1
100 827 1
319 827 0
101 612 1
612 681 0
102 827 1
103 478 1
103 827 1
103 221 1
478 175 1
104 827 0
104 852 1
852 254 1
852 827 1
107 453 1
107 827 1
453 921 1
109 16 1
110 827 1
112 373 1
112 827 1
373 632 1
373 436 1
113 827 1
115 827 1
115 841 1
115 498 1
115 459 1
841 80 0
841 680 0
841 827 1
116 459 0
116 827 1
459 218 1
118 945 1
118 37 1
118 468 1
945 187 1
119 827 1
120 827 1
121 827 1
123 827 1
123 836 1
123 294 0
836 269 0
836 827 1
125 858 0
858 827 0
858 991 1
126 827 1
126 929 1
929 827 0
127 860 0
860 383 1
860 725 1
860 827 0
860 916 1
129 484 1
484 700 1
484 827 1
131 288 1
131 558 1
288 336 1
288 827 1
288 316 1
132 827 1
132 924 0
924 340 0
924 648 1
134 617 1
134 36 1
134 940 1
617 177 1
617 827 1
135 827 1
223 98 1
137 827 1
138 91 1
139 557 1
557 842 1
140 827 1
141 602 1
141 827 1
602 624 0
602 827 1
142 818 1
818 271 1
818 827 1
144 874 1
874 594 1
145 827 1
145 916 1
916 216 1
916 383 1
916 238 0
146 827 1
147 827 1
148 1 0
149 591 1
591 827 1
591 920 1
150 511 1
150 827 1
511 827 1
152 934 1
934 813 0
934 827 1
153 284 1
153 827 1
284 243 0
155 281 1
155 827 1
281 799 1
281 827 1
281 959 1
156 827 1
158 931 1
931 694 0
931 827 1
931 262 0
618 55 1
618 827 1
160 752 1
752 647 0
752 827 1
161 827 1
163 240 1
163 827 1
240 717 1
240 827 1
164 827 1
165 827 1
167 415 1
167 827 0
167 779 1
415 763 1
415 197 0
168 320 1
168 827 1
168 812 0
320 244 0
320 827 1
169 827 1
170 517 0
517 887 1
576 28 1
172 650 0
172 827 1
650 821 0
650 589 0
175 103 1
175 827 0
175 518 1
176 730 1
176 827 1
730 307 1
177 134 1
178 608 1
608 337 1
179 827 1
182 827 1
183 827 0
185 827 1
186 41 1
186 827 1
187 118 1
187 827 1
189 827 1
190 302 1
190 827 1
302 940 0
302 134 1
191 827 0
192 259 1
259 696 0
193 263 1
193 755 1
263 698 1
194 838 1
194 55 1
838 317 1
195 905 0
905 197 1
196 800 1
800 827 1
800 863 0
800 878 0
197 195 1
197 763 1
200 827 1
202 827 1
204 827 1
204 853 1
853 827 0
853 927 1
205 827 1
206 247 1
247 376 1
209 597 1
209 827 0
597 756 0
210 709 0
210 30 1
709 262 1
212 669 1
669 827 1
669 975 1
214 827 1
216 145 1
525 433 1
525 827 0
218 116 1
218 115 1
219 827 1
221 591 1
221 827 0
221 828 1
828 671 1
828 103 1
222 515 0
222 827 1
222 892 1
515 225 1
224 827 0
225 222 1
226 413 0
413 295 1
227 827 1
228 827 1
229 384 1
384 318 1
231 344 0
231 760 1
231 827 1
344 827 0
760 334 1
232 4 0
233 872 1
872 886 1
234 168 1
234 827 1
236 36 1
237 827 1
238 540 1
540 812 1
540 827 1
540 916 1
239 827 1
717 761 1
241 662 1
241 827 0
662 613 1
662 827 1
242 404 1
242 599 1
242 827 1
404 827 1
599 633 1
599 827 1
243 153 1
244 168 1
244 540 0
244 827 1
245 827 1
246 92 1
246 827 0
246 13 1
376 206 1
376 827 1
248 315 1
248 827 0
248 510 1
315 502 1
315 827 1
249 827 1
251 88 1
252 827 1
254 104 1
255 48 0
255 827 1
256 12 0
256 827 1
258 869 1
869 660 1
696 192 0
696 827 1
260 548 1
260 789 1
548 308 0
262 210 1
262 694 0
698 193 1
698 716 1
698 827 1
264 637 0
264 827 1
265 827 1
266 721 1
721 514 1
721 827 1
267 104 1
267 827 1
267 845 1
845 769 1
845 827 1
845 561 1
268 323 1
268 827 1
323 361 1
269 123 0
269 827 1
270 827 1
271 142 0
271 485 1
714 510 1
273 393 1
393 827 1
393 899 0
274 827 1
274 840 1
840 827 1
840 932 1
275 827 0
275 978 1
978 375 1
978 827 1
276 827 1
277 827 0
427 7 1
427 446 1
279 827 1
280 432 1
432 569 1
432 22 1
799 827 1
959 155 1
959 827 1
282 487 0
282 827 1
487 541 1
487 827 0
285 396 1
285 761 1
285 827 1
285 27 0
396 586 0
396 827 1
761 240 1
761 827 0
286 536 1
286 827 1
536 827 1
536 941 1
536 307 0
536 775 1
287 827 1
287 998 1
998 827 1
336 131 1
336 827 1
289 827 1
290 371 1
290 491 1
371 802 1
371 827 1
292 827 0
295 226 1
295 827 1
296 627 1
296 737 0
296 827 1
627 774 1
737 827 1
298 339 0
298 827 0
298 888 1
339 827 1
888 922 1
300 784 1
300 827 1
784 601 0
784 594 1
301 827 1
940 190 1
303 827 1
304 862 1
304 167 1
304 870 1
304 351 1
862 779 1
307 176 1
307 941 1
308 260 1
309 436 1
436 723 1
436 827 1
310 835 1
835 892 1
835 222 1
311 827 1
312 827 1
313 878 0
878 994 1
878 107 1
878 196 0
314 643 0
502 248 1
316 875 1
316 336 1
875 315 1
875 444 1
875 827 1
317 194 0
317 827 1
318 229 0
322 992 1
992 907 0
361 268 1
324 77 1
324 827 1
325 351 1
351 751 1
351 827 1
351 779 1
330 827 1
331 827 1
332 827 1
333 827 0
334 231 1
335 537 1
335 579 0
537 668 1
337 178 1
340 132 1
342 827 1
343 827 1
345 827 1
346 365 1
346 827 1
365 738 0
365 827 1
347 379 1
379 606 1
379 827 0
379 594 1
348 405 1
405 645 1
405 827 1
350 450 0
350 675 0
350 827 0
450 801 1
675 827 0
751 72 1
751 325 1
751 827 0
353 355 0
353 827 1
355 431 1
431 353 1
356 827 1
357 827 1
358 827 1
360 827 1
362 123 1
362 827 0
363 729 0
729 600 1
729 827 1
729 930 1
738 346 1
738 827 1
366 827 1
367 772 1
367 827 1
772 797 1
772 827 1
802 290 1
802 827 0
632 112 1
375 275 0
377 742 1
742 827 1
742 883 1
606 347 1
606 827 1
746 68 1
383 127 0
385 827 1
386 895 1
895 827 1
895 982 1
387 827 1
388 827 1
389 827 1
391 827 1
392 81 1
899 273 1
899 827 1
395 446 1
446 456 0
446 278 1
586 285 1
586 827 1
882 39 1
882 907 1
399 827 1
400 766 1
766 414 1
565 85 1
645 348 1
645 827 0
408 648 1
408 827 1
648 501 0
648 827 1
648 99 1
648 132 1
412 630 1
630 827 0
630 848 0
630 778 1
414 400 1
763 167 1
763 827 1
416 827 1
417 827 1
418 827 0
419 827 1
420 707 1
420 827 1
422 66 1
422 827 1
422 659 1
424 891 1
424 695 1
891 827 1
891 987 1
425 579 1
425 335 1
579 695 1
569 280 1
569 827 0
433 625 1
433 827 1
625 525 1
434 827 1
435 827 1
723 309 1
723 373 0
438 827 1
803 67 1
440 827 0
441 827 1
442 827 1
443 60 1
443 827 1
444 316 0
444 708 1
456 25 0
456 395 1
456 827 1
447 767 1
767 806 1
767 827 1
767 695 0
448 827 1
449 827 1
801 350 1
451 827 1
452 827 1
921 107 1
921 827 1
921 878 0
457 532 1
532 827 1
532 843 1
532 267 1
458 827 1
461 827 1
465 827 0
467 827 1
468 542 1
468 827 1
542 902 1
542 36 1
528 99 1
528 648 0
470 827 1
471 827 1
473 827 1
474 827 1
476 827 1
477 805 1
805 873 1
609 64 1
609 827 1
483 652 0
652 499 1
652 827 1
700 129 1
700 827 1
485 86 1
486 827 0
541 282 1
488 827 1
489 566 1
489 827 1
566 937 1
490 5 1
490 808 0
490 827 1
808 491 1
808 827 1
491 490 0
491 371 1
493 815 1
493 827 0
815 809 1
495 827 1
749 21 1
749 115 1
749 28 1
499 483 1
500 827 1
501 408 1
501 827 1
504 827 0
505 827 1
506 728 1
506 827 1
728 755 0
508 827 1
903 22 0
510 272 1
510 315 1
512 26 0
512 845 1
513 827 1
513 858 1
514 266 0
514 827 1
516 827 1
887 170 1
887 827 1
533 56 1
520 72 0
520 827 1
521 827 0
521 935 1
935 620 1
935 827 1
523 827 1
524 827 1
529 578 1
529 589 0
529 827 1
529 422 1
529 821 1
578 827 1
589 659 1
589 172 1
843 457 1
843 827 0
810 14 1
941 286 1
941 827 0
668 335 1
538 944 1
944 615 0
944 827 1
944 647 0
539 285 1
539 827 1
812 238 1
812 827 1
812 320 1
902 468 1
902 118 1
543 827 1
547 827 1
551 755 0
551 827 1
755 506 1
755 827 1
755 698 1
553 827 1
554 827 1
842 139 1
842 615 1
558 18 1
560 827 1
846 718 1
846 827 1
562 827 1
937 489 1
567 827 0
573 827 1
573 947 1
947 596 1
947 827 1
575 13 1
575 827 0
695 425 1
695 891 1
695 806 1
580 827 0
581 827 1
587 918 1
918 787 1
918 827 1
588 827 1
659 529 1
920 149 0
920 827 0
592 50 0
592 827 1
593 827 0
594 144 0
594 601 1
594 347 0
596 573 1
596 827 1
756 209 1
756 827 0
598 722 1
722 827 1
722 986 1
633 242 1
633 827 1
601 300 1
624 141 1
906 79 1
906 827 1
604 827 1
605 623 0
623 866 0
623 19 1
681 101 1
681 827 1
681 2 1
613 241 1
613 827 1
673 59 0
673 827 1
615 538 1
615 139 1
616 827 1
620 521 1
620 827 1
621 827 1
622 827 1
866 605 0
866 827 1
774 296 1
976 788 0
976 827 1
629 827 1
848 412 1
848 827 0
634 640 1
640 827 1
640 948 1
948 634 0
948 827 1
732 47 0
936 314 1
936 919 1
936 47 1
644 789 0
789 764 1
789 548 1
647 160 1
647 827 1
647 538 1
821 172 1
821 659 0
651 722 1
651 827 1
654 827 1
654 833 1
833 791 1
655 827 0
657 827 1
660 258 1
660 827 1
661 827 1
663 827 1
665 827 1
975 212 1
975 827 1
671 221 1
674 827 1
676 827 1
678 770 0
678 827 1
678 959 1
770 827 1
680 115 0
682 827 1
683 827 1
684 827 1
686 53 1
686 827 1
983 827 1
983 958 1
690 827 1
691 58 1
693 827 1
694 158 0
694 827 1
697 827 1
716 827 1
699 827 1
702 827 1
704 827 1
704 939 1
704 630 0
939 778 1
939 827 1
705 827 1
706 827 1
804 43 1
708 57 0
708 827 1
708 875 1
712 827 0
718 844 1
844 846 1
720 827 1
986 598 1
986 827 1
724 827 1
725 795 1
725 827 1
795 827 1
795 859 1
726 80 1
727 655 1
727 827 0
930 363 1
930 827 1
731 827 1
733 827 0
735 827 1
739 827 1
740 799 1
740 827 0
883 377 1
883 827 1
743 942 1
942 969 1
747 827 1
757 827 0
764 644 0
806 447 0
806 827 0
769 267 1
769 532 1
797 367 1
797 827 0
773 827 1
777 827 1
778 704 1
778 827 1
779 304 0
781 827 1
783 827 1
786 893 1
893 827 1
893 968 0
787 587 0
788 628 1
790 827 1
791 654 1
791 827 1
793 966 1
966 979 1
794 827 1
859 725 1
798 662 1
798 827 1
863 196 1
863 827 1
873 477 1
809 295 0
809 493 1
809 827 0
811 861 1
861 974 0
813 152 0
847 19 1
847 827 1
819 827 0
820 827 1
946 27 1
946 15 1
946 285 1
824 827 1
825 827 1
826 827 1
829 827 1
830 269 1
830 827 1
834 827 1
892 310 1
892 827 1
932 274 0
849 827 1
927 204 1
856 827 1
991 125 0
974 811 1
867 827 1
868 827 1
870 25 1
870 779 0
923 5 1
923 827 1
886 233 1
876 827 0
994 313 1
879 827 1
881 219 1
881 827 1
884 827 1
885 827 1
922 298 0
889 827 1
889 998 1
987 424 1
987 827 0
968 786 1
968 827 1
982 386 1
896 827 1
898 827 0
900 827 1
904 827 1
907 264 1
907 322 0
907 827 1
907 398 1
908 827 1
909 551 1
909 827 1
910 547 1
910 827 1
911 827 1
914 827 1
928 827 1
933 827 1
969 743 1
969 827 1
943 827 1
949 827 1
955 827 1
956 827 1
958 688 0
961 827 1
963 827 0
964 827 1
979 793 1
970 827 1
971 827 0
985 827 1
993 827 1
997 827 1
