0 153 1
0 4 1
153 89 1
4 196 0
4 153 1
4 85 1
196 47 1
196 76 0
196 104 1
196 153 0
5 159 1
159 19 0
159 41 0
159 153 1
159 26 0
6 29 1
6 153 1
6 62 1
6 187 0
29 113 0
29 153 0
8 67 1
8 149 1
8 153 0
67 153 1
67 162 0
149 120 0
9 167 0
9 191 0
167 91 0
167 153 1
167 43 1
10 153 0
12 47 0
47 99 0
47 130 0
47 153 0
47 139 0
13 156 0
13 26 1
13 29 1
13 109 0
156 45 0
156 68 1
156 153 1
14 132 1
132 76 1
132 126 0
132 153 1
132 157 0
132 103 1
16 79 0
16 117 1
16 153 0
16 6 1
79 62 0
79 153 1
79 134 0
117 101 0
117 153 1
18 114 1
114 180 0
114 153 1
114 43 0
114 131 0
19 5 0
19 181 1
19 191 0
20 52 1
52 64 0
52 20 0
22 131 1
22 134 1
22 153 0
22 82 1
131 92 1
131 153 0
134 41 1
23 43 1
23 153 1
23 187 1
43 192 1
24 82 0
24 22 0
82 66 1
25 35 1
25 153 0
35 155 1
26 191 1
191 136 0
191 153 0
191 69 1
191 5 0
191 91 1
27 72 0
27 153 1
27 156 1
72 153 1
113 6 0
113 13 1
113 30 1
30 34 1
30 29 0
34 88 0
31 161 1
31 36 1
161 121 0
32 141 0
32 76 0
141 110 1
33 145 1
145 153 1
145 170 0
145 134 0
88 30 0
155 25 1
155 173 0
36 107 0
36 153 0
107 157 0
107 31 1
107 89 0
38 58 1
38 117 0
38 115 1
58 153 0
58 195 0
39 153 0
41 22 1
41 153 1
41 127 1
41 145 0
41 79 0
41 133 1
42 70 1
42 13 1
70 36 0
70 109 1
70 153 1
192 23 0
192 114 1
192 167 1
44 123 1
44 153 0
123 181 0
123 111 0
123 182 1
45 13 0
45 153 1
45 126 1
46 166 0
166 184 1
99 6 0
99 153 1
130 12 0
130 153 0
48 135 0
135 16 1
135 60 0
135 153 1
50 78 1
50 153 1
50 182 1
78 106 0
64 20 0
64 52 1
54 153 1
195 38 1
59 22 0
59 153 1
59 156 1
60 48 0
61 100 1
100 127 0
100 111 0
62 16 0
63 47 0
63 87 0
63 153 0
87 73 0
65 85 0
65 86 0
65 4 0
85 27 1
85 130 1
85 153 0
85 190 1
66 24 0
66 69 1
162 121 0
162 153 1
162 182 0
68 153 0
69 133 1
133 198 1
133 134 1
109 42 0
73 63 1
73 153 1
73 162 0
76 14 1
76 153 1
76 26 1
76 141 0
76 102 1
106 50 0
80 144 0
80 116 0
80 127 1
144 169 1
144 117 0
81 173 1
81 175 0
81 155 1
81 103 1
173 103 1
190 65 0
86 16 0
86 153 1
86 85 0
86 162 0
89 0 1
89 76 0
89 86 1
89 153 1
89 114 0
89 102 1
89 36 0
89 70 1
89 167 0
89 172 0
90 153 1
91 9 0
92 128 0
92 162 1
128 131 0
128 114 0
128 157 0
98 105 1
105 153 1
105 179 1
105 165 0
105 138 0
127 61 1
127 169 0
127 134 1
127 26 1
101 138 1
101 38 0
101 144 1
138 117 1
138 98 0
102 197 0
197 165 1
197 89 0
197 76 1
103 81 0
103 173 0
103 14 1
104 4 1
179 98 0
157 36 0
157 153 1
157 166 1
157 131 0
108 16 1
108 76 1
108 153 0
110 32 0
110 153 0
110 26 0
111 176 1
111 44 0
111 61 1
176 187 1
176 6 1
176 23 0
180 18 1
115 126 1
115 153 1
126 150 1
126 153 1
126 156 1
116 153 1
116 171 1
116 169 0
171 137 0
171 153 0
119 153 0
120 8 1
121 31 0
121 105 1
121 153 1
122 139 0
122 47 1
139 172 1
181 44 0
181 153 1
181 156 1
181 5 0
124 153 1
125 153 1
150 115 1
150 38 0
129 41 1
129 153 0
129 191 0
198 69 1
198 191 0
198 66 0
136 26 1
136 76 1
136 159 0
136 13 0
136 110 0
136 127 1
137 44 0
137 116 0
137 153 1
172 122 0
172 153 0
169 80 0
169 153 0
170 33 1
146 29 0
146 153 1
147 89 0
147 153 1
147 169 0
147 175 0
175 199 1
175 173 1
154 70 1
154 153 0
154 160 0
160 41 1
160 131 0
160 153 0
182 194 0
182 78 0
182 44 1
165 102 0
165 98 1
184 46 0
184 72 1
184 153 0
184 157 0
199 147 1
187 111 1
187 153 0
194 153 0
194 162 0
194 92 1
194 86 0
185 153 1
193 47 1
193 153 0
