0 153 0
0 4 1
153 89 0
4 196 0
4 153 0
4 85 0
196 47 0
196 76 0
196 104 0
196 153 0
5 159 1
159 19 0
159 41 0
159 153 0
159 26 0
6 29 1
6 153 0
6 62 0
6 187 1
29 113 0
29 153 0
8 67 0
8 149 0
8 153 1
67 153 0
67 162 0
149 120 0
9 167 0
9 191 0
167 91 0
167 153 0
167 43 0
10 153 1
12 47 0
47 99 0
47 130 1
47 153 0
47 139 0
13 156 0
13 26 0
13 29 0
13 109 0
156 45 0
156 68 0
156 153 1
14 132 1
132 76 0
132 126 0
132 153 0
132 157 1
132 103 0
16 79 0
16 117 0
16 153 0
16 6 0
79 62 1
79 153 0
79 134 1
117 101 0
117 153 0
18 114 0
114 180 1
114 153 1
114 43 1
114 131 0
19 5 0
19 181 0
19 191 0
20 52 0
52 64 0
52 20 0
22 131 0
22 134 0
22 153 0
22 82 0
131 92 0
131 153 0
134 41 0
23 43 0
23 153 1
23 187 0
43 192 0
24 82 1
24 22 1
82 66 0
25 35 0
25 153 1
35 155 0
26 191 0
191 136 0
191 153 0
191 69 0
191 5 0
191 91 0
27 72 0
27 153 0
27 156 0
72 153 0
113 6 0
113 13 1
113 30 0
30 34 0
30 29 0
34 88 0
31 161 0
31 36 0
161 121 1
32 141 0
32 76 0
141 110 1
33 145 0
145 153 0
145 170 0
145 134 0
88 30 1
155 25 0
155 173 0
36 107 0
36 153 0
107 157 1
107 31 0
107 89 1
38 58 1
38 117 1
38 115 0
58 153 0
58 195 0
39 153 0
41 22 0
41 153 0
41 127 0
41 145 0
41 79 0
41 133 0
42 70 0
42 13 0
70 36 0
70 109 0
70 153 0
192 23 0
192 114 0
192 167 0
44 123 1
44 153 1
123 181 0
123 111 0
123 182 0
45 13 0
45 153 0
45 126 1
46 166 1
166 184 0
99 6 1
99 153 0
130 12 1
130 153 0
48 135 1
135 16 0
135 60 0
135 153 0
50 78 0
50 153 0
50 182 0
78 106 1
64 20 0
64 52 0
54 153 1
195 38 1
59 22 0
59 153 1
59 156 0
60 48 0
61 100 1
100 127 1
100 111 0
62 16 0
63 47 1
63 87 0
63 153 0
87 73 0
65 85 0
65 86 1
65 4 0
85 27 0
85 130 0
85 153 1
85 190 0
66 24 0
66 69 1
162 121 0
162 153 0
162 182 0
68 153 0
69 133 0
133 198 0
133 134 0
109 42 0
73 63 0
73 153 0
73 162 0
76 14 0
76 153 1
76 26 0
76 141 1
76 102 0
106 50 0
80 144 0
80 116 0
80 127 1
144 169 0
144 117 0
81 173 0
81 175 1
81 155 1
81 103 0
173 103 0
190 65 0
86 16 0
86 153 1
86 85 1
86 162 0
89 0 0
89 76 0
89 86 0
89 153 1
89 114 1
89 102 1
89 36 1
89 70 0
89 167 0
89 172 0
90 153 0
91 9 0
92 128 0
92 162 0
128 131 0
128 114 0
128 157 0
98 105 0
105 153 0
105 179 1
105 165 0
105 138 0
127 61 0
127 169 0
127 134 0
127 26 1
101 138 0
101 38 0
101 144 0
138 117 0
138 98 0
102 197 1
197 165 0
197 89 0
197 76 0
103 81 0
103 173 0
103 14 0
104 4 0
179 98 1
157 36 0
157 153 0
157 166 0
157 131 1
108 16 0
108 76 0
108 153 0
110 32 0
110 153 0
110 26 0
111 176 0
111 44 1
111 61 0
176 187 0
176 6 0
176 23 0
180 18 0
115 126 0
115 153 0
126 150 0
126 153 1
126 156 0
116 153 0
116 171 0
116 169 0
171 137 0
171 153 0
119 153 0
120 8 0
121 31 1
121 105 0
121 153 0
122 139 0
122 47 0
139 172 0
181 44 0
181 153 1
181 156 0
181 5 1
124 153 0
125 153 0
150 115 0
150 38 0
129 41 0
129 153 0
129 191 0
198 69 0
198 191 1
198 66 0
136 26 1
136 76 1
136 159 0
136 13 1
136 110 1
136 127 0
137 44 0
137 116 1
137 153 0
172 122 0
172 153 1
169 80 0
169 153 0
170 33 1
146 29 0
146 153 0
147 89 0
147 153 0
147 169 0
147 175 0
175 199 0
175 173 0
154 70 0
154 153 0
154 160 0
160 41 0
160 131 0
160 153 1
182 194 0
182 78 0
182 44 1
165 102 0
165 98 0
184 46 0
184 72 1
184 153 0
184 157 0
199 147 0
187 111 1
187 153 0
194 153 0
194 162 0
194 92 1
194 86 0
185 153 0
193 47 0
193 153 1
