0 182 0
182 194 0
182 120 0
4 196 0
4 91 0
4 5 0
196 104 1
196 182 1
5 159 0
159 19 0
159 182 0
159 134 0
6 29 0
29 113 0
29 182 1
8 44 0
8 66 0
8 144 0
8 149 0
8 182 0
8 155 0
8 110 1
8 52 0
44 182 0
66 24 0
66 111 0
66 121 0
66 137 0
66 182 0
144 58 0
144 87 1
144 169 0
144 182 1
144 82 0
149 120 0
149 165 0
9 167 1
9 127 0
9 4 0
9 52 0
9 117 0
167 41 0
167 91 1
167 182 1
167 195 0
12 47 0
47 130 0
47 162 0
47 182 0
47 5 0
13 156 0
13 182 0
13 194 0
156 45 0
156 137 1
156 182 1
194 162 0
194 182 0
14 132 0
132 76 0
132 82 1
132 110 0
16 79 0
16 103 0
79 62 0
79 69 0
19 5 1
19 47 0
19 4 0
19 179 0
19 110 0
20 52 0
52 64 1
52 165 0
52 147 0
52 120 0
52 91 0
52 134 0
22 134 0
22 194 0
22 139 0
134 41 0
23 43 0
23 182 1
23 26 0
23 147 0
23 196 0
43 192 0
24 82 0
82 66 0
82 74 1
82 103 0
82 114 0
82 182 0
82 169 0
82 14 0
82 173 0
25 35 0
35 155 0
26 191 0
191 136 0
191 36 0
27 182 1
113 6 0
31 161 1
31 166 0
31 139 0
161 121 0
161 127 0
32 108 0
32 141 0
32 165 0
32 182 0
32 157 0
108 33 0
108 45 1
108 127 1
108 182 0
108 195 0
141 110 1
165 45 0
165 102 0
165 182 0
33 145 0
33 182 0
145 170 1
145 171 0
145 115 0
34 46 0
34 69 0
34 111 1
34 138 1
34 182 0
46 166 0
46 182 0
69 114 1
69 133 1
69 157 0
69 182 0
69 188 1
111 108 0
111 154 1
111 182 0
138 51 0
138 117 0
138 154 0
138 182 1
155 25 0
155 120 0
36 107 0
36 182 0
107 63 0
107 157 0
107 182 0
107 191 0
37 182 0
38 58 1
58 182 0
58 195 0
39 58 0
39 182 0
40 182 0
40 185 0
40 188 1
40 189 0
185 182 1
188 182 0
189 182 1
41 22 0
41 182 0
41 76 0
41 159 1
41 52 0
192 23 0
45 13 0
45 182 1
45 80 0
166 184 1
130 12 1
130 133 0
162 182 0
162 22 0
48 135 1
48 159 1
48 182 1
135 60 0
50 37 0
50 78 1
50 182 1
50 80 0
78 106 0
51 107 0
51 154 0
51 182 0
154 182 0
154 188 0
64 20 0
54 96 0
54 182 0
96 182 0
55 46 0
55 133 0
55 182 0
133 182 0
133 198 0
133 33 0
133 12 0
57 58 0
57 171 1
57 182 0
171 90 0
171 98 0
171 127 0
171 137 0
171 182 0
195 38 0
195 182 0
60 48 0
61 100 0
100 27 1
100 127 1
100 182 0
62 16 0
63 182 0
65 85 0
85 41 0
85 128 0
85 182 0
85 190 0
121 31 0
121 182 0
137 116 0
137 182 1
137 145 1
137 106 0
67 182 0
114 159 0
114 182 0
114 194 1
157 36 0
157 41 1
157 182 0
157 141 0
157 33 0
70 182 1
73 63 0
73 182 0
74 182 0
76 14 0
76 134 0
76 131 1
77 182 0
77 196 0
106 50 0
106 182 0
106 131 0
106 26 0
106 171 0
80 144 0
80 78 0
80 156 0
80 147 0
80 69 1
81 173 1
81 82 0
173 103 0
103 0 0
103 81 0
103 159 0
103 182 0
103 62 1
103 147 0
128 131 1
128 182 0
128 106 0
128 76 0
190 65 0
190 150 0
190 182 1
190 193 0
190 33 0
190 26 0
86 70 0
86 182 0
87 23 1
87 137 0
87 182 0
89 40 1
89 67 0
89 182 1
90 85 1
90 182 0
91 9 0
92 23 0
92 128 0
92 182 0
92 139 0
94 70 0
94 182 0
97 58 0
97 182 0
98 27 0
98 105 0
98 182 0
105 179 0
127 61 0
127 182 0
127 91 0
127 121 0
101 138 0
102 37 1
102 182 0
102 197 1
197 44 0
197 165 1
197 182 0
197 52 0
197 149 0
104 4 0
104 23 0
104 179 0
179 98 1
179 196 0
179 5 1
110 32 1
110 120 0
110 14 0
110 5 0
115 126 0
115 151 1
115 182 1
115 193 0
126 150 0
126 139 0
151 182 0
193 182 0
116 160 0
116 171 0
116 182 0
116 139 0
160 103 0
160 182 0
117 101 0
117 26 0
117 91 0
120 8 0
122 139 0
122 22 0
122 175 1
122 92 0
122 116 0
122 126 0
122 31 0
139 172 0
124 13 0
124 27 0
124 44 0
124 182 0
150 115 0
150 182 0
150 175 0
150 145 1
131 92 0
131 182 0
198 69 0
198 80 0
198 79 0
136 26 0
136 23 0
136 106 0
136 117 0
136 190 0
172 122 1
140 29 0
140 58 0
140 182 0
142 127 1
142 182 0
169 80 0
170 33 0
170 133 0
170 190 0
170 157 0
146 96 0
146 182 0
147 175 0
175 13 0
175 86 1
175 182 0
175 185 0
175 199 0
175 115 1
175 139 0
175 147 1
158 70 0
158 94 0
158 159 1
158 182 0
163 182 0
163 189 0
184 46 1
184 31 0
199 147 0
199 52 0
199 23 0
199 175 1
199 80 0
199 103 0
181 73 1
181 182 1
