0 320 1
0 473 1
320 167 1
320 473 0
473 561 0
473 230 0
473 95 1
473 560 1
473 87 1
473 576 1
1 473 0
2 473 0
3 473 0
4 473 1
5 473 1
6 473 1
8 359 0
8 473 0
8 576 1
359 420 0
359 473 1
359 569 1
9 473 1
10 473 0
11 473 1
12 29 1
29 473 1
13 473 1
14 473 1
15 473 1
16 473 0
17 473 1
18 473 1
19 473 1
20 473 1
21 473 0
22 473 0
23 179 0
23 473 1
23 98 0
23 132 1
23 422 0
23 93 1
23 273 1
179 473 0
179 598 0
179 466 0
179 560 0
179 171 0
24 473 1
25 473 0
28 473 0
30 473 0
30 526 0
526 76 0
526 473 1
526 98 0
526 481 1
31 473 1
32 473 1
33 473 1
34 352 1
34 473 0
352 379 1
352 473 1
352 223 0
352 561 0
35 473 0
36 59 0
59 473 0
37 473 1
39 473 1
40 32 0
40 231 1
40 590 1
40 23 0
231 93 0
231 473 0
231 153 1
41 473 0
43 473 0
44 299 1
299 473 0
45 473 1
46 473 0
47 473 1
48 473 0
49 490 0
490 473 0
50 473 0
51 473 1
52 473 1
54 473 0
55 473 0
56 473 0
57 473 1
58 473 1
60 473 1
61 506 1
506 473 0
62 473 1
63 473 0
64 473 0
65 473 1
66 473 0
67 277 0
67 473 0
67 167 1
67 317 0
67 87 0
67 447 1
277 473 1
277 495 0
68 473 0
69 473 1
70 473 0
71 273 1
71 473 1
273 15 1
273 112 0
72 473 1
73 473 0
74 473 0
75 455 0
455 473 0
76 30 0
76 473 0
76 167 1
76 324 0
78 473 0
79 473 1
81 473 1
82 589 1
589 91 1
589 473 1
83 473 1
84 473 1
85 512 1
512 473 1
86 473 1
87 152 1
87 473 0
87 251 1
87 277 1
87 343 0
87 90 1
152 163 1
152 336 1
152 495 1
88 473 0
90 210 0
90 473 0
210 125 1
210 473 1
210 118 1
210 87 1
91 118 1
91 473 1
91 324 0
91 102 0
118 67 1
118 589 0
118 90 0
93 40 1
93 537 1
537 473 0
94 473 1
95 280 0
95 473 0
95 343 0
95 273 1
95 481 0
280 471 1
280 473 0
280 540 1
96 473 0
97 473 0
98 313 1
313 466 1
313 473 0
313 526 0
313 23 0
99 473 0
100 473 1
101 473 0
102 473 0
102 569 1
102 242 1
102 589 0
569 473 0
569 568 1
103 473 1
104 473 0
105 473 0
106 340 0
340 473 1
107 473 0
108 473 0
109 473 1
110 473 0
112 71 1
112 473 1
112 317 1
112 167 1
112 95 1
112 23 0
113 473 1
114 473 0
116 473 1
117 473 0
119 396 1
119 487 0
119 242 0
119 153 0
119 221 0
396 473 0
487 333 0
487 473 0
487 230 1
120 473 1
121 473 1
122 473 1
123 230 1
123 571 0
230 473 0
230 482 1
230 343 1
230 333 0
571 473 1
125 90 1
125 132 1
125 251 1
126 473 0
127 473 1
128 473 1
128 576 0
128 231 0
128 119 1
576 153 1
576 473 0
576 420 1
576 265 1
129 473 0
130 473 1
131 473 0
132 317 1
132 473 0
317 356 0
317 473 1
317 242 0
317 273 0
317 569 0
317 132 0
317 277 0
317 251 0
133 473 1
134 473 0
135 473 0
136 473 1
137 473 1
138 473 1
139 473 0
142 473 0
143 473 0
144 473 0
145 473 0
146 473 1
147 559 0
559 420 1
148 473 0
149 473 1
150 473 0
151 473 1
163 87 1
163 473 1
336 473 1
153 128 1
153 473 1
154 473 1
155 473 1
156 473 1
157 473 1
159 473 1
160 473 1
161 223 1
223 428 1
223 473 0
223 34 1
223 132 0
162 473 0
164 473 0
165 397 1
397 473 1
166 473 0
167 0 0
167 473 1
167 30 0
167 277 1
167 273 0
167 251 1
168 473 1
169 473 1
170 473 1
171 408 1
171 473 0
171 481 1
171 251 0
171 598 0
408 281 1
408 473 1
172 473 0
173 473 0
175 473 0
177 384 1
384 473 1
178 87 1
598 23 0
598 473 0
180 238 0
238 473 1
181 473 0
182 473 0
183 473 1
184 473 0
185 473 0
186 473 0
188 473 1
189 15 1
190 473 0
191 473 0
192 473 0
193 473 1
194 473 1
195 473 1
196 473 1
197 473 0
198 473 0
199 473 1
200 473 1
201 473 1
202 473 1
203 473 0
206 473 0
207 473 1
208 473 1
209 473 0
211 473 1
212 473 0
213 473 1
214 343 0
343 473 0
216 473 0
217 473 0
218 473 1
219 473 1
220 593 1
593 473 0
221 244 1
221 473 0
244 324 1
244 473 0
244 561 1
244 495 1
244 560 0
244 119 1
428 422 1
428 473 0
428 23 0
224 473 0
225 346 1
346 473 0
226 137 1
227 272 1
272 473 1
482 123 1
482 473 1
232 473 0
233 473 0
234 93 1
235 473 1
236 473 1
237 473 1
239 473 1
240 473 1
241 473 0
241 540 1
241 560 1
540 290 1
540 473 1
540 471 1
242 296 0
242 473 0
296 473 0
296 590 1
296 317 0
296 102 1
296 119 0
243 473 0
324 221 0
324 473 1
324 30 1
324 589 1
324 569 1
245 473 1
246 473 0
247 473 1
248 473 1
249 473 0
251 306 1
306 447 1
306 473 0
306 87 1
306 125 0
306 167 0
306 171 1
306 317 0
252 473 1
253 473 1
256 473 1
257 473 0
259 473 1
260 473 1
262 473 0
263 473 0
264 473 1
265 473 1
266 473 0
267 473 0
268 473 0
270 473 1
271 473 1
274 473 1
276 473 0
495 67 0
495 221 0
495 163 0
278 473 0
279 473 1
471 95 0
471 473 1
281 171 0
282 455 1
283 473 0
284 473 0
285 473 0
286 473 0
288 473 0
289 473 0
290 241 1
290 579 0
579 473 0
293 473 0
294 473 1
295 473 0
590 242 1
590 473 1
590 93 1
297 473 0
298 473 1
300 473 1
301 473 1
302 473 1
303 473 0
305 376 0
376 473 1
447 251 1
447 473 0
447 277 0
307 473 1
308 473 1
309 473 0
310 473 0
311 473 1
466 98 0
466 473 0
466 598 0
314 473 0
315 473 1
316 473 1
356 132 0
356 23 0
356 317 0
356 561 1
356 125 1
356 223 0
318 473 0
321 473 0
322 473 0
323 473 0
325 213 0
326 473 0
327 473 0
328 473 0
329 473 1
330 398 1
398 473 1
333 119 0
333 473 1
334 423 0
423 473 0
335 473 0
337 217 1
339 473 0
342 473 1
344 473 0
345 473 1
348 473 1
349 473 1
350 473 1
351 15 1
379 34 0
379 473 0
353 585 0
585 473 1
354 473 1
355 191 1
357 473 1
358 473 0
420 8 0
420 473 1
360 190 0
361 473 1
362 473 1
363 473 1
364 473 1
365 473 0
366 473 0
367 473 1
368 473 1
368 481 0
368 526 1
368 171 0
368 95 0
481 473 1
481 560 0
369 473 0
370 473 1
371 473 1
373 473 1
374 129 0
375 473 0
377 473 0
378 473 1
380 473 1
381 473 0
383 473 0
385 473 1
387 473 0
388 473 1
389 35 0
390 483 0
483 473 1
391 473 1
393 473 0
394 473 1
395 473 1
399 473 1
400 473 1
401 473 0
402 473 0
403 473 0
404 473 1
405 473 0
406 473 1
407 473 1
410 413 0
413 473 0
411 473 0
412 473 0
414 592 0
592 473 0
415 59 0
417 473 1
418 473 1
421 473 0
422 223 1
422 473 1
424 473 0
425 473 0
426 288 0
427 473 0
429 473 1
430 473 0
431 473 0
432 473 0
433 473 1
434 473 1
436 473 1
437 473 1
438 473 0
439 473 0
440 473 1
441 473 0
442 473 0
443 387 0
445 473 1
446 473 0
448 473 0
449 473 1
450 473 0
451 473 1
454 473 1
456 473 0
457 473 0
458 350 0
459 473 0
460 473 1
461 473 1
462 473 0
463 353 0
464 473 1
465 473 0
467 473 1
469 473 1
470 473 0
472 473 0
561 265 1
561 343 0
561 221 1
561 34 1
561 132 0
475 473 0
476 473 0
477 473 0
478 473 0
479 473 1
480 473 0
560 368 1
560 290 1
560 221 1
560 598 1
560 343 1
484 473 1
485 442 1
486 473 0
488 473 1
489 473 0
491 473 0
492 473 1
493 473 0
494 473 1
497 473 1
498 473 0
500 116 0
501 473 1
503 473 0
504 473 0
505 473 1
507 244 0
508 473 1
509 473 0
510 460 1
511 265 0
513 473 0
515 473 1
517 424 0
518 473 0
519 473 1
520 473 1
521 473 0
523 473 0
524 473 0
525 473 0
527 473 0
529 186 0
530 473 1
531 473 1
532 473 1
534 473 0
535 473 1
536 473 0
538 473 1
539 473 0
541 537 1
542 473 0
543 473 1
545 473 1
546 473 0
547 473 1
548 253 0
549 473 0
550 473 0
551 473 0
552 473 1
554 473 0
555 473 0
556 473 0
557 473 1
558 473 0
563 336 0
564 473 1
566 473 0
567 572 1
572 473 1
568 102 1
568 473 1
568 317 1
568 359 1
568 324 0
570 295 0
573 473 0
574 473 0
575 473 0
577 473 0
580 473 0
581 473 0
582 473 1
583 473 0
584 473 0
586 473 0
587 473 0
588 473 0
591 473 0
594 473 0
595 473 1
596 473 1
597 473 0
599 473 1
