0 137 1
0 202 0
137 202 0
137 218 1
202 227 0
2 85 0
2 181 1
2 218 0
85 148 0
3 202 0
4 202 0
5 73 0
73 158 0
73 202 0
73 263 0
73 191 0
73 79 0
8 202 0
8 206 0
8 385 1
206 229 0
206 331 0
385 202 1
9 367 1
9 397 0
9 63 1
367 91 0
11 202 0
12 127 0
127 330 0
127 121 1
127 131 0
127 233 0
18 202 0
18 233 0
233 63 0
233 202 0
19 40 0
19 69 1
19 94 0
19 202 0
40 188 0
40 202 0
40 251 0
40 370 0
40 385 1
69 202 0
69 333 0
94 202 0
20 252 0
252 117 1
252 202 0
252 261 0
23 3 0
23 43 0
23 169 0
23 202 0
23 131 0
43 195 0
43 202 0
43 134 0
169 123 0
169 147 0
169 157 1
169 202 0
169 334 0
24 202 0
24 233 1
24 187 0
24 127 0
25 35 0
25 187 0
35 155 1
26 202 0
26 246 0
246 202 0
246 366 0
246 382 1
27 256 0
256 86 0
29 202 0
29 246 0
31 248 1
248 352 0
248 332 0
33 196 0
33 202 0
33 247 0
33 254 0
196 202 0
196 313 0
247 156 0
247 202 0
254 129 0
254 202 0
254 265 0
254 370 0
34 135 1
34 202 0
34 288 0
135 145 0
135 202 0
135 213 1
135 100 0
135 370 0
288 42 0
288 39 0
288 310 0
155 25 0
155 306 1
36 150 1
36 202 0
36 275 1
150 73 0
150 115 0
150 202 0
275 202 1
275 217 0
37 147 0
37 202 0
37 259 0
37 270 1
147 202 0
147 231 0
259 202 0
270 46 0
270 55 1
270 202 0
38 165 0
38 291 0
165 102 0
39 202 1
39 209 1
39 60 0
39 34 0
209 41 0
209 117 0
209 325 0
188 19 0
188 69 1
188 244 0
251 202 0
251 272 0
370 135 1
370 202 0
370 375 0
41 39 0
42 34 0
42 82 0
195 23 0
44 202 0
44 375 1
375 194 0
375 202 0
375 133 0
45 247 0
46 60 1
46 39 0
46 134 0
60 270 0
48 213 0
213 202 0
213 260 0
49 251 0
50 78 0
50 155 1
78 306 0
51 192 0
51 202 0
51 290 0
192 154 1
192 202 0
192 241 0
290 202 0
290 298 0
290 351 0
53 82 0
82 202 0
82 329 0
54 202 0
54 381 0
381 89 1
381 146 1
381 202 0
381 250 1
381 284 0
55 73 1
55 202 0
56 146 1
56 86 0
146 202 1
146 212 1
146 274 1
58 202 0
58 335 0
58 87 0
335 338 0
335 173 0
61 202 0
61 304 0
61 311 1
304 100 0
304 135 0
304 63 0
304 313 0
311 167 0
311 202 0
311 121 0
62 191 0
191 216 1
191 5 0
191 370 0
63 24 0
63 100 0
63 91 0
64 202 0
64 321 0
64 347 0
64 344 0
321 220 0
347 202 0
65 202 0
66 202 1
66 278 1
278 202 0
333 398 1
333 188 0
71 202 0
71 323 1
323 202 0
158 202 0
263 5 0
263 12 0
74 202 0
74 274 0
274 202 0
76 214 0
214 132 0
214 355 0
306 50 0
79 175 0
79 202 0
79 390 1
79 5 0
175 199 1
390 190 0
390 202 0
80 101 0
80 202 0
80 292 0
80 386 0
101 397 0
292 202 0
292 328 0
292 230 0
386 202 0
81 202 0
81 280 0
280 202 0
280 259 1
280 344 0
329 53 0
329 42 0
329 359 0
83 202 1
84 202 0
84 325 0
325 202 0
325 210 0
325 296 0
325 41 0
148 2 0
86 27 0
86 146 0
87 230 0
87 338 0
230 305 1
88 202 0
89 54 1
89 202 0
89 275 0
90 202 0
91 9 0
92 196 0
92 202 0
93 202 0
95 202 0
96 157 0
96 202 0
157 202 1
157 301 0
98 105 0
98 146 0
98 202 0
98 295 0
98 352 1
105 202 0
105 379 0
105 266 0
105 198 0
295 202 1
295 221 0
295 320 0
352 31 0
352 202 0
100 61 1
397 80 0
397 222 0
397 91 1
102 38 0
102 202 1
104 204 0
204 396 0
379 98 0
379 222 0
107 357 0
357 236 0
357 339 1
110 202 0
111 202 0
112 202 0
113 202 0
113 323 0
114 202 1
115 126 0
126 150 0
126 212 0
116 181 0
116 202 0
181 202 0
181 395 0
181 148 1
117 105 0
117 202 0
117 210 0
117 20 0
117 41 1
210 90 0
210 202 0
210 244 1
210 188 0
121 202 0
121 264 0
264 332 0
264 127 1
264 311 0
264 317 1
122 114 1
122 202 0
123 181 1
123 202 0
123 237 0
237 202 0
237 287 0
330 12 0
330 263 1
129 202 1
129 355 0
129 214 0
129 344 0
129 212 0
355 254 0
130 202 1
131 292 0
132 76 0
133 384 0
384 198 1
384 375 1
134 144 0
134 60 1
134 195 0
144 202 1
144 222 0
144 379 0
144 397 0
145 370 0
145 231 0
145 135 0
145 254 1
145 191 0
136 202 0
136 226 0
136 240 0
136 246 0
226 391 0
240 202 0
218 0 0
218 148 0
138 202 0
138 317 1
317 265 0
317 121 0
140 202 0
141 54 0
141 202 0
141 356 1
356 202 0
143 202 1
222 134 0
212 56 1
212 202 0
212 355 0
212 115 1
231 161 0
231 370 1
149 320 0
320 121 1
320 202 0
320 310 0
152 202 0
153 202 0
153 238 0
238 289 1
154 202 1
156 45 0
156 202 0
156 313 1
301 96 0
159 192 1
161 147 1
161 202 0
161 292 1
161 370 1
162 279 0
162 246 0
279 202 1
279 382 0
167 298 0
298 202 0
298 311 0
334 202 0
334 269 0
334 370 1
171 202 0
171 337 0
337 316 0
173 303 0
303 202 0
303 281 1
199 79 0
176 187 0
176 202 1
187 394 1
187 35 1
187 233 0
180 371 0
180 20 1
371 202 0
371 314 0
395 123 0
395 202 0
182 94 0
182 202 0
182 347 0
185 202 0
185 287 0
287 202 0
394 176 0
189 176 0
189 202 0
190 285 1
285 390 0
216 62 0
216 398 0
241 74 0
241 159 0
241 202 0
194 44 1
313 33 0
313 45 1
313 100 0
197 202 0
197 276 0
276 202 0
198 133 0
198 98 0
227 258 0
396 104 1
396 202 0
205 202 1
205 359 0
359 219 0
359 82 1
229 8 0
207 377 0
377 202 0
377 331 0
377 206 0
208 202 0
244 117 0
260 48 0
215 202 0
217 36 0
217 202 1
219 205 1
220 64 0
220 202 0
221 202 0
224 282 0
282 266 0
391 136 0
391 143 0
391 202 0
258 202 0
228 202 0
305 87 0
305 292 0
232 202 0
232 341 0
232 357 0
341 339 0
235 202 0
235 254 0
236 107 0
236 202 0
289 153 1
245 69 0
245 202 1
366 29 1
250 158 0
250 202 1
272 49 0
261 20 0
261 117 0
261 180 0
265 138 0
265 202 0
255 121 1
255 202 0
255 221 0
257 202 0
332 121 0
332 202 0
332 352 1
266 202 0
266 208 0
266 224 0
266 98 0
266 291 0
266 173 0
268 202 0
269 202 0
269 266 0
273 202 1
273 240 0
277 121 0
277 202 0
382 162 0
344 369 0
344 355 0
344 321 0
281 173 1
281 335 0
281 266 0
284 202 1
286 196 0
286 202 0
286 324 0
324 202 0
351 51 0
291 322 0
322 372 0
322 38 0
322 266 0
328 131 0
328 23 0
328 127 1
296 84 0
296 202 0
299 54 1
299 202 0
299 353 0
353 354 0
302 202 0
302 287 0
307 202 0
308 202 0
309 202 0
309 361 0
361 327 1
310 149 0
310 202 0
310 34 0
314 180 0
316 171 0
318 202 1
318 275 0
372 202 0
372 291 0
327 309 0
331 207 0
398 69 0
398 62 0
338 58 0
339 232 0
369 202 0
369 280 0
348 202 1
348 350 0
350 202 0
350 298 1
354 299 0
363 114 0
363 202 1
363 237 1
365 202 1
373 202 0
374 202 0
374 375 0
378 202 0
387 138 0
387 202 0
388 24 0
388 202 0
389 202 1
389 250 1
392 202 1
392 292 0
