0 125 0
0 137 1
125 193 1
125 381 0
137 218 0
2 85 1
2 125 0
2 61 1
85 148 0
4 125 1
5 73 1
73 125 0
73 263 0
73 135 0
8 206 1
206 229 0
9 367 1
367 91 0
367 354 1
12 125 0
12 127 1
12 385 0
127 330 0
385 125 1
13 125 0
13 156 1
156 45 0
156 125 1
156 319 0
156 220 0
156 317 1
15 125 0
15 308 0
308 125 1
16 0 1
16 125 0
16 217 0
16 249 0
217 36 0
217 125 0
249 125 0
19 40 1
40 188 1
40 31 1
20 125 0
20 252 0
252 125 1
252 261 0
21 125 1
21 365 1
21 147 1
365 34 1
365 107 0
365 125 0
365 283 1
365 364 1
365 263 0
23 43 1
23 125 1
23 143 0
23 353 1
23 245 0
43 195 0
43 375 0
143 110 0
143 125 0
353 125 1
353 354 0
353 317 0
353 367 1
24 125 1
24 233 0
24 264 0
233 63 0
264 125 0
264 332 0
25 35 0
25 379 1
25 342 0
25 117 0
35 155 0
26 125 1
27 256 1
256 86 1
29 246 1
246 366 0
246 311 1
246 371 1
30 125 1
31 125 1
31 239 0
31 248 1
31 19 1
31 394 0
31 163 0
239 39 0
239 114 1
239 125 0
248 352 0
248 38 0
33 125 0
33 196 1
33 252 1
196 125 1
196 313 1
34 24 1
34 125 1
34 288 1
288 42 1
155 25 0
36 125 0
36 275 1
275 217 0
38 165 0
38 147 0
38 352 0
165 102 1
39 125 1
39 209 1
39 44 1
209 41 1
209 279 0
188 19 1
188 202 0
41 39 1
42 34 0
195 23 0
44 125 0
44 375 0
375 194 0
375 195 1
375 315 1
45 247 0
247 156 0
46 60 1
46 125 1
60 270 0
47 250 1
250 74 1
250 125 0
48 213 1
213 125 0
213 231 0
213 260 0
49 251 0
251 272 1
50 78 1
50 125 0
78 125 1
78 306 0
51 125 1
51 290 0
51 383 1
290 351 1
383 125 0
383 287 1
383 76 0
52 125 1
53 82 1
53 106 1
53 125 0
82 329 0
106 63 1
106 125 1
54 125 1
54 381 1
54 369 1
381 89 1
55 125 0
56 146 1
146 125 1
146 212 0
58 335 0
335 125 1
335 338 1
270 46 1
61 304 0
61 148 1
304 100 1
62 191 1
191 216 0
191 268 1
191 171 1
63 24 1
63 125 0
63 285 0
63 69 1
64 125 0
64 321 0
321 220 0
67 125 1
68 125 0
69 333 1
333 398 1
333 397 1
333 63 1
70 268 1
268 125 1
268 240 1
268 255 1
71 125 1
71 143 0
71 167 1
263 5 0
263 283 1
74 47 0
76 214 1
214 125 1
214 132 1
306 50 1
79 55 1
79 125 1
79 175 0
79 219 1
79 356 0
175 199 0
219 125 1
219 205 0
219 223 1
219 126 1
219 180 0
80 2 1
80 101 1
80 125 0
101 397 0
329 53 0
83 125 0
84 325 1
325 296 0
148 2 1
86 27 0
87 230 1
230 51 0
230 125 1
230 305 0
89 54 1
89 125 0
89 379 0
91 9 0
91 125 0
91 230 0
91 255 1
255 118 0
255 125 0
92 342 1
342 284 1
342 76 1
342 35 1
342 339 1
94 125 1
94 139 0
139 109 0
139 125 0
96 157 0
157 301 0
97 125 0
97 174 1
174 125 1
98 105 1
105 379 0
99 125 1
100 61 0
397 80 0
397 125 0
397 160 1
397 69 0
102 38 1
102 212 1
104 204 1
104 227 0
204 396 1
379 98 1
379 125 1
379 259 1
379 35 0
379 381 1
107 125 1
107 357 0
357 236 1
108 255 0
109 94 1
110 71 0
111 125 0
113 125 1
114 363 0
363 239 1
115 126 1
126 150 0
126 241 0
126 222 1
126 356 0
126 205 1
116 120 1
120 125 1
120 334 0
117 210 1
117 244 1
117 35 1
210 244 0
210 117 1
118 53 1
118 108 0
118 125 1
119 245 0
245 237 1
334 116 1
121 264 0
123 125 1
123 181 1
181 395 1
193 52 1
150 115 1
330 12 1
129 125 0
129 189 0
129 196 1
129 355 0
189 125 0
189 223 1
355 254 1
131 292 1
292 328 0
132 76 0
132 342 1
132 383 0
133 107 0
133 125 0
133 384 0
384 198 0
134 144 1
134 369 0
144 222 0
144 126 0
135 125 1
135 145 1
135 5 0
145 370 1
136 226 1
226 391 0
218 0 0
218 268 1
138 317 1
317 265 0
317 354 1
317 45 0
222 134 1
370 135 0
212 56 1
212 165 1
147 125 0
147 200 0
147 231 0
200 125 1
231 125 1
231 161 0
149 320 0
320 310 0
320 223 1
153 238 1
238 289 1
301 96 1
158 125 0
158 189 0
159 125 0
159 192 0
192 241 1
192 126 0
160 125 0
161 147 0
161 38 1
161 21 1
162 279 1
279 125 0
279 382 1
279 170 1
279 41 1
163 276 0
276 360 1
167 298 0
167 110 0
167 291 0
167 20 1
298 311 0
298 246 1
168 307 0
168 375 1
307 315 0
170 345 0
345 324 1
345 279 1
345 316 0
171 125 1
171 337 1
337 316 0
337 191 1
173 303 1
303 125 0
303 129 0
303 223 1
303 281 1
199 79 1
176 187 0
176 31 1
187 394 0
177 125 0
177 200 1
178 125 0
180 371 0
180 205 0
371 314 0
395 123 0
185 358 1
358 323 1
394 176 1
223 39 0
223 125 0
223 158 0
223 205 1
223 149 1
190 113 0
190 125 1
190 285 0
285 390 1
216 62 0
216 125 1
216 135 0
241 159 0
194 44 1
194 39 1
313 33 0
198 133 0
201 221 1
221 277 0
202 227 0
227 258 0
227 396 0
396 104 1
205 359 1
359 219 1
229 8 0
207 377 0
377 331 0
208 125 0
244 117 1
260 48 0
215 125 0
220 64 1
220 125 0
220 45 0
277 107 0
277 125 0
277 201 1
277 295 0
224 282 1
282 125 0
282 266 1
225 125 0
225 387 1
387 12 0
387 125 0
391 136 1
258 202 1
258 188 0
305 87 0
305 125 0
305 133 1
232 341 0
232 342 0
341 339 1
236 107 0
237 119 1
237 23 1
289 153 0
240 70 1
240 218 0
240 191 1
366 29 0
352 31 1
272 49 1
261 20 1
261 167 1
253 356 0
253 131 1
356 392 1
254 125 0
254 129 1
254 189 0
259 125 0
262 125 0
332 121 1
332 125 0
332 348 1
265 138 0
266 125 0
266 224 0
274 125 1
360 163 1
360 310 0
360 31 0
295 125 0
295 230 0
382 162 1
280 344 1
280 134 1
280 54 1
344 369 1
281 125 0
281 173 1
283 21 0
284 92 0
284 125 0
390 190 0
390 63 0
287 373 0
373 125 1
373 383 0
351 51 0
351 362 0
351 131 1
291 322 1
322 372 0
322 167 0
328 131 0
328 253 1
328 351 0
296 84 0
296 319 1
311 167 0
299 353 0
315 168 0
309 361 0
361 327 0
310 149 0
310 163 1
312 362 1
312 351 1
362 319 0
314 180 0
314 246 0
316 171 0
316 170 0
319 312 1
319 84 0
319 45 1
372 291 1
323 185 0
324 170 1
327 309 0
331 125 0
331 207 1
348 125 1
398 69 0
338 58 0
339 125 1
339 208 0
339 232 0
369 125 1
369 280 0
346 125 0
347 125 1
354 299 1
392 253 0
392 126 0
392 79 1
364 24 1
364 125 1
378 125 1
386 51 0
386 125 0
393 125 0
393 383 0
