0 183 0
0 469 1
0 576 1
0 549 0
0 501 0
183 469 0
183 524 0
469 392 0
469 325 0
576 14 0
1 221 0
221 156 0
221 469 1
221 380 1
2 362 0
2 469 0
362 58 0
3 452 1
452 195 1
452 469 0
452 491 0
4 415 1
4 469 1
4 596 0
415 469 1
596 304 1
596 469 0
6 320 0
320 408 0
7 389 0
389 23 0
389 469 1
8 55 0
8 469 0
55 574 0
9 41 0
9 469 1
41 369 0
41 469 1
41 532 0
12 127 0
12 469 1
12 491 0
127 261 0
13 409 0
13 469 0
409 130 0
409 479 0
409 38 0
14 0 1
15 313 1
313 164 0
313 469 0
18 114 1
18 221 0
114 380 0
114 69 0
19 333 1
333 598 0
20 35 0
20 222 1
35 40 0
35 355 1
35 469 0
23 7 0
25 405 1
405 159 0
26 33 0
33 550 0
33 352 0
28 91 0
91 549 0
29 85 0
29 469 0
85 590 0
31 232 1
232 465 0
232 151 0
32 291 0
291 139 0
550 26 0
40 469 0
355 20 0
355 109 0
36 107 0
107 157 1
107 231 0
37 344 0
37 469 1
37 77 0
37 296 0
344 540 1
38 489 0
38 130 0
489 153 0
489 469 0
489 190 1
489 342 0
489 53 1
369 253 0
369 469 0
369 573 0
532 9 1
532 469 0
43 337 0
43 469 1
337 370 0
337 558 0
44 175 0
175 194 0
45 398 0
398 469 0
398 584 0
46 96 1
96 284 0
96 469 0
47 311 0
47 469 0
311 191 0
311 469 0
48 335 0
48 469 0
335 60 0
49 111 0
111 148 1
50 223 0
50 469 0
223 358 0
223 469 0
52 61 0
61 356 0
53 410 0
53 245 1
53 153 0
410 241 1
410 469 0
410 479 0
54 529 0
529 581 0
574 8 0
574 469 0
56 86 0
86 227 0
58 2 1
59 186 0
186 84 0
60 48 0
356 52 0
356 469 1
65 138 1
65 103 0
138 390 1
138 455 0
138 469 1
66 469 0
66 594 1
66 215 0
594 499 1
67 502 0
502 103 1
69 421 1
421 143 1
421 420 0
421 469 0
421 73 0
70 246 0
246 260 0
246 306 0
246 485 0
73 404 0
404 400 0
404 585 0
74 329 0
74 469 0
329 578 1
329 305 0
76 214 0
214 503 0
77 507 1
507 319 0
507 469 1
507 37 0
79 454 0
454 272 0
80 123 0
123 199 0
84 59 0
590 29 0
590 469 0
227 56 1
227 395 0
227 469 0
87 469 0
88 442 0
442 234 1
442 469 0
549 28 0
549 469 0
549 576 0
92 353 0
92 469 0
353 419 0
353 463 0
94 131 0
94 454 0
131 210 0
95 469 1
284 46 0
284 469 0
98 505 0
505 469 1
505 579 1
99 29 1
99 469 0
100 226 1
226 504 0
101 289 0
101 469 0
289 469 0
102 588 0
588 240 1
103 67 0
103 469 0
103 138 0
103 245 0
104 469 0
104 585 0
104 404 0
585 342 0
585 469 1
105 469 0
105 526 0
526 487 0
106 302 0
302 438 0
157 36 0
109 161 1
109 469 0
109 35 1
161 117 0
148 49 0
112 429 0
429 167 0
429 469 0
113 229 0
113 469 0
229 196 1
380 18 0
115 469 1
115 478 0
478 350 0
478 469 0
116 510 0
116 195 1
510 463 0
117 109 0
118 469 0
119 354 0
119 469 0
119 446 0
354 315 0
120 202 0
120 469 1
202 451 0
121 248 0
248 352 0
122 413 0
413 539 0
199 80 0
125 211 0
211 239 0
211 469 0
126 144 0
126 469 0
144 169 0
261 12 0
128 317 0
128 469 0
317 339 0
317 147 0
129 146 0
129 270 0
146 305 0
146 469 0
130 13 1
130 266 0
130 469 0
266 424 0
266 469 0
210 94 0
132 118 0
132 462 0
132 469 1
132 471 0
462 216 0
462 469 0
462 556 1
471 469 1
134 158 1
134 469 1
134 561 0
158 520 1
561 271 0
561 469 0
137 517 0
137 282 0
137 195 0
517 301 0
517 524 0
390 65 0
455 469 0
139 32 0
143 69 0
143 114 0
169 126 0
169 469 0
145 172 0
172 592 0
305 129 0
305 74 0
147 375 1
147 469 0
375 361 0
150 428 1
428 286 0
151 407 1
151 465 0
407 377 0
153 38 0
154 484 0
154 503 0
484 270 0
484 469 0
156 1 0
520 134 0
159 25 1
159 469 0
160 163 1
160 239 0
163 173 1
163 469 1
173 160 0
164 15 0
164 469 0
164 574 1
165 392 0
165 399 0
165 469 0
392 469 0
392 485 0
392 246 0
399 379 0
167 112 0
168 469 0
170 233 0
233 545 1
171 469 0
171 537 0
537 533 0
592 145 0
592 181 0
194 44 0
178 469 0
179 37 0
179 217 0
179 336 0
179 469 0
217 43 0
217 275 1
217 469 0
336 589 0
181 469 0
181 477 0
181 145 0
477 363 0
182 469 1
182 562 0
562 479 1
524 314 0
184 575 1
184 37 0
575 296 0
575 469 1
185 470 0
470 290 0
470 469 0
187 498 0
498 376 0
189 443 1
189 469 0
443 398 0
443 444 0
443 469 0
190 436 0
190 153 0
436 496 0
191 47 0
192 573 0
573 243 0
573 251 0
193 469 0
195 3 0
195 469 0
195 301 1
195 510 0
196 113 1
197 515 0
515 480 0
198 469 0
200 383 0
200 469 0
200 479 0
383 343 0
479 182 0
479 469 0
479 130 0
451 120 0
205 318 0
205 469 0
205 478 0
318 508 0
206 382 1
206 469 1
382 469 0
382 561 0
207 469 0
208 558 1
558 514 1
558 370 1
209 280 0
280 491 0
280 406 0
239 125 0
239 426 0
239 163 0
213 556 0
556 469 1
556 569 0
503 76 1
503 469 0
503 484 1
215 473 1
215 499 1
473 393 0
473 469 0
216 132 0
216 435 0
275 439 0
220 469 0
222 396 1
222 469 0
396 534 0
396 20 1
358 50 0
224 254 1
224 431 0
254 385 1
225 469 0
504 100 0
395 423 0
395 469 0
395 552 0
230 327 0
327 521 0
231 264 0
231 36 0
231 524 0
264 426 0
264 239 0
465 31 1
545 170 0
234 88 0
234 4 0
236 469 0
236 599 0
599 279 0
238 527 0
527 384 0
240 102 0
241 53 0
242 469 0
243 192 0
245 447 1
447 530 0
260 70 0
260 551 0
247 268 0
268 469 0
268 509 0
352 121 0
352 469 0
352 595 0
352 26 0
249 445 0
249 286 0
445 434 0
445 469 0
250 265 0
265 435 0
251 369 0
252 469 0
253 251 1
385 224 0
255 365 1
365 427 1
256 406 0
406 512 0
406 209 0
258 395 0
259 99 0
259 469 0
262 469 1
263 273 1
263 556 0
273 285 0
273 366 0
426 231 0
435 250 0
435 132 0
424 282 0
509 247 0
269 591 0
591 536 0
270 154 0
270 309 0
270 146 1
271 274 0
271 469 0
271 556 0
274 561 0
272 79 0
272 94 0
285 263 0
285 469 0
439 217 0
439 469 1
439 553 0
278 306 0
306 450 0
279 236 1
491 209 0
491 469 0
491 261 0
282 266 0
282 301 0
283 597 0
597 453 0
597 469 0
597 498 0
286 150 0
286 434 0
286 436 0
286 331 0
287 469 0
290 185 1
294 476 0
476 309 1
476 270 0
296 184 0
296 469 1
296 597 0
299 326 1
326 554 0
301 137 0
301 469 0
438 106 0
304 4 0
304 234 1
450 278 0
450 246 0
309 294 0
310 349 0
349 341 0
314 183 0
314 517 0
314 231 1
315 119 0
316 571 1
571 482 0
339 128 0
508 205 0
319 77 0
408 6 0
321 464 0
464 461 0
464 579 0
322 469 0
322 492 0
492 469 0
492 572 0
324 469 0
325 416 1
416 456 0
416 469 0
554 299 0
521 230 0
578 74 0
330 417 0
417 425 1
331 367 0
331 469 0
367 528 1
598 19 0
598 469 1
598 505 0
589 179 0
370 43 0
341 310 0
342 104 0
342 469 0
342 153 1
343 200 0
540 37 0
346 422 0
422 386 0
422 469 0
348 469 1
350 115 1
350 469 0
419 92 0
419 469 1
360 469 0
360 560 0
560 132 1
560 469 0
560 551 0
361 147 0
361 317 0
363 181 0
363 469 0
427 255 0
427 579 0
366 570 0
366 285 1
570 446 0
570 469 0
570 119 0
528 331 0
528 286 0
368 387 0
387 466 0
387 469 0
372 178 0
372 469 1
373 516 0
516 481 0
374 252 0
374 469 0
376 187 0
376 469 0
376 597 0
377 151 0
378 469 0
379 2 0
379 165 0
379 469 1
381 595 0
595 394 0
384 238 0
386 346 0
386 469 0
466 368 0
485 469 1
393 215 1
394 381 0
394 469 0
394 352 0
423 258 0
552 469 0
534 222 0
397 236 0
397 469 0
584 45 0
584 469 0
400 73 0
400 469 1
400 421 0
512 256 0
539 122 0
539 376 1
539 469 1
456 325 0
456 469 1
456 557 0
425 330 1
418 469 1
420 431 0
420 469 0
431 567 1
431 385 0
430 469 1
567 420 0
434 249 0
496 190 0
496 286 0
437 474 0
474 440 0
553 469 0
553 556 1
440 437 0
441 559 0
559 469 0
559 544 0
444 189 1
446 366 0
530 245 0
530 103 0
530 53 0
449 469 0
453 92 0
453 283 0
453 469 0
458 222 0
458 469 0
460 469 0
461 321 0
463 116 0
463 469 0
463 419 0
467 469 0
472 469 0
472 552 0
475 513 0
513 541 0
480 197 0
480 469 0
481 373 0
482 316 0
487 105 0
490 501 1
490 456 0
501 557 0
501 576 0
572 322 0
493 469 0
499 66 0
557 490 1
579 98 0
579 469 0
579 596 0
579 365 0
579 321 0
511 469 0
541 475 0
514 208 0
522 469 0
525 469 0
581 54 0
533 171 0
536 269 1
538 363 0
538 469 0
542 469 0
543 469 0
544 441 0
551 360 1
551 70 0
569 213 0
569 263 0
569 462 0
564 469 0
587 469 1
