0 172 0
0 312 1
172 224 0
172 312 1
172 318 1
172 333 1
312 227 0
312 133 1
312 15 1
1 312 1
2 312 1
3 71 1
71 211 1
71 302 1
71 312 1
4 189 1
189 297 1
189 195 0
5 101 0
5 481 1
5 479 1
101 312 0
101 476 1
6 258 1
6 539 1
258 453 1
8 397 0
397 387 1
9 312 1
9 343 0
9 349 1
343 20 1
343 307 0
349 312 1
10 312 1
10 464 1
10 543 1
464 312 0
464 569 1
543 585 1
11 73 1
11 312 1
11 330 0
73 256 0
12 21 1
21 133 0
21 312 1
13 0 1
13 312 1
13 431 1
431 312 1
14 42 0
14 280 1
14 312 1
42 214 1
42 355 0
280 312 1
280 395 1
15 205 0
15 300 1
15 312 1
15 227 1
205 27 1
205 312 1
205 431 1
300 83 1
300 312 1
18 267 1
18 312 1
267 24 1
267 195 1
19 302 0
302 118 1
302 312 1
302 138 1
20 9 1
133 12 1
133 312 1
133 227 1
22 459 1
459 223 1
459 375 1
23 312 1
24 18 1
24 312 1
24 462 1
25 593 1
593 376 1
26 351 1
351 95 1
351 133 0
351 312 1
27 120 1
27 312 0
120 205 0
32 472 1
472 180 1
33 161 1
33 279 1
161 254 0
161 312 1
34 169 1
169 69 1
35 159 1
159 215 0
159 312 1
36 312 0
37 312 0
38 40 1
40 138 1
40 302 1
39 400 1
400 185 0
400 312 1
400 408 1
138 38 1
41 53 1
53 415 1
214 14 0
43 506 1
506 380 1
45 312 1
47 479 1
479 304 1
49 199 1
199 154 1
50 503 1
503 352 0
503 457 1
51 146 1
51 256 0
51 312 1
146 398 0
256 11 1
256 312 0
52 316 1
316 341 1
316 303 1
415 41 1
415 589 1
415 229 1
55 166 1
55 312 1
55 327 1
166 312 1
166 320 1
327 312 1
56 68 1
56 503 0
68 457 1
57 312 1
57 461 0
461 200 0
461 312 1
461 475 1
59 245 1
59 312 1
59 530 1
245 312 1
245 392 1
245 452 1
530 136 1
60 244 1
60 294 1
60 369 1
244 238 1
61 312 0
61 550 1
550 312 1
550 334 1
62 337 0
337 209 1
64 312 1
64 589 1
64 415 1
589 319 1
65 196 1
65 380 1
196 225 1
196 312 1
66 355 1
355 538 1
355 214 0
457 56 0
69 34 1
70 573 0
573 354 1
211 3 1
72 312 0
72 329 0
329 130 0
329 312 1
75 588 1
588 312 0
588 547 1
76 312 1
76 323 0
323 301 1
78 229 0
78 155 0
229 226 1
79 430 1
430 312 1
430 321 0
83 15 0
83 312 1
84 312 1
84 580 1
580 517 0
85 317 1
85 153 1
317 420 1
86 278 1
86 312 1
278 312 1
278 388 1
87 575 1
87 386 1
575 312 1
575 432 0
88 222 0
88 312 0
88 427 0
88 367 1
222 312 1
222 545 0
427 591 1
91 192 1
91 186 0
192 106 0
92 344 1
344 425 1
93 562 1
562 312 1
562 384 1
94 330 1
330 162 0
95 26 0
96 128 1
128 119 1
98 312 1
98 584 1
584 312 1
584 565 0
584 463 1
99 226 1
99 312 0
226 78 1
226 312 1
226 415 1
476 5 0
102 312 0
102 365 1
365 126 1
365 312 1
103 127 1
127 312 0
127 484 1
127 275 1
127 183 1
127 422 1
104 182 1
104 312 1
104 439 1
182 312 1
182 394 1
182 281 1
439 525 1
105 429 1
429 411 1
429 303 1
106 91 0
106 312 1
106 320 0
320 55 1
320 312 1
108 202 1
108 482 1
202 465 1
111 139 0
111 312 1
111 237 1
139 295 1
113 494 0
113 598 1
494 418 1
114 247 1
114 312 0
247 312 0
247 499 1
247 303 1
115 147 1
115 134 1
147 255 0
147 312 1
116 184 1
116 312 1
184 150 1
184 312 1
117 516 0
516 378 1
118 19 1
119 96 1
122 534 1
122 391 1
534 230 1
123 389 0
123 78 1
389 155 1
389 312 0
125 335 1
335 312 1
335 500 0
335 322 1
126 248 1
248 365 1
484 103 1
129 312 1
129 493 1
493 312 1
493 523 0
130 72 0
132 520 1
132 522 1
520 481 1
520 5 0
520 486 0
134 408 1
134 330 1
134 147 1
134 202 0
408 312 1
408 379 1
135 263 1
263 303 1
263 429 0
263 247 1
263 316 1
136 59 0
136 312 1
295 111 1
140 312 1
142 312 0
398 51 1
255 115 1
255 312 1
148 312 1
149 312 1
150 433 1
433 184 0
151 312 0
152 167 1
152 312 1
167 156 1
167 487 0
153 312 1
153 424 1
424 312 0
424 359 0
424 85 1
154 49 1
155 123 1
155 312 1
156 152 1
156 312 1
157 261 1
261 490 1
261 181 1
261 468 0
215 35 1
254 33 1
162 94 1
162 312 1
162 134 1
162 11 1
165 312 1
165 449 1
449 560 1
170 178 0
178 423 1
171 312 0
224 312 1
318 309 0
318 312 1
333 0 1
174 312 0
175 216 1
175 312 1
216 195 0
216 312 0
216 189 1
216 267 1
176 312 1
177 422 1
422 312 1
422 528 0
422 484 1
423 170 0
180 32 1
181 302 1
181 312 1
181 334 1
181 539 1
181 490 1
334 231 1
334 312 1
334 365 1
539 312 1
539 515 1
394 570 1
183 482 1
183 484 0
482 273 0
185 39 1
186 271 1
271 409 0
188 312 1
297 4 1
191 464 0
191 479 1
191 235 1
193 312 1
193 375 1
375 444 0
375 22 1
194 497 1
497 447 1
195 175 1
225 65 0
197 232 1
232 399 1
200 275 1
200 312 1
200 182 0
275 281 1
275 484 1
465 108 1
465 312 1
465 134 1
203 239 1
203 312 1
239 312 1
239 464 1
204 446 0
446 406 1
206 312 1
206 414 1
414 540 1
207 313 0
313 553 1
313 350 1
209 62 0
210 468 1
468 361 0
468 326 1
468 490 1
212 312 1
217 312 1
219 308 1
308 312 1
308 572 1
220 312 1
221 312 0
221 529 1
529 312 0
529 517 1
545 369 0
223 22 1
223 312 0
227 176 0
230 122 1
230 539 0
231 312 1
231 550 1
399 197 1
233 583 1
583 23 1
583 312 1
583 386 0
583 421 1
234 312 1
235 345 1
345 312 1
345 467 0
345 535 1
345 191 1
237 367 1
367 312 1
367 469 1
367 427 0
238 60 1
240 312 1
241 312 1
241 489 1
241 563 1
489 312 1
563 581 0
242 312 0
392 312 0
392 458 1
452 312 1
452 462 1
246 312 0
499 114 1
499 312 1
249 312 1
250 312 1
250 527 1
527 374 0
453 6 1
259 312 1
490 157 1
262 312 1
303 135 1
303 312 1
266 597 0
597 172 1
597 312 1
597 526 0
268 312 0
270 392 1
409 186 0
409 91 1
272 535 0
535 587 1
535 235 1
273 183 1
273 108 1
274 306 1
306 312 0
306 363 1
281 200 1
277 312 1
388 86 1
388 312 1
279 312 1
279 505 1
279 161 1
505 312 0
505 548 1
505 572 1
395 249 0
395 312 1
283 362 1
362 353 1
284 312 0
284 504 1
504 312 0
286 147 1
286 312 0
287 312 1
289 508 0
508 531 1
290 312 1
294 312 1
294 325 1
294 244 1
325 417 1
298 312 1
298 596 1
596 312 1
596 521 1
301 76 1
304 47 0
304 191 1
304 5 1
363 274 1
363 312 1
307 480 1
480 324 1
480 343 1
572 219 1
572 312 0
572 548 1
309 312 1
309 328 1
328 318 1
311 312 1
553 207 1
314 312 1
315 312 1
341 52 1
420 85 1
420 312 1
319 64 0
321 79 1
321 312 1
322 496 0
496 486 0
496 335 1
324 307 1
417 294 1
326 312 1
326 358 1
358 407 1
358 468 0
332 312 1
332 356 1
356 350 0
500 125 1
340 312 1
342 312 1
425 92 1
467 235 1
347 555 1
555 568 1
348 312 1
348 529 1
348 559 1
559 312 1
559 411 1
350 312 0
350 332 0
350 553 1
352 50 1
353 206 1
353 283 1
353 312 0
354 70 1
354 532 1
538 66 1
538 312 1
407 21 1
407 127 0
407 312 1
407 326 0
407 363 1
359 153 0
360 466 1
466 485 1
361 210 1
361 376 0
469 237 1
469 111 1
368 312 1
368 448 1
368 558 1
368 167 1
448 487 1
369 222 1
369 312 0
369 244 1
374 250 1
374 312 1
444 193 1
376 25 0
376 210 1
377 428 1
377 132 0
428 522 1
428 555 1
378 117 1
379 134 0
380 43 0
380 127 1
380 312 1
380 196 1
381 434 1
434 312 1
434 598 1
434 485 1
382 312 0
382 424 1
384 93 1
386 312 0
386 474 1
474 532 1
474 87 1
387 8 1
387 312 1
391 454 0
391 534 1
454 561 1
458 270 1
393 312 1
393 577 1
577 576 0
570 182 1
401 104 1
401 312 0
403 507 1
507 546 0
404 312 0
406 204 1
410 312 1
411 105 1
411 312 1
540 206 1
540 212 0
540 312 1
416 312 1
416 463 1
463 426 1
463 98 1
418 113 0
418 312 1
421 233 0
421 312 1
421 315 1
528 177 0
426 416 1
591 88 1
522 255 1
522 312 0
522 377 1
432 87 0
598 381 0
598 418 1
435 312 1
435 505 1
525 104 1
447 194 1
487 368 0
560 165 1
450 312 0
451 312 1
451 348 0
462 245 1
462 18 0
561 391 1
455 312 1
456 312 1
460 312 1
475 57 1
569 191 1
485 360 0
485 381 1
473 312 1
532 386 1
532 573 0
481 132 1
486 322 1
486 481 1
523 129 1
495 312 1
502 312 0
548 279 1
546 403 1
531 289 1
509 524 1
524 558 1
511 312 1
513 2 1
513 45 1
513 312 1
515 181 1
515 230 1
515 6 1
515 558 1
517 84 1
517 312 1
518 312 1
518 431 1
519 111 1
519 312 1
519 431 1
521 298 1
558 309 0
558 312 1
558 509 1
558 487 0
558 539 1
526 266 0
587 272 1
585 10 1
585 312 1
585 392 1
547 75 1
554 312 1
568 347 0
568 428 0
556 312 1
557 312 1
581 241 0
565 98 1
574 312 1
576 393 1
578 312 1
582 312 1
