0 153 0
0 313 0
0 920 0
153 941 0
313 79 1
920 153 0
1 153 1
4 153 0
5 153 1
7 153 0
8 655 0
8 499 1
8 310 0
655 153 1
655 855 1
11 153 0
12 153 1
13 480 1
480 521 0
14 153 1
15 153 1
17 153 1
17 335 0
335 153 1
19 153 1
19 500 1
19 390 0
19 166 1
19 900 1
500 109 1
500 153 1
20 153 0
20 478 1
478 153 1
478 506 1
21 931 1
931 163 1
23 145 1
23 153 0
145 153 1
145 453 1
145 505 1
145 749 1
145 969 1
24 153 1
26 153 0
27 153 1
27 662 0
662 765 1
662 582 0
662 492 1
28 153 1
29 153 1
30 121 0
121 153 0
121 160 0
31 153 1
33 97 1
33 153 0
97 967 1
34 153 1
35 153 1
36 153 0
37 153 0
37 602 1
602 153 1
602 260 0
602 937 0
38 153 1
38 355 0
355 153 1
355 366 1
39 153 0
39 223 1
223 153 0
223 435 1
40 153 0
41 153 0
41 922 0
922 966 1
42 478 0
43 398 0
398 153 1
398 758 0
44 153 0
44 430 0
44 553 1
430 153 1
553 660 1
45 153 0
48 153 0
48 258 0
258 141 0
258 153 1
258 337 0
50 153 0
51 120 0
51 75 1
120 153 0
120 489 0
120 860 1
120 887 1
53 402 0
402 153 1
402 592 0
402 815 0
54 153 1
54 785 1
785 153 0
55 61 1
55 153 1
61 153 0
56 153 0
56 255 0
255 153 1
255 228 0
255 715 0
255 906 0
255 253 0
57 153 1
57 655 1
58 249 1
249 153 0
249 509 1
249 764 1
59 153 0
59 239 1
59 806 0
239 153 0
239 171 0
806 153 1
62 153 0
63 563 0
63 99 1
563 90 1
563 153 1
64 153 1
66 153 0
67 153 1
68 153 0
69 153 0
69 179 0
179 929 1
70 126 0
126 848 0
71 153 1
71 459 1
459 153 0
459 842 0
72 153 1
72 672 1
72 974 0
72 271 0
72 902 1
672 153 1
672 874 0
73 964 1
73 303 1
964 234 0
964 75 1
964 996 0
74 153 0
75 153 0
75 579 0
579 153 0
579 518 1
579 964 1
579 51 0
76 153 0
76 367 0
367 153 1
367 217 0
77 153 1
77 274 1
77 612 0
274 153 0
274 174 0
612 698 1
78 153 0
79 0 1
80 153 1
80 279 0
279 102 1
279 153 0
81 897 0
897 856 1
897 494 0
897 153 0
82 153 1
82 554 0
554 153 1
84 153 0
85 153 0
85 574 0
85 960 0
574 546 1
960 153 1
86 689 1
689 153 1
689 400 0
689 690 1
87 153 1
88 857 0
88 445 1
857 153 1
857 990 1
89 723 1
723 153 1
723 358 0
723 423 0
90 63 0
91 153 1
92 117 0
92 153 1
117 224 0
93 153 0
95 383 1
95 394 0
383 297 0
96 153 0
96 329 0
329 245 1
967 33 1
967 126 1
99 876 0
876 980 0
100 153 1
100 853 0
100 872 1
853 153 0
872 153 0
872 623 0
101 153 0
101 646 1
646 153 1
646 740 0
646 840 1
102 153 0
102 850 1
102 940 0
850 279 1
940 153 0
103 149 0
103 153 0
149 153 0
149 279 0
105 153 0
105 687 0
105 864 0
687 153 0
687 722 0
864 153 0
106 153 1
107 153 0
107 492 0
107 611 0
107 660 1
492 153 1
492 448 1
492 880 0
611 153 0
660 44 1
660 153 0
108 295 1
295 153 0
295 514 0
295 878 1
109 19 0
110 153 1
112 153 1
114 153 1
114 181 0
114 294 0
181 153 0
181 699 0
294 153 1
294 600 1
294 963 1
294 42 1
115 153 1
116 153 1
224 92 1
224 153 1
118 152 0
118 153 1
118 430 1
152 153 1
152 974 1
152 897 1
152 375 0
119 221 0
221 801 1
489 51 1
489 153 0
489 674 1
860 153 0
887 153 1
160 30 0
160 153 0
160 891 1
160 991 1
122 153 0
122 233 0
233 153 0
233 774 1
124 153 0
124 363 1
124 367 0
124 412 0
363 153 0
412 153 1
412 975 0
412 477 1
848 70 1
848 967 0
127 153 0
128 153 1
132 153 1
133 153 0
134 153 1
134 262 1
262 132 0
262 153 1
262 705 1
136 380 1
380 867 1
380 689 1
380 668 1
137 153 0
138 153 0
139 696 0
696 228 0
140 153 1
141 48 1
141 153 1
141 644 0
142 153 0
143 153 0
143 749 1
749 153 0
453 23 0
505 153 1
505 291 0
969 153 0
146 153 0
146 447 0
447 153 0
147 153 1
147 439 1
147 764 1
439 153 1
439 771 1
764 153 0
764 795 0
764 58 0
150 153 0
941 152 0
941 610 1
154 298 0
154 391 0
298 527 0
155 153 0
155 294 1
157 505 1
891 153 1
891 729 0
161 153 0
162 153 0
162 905 1
905 484 1
163 21 1
164 153 0
164 464 0
164 786 1
464 38 0
464 153 0
786 153 0
165 153 1
166 153 0
166 616 0
166 500 0
616 153 1
616 833 1
167 153 1
168 567 1
168 423 1
567 153 0
567 586 1
567 795 0
170 153 1
171 59 0
174 153 1
174 557 0
557 153 0
557 274 1
557 979 0
175 153 1
175 389 0
389 613 0
176 153 1
177 153 0
178 153 0
178 824 1
824 153 0
824 727 1
929 69 0
929 153 0
929 413 0
699 823 0
183 577 1
577 153 0
577 200 0
184 153 0
184 843 1
843 153 0
843 603 0
185 153 1
185 591 1
591 153 1
591 564 0
591 674 0
186 958 1
958 153 1
958 197 1
958 838 1
958 880 1
958 896 0
958 525 1
188 153 0
188 578 1
578 153 1
190 153 1
192 515 1
515 153 1
515 390 0
193 153 1
197 153 0
197 392 0
197 598 0
197 741 0
392 153 1
392 445 0
598 31 0
598 153 0
598 290 1
741 153 0
198 153 0
198 861 0
861 153 0
861 357 1
199 153 1
200 183 0
200 910 1
201 153 1
201 703 1
703 153 1
703 588 1
202 153 1
203 153 0
204 153 0
207 153 0
208 141 1
208 153 0
209 580 0
580 153 0
580 812 0
580 871 1
580 955 0
210 153 1
210 741 1
210 991 1
991 153 1
991 251 1
991 121 0
213 153 1
213 354 0
354 153 0
214 153 1
214 797 0
214 906 0
797 965 0
216 153 0
216 617 0
216 652 0
617 153 0
617 303 0
652 153 1
652 301 0
217 124 0
217 153 1
218 604 0
604 153 0
604 682 0
219 153 0
219 505 1
219 609 0
609 900 0
220 153 1
220 164 1
801 119 1
435 39 0
226 153 1
228 139 1
228 153 1
228 461 1
230 153 1
230 525 0
525 540 1
232 153 1
232 289 0
289 153 0
289 463 0
289 593 0
289 858 1
774 122 1
234 73 0
236 153 0
236 414 0
414 153 1
237 153 1
238 56 1
238 153 0
238 341 0
238 832 1
238 461 0
341 153 1
341 852 1
832 153 0
832 878 1
240 153 1
241 783 1
783 639 1
242 153 1
243 153 0
243 984 1
984 153 1
984 779 0
984 974 1
984 445 0
244 153 0
244 867 1
867 136 1
867 153 1
245 96 0
245 153 1
247 150 0
247 153 0
509 58 0
509 74 1
509 153 1
250 259 1
259 974 0
251 153 0
251 210 0
253 437 1
437 597 0
254 153 0
715 56 1
715 153 1
906 153 1
906 425 0
256 693 0
693 153 1
693 858 1
257 417 0
417 153 0
417 266 1
337 153 0
337 600 1
974 153 1
974 250 1
974 779 0
974 349 1
974 874 0
260 153 1
261 153 1
705 134 0
705 153 0
263 153 1
264 153 1
265 917 1
917 153 1
917 202 0
917 520 1
266 153 0
266 257 0
268 153 1
268 188 0
269 153 0
270 153 0
271 62 1
271 153 0
271 348 1
271 878 1
271 874 1
348 153 1
878 153 0
878 894 0
273 416 1
416 304 0
278 979 1
979 153 0
979 644 1
979 141 0
280 153 1
283 153 1
283 937 0
937 153 0
937 731 1
937 786 0
937 358 0
286 846 1
846 336 1
287 153 1
288 153 0
463 153 0
593 232 0
858 153 1
858 256 0
290 153 0
290 414 1
291 116 1
291 152 0
291 153 0
291 157 1
292 153 1
293 153 0
293 849 1
849 153 0
600 153 0
600 315 0
963 155 1
514 108 1
514 153 1
514 249 1
514 879 1
297 95 0
297 971 0
297 731 1
527 154 0
301 153 0
302 153 1
303 216 1
303 234 1
304 153 1
304 273 1
305 153 1
306 153 1
306 377 0
306 499 1
377 413 1
377 997 0
499 153 0
499 393 1
499 855 1
307 153 0
309 802 1
802 153 0
802 934 0
802 781 0
310 153 0
310 596 0
310 855 0
596 153 0
596 568 1
311 153 1
311 333 1
311 471 1
311 85 1
333 582 1
333 662 0
471 153 0
312 153 0
314 595 1
595 152 1
595 153 1
595 431 0
315 794 1
794 600 0
316 68 1
316 153 1
316 924 1
924 153 0
318 153 0
319 153 0
320 153 0
321 153 1
323 153 0
324 153 0
325 153 1
326 153 0
326 324 1
330 153 0
330 977 1
977 153 1
977 320 0
977 764 1
977 567 0
331 485 1
485 953 1
485 147 1
332 534 0
534 916 0
582 153 0
582 311 1
582 714 1
334 153 0
336 286 0
338 153 0
340 153 1
340 242 0
852 153 0
852 238 1
852 353 0
343 153 0
344 153 1
344 668 0
344 380 1
668 153 1
668 550 1
347 153 1
349 153 0
349 585 0
585 839 0
585 974 0
585 413 1
350 153 0
353 153 1
353 445 1
353 865 1
445 153 1
445 683 0
445 779 1
445 857 1
865 153 1
865 217 0
865 679 0
366 153 0
366 776 0
356 153 0
356 394 1
356 978 0
394 504 0
978 153 0
357 198 0
358 153 0
358 573 1
358 602 0
573 153 1
573 640 0
360 153 1
360 436 1
436 153 0
436 819 1
361 153 1
361 519 0
519 153 0
365 153 0
365 262 1
365 474 1
365 784 1
474 153 1
784 863 1
776 355 1
370 919 1
919 153 1
919 531 1
919 857 0
371 153 0
373 153 0
374 153 0
375 153 1
375 450 1
450 512 1
376 153 1
376 798 1
376 484 1
798 903 0
413 306 0
413 179 1
413 349 1
378 153 1
379 153 0
381 153 1
381 980 1
980 99 0
980 153 0
980 63 1
382 153 1
384 153 1
384 260 0
384 396 0
396 153 0
385 153 1
387 153 0
613 175 0
390 192 1
390 500 1
391 153 0
391 983 1
391 878 1
391 298 0
983 787 0
393 153 1
393 768 1
768 153 1
768 499 0
504 153 1
504 356 0
504 95 0
395 153 1
758 43 1
400 86 1
400 380 1
401 153 0
592 153 1
815 53 0
815 153 0
403 153 1
405 153 1
406 153 1
409 153 1
410 153 1
411 153 0
975 772 1
415 153 0
419 153 0
420 153 1
423 89 1
423 586 1
425 486 0
425 214 0
486 153 1
486 906 0
426 153 1
427 153 1
428 153 0
429 153 1
429 573 1
431 314 1
432 153 0
432 487 0
487 153 1
487 841 1
433 153 0
434 153 1
434 638 1
434 687 1
638 153 1
819 360 0
597 253 1
597 255 0
771 147 1
771 153 0
771 559 0
771 485 1
441 153 0
442 153 1
442 174 1
443 153 0
444 153 0
683 153 1
683 392 0
446 153 1
446 946 1
946 153 0
946 461 1
946 228 0
946 238 0
448 153 0
449 153 1
449 645 1
449 841 1
645 153 1
841 153 1
841 997 1
841 575 0
512 375 0
451 840 1
840 153 0
840 717 1
840 710 1
452 153 1
454 153 1
455 153 1
455 720 0
720 153 0
456 153 0
457 153 1
842 71 1
461 446 0
462 153 0
462 529 0
529 153 0
465 153 0
467 153 0
468 153 0
468 558 1
558 35 0
558 153 0
558 508 1
558 494 0
469 153 1
470 153 0
472 153 1
472 988 0
988 153 1
988 877 0
475 153 0
477 712 1
477 772 0
712 793 1
506 42 0
506 294 0
521 13 1
481 153 1
481 693 1
484 153 1
484 162 1
484 798 1
953 153 0
953 331 0
953 554 1
674 153 1
674 185 0
880 153 1
880 575 0
880 662 1
494 128 0
494 153 0
494 695 1
494 974 0
695 503 0
496 153 0
501 153 1
503 153 1
503 494 0
503 872 0
503 558 1
503 897 0
507 11 1
507 153 1
507 184 0
507 939 1
507 993 0
939 153 1
939 910 1
993 153 0
508 468 1
510 153 0
511 153 0
516 153 0
518 75 0
518 153 0
518 666 1
666 153 0
520 265 0
540 230 1
540 958 0
526 153 0
530 153 1
531 370 0
532 153 0
532 167 1
916 153 1
916 332 1
535 153 1
536 153 1
537 153 1
539 153 0
543 153 0
545 153 0
546 85 1
546 153 1
546 311 1
547 153 1
547 559 0
559 153 1
559 251 1
549 153 0
550 153 0
550 344 1
550 952 0
952 153 0
551 153 1
552 153 0
561 153 0
561 396 0
562 153 1
564 153 1
566 153 1
566 410 0
586 168 1
568 153 0
568 310 1
571 153 0
640 358 1
575 492 1
575 962 1
576 153 1
812 209 1
871 153 1
955 153 0
581 153 1
714 153 1
583 39 1
583 153 0
584 153 0
584 447 0
839 153 1
839 349 1
587 651 0
651 153 1
651 826 0
588 153 0
588 201 1
589 153 0
589 678 1
678 153 0
678 654 1
594 710 0
710 153 0
710 687 1
710 770 0
710 451 0
599 153 1
601 153 0
603 184 1
682 218 0
605 153 0
606 153 1
606 406 1
607 153 1
900 219 0
900 500 0
610 153 1
610 448 0
610 627 0
627 753 1
698 77 0
698 153 0
698 529 0
614 153 0
615 153 1
615 301 0
615 319 1
615 802 1
833 166 0
619 153 1
620 153 1
620 902 0
620 964 1
902 153 1
902 996 0
902 874 0
621 153 0
621 255 0
622 153 1
622 184 0
623 100 0
624 153 1
624 974 0
625 153 0
626 153 1
753 153 1
753 610 1
753 941 0
628 153 0
628 561 0
629 153 0
629 207 0
629 395 0
630 153 0
633 153 1
633 318 0
635 153 1
639 153 1
639 241 0
639 741 1
641 153 1
641 310 1
644 278 0
740 101 0
740 153 1
740 254 0
740 620 1
740 879 1
647 153 1
648 153 0
826 153 1
826 587 1
653 153 1
654 153 1
654 589 0
855 8 0
855 140 1
855 153 0
657 115 0
657 153 1
765 27 0
663 153 1
664 153 0
664 335 1
664 721 1
721 745 0
665 153 0
665 355 0
671 153 0
874 72 1
874 153 1
673 153 0
675 153 0
677 153 1
679 353 1
680 153 0
685 153 1
685 882 0
882 153 1
686 153 0
686 161 1
722 434 1
690 153 1
692 153 0
692 356 1
692 767 0
767 153 1
767 873 1
694 153 0
697 153 0
823 153 1
823 181 0
700 153 1
701 153 1
702 153 1
704 153 1
707 153 1
708 153 1
708 324 1
770 153 1
770 594 1
770 648 1
770 912 1
711 153 1
793 477 1
713 153 1
717 153 0
717 451 0
717 875 1
718 153 0
718 557 0
745 153 1
745 664 0
724 816 0
816 153 0
816 792 1
725 153 1
727 178 0
729 153 0
729 959 1
959 153 1
959 943 1
730 153 0
730 817 0
817 153 1
731 153 0
731 602 1
731 383 1
735 61 1
735 153 1
736 153 1
737 153 1
737 321 0
739 153 0
746 153 0
746 249 1
747 879 0
879 153 1
879 896 1
879 108 0
879 101 1
752 153 0
754 153 1
754 756 1
756 777 0
777 754 1
759 153 1
759 908 0
908 153 1
908 781 0
760 153 1
760 589 1
761 45 1
761 153 1
762 153 1
762 475 1
795 153 1
795 977 0
873 153 1
873 692 1
912 153 0
912 908 0
772 412 0
779 243 0
780 153 0
781 153 1
781 912 1
781 309 0
863 365 1
787 153 1
787 391 0
789 153 1
790 153 1
792 92 1
792 153 0
792 355 0
792 724 0
965 153 1
965 214 0
903 376 0
799 153 1
800 153 0
934 153 1
934 309 1
804 153 0
805 153 0
805 293 1
808 153 1
810 153 0
811 153 1
818 153 0
820 153 1
825 153 1
827 153 0
828 153 1
830 153 0
834 153 0
835 153 0
836 153 1
836 901 1
901 153 0
901 249 1
837 153 1
838 153 0
838 186 1
997 153 1
997 808 0
997 962 1
997 306 1
844 153 0
845 153 1
854 153 1
856 81 1
856 153 1
856 971 0
990 88 0
866 115 0
866 153 1
868 153 1
870 153 0
875 944 1
944 153 0
944 971 1
944 717 1
877 74 0
877 153 0
877 879 0
877 952 0
894 271 0
894 391 0
896 153 1
896 747 0
881 153 1
881 932 1
932 153 0
883 153 0
884 153 0
898 153 0
899 153 0
996 620 1
910 153 1
910 507 1
910 771 0
910 577 1
911 5 1
911 153 0
913 153 0
921 153 0
921 269 1
966 41 0
966 153 1
923 153 0
926 153 0
926 334 0
927 153 1
928 153 0
938 153 0
938 545 1
942 85 1
942 153 1
943 153 0
943 729 1
971 153 0
971 415 0
971 430 1
971 875 0
971 383 0
971 81 1
945 153 0
947 153 1
950 153 0
954 153 1
956 153 1
957 153 1
957 323 0
957 707 0
962 841 1
973 153 0
973 879 1
976 153 0
976 166 0
976 238 1
982 153 1
986 153 0
986 232 1
989 153 1
992 153 1
994 153 0
998 153 0
998 213 0
