0 189 0
0 313 0
0 698 1
0 910 1
189 650 0
313 79 0
313 165 0
313 189 0
698 77 0
698 189 0
698 839 0
698 69 0
3 189 0
3 497 0
497 189 0
497 877 0
6 189 0
7 189 0
8 189 0
8 655 0
655 855 0
10 189 0
10 779 0
779 189 0
779 243 0
779 601 0
13 189 1
13 480 0
480 521 1
16 189 0
17 189 0
19 189 0
19 500 0
19 879 0
500 109 1
500 189 0
20 189 0
21 931 0
931 163 0
22 189 0
23 145 0
145 453 0
24 130 1
24 189 0
130 189 1
26 189 0
26 229 0
229 189 0
27 189 1
27 629 0
27 662 1
629 50 1
629 189 0
629 602 0
662 189 0
662 765 1
28 189 1
30 121 0
121 160 0
121 189 0
31 189 0
33 97 0
97 967 0
34 189 0
35 189 0
36 189 0
36 814 0
814 189 1
38 189 1
38 938 0
938 189 0
938 750 0
39 189 1
39 223 0
223 435 0
41 922 0
922 966 0
42 478 0
42 767 0
478 189 0
478 506 0
43 189 0
43 398 0
398 758 0
44 147 1
44 189 0
44 553 0
147 189 0
147 439 0
553 189 1
553 660 0
553 798 0
45 189 1
48 189 1
48 258 0
258 141 0
50 189 0
51 120 0
51 189 0
120 489 0
52 189 0
53 189 0
53 402 0
402 189 0
402 815 0
54 189 1
56 189 0
56 255 1
255 189 0
255 715 0
58 189 0
58 249 1
249 189 1
249 509 0
59 189 0
59 239 0
59 465 0
239 171 0
465 189 1
62 189 0
63 563 0
563 90 1
64 189 0
64 296 1
296 189 0
66 189 0
67 189 0
68 189 0
69 179 0
69 189 0
69 612 0
179 929 0
70 126 0
70 588 0
126 848 0
71 459 0
459 842 0
72 189 0
72 620 0
72 672 0
620 189 0
620 902 0
672 189 1
672 874 0
73 964 0
964 234 0
964 179 0
75 189 0
75 579 0
579 518 0
76 189 0
76 834 0
834 189 0
834 471 0
77 189 0
77 612 0
77 221 0
77 931 0
612 698 0
78 189 0
79 0 0
80 940 0
80 990 1
940 189 1
940 564 0
81 189 0
81 897 0
897 856 0
84 189 0
85 574 1
574 189 1
574 546 0
574 748 0
86 689 0
689 189 0
689 400 0
87 189 0
88 857 0
88 436 1
857 189 0
857 990 1
89 189 0
89 723 1
723 189 0
723 423 0
90 63 0
90 189 0
91 189 0
91 363 1
363 414 0
92 117 1
117 224 0
93 189 0
94 189 0
95 189 1
95 383 1
383 189 0
383 297 0
96 150 1
96 189 1
96 329 0
150 189 0
329 189 0
329 245 0
967 33 0
967 189 0
967 491 0
98 189 0
98 262 1
98 454 1
262 189 1
262 705 1
454 189 0
99 189 0
99 876 0
876 980 0
100 189 0
100 872 0
872 189 0
872 623 0
101 646 0
646 740 1
646 459 1
646 179 0
646 273 0
646 878 1
102 189 0
102 850 0
850 279 1
103 189 0
104 189 0
106 189 0
107 189 1
108 189 0
108 295 0
295 514 0
295 639 0
109 19 0
109 589 0
110 189 0
110 251 0
251 189 0
251 210 0
114 189 1
116 189 0
224 92 0
224 189 0
224 941 0
119 221 0
119 610 0
221 801 1
489 51 1
160 30 0
160 103 0
160 189 0
122 233 0
233 774 0
123 189 1
124 367 0
367 217 0
367 533 0
848 70 0
848 189 0
848 486 0
848 959 0
127 343 1
343 189 0
343 928 0
129 189 0
132 189 1
133 189 0
133 787 0
787 189 1
787 391 0
787 539 0
134 189 0
134 262 0
135 189 0
136 189 1
136 380 0
380 867 1
380 225 0
138 189 0
138 500 0
139 696 0
696 228 0
696 623 0
141 48 0
142 189 0
143 189 0
144 189 1
453 23 0
146 189 0
439 22 1
439 189 1
439 686 0
439 771 0
149 158 0
149 189 0
158 189 0
152 153 1
152 189 0
153 189 1
153 941 0
941 152 0
941 189 0
941 269 0
941 92 0
941 101 0
154 169 1
154 189 0
154 298 0
169 189 1
298 527 0
155 294 0
294 963 0
157 505 0
505 189 0
505 291 1
159 94 0
159 189 0
161 189 0
162 189 0
162 905 0
905 484 0
163 21 0
163 391 0
163 77 0
165 189 0
166 616 0
616 189 0
616 833 1
616 373 1
168 189 0
168 567 0
567 189 0
567 586 0
567 602 0
170 189 1
171 59 0
171 189 0
173 189 0
174 189 0
174 557 0
557 274 0
175 389 1
389 189 0
389 613 0
178 189 0
178 824 1
178 835 0
824 189 0
824 727 0
835 189 0
835 247 0
835 367 0
929 69 1
929 189 1
929 646 0
929 910 0
929 964 0
180 189 0
180 195 1
195 189 0
181 699 0
699 189 1
699 823 0
183 189 0
183 577 0
577 189 0
577 200 1
184 843 1
843 189 0
843 603 0
843 382 0
185 189 0
185 591 1
591 189 1
591 674 0
186 958 0
958 838 0
650 161 0
192 515 0
515 189 0
515 390 0
193 189 1
198 189 0
198 861 0
198 594 0
861 189 0
861 357 0
200 183 0
200 511 0
201 189 0
201 703 0
201 840 0
201 70 1
703 189 1
703 588 0
703 787 0
840 189 0
840 717 0
202 189 0
204 189 0
204 832 1
832 189 0
206 189 0
206 222 0
222 189 0
207 189 0
208 189 0
208 341 1
341 121 0
341 189 0
341 852 1
209 580 0
580 189 0
580 812 0
210 991 0
991 189 0
991 251 0
211 189 0
212 189 0
213 189 1
214 797 1
214 491 0
797 189 0
797 839 0
797 965 0
216 617 0
617 189 1
617 303 0
217 124 0
217 189 0
217 316 1
316 189 0
218 78 0
218 189 0
218 373 0
218 604 0
373 189 0
373 424 0
373 457 1
373 833 0
604 189 0
604 682 0
219 189 1
219 609 0
609 189 0
609 900 0
609 534 1
801 119 0
801 77 1
435 39 1
225 704 0
704 189 0
704 743 0
704 380 0
226 189 0
228 139 0
228 189 0
228 794 1
230 525 1
525 189 1
525 540 1
231 189 0
232 289 0
289 189 0
289 593 0
774 122 1
774 793 0
234 73 0
234 189 0
235 189 0
236 189 0
237 189 0
238 189 0
238 341 0
241 783 0
241 295 1
783 639 0
242 189 1
243 984 0
984 50 0
984 189 1
984 779 0
244 189 0
245 96 0
245 189 1
245 355 1
245 389 0
246 8 0
246 189 0
247 533 0
247 349 0
533 835 0
248 189 0
509 58 0
250 259 0
259 974 0
253 437 0
437 597 0
254 189 0
715 56 0
256 693 0
256 399 1
693 858 0
257 417 0
417 35 0
417 189 0
417 266 0
417 669 1
974 189 0
974 250 0
974 474 1
260 189 0
261 189 1
705 134 1
705 189 0
264 189 0
265 917 0
917 189 1
917 520 0
266 189 0
266 257 0
267 189 0
267 915 1
915 189 0
915 508 0
268 189 0
268 988 0
988 189 0
988 202 0
269 189 1
270 189 0
271 878 1
271 793 0
878 894 1
273 416 0
416 189 0
416 304 0
416 646 0
274 174 0
274 189 1
277 373 1
278 979 0
979 644 0
279 102 1
281 189 0
282 189 0
286 189 0
286 846 0
846 336 1
287 102 0
287 189 1
593 232 0
290 189 0
291 157 1
293 189 0
963 155 0
963 189 0
514 108 1
297 95 0
297 189 0
527 154 0
527 189 0
301 158 0
301 189 0
303 216 0
304 189 0
304 273 0
306 377 1
377 189 0
377 413 0
377 486 0
307 189 0
308 189 0
309 189 0
309 802 0
802 934 0
310 189 0
310 289 0
310 596 0
310 349 0
596 189 0
596 568 0
311 189 1
311 333 1
311 856 0
333 189 0
333 538 0
333 582 0
333 942 0
333 727 0
856 81 0
856 189 0
314 595 0
314 900 1
314 471 0
314 975 0
595 189 0
595 431 0
315 189 0
315 794 0
794 600 0
317 35 0
317 189 0
319 189 0
321 189 1
324 189 0
325 189 0
326 189 0
327 189 1
328 189 0
330 189 0
331 189 1
331 485 0
485 189 0
485 953 0
332 534 0
534 189 0
534 916 0
534 219 0
538 189 1
582 8 1
582 189 0
582 311 1
942 189 0
334 189 0
336 189 0
336 286 0
337 189 0
340 189 1
852 189 0
852 238 0
342 189 0
928 127 0
928 189 0
344 189 0
344 604 0
344 668 0
344 852 0
668 550 1
345 189 1
346 189 0
348 189 0
349 189 0
349 585 1
349 993 0
585 839 0
585 815 0
585 247 0
585 310 0
993 189 0
352 189 0
353 189 0
353 865 1
865 189 1
865 679 0
354 189 0
355 189 0
355 366 0
355 485 0
366 189 0
366 776 0
356 189 0
356 394 0
394 189 0
394 504 0
357 189 1
357 198 0
358 189 0
358 573 1
573 189 0
573 601 0
573 640 0
360 189 0
360 436 0
436 819 0
436 857 0
361 491 0
361 967 0
361 214 0
491 638 1
362 189 1
414 91 0
414 189 0
364 189 0
364 249 0
365 189 1
365 784 0
784 863 1
776 189 0
776 355 0
776 245 0
369 189 0
370 919 0
370 812 1
919 531 0
424 189 0
457 189 0
457 277 0
374 189 1
375 189 0
375 450 0
450 189 0
450 512 0
376 798 0
798 189 0
798 903 1
413 306 1
378 189 0
378 808 0
808 189 0
808 474 0
808 974 0
379 189 0
867 136 1
867 189 0
381 189 0
381 195 0
382 189 0
382 455 0
455 189 0
455 769 1
384 189 0
384 855 0
855 8 0
855 189 1
385 189 1
386 189 0
387 189 0
613 175 0
613 189 0
613 245 0
390 189 0
390 192 0
391 189 0
391 983 1
391 931 0
983 787 0
983 703 0
392 445 0
445 189 0
445 683 0
445 771 0
393 768 0
768 189 0
768 499 0
768 605 0
504 189 0
504 356 1
395 189 0
397 189 1
758 43 0
758 189 1
758 459 1
399 189 0
399 560 0
399 858 0
560 452 0
560 687 0
400 86 0
815 53 0
815 135 1
815 189 0
815 349 1
408 189 0
408 326 1
409 189 0
410 189 0
411 64 0
411 189 0
412 189 1
412 384 0
412 975 0
975 189 0
975 772 1
975 595 0
975 797 0
415 189 0
669 189 0
420 189 1
421 189 0
423 89 1
423 189 0
425 486 0
486 189 0
486 906 0
486 306 0
486 126 1
429 189 0
429 377 1
430 189 0
431 314 0
433 189 0
433 915 1
434 189 0
434 687 0
434 881 1
687 189 1
687 539 0
687 722 0
687 452 1
881 189 0
819 360 0
597 189 0
597 253 1
597 343 0
597 573 1
686 189 1
686 511 0
771 147 1
771 189 0
441 189 0
444 189 0
683 189 0
683 392 0
446 189 1
446 946 0
946 189 1
946 461 0
447 189 0
448 189 1
512 375 0
451 840 0
452 189 0
452 399 0
769 382 1
769 843 0
458 189 1
842 71 0
842 189 1
842 389 0
842 646 1
842 934 1
842 758 0
461 446 1
462 189 1
468 189 0
468 558 0
558 508 0
471 625 0
471 595 0
625 189 1
625 834 1
625 902 0
625 900 0
474 189 0
474 378 0
475 189 0
476 189 0
477 189 0
477 712 0
477 747 0
712 84 0
712 189 0
712 793 0
712 271 0
712 774 0
506 42 0
479 189 0
521 13 1
481 189 0
481 238 0
482 189 0
482 433 0
483 189 0
483 238 0
484 162 0
953 189 0
953 331 1
906 425 0
487 189 0
487 755 0
487 838 0
755 189 0
838 186 1
838 189 0
638 361 0
492 189 1
492 880 1
880 575 0
494 695 0
695 503 0
877 189 1
498 189 0
499 393 0
501 189 0
503 189 0
503 494 1
507 189 0
507 939 0
939 910 1
508 189 0
508 468 0
511 189 0
511 911 1
511 577 0
911 686 0
513 69 0
513 189 0
516 189 0
517 189 0
517 723 0
518 75 1
518 189 0
520 265 0
522 189 0
522 828 1
828 189 1
524 189 0
540 189 0
540 230 0
526 189 0
529 189 0
529 736 0
736 189 0
736 665 0
530 189 0
530 390 0
531 370 0
532 189 0
532 553 1
532 788 0
788 189 0
916 189 1
916 332 1
537 189 0
537 710 0
710 189 0
710 770 0
539 189 1
541 189 0
543 189 0
546 85 0
546 189 0
547 189 0
550 344 0
551 189 0
551 792 0
792 189 0
792 395 1
792 724 1
660 44 0
660 189 0
559 189 0
559 732 1
732 189 0
561 189 0
562 189 0
564 80 0
564 189 0
566 56 1
566 189 1
586 168 0
568 310 0
569 189 0
570 189 1
571 189 0
571 640 0
640 189 1
640 358 0
601 189 0
575 492 1
576 189 0
812 209 0
812 531 0
583 189 0
839 189 1
839 349 0
839 612 0
587 651 0
651 826 0
588 78 0
588 189 1
588 201 1
589 189 0
589 678 0
678 654 0
674 185 0
674 189 0
594 189 0
594 710 0
599 189 0
600 36 0
600 189 0
600 315 1
600 228 1
602 189 0
602 937 1
937 189 0
937 445 0
937 731 0
937 567 0
603 184 0
682 218 0
605 189 1
608 189 0
900 189 0
900 219 0
900 234 0
900 595 0
900 834 0
610 189 0
610 627 0
610 859 1
627 753 1
859 189 1
611 189 1
611 853 0
853 189 0
833 166 0
833 189 0
619 189 0
902 189 0
902 534 1
902 996 0
902 834 0
621 189 0
621 573 0
622 189 0
623 100 1
623 139 0
626 189 0
626 970 0
970 189 0
970 951 0
753 610 0
753 119 0
630 16 0
630 189 0
631 189 0
633 189 0
634 189 0
635 189 1
637 189 0
637 236 0
639 189 0
639 241 0
644 189 0
644 278 0
645 189 0
645 674 1
645 734 1
645 787 0
734 189 0
740 101 0
740 941 0
826 189 0
826 587 1
652 189 0
653 189 0
654 189 0
654 589 0
654 109 1
656 189 0
656 492 0
657 189 0
659 189 0
765 27 0
663 165 1
663 189 1
664 3 0
664 189 0
664 654 0
664 721 0
721 189 1
721 745 1
665 529 0
671 189 1
671 282 1
874 72 0
676 189 0
677 189 0
679 353 0
680 189 0
684 189 1
722 434 0
690 189 0
692 767 1
767 873 0
767 506 0
858 189 0
858 256 0
694 189 0
694 840 0
697 189 0
823 181 0
700 189 0
700 599 0
702 189 0
743 189 0
743 225 0
706 189 0
708 81 0
708 189 0
709 189 1
770 594 0
770 198 1
793 477 0
716 189 0
717 189 0
717 378 0
717 451 1
718 189 0
745 664 0
724 189 0
724 816 0
816 189 0
816 792 0
725 189 1
727 178 0
727 582 0
729 959 0
959 943 1
959 126 0
730 189 0
731 602 0
738 189 0
747 879 0
879 189 0
879 896 0
879 500 0
748 947 0
947 907 0
947 574 1
750 189 0
750 486 1
750 671 0
754 756 0
756 777 1
777 754 0
759 189 0
760 189 0
762 189 0
762 293 0
764 795 0
795 189 0
795 977 0
766 189 1
873 692 0
772 189 0
772 412 0
773 189 0
775 189 0
778 189 0
781 189 0
781 454 0
781 912 0
912 189 1
912 908 0
782 189 0
863 365 0
785 189 0
977 189 0
977 764 0
965 214 1
965 975 0
903 189 0
903 376 0
800 189 1
934 189 0
934 309 0
934 459 0
804 189 0
805 189 0
806 189 0
809 189 0
820 189 0
820 541 0
821 189 0
822 189 0
825 189 0
830 189 1
836 189 1
841 997 0
997 189 1
997 856 0
997 962 1
845 189 0
845 943 0
943 189 0
943 729 0
849 189 1
854 189 0
990 88 0
990 940 0
860 189 0
864 189 0
864 540 0
871 189 0
875 944 0
944 189 1
944 971 0
980 99 1
894 271 0
894 646 1
896 189 0
896 307 0
896 747 0
896 477 0
882 189 0
882 360 0
884 135 0
884 189 0
884 511 0
885 189 0
887 121 0
887 189 0
888 189 0
890 189 0
893 189 0
895 189 0
898 189 0
899 189 0
996 620 0
904 189 0
907 748 0
908 189 0
908 781 0
910 507 1
910 313 0
910 179 0
913 189 1
918 189 0
920 189 0
920 226 0
920 957 0
957 189 1
921 189 0
966 41 1
966 189 0
923 189 0
924 189 0
925 189 1
926 189 1
930 189 1
936 189 0
971 189 1
971 875 1
945 189 1
950 189 0
950 289 0
951 626 0
954 103 0
954 189 0
955 189 0
956 189 0
960 189 0
961 189 1
962 189 1
962 841 1
972 189 1
981 189 1
981 956 0
982 189 1
986 93 0
986 189 0
989 189 1
995 189 1
998 189 0
998 601 0
