0 215 1
0 769 1
215 16 0
769 21 1
769 759 1
1 640 0
1 769 0
640 769 0
640 827 1
3 458 0
3 769 0
458 724 0
4 105 1
4 769 0
105 65 0
105 769 1
105 915 1
5 769 0
6 200 1
6 769 0
200 561 1
200 47 1
7 162 1
162 514 0
8 385 0
385 762 0
10 740 1
10 543 1
740 637 0
11 769 0
12 769 1
13 225 0
225 598 1
14 769 1
15 713 0
15 769 0
713 259 1
713 769 1
16 0 1
16 769 0
17 558 1
17 769 0
558 541 1
19 134 1
19 591 1
19 701 0
19 769 1
134 769 0
134 949 0
591 769 1
701 769 0
20 277 0
20 769 0
277 365 1
277 769 1
21 507 0
21 773 0
507 769 1
23 333 1
23 769 1
333 392 1
333 769 1
24 769 0
24 823 1
823 305 1
823 769 1
823 92 1
25 769 0
25 851 1
851 862 0
27 232 1
27 407 0
27 451 0
27 769 0
27 833 1
27 980 0
232 769 1
407 31 1
407 494 1
407 547 0
407 769 1
451 769 1
451 941 0
451 783 0
833 14 0
833 769 1
980 670 1
980 769 0
28 769 0
29 715 1
29 769 1
29 917 1
715 631 1
715 637 1
917 470 1
917 769 0
31 769 1
33 769 1
35 769 1
36 517 1
36 846 1
517 769 0
517 782 0
37 742 1
742 889 0
38 194 1
194 787 0
39 970 0
970 944 1
43 717 0
43 769 1
43 276 0
717 180 0
717 769 1
717 566 1
44 476 1
44 769 1
44 926 0
476 753 0
476 769 0
926 226 1
926 769 1
46 769 1
47 509 0
47 561 0
509 632 1
509 769 1
48 374 0
48 769 0
48 980 1
374 769 0
49 434 1
49 658 1
49 769 0
49 791 0
49 750 0
434 769 1
658 283 0
50 769 1
52 755 1
755 693 1
54 769 1
55 462 0
462 491 1
56 769 0
57 569 1
57 769 0
569 910 1
569 307 1
58 548 1
58 759 1
548 375 1
548 522 1
548 769 0
62 90 1
62 769 0
90 723 0
63 300 1
63 268 0
63 467 0
300 797 0
300 631 1
64 769 0
65 769 1
66 769 0
66 805 0
805 531 1
805 353 0
67 193 0
67 769 1
193 533 0
193 708 0
193 769 1
68 271 1
271 394 0
271 769 0
69 3 0
69 405 1
69 769 0
405 769 0
405 897 1
71 987 1
71 959 1
987 727 0
72 769 0
74 325 1
74 769 0
325 769 1
77 769 1
78 604 0
604 872 1
79 769 1
80 769 1
80 937 1
937 471 0
937 769 1
82 140 1
82 769 1
140 446 0
88 769 1
89 769 1
723 62 0
723 769 0
91 769 0
92 149 0
149 612 1
93 769 1
94 730 1
94 769 1
730 361 1
730 433 1
730 769 1
96 586 0
96 756 0
586 544 0
586 769 1
97 916 0
97 902 0
916 171 1
916 769 0
98 361 1
98 769 1
361 769 0
99 750 0
99 769 0
750 769 1
750 974 1
750 658 0
101 990 0
990 523 0
990 769 1
102 769 1
104 769 0
104 866 0
866 260 1
866 769 1
915 4 0
915 769 0
106 719 0
106 769 0
719 360 0
719 769 1
719 734 1
107 218 0
218 868 0
108 356 0
108 769 0
356 487 1
356 769 1
109 685 1
109 769 0
685 481 1
685 769 1
110 124 1
124 293 1
124 769 0
124 771 1
124 511 1
124 446 1
111 769 0
112 769 1
113 500 1
113 769 0
500 756 0
115 380 1
380 691 0
380 769 0
118 475 1
118 700 0
118 769 0
475 769 1
700 511 1
700 769 0
120 256 0
256 185 0
256 769 1
121 356 1
121 769 0
122 496 0
122 769 0
496 899 1
123 769 1
293 110 1
293 769 0
771 455 1
771 769 1
125 769 0
126 769 1
127 959 0
959 769 0
959 784 0
131 327 0
131 769 0
327 326 0
132 769 1
133 769 0
949 19 0
137 769 0
137 818 0
818 635 1
138 966 0
966 985 0
966 494 1
139 518 0
139 769 1
518 185 1
518 769 0
518 931 0
446 82 0
446 769 1
446 293 1
446 179 1
141 559 1
559 233 0
559 92 1
144 820 1
820 706 1
146 353 0
146 769 1
353 616 1
147 769 1
147 864 1
864 552 0
864 769 0
148 294 1
294 643 1
612 92 0
612 823 1
612 559 0
150 769 1
151 529 1
151 753 0
529 192 1
529 303 1
529 355 0
529 769 1
529 693 0
152 176 0
152 769 0
176 769 0
155 168 1
155 455 1
155 769 1
168 769 0
455 371 0
455 769 1
157 401 0
401 981 0
159 769 1
161 331 1
161 769 1
161 279 1
331 211 1
331 769 0
514 7 0
514 769 0
165 284 0
165 769 0
165 607 1
284 725 0
284 769 1
167 769 1
169 769 0
171 97 1
171 214 0
171 769 0
214 769 0
172 513 1
513 879 1
173 769 1
175 317 0
175 769 1
317 14 1
317 769 0
177 488 1
177 769 0
488 769 1
488 919 0
178 754 1
178 769 0
754 454 0
754 769 0
179 769 1
179 993 1
993 486 0
993 769 0
993 446 0
180 43 1
181 363 0
181 769 1
363 264 1
363 769 0
182 769 0
183 769 0
184 769 0
185 120 0
185 769 0
186 769 1
187 237 0
237 362 1
191 423 1
191 769 0
423 415 1
423 769 0
423 997 0
192 769 0
192 842 0
192 884 0
842 769 1
842 811 1
533 675 0
533 769 0
708 67 0
787 38 0
787 769 1
787 834 1
195 343 1
195 966 0
343 494 0
343 769 1
343 677 0
196 769 1
197 769 1
198 410 0
198 769 0
198 850 1
198 148 0
410 213 0
410 307 0
410 754 0
410 769 1
410 569 0
410 543 1
850 945 0
561 6 0
203 769 0
204 409 1
409 703 0
409 769 1
409 644 1
409 389 1
205 264 0
205 666 1
205 769 1
205 848 1
205 412 0
264 684 1
264 769 1
264 295 0
666 769 0
666 817 0
848 769 1
207 623 0
623 359 1
623 711 0
623 769 1
623 964 0
209 769 0
210 963 0
963 572 0
211 161 0
211 877 0
212 769 1
213 410 0
213 769 0
216 241 1
216 769 1
241 357 1
241 463 1
241 769 1
217 246 0
217 410 1
217 769 0
246 769 1
868 107 1
868 769 0
219 666 1
219 769 1
222 396 0
222 480 1
222 707 1
222 769 0
396 769 1
480 301 1
480 769 1
707 422 1
707 566 0
707 769 0
223 607 0
223 769 1
223 892 0
607 620 1
892 507 0
892 769 1
598 13 1
598 757 0
598 769 0
226 44 1
228 749 0
228 769 0
749 973 1
229 769 1
229 979 0
979 906 0
230 25 1
230 273 1
230 769 1
273 377 0
273 769 1
273 436 1
233 141 1
233 664 0
233 756 0
233 769 1
233 890 0
664 439 0
664 769 0
664 719 0
756 113 1
756 769 1
756 586 1
890 769 0
234 769 1
236 769 1
362 187 1
238 769 0
240 769 0
357 216 1
463 147 1
463 769 0
243 452 1
452 763 0
245 56 0
245 769 1
247 769 1
247 988 1
988 929 0
249 769 0
251 625 1
251 769 0
625 306 1
252 769 0
253 769 1
258 592 1
258 769 1
592 769 0
592 902 1
592 796 1
259 15 1
259 769 1
260 104 1
260 423 1
260 769 0
263 769 1
684 363 0
684 769 1
266 769 0
266 815 1
266 693 1
815 309 1
815 769 1
267 769 1
268 297 0
268 769 0
297 449 0
297 769 1
297 63 1
269 510 1
269 759 0
510 887 0
270 769 0
270 795 0
795 303 1
795 673 1
795 769 0
394 68 1
272 644 1
272 769 0
644 676 1
644 580 1
644 204 0
644 731 1
377 534 0
377 769 1
274 384 1
274 769 0
384 557 1
384 769 1
384 495 1
276 810 0
276 180 1
810 289 1
810 769 1
365 20 0
365 769 0
278 769 1
279 685 0
279 769 0
279 331 1
281 769 1
282 769 1
283 49 0
283 769 0
725 165 1
286 125 0
286 769 0
287 82 1
287 769 1
288 769 0
289 276 0
289 769 1
290 447 0
290 769 1
290 211 1
447 877 1
291 649 0
291 769 1
649 769 0
643 148 1
643 198 1
295 565 0
295 769 1
295 363 0
565 955 1
449 268 1
299 566 1
299 717 0
566 495 0
566 769 0
797 63 0
301 636 0
301 769 0
636 769 0
303 769 0
303 830 1
830 492 1
305 24 1
305 769 1
306 251 1
306 769 0
307 213 0
307 769 1
308 760 1
308 769 1
760 769 1
309 266 1
309 769 0
310 769 0
310 931 1
931 769 1
312 417 1
312 762 1
417 822 1
313 769 1
314 769 1
316 526 1
316 769 1
526 769 1
318 769 0
319 580 1
319 769 1
580 400 1
580 769 1
320 382 1
382 94 1
382 766 0
382 769 1
321 769 1
321 776 0
776 769 1
776 984 1
322 769 1
323 650 0
650 521 0
650 769 1
650 828 1
324 529 1
324 769 0
324 787 1
326 131 1
332 769 0
392 859 1
335 769 1
337 769 1
338 769 0
339 769 0
342 769 1
494 195 0
494 769 1
345 412 1
345 205 0
412 599 0
346 769 0
347 769 0
348 769 1
348 796 0
796 769 0
796 992 1
796 468 1
349 463 0
349 769 1
350 773 1
773 619 1
352 924 0
924 769 1
924 969 0
616 146 1
616 479 0
616 769 1
616 805 1
355 151 0
487 108 1
487 769 0
358 769 0
359 207 1
360 998 0
998 719 1
364 544 1
364 769 0
544 96 0
544 769 1
366 769 1
367 769 0
368 769 0
369 467 0
369 769 0
467 594 1
467 769 0
371 769 1
371 989 0
989 192 1
989 455 1
989 769 0
372 469 1
372 769 1
469 769 1
373 228 0
373 769 0
373 997 1
997 603 0
997 769 0
375 517 0
375 606 0
375 609 0
375 769 1
606 499 1
609 769 0
376 517 1
376 769 0
534 273 1
534 769 0
534 666 1
379 769 1
691 115 0
766 320 1
766 769 1
383 155 0
383 769 0
557 274 1
557 769 0
762 8 0
762 417 0
386 610 0
386 769 1
610 723 0
610 769 0
610 791 1
387 106 1
387 769 0
389 451 1
389 769 0
389 204 1
390 769 0
391 769 1
859 333 0
859 769 0
397 940 1
940 667 0
940 769 0
398 769 0
399 654 1
399 769 1
654 769 0
400 319 0
400 644 1
981 157 1
981 769 0
402 605 1
402 769 0
605 467 1
605 769 1
605 653 1
403 769 0
404 769 1
897 69 1
897 670 1
406 769 1
547 27 1
703 204 1
703 590 0
411 652 0
411 769 0
652 533 0
652 769 0
599 161 1
599 325 0
599 345 1
599 769 0
414 769 1
415 191 0
416 769 1
822 312 0
418 769 0
419 736 0
736 459 0
736 769 0
420 628 1
628 490 0
628 782 0
422 769 1
424 769 0
430 769 1
432 759 1
432 769 1
759 681 0
759 507 0
759 522 1
759 510 0
433 94 0
436 769 1
436 858 1
436 377 0
858 555 1
858 769 1
438 677 0
438 769 1
677 461 1
439 734 0
734 664 1
734 769 1
440 769 1
440 952 1
952 905 1
441 568 1
568 543 1
568 769 0
442 65 1
442 769 1
443 769 0
444 849 1
444 509 0
444 988 1
849 769 1
849 843 0
445 769 0
877 290 0
877 430 0
877 769 0
941 389 1
763 243 0
453 685 1
453 769 1
454 178 0
724 3 0
724 769 1
459 419 0
459 769 1
461 438 1
461 769 0
461 343 1
491 55 0
491 769 0
491 635 0
464 476 1
464 769 1
464 151 1
465 769 1
466 769 0
594 605 1
594 669 1
594 769 1
594 63 1
468 592 1
468 769 0
470 769 0
471 80 0
472 769 1
473 769 1
474 67 0
474 769 0
753 464 0
753 769 0
477 769 0
478 770 0
478 798 0
770 653 1
770 605 0
479 769 1
481 279 1
482 769 0
483 769 1
484 769 0
485 769 1
486 179 0
919 177 1
919 769 0
489 769 1
490 420 0
492 303 0
493 769 0
495 299 1
495 274 0
899 122 0
899 769 0
499 375 1
501 769 1
502 769 1
503 769 0
504 532 1
504 769 1
532 961 1
506 769 1
632 47 1
632 444 0
887 269 0
511 49 1
511 118 0
511 769 1
511 293 0
512 519 0
519 852 0
879 172 0
879 416 1
879 769 0
516 769 1
782 36 1
782 490 1
852 512 1
852 769 1
521 323 1
521 769 0
522 58 0
523 101 0
523 769 1
525 769 0
527 769 1
528 769 0
531 66 0
961 504 1
961 769 1
675 652 0
675 769 1
535 769 1
536 798 0
536 478 0
798 583 0
798 769 0
539 754 1
539 769 0
541 17 0
543 441 1
543 769 0
543 740 0
543 307 1
546 769 0
549 769 1
550 769 0
550 933 1
933 638 1
933 769 0
552 147 0
553 461 1
553 769 1
555 436 0
555 769 0
556 769 1
560 769 0
562 342 1
562 769 1
955 295 1
910 57 1
571 56 0
571 769 0
572 210 1
573 769 0
574 769 1
575 769 0
583 536 1
583 769 0
584 769 1
587 293 0
587 769 0
588 665 0
588 769 0
665 769 1
590 743 0
743 757 0
902 468 0
902 171 1
669 769 1
597 769 0
757 590 0
757 769 1
757 703 0
600 769 0
600 922 1
922 633 1
922 769 1
922 846 0
602 54 0
602 769 0
603 978 1
978 503 1
978 769 0
978 997 1
872 78 1
620 223 1
620 165 0
791 386 1
791 658 0
611 832 1
832 647 1
613 769 0
617 769 0
618 769 1
619 350 0
619 769 0
619 21 1
622 769 1
711 769 1
624 445 0
624 769 0
629 769 1
630 588 0
630 769 1
631 29 0
631 797 0
633 600 0
635 137 1
635 462 0
637 10 1
637 29 0
638 550 1
638 707 0
638 769 0
638 834 0
834 521 1
834 769 0
827 1 1
827 769 1
827 731 0
642 769 0
676 272 1
646 105 0
646 769 1
647 611 0
828 31 1
828 769 1
653 478 0
653 769 1
655 769 0
656 769 0
656 901 1
901 769 0
657 769 1
660 769 0
660 948 1
948 769 0
662 769 1
663 72 1
663 769 0
817 205 1
817 534 0
667 397 0
668 769 0
670 716 0
670 69 0
716 769 1
716 980 1
673 270 1
674 769 0
674 788 0
788 769 1
788 885 1
678 769 0
680 769 1
680 981 1
681 432 1
681 769 1
683 332 1
683 769 1
686 769 0
688 769 1
688 862 1
862 25 1
862 769 0
689 769 0
690 769 1
690 944 0
944 39 1
944 769 1
692 528 0
692 769 1
693 52 0
693 137 0
693 769 0
693 309 1
693 355 1
694 769 0
695 729 1
695 769 1
729 769 1
697 769 0
702 769 0
704 65 1
704 769 1
705 126 1
705 769 0
705 786 1
786 769 0
786 964 0
706 144 1
709 769 1
710 769 0
721 769 0
726 769 1
727 71 1
727 769 1
728 769 0
731 738 0
738 769 1
738 846 0
738 827 0
738 644 1
733 769 1
735 769 1
737 769 1
846 574 1
846 731 0
846 769 1
846 517 0
739 769 0
889 37 0
744 769 0
747 769 1
748 769 1
973 228 1
973 769 1
974 99 0
974 769 1
751 790 0
790 774 0
764 769 1
767 769 1
768 769 0
774 751 0
775 622 1
775 769 0
984 321 1
777 14 1
777 769 1
780 769 1
781 792 0
792 857 0
783 814 1
783 941 0
814 769 1
814 873 0
784 17 0
784 127 0
784 223 0
784 575 1
784 769 1
784 71 0
964 705 1
964 359 0
885 674 1
885 769 0
857 769 1
857 781 0
793 769 0
794 769 1
992 348 1
799 769 1
799 811 1
811 192 1
811 769 1
800 769 0
801 769 0
802 769 0
806 748 0
806 769 1
807 769 0
873 783 1
816 507 0
816 769 0
816 884 1
884 384 0
884 769 1
884 875 0
884 842 1
826 769 1
829 769 1
829 923 1
923 769 0
923 854 1
831 769 0
836 769 1
837 14 1
837 769 1
839 769 0
840 769 0
843 444 1
845 769 1
945 198 0
853 126 0
853 769 0
854 769 1
854 829 0
854 974 0
855 769 1
855 787 0
856 769 1
865 769 0
867 769 0
869 769 1
875 816 0
876 769 1
882 769 0
888 769 0
891 769 0
893 769 0
894 769 1
895 122 1
895 376 1
895 769 0
900 769 0
903 769 0
904 769 0
905 440 0
905 769 0
905 939 1
939 769 1
906 229 1
906 769 1
914 544 1
914 769 0
920 769 0
969 352 1
969 769 0
925 769 1
927 769 1
928 769 0
929 247 0
929 769 0
929 793 0
929 444 1
934 769 1
936 769 0
938 769 0
942 769 1
942 798 0
943 769 1
946 769 0
953 769 0
958 461 0
958 769 0
958 786 0
960 769 1
985 138 0
967 769 0
968 769 1
971 553 0
971 769 1
972 769 1
976 636 0
976 769 0
986 769 0
986 917 0
999 769 1
