0 476 0
476 765 0
1 476 0
2 476 0
3 476 0
4 476 1
5 178 0
5 476 0
178 476 0
178 726 1
7 476 0
8 476 0
9 476 0
10 222 0
10 476 0
10 14 0
10 543 0
10 93 0
222 476 0
222 762 1
12 478 1
478 291 0
478 476 1
14 16 0
14 476 0
14 762 0
14 534 1
16 350 0
350 14 0
350 476 1
17 476 1
19 198 0
19 476 0
198 384 0
198 476 0
198 796 1
20 476 0
21 476 0
22 732 0
732 476 0
732 604 1
732 798 0
732 184 0
732 460 0
23 354 0
23 476 0
23 117 1
354 476 1
354 687 0
24 476 0
25 476 0
26 476 0
27 476 0
28 476 0
29 476 0
30 476 0
31 476 1
32 451 0
32 476 0
32 646 0
451 574 0
34 476 0
35 347 0
35 796 0
35 415 0
35 198 0
347 476 1
796 475 0
36 476 0
37 476 1
38 172 0
38 476 0
172 598 0
39 476 0
40 279 0
40 476 0
40 765 0
40 191 0
40 547 0
279 318 0
279 476 0
41 476 0
42 476 0
42 543 0
543 476 0
543 581 0
543 762 0
43 476 1
45 476 0
46 476 0
47 476 0
50 476 0
51 476 0
52 476 0
53 476 0
54 476 0
56 476 1
56 483 0
56 130 0
483 460 0
58 93 0
58 476 0
93 476 0
93 579 0
93 762 0
59 476 0
60 476 0
61 476 0
62 476 0
63 476 0
64 476 0
65 476 0
66 551 1
66 614 0
551 268 0
551 373 0
69 476 0
70 476 0
71 727 1
727 476 0
72 476 0
72 481 0
481 190 0
73 476 1
74 476 0
74 522 0
74 184 0
522 476 0
522 707 0
75 476 1
76 476 0
77 476 0
79 476 1
80 476 1
82 476 0
83 476 0
83 646 0
83 726 0
646 293 0
646 476 0
646 451 0
84 476 0
84 508 0
508 476 0
508 799 0
86 637 0
637 262 0
637 476 1
637 399 0
87 476 0
88 476 0
89 415 1
89 476 0
415 272 0
415 476 0
415 19 0
415 796 0
415 666 0
90 476 0
91 227 0
91 614 1
91 375 0
227 195 0
227 476 0
227 331 0
92 280 1
92 476 0
92 12 0
92 89 0
280 476 1
280 636 0
579 58 0
579 476 0
94 193 0
94 476 0
193 789 0
193 653 0
96 141 0
96 476 0
141 162 0
141 218 1
97 476 0
98 476 0
99 476 0
100 476 0
102 476 0
103 476 0
104 476 1
105 476 1
107 476 0
107 573 0
107 559 0
573 524 1
109 476 0
110 476 0
111 476 0
112 476 0
114 476 0
115 476 0
116 375 1
116 476 0
375 445 0
375 476 0
375 195 0
117 359 0
117 476 0
359 476 0
359 680 1
359 354 0
118 476 0
118 777 0
118 499 0
118 145 0
777 251 0
120 469 0
120 476 0
469 242 0
469 476 0
121 476 0
122 167 1
167 345 0
123 476 0
124 476 0
125 476 1
127 476 0
127 542 0
542 395 1
542 476 0
128 476 0
129 476 0
130 476 0
130 584 0
130 580 0
130 483 0
584 476 0
584 721 0
131 476 0
132 476 0
133 476 0
135 476 0
136 183 0
136 476 0
136 398 0
183 288 0
183 476 0
183 738 0
137 476 0
138 476 0
139 476 0
162 96 1
162 476 0
144 476 1
145 296 0
145 476 0
296 184 0
296 476 1
296 559 0
296 118 0
146 476 0
147 476 1
148 476 0
148 720 1
720 399 0
720 476 0
720 707 0
149 476 0
150 476 0
152 476 1
153 450 0
153 476 0
450 476 0
450 761 1
154 476 0
155 476 0
156 476 1
157 476 0
157 593 0
593 476 0
593 501 0
593 311 1
158 476 1
159 476 0
160 476 0
161 476 0
163 476 0
164 476 1
165 373 0
165 625 0
165 580 1
373 520 0
625 476 0
625 787 0
166 476 0
345 122 1
345 476 0
168 476 0
170 269 1
170 476 0
269 209 0
269 476 0
171 476 0
598 38 1
598 476 0
598 574 0
173 476 0
174 476 0
175 476 0
176 476 0
176 775 0
775 495 0
177 526 0
526 476 1
726 5 0
726 649 0
726 293 0
726 782 0
179 661 0
661 476 0
180 476 0
182 476 0
288 136 0
288 285 0
184 145 0
184 476 0
184 580 0
184 522 0
184 22 0
185 476 0
186 476 1
187 476 0
188 476 0
189 476 0
190 72 0
190 476 0
191 476 0
191 641 0
191 666 0
191 318 1
641 439 0
192 476 0
789 94 0
789 233 0
194 476 0
195 91 0
197 476 0
384 19 0
384 415 0
199 476 0
200 476 1
201 476 0
203 560 0
560 456 0
560 669 0
204 476 1
205 476 0
206 476 1
207 476 0
207 567 0
567 250 1
567 476 0
208 289 0
289 476 1
209 170 1
209 476 0
210 476 0
211 476 0
212 476 0
213 139 1
214 476 0
216 476 0
217 476 0
218 341 0
341 385 0
341 706 0
220 476 0
762 10 0
762 476 0
223 476 0
224 476 1
225 476 0
226 476 0
228 476 1
229 476 1
230 476 0
231 476 0
231 713 0
231 117 0
713 476 0
713 718 0
232 476 0
233 476 1
234 476 0
237 476 0
239 476 0
239 673 0
673 476 1
673 734 0
673 604 0
242 120 0
242 476 0
243 476 0
245 476 1
248 476 1
250 207 0
251 118 0
251 476 1
252 476 1
253 476 0
254 476 0
255 476 0
256 476 0
256 795 0
795 669 1
257 476 1
258 476 0
259 476 0
260 325 1
260 476 0
260 663 0
325 398 0
325 476 0
261 476 0
262 86 0
262 542 0
262 499 1
266 476 1
267 476 1
268 66 0
268 476 0
270 476 0
271 476 0
272 89 0
272 559 1
272 92 1
274 476 0
275 476 0
276 476 0
277 290 0
277 476 0
290 410 0
290 476 1
318 40 0
318 476 0
636 92 1
636 476 1
281 476 0
285 476 0
286 476 0
287 476 0
410 277 0
410 476 0
291 12 0
291 476 1
291 92 0
292 476 1
292 728 1
728 418 0
293 83 0
293 476 0
294 476 0
295 476 0
297 476 1
298 476 1
300 476 0
302 476 0
303 476 1
306 476 0
308 476 0
309 476 1
311 476 0
311 507 1
311 157 0
507 476 1
507 589 1
314 476 1
315 476 0
317 565 0
565 476 0
565 580 0
320 476 0
321 476 0
322 476 1
323 576 0
576 476 0
398 260 0
398 476 1
398 288 0
327 476 0
328 476 1
329 476 0
331 476 0
331 668 0
668 476 0
668 705 0
335 476 0
336 476 0
337 476 1
338 476 0
339 476 0
340 476 0
385 218 0
385 765 0
385 141 0
342 476 0
344 476 0
346 476 0
348 476 0
349 476 1
351 476 1
352 476 0
353 476 0
687 23 1
687 476 0
687 359 0
687 645 0
356 476 1
357 476 0
680 117 0
680 476 0
680 23 0
680 231 0
360 649 0
360 726 0
649 476 0
649 663 1
361 476 0
363 476 1
364 476 0
365 476 0
365 774 1
774 585 0
366 476 0
366 756 1
756 476 0
756 553 0
367 476 0
368 476 1
369 476 1
370 476 0
370 725 0
725 572 0
372 476 0
520 165 0
520 476 0
520 551 0
445 116 0
445 476 1
376 476 0
377 476 0
378 476 0
379 408 0
408 476 0
380 476 0
381 476 0
383 476 0
386 476 0
386 798 1
798 427 0
798 476 0
798 22 0
387 476 0
388 476 0
389 476 1
391 476 0
392 476 1
393 476 0
395 127 0
395 476 0
395 262 0
395 614 0
399 148 0
399 476 0
399 86 0
400 476 0
401 476 0
402 476 0
403 476 0
404 476 0
405 476 0
406 476 0
407 476 0
412 476 0
413 476 0
414 476 0
416 476 0
417 476 1
418 292 0
418 476 1
421 476 0
422 476 0
423 782 0
423 756 0
782 424 0
782 476 0
424 423 0
424 476 0
424 726 0
425 476 1
426 476 0
427 386 1
427 476 1
429 476 0
433 474 0
433 476 1
433 653 0
474 476 1
474 619 0
435 136 0
436 476 0
437 476 1
438 476 0
439 191 0
440 476 0
441 476 0
441 547 0
441 191 0
441 415 0
547 476 0
547 666 0
547 318 0
442 476 1
443 476 1
447 557 0
557 476 0
557 534 0
557 614 0
557 14 0
449 476 0
761 153 0
761 476 1
574 32 0
574 476 0
574 172 0
452 476 0
453 476 0
454 476 1
455 476 0
456 203 0
456 476 0
457 476 0
458 476 0
460 56 1
460 476 1
460 22 1
461 476 1
462 476 0
463 476 0
464 476 0
465 476 0
466 476 0
467 476 1
468 476 1
470 476 0
472 476 0
619 433 0
619 476 0
475 35 0
475 476 0
765 97 0
765 218 0
765 318 0
477 476 0
479 476 0
480 476 0
484 476 0
485 476 1
485 488 0
488 476 0
488 706 0
488 341 0
487 476 0
706 476 0
706 485 1
489 476 0
490 476 0
491 476 0
492 476 0
493 476 1
495 176 0
495 476 0
497 476 1
499 779 0
779 476 1
779 758 0
779 118 0
779 262 1
501 157 0
501 476 0
502 476 0
505 476 1
589 311 0
589 476 0
799 84 0
799 476 0
799 738 0
509 476 0
510 476 0
512 476 0
513 476 1
514 476 0
515 476 0
516 476 0
517 476 0
519 476 0
707 74 1
707 148 0
523 476 1
524 107 1
524 476 0
525 476 0
527 476 0
529 476 0
530 476 0
531 476 0
532 476 0
534 447 0
534 476 0
536 476 0
538 476 0
540 476 0
541 476 0
581 42 0
581 476 1
544 476 0
545 476 1
666 441 0
666 476 0
549 276 1
550 476 0
553 366 0
553 476 1
553 423 1
554 476 0
558 476 0
559 476 0
559 701 1
559 89 0
559 524 0
559 145 1
701 695 0
561 476 0
562 476 0
563 476 0
564 476 1
580 476 0
580 740 1
569 476 0
572 370 1
572 476 0
575 476 0
577 476 0
577 763 0
763 476 0
763 794 0
740 476 0
740 565 1
740 130 0
740 184 0
740 165 0
582 567 0
583 476 0
721 130 1
721 476 0
585 365 0
585 476 0
586 361 0
587 476 0
588 476 0
591 476 0
594 476 0
595 476 0
596 476 0
597 476 0
597 653 0
653 476 0
653 621 1
653 474 0
653 789 0
599 476 0
601 476 0
602 476 0
604 22 1
604 476 0
604 734 0
605 476 0
607 476 1
608 476 0
609 476 0
610 476 0
611 476 0
612 476 0
613 476 0
614 476 0
614 778 0
614 534 1
614 195 0
614 542 0
614 268 1
778 476 0
778 730 0
615 476 0
617 476 0
618 476 1
620 476 0
621 476 0
621 597 1
623 476 0
624 476 0
787 476 0
787 635 1
626 476 0
627 476 0
628 476 0
631 476 0
632 476 0
635 625 0
638 476 1
639 476 0
640 476 0
643 476 0
644 476 1
645 738 0
645 354 0
738 476 0
738 689 1
647 476 0
663 360 0
663 476 1
663 325 0
650 476 1
651 476 1
652 476 1
654 476 0
657 476 0
658 476 0
659 476 0
662 476 1
664 476 0
667 476 0
705 331 0
705 476 0
705 227 0
669 256 0
669 203 0
670 476 0
672 476 0
734 239 0
734 476 0
674 476 0
675 476 0
676 476 0
677 476 1
678 476 0
681 476 0
683 476 0
684 476 0
686 476 0
688 476 0
689 476 0
689 645 1
689 799 0
689 183 0
691 476 0
692 476 0
693 476 0
695 559 1
699 476 1
700 476 0
702 476 0
703 476 0
708 476 0
709 476 0
710 476 0
711 476 1
712 476 0
718 231 0
715 476 0
717 476 1
719 476 0
722 476 0
723 476 0
729 476 1
730 614 0
735 476 1
736 476 1
737 476 0
739 476 0
742 476 0
743 476 1
744 476 0
745 476 0
746 476 1
747 476 0
748 476 0
749 476 0
750 476 0
752 476 0
754 476 0
755 476 0
757 476 0
758 476 0
758 499 0
759 476 0
760 476 0
794 476 0
794 577 0
766 476 0
767 476 0
769 476 1
770 476 0
772 476 1
773 476 0
776 476 0
781 476 0
784 476 0
785 476 0
788 476 0
791 476 0
793 476 0
797 476 1
