1 172 1
172 598 1
2 172 1
3 172 1
4 172 0
5 172 1
5 178 1
178 172 1
178 726 1
178 366 1
6 172 1
8 172 1
9 172 1
10 172 1
11 172 1
12 172 1
12 478 1
478 172 1
478 291 1
478 12 1
14 16 1
14 172 1
16 350 1
16 366 1
16 559 0
350 14 1
350 172 0
17 172 1
18 172 1
19 172 1
21 172 1
22 732 1
732 172 1
732 604 0
732 399 1
732 565 1
23 172 0
24 172 0
25 172 1
26 172 1
27 172 1
28 172 1
29 132 0
132 172 1
30 172 1
31 172 1
32 63 1
32 451 0
63 172 1
451 172 1
451 574 1
35 172 1
35 796 1
35 239 1
796 475 1
36 172 1
38 172 1
38 475 1
38 598 0
39 172 1
40 172 1
40 279 0
40 604 1
279 172 1
279 318 1
42 172 1
43 172 0
44 172 1
45 172 1
46 172 1
47 172 1
48 172 1
49 172 1
50 172 1
51 172 1
52 172 1
53 172 1
54 172 0
55 172 1
56 172 1
56 483 1
483 172 0
483 460 1
57 556 1
556 172 1
58 93 1
58 778 1
58 763 1
58 653 1
58 366 1
58 227 0
93 172 1
93 579 1
778 172 1
778 730 1
59 172 1
60 172 1
61 172 1
62 326 0
326 172 1
64 172 1
65 778 1
66 172 1
67 172 1
69 507 1
507 172 0
70 172 1
71 172 1
72 172 1
73 172 1
74 172 1
75 172 1
76 172 1
77 172 0
78 677 0
677 172 1
79 172 1
80 172 1
82 172 1
83 646 1
646 172 1
646 293 0
84 172 1
84 508 1
84 475 1
508 425 1
508 799 1
85 172 1
86 637 1
637 262 0
87 172 0
89 172 1
90 172 0
91 172 0
91 227 1
91 410 1
91 239 1
91 726 0
227 172 1
227 195 1
227 795 0
227 579 1
227 251 0
227 701 1
92 172 1
92 280 1
92 277 1
280 172 1
280 636 1
579 58 1
579 172 1
94 172 1
94 193 1
94 148 0
94 734 0
193 172 1
193 789 1
193 758 1
95 172 1
96 172 1
97 172 0
98 172 1
99 172 1
100 172 1
101 172 1
104 172 1
105 172 0
106 172 1
107 172 0
107 573 0
107 763 0
573 524 1
573 721 1
573 251 1
108 172 1
109 172 1
110 172 0
111 172 1
112 172 1
113 172 1
114 172 1
115 172 0
116 172 0
117 172 1
117 359 1
359 172 1
359 680 0
359 474 1
359 325 1
118 172 0
118 777 1
118 418 1
118 756 1
777 172 1
777 251 1
777 573 1
777 227 1
119 172 0
120 172 1
121 172 1
122 167 1
167 345 0
123 172 1
124 172 0
125 666 1
666 172 1
126 172 1
127 172 1
128 172 1
129 172 1
130 172 1
130 584 1
584 172 0
584 721 1
584 598 1
584 614 0
584 573 1
584 799 0
131 172 1
133 172 1
135 172 1
136 172 1
137 172 1
138 172 0
139 172 1
140 172 1
141 172 0
142 172 0
144 172 0
146 172 1
147 172 1
148 720 1
720 172 0
720 399 1
720 94 0
720 775 1
149 172 1
150 172 1
151 172 1
152 172 1
153 172 0
153 450 0
153 565 1
153 787 1
450 172 0
450 761 0
154 172 1
155 172 0
156 172 1
158 172 0
159 172 1
160 172 0
161 172 1
162 172 1
163 172 1
164 172 1
165 373 1
165 474 1
373 172 1
373 520 1
166 172 1
345 122 1
345 172 1
345 456 1
345 559 1
168 172 0
169 172 1
170 172 1
170 269 1
269 172 1
269 209 1
269 170 0
171 172 1
598 38 1
598 172 1
598 721 1
598 474 1
173 172 1
174 172 1
175 172 1
176 172 1
176 775 1
775 495 1
775 148 1
177 172 0
726 5 1
726 418 0
726 195 1
726 597 1
179 172 1
180 172 1
181 172 1
182 172 1
183 172 1
184 172 1
185 172 1
186 172 0
187 172 0
188 172 1
189 172 1
190 172 1
191 172 1
192 172 1
789 94 0
789 172 1
194 172 1
195 91 0
195 172 1
196 172 1
197 172 1
198 172 1
199 172 1
200 172 0
201 172 1
202 172 1
203 560 1
560 456 1
204 172 1
205 172 1
206 172 1
208 172 1
209 170 1
209 172 1
209 269 1
209 614 1
210 172 1
211 513 1
513 172 1
212 172 1
213 172 1
214 172 0
215 172 1
216 172 1
217 302 1
302 172 1
219 172 0
221 172 0
222 172 1
223 172 0
225 172 1
226 172 1
228 172 1
229 172 1
230 172 0
231 172 1
231 713 1
231 325 1
713 172 0
713 718 1
713 653 1
233 172 1
234 534 1
534 172 1
235 172 1
236 172 1
237 172 1
239 172 1
239 673 1
239 195 0
239 796 0
673 172 0
673 734 0
673 94 1
673 653 1
240 172 1
241 172 0
242 172 0
243 172 1
244 172 1
245 172 1
246 172 1
247 172 1
249 172 1
250 172 1
251 118 1
251 172 1
252 172 1
253 172 1
254 172 1
255 172 1
256 172 1
256 795 1
256 227 1
256 485 1
795 669 1
257 172 0
258 172 0
259 507 1
260 172 1
260 325 1
260 231 1
260 359 0
325 172 1
325 398 1
261 172 1
262 86 1
262 172 0
263 172 1
264 172 1
265 172 0
266 172 0
267 172 1
268 172 1
270 172 1
271 172 0
272 172 1
273 172 1
274 172 1
275 418 1
418 172 1
418 292 1
276 506 1
506 172 1
277 38 1
277 290 1
290 172 1
290 410 0
290 366 1
290 92 1
290 758 1
278 172 1
318 40 1
318 172 1
636 92 1
636 172 1
281 172 1
282 172 1
283 172 0
284 172 1
285 172 1
286 172 1
287 172 1
410 172 1
410 277 1
410 195 1
291 12 1
291 172 1
291 478 1
292 172 0
292 728 1
728 418 0
728 726 1
728 118 1
293 83 1
293 172 1
294 172 1
295 172 1
296 172 1
298 172 1
300 172 0
303 172 1
304 172 0
306 172 1
307 172 1
308 172 1
309 172 1
310 172 1
311 172 1
314 172 1
315 172 1
317 172 1
319 424 1
424 172 1
320 172 1
321 172 1
322 172 0
323 172 1
324 172 1
398 172 1
398 260 1
327 172 1
328 172 1
331 172 1
332 172 0
333 172 1
335 172 1
337 172 1
338 172 1
339 172 1
340 172 1
341 172 0
343 172 1
344 172 1
346 172 1
347 172 1
348 172 1
349 172 1
351 172 1
352 172 0
353 172 1
354 172 1
355 172 1
356 172 0
357 172 0
358 648 0
648 172 1
680 117 1
680 172 1
680 669 0
680 787 0
360 172 0
361 172 0
362 172 1
363 172 1
364 172 1
365 538 1
538 172 1
366 172 1
366 756 0
366 277 1
366 701 0
366 350 1
366 5 1
366 579 1
756 172 0
756 553 1
368 172 1
369 172 1
370 172 0
371 172 1
372 172 1
520 165 1
520 172 1
374 172 1
375 172 1
376 172 1
377 172 1
378 172 1
379 172 1
380 172 1
381 172 1
383 172 0
385 172 1
386 172 1
387 172 0
388 172 1
389 172 1
390 172 1
391 172 1
392 172 1
393 172 0
394 172 1
395 172 1
397 172 0
399 148 1
399 172 1
399 22 1
400 426 1
426 172 0
401 172 0
402 172 0
403 172 1
404 172 1
406 172 0
408 172 0
411 172 1
412 172 1
413 172 1
414 172 1
415 172 1
416 172 1
417 172 1
421 172 1
422 172 1
423 172 1
425 172 1
427 172 1
428 172 1
429 172 0
430 172 1
431 172 1
433 172 1
433 474 1
433 359 1
433 165 0
433 598 1
474 619 1
474 752 0
434 672 0
672 172 1
435 172 1
436 172 1
437 172 1
438 172 1
439 172 1
440 172 1
441 172 1
442 172 1
443 172 1
444 172 1
445 172 1
446 172 1
447 172 1
449 172 0
761 153 1
761 172 1
574 32 1
574 172 1
452 172 1
454 172 0
455 172 1
456 172 1
456 203 1
456 122 1
457 172 1
458 172 0
460 56 0
460 172 1
461 172 1
462 172 1
463 172 1
464 172 1
465 172 1
466 124 1
467 172 1
469 172 1
470 172 1
471 172 1
473 172 1
619 172 1
619 433 0
752 172 1
475 35 0
475 487 1
475 172 0
475 508 1
487 172 1
476 172 1
477 172 1
479 172 0
481 172 1
484 172 0
485 172 1
485 488 1
485 795 1
488 172 1
488 706 1
706 172 1
706 485 0
489 172 1
491 172 1
492 172 1
495 172 1
495 176 1
496 172 1
499 779 1
779 172 0
779 758 1
500 172 1
501 172 1
502 172 0
503 172 1
504 353 1
505 172 1
799 84 0
799 172 1
799 721 0
509 172 1
510 172 1
511 172 0
514 172 1
515 42 1
516 172 1
517 172 0
518 172 1
521 172 1
522 172 0
524 107 1
524 172 0
525 172 1
526 172 1
527 172 1
529 172 1
530 172 1
532 172 1
533 546 1
546 172 0
535 172 0
536 172 1
537 172 1
539 172 0
540 172 1
542 172 1
543 172 1
544 172 1
545 172 1
547 172 1
549 172 1
550 172 1
552 172 0
553 366 0
553 118 1
554 172 1
555 172 1
557 172 1
558 172 1
559 172 0
559 701 1
559 122 1
559 350 1
701 172 0
701 695 1
562 172 1
564 172 1
565 172 0
565 580 0
565 701 1
565 450 0
565 22 1
580 172 1
580 740 1
566 172 1
567 172 1
569 172 0
571 172 1
572 172 0
575 172 1
576 172 1
577 763 1
763 794 0
763 579 1
763 524 1
763 778 1
578 172 1
740 565 0
581 172 1
582 172 0
583 172 1
721 130 1
721 435 1
585 172 1
587 172 0
588 172 1
589 44 1
590 172 1
591 172 1
593 172 1
594 327 1
595 172 0
596 172 1
597 653 1
653 172 0
653 621 1
653 718 1
653 734 1
653 579 1
653 597 1
599 424 1
600 10 1
601 172 0
602 172 1
603 172 1
604 22 0
604 172 1
604 318 1
605 172 0
606 172 1
607 172 1
608 172 1
609 172 1
610 172 0
611 172 1
612 172 1
613 172 1
614 172 1
614 778 0
614 721 1
614 625 0
614 170 1
615 677 0
616 172 1
617 172 1
618 53 1
620 172 1
621 597 1
621 653 1
621 726 1
623 172 0
625 172 1
625 787 1
787 172 1
787 635 0
787 450 1
787 117 0
627 172 0
628 172 1
629 172 1
631 172 1
632 172 1
633 172 1
635 172 1
635 625 1
635 614 1
638 172 1
639 172 1
640 172 1
642 172 0
643 172 0
647 172 1
649 172 1
650 172 1
651 172 1
652 172 1
654 5 0
656 172 0
657 172 1
658 172 1
659 172 1
661 172 1
662 172 1
663 172 1
664 172 1
665 172 1
667 172 1
668 172 1
669 172 1
669 256 0
669 117 1
670 172 1
671 172 1
734 172 1
734 239 1
674 172 1
675 172 1
676 172 1
679 172 1
681 172 1
682 172 0
683 172 1
684 172 1
686 172 1
687 172 1
688 172 1
689 172 1
691 172 1
692 172 1
693 172 1
695 172 1
695 559 1
695 565 1
695 366 1
695 227 1
696 172 1
698 172 1
699 172 1
702 98 1
703 511 1
704 172 0
705 172 0
707 172 1
708 172 1
709 172 0
710 172 0
711 708 1
718 172 1
718 231 1
715 172 0
716 172 1
717 172 1
719 172 1
723 172 1
724 172 1
727 172 0
730 392 1
730 614 0
730 763 1
731 172 1
735 172 1
736 172 1
737 172 1
738 172 1
739 366 1
741 172 1
742 665 0
743 172 0
744 172 1
745 172 1
746 172 0
749 172 1
750 172 1
751 172 1
753 172 1
754 172 1
755 172 1
757 172 1
758 172 1
758 499 1
758 789 1
758 277 1
759 172 1
760 172 1
762 677 0
794 172 1
794 577 1
764 172 1
765 172 1
766 172 1
767 172 1
768 172 1
769 172 1
770 172 1
771 730 1
772 172 1
773 172 1
776 172 1
780 172 1
781 172 0
782 172 1
783 172 0
784 172 0
785 172 1
788 172 1
790 172 1
792 172 1
793 172 0
797 172 1
798 172 1
