0 534 0
534 784 0
1 534 0
2 7 1
2 534 0
7 534 0
7 633 0
7 34 0
3 615 0
615 534 0
615 776 0
615 562 0
4 534 0
6 534 0
633 2 0
633 508 0
8 534 0
8 807 0
807 896 0
9 66 0
9 534 0
9 532 1
66 122 0
66 534 0
10 534 0
11 534 0
12 534 0
14 534 0
14 684 1
684 653 0
684 184 0
684 109 0
684 122 0
15 447 0
447 192 0
447 534 0
16 971 0
16 879 0
971 534 0
971 627 1
17 534 0
18 534 0
18 999 0
999 465 0
999 534 1
19 534 0
21 534 0
24 534 0
25 534 0
25 561 0
561 330 0
561 534 0
26 534 0
27 534 0
29 379 0
379 534 0
379 713 1
30 259 0
259 152 0
259 534 0
31 534 0
32 534 0
34 41 0
34 534 0
41 346 0
41 534 0
41 150 1
41 7 0
35 534 0
36 534 0
37 107 0
37 534 1
107 376 0
107 534 0
38 534 0
40 534 0
40 929 1
40 135 0
929 532 0
929 534 0
346 34 0
346 534 0
42 534 0
43 534 0
44 534 0
45 534 0
46 534 0
47 948 1
47 101 0
948 534 0
948 965 0
48 316 0
48 534 1
316 381 0
316 534 0
49 534 0
50 534 0
50 634 0
50 140 0
634 147 0
634 534 0
634 326 0
54 782 0
782 514 0
782 534 1
782 736 0
55 534 1
56 534 1
56 750 0
56 295 0
750 534 0
750 804 1
750 996 0
750 946 1
57 534 1
61 534 0
62 534 0
63 534 0
65 397 0
65 534 0
397 237 0
397 534 1
122 9 0
122 759 0
122 653 1
67 534 0
69 534 0
70 534 0
70 920 0
920 184 0
920 451 0
71 496 1
71 534 0
71 158 0
496 826 1
75 385 0
385 79 0
77 534 0
78 534 0
78 635 0
635 202 0
635 534 0
79 75 0
79 534 0
81 534 0
82 534 0
84 534 0
86 534 1
87 534 0
88 987 0
88 381 0
88 149 0
987 638 0
90 534 0
91 534 0
92 534 1
93 534 1
94 981 0
94 788 0
94 284 1
981 478 0
981 534 0
95 534 1
99 534 0
101 593 0
593 534 1
593 879 1
593 47 0
103 534 0
104 534 0
104 944 0
104 750 0
944 534 0
944 946 0
106 534 0
376 37 0
376 534 0
376 949 0
109 377 1
109 818 0
109 653 0
377 452 0
377 534 0
110 534 0
110 904 0
904 534 0
904 818 1
904 109 0
114 534 0
115 534 1
116 534 0
117 534 0
118 534 1
119 615 0
120 534 0
121 534 0
124 534 0
127 534 0
128 534 0
129 534 0
130 534 0
131 314 0
131 534 0
314 534 0
314 973 0
314 678 0
132 534 1
133 534 0
134 534 0
135 898 0
135 284 0
135 929 1
898 534 0
898 928 0
136 534 0
137 332 0
332 449 0
332 534 0
138 534 0
138 630 0
138 949 0
630 534 0
630 967 0
139 534 1
139 674 1
674 367 0
140 168 0
140 534 0
140 18 0
140 147 0
168 534 1
168 988 0
168 342 1
141 534 0
143 534 0
144 534 0
145 534 0
146 534 0
147 50 0
147 534 0
148 534 0
149 897 0
149 987 0
897 534 0
897 890 0
897 245 0
150 298 0
150 301 1
150 34 0
298 534 0
298 964 0
152 30 1
153 534 0
154 534 0
157 534 0
158 534 0
158 774 0
774 462 0
774 403 0
774 273 0
161 534 0
162 534 0
163 301 0
163 534 0
163 150 0
301 919 0
164 534 0
167 534 0
988 140 1
169 534 0
169 722 1
722 508 1
722 534 0
170 534 0
171 842 0
842 534 0
842 652 0
842 245 1
173 534 0
174 534 0
175 534 0
176 534 0
176 861 0
176 547 0
176 311 0
861 534 1
861 811 0
177 534 0
177 952 0
952 870 0
952 967 1
180 263 0
180 534 0
263 534 1
263 916 0
181 534 0
181 591 1
591 247 0
591 534 0
182 534 0
182 756 0
756 892 0
183 534 0
184 70 1
184 534 0
184 653 1
185 534 1
186 534 0
186 853 0
853 516 0
187 534 0
188 534 0
191 534 0
191 907 0
191 977 0
907 619 0
192 15 0
194 534 0
196 534 0
197 534 0
198 766 0
766 487 0
766 534 0
199 534 0
200 534 0
201 318 0
318 534 1
318 889 1
202 78 0
202 534 0
203 534 0
204 570 0
570 534 0
570 949 0
205 534 0
206 534 0
207 534 0
208 534 1
209 534 0
210 534 0
212 534 0
212 640 0
640 480 1
213 740 0
740 345 0
740 534 1
214 534 0
215 423 0
423 353 0
423 534 0
423 294 0
216 534 0
217 955 0
955 522 0
955 534 0
955 762 0
218 534 0
219 534 1
220 843 0
220 309 0
843 534 0
843 787 0
221 327 0
221 534 0
327 534 0
327 767 0
222 534 0
224 269 0
224 534 0
269 289 0
225 534 0
225 581 0
581 276 0
226 534 0
226 778 0
778 512 1
778 534 0
778 325 1
228 534 0
229 534 0
232 534 0
233 534 1
234 534 0
235 728 0
728 422 1
728 534 0
236 534 0
237 65 0
237 534 0
238 534 0
239 534 0
240 534 1
241 534 0
242 476 1
242 534 1
476 250 1
243 534 0
244 534 0
245 299 0
245 534 0
245 890 0
245 171 0
299 866 0
246 534 0
247 181 0
247 534 0
247 582 1
248 534 1
249 534 0
250 242 0
250 534 0
251 534 0
252 534 0
253 534 0
253 788 1
788 520 0
255 534 0
256 534 0
257 534 1
258 534 0
260 534 0
260 791 0
260 634 0
791 326 1
791 534 1
261 534 0
262 534 0
916 180 0
916 534 0
264 534 0
264 736 0
264 782 0
736 954 0
265 534 0
266 534 0
267 534 1
267 764 0
764 543 0
268 534 0
289 224 0
289 534 0
272 534 0
273 534 0
273 752 0
752 534 0
752 592 0
752 774 0
274 534 0
276 225 0
276 534 0
277 403 0
403 534 0
403 833 1
278 534 1
279 534 1
280 534 1
281 534 1
281 659 0
659 738 0
283 534 0
283 562 0
283 821 0
562 504 0
562 534 0
284 295 0
284 534 0
295 943 0
295 843 0
295 804 0
285 534 0
285 651 0
651 534 0
651 953 0
286 534 0
287 534 0
288 534 1
290 534 0
291 534 0
293 534 0
294 390 0
294 534 0
294 353 0
294 309 0
390 534 1
390 612 0
943 284 0
943 534 0
943 135 1
943 94 0
296 534 0
964 150 0
964 534 0
866 245 1
866 534 1
919 163 0
919 534 0
303 534 0
305 534 0
306 534 1
307 534 0
308 534 0
309 534 0
309 644 0
644 886 0
644 294 0
644 543 0
644 220 1
311 534 0
311 749 0
311 620 0
311 811 0
749 534 0
749 734 0
313 821 0
313 283 0
821 455 0
973 131 0
973 534 0
315 534 0
381 48 0
381 534 0
381 987 0
381 565 0
889 201 0
889 815 0
319 471 0
471 336 0
320 534 0
322 534 0
323 534 0
325 410 0
410 503 0
410 534 0
410 778 0
326 260 0
326 534 0
767 221 0
767 534 0
767 511 1
328 534 1
329 534 1
329 620 0
329 311 0
620 415 0
330 25 1
330 534 0
331 534 0
449 137 1
449 534 0
333 534 1
334 534 1
335 815 0
815 534 0
815 786 0
336 319 0
336 575 0
337 534 0
341 570 1
342 534 0
342 730 0
342 403 0
342 988 1
730 485 0
730 534 0
343 534 1
344 534 1
344 850 0
344 886 0
850 534 0
850 575 1
345 213 0
345 534 0
347 534 0
348 534 1
349 534 0
351 534 0
353 215 0
353 534 0
354 534 1
357 445 0
357 534 0
445 696 0
359 534 0
360 534 0
361 534 0
362 534 1
363 534 1
364 534 0
366 534 0
367 139 0
368 534 0
369 534 0
369 547 0
547 534 0
547 921 0
547 458 0
547 811 0
370 534 0
371 534 0
372 534 0
373 534 1
374 534 0
452 109 0
452 534 0
713 29 1
713 534 0
382 534 0
384 534 1
386 534 1
389 534 1
612 294 1
391 534 0
392 534 0
393 534 0
394 534 0
395 534 0
396 534 0
398 534 0
399 425 0
399 534 1
425 580 0
400 534 0
401 534 0
402 534 0
833 277 0
833 534 1
833 342 0
833 774 0
405 534 0
406 887 0
887 534 0
887 874 0
409 534 0
503 325 0
412 534 0
413 534 0
415 329 0
416 534 0
417 534 0
419 534 0
420 534 1
421 531 0
421 534 1
531 534 1
531 970 0
422 235 0
580 399 1
580 534 1
426 534 0
427 534 0
428 534 1
428 961 0
961 762 0
961 955 1
430 534 0
431 534 0
432 534 0
433 534 1
434 534 0
436 534 1
438 534 0
439 534 0
439 759 0
439 394 0
759 601 0
440 534 0
441 534 0
442 534 1
443 513 1
513 534 1
696 357 0
696 534 0
696 518 0
446 534 0
448 534 0
451 534 0
451 544 0
451 70 1
544 534 0
544 649 0
453 534 0
454 534 0
455 313 0
455 534 1
456 534 0
457 534 0
458 594 0
594 534 0
594 817 0
459 534 0
460 534 0
462 158 1
462 534 0
462 71 0
463 534 0
464 534 1
465 18 1
465 140 0
467 534 1
468 534 0
468 678 0
678 529 0
678 131 0
469 534 0
470 534 0
470 893 0
893 534 0
893 863 0
473 560 0
560 534 1
560 707 1
474 534 0
474 900 0
900 808 0
477 479 0
479 534 0
479 655 0
478 94 0
478 534 1
655 477 1
480 212 0
482 534 0
485 342 1
485 534 0
486 534 1
487 198 0
487 534 0
488 534 0
489 534 1
489 587 0
587 856 0
490 534 0
491 534 1
492 534 0
493 534 0
494 511 0
494 534 1
511 534 0
511 832 0
511 221 0
495 534 0
826 71 0
497 534 1
498 534 0
499 534 0
500 534 0
501 534 0
501 556 0
556 852 1
502 534 1
504 283 0
504 534 0
504 615 0
505 534 0
507 534 1
508 169 1
508 534 1
508 2 0
509 534 0
832 494 0
512 226 1
514 54 0
514 534 0
515 534 0
516 186 0
516 534 0
517 534 1
518 846 0
518 357 0
846 534 0
846 536 1
520 253 1
520 534 0
520 94 0
522 217 0
522 534 0
524 534 0
525 534 0
528 534 1
529 468 0
529 534 0
530 534 0
970 421 0
970 534 0
532 40 0
532 534 0
532 66 0
533 534 0
784 394 1
784 534 0
784 439 1
535 534 0
536 518 0
537 534 0
538 534 1
538 648 0
648 534 0
648 822 1
539 534 1
541 534 0
542 534 0
543 267 0
543 534 0
543 309 0
649 451 0
649 534 0
546 534 0
921 369 1
549 534 0
550 534 0
551 534 0
552 534 0
553 534 0
554 534 0
555 534 0
852 501 0
557 534 0
559 534 0
707 473 0
707 534 0
563 534 0
565 534 1
565 698 1
698 534 0
698 694 0
698 381 0
566 534 0
567 534 1
949 204 1
949 534 0
949 107 0
949 630 0
571 534 1
575 344 1
575 534 0
575 471 0
576 761 0
761 534 0
761 717 0
577 534 1
578 534 0
579 534 0
582 534 0
582 777 0
582 181 0
777 534 0
777 977 0
777 765 0
777 191 1
583 534 0
856 489 0
856 534 0
588 534 0
589 534 1
590 534 0
592 273 0
592 534 0
879 101 0
879 534 0
879 627 0
817 458 1
817 547 1
597 534 0
601 439 0
601 122 0
603 534 1
605 534 0
607 534 0
608 534 0
610 534 0
611 534 1
613 534 0
776 119 0
776 534 0
616 534 0
619 191 0
621 534 0
623 534 0
626 534 0
627 16 0
627 534 0
629 534 0
967 138 0
967 534 0
967 177 1
632 534 0
636 534 0
638 88 0
641 534 0
886 309 0
886 534 1
886 850 0
645 534 0
646 534 1
647 534 0
822 538 0
953 285 0
953 534 1
652 171 0
652 534 1
653 14 0
654 534 0
656 534 1
657 534 0
658 534 0
738 281 0
738 534 0
660 534 0
661 534 0
662 534 1
663 534 1
666 534 0
667 534 0
670 996 1
996 755 0
672 534 0
673 534 0
675 534 0
677 534 1
679 534 0
680 534 1
681 534 0
682 534 0
683 534 0
686 534 0
688 534 0
689 534 1
690 765 0
765 534 0
765 915 1
765 977 0
691 534 0
692 534 0
693 534 1
694 534 0
694 565 0
695 534 1
699 534 1
700 534 0
701 534 0
702 534 1
703 534 0
704 534 0
705 534 0
708 534 0
711 534 0
712 534 1
714 534 0
715 534 0
716 534 0
717 534 0
717 576 0
719 534 0
721 534 0
724 534 0
725 534 0
726 534 0
727 534 0
729 534 0
731 534 0
732 534 1
734 311 1
734 534 1
735 534 0
954 264 1
737 534 0
741 534 0
742 534 0
743 534 0
744 534 0
744 835 0
835 534 0
835 789 1
745 534 1
746 534 1
804 56 0
804 534 0
751 534 0
754 534 1
755 534 0
755 670 1
755 750 0
892 182 0
758 534 0
760 534 0
762 428 1
762 534 0
763 534 0
915 534 0
915 690 0
768 534 0
769 534 0
770 534 0
771 534 0
772 534 1
773 534 0
977 534 0
977 582 0
779 534 0
781 534 1
783 534 0
785 534 0
786 335 0
786 534 1
786 889 0
787 220 0
787 295 0
789 744 0
792 534 0
793 534 1
794 534 1
797 534 1
798 534 0
799 534 0
800 534 0
801 534 1
802 534 1
803 534 1
896 8 1
896 534 1
808 474 0
810 534 0
811 176 0
811 534 0
818 110 1
818 534 0
819 534 0
823 534 0
824 534 1
825 534 0
827 534 0
828 534 0
834 534 0
836 534 0
838 534 0
839 534 0
840 534 0
841 534 0
844 534 0
849 534 1
851 534 0
854 534 0
855 534 0
857 534 0
858 534 1
862 534 1
863 470 0
863 534 0
864 534 0
865 534 0
867 534 0
870 177 0
870 534 1
871 534 0
872 534 0
873 534 0
874 406 0
874 534 0
875 534 0
876 534 0
877 534 0
878 534 0
880 534 0
883 534 0
884 534 0
885 534 0
888 534 0
890 149 0
890 534 1
891 534 0
894 534 0
895 534 0
928 135 0
899 534 0
901 534 0
903 534 1
905 534 1
906 534 0
908 534 0
909 534 0
910 534 0
911 534 0
918 534 0
925 534 0
926 534 0
927 534 0
930 534 1
931 534 0
933 534 0
934 534 1
935 534 0
939 534 0
940 534 1
942 534 0
946 104 1
946 534 0
945 534 0
965 47 0
951 534 0
957 534 0
958 534 0
959 534 0
963 534 0
966 534 1
968 534 0
969 412 0
974 534 0
975 534 0
976 534 0
978 534 0
980 534 0
982 534 1
983 534 0
984 534 0
986 534 1
990 534 1
992 534 0
994 534 0
995 534 1
998 534 0
