0 216 0
0 814 0
0 982 0
216 252 0
216 305 0
216 36 0
216 970 1
1 305 1
305 289 1
2 937 0
937 305 0
3 305 0
4 305 0
7 305 0
8 305 1
9 305 1
10 305 0
11 305 0
12 305 0
14 305 1
15 305 0
16 305 1
16 659 0
16 735 0
659 305 0
659 753 1
659 291 1
17 305 0
18 305 1
19 305 1
20 305 0
22 305 0
24 305 1
25 305 1
26 305 0
28 305 0
30 305 1
31 305 0
32 305 1
33 305 1
34 305 0
34 531 1
531 305 0
531 685 1
35 678 1
35 599 0
35 983 0
678 305 0
678 893 1
678 807 0
36 305 0
36 735 1
735 113 1
735 305 0
735 818 0
735 753 0
38 305 0
39 305 0
40 518 1
40 188 0
40 599 0
518 555 1
518 395 1
41 305 0
41 972 0
41 516 1
972 305 0
972 547 1
972 508 1
972 91 1
42 830 0
830 305 1
830 707 1
830 204 0
830 291 0
43 305 0
44 305 1
45 305 1
46 305 0
48 305 1
49 305 0
49 522 1
49 415 1
522 305 1
522 532 0
50 305 0
51 808 1
808 305 0
52 305 1
54 305 0
56 305 1
57 305 0
58 305 0
59 305 0
60 251 1
60 305 0
60 745 0
251 305 0
251 457 1
61 305 1
62 162 0
162 305 1
162 888 1
63 305 0
65 305 0
66 305 0
68 305 0
69 305 1
70 305 0
71 305 1
72 305 1
75 305 0
78 305 1
79 864 0
864 305 0
864 434 1
80 305 1
81 305 0
82 305 1
84 305 0
85 305 1
86 305 1
86 395 0
395 326 1
395 957 0
87 305 1
88 305 0
90 305 1
91 305 1
91 605 0
605 305 0
605 989 0
605 744 0
92 305 1
92 728 0
728 199 1
728 305 1
93 305 0
94 305 0
95 305 1
96 305 1
96 810 1
96 993 1
810 288 1
810 305 1
97 864 1
98 305 1
101 305 0
102 305 1
103 305 1
106 305 0
107 305 0
109 305 0
111 305 1
112 305 1
112 626 1
112 188 0
626 305 1
626 691 1
113 36 1
113 305 0
113 216 0
113 950 1
114 305 1
115 305 1
116 948 1
948 305 0
948 565 0
117 305 0
118 305 1
119 305 0
121 771 0
121 982 1
771 127 1
771 305 1
122 254 0
254 305 0
123 305 1
124 305 0
124 593 0
593 130 1
593 305 0
126 454 1
454 305 1
454 727 1
454 718 0
127 121 0
127 305 1
127 523 1
128 305 1
129 305 1
130 124 0
130 305 1
131 142 1
131 305 1
142 651 1
132 305 0
133 305 1
134 305 1
135 305 1
136 305 1
137 305 0
138 305 0
139 305 0
141 305 1
651 131 0
651 305 0
143 305 0
144 305 1
144 891 0
891 305 1
891 962 0
891 523 1
145 305 1
146 305 0
147 305 1
148 305 0
149 305 1
150 305 1
151 305 1
152 830 0
153 305 1
154 305 1
154 637 0
637 305 1
637 950 1
155 305 1
158 305 1
159 305 0
160 305 1
160 442 1
160 822 1
160 188 0
442 305 1
442 629 1
161 305 1
888 62 1
888 305 1
888 516 0
888 993 1
163 305 0
164 305 0
165 305 1
167 305 0
170 305 1
170 818 0
170 735 0
170 727 1
818 305 0
818 469 0
171 305 0
172 305 1
173 305 0
174 305 1
174 357 0
357 255 0
357 305 1
175 305 0
176 913 1
176 587 0
913 305 1
913 539 0
177 305 0
179 305 1
180 305 0
180 441 0
441 273 1
441 305 1
441 958 1
181 305 1
182 305 0
183 305 1
184 305 1
186 305 1
187 305 1
188 259 0
188 305 0
188 555 1
188 626 1
188 523 1
188 442 1
259 515 0
189 305 0
190 305 0
191 305 0
193 305 1
194 305 0
195 305 0
196 305 1
197 305 1
198 305 0
199 92 0
199 305 0
200 305 0
201 305 0
202 305 1
203 305 0
204 305 0
204 730 1
730 279 1
730 305 0
730 452 1
730 350 1
730 376 1
730 830 0
206 305 0
207 305 0
208 305 1
209 305 0
210 305 0
211 305 0
211 824 0
824 305 1
824 744 0
824 605 0
212 284 0
212 305 0
212 993 0
284 305 1
284 901 1
213 305 0
214 305 1
252 0 0
252 305 1
217 305 1
218 305 0
219 305 0
223 305 0
224 305 1
224 970 1
224 318 1
224 216 1
970 305 0
970 982 1
225 305 0
226 305 0
227 305 1
228 305 1
229 305 1
229 350 1
350 305 1
350 965 1
350 204 1
230 305 1
231 305 1
232 305 1
232 587 1
587 305 1
587 770 0
587 913 0
587 523 1
233 305 0
234 305 0
235 305 1
237 305 1
238 305 0
239 305 0
240 305 0
241 305 0
243 305 0
244 248 1
244 305 1
248 376 0
245 305 1
246 305 0
247 305 1
376 244 0
376 305 0
376 204 0
249 305 0
250 305 0
457 60 1
457 305 0
253 305 0
255 174 0
255 305 0
256 305 0
257 305 1
258 305 0
515 188 1
515 305 0
515 822 1
260 305 1
261 305 1
262 305 1
263 305 0
264 305 0
265 305 0
266 305 0
267 305 1
269 305 1
271 305 0
272 305 0
273 180 1
273 305 0
274 305 0
275 305 0
277 305 0
278 305 0
278 389 1
389 305 1
389 480 0
279 204 0
279 305 1
280 305 0
281 305 1
282 305 1
283 305 0
901 212 1
901 305 0
285 305 0
286 305 0
288 96 1
288 305 0
288 925 1
289 305 1
289 348 0
289 411 1
348 305 0
290 305 0
291 305 1
291 718 0
718 305 1
718 640 1
718 126 0
292 305 1
293 305 1
294 305 0
294 725 1
725 305 0
725 783 0
296 305 0
297 305 0
299 305 0
301 305 0
303 305 0
303 328 1
303 229 1
328 305 1
328 807 0
328 678 0
306 305 1
307 305 0
308 305 0
310 305 0
310 403 0
310 382 0
403 305 0
403 996 1
311 305 0
312 305 1
314 363 0
363 305 1
315 305 1
316 305 0
318 127 0
318 382 0
318 388 1
318 970 0
382 305 1
382 472 1
320 305 0
321 305 0
322 305 0
323 305 0
326 86 0
326 305 1
326 783 1
326 518 0
326 691 1
327 305 0
807 303 1
807 305 1
329 305 0
330 305 1
333 305 0
336 305 0
337 305 1
338 305 0
339 305 0
342 305 1
345 305 0
346 305 0
965 229 0
965 305 1
965 303 1
351 305 0
352 305 0
353 305 1
354 305 0
355 305 1
356 305 1
358 305 1
359 305 1
361 305 1
364 305 1
365 305 1
366 305 0
368 305 1
369 305 1
371 305 0
372 305 1
373 305 0
374 305 1
375 305 1
378 949 1
949 305 0
379 305 1
380 305 0
381 305 0
472 305 1
472 318 1
472 310 0
383 305 1
385 305 1
386 305 1
387 305 0
388 305 1
388 956 0
956 305 1
956 516 0
956 318 1
480 278 0
480 305 1
391 305 0
392 305 1
392 673 1
673 305 0
673 620 0
393 305 1
394 305 1
957 305 1
396 305 0
397 305 1
397 826 1
397 699 0
397 739 1
826 508 0
826 972 1
399 305 0
400 305 1
401 305 1
402 305 0
996 305 0
996 310 0
404 305 1
405 305 1
406 305 1
407 305 1
407 491 1
407 749 1
491 305 0
491 463 1
408 305 1
410 305 1
411 305 1
411 680 1
680 305 1
680 452 1
680 289 0
412 305 1
413 305 1
414 305 1
415 305 0
415 867 0
415 522 1
867 305 1
867 749 1
867 407 1
416 305 0
417 305 1
419 305 1
420 305 1
421 305 0
422 745 0
745 305 1
745 464 0
423 305 1
424 305 1
425 305 1
426 305 1
427 305 0
428 305 0
429 305 0
429 589 0
589 305 0
589 633 1
430 305 0
432 305 0
433 305 0
434 97 1
434 305 1
435 305 0
436 305 0
438 305 1
439 305 0
440 305 1
629 160 1
629 305 0
629 291 0
443 305 1
444 305 0
445 305 1
447 305 0
448 305 0
449 305 0
451 305 1
452 305 0
452 411 1
452 204 0
453 305 1
727 126 0
727 305 1
727 818 0
455 305 1
458 305 1
459 305 1
460 305 0
461 305 1
463 407 0
464 305 0
464 422 1
464 60 1
465 305 1
466 305 0
467 305 0
468 305 0
468 721 1
721 305 1
721 993 1
721 691 1
469 170 0
469 305 0
469 553 0
470 305 0
473 305 0
474 305 1
475 305 1
476 305 0
477 305 0
478 473 1
479 305 1
481 305 1
482 305 0
483 305 1
486 305 1
487 305 0
488 305 0
492 305 0
493 305 1
494 175 0
495 305 1
496 305 1
497 305 0
498 305 1
499 305 1
500 305 1
504 305 1
505 305 1
506 305 0
507 305 0
508 305 1
508 397 0
509 305 0
510 305 1
512 305 0
513 305 0
514 305 1
516 388 1
516 547 0
516 162 1
517 305 0
555 40 0
555 421 0
519 305 1
520 869 0
869 305 0
521 523 0
521 891 0
521 188 0
521 587 1
521 127 1
523 305 0
523 687 1
532 49 1
532 305 0
687 305 1
687 521 0
524 305 1
525 305 0
527 305 0
528 305 0
529 305 1
685 34 1
685 305 1
533 305 0
534 305 0
535 305 1
536 739 0
536 958 1
536 397 1
739 305 1
739 668 1
537 305 1
538 305 0
539 176 1
539 305 0
540 305 0
541 305 1
542 305 1
544 305 0
545 305 0
546 305 0
547 41 0
547 305 0
548 305 0
549 305 1
550 305 0
551 305 1
552 305 1
553 912 0
912 713 1
912 469 1
556 305 0
559 305 1
560 305 0
562 305 1
563 305 0
564 305 0
565 116 1
565 305 1
566 305 0
569 305 0
570 305 1
571 305 1
572 305 0
573 593 1
575 305 1
576 305 0
577 305 0
581 305 1
582 305 0
583 305 0
584 305 0
586 305 1
770 232 1
588 305 0
633 305 0
633 429 0
590 305 1
591 305 0
592 305 0
594 305 1
594 806 0
806 305 1
806 798 1
595 305 1
596 267 0
598 305 0
599 305 0
599 639 0
599 893 0
599 555 0
639 853 0
601 305 0
602 305 0
604 305 0
989 91 1
989 305 0
989 972 0
606 305 1
607 305 0
608 305 1
610 305 0
611 305 0
612 305 0
614 305 0
616 305 1
617 305 0
618 305 1
619 305 1
620 305 0
620 392 1
621 305 0
622 305 1
623 305 0
624 305 0
625 391 0
691 112 0
691 305 0
691 468 0
691 395 0
627 305 1
630 305 1
631 305 0
632 305 0
634 305 1
635 305 0
950 154 1
950 36 0
638 305 0
853 305 0
853 599 0
640 291 0
640 305 0
640 659 0
640 629 0
640 830 1
642 305 0
643 305 0
645 305 0
646 305 1
649 305 0
650 305 0
652 957 0
653 305 0
654 305 1
655 305 0
656 305 0
657 305 1
753 16 1
753 305 1
660 305 1
662 305 0
663 305 0
664 958 0
958 305 0
958 689 0
958 180 0
958 739 1
665 305 1
666 305 0
666 714 0
714 305 0
714 708 0
714 798 0
667 305 1
668 305 1
668 536 1
669 305 0
670 305 1
671 305 1
672 305 1
674 305 1
675 305 1
676 305 1
677 305 1
893 35 1
893 305 1
679 305 1
681 305 1
682 305 1
682 772 1
772 305 0
772 822 0
683 305 1
683 843 1
843 305 0
843 930 0
684 305 0
686 305 1
686 931 0
686 843 0
931 305 1
931 925 0
931 288 0
688 305 1
689 305 0
689 664 1
690 305 0
692 305 1
693 305 0
694 305 1
695 305 1
696 305 0
697 305 1
698 305 0
699 305 0
699 892 1
892 305 1
892 848 1
700 305 1
701 305 0
702 305 0
703 305 0
704 305 0
705 305 0
706 305 1
707 152 0
707 305 0
708 666 0
709 305 1
710 305 0
711 305 0
712 305 0
713 305 0
713 553 0
715 305 0
716 305 0
717 305 1
719 305 1
720 305 1
993 305 0
993 468 0
993 284 0
993 810 1
993 162 0
723 305 1
724 305 0
724 811 0
811 305 1
811 814 0
783 294 1
783 305 1
783 395 1
726 305 1
729 305 0
731 305 1
732 305 0
732 920 1
920 305 0
920 928 1
733 305 0
734 305 0
736 305 0
737 305 1
738 305 0
741 305 0
742 305 0
743 305 1
744 211 0
746 305 1
747 305 1
747 983 0
983 305 0
983 820 1
983 893 1
748 305 0
749 305 1
749 415 0
750 305 1
751 305 0
752 305 1
754 305 1
756 305 0
759 305 1
761 305 0
763 305 0
764 305 0
765 305 0
766 305 0
767 305 0
768 305 1
769 305 0
822 682 1
822 442 1
822 259 0
774 305 0
775 305 0
776 305 0
777 305 0
778 305 0
779 305 1
780 721 1
781 305 0
782 305 0
784 305 0
785 305 0
787 305 1
788 305 0
789 305 1
790 305 0
791 305 1
792 305 1
794 305 0
795 305 0
797 305 1
798 305 0
798 594 0
798 666 0
799 305 0
801 305 1
802 305 0
804 305 1
809 305 0
814 305 0
814 724 0
814 252 1
812 305 1
815 305 0
816 305 0
817 305 0
819 305 0
820 747 0
821 305 0
823 305 1
825 305 0
827 305 0
829 305 1
831 305 0
832 305 1
833 305 1
835 305 1
836 305 1
838 305 0
839 305 1
840 305 0
841 818 0
842 305 1
930 305 0
930 683 0
930 686 1
844 305 1
845 305 0
846 305 1
848 305 0
848 699 1
848 397 1
850 305 0
851 305 0
852 305 1
854 305 0
855 305 0
856 305 1
857 305 1
859 305 0
860 305 0
861 305 1
865 305 1
868 305 1
870 305 1
871 305 1
872 305 1
874 305 0
875 305 1
876 305 0
877 305 1
878 305 0
880 305 1
881 305 1
882 305 1
884 305 0
885 305 1
887 305 1
889 305 0
890 305 0
962 144 0
962 305 1
894 305 1
895 305 0
897 305 0
898 305 1
900 305 1
902 305 1
903 305 0
904 305 0
905 305 1
907 305 1
908 305 1
910 305 0
911 305 1
914 305 1
915 305 1
916 305 1
917 305 0
918 305 0
919 305 1
928 732 0
921 305 0
922 305 1
923 305 0
924 305 1
925 686 0
926 305 0
927 305 0
929 305 0
932 305 1
933 305 0
935 305 1
936 305 1
938 305 1
939 305 0
940 305 1
941 305 1
942 305 0
943 305 1
945 305 0
947 305 0
951 305 0
953 305 1
954 305 0
955 305 1
959 305 0
960 305 0
961 305 1
963 305 0
964 305 0
966 305 0
969 305 1
982 224 1
982 252 0
982 771 1
971 305 1
973 305 1
974 305 0
975 305 0
976 305 1
977 305 1
978 305 0
979 305 1
980 305 0
984 305 1
985 305 0
987 305 0
990 305 1
992 305 1
994 305 1
999 305 0
