0 216 1
0 62 0
0 842 1
216 252 1
216 348 0
1 886 0
886 315 1
2 886 0
3 886 0
4 886 1
7 704 0
704 886 0
8 886 0
9 886 1
10 886 1
11 886 1
12 886 1
13 581 0
13 886 0
581 563 1
581 886 0
14 886 1
16 659 0
16 886 0
659 753 1
659 886 0
659 644 0
17 886 1
19 604 0
19 886 1
604 146 1
604 886 0
20 886 0
22 886 1
23 262 0
262 322 0
262 886 1
24 886 0
25 175 0
25 886 0
25 222 0
25 119 1
175 215 1
175 886 0
26 886 1
30 886 0
31 959 1
959 44 0
959 743 0
32 886 1
34 531 0
531 685 1
531 886 0
35 678 1
35 318 0
35 983 0
678 893 1
36 735 1
36 886 1
735 113 0
735 886 1
735 820 0
735 36 0
38 886 1
39 886 1
40 518 0
40 886 0
40 376 1
40 199 0
518 555 0
518 886 1
518 810 0
518 731 0
41 886 0
41 972 1
972 547 0
972 886 0
42 886 0
43 886 1
44 886 1
45 886 1
48 886 0
49 522 1
522 532 1
522 886 0
52 886 1
54 886 1
56 886 1
57 886 0
59 886 1
60 251 0
60 886 1
251 457 0
251 886 1
61 533 0
533 577 0
533 886 1
62 162 0
62 252 0
162 886 1
162 888 1
63 886 0
65 886 0
66 886 1
67 886 0
68 177 1
177 886 1
177 980 0
177 631 1
70 886 1
71 636 1
71 886 0
636 274 1
636 886 0
72 886 0
73 886 1
75 886 0
78 368 1
368 372 1
79 768 1
79 886 0
768 611 1
768 685 0
81 886 0
82 886 0
83 886 0
84 886 0
85 886 1
86 395 1
86 886 0
395 326 0
88 886 1
89 733 0
733 505 0
91 605 1
605 989 1
92 728 0
92 886 1
728 199 1
728 886 1
728 376 1
93 886 1
94 886 1
95 886 1
96 810 0
96 886 0
96 446 0
96 518 1
96 671 0
810 288 1
810 886 1
97 864 1
864 434 1
864 886 1
864 842 0
98 886 1
100 886 0
101 886 1
102 886 0
103 546 0
546 309 1
546 886 1
104 222 1
104 886 0
222 517 1
222 886 1
222 215 0
107 886 1
109 886 1
110 886 0
111 886 0
112 626 1
112 886 1
626 691 1
626 886 0
113 36 0
113 735 0
114 439 1
439 720 1
439 886 1
439 204 0
115 886 1
116 948 0
948 565 0
948 886 1
117 886 0
118 886 0
119 250 1
119 886 1
119 215 0
250 379 0
250 821 0
120 886 0
121 771 1
771 127 0
771 886 1
124 593 1
124 886 1
593 130 1
126 454 1
454 727 1
454 886 0
454 305 0
127 121 0
127 886 0
128 886 0
129 886 1
130 124 0
130 886 1
131 142 0
142 651 0
132 886 0
133 886 0
133 973 0
973 236 1
973 842 1
134 886 0
135 399 1
135 724 1
399 886 0
399 921 1
136 886 0
137 886 0
138 886 1
139 886 1
140 559 0
140 886 1
559 292 1
559 886 0
559 251 1
141 886 0
651 131 0
651 886 1
143 886 1
144 886 0
144 891 0
891 886 0
891 962 1
145 886 0
146 19 1
146 886 0
147 886 0
148 886 0
150 886 1
151 886 1
152 830 0
830 707 0
830 886 0
153 886 1
154 637 0
154 886 0
637 886 1
637 950 0
155 886 1
158 886 1
159 886 1
160 442 0
160 199 1
442 629 1
442 886 1
161 886 0
888 62 0
888 886 0
888 708 1
163 886 0
165 886 0
167 886 0
170 818 0
170 886 0
818 469 1
818 886 0
171 886 1
173 886 0
174 357 0
174 886 0
357 255 1
357 886 1
357 415 1
215 25 0
176 913 1
913 539 0
980 68 1
179 723 0
179 886 0
179 915 1
723 886 1
723 947 0
180 441 1
180 886 0
441 273 0
441 886 1
182 781 0
781 478 0
183 886 1
184 886 1
186 886 1
188 259 1
188 765 0
259 515 1
189 886 0
190 886 0
192 886 1
193 886 1
194 886 1
195 886 1
196 886 1
197 886 0
198 886 0
199 92 1
199 886 0
199 555 1
199 442 0
201 886 1
202 886 1
203 886 0
204 730 1
730 279 0
730 886 0
730 439 1
205 886 0
206 886 1
207 886 0
208 886 1
209 886 1
210 886 0
211 824 1
211 886 0
211 745 0
824 744 0
212 284 1
212 886 1
284 901 1
213 872 1
213 886 1
213 644 0
872 765 0
872 188 1
214 886 1
252 0 1
252 886 0
217 886 0
218 886 0
219 886 0
220 886 1
517 104 1
517 886 0
223 886 1
224 970 0
224 798 1
970 886 1
970 982 1
226 886 0
228 886 1
229 350 1
229 886 1
350 886 0
350 965 1
231 886 1
232 587 1
232 886 1
587 770 0
587 886 0
233 886 1
234 886 1
235 886 0
236 133 1
237 979 0
979 416 0
979 886 1
239 886 1
240 886 1
244 248 0
244 886 1
248 376 1
248 886 0
248 988 1
245 540 1
245 886 1
245 820 0
540 496 0
540 886 0
246 886 0
247 886 0
376 244 0
376 886 0
376 555 0
376 92 0
249 886 0
379 119 1
379 886 1
457 60 1
457 886 1
457 559 0
253 886 1
254 692 0
254 886 1
692 631 0
692 886 0
255 174 0
255 886 1
257 886 0
515 188 1
515 430 0
515 727 1
260 886 1
261 342 1
261 901 0
342 335 0
322 23 0
322 886 1
263 886 1
264 886 1
265 886 0
266 886 0
267 886 1
269 886 0
270 886 0
271 886 1
273 180 1
273 291 0
274 71 1
274 886 1
274 415 0
275 886 0
277 886 1
278 389 0
389 480 1
279 204 1
279 886 1
281 886 0
282 886 0
901 212 1
901 886 1
901 342 1
285 886 1
288 96 0
288 886 0
289 348 0
289 886 0
289 216 1
348 305 1
348 886 0
290 886 0
291 718 0
291 886 0
718 640 1
718 886 0
292 140 0
293 886 1
294 725 1
294 886 0
725 783 0
725 708 1
296 886 1
297 886 0
298 886 0
299 879 1
299 886 1
299 659 1
299 599 1
299 213 1
879 644 0
301 886 1
301 977 1
977 731 0
977 886 1
977 518 0
302 886 0
303 328 1
303 886 1
328 807 0
328 886 0
328 928 1
304 911 0
911 748 0
911 886 1
911 732 0
305 289 0
305 886 0
305 126 1
305 666 1
305 540 1
305 781 0
306 886 0
307 886 0
308 886 0
309 103 0
309 886 1
310 403 1
310 886 0
403 886 1
403 996 1
403 983 1
311 886 0
315 93 1
315 886 0
316 886 0
317 886 0
318 382 1
318 886 0
318 893 1
318 586 0
382 472 1
382 886 0
320 886 0
321 886 1
323 886 1
326 86 1
326 886 0
326 928 1
807 303 0
807 886 0
329 821 0
821 803 0
821 379 1
330 886 1
331 886 1
332 886 0
333 886 0
334 886 1
335 261 1
336 886 0
337 886 0
338 886 1
339 886 1
341 886 1
343 886 1
345 886 1
345 915 0
915 352 0
915 886 1
915 947 0
346 886 1
349 886 0
965 229 0
351 886 0
352 345 0
352 886 0
353 886 1
354 886 0
355 886 1
358 886 0
359 886 1
362 654 1
362 886 0
654 886 1
654 903 0
363 886 1
364 886 1
365 345 1
366 886 0
372 78 0
372 886 0
369 886 0
371 886 1
373 886 0
374 886 1
375 886 0
378 671 1
378 886 1
671 873 0
671 886 1
671 810 1
671 427 0
472 318 1
472 886 0
383 886 0
385 886 0
386 886 1
388 886 0
388 956 1
956 516 1
956 886 1
480 278 0
480 886 1
390 886 1
391 886 0
392 673 1
392 886 0
392 565 1
673 620 0
394 886 1
396 886 1
397 826 1
397 886 1
397 925 1
826 508 0
398 886 0
921 135 0
921 886 1
400 886 1
401 886 1
402 886 1
996 310 1
996 886 1
404 886 0
405 886 1
406 886 0
407 491 1
407 886 0
491 463 1
408 886 0
409 886 0
411 680 0
411 886 1
680 452 0
412 886 0
413 886 0
414 886 0
415 867 1
415 886 0
415 174 1
415 636 0
867 749 0
416 237 1
416 422 0
417 886 1
419 886 1
420 886 1
421 886 0
422 745 1
422 886 1
422 979 0
745 464 1
745 886 1
423 886 0
424 886 0
426 886 0
427 857 0
427 886 1
857 755 1
857 886 1
857 927 1
857 671 0
428 886 1
429 589 1
429 886 1
589 633 1
589 886 0
430 886 0
431 886 0
432 886 0
433 886 1
434 97 0
434 886 1
435 886 0
436 886 1
437 886 1
438 886 1
720 114 1
720 886 1
440 886 0
629 160 1
443 886 1
444 886 0
445 886 1
446 481 1
446 810 1
481 684 0
481 886 1
447 886 1
449 886 1
450 886 0
452 411 1
452 886 0
727 126 1
727 886 1
727 259 1
458 886 0
459 886 0
463 407 1
463 886 0
464 422 0
464 211 1
466 886 0
467 886 1
468 721 1
721 886 0
721 993 1
469 170 1
469 886 1
471 886 0
473 506 1
506 842 1
474 886 1
475 886 0
476 886 1
477 886 0
478 182 0
478 305 0
479 886 0
684 446 0
684 886 1
485 886 1
486 886 1
488 886 1
492 886 0
495 886 0
496 245 1
496 886 0
496 305 1
497 886 0
498 886 0
499 886 1
500 886 1
501 886 0
504 715 0
504 950 1
715 623 0
715 886 0
505 89 0
505 886 1
842 473 1
842 886 0
842 236 1
842 252 1
842 97 0
507 886 0
508 397 0
508 886 1
510 886 1
514 886 0
516 388 1
516 886 0
555 40 1
555 886 0
519 886 0
520 886 1
521 523 1
521 886 0
523 687 1
523 886 1
532 49 0
687 521 1
687 886 0
524 886 1
525 886 1
526 886 0
527 886 0
529 886 0
530 886 0
685 34 1
685 886 0
685 611 1
577 61 1
577 886 1
577 686 1
534 886 0
536 739 1
536 886 1
739 668 1
537 886 1
538 886 1
539 176 0
539 886 1
541 886 0
542 886 0
545 886 0
547 41 0
547 886 1
548 886 1
550 886 0
551 886 0
553 886 1
553 912 1
912 713 1
554 886 1
560 886 1
561 886 1
562 886 0
563 13 1
563 886 0
563 822 0
564 886 1
565 116 0
565 886 0
565 673 0
566 886 1
568 886 0
569 886 1
570 886 0
573 886 1
574 886 0
575 886 1
576 886 1
580 886 1
582 886 1
583 886 1
584 886 0
586 886 0
586 946 0
946 988 1
946 318 1
770 232 1
588 886 1
633 429 1
633 886 1
590 886 0
591 886 1
592 886 1
594 806 1
594 886 1
806 798 0
806 886 0
595 642 0
595 886 1
642 886 0
642 937 1
596 886 0
598 886 0
599 639 1
599 886 0
599 644 0
639 853 1
639 886 1
601 886 1
602 886 1
989 91 0
989 886 0
606 886 0
608 886 1
610 886 1
611 79 0
611 886 1
612 886 1
614 886 1
615 886 1
616 886 0
617 886 0
618 886 0
619 886 0
620 392 0
620 886 1
622 886 0
623 504 0
623 886 1
624 886 0
625 886 0
691 112 1
691 886 1
627 886 0
630 886 1
631 254 0
631 980 1
632 886 1
634 886 1
635 886 1
950 154 0
950 886 1
950 715 1
853 599 1
853 886 1
640 291 1
640 273 1
937 595 0
937 886 0
643 886 0
644 299 1
644 886 1
646 886 1
649 886 0
652 886 0
903 362 0
655 886 1
656 886 1
657 886 1
658 886 1
753 16 1
753 886 1
660 886 1
662 886 0
663 886 1
664 886 1
664 958 0
958 689 1
958 886 0
666 714 1
714 708 1
714 886 0
714 305 0
667 886 0
668 536 0
668 886 0
669 886 1
670 886 0
873 378 0
672 886 1
674 886 1
675 886 1
677 886 1
893 35 1
681 886 0
682 772 0
772 822 0
772 886 0
683 843 1
683 886 1
843 886 1
843 930 0
686 886 0
686 931 0
686 533 1
931 886 0
931 925 0
931 397 1
688 886 0
689 664 0
690 886 0
693 886 0
695 886 1
697 886 1
699 892 1
892 848 1
700 886 0
701 886 1
702 886 0
703 886 0
705 886 0
706 886 0
707 152 0
708 666 1
708 294 0
708 162 0
709 886 0
710 886 1
711 886 1
712 886 0
713 553 0
713 886 0
716 886 1
717 886 0
719 886 1
993 468 1
993 886 1
947 179 0
947 886 1
724 811 0
724 886 0
811 814 1
811 886 1
811 135 0
811 927 1
783 294 0
783 886 0
726 886 1
731 301 0
731 886 0
732 886 0
732 920 0
920 928 1
920 911 0
734 886 1
736 886 1
740 886 1
742 886 0
743 31 0
744 211 0
744 886 0
746 886 0
747 983 1
747 245 1
747 735 1
983 820 0
983 886 0
983 893 1
983 996 0
748 304 1
749 415 1
750 886 0
751 886 1
752 886 0
754 886 1
755 427 0
756 886 0
759 886 0
761 886 0
762 886 1
764 886 0
765 213 0
765 886 0
766 886 1
767 886 0
769 886 1
822 682 0
822 581 0
775 886 1
776 886 0
777 886 0
777 904 1
904 886 0
904 927 1
778 306 1
782 886 1
785 886 1
787 886 0
788 886 1
789 886 1
790 886 1
791 886 0
792 886 1
795 886 1
796 886 1
797 886 1
798 594 0
798 970 1
799 886 0
800 886 0
801 886 1
802 886 0
803 329 0
803 886 0
804 886 1
805 886 0
808 886 1
809 886 0
814 724 1
814 886 1
812 886 1
815 886 0
817 886 1
820 747 1
825 886 0
827 886 0
831 886 1
832 886 1
833 886 1
835 886 0
836 886 0
838 886 0
840 886 1
930 683 0
930 886 1
844 886 1
845 886 0
846 886 1
848 699 1
848 886 1
848 928 1
850 886 1
851 886 0
852 886 0
854 886 0
855 886 1
856 886 0
863 886 0
869 886 1
870 886 0
871 886 0
874 886 1
875 886 1
876 886 0
877 886 1
878 886 1
880 886 0
884 886 1
885 886 1
890 886 0
962 144 1
962 886 0
896 886 1
897 886 0
900 886 1
902 886 1
927 777 0
927 886 1
927 724 0
927 427 1
905 886 0
907 886 0
908 886 1
910 886 0
914 886 0
916 886 1
917 886 1
918 886 1
919 886 1
928 732 1
928 699 1
928 395 1
928 807 0
923 886 0
924 886 1
925 686 0
926 886 1
933 886 1
934 886 1
935 886 1
936 886 1
938 886 0
939 886 1
940 886 1
941 886 1
942 886 0
945 886 1
988 586 0
988 244 1
949 886 0
951 886 0
953 886 1
955 886 0
957 886 0
961 886 0
964 886 1
968 886 0
969 886 0
982 224 0
971 886 0
974 886 0
975 886 0
976 886 0
978 886 1
985 886 0
986 886 1
987 886 1
990 886 1
991 886 1
992 886 0
994 886 0
995 886 0
999 886 0
