0 16 0
16 52 1
16 197 0
3 197 1
197 63 0
4 176 1
176 57 0
176 79 1
176 197 0
176 195 0
176 150 0
5 36 0
5 197 1
36 135 0
6 197 0
7 103 0
7 197 0
103 155 0
8 197 0
10 88 0
88 96 0
88 127 0
88 197 1
88 86 0
88 195 0
11 85 1
11 197 0
85 80 0
85 180 1
85 130 0
12 197 1
14 93 0
14 197 0
93 115 0
93 197 1
15 197 0
52 0 0
52 97 1
52 59 1
52 154 0
17 159 0
17 197 1
159 197 0
18 41 0
18 197 1
41 69 0
41 86 0
41 54 0
20 30 0
30 107 0
30 180 1
22 82 0
22 42 0
22 131 0
22 115 0
82 172 1
82 197 0
23 196 0
23 197 0
196 197 1
24 170 0
24 197 1
24 39 0
24 113 1
170 182 0
170 197 0
26 92 1
26 197 0
26 86 0
26 150 1
92 37 0
92 197 0
29 160 0
29 131 0
29 116 0
160 59 1
160 63 1
160 52 0
160 69 0
107 20 0
107 197 0
107 195 0
107 135 0
107 96 0
31 197 0
32 187 0
187 54 1
33 150 0
33 127 0
33 183 0
33 44 0
33 52 0
150 154 1
150 197 0
150 4 0
150 92 1
150 116 0
34 97 0
34 114 0
34 145 1
97 64 1
35 15 0
35 93 0
35 197 1
35 54 0
35 22 0
135 5 0
135 197 1
135 20 0
135 94 0
37 26 0
37 197 0
37 130 0
37 91 0
39 53 0
39 197 1
39 156 0
39 170 0
53 199 1
40 118 0
40 197 0
40 34 0
40 44 0
118 145 0
118 197 0
118 132 1
118 114 0
118 131 1
69 18 0
69 159 0
69 197 0
69 199 1
69 103 0
69 59 0
42 89 0
42 197 1
89 158 0
89 128 0
89 22 0
89 195 0
44 48 0
44 62 0
44 197 1
44 114 0
44 91 0
44 145 1
44 154 0
48 91 1
48 197 0
48 37 1
48 195 0
48 44 1
62 197 1
46 197 0
91 44 1
91 197 0
50 197 0
51 197 0
199 39 0
199 197 0
54 32 0
54 197 0
54 115 0
54 18 0
55 197 1
57 197 0
58 197 0
59 29 1
59 197 0
60 87 0
60 197 0
87 197 0
63 108 0
63 59 0
108 197 0
108 44 0
64 34 0
64 197 0
64 158 0
64 52 1
66 114 0
66 34 0
66 44 0
66 118 0
114 127 0
67 197 0
68 197 0
73 180 1
73 197 1
73 85 0
73 30 0
180 113 0
180 197 1
74 197 0
78 192 0
78 197 0
78 131 1
78 153 0
192 189 0
192 197 0
79 4 0
79 116 0
80 11 0
80 128 0
80 96 0
172 22 0
83 158 0
83 197 1
158 42 0
158 197 1
158 97 0
84 197 0
86 131 0
86 18 1
86 92 0
86 10 0
131 126 0
131 197 0
96 10 0
96 116 0
96 11 1
96 20 0
127 66 0
127 197 1
127 154 0
127 116 1
127 153 0
115 35 0
94 125 0
125 183 1
125 197 1
125 135 0
101 35 0
101 197 0
155 7 0
155 69 0
104 7 0
104 197 0
105 197 0
109 197 0
110 197 0
111 197 0
112 195 0
112 128 0
112 78 1
112 127 0
195 153 0
195 197 0
195 20 0
195 91 1
195 42 0
195 10 0
195 4 0
113 73 0
113 197 1
113 170 0
116 148 0
116 197 0
148 165 1
148 197 0
148 96 0
148 29 0
148 127 0
148 79 0
148 150 0
117 197 0
145 40 0
145 197 0
120 128 0
120 197 0
120 118 1
120 124 0
128 132 1
128 197 0
128 153 0
128 42 0
128 11 0
121 197 0
122 197 0
123 197 1
124 193 0
124 197 1
124 132 0
193 130 0
193 181 1
193 197 0
193 37 1
193 85 0
183 94 0
183 133 0
183 197 1
183 154 0
126 86 0
126 29 0
126 78 0
126 22 0
126 118 0
132 120 1
129 197 0
130 124 0
133 197 0
136 87 0
136 197 0
137 197 0
140 197 0
143 197 1
146 197 1
165 116 0
149 197 0
154 33 1
154 197 1
152 188 1
152 197 0
152 39 0
188 156 0
188 197 0
153 112 0
153 197 0
156 152 0
161 197 1
167 197 0
182 24 0
182 113 1
182 197 0
171 197 0
173 197 1
177 197 0
178 197 0
181 197 0
185 197 0
189 78 0
189 197 0
190 197 0
198 180 0
198 197 0
