0 16 0
0 52 0
0 34 1
0 39 0
0 180 0
16 52 0
1 5 0
1 47 0
1 145 0
5 180 0
47 57 0
47 79 0
145 34 0
145 180 0
3 132 1
3 180 0
132 120 0
132 180 0
180 113 0
180 172 0
180 10 0
180 53 0
180 97 0
180 94 0
180 16 0
4 42 0
4 180 0
42 180 1
6 136 0
6 174 1
6 180 0
136 180 0
174 29 0
174 180 0
10 18 1
10 29 1
10 88 0
10 180 0
18 41 1
18 60 0
18 104 1
29 180 1
88 96 1
88 180 0
88 39 0
88 52 1
11 180 1
11 189 0
189 180 0
12 180 1
13 11 0
13 168 0
13 180 0
168 123 1
168 180 1
14 180 1
15 136 0
15 180 0
52 0 0
52 180 1
52 97 0
52 16 0
52 132 0
52 10 1
52 53 0
52 113 0
17 180 0
41 69 0
41 22 0
41 39 0
41 96 0
41 34 0
60 180 0
104 73 0
104 180 1
19 145 0
19 180 0
20 180 0
21 162 1
21 170 0
21 180 0
162 180 0
170 180 0
170 182 0
22 72 1
22 82 0
22 180 0
22 18 0
22 94 0
22 132 0
22 172 1
22 170 0
22 53 0
72 180 1
82 27 0
82 172 0
82 173 0
82 180 0
82 128 0
82 22 0
82 39 0
23 145 0
23 180 1
24 47 0
24 170 0
24 180 0
24 182 1
24 22 0
25 180 0
26 130 0
26 180 0
130 180 1
27 180 0
31 4 0
31 131 0
131 180 0
32 27 1
32 180 1
33 180 1
34 97 0
34 180 0
34 53 0
34 18 0
34 94 0
34 16 0
97 64 0
97 180 0
35 180 0
36 180 0
37 180 0
38 66 0
38 82 0
38 170 0
66 180 1
39 53 0
39 129 0
39 180 0
39 18 0
39 10 0
39 94 0
39 132 1
39 16 1
39 172 0
39 97 0
53 199 0
129 93 0
129 180 1
40 180 0
69 18 0
69 46 0
69 146 0
69 113 0
69 132 0
69 94 0
43 18 0
43 66 0
43 195 0
195 66 1
195 180 0
44 14 1
44 74 0
74 180 0
46 180 0
57 42 0
57 180 0
79 112 0
79 180 0
48 180 1
49 180 0
50 180 0
51 101 0
51 156 0
51 170 0
101 146 0
101 176 0
156 148 0
156 180 0
199 39 1
199 180 0
199 34 1
199 182 1
199 96 0
199 22 0
199 52 0
54 93 0
54 180 0
93 180 0
56 145 0
56 180 1
58 73 1
58 80 0
58 180 0
73 180 1
73 128 1
73 69 0
73 96 0
73 52 0
73 183 0
80 180 0
59 180 0
61 180 0
62 34 1
62 180 0
64 29 0
64 34 0
64 180 0
64 52 1
64 96 1
64 39 0
65 136 1
65 180 0
67 180 0
68 61 0
68 180 0
146 29 0
146 180 0
70 146 0
70 177 0
70 189 0
177 180 1
71 180 1
75 89 0
75 115 0
89 145 0
89 180 1
115 180 0
76 91 0
76 180 0
91 127 1
91 180 0
78 37 0
78 180 0
112 180 0
81 180 0
172 22 1
172 112 0
172 180 0
173 131 1
173 180 0
83 180 0
84 180 1
86 126 0
86 130 0
86 180 0
126 180 0
87 180 1
96 10 0
96 17 0
96 117 0
96 94 1
96 18 0
96 97 0
96 113 0
96 53 1
127 180 0
92 128 0
92 180 0
128 132 0
128 180 0
128 113 0
128 172 0
94 66 1
94 125 1
94 180 0
125 183 0
125 96 1
125 22 0
125 39 1
125 34 1
125 182 0
125 180 1
125 69 1
117 180 0
176 37 0
176 142 0
103 180 0
105 180 1
106 72 0
106 180 0
107 29 0
107 180 0
108 180 1
109 180 0
111 46 1
111 180 0
113 73 0
113 180 0
114 80 0
114 180 1
116 180 0
118 29 1
118 186 1
186 29 0
186 180 0
119 33 0
119 73 1
119 112 0
120 128 0
120 180 0
120 182 1
120 52 0
120 39 1
120 22 0
120 69 1
121 180 0
122 145 0
122 180 1
123 180 1
124 21 0
124 39 0
124 180 0
183 34 0
183 94 0
183 180 0
183 113 0
133 127 1
133 188 0
188 180 0
135 66 0
135 180 0
137 112 0
137 161 0
161 180 0
138 108 0
138 180 0
139 40 0
139 71 0
139 81 0
140 180 0
141 66 0
141 180 0
142 180 0
143 39 0
143 180 0
144 162 0
144 180 0
148 133 0
148 180 0
149 180 1
150 176 0
150 180 0
151 180 0
152 180 0
152 192 0
192 180 1
153 146 0
153 180 0
154 180 0
155 36 1
155 80 1
155 180 0
158 101 0
158 119 1
158 180 0
159 14 0
159 72 0
163 29 0
163 117 0
163 180 0
164 133 0
164 172 0
166 31 0
166 145 1
166 180 0
167 5 0
167 180 0
169 133 0
169 180 0
182 24 1
182 59 0
182 180 0
182 53 0
182 132 0
182 170 0
182 94 0
171 108 1
171 180 0
175 180 0
178 180 0
179 180 0
179 198 1
198 180 0
181 29 0
181 180 1
184 56 0
184 69 0
184 101 0
185 180 1
187 12 0
187 180 0
190 60 0
190 180 0
191 64 0
191 180 0
193 89 0
193 180 0
194 47 1
194 94 0
194 180 0
196 180 0
197 17 0
197 38 0
197 58 0
