3 187 1
187 170 1
4 187 0
5 189 0
189 187 0
189 291 0
7 187 0
8 187 0
9 187 0
10 31 0
10 187 1
31 187 0
11 187 0
12 187 0
13 187 0
14 187 0
15 187 0
15 390 0
390 187 0
17 187 1
18 187 1
19 93 0
19 187 0
93 115 0
93 187 0
93 278 0
20 33 0
20 187 0
33 187 0
33 229 0
33 388 0
33 239 0
21 187 0
22 345 1
22 155 0
345 187 0
345 211 1
345 78 0
24 187 0
24 324 0
324 187 0
324 316 1
324 286 0
324 239 0
26 187 0
26 199 0
26 207 0
26 237 0
26 286 0
26 79 0
26 294 0
199 92 0
199 52 1
27 17 0
27 187 0
28 187 0
28 191 0
191 187 0
29 160 0
29 388 0
29 210 0
160 259 1
160 332 1
30 107 0
30 187 0
30 253 0
30 165 0
107 352 0
32 187 0
32 195 0
32 383 1
229 20 0
229 187 1
388 93 0
388 187 1
34 187 0
34 326 0
34 285 0
34 69 1
34 182 0
326 187 0
326 286 0
35 11 1
35 78 0
35 196 1
78 152 0
78 187 0
78 211 0
78 94 0
196 187 0
36 187 0
38 187 0
38 192 0
192 187 0
192 220 0
192 303 0
39 187 0
40 187 0
41 69 0
41 187 0
41 125 0
69 187 1
69 218 0
69 242 0
69 326 1
69 388 0
69 52 0
43 187 0
44 48 0
44 187 1
48 125 0
48 187 0
48 216 0
45 187 0
46 187 0
125 44 1
125 297 0
125 218 1
125 242 0
49 187 0
50 187 0
51 187 0
52 187 0
52 200 0
200 7 1
200 187 0
200 216 0
200 277 1
200 199 0
200 135 0
200 294 0
200 348 0
200 69 0
53 187 0
54 187 1
57 187 0
58 187 0
59 187 0
60 187 0
61 187 1
61 196 0
62 187 0
63 187 0
64 234 0
64 125 0
234 297 0
234 107 1
66 187 0
67 187 0
68 187 0
218 41 0
218 187 0
70 187 0
71 187 0
72 187 0
73 180 0
73 348 0
180 187 1
180 313 1
74 187 0
75 187 0
77 187 0
152 35 0
152 350 0
79 181 0
79 187 0
79 188 0
79 370 0
79 92 0
181 187 1
188 124 1
188 187 0
188 356 1
80 131 0
80 187 0
131 285 0
81 187 0
82 187 0
83 187 0
84 187 0
85 187 1
86 187 0
88 187 1
89 158 0
89 187 0
89 69 0
89 125 0
89 239 0
89 237 0
158 187 0
158 242 0
90 187 0
91 154 0
91 181 0
91 187 0
154 187 0
154 237 1
154 335 0
92 26 0
115 187 0
115 388 0
115 29 1
115 69 1
115 207 0
94 187 0
94 305 0
94 325 0
305 187 0
325 383 0
325 78 0
325 239 0
325 294 1
95 113 0
95 187 1
113 187 0
113 236 0
113 195 0
113 285 0
96 210 1
96 239 0
96 222 0
96 29 0
210 288 0
97 187 0
97 220 1
220 187 0
220 294 0
99 187 0
99 254 0
254 187 0
101 187 0
103 53 0
103 119 0
103 187 0
119 187 0
104 187 0
106 12 1
106 187 0
106 292 0
292 187 0
352 30 0
352 187 0
352 234 0
108 187 0
112 187 0
112 195 1
112 303 0
112 332 1
195 187 0
195 353 0
195 170 0
195 236 1
236 135 1
236 187 0
114 181 0
114 187 0
116 187 0
116 388 0
117 187 0
118 155 1
118 187 0
155 187 0
155 240 0
121 187 1
122 187 0
123 187 1
123 387 0
387 187 0
124 187 0
128 187 0
128 207 0
128 387 0
207 187 0
207 280 0
207 92 0
207 388 0
129 187 0
130 187 0
130 303 0
303 187 0
303 280 0
303 393 0
303 353 0
303 220 0
285 80 0
285 187 0
285 326 0
285 236 1
132 187 0
133 187 1
135 113 1
135 187 0
135 52 0
136 121 0
136 187 0
137 187 0
138 187 1
139 187 0
140 187 0
140 328 0
328 187 0
328 332 1
328 222 0
141 187 0
143 187 0
144 187 0
147 187 0
148 187 0
149 187 1
150 187 0
237 91 0
237 187 0
237 197 0
237 211 1
237 92 1
237 242 0
335 187 1
240 118 0
240 187 0
240 22 0
240 288 0
242 89 0
242 187 0
159 187 0
259 29 0
161 187 0
162 187 0
163 187 0
164 187 0
165 187 0
165 248 0
165 337 1
248 17 0
248 187 0
248 350 1
248 348 0
248 30 0
337 187 0
166 187 0
167 187 0
170 32 0
171 187 0
173 187 0
175 187 1
176 187 0
178 187 0
179 187 0
313 73 0
313 187 0
182 187 0
182 224 0
182 326 1
224 187 0
224 370 1
224 79 0
224 222 0
183 187 1
185 187 1
356 79 0
356 113 0
356 187 0
291 5 0
291 187 0
291 204 0
291 332 0
190 83 0
190 187 1
190 285 0
194 187 0
353 112 0
353 187 0
197 187 1
198 187 1
216 52 0
216 44 0
277 187 0
201 67 0
201 187 0
204 187 1
204 279 0
204 330 0
204 5 0
279 187 0
330 187 0
330 376 0
206 187 0
280 104 0
280 128 0
280 187 0
288 96 0
288 155 0
288 372 0
211 22 1
211 187 0
212 187 0
213 187 0
214 187 0
215 187 0
217 187 0
219 187 0
294 192 0
294 52 0
294 92 0
294 94 0
222 282 0
222 370 0
222 320 0
222 210 0
282 99 0
282 187 0
282 372 0
282 288 0
370 182 1
370 187 0
226 187 0
226 320 0
320 187 0
320 328 0
227 187 0
228 187 1
228 355 0
355 187 0
231 187 0
232 187 0
233 45 1
233 187 0
297 64 1
297 88 0
297 187 0
297 363 0
235 187 0
238 7 0
238 187 0
239 67 0
239 150 0
239 187 0
239 253 0
239 210 0
239 316 0
239 242 0
239 20 0
239 94 0
253 187 0
253 399 0
241 187 0
243 187 0
244 187 1
245 187 0
246 187 0
246 269 1
269 187 0
247 187 0
247 314 0
314 187 0
350 165 0
350 187 0
350 35 0
249 187 0
250 187 0
251 187 0
251 336 0
336 187 0
252 187 0
399 187 0
399 239 0
399 30 1
399 332 1
256 148 0
256 187 0
257 187 0
258 187 0
262 187 1
264 187 0
265 179 0
265 187 0
266 164 0
266 187 0
267 187 1
271 187 0
272 187 0
273 187 0
275 187 1
278 128 0
278 178 0
278 365 0
365 389 0
365 93 0
365 348 0
281 187 0
372 132 1
372 187 0
372 222 0
283 138 0
283 187 0
284 187 0
286 34 0
286 316 0
286 92 1
289 187 0
293 187 0
296 187 0
363 181 0
363 187 0
299 187 0
301 187 0
302 187 1
393 130 0
393 187 0
304 187 0
306 187 0
307 187 1
309 187 1
310 12 0
310 182 0
310 187 0
311 187 0
312 187 0
312 269 0
312 293 1
315 187 0
316 187 0
316 348 0
348 187 0
348 324 0
348 165 0
348 180 0
348 52 0
348 278 0
348 330 1
317 57 0
317 187 0
318 187 0
321 187 0
321 279 0
322 187 0
323 187 0
383 94 0
383 187 1
383 170 1
332 320 0
332 353 1
332 5 0
332 259 0
332 253 1
329 187 0
376 187 0
376 204 0
376 348 0
333 187 0
334 187 0
339 187 1
340 187 1
342 93 0
342 187 0
342 380 0
380 187 1
343 187 1
346 187 0
347 187 0
349 51 1
349 187 0
351 187 0
354 187 0
357 187 0
359 86 1
359 187 0
359 397 0
397 187 1
361 187 1
362 187 0
362 307 0
389 187 0
389 278 0
389 397 0
366 187 0
367 187 1
368 187 1
369 187 0
371 187 0
373 187 1
373 362 0
374 187 0
375 187 0
378 187 1
379 187 0
381 187 0
382 187 0
392 187 1
394 187 0
394 273 1
395 187 0
396 187 0
398 187 1
