0 243 1
243 83 1
3 243 1
4 243 0
5 189 1
189 291 1
189 259 0
10 243 1
10 339 1
339 243 1
339 268 0
11 18 1
11 243 1
18 243 1
18 263 1
12 243 1
13 243 1
14 243 1
15 243 1
17 243 1
263 11 1
263 320 1
263 91 1
19 243 1
20 33 0
20 243 1
33 229 1
33 110 1
21 243 1
22 345 0
345 211 0
345 197 1
24 147 1
24 243 1
147 144 1
147 243 1
26 199 1
199 92 1
29 160 0
29 323 1
29 218 0
160 259 1
160 189 1
160 93 0
160 254 1
160 342 1
30 107 1
30 374 1
30 220 1
30 370 1
107 243 1
107 352 1
32 187 0
32 243 1
187 170 1
187 155 1
229 20 0
229 243 1
229 339 1
229 126 1
229 396 1
34 243 1
34 326 1
326 243 0
326 286 1
35 78 1
78 152 1
78 243 1
36 243 1
37 67 0
67 215 1
67 243 1
38 243 1
39 243 1
40 243 1
41 69 1
41 243 1
41 29 0
69 218 1
42 243 1
44 48 1
44 243 1
48 125 1
48 262 1
48 118 0
48 197 1
45 243 1
46 243 1
47 243 1
125 44 1
125 131 1
49 122 1
49 79 1
122 243 1
122 349 1
50 243 1
51 243 1
51 342 1
51 324 1
51 229 1
51 204 1
51 84 0
342 243 1
342 396 1
342 259 1
52 200 1
200 216 1
200 349 1
55 243 1
56 243 1
59 243 1
60 243 1
63 243 1
64 234 1
64 110 1
234 297 0
234 280 1
66 114 0
114 108 1
114 243 1
215 37 1
215 243 1
215 210 0
68 212 0
212 84 1
212 181 0
212 243 1
218 41 1
218 243 1
72 243 1
73 180 0
73 243 1
73 93 1
180 243 1
180 313 1
74 243 1
75 243 1
77 243 1
152 35 0
152 207 1
79 188 1
79 243 0
79 122 0
188 243 0
188 356 1
80 131 1
80 125 1
131 285 1
81 243 1
82 243 1
83 257 1
257 243 1
257 84 1
84 68 1
84 243 1
84 83 1
84 396 1
85 243 1
86 243 1
87 243 1
87 260 1
87 91 1
87 253 1
260 251 1
88 243 1
88 252 0
88 348 1
88 389 1
252 243 1
252 262 1
348 243 1
348 324 1
348 195 1
89 158 1
89 182 1
89 285 0
158 242 1
158 243 1
158 188 0
90 243 1
91 154 1
91 243 1
154 237 1
154 243 1
154 87 1
154 263 1
92 26 1
93 115 1
93 243 0
93 259 1
93 273 1
93 292 0
93 180 0
115 243 1
115 388 1
115 350 1
94 243 1
94 325 0
325 383 1
325 255 1
325 204 1
95 178 1
95 243 1
178 243 0
96 210 0
96 215 1
210 288 1
97 243 1
99 243 1
99 301 1
99 93 1
99 204 1
301 243 1
301 292 1
301 278 1
301 320 1
101 243 1
103 243 0
104 243 0
105 243 1
352 30 0
352 243 1
108 66 1
108 243 1
109 243 1
110 205 1
110 243 1
110 297 1
110 20 1
205 203 0
205 243 0
112 195 1
112 243 1
112 288 1
195 243 1
195 353 1
195 316 1
113 236 0
113 243 1
236 135 1
388 93 1
388 243 0
116 172 1
116 243 1
172 214 1
172 243 1
117 243 1
118 90 1
118 155 1
118 243 1
118 44 0
155 240 1
120 243 0
120 393 0
393 130 1
393 243 1
121 243 1
121 371 1
371 162 1
371 243 1
371 323 1
371 253 1
349 49 0
349 243 1
349 52 1
349 205 0
349 278 0
349 372 1
123 243 1
124 243 1
126 243 1
126 254 1
254 127 0
254 243 1
254 259 1
127 126 1
127 229 1
128 207 1
128 234 0
207 72 1
207 243 1
207 280 1
207 35 1
130 243 1
130 303 1
303 393 1
285 80 1
285 243 1
285 242 1
132 243 1
134 243 1
134 299 0
299 243 1
135 113 1
136 243 0
139 243 1
141 243 0
142 243 1
143 243 1
144 24 1
146 243 1
151 243 1
153 151 1
153 243 1
153 313 1
313 73 1
313 243 1
237 91 1
237 243 0
237 339 1
240 118 1
240 243 1
240 187 1
240 182 0
242 89 1
242 243 1
159 243 1
159 395 0
395 243 0
259 29 1
161 243 1
162 121 1
164 243 1
165 248 1
248 243 0
248 350 0
167 243 1
168 243 0
170 32 0
171 243 1
214 116 1
214 243 1
174 243 0
175 243 1
179 243 1
181 243 1
182 224 1
182 243 1
182 155 0
182 242 1
224 243 1
224 370 1
224 30 0
185 243 0
186 243 1
356 79 1
356 383 1
356 158 0
291 5 1
291 243 1
291 324 0
192 220 0
192 243 0
192 30 1
220 243 1
220 294 1
193 243 1
194 20 0
194 206 1
194 243 1
206 198 1
206 243 1
353 112 0
196 243 1
197 226 1
197 211 0
197 44 1
226 243 1
226 308 1
198 194 1
216 52 1
216 260 0
201 243 1
203 110 1
203 243 0
203 337 1
203 222 1
203 349 1
337 243 1
204 243 1
204 330 0
204 396 1
204 94 1
204 292 1
330 376 0
280 128 1
280 243 1
288 96 1
288 243 1
288 353 0
211 22 1
211 243 1
213 243 1
219 36 1
219 218 1
219 243 1
294 192 1
294 243 0
221 243 0
222 282 1
222 205 1
222 320 1
282 243 1
282 372 0
282 349 1
370 182 1
370 243 1
225 243 0
308 197 0
228 243 1
232 243 1
233 243 1
233 328 1
328 243 1
328 332 1
328 301 1
328 222 1
328 263 1
297 64 1
297 243 1
235 243 1
238 243 1
239 253 1
253 399 1
241 243 1
350 165 0
350 388 1
251 87 1
251 243 1
251 216 1
251 324 1
262 88 1
262 44 1
399 201 1
399 239 1
399 243 0
399 371 0
399 87 1
255 74 1
255 243 0
255 374 0
255 94 0
374 243 0
374 357 0
258 243 0
264 243 1
265 243 1
266 243 1
267 243 1
268 336 0
336 243 1
336 248 1
336 339 0
336 237 1
269 243 1
271 243 1
272 382 1
272 93 1
382 243 1
382 273 1
273 272 1
277 243 1
278 365 1
365 243 1
365 389 1
365 301 1
365 349 0
281 243 0
372 222 1
284 243 0
286 34 1
286 243 1
287 243 1
287 321 0
321 323 0
321 371 0
321 29 1
292 99 1
293 243 1
296 243 1
302 243 1
305 243 0
306 243 1
307 41 0
307 243 1
309 243 1
311 243 1
314 243 0
316 243 1
316 348 1
318 243 0
320 243 1
320 328 0
323 243 0
323 287 1
322 243 1
324 243 1
324 316 1
324 396 1
324 5 1
324 260 0
383 94 1
383 243 0
383 188 1
332 320 1
329 243 0
376 204 1
376 243 1
333 243 1
334 243 1
338 243 1
340 3 1
340 243 1
396 51 1
346 243 1
355 243 0
357 255 1
357 30 1
358 243 1
359 243 1
360 243 0
362 243 0
362 348 0
363 243 1
364 3 1
364 243 1
389 243 0
389 278 1
389 252 1
366 243 1
367 243 0
368 243 1
369 243 1
373 243 1
377 243 1
378 243 0
379 243 1
380 243 0
381 243 1
386 107 1
386 243 1
390 243 1
391 243 1
394 175 1
394 243 0
398 243 1
