0 48 1
0 390 1
48 125 0
48 324 0
48 222 0
390 48 0
1 48 1
1 291 0
291 48 0
2 48 0
2 286 1
286 34 0
286 48 1
286 290 1
286 188 0
286 297 0
3 48 1
4 48 0
5 48 1
6 48 1
6 245 1
245 48 0
245 195 0
7 48 0
7 203 1
203 48 0
8 48 1
8 141 1
141 48 1
9 48 1
10 48 1
10 122 0
122 48 0
122 203 1
11 48 1
12 48 0
12 330 1
330 48 0
330 376 0
13 48 0
14 48 1
15 48 0
16 62 1
16 132 1
16 211 0
62 48 1
132 48 1
211 22 1
211 48 1
211 112 1
17 48 1
18 171 0
18 183 0
18 333 1
171 48 1
183 48 0
333 48 0
19 48 0
22 345 1
22 220 0
345 48 1
345 211 1
345 258 1
345 324 0
345 30 1
23 48 1
24 48 1
25 48 0
26 48 1
26 378 1
378 48 0
27 48 0
27 225 0
225 48 1
28 6 0
28 48 1
29 50 1
29 126 0
50 48 1
126 48 0
30 48 0
30 107 1
30 188 1
30 323 0
30 155 1
30 316 1
30 211 0
107 352 1
188 48 1
188 255 1
188 356 0
323 48 0
323 332 0
32 48 0
33 48 1
33 348 1
348 48 1
348 324 0
348 125 0
348 285 0
348 303 0
348 288 1
348 30 1
34 326 1
326 286 1
326 278 1
326 216 1
35 48 1
36 48 1
38 48 0
38 233 0
38 334 1
233 48 0
334 35 1
334 48 1
39 48 1
40 48 0
41 69 1
41 288 0
41 332 1
69 11 0
69 48 0
69 218 0
69 280 0
42 48 1
42 148 1
42 220 1
148 48 1
220 48 1
220 294 1
43 48 0
44 48 0
45 48 0
46 48 1
47 48 0
125 44 0
125 48 1
125 316 0
125 155 0
125 297 1
125 370 1
125 188 1
49 48 1
51 48 0
52 48 0
52 200 1
200 48 1
200 216 1
200 182 1
200 207 0
200 332 1
200 118 1
53 48 0
54 48 1
56 48 0
57 48 1
58 48 0
58 291 1
59 48 1
59 162 1
162 48 1
60 48 1
60 128 0
128 48 0
128 207 0
128 69 1
128 294 0
128 324 1
61 48 1
63 48 1
63 314 1
314 48 1
64 48 0
64 209 1
64 234 1
64 125 1
64 286 0
209 48 1
209 354 1
234 48 0
234 297 1
234 188 1
234 372 1
65 48 0
65 49 0
66 48 0
66 180 0
180 48 0
180 313 0
180 353 0
67 48 1
68 48 0
218 41 1
70 48 0
70 71 1
71 48 1
72 48 0
73 48 1
73 180 1
73 294 1
73 285 0
73 239 1
74 48 1
75 48 0
76 48 1
77 48 0
78 48 0
79 188 0
79 253 1
80 25 1
80 48 1
80 131 0
80 239 1
80 182 0
80 207 1
131 285 0
81 48 1
81 378 0
82 48 1
82 179 1
179 48 0
83 48 0
83 82 0
84 48 0
85 48 1
85 50 1
86 48 1
86 181 0
86 378 1
181 48 1
87 48 0
88 48 0
88 365 0
365 48 1
365 389 0
365 332 0
89 48 0
92 48 1
93 48 0
94 48 0
94 325 0
325 48 0
325 383 0
95 48 1
96 210 1
96 195 1
96 239 0
210 48 0
210 288 0
97 48 0
99 48 0
100 48 1
100 168 0
168 48 0
101 48 1
101 124 0
124 48 0
103 48 1
104 48 0
105 48 0
352 30 1
352 48 1
352 324 0
108 48 0
109 48 0
109 213 1
213 48 1
110 48 0
112 48 0
112 195 1
112 180 0
195 48 1
195 353 0
195 253 1
195 210 0
113 48 1
114 48 0
115 48 1
116 48 1
117 48 1
118 48 1
118 155 0
118 52 0
155 240 0
119 48 1
120 48 0
123 48 0
127 48 1
207 280 1
207 253 0
207 52 0
207 188 1
207 131 0
129 48 1
130 48 0
130 303 0
303 393 0
303 188 0
303 316 1
285 48 1
285 80 1
285 316 1
285 313 1
134 48 0
134 320 0
320 48 0
320 328 1
320 182 1
135 48 1
136 48 0
136 87 0
138 48 0
138 68 1
139 48 0
139 82 0
139 236 0
236 48 1
142 48 0
143 48 1
144 48 1
145 48 0
145 314 0
146 48 1
147 48 1
149 48 0
149 222 0
222 48 0
222 124 1
222 282 1
222 44 1
150 48 0
152 48 1
152 255 0
255 48 1
255 203 1
153 48 0
153 289 0
289 48 0
154 48 0
240 48 0
240 118 1
240 289 0
240 278 1
240 30 0
240 125 0
158 48 0
163 48 0
163 392 1
392 48 1
392 170 1
165 48 1
165 185 1
165 321 0
185 48 1
185 285 0
321 48 1
321 393 0
166 48 1
167 44 0
167 48 1
169 48 0
169 101 0
170 48 1
173 48 1
174 48 0
174 136 1
175 48 0
175 60 1
176 48 0
176 87 0
177 48 1
178 48 1
178 241 0
241 15 0
241 48 0
313 73 0
182 48 1
182 224 0
182 52 0
182 131 0
182 330 1
182 328 0
224 48 1
224 370 1
224 216 0
224 125 0
187 290 0
187 320 1
290 48 0
356 48 0
356 79 1
356 216 1
356 234 0
356 303 1
356 332 1
356 207 0
356 286 1
356 125 1
356 324 0
189 48 1
190 10 1
190 48 0
191 48 0
191 122 0
192 48 0
192 220 1
192 22 1
192 324 1
192 239 1
193 48 0
194 48 0
353 48 1
353 112 0
196 48 1
197 48 0
198 48 1
216 48 1
216 52 0
216 188 1
216 370 0
216 34 1
201 48 0
201 392 0
204 48 1
204 87 0
204 330 0
206 48 1
280 48 0
280 128 0
280 179 0
208 48 0
354 48 1
354 322 0
288 48 0
288 96 0
288 218 1
288 316 0
288 253 1
212 48 1
214 48 1
215 48 1
217 48 0
219 48 0
294 192 0
294 280 0
294 313 1
221 48 0
282 48 0
282 372 1
282 234 1
223 48 1
370 48 0
370 182 0
226 48 1
226 168 1
229 48 0
230 12 0
230 48 0
230 255 1
231 48 1
232 48 1
297 64 0
235 48 1
237 48 0
238 48 0
239 48 0
239 253 0
239 131 1
239 220 1
239 313 0
239 210 0
253 48 0
253 87 1
253 399 1
242 48 1
243 48 0
244 48 1
246 48 0
246 108 1
246 340 1
340 48 0
247 48 0
248 48 1
249 48 1
250 48 1
250 81 1
251 48 0
252 48 1
252 174 1
399 48 1
399 231 0
399 239 1
399 195 0
399 207 1
399 288 0
399 79 0
254 48 0
256 48 0
256 317 0
256 389 0
317 48 0
389 48 0
389 278 1
257 48 1
258 89 0
258 332 1
332 48 0
332 320 0
332 188 0
332 218 0
332 52 1
332 389 1
259 78 1
259 282 1
260 48 0
260 158 0
261 48 0
262 48 0
262 143 1
263 48 1
266 48 1
267 48 1
267 377 0
377 168 0
377 320 1
269 48 1
271 48 0
272 48 1
273 48 1
274 48 0
274 51 1
275 48 0
277 48 0
278 48 0
278 365 1
278 155 0
278 34 0
281 48 1
281 169 0
281 181 1
372 48 0
372 87 0
372 222 1
284 48 1
287 48 1
292 48 1
292 181 0
296 48 0
298 48 0
299 48 1
299 125 0
301 48 0
301 302 1
302 48 1
393 48 1
393 130 1
393 324 0
305 48 1
306 48 0
307 48 1
307 181 0
308 26 1
308 48 0
309 48 1
312 48 0
312 288 0
315 48 1
315 320 0
316 48 1
316 348 0
316 378 0
318 48 1
328 48 1
328 332 0
322 48 1
324 48 1
324 316 1
324 220 0
324 107 1
324 44 0
324 211 0
324 130 1
324 280 1
324 188 0
383 48 1
383 94 0
383 158 0
329 48 1
376 48 1
376 86 0
376 204 0
376 182 0
331 48 0
335 48 0
335 105 1
336 48 0
337 48 0
338 48 0
342 48 1
343 48 1
346 48 0
347 48 0
349 48 0
350 48 0
351 48 0
355 48 1
357 48 1
358 48 1
361 48 1
362 48 1
363 48 0
363 361 1
364 48 1
366 44 0
366 48 0
367 48 0
369 48 0
369 378 1
371 48 0
373 48 0
373 236 0
374 48 1
379 23 1
379 48 0
381 48 0
382 48 0
385 48 0
386 48 0
386 124 0
387 48 1
388 48 1
391 48 1
391 321 0
394 48 0
395 48 1
395 330 1
397 48 1
398 48 1
