--------------------Select motifs----------------
(295, 974) (295, 1284) (974, 1284) 
(216, 746) (746, 1721) (216, 1721) 
(999, 371) (999, 88) (371, 88) 
(718, 851) (718, 454) (851, 454) 
(1182, 1482) (469, 1182) (469, 1482) 
(499, 906) (1210, 906) (499, 1210) 
(41, 715) (715, 266) (41, 266) 
(1035, 478) (2, 1035) (2, 478) 
(763, 1341) (430, 763) (430, 1341) 
(1239, 1671) (1671, 509) (1239, 509) 
(152, 484) (152, 947) (484, 947) 
(536, 1729) (1102, 1729) (1102, 536) 
(1602, 195) (567, 195) (567, 1602) 
(63, 734) (75, 734) (75, 63) 
(1009, 23) (506, 1009) (506, 23) 
(1095, 1643) (1643, 1529) (1095, 1529) 
0.txt	16	83ms
--------------------Select motifs----------------
(1422, 134) (134, 1445) (1422, 1445) 
(1618, 812) (812, 72) (1618, 72) 
(1297, 1157) (1297, 1266) (1157, 1266) 
(125, 1006) (150, 1006) (125, 150) 
(1338, 1640) (1338, 898) (1640, 898) 
(1602, 15) (324, 15) (324, 1602) 
(420, 464) (827, 464) (827, 420) 
(1680, 1484) (535, 1680) (535, 1484) 
(677, 38) (38, 950) (677, 950) 
(84, 700) (84, 294) (700, 294) 
(1536, 600) (600, 1003) (1536, 1003) 
(1194, 637) (216, 1194) (216, 637) 
(1077, 884) (743, 884) (743, 1077) 
(531, 1423) (531, 920) (920, 1423) 
(71, 435) (71, 1643) (1643, 435) 
1.txt	15	87ms
--------------------Select motifs----------------
(1569, 1383) (1200, 1383) (1569, 1200) 
(1661, 1175) (752, 1175) (1661, 752) 
(313, 329) (1707, 329) (1707, 313) 
(945, 1137) (945, 1010) (1137, 1010) 
(1528, 627) (960, 627) (960, 1528) 
(964, 510) (1194, 510) (1194, 964) 
(907, 1445) (907, 668) (1445, 668) 
(783, 33) (783, 118) (33, 118) 
(279, 1033) (381, 1033) (381, 279) 
(720, 28) (720, 1682) (28, 1682) 
(1091, 1070) (1091, 379) (1070, 379) 
(218, 702) (1281, 702) (1281, 218) 
(193, 628) (628, 1379) (193, 1379) 
(730, 936) (644, 730) (644, 936) 
(319, 1584) (1052, 1584) (319, 1052) 
(277, 180) (737, 277) (737, 180) 
(1685, 252) (1685, 1027) (1027, 252) 
(894, 57) (1732, 57) (1732, 894) 
2.txt	18	105ms
--------------------Select motifs----------------
(124, 758) (524, 124) (524, 758) 
(1281, 334) (1690, 334) (1690, 1281) 
(478, 1499) (912, 1499) (478, 912) 
(340, 1135) (2, 1135) (340, 2) 
(685, 1186) (940, 1186) (940, 685) 
(1235, 1355) (1235, 464) (1355, 464) 
(118, 766) (818, 766) (118, 818) 
(799, 740) (799, 960) (740, 960) 
(197, 457) (1547, 457) (197, 1547) 
(1196, 138) (1007, 138) (1196, 1007) 
(1203, 470) (1461, 470) (1461, 1203) 
(1390, 504) (1390, 1365) (1365, 504) 
(1467, 1136) (1467, 772) (772, 1136) 
3.txt	13	78ms
--------------------Select motifs----------------
(360, 38) (38, 1557) (360, 1557) 
(1660, 440) (1660, 10) (10, 440) 
(690, 507) (690, 567) (567, 507) 
(72, 1180) (1154, 1180) (72, 1154) 
(85, 1342) (432, 1342) (85, 432) 
(1490, 339) (1485, 339) (1485, 1490) 
(114, 50) (50, 467) (114, 467) 
(129, 1708) (129, 288) (288, 1708) 
(904, 1312) (1132, 1312) (904, 1132) 
(816, 1267) (1464, 816) (1464, 1267) 
(1177, 848) (1470, 848) (1470, 1177) 
4.txt	11	73ms
--------------------Select motifs----------------
(297, 557) (297, 1471) (1471, 557) 
(519, 756) (756, 230) (519, 230) 
(1186, 850) (1186, 534) (850, 534) 
(1025, 1005) (591, 1005) (591, 1025) 
(1179, 890) (1179, 1306) (890, 1306) 
(1187, 1263) (1003, 1263) (1003, 1187) 
(1708, 985) (1708, 1318) (1318, 985) 
(1241, 180) (180, 1272) (1241, 1272) 
(352, 87) (352, 1446) (1446, 87) 
(1122, 1287) (1122, 1711) (1287, 1711) 
(1458, 1620) (1458, 1518) (1518, 1620) 
(602, 1437) (1437, 267) (602, 267) 
(1302, 1060) (1060, 1641) (1302, 1641) 
(730, 182) (873, 182) (730, 873) 
(1598, 1128) (1598, 979) (1128, 979) 
(201, 549) (201, 1412) (549, 1412) 
(429, 796) (796, 44) (429, 44) 
(1557, 623) (570, 623) (1557, 570) 
(269, 1245) (936, 1245) (269, 936) 
(1029, 716) (1597, 716) (1029, 1597) 
(930, 1690) (1690, 813) (930, 813) 
5.txt	21	112ms
--------------------Select motifs----------------
(166, 1247) (1469, 1247) (1469, 166) 
(908, 1006) (1607, 1006) (1607, 908) 
(1144, 360) (1144, 543) (360, 543) 
(365, 1675) (1471, 1675) (1471, 365) 
(310, 1713) (1713, 1396) (310, 1396) 
(1092, 1091) (1092, 638) (1091, 638) 
(843, 421) (366, 843) (366, 421) 
(1342, 1100) (96, 1100) (96, 1342) 
(913, 1711) (560, 1711) (913, 560) 
(229, 1309) (67, 229) (67, 1309) 
(208, 237) (730, 237) (208, 730) 
(1229, 1744) (1229, 996) (996, 1744) 
(521, 271) (42, 271) (42, 521) 
(220, 469) (220, 394) (394, 469) 
(1325, 1021) (1325, 1336) (1021, 1336) 
(481, 892) (1477, 892) (1477, 481) 
(328, 1569) (1569, 907) (328, 907) 
6.txt	17	94ms
--------------------Select motifs----------------
(1051, 1098) (1098, 1232) (1051, 1232) 
(805, 288) (924, 805) (924, 288) 
(812, 1047) (812, 1443) (1047, 1443) 
(1044, 1550) (657, 1550) (657, 1044) 
(173, 722) (173, 1604) (1604, 722) 
(338, 754) (1046, 754) (338, 1046) 
(960, 1458) (960, 360) (360, 1458) 
(1432, 396) (1735, 396) (1735, 1432) 
(755, 49) (513, 755) (513, 49) 
(1142, 1612) (1612, 464) (1142, 464) 
(342, 174) (928, 174) (928, 342) 
(521, 1291) (1685, 1291) (521, 1685) 
(1112, 250) (1174, 250) (1174, 1112) 
(408, 1196) (408, 1575) (1575, 1196) 
7.txt	14	85ms
--------------------Select motifs----------------
(939, 416) (939, 488) (416, 488) 
(652, 774) (652, 1158) (1158, 774) 
(1509, 1685) (1509, 561) (1685, 561) 
(1474, 146) (600, 146) (1474, 600) 
(300, 972) (267, 300) (267, 972) 
(1497, 396) (1008, 1497) (1008, 396) 
(1217, 991) (991, 606) (1217, 606) 
(1381, 329) (1165, 1381) (1165, 329) 
(281, 1571) (281, 479) (1571, 479) 
(1334, 212) (851, 212) (851, 1334) 
(1732, 1410) (1732, 1551) (1551, 1410) 
(499, 1045) (1045, 367) (499, 367) 
8.txt	12	130ms
--------------------Select motifs----------------
(964, 1738) (1622, 964) (1622, 1738) 
(42, 879) (996, 879) (42, 996) 
(1295, 979) (979, 713) (1295, 713) 
(1524, 1176) (608, 1176) (608, 1524) 
(859, 155) (859, 989) (989, 155) 
(257, 1131) (436, 1131) (257, 436) 
(1443, 1130) (1061, 1130) (1061, 1443) 
(599, 1605) (599, 1520) (1605, 1520) 
(1311, 320) (1311, 1732) (1732, 320) 
(790, 672) (790, 860) (860, 672) 
(760, 1497) (1497, 547) (760, 547) 
(1674, 238) (1674, 1507) (238, 1507) 
(1609, 1236) (1609, 613) (1236, 613) 
(629, 143) (1309, 629) (1309, 143) 
9.txt	14	174ms
--------------------Select motifs----------------
(584, 624) (342, 584) (342, 624) 
(1473, 1025) (1473, 867) (867, 1025) 
(317, 1212) (317, 575) (575, 1212) 
(1266, 792) (1266, 554) (792, 554) 
(972, 1389) (1656, 1389) (972, 1656) 
(1695, 702) (1695, 1702) (702, 1702) 
(1444, 204) (1168, 204) (1168, 1444) 
(942, 1694) (407, 1694) (407, 942) 
(877, 1420) (877, 35) (35, 1420) 
10.txt	9	75ms
--------------------Select motifs----------------
(454, 1103) (454, 174) (174, 1103) 
(688, 1154) (688, 84) (1154, 84) 
(1188, 784) (1515, 784) (1188, 1515) 
(561, 573) (75, 573) (561, 75) 
(1480, 1648) (1480, 1646) (1646, 1648) 
(596, 1006) (596, 1422) (1422, 1006) 
(207, 629) (104, 207) (104, 629) 
(979, 942) (1583, 979) (1583, 942) 
(175, 76) (175, 1434) (1434, 76) 
(181, 307) (1614, 307) (181, 1614) 
(144, 764) (144, 158) (764, 158) 
(1358, 781) (781, 279) (1358, 279) 
(1741, 290) (945, 290) (945, 1741) 
(377, 344) (850, 344) (850, 377) 
(936, 1635) (1453, 936) (1453, 1635) 
11.txt	15	110ms
--------------------Select motifs----------------
(418, 168) (1230, 168) (1230, 418) 
(370, 960) (960, 1672) (370, 1672) 
(628, 261) (1, 261) (628, 1) 
(1085, 1655) (1085, 957) (1655, 957) 
(349, 1435) (1532, 1435) (349, 1532) 
(1212, 216) (1597, 216) (1212, 1597) 
(686, 805) (686, 654) (654, 805) 
(1120, 1225) (735, 1120) (735, 1225) 
(851, 597) (1228, 597) (1228, 851) 
(1349, 1192) (1154, 1349) (1154, 1192) 
(1472, 1405) (1005, 1405) (1005, 1472) 
(1654, 1542) (1460, 1542) (1654, 1460) 
(1281, 598) (156, 598) (1281, 156) 
(1238, 337) (1015, 1238) (1015, 337) 
(467, 1632) (467, 375) (1632, 375) 
12.txt	15	92ms
--------------------Select motifs----------------
(1122, 1117) (593, 1122) (593, 1117) 
(708, 1726) (528, 1726) (528, 708) 
(1392, 117) (1577, 117) (1392, 1577) 
(1490, 867) (1050, 867) (1490, 1050) 
13.txt	4	82ms
--------------------Select motifs----------------
(1022, 256) (1331, 256) (1331, 1022) 
(1719, 1381) (1719, 1355) (1381, 1355) 
(1348, 1313) (1449, 1348) (1449, 1313) 
(487, 1093) (1488, 1093) (1488, 487) 
(1715, 529) (1715, 338) (529, 338) 
(81, 1004) (1652, 1004) (81, 1652) 
(819, 910) (880, 910) (880, 819) 
(631, 1490) (538, 1490) (631, 538) 
(427, 1027) (241, 1027) (241, 427) 
(780, 288) (1745, 288) (1745, 780) 
14.txt	10	121ms
--------------------Select motifs----------------
(632, 1605) (235, 1605) (632, 235) 
(1033, 1223) (1033, 1434) (1223, 1434) 
(602, 1006) (1006, 507) (602, 507) 
(1494, 1361) (1361, 1278) (1494, 1278) 
(1356, 1317) (1356, 873) (873, 1317) 
(338, 750) (639, 750) (639, 338) 
(1583, 1410) (1410, 1193) (1583, 1193) 
(150, 1560) (833, 1560) (833, 150) 
(1657, 135) (135, 806) (1657, 806) 
(1464, 673) (1404, 1464) (1404, 673) 
(392, 222) (392, 151) (151, 222) 
15.txt	11	179ms
--------------------Select motifs----------------
(1065, 1035) (205, 1035) (1065, 205) 
(1140, 597) (1140, 800) (597, 800) 
(505, 758) (988, 758) (505, 988) 
(563, 1176) (281, 1176) (281, 563) 
(646, 246) (757, 246) (757, 646) 
(1532, 934) (1461, 934) (1461, 1532) 
(1253, 703) (1148, 703) (1148, 1253) 
(905, 344) (111, 344) (905, 111) 
(1203, 94) (1203, 1494) (94, 1494) 
16.txt	9	151ms
--------------------Select motifs----------------
(815, 1023) (1095, 1023) (1095, 815) 
(1297, 1496) (1496, 1419) (1297, 1419) 
(551, 1077) (1077, 403) (551, 403) 
(1389, 1386) (958, 1386) (958, 1389) 
(618, 1278) (1072, 1278) (1072, 618) 
(63, 690) (141, 63) (141, 690) 
(1687, 614) (1687, 1259) (1259, 614) 
(1010, 479) (1010, 124) (479, 124) 
(278, 458) (278, 889) (458, 889) 
(1375, 162) (1375, 1082) (162, 1082) 
(637, 1328) (637, 1055) (1055, 1328) 
(869, 916) (869, 1304) (1304, 916) 
(1539, 801) (937, 801) (1539, 937) 
(437, 29) (437, 1255) (29, 1255) 
(213, 340) (213, 658) (340, 658) 
(223, 1291) (687, 1291) (223, 687) 
(686, 188) (188, 1025) (686, 1025) 
17.txt	17	99ms
--------------------Select motifs----------------
(912, 751) (751, 1063) (912, 1063) 
(256, 1139) (1139, 612) (256, 612) 
(1621, 834) (834, 756) (1621, 756) 
(701, 1200) (1200, 827) (701, 827) 
(1046, 1616) (537, 1616) (1046, 537) 
(64, 920) (254, 920) (64, 254) 
(1075, 1481) (94, 1481) (1075, 94) 
(340, 1528) (1623, 1528) (340, 1623) 
(444, 823) (1707, 823) (444, 1707) 
(1396, 1433) (1433, 404) (1396, 404) 
(382, 1065) (1443, 1065) (382, 1443) 
(375, 191) (927, 191) (375, 927) 
(412, 1140) (1183, 412) (1183, 1140) 
(1454, 71) (71, 1001) (1454, 1001) 
(1302, 450) (1688, 1302) (1688, 450) 
(1252, 175) (1252, 1428) (1428, 175) 
(91, 738) (91, 10) (10, 738) 
18.txt	17	111ms
--------------------Select motifs----------------
(872, 449) (449, 609) (872, 609) 
(1179, 599) (1179, 379) (379, 599) 
(1363, 683) (335, 1363) (335, 683) 
(116, 1308) (116, 1181) (1181, 1308) 
(1679, 169) (1679, 455) (169, 455) 
(38, 846) (38, 954) (954, 846) 
(1427, 297) (1327, 297) (1427, 1327) 
(643, 1156) (295, 643) (295, 1156) 
(314, 1223) (1223, 173) (314, 173) 
(611, 966) (966, 376) (611, 376) 
19.txt	10	68ms
--------------------Select motifs----------------
(639, 1202) (1199, 1202) (1199, 639) 
(954, 709) (954, 1575) (1575, 709) 
(72, 11) (348, 11) (348, 72) 
(417, 736) (1167, 736) (417, 1167) 
(1718, 176) (1600, 176) (1600, 1718) 
(278, 170) (1172, 278) (1172, 170) 
(1665, 344) (9, 344) (9, 1665) 
(1613, 1181) (1613, 1124) (1181, 1124) 
(1541, 1304) (238, 1541) (238, 1304) 
(1060, 374) (1559, 374) (1559, 1060) 
(845, 1203) (845, 626) (626, 1203) 
(1502, 1353) (65, 1353) (65, 1502) 
(1261, 1236) (1261, 818) (818, 1236) 
(1239, 1611) (1239, 738) (738, 1611) 
20.txt	14	87ms
--------------------Select motifs----------------
(1624, 1714) (708, 1714) (708, 1624) 
(368, 1580) (368, 1437) (1437, 1580) 
(517, 928) (517, 26) (26, 928) 
(347, 187) (322, 187) (322, 347) 
(362, 1400) (1526, 1400) (362, 1526) 
(490, 557) (1524, 557) (1524, 490) 
(1053, 1484) (1295, 1484) (1053, 1295) 
(1577, 1090) (280, 1090) (1577, 280) 
(1187, 208) (1187, 1648) (1648, 208) 
(1687, 781) (1687, 62) (62, 781) 
(1509, 701) (1509, 1117) (1117, 701) 
(763, 801) (763, 831) (831, 801) 
(774, 855) (1318, 774) (1318, 855) 
(483, 1719) (1651, 1719) (1651, 483) 
(720, 563) (939, 720) (939, 563) 
(749, 945) (749, 978) (945, 978) 
(425, 1679) (1469, 1679) (425, 1469) 
21.txt	17	170ms
--------------------Select motifs----------------
(1103, 1442) (260, 1442) (260, 1103) 
(1258, 1196) (1574, 1196) (1258, 1574) 
(174, 1360) (1083, 1360) (1083, 174) 
(1087, 408) (408, 553) (1087, 553) 
(1124, 733) (733, 1015) (1124, 1015) 
(630, 1329) (630, 1435) (1329, 1435) 
(1192, 588) (870, 588) (870, 1192) 
(545, 1567) (1073, 1567) (1073, 545) 
(366, 1634) (1634, 430) (366, 430) 
(223, 466) (302, 223) (302, 466) 
(1507, 841) (198, 841) (1507, 198) 
22.txt	11	136ms
--------------------Select motifs----------------
(1449, 108) (1017, 108) (1449, 1017) 
(1358, 1722) (1488, 1722) (1358, 1488) 
(1048, 853) (1048, 748) (748, 853) 
(550, 1523) (1173, 1523) (550, 1173) 
(132, 567) (132, 1045) (567, 1045) 
(1078, 844) (835, 1078) (835, 844) 
(1530, 1447) (1118, 1447) (1118, 1530) 
(1224, 1508) (1202, 1224) (1202, 1508) 
(1558, 503) (1558, 1169) (1169, 503) 
23.txt	9	171ms
--------------------Select motifs----------------
(148, 491) (186, 148) (186, 491) 
(611, 1414) (790, 611) (790, 1414) 
(757, 621) (757, 1685) (621, 1685) 
(331, 1665) (1043, 1665) (331, 1043) 
(627, 907) (928, 627) (928, 907) 
(189, 330) (330, 1188) (189, 1188) 
(446, 1740) (889, 1740) (446, 889) 
(1301, 1674) (1301, 1687) (1674, 1687) 
(1029, 706) (1088, 706) (1029, 1088) 
(1345, 1150) (485, 1150) (1345, 485) 
(1296, 589) (1205, 589) (1205, 1296) 
(658, 220) (658, 1227) (220, 1227) 
(1573, 1153) (1573, 1357) (1153, 1357) 
24.txt	13	100ms
--------------------Select motifs----------------
(170, 756) (1565, 756) (170, 1565) 
(1696, 127) (1696, 1537) (1537, 127) 
(588, 397) (849, 397) (849, 588) 
(1647, 1741) (1741, 1338) (1647, 1338) 
(1238, 75) (1238, 320) (320, 75) 
(1355, 766) (1355, 122) (122, 766) 
(258, 779) (514, 258) (514, 779) 
(461, 302) (461, 1103) (1103, 302) 
(545, 44) (545, 1092) (44, 1092) 
(71, 9) (9, 823) (71, 823) 
(1134, 548) (1134, 788) (788, 548) 
(1552, 508) (462, 1552) (462, 508) 
(1392, 217) (55, 1392) (55, 217) 
(1199, 741) (347, 741) (347, 1199) 
25.txt	14	219ms
--------------------Select motifs----------------
(164, 1082) (164, 1373) (1082, 1373) 
(89, 785) (785, 1311) (89, 1311) 
(641, 901) (219, 901) (219, 641) 
(1165, 1103) (646, 1165) (646, 1103) 
(1206, 658) (1206, 790) (790, 658) 
(387, 92) (387, 636) (636, 92) 
(933, 1346) (909, 1346) (909, 933) 
(806, 218) (830, 218) (806, 830) 
(351, 1258) (351, 328) (328, 1258) 
(696, 191) (1335, 191) (1335, 696) 
(82, 571) (82, 801) (801, 571) 
(297, 40) (297, 1426) (40, 1426) 
(728, 1604) (728, 1242) (1604, 1242) 
(1078, 1137) (1137, 695) (1078, 695) 
(670, 340) (340, 1659) (670, 1659) 
(234, 918) (234, 942) (942, 918) 
(949, 1430) (1412, 1430) (949, 1412) 
26.txt	17	173ms
--------------------Select motifs----------------
(1495, 1299) (878, 1299) (878, 1495) 
(713, 400) (400, 1631) (713, 1631) 
(981, 624) (624, 1259) (981, 1259) 
(1389, 226) (802, 226) (802, 1389) 
(1736, 1286) (1736, 1431) (1431, 1286) 
(1687, 295) (295, 1670) (1687, 1670) 
(1403, 1456) (1403, 557) (1456, 557) 
(598, 808) (1347, 808) (598, 1347) 
(1357, 990) (1357, 704) (990, 704) 
(246, 242) (246, 710) (710, 242) 
(184, 581) (222, 581) (184, 222) 
(1553, 302) (1174, 1553) (1174, 302) 
(1262, 1466) (20, 1262) (20, 1466) 
27.txt	13	126ms
--------------------Select motifs----------------
(1447, 1183) (1280, 1183) (1447, 1280) 
(697, 1005) (1714, 697) (1714, 1005) 
(1317, 1662) (1619, 1662) (1619, 1317) 
(1357, 715) (1357, 1537) (1537, 715) 
(1489, 55) (338, 1489) (338, 55) 
(282, 1608) (282, 254) (1608, 254) 
(1145, 179) (179, 875) (1145, 875) 
(206, 1579) (206, 436) (436, 1579) 
(780, 490) (780, 1265) (490, 1265) 
(312, 1196) (1196, 1704) (312, 1704) 
(1087, 681) (1260, 681) (1087, 1260) 
(1584, 461) (461, 1150) (1584, 1150) 
(1266, 95) (1187, 1266) (1187, 95) 
28.txt	13	95ms
--------------------Select motifs----------------
(249, 1074) (645, 1074) (645, 249) 
(1463, 1576) (498, 1576) (1463, 498) 
(438, 395) (395, 1480) (438, 1480) 
(1007, 1403) (1403, 437) (1007, 437) 
(1270, 1361) (358, 1361) (1270, 358) 
(712, 289) (484, 712) (484, 289) 
(574, 1078) (1352, 1078) (574, 1352) 
(557, 469) (287, 469) (557, 287) 
(1648, 867) (827, 867) (827, 1648) 
(1604, 1322) (1604, 1076) (1076, 1322) 
(1177, 553) (1700, 553) (1177, 1700) 
29.txt	11	87ms
--------------------Select motifs----------------
(679, 541) (1301, 541) (679, 1301) 
(102, 1075) (1175, 1075) (102, 1175) 
(545, 1043) (1043, 876) (545, 876) 
(461, 700) (461, 463) (463, 700) 
(1255, 805) (1496, 805) (1496, 1255) 
(594, 581) (594, 1566) (581, 1566) 
(187, 895) (619, 187) (619, 895) 
(637, 1328) (1328, 1173) (637, 1173) 
(1211, 900) (277, 900) (277, 1211) 
(674, 1189) (1214, 674) (1214, 1189) 
(410, 651) (542, 651) (410, 542) 
(1615, 1013) (928, 1615) (928, 1013) 
(1409, 1715) (1727, 1715) (1727, 1409) 
(235, 1139) (1694, 1139) (1694, 235) 
(423, 851) (423, 1574) (1574, 851) 
(1730, 227) (490, 227) (490, 1730) 
(346, 1148) (547, 346) (547, 1148) 
(767, 999) (767, 561) (561, 999) 
(1550, 480) (472, 480) (472, 1550) 
(1638, 1318) (1638, 265) (265, 1318) 
(601, 220) (601, 1568) (220, 1568) 
30.txt	21	123ms
--------------------Select motifs----------------
(1295, 1253) (1488, 1253) (1488, 1295) 
(1270, 1008) (1111, 1270) (1111, 1008) 
(41, 1685) (108, 1685) (108, 41) 
(933, 716) (933, 961) (716, 961) 
(761, 395) (1373, 395) (761, 1373) 
(828, 368) (952, 368) (828, 952) 
(44, 606) (1160, 44) (1160, 606) 
(469, 1702) (159, 1702) (159, 469) 
(1112, 945) (489, 945) (1112, 489) 
(276, 435) (1574, 435) (1574, 276) 
31.txt	10	75ms
--------------------Select motifs----------------
(1484, 738) (1484, 948) (738, 948) 
(1302, 175) (175, 1136) (1302, 1136) 
(1239, 518) (797, 518) (1239, 797) 
(336, 964) (964, 403) (336, 403) 
(856, 1383) (99, 856) (99, 1383) 
(28, 260) (1685, 260) (28, 1685) 
(147, 985) (1134, 985) (147, 1134) 
(265, 1610) (766, 1610) (766, 265) 
(1196, 745) (1196, 53) (53, 745) 
(774, 1510) (1053, 774) (1053, 1510) 
(1175, 231) (1139, 231) (1139, 1175) 
(174, 1450) (174, 1244) (1450, 1244) 
(680, 1333) (671, 1333) (671, 680) 
(1384, 1043) (600, 1043) (1384, 600) 
32.txt	14	151ms
--------------------Select motifs----------------
(95, 45) (45, 1311) (95, 1311) 
(35, 1285) (648, 35) (648, 1285) 
(544, 794) (794, 296) (544, 296) 
(396, 457) (396, 1312) (457, 1312) 
(919, 1187) (919, 588) (588, 1187) 
(692, 633) (692, 311) (633, 311) 
(1609, 299) (299, 674) (1609, 674) 
(1544, 1054) (606, 1054) (606, 1544) 
(1064, 360) (1177, 360) (1177, 1064) 
(1079, 39) (845, 39) (845, 1079) 
(190, 915) (190, 40) (915, 40) 
33.txt	11	137ms
--------------------Select motifs----------------
(74, 1403) (1544, 1403) (1544, 74) 
(518, 1159) (1159, 476) (518, 476) 
(71, 1673) (922, 1673) (71, 922) 
(254, 1466) (1466, 1302) (254, 1302) 
(516, 1656) (516, 1128) (1656, 1128) 
(1478, 721) (1478, 330) (330, 721) 
(615, 494) (494, 379) (615, 379) 
(1680, 390) (390, 601) (1680, 601) 
(1549, 1257) (1549, 1398) (1398, 1257) 
(650, 480) (650, 1411) (1411, 480) 
(1103, 1079) (1079, 1073) (1103, 1073) 
(1525, 1406) (1406, 381) (1525, 381) 
(328, 1020) (699, 1020) (328, 699) 
(964, 32) (33, 32) (964, 33) 
(99, 1692) (99, 839) (839, 1692) 
(557, 511) (557, 1321) (1321, 511) 
(975, 329) (975, 303) (329, 303) 
(489, 1307) (1226, 489) (1226, 1307) 
(1058, 976) (1058, 1080) (1080, 976) 
(372, 1311) (372, 205) (1311, 205) 
34.txt	20	110ms
--------------------Select motifs----------------
(1076, 1555) (1076, 1722) (1555, 1722) 
(1348, 1660) (1659, 1660) (1659, 1348) 
(1141, 1524) (273, 1524) (273, 1141) 
(1237, 1136) (1237, 1443) (1136, 1443) 
(1648, 929) (550, 1648) (550, 929) 
(447, 1639) (1731, 447) (1731, 1639) 
(1020, 630) (921, 630) (1020, 921) 
(634, 112) (31, 634) (31, 112) 
(899, 551) (899, 4) (4, 551) 
(514, 125) (125, 1021) (514, 1021) 
(707, 245) (907, 707) (907, 245) 
(501, 1608) (501, 532) (532, 1608) 
(174, 482) (174, 1054) (1054, 482) 
35.txt	13	82ms
--------------------Select motifs----------------
(102, 139) (102, 327) (327, 139) 
(698, 1460) (698, 1130) (1130, 1460) 
(1346, 201) (1346, 1411) (1411, 201) 
(1731, 1242) (614, 1242) (614, 1731) 
(1072, 1115) (295, 1115) (295, 1072) 
(1589, 660) (696, 1589) (696, 660) 
(1709, 61) (61, 264) (1709, 264) 
(1082, 1455) (1082, 212) (212, 1455) 
(1404, 1535) (664, 1404) (664, 1535) 
(823, 486) (848, 486) (823, 848) 
(100, 104) (69, 100) (69, 104) 
36.txt	11	82ms
--------------------Select motifs----------------
(1051, 1199) (782, 1051) (782, 1199) 
(1476, 331) (1476, 1630) (331, 1630) 
(1363, 626) (1363, 1122) (626, 1122) 
(23, 445) (1463, 23) (1463, 445) 
(1388, 1744) (1388, 1526) (1526, 1744) 
(1279, 339) (1279, 173) (339, 173) 
(908, 21) (908, 557) (21, 557) 
(73, 1047) (579, 1047) (579, 73) 
(1286, 1134) (1286, 459) (1134, 459) 
(327, 103) (103, 47) (327, 47) 
(214, 817) (1081, 214) (1081, 817) 
(697, 490) (697, 1327) (490, 1327) 
(1702, 1446) (383, 1702) (383, 1446) 
(1578, 1062) (866, 1578) (866, 1062) 
(1084, 488) (1150, 1084) (1150, 488) 
(1087, 464) (116, 1087) (116, 464) 
37.txt	16	127ms
--------------------Select motifs----------------
(998, 1573) (1261, 998) (1261, 1573) 
(122, 923) (122, 547) (547, 923) 
(1043, 1569) (1060, 1569) (1060, 1043) 
(992, 1372) (992, 1678) (1372, 1678) 
(199, 1707) (199, 1263) (1263, 1707) 
(30, 1452) (30, 811) (1452, 811) 
(899, 1527) (899, 1674) (1674, 1527) 
(1708, 1407) (1407, 1139) (1708, 1139) 
(592, 696) (592, 1741) (696, 1741) 
(1739, 812) (712, 812) (712, 1739) 
(83, 1351) (597, 1351) (83, 597) 
(789, 864) (1181, 789) (1181, 864) 
(929, 1251) (1251, 1399) (929, 1399) 
(1541, 979) (979, 387) (1541, 387) 
(229, 1366) (1366, 1518) (229, 1518) 
(1069, 1631) (1631, 550) (1069, 550) 
(1053, 1129) (1214, 1053) (1214, 1129) 
(37, 978) (37, 1687) (978, 1687) 
(1112, 710) (710, 19) (1112, 19) 
(481, 1646) (481, 1591) (1646, 1591) 
(361, 691) (1612, 691) (1612, 361) 
38.txt	21	116ms
--------------------Select motifs----------------
(500, 1178) (500, 600) (600, 1178) 
(1295, 1464) (1464, 1434) (1295, 1434) 
(1684, 1496) (1684, 1061) (1496, 1061) 
(1591, 1634) (1591, 1074) (1634, 1074) 
(1319, 1574) (876, 1574) (1319, 876) 
(281, 372) (1732, 372) (1732, 281) 
(490, 1554) (1040, 490) (1040, 1554) 
(837, 161) (1484, 837) (1484, 161) 
(376, 1486) (376, 608) (1486, 608) 
(31, 1639) (31, 663) (1639, 663) 
(1586, 1083) (526, 1083) (526, 1586) 
(601, 2) (1206, 601) (1206, 2) 
(134, 504) (504, 238) (134, 238) 
(174, 70) (1071, 174) (1071, 70) 
(1461, 342) (342, 1643) (1461, 1643) 
(1428, 429) (1693, 1428) (1693, 429) 
(1356, 982) (217, 982) (217, 1356) 
39.txt	17	123ms
--------------------Select motifs----------------
(1320, 378) (400, 378) (1320, 400) 
(741, 1552) (300, 1552) (300, 741) 
(307, 344) (675, 344) (307, 675) 
(77, 797) (183, 77) (183, 797) 
(1351, 240) (1731, 1351) (1731, 240) 
(120, 139) (532, 139) (532, 120) 
(523, 1496) (24, 1496) (523, 24) 
(176, 1158) (176, 1502) (1502, 1158) 
(758, 1554) (758, 242) (1554, 242) 
(1442, 1146) (1442, 114) (1146, 114) 
(1319, 376) (376, 234) (1319, 234) 
(706, 931) (450, 931) (450, 706) 
(1400, 96) (1341, 96) (1341, 1400) 
40.txt	13	107ms
--------------------Select motifs----------------
(774, 1093) (1297, 1093) (1297, 774) 
(1065, 354) (1065, 1573) (1573, 354) 
(28, 1376) (777, 1376) (28, 777) 
(191, 1251) (191, 646) (1251, 646) 
(1020, 793) (1020, 430) (430, 793) 
(818, 1627) (1720, 1627) (1720, 818) 
(579, 355) (355, 1647) (579, 1647) 
(994, 1639) (1393, 994) (1393, 1639) 
(300, 970) (824, 300) (824, 970) 
(1009, 531) (1155, 531) (1155, 1009) 
(1426, 146) (146, 1052) (1426, 1052) 
(1425, 666) (1140, 1425) (1140, 666) 
(1553, 1597) (1553, 680) (1597, 680) 
(1273, 1291) (1162, 1291) (1273, 1162) 
(401, 1700) (1700, 927) (401, 927) 
(1534, 38) (903, 38) (1534, 903) 
(901, 275) (89, 275) (89, 901) 
(1208, 1459) (68, 1459) (68, 1208) 
(1293, 778) (1089, 1293) (1089, 778) 
(30, 1243) (1460, 1243) (30, 1460) 
41.txt	20	103ms
--------------------Select motifs----------------
(119, 788) (1507, 788) (1507, 119) 
(1168, 1727) (675, 1168) (675, 1727) 
(309, 345) (1196, 345) (1196, 309) 
(1282, 744) (744, 1406) (1282, 1406) 
(910, 587) (1113, 587) (910, 1113) 
(292, 1022) (292, 161) (161, 1022) 
(184, 347) (184, 1631) (1631, 347) 
(49, 1592) (1235, 1592) (49, 1235) 
(417, 225) (919, 225) (919, 417) 
(470, 1220) (314, 470) (314, 1220) 
(503, 1744) (287, 1744) (503, 287) 
42.txt	11	113ms
--------------------Select motifs----------------
(1633, 1260) (1633, 721) (1260, 721) 
(42, 1232) (42, 493) (1232, 493) 
(886, 950) (266, 950) (266, 886) 
(625, 1175) (897, 1175) (625, 897) 
(640, 1171) (651, 1171) (651, 640) 
(1350, 1538) (1538, 698) (1350, 698) 
(1457, 1129) (28, 1129) (1457, 28) 
(752, 373) (752, 1669) (1669, 373) 
(542, 705) (1094, 705) (542, 1094) 
(667, 693) (1366, 693) (667, 1366) 
(1613, 1167) (485, 1167) (485, 1613) 
(1394, 1289) (1430, 1289) (1394, 1430) 
(118, 1595) (1431, 1595) (1431, 118) 
(1419, 1150) (967, 1150) (967, 1419) 
(191, 1600) (369, 191) (369, 1600) 
(607, 849) (1334, 607) (1334, 849) 
(861, 1577) (987, 1577) (861, 987) 
(1122, 1481) (1683, 1481) (1122, 1683) 
(1741, 834) (512, 834) (1741, 512) 
(1323, 1392) (1392, 1270) (1323, 1270) 
(415, 732) (339, 732) (415, 339) 
(463, 1537) (463, 240) (1537, 240) 
43.txt	22	111ms
--------------------Select motifs----------------
(1566, 904) (904, 662) (1566, 662) 
(1237, 1235) (1235, 1352) (1237, 1352) 
(62, 1740) (1740, 113) (62, 113) 
(1433, 1409) (1433, 144) (144, 1409) 
(423, 1364) (208, 1364) (208, 423) 
(954, 439) (697, 954) (697, 439) 
(885, 1391) (1052, 1391) (1052, 885) 
(866, 340) (1113, 866) (1113, 340) 
(861, 1020) (861, 860) (1020, 860) 
(1014, 596) (1140, 596) (1140, 1014) 
(1395, 1501) (1545, 1395) (1545, 1501) 
(269, 985) (985, 490) (269, 490) 
(1600, 562) (111, 562) (111, 1600) 
(232, 1063) (630, 1063) (232, 630) 
(887, 118) (928, 118) (887, 928) 
(1607, 1673) (772, 1607) (772, 1673) 
(1559, 35) (1559, 905) (905, 35) 
44.txt	17	92ms
--------------------Select motifs----------------
(314, 944) (314, 530) (530, 944) 
(1491, 118) (1491, 203) (118, 203) 
(1626, 414) (1382, 414) (1626, 1382) 
(1007, 1243) (1705, 1243) (1007, 1705) 
(1011, 210) (739, 1011) (739, 210) 
(1419, 1199) (135, 1199) (1419, 135) 
(1198, 488) (485, 1198) (485, 488) 
(567, 1527) (567, 872) (1527, 872) 
(1618, 1606) (1486, 1606) (1486, 1618) 
(1722, 1525) (1525, 1672) (1722, 1672) 
(1530, 1585) (1585, 183) (1530, 183) 
(231, 1247) (63, 1247) (63, 231) 
(382, 1716) (883, 1716) (883, 382) 
(1423, 809) (1423, 1231) (809, 1231) 
(226, 474) (1192, 226) (1192, 474) 
(1143, 1432) (112, 1143) (112, 1432) 
45.txt	16	126ms
--------------------Select motifs----------------
(589, 960) (830, 589) (830, 960) 
(355, 184) (355, 34) (184, 34) 
(381, 851) (851, 1564) (381, 1564) 
(683, 463) (210, 683) (210, 463) 
(967, 1169) (994, 1169) (967, 994) 
(615, 997) (615, 144) (997, 144) 
(18, 1153) (18, 1642) (1153, 1642) 
(869, 1402) (1402, 287) (869, 287) 
(1719, 843) (770, 843) (1719, 770) 
(1368, 457) (1563, 1368) (1563, 457) 
(687, 1010) (1438, 687) (1438, 1010) 
(1468, 1535) (1468, 1349) (1349, 1535) 
46.txt	12	80ms
--------------------Select motifs----------------
(684, 1393) (172, 1393) (172, 684) 
(969, 546) (546, 1061) (969, 1061) 
(1474, 485) (687, 1474) (687, 485) 
(1008, 716) (364, 716) (364, 1008) 
(1431, 1325) (1431, 506) (506, 1325) 
(1686, 1266) (1548, 1266) (1686, 1548) 
(70, 524) (70, 282) (282, 524) 
(1083, 449) (1083, 489) (489, 449) 
(468, 1604) (468, 423) (423, 1604) 
(271, 619) (619, 1118) (271, 1118) 
(1075, 536) (973, 536) (973, 1075) 
47.txt	11	113ms
--------------------Select motifs----------------
(400, 970) (400, 746) (970, 746) 
(42, 163) (450, 163) (42, 450) 
(508, 881) (508, 796) (881, 796) 
(1526, 392) (867, 392) (1526, 867) 
(1120, 237) (1575, 237) (1575, 1120) 
(1084, 925) (1440, 925) (1084, 1440) 
(734, 1204) (734, 368) (368, 1204) 
(1070, 11) (11, 1034) (1070, 1034) 
(847, 1667) (1667, 1527) (847, 1527) 
(927, 1374) (927, 1494) (1494, 1374) 
(1449, 526) (526, 1075) (1449, 1075) 
(480, 1100) (1360, 1100) (1360, 480) 
(229, 1022) (229, 709) (709, 1022) 
(363, 1666) (722, 1666) (722, 363) 
(150, 634) (634, 216) (150, 216) 
48.txt	15	93ms
--------------------Select motifs----------------
(1444, 159) (1672, 159) (1672, 1444) 
(52, 800) (249, 800) (249, 52) 
(1242, 192) (1242, 1510) (1510, 192) 
(1534, 662) (1534, 1015) (662, 1015) 
(1680, 247) (1680, 184) (247, 184) 
(798, 521) (1010, 521) (1010, 798) 
(358, 337) (594, 337) (594, 358) 
(475, 4) (275, 4) (475, 275) 
(58, 540) (58, 53) (540, 53) 
(248, 1004) (248, 434) (1004, 434) 
(782, 268) (782, 341) (341, 268) 
(864, 409) (409, 1654) (864, 1654) 
49.txt	12	97ms
--------------------Select motifs----------------
(1724, 1585) (584, 1585) (584, 1724) 
(1263, 1251) (637, 1263) (637, 1251) 
(713, 1660) (1082, 1660) (713, 1082) 
(1378, 620) (1516, 620) (1516, 1378) 
(781, 192) (1727, 192) (1727, 781) 
(1023, 1726) (1529, 1023) (1529, 1726) 
(576, 1004) (1004, 1729) (576, 1729) 
(406, 961) (182, 406) (182, 961) 
(1121, 360) (354, 1121) (354, 360) 
(649, 493) (493, 321) (649, 321) 
50.txt	10	156ms
--------------------Select motifs----------------
(1723, 1625) (1625, 1176) (1723, 1176) 
(1144, 1464) (1235, 1464) (1144, 1235) 
(1725, 1109) (1725, 738) (1109, 738) 
(947, 202) (938, 202) (938, 947) 
(34, 673) (34, 411) (673, 411) 
(1209, 667) (1643, 1209) (1643, 667) 
(1673, 80) (1673, 206) (80, 206) 
(190, 1150) (584, 190) (584, 1150) 
(1008, 1477) (1008, 252) (1477, 252) 
(825, 1326) (1295, 1326) (825, 1295) 
(359, 1107) (359, 1703) (1703, 1107) 
(1249, 181) (1672, 1249) (1672, 181) 
51.txt	12	110ms
--------------------Select motifs----------------
(450, 671) (1233, 671) (1233, 450) 
(730, 536) (730, 821) (536, 821) 
(637, 1644) (945, 637) (945, 1644) 
(676, 1230) (676, 1035) (1035, 1230) 
(314, 492) (314, 1048) (1048, 492) 
(179, 1502) (179, 518) (1502, 518) 
(1192, 1468) (1468, 412) (1192, 412) 
(15, 1197) (864, 1197) (15, 864) 
(754, 1115) (754, 423) (423, 1115) 
(198, 146) (198, 120) (120, 146) 
(799, 1296) (636, 799) (636, 1296) 
(1294, 1461) (659, 1461) (1294, 659) 
(1463, 847) (1463, 508) (847, 508) 
(487, 391) (487, 545) (391, 545) 
(1733, 60) (60, 1472) (1733, 1472) 
(828, 857) (710, 857) (710, 828) 
(230, 168) (519, 230) (519, 168) 
(801, 422) (994, 801) (994, 422) 
52.txt	18	147ms
--------------------Select motifs----------------
(416, 1418) (1620, 1418) (416, 1620) 
(960, 916) (539, 916) (539, 960) 
(626, 966) (966, 796) (626, 796) 
(1031, 848) (1031, 161) (161, 848) 
(1108, 1357) (423, 1357) (1108, 423) 
(1397, 757) (653, 757) (1397, 653) 
(1381, 1703) (1381, 83) (1703, 83) 
(668, 1540) (668, 107) (1540, 107) 
(432, 766) (766, 1722) (432, 1722) 
(814, 1272) (1643, 1272) (814, 1643) 
(1389, 627) (1389, 1505) (1505, 627) 
(713, 1442) (496, 1442) (713, 496) 
(890, 726) (890, 1477) (1477, 726) 
(919, 894) (919, 1692) (894, 1692) 
(1132, 1490) (1132, 934) (1490, 934) 
(174, 1390) (380, 1390) (174, 380) 
(1600, 646) (1600, 1169) (1169, 646) 
53.txt	17	111ms
--------------------Select motifs----------------
(1493, 878) (1601, 878) (1493, 1601) 
(1731, 399) (1731, 1612) (1612, 399) 
(913, 894) (110, 894) (913, 110) 
(436, 292) (436, 610) (610, 292) 
(827, 233) (1725, 827) (1725, 233) 
(368, 291) (1563, 291) (368, 1563) 
(1108, 57) (1106, 57) (1108, 1106) 
(776, 241) (1620, 241) (776, 1620) 
(11, 1506) (938, 1506) (938, 11) 
(943, 649) (1657, 943) (1657, 649) 
(260, 893) (260, 146) (893, 146) 
(1064, 239) (239, 1192) (1064, 1192) 
(1124, 1552) (1124, 1474) (1474, 1552) 
(1148, 741) (370, 1148) (370, 741) 
(889, 1254) (518, 1254) (518, 889) 
(773, 1143) (1643, 773) (1643, 1143) 
54.txt	16	121ms
--------------------Select motifs----------------
(644, 113) (487, 113) (487, 644) 
(1357, 551) (1215, 551) (1357, 1215) 
(1503, 251) (348, 1503) (348, 251) 
(1581, 1725) (1581, 825) (825, 1725) 
(32, 1536) (1536, 774) (32, 774) 
(124, 1655) (852, 1655) (852, 124) 
(1259, 203) (1259, 1497) (203, 1497) 
(1109, 324) (1109, 1375) (324, 1375) 
(890, 1705) (267, 1705) (267, 890) 
(1406, 1461) (728, 1461) (728, 1406) 
(1177, 993) (1695, 993) (1695, 1177) 
(1088, 1178) (153, 1088) (153, 1178) 
(1067, 1630) (1719, 1630) (1719, 1067) 
(1129, 1228) (1606, 1129) (1606, 1228) 
55.txt	14	84ms
--------------------Select motifs----------------
(48, 824) (48, 783) (824, 783) 
(1597, 669) (1499, 1597) (1499, 669) 
(1695, 1511) (1041, 1511) (1041, 1695) 
(930, 840) (67, 840) (930, 67) 
(309, 1630) (309, 827) (1630, 827) 
(1081, 62) (62, 66) (1081, 66) 
(883, 636) (412, 883) (412, 636) 
(1250, 673) (1250, 1392) (673, 1392) 
(919, 1305) (919, 943) (943, 1305) 
(569, 585) (569, 939) (939, 585) 
(1422, 263) (1422, 288) (263, 288) 
(1227, 645) (645, 363) (1227, 363) 
(1055, 41) (1055, 890) (41, 890) 
56.txt	13	107ms
--------------------Select motifs----------------
(1218, 930) (1653, 930) (1218, 1653) 
(821, 990) (821, 290) (990, 290) 
(445, 1036) (445, 536) (1036, 536) 
(1299, 833) (1299, 211) (211, 833) 
(1469, 1423) (636, 1423) (1469, 636) 
(1343, 463) (1546, 463) (1343, 1546) 
(517, 1624) (1494, 517) (1494, 1624) 
(1495, 1615) (1289, 1615) (1495, 1289) 
(1745, 1451) (1312, 1451) (1745, 1312) 
(607, 1072) (1527, 607) (1527, 1072) 
(870, 172) (483, 172) (870, 483) 
57.txt	11	92ms
--------------------Select motifs----------------
(110, 1090) (1090, 507) (110, 507) 
(4, 1382) (188, 1382) (4, 188) 
(331, 768) (768, 386) (331, 386) 
(598, 1093) (598, 1009) (1093, 1009) 
(805, 1640) (1640, 184) (805, 184) 
(497, 1025) (497, 947) (947, 1025) 
(204, 958) (204, 725) (725, 958) 
(1458, 541) (932, 541) (932, 1458) 
(302, 680) (1480, 680) (1480, 302) 
(1419, 551) (551, 555) (1419, 555) 
58.txt	10	144ms
--------------------Select motifs----------------
(956, 1517) (956, 772) (1517, 772) 
(1258, 1498) (1258, 499) (1498, 499) 
(701, 1689) (701, 1700) (1700, 1689) 
(225, 1222) (225, 1294) (1222, 1294) 
(1266, 1292) (1292, 179) (1266, 179) 
(740, 181) (635, 181) (635, 740) 
(1670, 169) (503, 1670) (503, 169) 
(1332, 219) (824, 219) (824, 1332) 
(876, 123) (123, 780) (876, 780) 
(1611, 1731) (64, 1731) (64, 1611) 
59.txt	10	127ms
--------------------Select motifs----------------
(577, 49) (1032, 49) (577, 1032) 
(877, 160) (160, 306) (877, 306) 
(1349, 1578) (165, 1349) (165, 1578) 
(574, 818) (1637, 574) (1637, 818) 
(1556, 534) (1556, 445) (445, 534) 
(796, 116) (796, 456) (456, 116) 
(527, 1170) (527, 1287) (1287, 1170) 
(1221, 291) (370, 291) (370, 1221) 
(553, 1501) (553, 881) (1501, 881) 
(58, 1164) (58, 845) (1164, 845) 
(982, 341) (1399, 341) (982, 1399) 
(1387, 1695) (1387, 257) (257, 1695) 
(221, 576) (1155, 576) (221, 1155) 
(706, 1520) (1520, 997) (706, 997) 
(899, 15) (1390, 899) (1390, 15) 
(853, 701) (219, 701) (219, 853) 
(1646, 1042) (1646, 43) (1042, 43) 
(1532, 1610) (1610, 1290) (1532, 1290) 
(1388, 661) (1388, 1706) (661, 1706) 
60.txt	19	181ms
--------------------Select motifs----------------
(989, 1073) (384, 989) (384, 1073) 
(1040, 1413) (821, 1413) (1040, 821) 
(483, 792) (33, 792) (483, 33) 
(1561, 1652) (730, 1561) (730, 1652) 
(132, 1152) (132, 1093) (1093, 1152) 
(304, 570) (304, 408) (570, 408) 
(800, 824) (824, 819) (800, 819) 
(1734, 1536) (1734, 1497) (1536, 1497) 
(659, 586) (1535, 586) (1535, 659) 
(217, 446) (217, 461) (446, 461) 
(857, 653) (395, 857) (395, 653) 
(1171, 129) (793, 129) (1171, 793) 
(250, 757) (757, 1141) (250, 1141) 
(271, 351) (1709, 351) (271, 1709) 
(1092, 402) (402, 1716) (1092, 1716) 
(1447, 564) (1438, 564) (1438, 1447) 
(649, 1048) (700, 1048) (649, 700) 
61.txt	17	97ms
--------------------Select motifs----------------
(903, 614) (614, 1067) (903, 1067) 
(351, 340) (481, 340) (351, 481) 
(1311, 234) (234, 1647) (1311, 1647) 
(540, 31) (488, 540) (488, 31) 
(47, 232) (308, 232) (47, 308) 
(196, 648) (648, 1373) (196, 1373) 
(1024, 692) (1024, 1283) (1283, 692) 
(741, 658) (658, 371) (741, 371) 
(474, 1720) (128, 1720) (474, 128) 
(467, 1106) (467, 122) (1106, 122) 
(76, 598) (966, 598) (966, 76) 
(1507, 1189) (907, 1189) (1507, 907) 
(1178, 1061) (1178, 429) (1061, 429) 
(1327, 1269) (1327, 1034) (1034, 1269) 
62.txt	14	97ms
--------------------Select motifs----------------
(755, 548) (548, 1544) (755, 1544) 
(1226, 326) (951, 1226) (951, 326) 
(897, 231) (1093, 231) (1093, 897) 
(1644, 244) (265, 1644) (265, 244) 
(1340, 807) (807, 247) (1340, 247) 
(1702, 1252) (682, 1252) (682, 1702) 
(530, 1529) (508, 1529) (530, 508) 
(527, 989) (732, 989) (732, 527) 
63.txt	8	69ms
--------------------Select motifs----------------
(607, 929) (1505, 929) (607, 1505) 
(1484, 1073) (1484, 1005) (1073, 1005) 
(1036, 807) (980, 1036) (980, 807) 
(1571, 1063) (1063, 470) (1571, 470) 
64.txt	4	89ms
--------------------Select motifs----------------
(204, 1558) (1349, 1558) (204, 1349) 
(410, 858) (888, 858) (410, 888) 
(39, 684) (684, 3) (39, 3) 
(848, 1564) (537, 848) (537, 1564) 
(117, 1619) (117, 1721) (1619, 1721) 
(174, 408) (174, 1492) (408, 1492) 
(1218, 190) (1218, 844) (190, 844) 
(400, 918) (400, 547) (547, 918) 
65.txt	8	111ms
--------------------Select motifs----------------
(719, 507) (1535, 719) (1535, 507) 
(1641, 92) (92, 121) (1641, 121) 
(310, 840) (840, 896) (310, 896) 
(1074, 547) (98, 547) (1074, 98) 
(1624, 1692) (1692, 570) (1624, 570) 
(271, 1359) (1359, 263) (271, 263) 
(1006, 632) (1127, 632) (1006, 1127) 
(624, 681) (84, 681) (84, 624) 
(1714, 127) (127, 480) (1714, 480) 
(459, 212) (459, 288) (288, 212) 
(595, 1683) (1683, 339) (595, 339) 
(1026, 765) (1026, 302) (765, 302) 
(1361, 1191) (1525, 1191) (1361, 1525) 
(747, 749) (749, 284) (747, 284) 
(993, 152) (687, 993) (687, 152) 
(1033, 134) (1033, 564) (564, 134) 
(304, 610) (794, 610) (794, 304) 
66.txt	17	258ms
--------------------Select motifs----------------
(618, 1075) (618, 517) (1075, 517) 
(1349, 1703) (412, 1703) (1349, 412) 
(117, 105) (928, 105) (117, 928) 
(620, 529) (620, 1734) (1734, 529) 
(1488, 1077) (1087, 1488) (1087, 1077) 
(1201, 574) (574, 1485) (1201, 1485) 
(103, 449) (778, 103) (778, 449) 
(1408, 1293) (975, 1293) (1408, 975) 
67.txt	8	196ms
--------------------Select motifs----------------
(820, 1415) (557, 1415) (820, 557) 
(333, 685) (409, 685) (333, 409) 
(923, 42) (1680, 42) (1680, 923) 
(185, 799) (1633, 185) (1633, 799) 
(1026, 699) (460, 699) (460, 1026) 
(912, 384) (797, 912) (797, 384) 
(1309, 1097) (1421, 1097) (1309, 1421) 
(1056, 1083) (1056, 1363) (1363, 1083) 
(217, 1242) (217, 29) (29, 1242) 
(1395, 1187) (1102, 1395) (1102, 1187) 
(897, 161) (897, 1561) (1561, 161) 
(635, 180) (180, 551) (635, 551) 
(1502, 91) (1315, 91) (1502, 1315) 
(129, 1220) (129, 391) (391, 1220) 
(1491, 1612) (1491, 119) (119, 1612) 
(583, 1128) (175, 583) (175, 1128) 
(995, 379) (1286, 995) (1286, 379) 
(1270, 1493) (1270, 878) (1493, 878) 
68.txt	18	300ms
--------------------Select motifs----------------
(1503, 1109) (991, 1109) (1503, 991) 
(1314, 322) (1534, 322) (1534, 1314) 
(1135, 492) (279, 492) (279, 1135) 
(1623, 792) (359, 792) (1623, 359) 
(488, 710) (253, 488) (253, 710) 
(202, 1578) (1694, 1578) (1694, 202) 
(988, 1153) (1744, 1153) (1744, 988) 
(1012, 1211) (1140, 1211) (1140, 1012) 
(1701, 1488) (1645, 1488) (1701, 1645) 
(902, 67) (1344, 67) (902, 1344) 
(1056, 718) (1715, 718) (1056, 1715) 
(690, 1306) (690, 1441) (1441, 1306) 
(1713, 761) (705, 761) (1713, 705) 
69.txt	13	85ms
--------------------Select motifs----------------
(943, 872) (1487, 943) (1487, 872) 
(1570, 1386) (1630, 1386) (1630, 1570) 
(526, 109) (526, 891) (891, 109) 
(1632, 223) (611, 223) (611, 1632) 
(1500, 1365) (1365, 1011) (1500, 1011) 
(1274, 736) (1274, 234) (234, 736) 
(322, 1564) (322, 358) (358, 1564) 
(1136, 1326) (1732, 1326) (1732, 1136) 
(1005, 1269) (718, 1269) (1005, 718) 
(910, 1084) (1529, 1084) (1529, 910) 
(8, 1222) (8, 600) (1222, 600) 
(1503, 1625) (1503, 74) (74, 1625) 
(1379, 1385) (752, 1385) (752, 1379) 
(1093, 1494) (959, 1494) (959, 1093) 
(24, 1346) (1346, 1177) (24, 1177) 
(381, 844) (1000, 844) (381, 1000) 
(710, 87) (189, 710) (189, 87) 
(604, 1106) (1106, 1420) (604, 1420) 
(1534, 188) (725, 1534) (725, 188) 
70.txt	19	186ms
--------------------Select motifs----------------
(225, 0) (256, 225) (256, 0) 
(157, 713) (658, 713) (658, 157) 
(1579, 1307) (1579, 1567) (1567, 1307) 
(603, 43) (1587, 603) (1587, 43) 
(95, 1024) (95, 164) (164, 1024) 
(1478, 897) (897, 323) (1478, 323) 
(722, 1624) (722, 1518) (1624, 1518) 
(1627, 675) (1742, 675) (1742, 1627) 
(1562, 1697) (1359, 1562) (1359, 1697) 
(390, 1207) (1028, 1207) (1028, 390) 
(226, 1064) (226, 205) (205, 1064) 
(82, 239) (50, 239) (82, 50) 
(1222, 854) (854, 1250) (1222, 1250) 
(246, 517) (1053, 246) (1053, 517) 
(171, 1131) (171, 374) (374, 1131) 
(140, 741) (879, 741) (879, 140) 
(994, 502) (646, 994) (646, 502) 
(1106, 495) (1402, 495) (1106, 1402) 
71.txt	18	138ms
--------------------Select motifs----------------
(1649, 434) (139, 434) (1649, 139) 
(285, 118) (285, 1521) (118, 1521) 
(1708, 197) (1123, 197) (1708, 1123) 
(1656, 383) (1216, 383) (1656, 1216) 
(1718, 51) (887, 51) (1718, 887) 
(873, 760) (1282, 760) (873, 1282) 
(693, 1612) (1612, 884) (693, 884) 
(1214, 1350) (186, 1350) (1214, 186) 
(738, 728) (1721, 728) (738, 1721) 
(1128, 514) (725, 514) (1128, 725) 
(787, 496) (940, 787) (940, 496) 
(920, 861) (920, 50) (50, 861) 
(34, 1405) (34, 471) (1405, 471) 
72.txt	13	88ms
--------------------Select motifs----------------
(214, 1576) (528, 1576) (528, 214) 
(194, 390) (1305, 390) (194, 1305) 
(1273, 1670) (441, 1273) (441, 1670) 
(1640, 1151) (1640, 1057) (1057, 1151) 
(158, 1010) (158, 740) (1010, 740) 
(73, 333) (333, 344) (73, 344) 
(1036, 90) (1176, 90) (1036, 1176) 
(749, 1213) (368, 1213) (749, 368) 
(1186, 1491) (1316, 1491) (1186, 1316) 
(817, 854) (854, 964) (817, 964) 
(1677, 940) (1677, 1344) (1344, 940) 
(968, 988) (968, 1710) (1710, 988) 
(774, 238) (238, 119) (774, 119) 
(1146, 1554) (1146, 618) (1554, 618) 
(1164, 316) (316, 1662) (1164, 1662) 
73.txt	15	112ms
--------------------Select motifs----------------
(833, 1625) (994, 833) (994, 1625) 
(1345, 1418) (1345, 494) (494, 1418) 
(803, 465) (803, 167) (167, 465) 
(1023, 1666) (472, 1666) (472, 1023) 
(1400, 702) (1730, 702) (1730, 1400) 
(1457, 739) (739, 1024) (1457, 1024) 
(1672, 1742) (820, 1672) (820, 1742) 
(775, 1127) (775, 286) (1127, 286) 
(1042, 166) (941, 166) (941, 1042) 
74.txt	9	140ms
--------------------Select motifs----------------
(383, 1185) (1338, 1185) (1338, 383) 
(943, 1494) (943, 1739) (1494, 1739) 
(118, 268) (633, 268) (633, 118) 
(475, 584) (475, 616) (616, 584) 
(480, 45) (257, 45) (480, 257) 
(464, 1561) (1115, 464) (1115, 1561) 
(542, 985) (436, 542) (436, 985) 
(147, 1489) (590, 1489) (147, 590) 
(250, 230) (250, 1121) (230, 1121) 
(1008, 847) (847, 1024) (1008, 1024) 
(1505, 1567) (1602, 1505) (1602, 1567) 
(1688, 1306) (856, 1306) (1688, 856) 
75.txt	12	97ms
--------------------Select motifs----------------
(445, 1385) (445, 1300) (1385, 1300) 
(33, 1343) (1690, 1343) (1690, 33) 
(87, 605) (387, 87) (387, 605) 
(193, 1549) (351, 193) (351, 1549) 
(8, 589) (8, 118) (589, 118) 
(256, 568) (1395, 568) (256, 1395) 
(658, 736) (1627, 736) (658, 1627) 
(1537, 723) (1632, 1537) (1632, 723) 
(1376, 1056) (1376, 434) (1056, 434) 
(873, 737) (873, 142) (142, 737) 
(531, 99) (937, 99) (531, 937) 
(1714, 1) (1, 16) (1714, 16) 
(1426, 896) (1426, 912) (912, 896) 
(1194, 610) (1491, 1194) (1491, 610) 
76.txt	14	92ms
--------------------Select motifs----------------
(1335, 1617) (809, 1617) (1335, 809) 
(227, 815) (815, 454) (227, 454) 
(1018, 477) (361, 477) (1018, 361) 
(1584, 394) (1577, 394) (1577, 1584) 
(54, 430) (430, 427) (54, 427) 
(1290, 1494) (841, 1494) (1290, 841) 
(1349, 241) (1259, 241) (1259, 1349) 
(962, 1081) (962, 1744) (1081, 1744) 
(1381, 945) (945, 1234) (1381, 1234) 
(875, 874) (1279, 874) (1279, 875) 
(1676, 217) (1676, 137) (137, 217) 
(375, 16) (16, 13) (375, 13) 
(505, 666) (666, 732) (505, 732) 
(1674, 1016) (684, 1674) (684, 1016) 
(1171, 1233) (1171, 77) (1233, 77) 
77.txt	15	163ms
--------------------Select motifs----------------
(216, 1677) (216, 148) (1677, 148) 
(780, 1489) (1251, 1489) (1251, 780) 
(821, 151) (1524, 151) (1524, 821) 
(1070, 167) (1076, 1070) (1076, 167) 
(328, 596) (710, 596) (328, 710) 
(317, 364) (317, 254) (364, 254) 
(509, 1721) (1721, 1123) (509, 1123) 
(724, 6) (461, 724) (461, 6) 
(754, 1271) (983, 754) (983, 1271) 
(1663, 1098) (1627, 1098) (1663, 1627) 
(802, 52) (802, 948) (948, 52) 
78.txt	11	86ms
--------------------Select motifs----------------
(889, 564) (1151, 889) (1151, 564) 
(650, 1745) (1745, 1648) (650, 1648) 
(1075, 478) (325, 478) (1075, 325) 
(1467, 1227) (1227, 990) (1467, 990) 
(734, 886) (315, 886) (315, 734) 
(799, 488) (683, 488) (683, 799) 
(961, 419) (419, 437) (961, 437) 
(1737, 1515) (1489, 1515) (1489, 1737) 
(1032, 30) (615, 30) (615, 1032) 
(1200, 250) (1200, 565) (565, 250) 
(760, 217) (217, 756) (760, 756) 
(798, 464) (798, 980) (980, 464) 
79.txt	12	111ms
--------------------Select motifs----------------
(1464, 1673) (1464, 577) (577, 1673) 
(1234, 56) (1234, 505) (505, 56) 
(274, 11) (43, 11) (43, 274) 
(1719, 1522) (1719, 403) (1522, 403) 
(526, 225) (878, 225) (526, 878) 
(825, 570) (468, 570) (468, 825) 
(665, 1109) (665, 821) (821, 1109) 
(1204, 1669) (500, 1669) (500, 1204) 
(1159, 477) (1159, 1670) (477, 1670) 
(1069, 1434) (905, 1434) (1069, 905) 
(377, 1636) (1073, 1636) (1073, 377) 
(1032, 151) (1032, 448) (151, 448) 
80.txt	12	89ms
--------------------Select motifs----------------
(1405, 295) (295, 79) (1405, 79) 
(268, 317) (162, 268) (162, 317) 
(1383, 318) (1383, 381) (381, 318) 
(105, 1167) (455, 1167) (105, 455) 
(499, 1517) (1517, 1244) (499, 1244) 
(929, 1162) (478, 1162) (929, 478) 
(536, 1102) (1102, 1694) (536, 1694) 
(403, 1024) (722, 1024) (403, 722) 
(267, 35) (1219, 35) (267, 1219) 
(1579, 1615) (1579, 1715) (1615, 1715) 
(1722, 924) (1722, 611) (924, 611) 
(1318, 1462) (1318, 839) (839, 1462) 
(1178, 228) (1683, 228) (1178, 1683) 
(1476, 754) (1476, 1023) (1023, 754) 
(4, 669) (4, 618) (618, 669) 
81.txt	15	158ms
--------------------Select motifs----------------
(215, 1485) (1041, 1485) (1041, 215) 
(858, 1474) (858, 392) (1474, 392) 
(1439, 1544) (1082, 1544) (1439, 1082) 
(1245, 373) (85, 1245) (85, 373) 
(1622, 1353) (1353, 1674) (1622, 1674) 
(1355, 1262) (1355, 1734) (1262, 1734) 
(811, 246) (473, 811) (473, 246) 
(1529, 1310) (1310, 1410) (1529, 1410) 
(997, 198) (198, 521) (997, 521) 
(1377, 1668) (1579, 1377) (1579, 1668) 
(876, 1202) (1645, 876) (1645, 1202) 
82.txt	11	114ms
--------------------Select motifs----------------
(476, 569) (1279, 569) (476, 1279) 
(211, 582) (211, 1219) (1219, 582) 
(343, 372) (343, 1742) (1742, 372) 
(1224, 1175) (1224, 749) (1175, 749) 
(1725, 333) (1725, 66) (333, 66) 
(1197, 1278) (1197, 1192) (1192, 1278) 
(980, 1521) (1720, 1521) (1720, 980) 
(968, 684) (1669, 684) (1669, 968) 
(677, 188) (677, 201) (201, 188) 
(1150, 692) (914, 692) (914, 1150) 
(256, 621) (1693, 621) (256, 1693) 
(1110, 835) (936, 1110) (936, 835) 
83.txt	12	150ms
--------------------Select motifs----------------
(297, 679) (297, 261) (679, 261) 
(1394, 34) (1394, 1079) (1079, 34) 
(506, 588) (506, 361) (361, 588) 
(1646, 1104) (1321, 1646) (1321, 1104) 
(1075, 1446) (178, 1446) (178, 1075) 
(295, 1479) (713, 295) (713, 1479) 
(1575, 151) (1575, 701) (701, 151) 
(220, 1620) (220, 1455) (1620, 1455) 
(992, 65) (423, 65) (992, 423) 
(318, 585) (318, 240) (240, 585) 
(1664, 1411) (1664, 1648) (1411, 1648) 
(21, 507) (1549, 507) (1549, 21) 
(4, 617) (86, 617) (86, 4) 
(972, 1070) (972, 979) (1070, 979) 
(400, 580) (400, 1314) (1314, 580) 
(215, 695) (1635, 695) (215, 1635) 
84.txt	16	94ms
--------------------Select motifs----------------
(769, 585) (455, 585) (769, 455) 
(731, 729) (1198, 729) (731, 1198) 
(777, 308) (508, 308) (508, 777) 
(1012, 1026) (1728, 1026) (1728, 1012) 
(323, 1669) (1431, 1669) (323, 1431) 
(1661, 1737) (420, 1661) (420, 1737) 
(100, 1719) (124, 100) (124, 1719) 
(722, 1647) (656, 1647) (722, 656) 
(635, 810) (810, 826) (635, 826) 
(1342, 1166) (89, 1166) (1342, 89) 
85.txt	10	75ms
--------------------Select motifs----------------
(234, 1070) (582, 1070) (582, 234) 
(223, 962) (76, 962) (76, 223) 
(1138, 424) (1138, 494) (424, 494) 
(1556, 1593) (1556, 1108) (1108, 1593) 
(178, 806) (305, 806) (305, 178) 
(1712, 1309) (1712, 1508) (1508, 1309) 
(1481, 1298) (1662, 1298) (1481, 1662) 
(755, 1683) (787, 755) (787, 1683) 
(1316, 1381) (1381, 1027) (1316, 1027) 
(711, 134) (711, 233) (134, 233) 
(452, 1132) (590, 452) (590, 1132) 
(732, 904) (349, 904) (732, 349) 
(1124, 631) (71, 631) (71, 1124) 
(116, 1410) (116, 313) (1410, 313) 
(1169, 1706) (1169, 152) (1706, 152) 
(277, 88) (1271, 277) (1271, 88) 
(1526, 1677) (1526, 1349) (1677, 1349) 
86.txt	17	107ms
--------------------Select motifs----------------
(408, 178) (496, 178) (408, 496) 
(826, 375) (1091, 375) (1091, 826) 
(1415, 827) (1415, 971) (827, 971) 
(317, 193) (1417, 317) (1417, 193) 
(743, 1148) (743, 400) (400, 1148) 
(284, 1117) (504, 284) (504, 1117) 
(403, 282) (1338, 282) (1338, 403) 
(464, 605) (1099, 464) (1099, 605) 
(1452, 533) (1452, 1219) (533, 1219) 
(1574, 1503) (209, 1574) (209, 1503) 
(1475, 159) (1475, 1411) (1411, 159) 
(973, 878) (973, 1181) (878, 1181) 
(691, 647) (691, 1556) (647, 1556) 
(435, 609) (1302, 435) (1302, 609) 
(1725, 794) (480, 1725) (480, 794) 
(458, 210) (458, 884) (884, 210) 
87.txt	16	111ms
--------------------Select motifs----------------
(1563, 310) (340, 1563) (340, 310) 
(1115, 1428) (1115, 1198) (1428, 1198) 
(268, 832) (832, 869) (268, 869) 
(31, 1262) (172, 1262) (31, 172) 
(1260, 587) (1260, 795) (587, 795) 
(1010, 465) (465, 1602) (1010, 1602) 
(1353, 1005) (969, 1005) (969, 1353) 
(1047, 1008) (812, 1008) (812, 1047) 
(680, 1619) (1619, 336) (680, 336) 
(1612, 1528) (884, 1528) (1612, 884) 
(1173, 809) (1741, 809) (1173, 1741) 
88.txt	11	91ms
--------------------Select motifs----------------
(281, 520) (281, 1035) (1035, 520) 
(1345, 1211) (1345, 1205) (1205, 1211) 
(1434, 1112) (1343, 1434) (1343, 1112) 
(1243, 346) (1519, 346) (1243, 1519) 
(877, 847) (847, 177) (877, 177) 
(448, 449) (0, 449) (448, 0) 
(953, 1632) (1632, 237) (953, 237) 
(1641, 1381) (1641, 844) (1381, 844) 
(460, 1274) (460, 364) (364, 1274) 
(7, 1544) (7, 1309) (1544, 1309) 
(1015, 1085) (1085, 179) (1015, 179) 
(477, 1443) (1443, 470) (477, 470) 
(1717, 841) (640, 841) (1717, 640) 
(701, 376) (701, 777) (777, 376) 
(1330, 1329) (1315, 1329) (1315, 1330) 
(1145, 568) (1145, 109) (109, 568) 
(55, 1230) (528, 1230) (528, 55) 
(1392, 773) (1392, 968) (773, 968) 
(1048, 875) (218, 1048) (218, 875) 
89.txt	19	144ms
--------------------Select motifs----------------
(1334, 964) (420, 1334) (420, 964) 
(1126, 863) (739, 863) (739, 1126) 
(1700, 148) (251, 1700) (251, 148) 
(322, 1699) (1699, 1161) (322, 1161) 
(1206, 1577) (1206, 874) (874, 1577) 
(889, 408) (146, 408) (889, 146) 
(205, 562) (562, 958) (205, 958) 
(526, 832) (320, 832) (320, 526) 
(3, 850) (1285, 3) (1285, 850) 
(271, 1439) (271, 883) (883, 1439) 
(820, 715) (715, 1300) (820, 1300) 
(1643, 601) (963, 1643) (963, 601) 
(618, 1221) (1576, 1221) (1576, 618) 
(475, 15) (15, 253) (475, 253) 
(1648, 1723) (463, 1648) (463, 1723) 
(56, 651) (56, 1295) (1295, 651) 
90.txt	16	111ms
--------------------Select motifs----------------
(724, 1686) (724, 11) (11, 1686) 
(207, 100) (100, 538) (207, 538) 
(572, 214) (214, 1293) (572, 1293) 
(1216, 71) (71, 151) (1216, 151) 
(1649, 1557) (1649, 1225) (1557, 1225) 
(1638, 485) (485, 1223) (1638, 1223) 
(744, 875) (1021, 875) (744, 1021) 
(823, 1131) (315, 1131) (315, 823) 
(729, 1169) (868, 729) (868, 1169) 
(1739, 1402) (1342, 1402) (1342, 1739) 
(272, 1691) (1691, 761) (272, 761) 
(1558, 1619) (1619, 903) (1558, 903) 
(598, 1138) (595, 1138) (595, 598) 
(101, 0) (730, 0) (101, 730) 
(116, 327) (1071, 327) (116, 1071) 
91.txt	15	103ms
--------------------Select motifs----------------
(1374, 1475) (1101, 1374) (1101, 1475) 
(169, 1335) (809, 1335) (169, 809) 
(1458, 1212) (1212, 125) (1458, 125) 
(716, 1209) (1209, 457) (716, 457) 
(717, 1144) (1144, 1125) (717, 1125) 
(1069, 847) (1069, 1284) (1284, 847) 
(64, 96) (64, 691) (96, 691) 
(914, 1196) (914, 92) (1196, 92) 
(273, 424) (273, 1589) (1589, 424) 
(366, 47) (1466, 47) (366, 1466) 
(416, 508) (1119, 416) (1119, 508) 
(479, 1627) (1228, 1627) (479, 1228) 
92.txt	12	81ms
--------------------Select motifs----------------
(696, 905) (696, 1169) (1169, 905) 
(1207, 816) (457, 1207) (457, 816) 
(1513, 178) (178, 293) (1513, 293) 
(90, 1647) (1647, 1458) (90, 1458) 
(1524, 276) (276, 1317) (1524, 1317) 
(727, 841) (1626, 727) (1626, 841) 
(26, 1363) (1153, 1363) (26, 1153) 
(1162, 1068) (564, 1068) (1162, 564) 
(1457, 11) (834, 11) (834, 1457) 
(58, 147) (645, 147) (645, 58) 
(127, 81) (127, 888) (888, 81) 
93.txt	11	148ms
--------------------Select motifs----------------
(1479, 1151) (1731, 1479) (1731, 1151) 
(1208, 1352) (1024, 1352) (1024, 1208) 
(59, 300) (59, 204) (204, 300) 
(822, 1181) (822, 295) (295, 1181) 
(1606, 676) (658, 676) (1606, 658) 
(75, 1551) (1551, 284) (75, 284) 
(1021, 1643) (1565, 1643) (1565, 1021) 
(1486, 959) (1486, 1633) (1633, 959) 
(1523, 540) (1445, 540) (1445, 1523) 
(1029, 1434) (1434, 1169) (1029, 1169) 
(311, 630) (84, 630) (311, 84) 
(165, 1119) (726, 1119) (165, 726) 
(373, 950) (373, 1272) (1272, 950) 
(1019, 183) (345, 1019) (345, 183) 
(367, 1437) (367, 1687) (1687, 1437) 
(681, 781) (781, 564) (681, 564) 
(947, 242) (947, 709) (242, 709) 
(791, 924) (924, 316) (791, 316) 
(900, 1564) (1564, 1360) (900, 1360) 
(1188, 1180) (1188, 1552) (1552, 1180) 
94.txt	20	189ms
--------------------Select motifs----------------
(673, 610) (673, 1458) (1458, 610) 
(419, 119) (929, 419) (929, 119) 
(1402, 670) (1402, 111) (111, 670) 
(158, 1378) (1378, 332) (158, 332) 
(797, 976) (290, 976) (797, 290) 
(935, 1535) (691, 1535) (691, 935) 
(1400, 562) (1734, 1400) (1734, 562) 
(934, 1740) (1740, 872) (934, 872) 
(237, 1311) (1044, 1311) (237, 1044) 
(31, 538) (1390, 31) (1390, 538) 
(1706, 273) (1094, 1706) (1094, 273) 
(1437, 1564) (1437, 1198) (1198, 1564) 
(1038, 1534) (1300, 1534) (1038, 1300) 
(102, 1614) (16, 1614) (16, 102) 
(1474, 557) (845, 557) (845, 1474) 
(149, 1411) (149, 1349) (1349, 1411) 
(831, 805) (150, 805) (150, 831) 
(140, 68) (68, 1366) (140, 1366) 
95.txt	18	124ms
--------------------Select motifs----------------
(1077, 1165) (1165, 392) (1077, 392) 
(993, 1236) (498, 1236) (993, 498) 
(1131, 617) (617, 709) (1131, 709) 
(784, 1224) (784, 272) (272, 1224) 
(88, 1423) (88, 1502) (1423, 1502) 
(1188, 1574) (221, 1188) (221, 1574) 
(267, 495) (495, 1167) (267, 1167) 
(1434, 522) (1434, 1064) (1064, 522) 
(835, 189) (835, 975) (189, 975) 
(734, 926) (616, 926) (734, 616) 
(432, 743) (743, 1232) (432, 1232) 
(1424, 1135) (965, 1135) (965, 1424) 
(366, 1264) (366, 629) (1264, 629) 
(1072, 1300) (1353, 1072) (1353, 1300) 
(717, 231) (686, 231) (686, 717) 
(478, 1228) (907, 1228) (907, 478) 
(104, 578) (578, 192) (104, 192) 
96.txt	17	176ms
--------------------Select motifs----------------
(376, 1060) (1060, 1637) (376, 1637) 
(1401, 585) (1401, 1735) (585, 1735) 
(876, 1602) (604, 876) (604, 1602) 
(1346, 1740) (1346, 673) (673, 1740) 
(715, 347) (980, 347) (715, 980) 
(1375, 1415) (1332, 1415) (1332, 1375) 
(207, 932) (932, 325) (207, 325) 
(40, 751) (40, 76) (76, 751) 
(1308, 0) (1308, 265) (265, 0) 
(322, 312) (312, 1647) (322, 1647) 
(1686, 38) (390, 38) (1686, 390) 
(1248, 318) (768, 1248) (768, 318) 
(399, 1379) (1379, 1455) (399, 1455) 
(1337, 1516) (49, 1516) (49, 1337) 
97.txt	14	228ms
--------------------Select motifs----------------
(1212, 1567) (1567, 507) (1212, 507) 
(231, 452) (901, 452) (231, 901) 
(1712, 94) (94, 604) (1712, 604) 
(883, 500) (77, 500) (77, 883) 
(329, 969) (816, 969) (816, 329) 
(467, 359) (1533, 359) (1533, 467) 
(723, 471) (471, 558) (723, 558) 
(1164, 1495) (590, 1495) (590, 1164) 
(502, 1513) (1542, 1513) (1542, 502) 
(873, 1251) (873, 505) (505, 1251) 
(1167, 1719) (1167, 36) (1719, 36) 
(370, 45) (370, 60) (45, 60) 
(1056, 770) (1056, 1114) (1114, 770) 
98.txt	13	103ms
--------------------Select motifs----------------
(1300, 177) (833, 177) (1300, 833) 
(603, 758) (603, 1663) (1663, 758) 
(643, 1395) (1110, 1395) (643, 1110) 
(925, 449) (449, 1478) (925, 1478) 
(1009, 701) (895, 701) (1009, 895) 
(845, 1497) (845, 1585) (1585, 1497) 
(1520, 1054) (487, 1054) (487, 1520) 
(1360, 188) (188, 1448) (1360, 1448) 
(250, 649) (250, 1584) (649, 1584) 
(484, 190) (1364, 190) (1364, 484) 
(1509, 611) (1509, 857) (611, 857) 
(353, 737) (353, 605) (605, 737) 
(1299, 1655) (1371, 1299) (1371, 1655) 
(1317, 108) (864, 108) (864, 1317) 
(1484, 1340) (350, 1484) (350, 1340) 
99.txt	15	179ms
