--------------------Select motifs----------------
(1671, 868) (333, 868) (333, 1518) (1671, 1518) 
(295, 1825) (295, 415) (315, 415) (315, 1825) 
(60, 1716) (60, 982) (1339, 1716) (1339, 982) 
(304, 1189) (683, 1189) (304, 1530) (683, 1530) 
0.txt	4	620ms
--------------------Select motifs----------------
(943, 556) (943, 1121) (1639, 556) (1639, 1121) 
(79, 1037) (1387, 1037) (1387, 605) (79, 605) 
(976, 239) (210, 239) (210, 1140) (976, 1140) 
(1376, 662) (1376, 1070) (249, 662) (249, 1070) 
1.txt	4	664ms
--------------------Select motifs----------------
(1736, 1244) (1736, 743) (1438, 743) (1438, 1244) 
(1740, 1593) (438, 1593) (438, 994) (1740, 994) 
(657, 68) (657, 999) (1117, 68) (1117, 999) 
(1314, 957) (1579, 957) (1579, 5) (1314, 5) 
(810, 711) (1820, 711) (810, 460) (1820, 460) 
(736, 788) (736, 1780) (514, 788) (514, 1780) 
(1037, 820) (1015, 820) (1015, 1193) (1037, 1193) 
(1466, 669) (498, 84) (1466, 84) (498, 669) 
2.txt	8	666ms
--------------------Select motifs----------------
(276, 1008) (276, 1573) (1699, 1008) (1699, 1573) 
(436, 847) (436, 1822) (165, 847) (165, 1822) 
(498, 1189) (1729, 247) (498, 247) (1729, 1189) 
(1439, 924) (475, 924) (475, 259) (1439, 259) 
(578, 1282) (1281, 1282) (1281, 118) (578, 118) 
(1516, 384) (99, 1686) (1516, 1686) (99, 384) 
3.txt	6	659ms
--------------------Select motifs----------------
(679, 430) (679, 1438) (1348, 1438) (1348, 430) 
(202, 123) (1658, 1336) (202, 1336) (1658, 123) 
(1852, 712) (1505, 712) (1505, 1278) (1852, 1278) 
(389, 1257) (156, 1257) (389, 1661) (156, 1661) 
(1001, 688) (192, 492) (192, 688) (1001, 492) 
(304, 1055) (1261, 518) (1261, 1055) (304, 518) 
(1059, 1372) (0, 699) (0, 1372) (1059, 699) 
(1525, 477) (1525, 1326) (811, 1326) (811, 477) 
4.txt	8	666ms
--------------------Select motifs----------------
(814, 1821) (1165, 460) (1165, 1821) (814, 460) 
(922, 1771) (922, 390) (1006, 390) (1006, 1771) 
(552, 968) (493, 968) (493, 1281) (552, 1281) 
(1749, 1242) (870, 1242) (870, 1190) (1749, 1190) 
5.txt	4	649ms
--------------------Select motifs----------------
(391, 188) (1479, 822) (391, 822) (1479, 188) 
(696, 1586) (696, 506) (107, 506) (107, 1586) 
(517, 1141) (835, 1466) (517, 1466) (835, 1141) 
(1025, 677) (596, 677) (596, 794) (1025, 794) 
(320, 1367) (320, 273) (1686, 273) (1686, 1367) 
(876, 230) (173, 657) (876, 657) (173, 230) 
(4, 1775) (1610, 1775) (4, 1094) (1610, 1094) 
(369, 66) (1278, 686) (1278, 66) (369, 686) 
6.txt	8	665ms
--------------------Select motifs----------------
(1196, 1246) (1839, 1246) (1196, 40) (1839, 40) 
(173, 1726) (105, 1726) (105, 164) (173, 164) 
(793, 1680) (1045, 1680) (793, 1426) (1045, 1426) 
(1473, 611) (586, 611) (1473, 1581) (586, 1581) 
(1157, 381) (320, 999) (1157, 999) (320, 381) 
7.txt	5	711ms
--------------------Select motifs----------------
(325, 954) (111, 954) (111, 88) (325, 88) 
(1347, 414) (1347, 1154) (336, 1154) (336, 414) 
(52, 1360) (52, 1042) (66, 1042) (66, 1360) 
(1741, 686) (1741, 1588) (597, 1588) (597, 686) 
(373, 353) (538, 851) (538, 353) (373, 851) 
(1027, 1113) (67, 1113) (1027, 1315) (67, 1315) 
8.txt	6	690ms
--------------------Select motifs----------------
(726, 178) (1436, 1703) (1436, 178) (726, 1703) 
(1087, 1546) (994, 1546) (1087, 1608) (994, 1608) 
(1812, 1240) (614, 1240) (1812, 364) (614, 364) 
(650, 1079) (650, 221) (215, 221) (215, 1079) 
(1397, 1222) (1018, 1845) (1397, 1845) (1018, 1222) 
(1839, 1410) (1175, 1410) (1839, 834) (1175, 834) 
(233, 662) (631, 222) (233, 222) (631, 662) 
(548, 450) (1173, 450) (1173, 1282) (548, 1282) 
(995, 1380) (1634, 1380) (1634, 1184) (995, 1184) 
9.txt	9	697ms
--------------------Select motifs----------------
(765, 763) (805, 763) (765, 1309) (805, 1309) 
(938, 1195) (938, 1186) (1380, 1186) (1380, 1195) 
(99, 1514) (99, 545) (728, 1514) (728, 545) 
10.txt	3	702ms
--------------------Select motifs----------------
(536, 428) (1041, 428) (536, 318) (1041, 318) 
(556, 1095) (1723, 1095) (1723, 211) (556, 211) 
(1529, 151) (1210, 151) (1529, 1566) (1210, 1566) 
(1664, 972) (1552, 972) (1664, 267) (1552, 267) 
(478, 1334) (478, 1609) (1766, 1609) (1766, 1334) 
(1390, 434) (1390, 743) (841, 434) (841, 743) 
(483, 323) (1801, 323) (1801, 712) (483, 712) 
(135, 636) (1418, 636) (135, 33) (1418, 33) 
(930, 508) (930, 1482) (1118, 1482) (1118, 508) 
11.txt	9	692ms
--------------------Select motifs----------------
(709, 754) (458, 1243) (709, 1243) (458, 754) 
(911, 938) (911, 314) (915, 314) (915, 938) 
(84, 504) (26, 1721) (84, 1721) (26, 504) 
(1276, 1300) (1276, 1659) (994, 1659) (994, 1300) 
(1762, 660) (1367, 660) (1367, 1016) (1762, 1016) 
(410, 1116) (896, 1116) (896, 1487) (410, 1487) 
(68, 1617) (1426, 1617) (68, 982) (1426, 982) 
(910, 438) (910, 74) (418, 74) (418, 438) 
12.txt	8	676ms
--------------------Select motifs----------------
(1609, 1256) (180, 1002) (1609, 1002) (180, 1256) 
(769, 142) (1150, 142) (769, 354) (1150, 354) 
13.txt	2	688ms
--------------------Select motifs----------------
(962, 672) (758, 672) (758, 1068) (962, 1068) 
(725, 87) (893, 557) (725, 557) (893, 87) 
(990, 1591) (897, 1591) (990, 509) (897, 509) 
(847, 737) (812, 1608) (847, 1608) (812, 737) 
14.txt	4	719ms
--------------------Select motifs----------------
(1694, 1809) (618, 1756) (1694, 1756) (618, 1809) 
(1149, 768) (1149, 389) (1585, 768) (1585, 389) 
(564, 502) (94, 1757) (94, 502) (564, 1757) 
(637, 1263) (637, 1406) (1125, 1406) (1125, 1263) 
(1038, 594) (153, 1507) (1038, 1507) (153, 594) 
(1029, 1535) (1029, 1570) (465, 1570) (465, 1535) 
(218, 1720) (842, 1720) (218, 1417) (842, 1417) 
(543, 607) (399, 607) (399, 96) (543, 96) 
15.txt	8	699ms
--------------------Select motifs----------------
(722, 1400) (722, 874) (1020, 874) (1020, 1400) 
(541, 1593) (1240, 1593) (541, 1681) (1240, 1681) 
(1724, 1150) (962, 1682) (1724, 1682) (962, 1150) 
(1760, 111) (1731, 111) (1760, 812) (1731, 812) 
(1725, 216) (301, 954) (1725, 954) (301, 216) 
16.txt	5	689ms
--------------------Select motifs----------------
(1446, 790) (1446, 606) (617, 606) (617, 790) 
(1616, 1355) (176, 1355) (176, 1296) (1616, 1296) 
(734, 1775) (120, 1775) (120, 187) (734, 187) 
(768, 1752) (768, 1036) (671, 1752) (671, 1036) 
(484, 1353) (567, 1479) (484, 1479) (567, 1353) 
(368, 277) (368, 612) (593, 277) (593, 612) 
(1811, 1506) (1811, 1423) (662, 1423) (662, 1506) 
(292, 27) (1153, 27) (1153, 836) (292, 836) 
17.txt	8	719ms
--------------------Select motifs----------------
(977, 1645) (988, 870) (988, 1645) (977, 870) 
(908, 345) (1329, 938) (908, 938) (1329, 345) 
(1403, 638) (1803, 638) (1403, 1579) (1803, 1579) 
(1838, 241) (341, 241) (341, 433) (1838, 433) 
(309, 1186) (853, 1850) (309, 1850) (853, 1186) 
(1164, 973) (1108, 277) (1164, 277) (1108, 973) 
(1116, 1718) (1737, 1718) (1737, 753) (1116, 753) 
(39, 69) (39, 240) (1809, 69) (1809, 240) 
18.txt	8	674ms
--------------------Select motifs----------------
(4, 600) (1757, 981) (4, 981) (1757, 600) 
(1655, 136) (1210, 136) (1210, 133) (1655, 133) 
(75, 518) (587, 310) (75, 310) (587, 518) 
(583, 1580) (583, 1152) (688, 1580) (688, 1152) 
(114, 1848) (1523, 360) (114, 360) (1523, 1848) 
(508, 1539) (295, 1539) (508, 526) (295, 526) 
(1717, 1295) (294, 781) (1717, 781) (294, 1295) 
(314, 39) (314, 1054) (855, 1054) (855, 39) 
19.txt	8	688ms
--------------------Select motifs----------------
(476, 1300) (476, 752) (1188, 752) (1188, 1300) 
(1593, 133) (591, 133) (1593, 1319) (591, 1319) 
(1387, 995) (859, 995) (1387, 270) (859, 270) 
(100, 804) (1782, 10) (1782, 804) (100, 10) 
20.txt	4	699ms
--------------------Select motifs----------------
(791, 1021) (217, 1621) (217, 1021) (791, 1621) 
(175, 1823) (1244, 1239) (1244, 1823) (175, 1239) 
(1277, 376) (606, 376) (1277, 1516) (606, 1516) 
(82, 19) (82, 1461) (1107, 1461) (1107, 19) 
21.txt	4	804ms
--------------------Select motifs----------------
(192, 1839) (192, 1423) (1049, 1423) (1049, 1839) 
(1661, 462) (141, 462) (1661, 2) (141, 2) 
(1561, 1767) (1285, 1767) (1561, 1602) (1285, 1602) 
(264, 922) (971, 922) (971, 1316) (264, 1316) 
(841, 1297) (227, 570) (227, 1297) (841, 570) 
(724, 1806) (967, 1806) (724, 32) (967, 32) 
(1148, 79) (675, 79) (1148, 994) (675, 994) 
(1357, 899) (175, 899) (175, 1050) (1357, 1050) 
22.txt	8	721ms
--------------------Select motifs----------------
(1532, 402) (1532, 14) (1804, 14) (1804, 402) 
(1791, 704) (1066, 704) (1066, 307) (1791, 307) 
(955, 1366) (897, 1366) (955, 961) (897, 961) 
(1697, 1598) (1697, 1837) (1194, 1837) (1194, 1598) 
(924, 1152) (924, 236) (850, 236) (850, 1152) 
(1022, 865) (186, 378) (1022, 378) (186, 865) 
23.txt	6	671ms
--------------------Select motifs----------------
(1598, 534) (463, 534) (1598, 927) (463, 927) 
(1634, 897) (1614, 295) (1634, 295) (1614, 897) 
(764, 1702) (1141, 1702) (764, 697) (1141, 697) 
(321, 583) (561, 1297) (561, 583) (321, 1297) 
24.txt	4	690ms
--------------------Select motifs----------------
(609, 1612) (1390, 1612) (609, 1406) (1390, 1406) 
(340, 74) (340, 189) (469, 74) (469, 189) 
(1831, 1045) (1198, 1045) (1831, 224) (1198, 224) 
(84, 49) (84, 515) (1330, 49) (1330, 515) 
(349, 566) (826, 1302) (826, 566) (349, 1302) 
(362, 178) (1100, 1082) (1100, 178) (362, 1082) 
(1469, 1657) (130, 1657) (1469, 765) (130, 765) 
25.txt	7	721ms
--------------------Select motifs----------------
(397, 671) (1829, 671) (397, 1462) (1829, 1462) 
(1053, 136) (263, 1219) (263, 136) (1053, 1219) 
(293, 975) (336, 1076) (293, 1076) (336, 975) 
(1833, 1539) (632, 1741) (1833, 1741) (632, 1539) 
(1623, 1318) (146, 1318) (146, 199) (1623, 199) 
(517, 585) (1039, 567) (517, 567) (1039, 585) 
(1, 1629) (43, 1227) (43, 1629) (1, 1227) 
(891, 846) (203, 598) (891, 598) (203, 846) 
(718, 1214) (1035, 1214) (718, 889) (1035, 889) 
(317, 532) (1316, 532) (317, 866) (1316, 866) 
26.txt	10	725ms
--------------------Select motifs----------------
(744, 1011) (748, 1011) (748, 956) (744, 956) 
(1598, 1) (488, 1222) (1598, 1222) (488, 1) 
(4, 1647) (4, 1289) (1028, 1289) (1028, 1647) 
(1662, 285) (1662, 1050) (145, 285) (145, 1050) 
(1499, 1444) (1615, 1444) (1499, 863) (1615, 863) 
(202, 733) (727, 733) (727, 1365) (202, 1365) 
(134, 1295) (1004, 923) (134, 923) (1004, 1295) 
(1789, 1587) (1789, 320) (1394, 320) (1394, 1587) 
(1046, 1629) (1469, 1629) (1046, 1667) (1469, 1667) 
(57, 173) (57, 640) (1610, 173) (1610, 640) 
(1537, 1728) (1478, 1728) (1537, 370) (1478, 370) 
27.txt	11	728ms
--------------------Select motifs----------------
(25, 805) (25, 174) (564, 805) (564, 174) 
(701, 659) (701, 1832) (1785, 1832) (1785, 659) 
(1608, 1801) (390, 1847) (1608, 1847) (390, 1801) 
(261, 1295) (253, 1533) (253, 1295) (261, 1533) 
(1585, 1015) (199, 1008) (199, 1015) (1585, 1008) 
(592, 1726) (134, 565) (592, 565) (134, 1726) 
28.txt	6	737ms
--------------------Select motifs----------------
(232, 1630) (232, 1378) (350, 1630) (350, 1378) 
(209, 245) (209, 579) (1033, 245) (1033, 579) 
(1664, 1690) (738, 1690) (1664, 1003) (738, 1003) 
(1826, 1209) (1270, 1209) (1826, 720) (1270, 720) 
(1711, 1193) (574, 1193) (574, 323) (1711, 323) 
(1153, 575) (1153, 1044) (470, 575) (470, 1044) 
29.txt	6	700ms
--------------------Select motifs----------------
(1165, 1065) (1129, 1065) (1129, 70) (1165, 70) 
(247, 927) (296, 927) (296, 1347) (247, 1347) 
(1007, 136) (371, 136) (371, 1607) (1007, 1607) 
30.txt	3	741ms
--------------------Select motifs----------------
(695, 1456) (695, 909) (287, 1456) (287, 909) 
(1395, 55) (1395, 1205) (1261, 55) (1261, 1205) 
(1336, 1274) (1336, 520) (650, 1274) (650, 520) 
(1598, 1627) (1299, 1627) (1299, 1136) (1598, 1136) 
(861, 40) (861, 1756) (426, 1756) (426, 40) 
(1494, 518) (397, 518) (1494, 1008) (397, 1008) 
31.txt	6	723ms
--------------------Select motifs----------------
(393, 1416) (48, 1416) (393, 911) (48, 911) 
(1848, 626) (1532, 626) (1532, 714) (1848, 714) 
(674, 726) (674, 1169) (1384, 726) (1384, 1169) 
(1216, 368) (134, 368) (134, 799) (1216, 799) 
(656, 1484) (656, 333) (391, 333) (391, 1484) 
(756, 1013) (756, 1311) (1546, 1311) (1546, 1013) 
32.txt	6	733ms
--------------------Select motifs----------------
(1310, 1716) (962, 601) (1310, 601) (962, 1716) 
(1279, 1303) (590, 1194) (1279, 1194) (590, 1303) 
(56, 1679) (756, 1576) (56, 1576) (756, 1679) 
33.txt	3	679ms
--------------------Select motifs----------------
(1722, 945) (966, 1133) (966, 945) (1722, 1133) 
(641, 0) (1071, 0) (641, 149) (1071, 149) 
(482, 556) (1699, 245) (482, 245) (1699, 556) 
(949, 141) (1137, 71) (949, 71) (1137, 141) 
(1240, 1362) (905, 1362) (1240, 667) (905, 667) 
(820, 744) (820, 804) (1374, 744) (1374, 804) 
(730, 859) (151, 1372) (730, 1372) (151, 859) 
34.txt	7	707ms
--------------------Select motifs----------------
(1296, 998) (267, 464) (1296, 464) (267, 998) 
(1791, 604) (1791, 1786) (688, 604) (688, 1786) 
(592, 1350) (717, 325) (717, 1350) (592, 325) 
(1399, 1005) (1399, 123) (292, 123) (292, 1005) 
(243, 1043) (243, 1847) (646, 1847) (646, 1043) 
35.txt	5	732ms
--------------------Select motifs----------------
(987, 1049) (987, 883) (586, 1049) (586, 883) 
(733, 180) (862, 464) (733, 464) (862, 180) 
(65, 1094) (963, 1805) (65, 1805) (963, 1094) 
(1319, 1170) (1712, 744) (1319, 744) (1712, 1170) 
(408, 1140) (381, 1011) (381, 1140) (408, 1011) 
(6, 510) (1199, 1449) (1199, 510) (6, 1449) 
(1154, 1410) (1690, 1410) (1154, 428) (1690, 428) 
(236, 40) (1295, 292) (236, 292) (1295, 40) 
36.txt	8	1062ms
--------------------Select motifs----------------
(775, 1753) (855, 860) (775, 860) (855, 1753) 
(125, 354) (125, 1275) (387, 1275) (387, 354) 
(229, 1538) (962, 1538) (962, 1785) (229, 1785) 
(335, 1827) (1287, 1192) (335, 1192) (1287, 1827) 
(1597, 1544) (1597, 86) (112, 86) (112, 1544) 
37.txt	5	767ms
--------------------Select motifs----------------
(354, 478) (552, 18) (552, 478) (354, 18) 
(160, 712) (160, 371) (1385, 371) (1385, 712) 
(244, 623) (244, 1609) (62, 1609) (62, 623) 
(1768, 1296) (1752, 1217) (1768, 1217) (1752, 1296) 
(724, 405) (318, 493) (724, 493) (318, 405) 
(1025, 860) (737, 860) (737, 1577) (1025, 1577) 
(873, 1771) (1731, 1771) (873, 396) (1731, 396) 
(1415, 985) (1574, 985) (1574, 1138) (1415, 1138) 
(524, 1737) (1552, 1737) (1552, 1680) (524, 1680) 
38.txt	9	742ms
--------------------Select motifs----------------
(484, 1676) (1831, 374) (484, 374) (1831, 1676) 
(922, 1412) (1546, 1412) (922, 1300) (1546, 1300) 
(1710, 389) (99, 389) (99, 485) (1710, 485) 
(677, 1397) (989, 1397) (677, 992) (989, 992) 
(1034, 383) (180, 826) (1034, 826) (180, 383) 
(1073, 178) (147, 1196) (1073, 1196) (147, 178) 
(256, 617) (1798, 617) (1798, 1421) (256, 1421) 
(1138, 29) (707, 833) (707, 29) (1138, 833) 
39.txt	8	709ms
--------------------Select motifs----------------
(1136, 1591) (1136, 218) (983, 218) (983, 1591) 
(1159, 1149) (1630, 1149) (1630, 30) (1159, 30) 
(1689, 105) (1476, 63) (1476, 105) (1689, 63) 
(411, 1449) (780, 845) (411, 845) (780, 1449) 
(1143, 1163) (242, 756) (1143, 756) (242, 1163) 
(162, 930) (162, 617) (602, 617) (602, 930) 
(1601, 111) (819, 111) (819, 1391) (1601, 1391) 
(938, 426) (1612, 426) (938, 922) (1612, 922) 
40.txt	8	715ms
--------------------Select motifs----------------
(1209, 977) (158, 1388) (158, 977) (1209, 1388) 
(308, 1233) (395, 693) (395, 1233) (308, 693) 
(709, 621) (753, 621) (709, 875) (753, 875) 
(1126, 1122) (1126, 1221) (1100, 1221) (1100, 1122) 
(231, 1724) (547, 863) (547, 1724) (231, 863) 
(500, 444) (58, 672) (58, 444) (500, 672) 
(1342, 675) (1342, 656) (1057, 675) (1057, 656) 
(1092, 200) (1002, 400) (1092, 400) (1002, 200) 
(1338, 103) (1338, 1473) (884, 103) (884, 1473) 
41.txt	9	716ms
--------------------Select motifs----------------
(1851, 1022) (406, 1022) (1851, 706) (406, 706) 
(76, 1307) (1233, 1307) (76, 1682) (1233, 1682) 
(1574, 1480) (1574, 225) (148, 1480) (148, 225) 
(97, 1363) (97, 1821) (1544, 1821) (1544, 1363) 
(32, 1287) (716, 1287) (716, 1827) (32, 1827) 
42.txt	5	807ms
--------------------Select motifs----------------
(1438, 752) (475, 914) (475, 752) (1438, 914) 
(487, 1415) (487, 249) (1400, 249) (1400, 1415) 
(1062, 32) (47, 32) (47, 347) (1062, 347) 
(553, 433) (553, 825) (506, 825) (506, 433) 
(822, 156) (822, 1216) (1801, 1216) (1801, 156) 
(473, 1556) (1083, 1556) (473, 1030) (1083, 1030) 
(697, 1785) (697, 356) (1839, 1785) (1839, 356) 
(775, 170) (1771, 1815) (775, 1815) (1771, 170) 
(1642, 1077) (1642, 799) (589, 799) (589, 1077) 
(1531, 979) (1443, 979) (1531, 1580) (1443, 1580) 
(361, 1712) (1154, 1712) (1154, 1693) (361, 1693) 
43.txt	11	775ms
--------------------Select motifs----------------
(1119, 1730) (1119, 225) (10, 1730) (10, 225) 
(470, 1741) (470, 1168) (1259, 1741) (1259, 1168) 
(1470, 1131) (753, 570) (1470, 570) (753, 1131) 
(1777, 831) (576, 957) (576, 831) (1777, 957) 
(163, 182) (482, 182) (163, 546) (482, 546) 
(1761, 1170) (1076, 1182) (1076, 1170) (1761, 1182) 
(1854, 600) (1517, 411) (1517, 600) (1854, 411) 
44.txt	7	854ms
--------------------Select motifs----------------
(1617, 1411) (1617, 1722) (952, 1722) (952, 1411) 
(967, 449) (967, 1170) (805, 449) (805, 1170) 
(1389, 1195) (94, 1743) (1389, 1743) (94, 1195) 
(1063, 401) (1063, 1646) (996, 1646) (996, 401) 
(1375, 380) (700, 750) (1375, 750) (700, 380) 
(284, 96) (400, 96) (284, 1670) (400, 1670) 
(440, 1047) (1243, 1418) (1243, 1047) (440, 1418) 
45.txt	7	754ms
--------------------Select motifs----------------
(265, 1592) (526, 1592) (526, 1419) (265, 1419) 
(1273, 852) (1273, 1283) (1540, 1283) (1540, 852) 
(1098, 1150) (1098, 802) (1688, 1150) (1688, 802) 
(1070, 636) (1710, 99) (1070, 99) (1710, 636) 
(1372, 873) (100, 873) (100, 1248) (1372, 1248) 
46.txt	5	725ms
--------------------Select motifs----------------
(700, 308) (974, 1715) (700, 1715) (974, 308) 
(540, 1365) (540, 3) (1232, 3) (1232, 1365) 
(1040, 1498) (711, 1498) (1040, 963) (711, 963) 
(944, 1453) (441, 1453) (441, 1077) (944, 1077) 
(363, 1248) (363, 1042) (722, 1248) (722, 1042) 
(302, 1767) (842, 1767) (302, 965) (842, 965) 
(67, 1837) (510, 1837) (510, 1297) (67, 1297) 
(332, 1223) (14, 1795) (332, 1795) (14, 1223) 
(1269, 970) (852, 1268) (852, 970) (1269, 1268) 
(1579, 1566) (1579, 718) (1634, 1566) (1634, 718) 
(159, 1451) (159, 1088) (878, 1451) (878, 1088) 
(774, 751) (1023, 751) (1023, 968) (774, 968) 
47.txt	12	747ms
--------------------Select motifs----------------
(961, 1555) (1818, 1555) (961, 76) (1818, 76) 
(80, 495) (80, 1770) (339, 1770) (339, 495) 
(1646, 900) (1646, 395) (1578, 900) (1578, 395) 
(128, 555) (1685, 555) (1685, 904) (128, 904) 
48.txt	4	714ms
--------------------Select motifs----------------
(1298, 978) (320, 1085) (1298, 1085) (320, 978) 
(1069, 1800) (569, 235) (1069, 235) (569, 1800) 
(266, 809) (28, 809) (28, 659) (266, 659) 
(1277, 96) (1580, 96) (1277, 1717) (1580, 1717) 
(1585, 1608) (1585, 1225) (971, 1608) (971, 1225) 
(1240, 1396) (5, 102) (1240, 102) (5, 1396) 
(151, 1027) (193, 1027) (151, 113) (193, 113) 
(239, 1067) (233, 1355) (233, 1067) (239, 1355) 
(1398, 1440) (1398, 845) (1033, 1440) (1033, 845) 
(1610, 1210) (872, 699) (1610, 699) (872, 1210) 
(1821, 566) (187, 1715) (187, 566) (1821, 1715) 
49.txt	11	733ms
--------------------Select motifs----------------
(794, 1786) (114, 657) (794, 657) (114, 1786) 
(1003, 726) (1003, 1777) (1072, 1777) (1072, 726) 
50.txt	2	694ms
--------------------Select motifs----------------
(1008, 161) (298, 161) (1008, 262) (298, 262) 
(792, 1197) (226, 557) (226, 1197) (792, 557) 
(1132, 1352) (586, 1352) (586, 1259) (1132, 1259) 
(693, 993) (761, 380) (693, 380) (761, 993) 
(114, 509) (661, 499) (661, 509) (114, 499) 
(1801, 950) (97, 1035) (97, 950) (1801, 1035) 
51.txt	6	717ms
--------------------Select motifs----------------
(783, 1108) (233, 153) (233, 1108) (783, 153) 
(71, 158) (1228, 158) (71, 372) (1228, 372) 
(192, 853) (192, 610) (282, 853) (282, 610) 
(1562, 1544) (1116, 1345) (1116, 1544) (1562, 1345) 
(62, 813) (62, 356) (1200, 356) (1200, 813) 
(404, 924) (1482, 924) (1482, 1214) (404, 1214) 
(1847, 377) (1847, 1178) (1296, 1178) (1296, 377) 
52.txt	7	744ms
--------------------Select motifs----------------
(1366, 260) (1708, 698) (1708, 260) (1366, 698) 
(350, 1523) (350, 290) (1117, 290) (1117, 1523) 
(491, 1713) (1675, 1083) (491, 1083) (1675, 1713) 
(256, 1262) (253, 484) (253, 1262) (256, 484) 
(1377, 1471) (1128, 1471) (1377, 1303) (1128, 1303) 
53.txt	5	706ms
--------------------Select motifs----------------
(844, 766) (942, 1665) (942, 766) (844, 1665) 
(1013, 1288) (1430, 1288) (1013, 1120) (1430, 1120) 
(404, 428) (404, 133) (764, 133) (764, 428) 
(1410, 537) (72, 709) (1410, 709) (72, 537) 
(1622, 1472) (1315, 1472) (1622, 254) (1315, 254) 
(109, 31) (1445, 1570) (1445, 31) (109, 1570) 
(301, 1839) (1234, 1550) (1234, 1839) (301, 1550) 
54.txt	7	737ms
--------------------Select motifs----------------
(1668, 489) (1668, 589) (1573, 489) (1573, 589) 
(1009, 924) (1009, 1187) (1471, 1187) (1471, 924) 
(526, 286) (526, 49) (390, 286) (390, 49) 
(1729, 900) (1264, 900) (1729, 1051) (1264, 1051) 
(436, 245) (1513, 245) (1513, 1328) (436, 1328) 
(60, 1048) (60, 952) (1483, 1048) (1483, 952) 
55.txt	6	705ms
--------------------Select motifs----------------
(1206, 1138) (1206, 1332) (1560, 1138) (1560, 1332) 
(1540, 1619) (7, 681) (7, 1619) (1540, 681) 
(208, 1266) (1547, 609) (1547, 1266) (208, 609) 
56.txt	3	734ms
--------------------Select motifs----------------
(1534, 794) (1582, 794) (1534, 721) (1582, 721) 
(473, 1408) (773, 1408) (773, 1769) (473, 1769) 
(1567, 193) (1567, 44) (1788, 44) (1788, 193) 
(1199, 250) (718, 502) (1199, 502) (718, 250) 
(363, 1196) (1826, 1196) (1826, 674) (363, 674) 
(1177, 1535) (1177, 42) (641, 1535) (641, 42) 
(1744, 341) (865, 341) (1744, 1239) (865, 1239) 
57.txt	7	726ms
--------------------Select motifs----------------
(869, 1176) (924, 1176) (869, 1780) (924, 1780) 
(1765, 714) (1765, 1427) (1439, 1427) (1439, 714) 
(574, 627) (574, 1105) (1634, 1105) (1634, 627) 
(213, 331) (380, 331) (213, 646) (380, 646) 
(147, 1616) (1538, 1616) (147, 332) (1538, 332) 
(923, 1236) (923, 814) (868, 1236) (868, 814) 
58.txt	6	905ms
--------------------Select motifs----------------
(162, 753) (511, 753) (511, 861) (162, 861) 
(51, 786) (51, 610) (1449, 786) (1449, 610) 
(131, 1513) (1593, 1654) (131, 1654) (1593, 1513) 
(1109, 1590) (59, 1590) (1109, 873) (59, 873) 
(128, 8) (1196, 1052) (128, 1052) (1196, 8) 
59.txt	5	865ms
--------------------Select motifs----------------
(1556, 16) (1433, 16) (1433, 636) (1556, 636) 
(360, 1838) (360, 529) (814, 529) (814, 1838) 
(104, 1848) (104, 1716) (765, 1716) (765, 1848) 
(1831, 1507) (1005, 32) (1831, 32) (1005, 1507) 
60.txt	4	721ms
--------------------Select motifs----------------
(1827, 1831) (1827, 1724) (1144, 1831) (1144, 1724) 
(497, 1205) (1605, 1205) (1605, 292) (497, 292) 
(1783, 718) (686, 718) (1783, 246) (686, 246) 
(627, 1376) (330, 115) (330, 1376) (627, 115) 
(136, 1417) (136, 1180) (614, 1417) (614, 1180) 
61.txt	5	693ms
--------------------Select motifs----------------
(1379, 86) (1596, 86) (1596, 1227) (1379, 1227) 
(1069, 523) (478, 523) (478, 1578) (1069, 1578) 
(297, 343) (133, 343) (133, 219) (297, 219) 
(602, 1561) (602, 517) (71, 1561) (71, 517) 
(762, 1228) (158, 1228) (158, 1543) (762, 1543) 
62.txt	5	725ms
--------------------Select motifs----------------
(450, 935) (1600, 1620) (450, 1620) (1600, 935) 
(644, 505) (1245, 314) (644, 314) (1245, 505) 
(20, 1751) (1670, 1760) (20, 1760) (1670, 1751) 
(1809, 507) (781, 1244) (781, 507) (1809, 1244) 
(1638, 1283) (1638, 1033) (1688, 1033) (1688, 1283) 
(1575, 1664) (1575, 609) (1458, 609) (1458, 1664) 
(1246, 585) (1246, 533) (617, 533) (617, 585) 
63.txt	7	726ms
--------------------Select motifs----------------
(1824, 1534) (1824, 1831) (821, 1534) (821, 1831) 
(1187, 1351) (109, 731) (109, 1351) (1187, 731) 
(281, 980) (815, 541) (281, 541) (815, 980) 
(941, 992) (743, 182) (743, 992) (941, 182) 
(506, 553) (1297, 553) (1297, 1075) (506, 1075) 
(752, 511) (342, 511) (342, 790) (752, 790) 
(1770, 1724) (1740, 1724) (1770, 375) (1740, 375) 
64.txt	7	711ms
--------------------Select motifs----------------
(626, 1440) (626, 1705) (1754, 1705) (1754, 1440) 
(972, 1042) (1517, 1042) (1517, 759) (972, 759) 
(1692, 1492) (1692, 1072) (354, 1072) (354, 1492) 
(1063, 531) (1063, 356) (31, 531) (31, 356) 
(240, 819) (240, 1669) (1645, 819) (1645, 1669) 
(100, 137) (1663, 447) (1663, 137) (100, 447) 
(580, 259) (1291, 1708) (1291, 259) (580, 1708) 
(1022, 710) (861, 860) (861, 710) (1022, 860) 
(940, 1429) (1216, 1429) (940, 1007) (1216, 1007) 
65.txt	9	784ms
--------------------Select motifs----------------
(1759, 729) (784, 729) (1759, 1395) (784, 1395) 
(592, 1387) (592, 109) (662, 1387) (662, 109) 
66.txt	2	761ms
--------------------Select motifs----------------
(1528, 427) (1528, 873) (355, 427) (355, 873) 
(1460, 807) (1460, 808) (214, 807) (214, 808) 
(1418, 1822) (1418, 480) (1533, 480) (1533, 1822) 
(1491, 320) (363, 575) (1491, 575) (363, 320) 
(965, 8) (256, 8) (965, 1231) (256, 1231) 
(570, 1827) (765, 1827) (570, 109) (765, 109) 
(1578, 227) (631, 1104) (631, 227) (1578, 1104) 
67.txt	7	1000ms
--------------------Select motifs----------------
(1170, 1158) (1484, 1309) (1170, 1309) (1484, 1158) 
(961, 1106) (396, 1655) (396, 1106) (961, 1655) 
(69, 15) (278, 15) (69, 523) (278, 523) 
(836, 393) (744, 975) (836, 975) (744, 393) 
68.txt	4	977ms
--------------------Select motifs----------------
(312, 596) (1032, 596) (1032, 1597) (312, 1597) 
(114, 1457) (1461, 793) (114, 793) (1461, 1457) 
(1272, 307) (158, 307) (158, 990) (1272, 990) 
(184, 471) (1163, 440) (184, 440) (1163, 471) 
(1341, 1215) (1341, 426) (40, 426) (40, 1215) 
69.txt	5	738ms
--------------------Select motifs----------------
(392, 1692) (392, 705) (736, 1692) (736, 705) 
(1226, 903) (431, 798) (1226, 798) (431, 903) 
(1448, 130) (1448, 1350) (1720, 1350) (1720, 130) 
(965, 43) (1584, 43) (965, 213) (1584, 213) 
(239, 684) (1552, 684) (1552, 1344) (239, 1344) 
(699, 496) (699, 1626) (620, 1626) (620, 496) 
(915, 983) (915, 847) (342, 847) (342, 983) 
(650, 809) (49, 809) (650, 661) (49, 661) 
(108, 566) (745, 1690) (745, 566) (108, 1690) 
(943, 664) (1101, 712) (1101, 664) (943, 712) 
70.txt	10	770ms
--------------------Select motifs----------------
(745, 1300) (1007, 1300) (745, 707) (1007, 707) 
(1785, 1705) (1431, 720) (1431, 1705) (1785, 720) 
(896, 567) (974, 352) (974, 567) (896, 352) 
(1309, 1772) (1087, 1772) (1309, 1755) (1087, 1755) 
(1387, 706) (655, 1490) (655, 706) (1387, 1490) 
(534, 16) (534, 243) (154, 16) (154, 243) 
71.txt	6	828ms
--------------------Select motifs----------------
(377, 1700) (1485, 489) (1485, 1700) (377, 489) 
(268, 1368) (268, 290) (1053, 290) (1053, 1368) 
(1459, 415) (1459, 1248) (510, 415) (510, 1248) 
(1593, 705) (1198, 1730) (1198, 705) (1593, 1730) 
(1311, 1841) (1515, 1841) (1515, 1068) (1311, 1068) 
(771, 1737) (1702, 1375) (1702, 1737) (771, 1375) 
(486, 764) (486, 1182) (711, 764) (711, 1182) 
72.txt	7	837ms
--------------------Select motifs----------------
(1566, 424) (1541, 1359) (1566, 1359) (1541, 424) 
(1204, 419) (1204, 1685) (633, 419) (633, 1685) 
(1800, 580) (1800, 1397) (1562, 580) (1562, 1397) 
73.txt	3	754ms
--------------------Select motifs----------------
(879, 94) (520, 94) (879, 875) (520, 875) 
(1548, 1240) (1809, 1430) (1548, 1430) (1809, 1240) 
(1489, 22) (690, 22) (690, 563) (1489, 563) 
(1423, 1801) (1423, 778) (114, 1801) (114, 778) 
(217, 517) (1376, 517) (1376, 1349) (217, 1349) 
(355, 787) (655, 1706) (355, 1706) (655, 787) 
(1830, 162) (1830, 950) (599, 950) (599, 162) 
(1651, 1802) (1651, 890) (1766, 1802) (1766, 890) 
(419, 1654) (1202, 1654) (419, 55) (1202, 55) 
(384, 865) (1146, 865) (384, 16) (1146, 16) 
(1242, 1339) (1532, 253) (1532, 1339) (1242, 253) 
(1468, 939) (1450, 1164) (1450, 939) (1468, 1164) 
74.txt	12	714ms
--------------------Select motifs----------------
(1067, 1466) (1067, 131) (563, 1466) (563, 131) 
(459, 1201) (555, 244) (459, 244) (555, 1201) 
(311, 570) (974, 570) (311, 1030) (974, 1030) 
(108, 1335) (1309, 190) (1309, 1335) (108, 190) 
(805, 414) (913, 414) (805, 270) (913, 270) 
(661, 930) (1690, 930) (661, 83) (1690, 83) 
(299, 1294) (1008, 1316) (1008, 1294) (299, 1316) 
(470, 849) (1551, 849) (470, 1286) (1551, 1286) 
75.txt	8	769ms
--------------------Select motifs----------------
(1106, 293) (1106, 1316) (431, 1316) (431, 293) 
(173, 303) (173, 1829) (1188, 303) (1188, 1829) 
(768, 349) (139, 972) (768, 972) (139, 349) 
76.txt	3	760ms
--------------------Select motifs----------------
(1705, 776) (379, 730) (1705, 730) (379, 776) 
(1202, 427) (50, 1433) (1202, 1433) (50, 427) 
(17, 1122) (17, 1646) (1332, 1122) (1332, 1646) 
(1600, 1190) (1450, 1272) (1600, 1272) (1450, 1190) 
(621, 24) (1016, 1429) (1016, 24) (621, 1429) 
77.txt	5	742ms
--------------------Select motifs----------------
(129, 1252) (129, 1834) (207, 1834) (207, 1252) 
(1158, 166) (996, 1406) (1158, 1406) (996, 166) 
(1387, 303) (115, 896) (115, 303) (1387, 896) 
(1602, 1836) (1187, 1836) (1187, 572) (1602, 572) 
78.txt	4	761ms
--------------------Select motifs----------------
(725, 1331) (725, 1840) (869, 1840) (869, 1331) 
(181, 1195) (181, 944) (1810, 1195) (1810, 944) 
(1051, 290) (1384, 237) (1384, 290) (1051, 237) 
79.txt	3	742ms
--------------------Select motifs----------------
(504, 775) (1406, 1587) (1406, 775) (504, 1587) 
(1557, 1056) (486, 1423) (1557, 1423) (486, 1056) 
(393, 989) (393, 1254) (779, 989) (779, 1254) 
(1016, 1209) (88, 1209) (1016, 1456) (88, 1456) 
80.txt	4	717ms
--------------------Select motifs----------------
(95, 1480) (95, 814) (746, 1480) (746, 814) 
(1189, 25) (1189, 206) (1692, 206) (1692, 25) 
(1324, 1218) (1324, 1343) (588, 1218) (588, 1343) 
(1080, 392) (700, 392) (1080, 430) (700, 430) 
(1511, 182) (841, 585) (841, 182) (1511, 585) 
(706, 1740) (748, 1740) (748, 414) (706, 414) 
(952, 1003) (1409, 1003) (952, 16) (1409, 16) 
(667, 50) (689, 50) (667, 1475) (689, 1475) 
(673, 509) (1770, 167) (1770, 509) (673, 167) 
(1853, 602) (227, 1499) (227, 602) (1853, 1499) 
(735, 362) (102, 1524) (102, 362) (735, 1524) 
81.txt	11	749ms
--------------------Select motifs----------------
(1851, 1111) (1851, 1055) (71, 1111) (71, 1055) 
(1692, 66) (34, 396) (34, 66) (1692, 396) 
(580, 927) (580, 1722) (1128, 927) (1128, 1722) 
(604, 673) (1006, 673) (604, 1091) (1006, 1091) 
(857, 1642) (382, 918) (857, 918) (382, 1642) 
(140, 275) (1583, 275) (1583, 640) (140, 640) 
(1639, 1468) (1639, 1265) (1002, 1468) (1002, 1265) 
82.txt	7	729ms
--------------------Select motifs----------------
(1098, 1534) (871, 112) (1098, 112) (871, 1534) 
(70, 1683) (1309, 1683) (70, 1470) (1309, 1470) 
(1604, 206) (1757, 719) (1757, 206) (1604, 719) 
(919, 341) (1749, 341) (919, 912) (1749, 912) 
(118, 1386) (118, 1719) (105, 1719) (105, 1386) 
(1754, 25) (450, 25) (450, 113) (1754, 113) 
(1220, 1636) (1469, 1671) (1469, 1636) (1220, 1671) 
(1010, 258) (986, 235) (986, 258) (1010, 235) 
83.txt	8	783ms
--------------------Select motifs----------------
(763, 299) (1817, 299) (763, 121) (1817, 121) 
(277, 948) (980, 421) (277, 421) (980, 948) 
(1459, 313) (1576, 313) (1459, 969) (1576, 969) 
(101, 866) (101, 1493) (156, 866) (156, 1493) 
(605, 690) (625, 690) (605, 1095) (625, 1095) 
84.txt	5	766ms
--------------------Select motifs----------------
(1015, 1315) (1252, 213) (1252, 1315) (1015, 213) 
(1663, 224) (312, 1124) (312, 224) (1663, 1124) 
(465, 1129) (147, 699) (465, 699) (147, 1129) 
(1126, 817) (1057, 1112) (1057, 817) (1126, 1112) 
(919, 1105) (768, 1105) (768, 1722) (919, 1722) 
85.txt	5	747ms
--------------------Select motifs----------------
(293, 181) (293, 217) (342, 181) (342, 217) 
(1777, 1200) (1443, 521) (1777, 521) (1443, 1200) 
(409, 1655) (1180, 1251) (409, 1251) (1180, 1655) 
(1730, 1253) (1800, 1253) (1800, 1789) (1730, 1789) 
(1573, 1529) (587, 649) (1573, 649) (587, 1529) 
(302, 99) (302, 984) (405, 99) (405, 984) 
(742, 53) (332, 454) (742, 454) (332, 53) 
(1282, 1833) (1273, 385) (1273, 1833) (1282, 385) 
86.txt	8	717ms
--------------------Select motifs----------------
(1235, 1749) (1235, 261) (1675, 1749) (1675, 261) 
(1800, 994) (85, 994) (85, 60) (1800, 60) 
(108, 1527) (108, 1458) (1018, 1527) (1018, 1458) 
(1814, 1581) (1814, 641) (868, 1581) (868, 641) 
(343, 103) (146, 491) (146, 103) (343, 491) 
(927, 1355) (1826, 773) (927, 773) (1826, 1355) 
87.txt	6	707ms
--------------------Select motifs----------------
(456, 1771) (456, 385) (1566, 1771) (1566, 385) 
(1738, 793) (1738, 1764) (564, 793) (564, 1764) 
(1017, 405) (1017, 491) (1841, 405) (1841, 491) 
(1218, 1059) (1649, 1059) (1649, 741) (1218, 741) 
(1653, 174) (535, 174) (535, 439) (1653, 439) 
(1465, 1107) (1465, 1734) (90, 1107) (90, 1734) 
(1844, 142) (1844, 1460) (1405, 142) (1405, 1460) 
88.txt	7	704ms
--------------------Select motifs----------------
(459, 377) (459, 574) (1612, 574) (1612, 377) 
(1299, 521) (1299, 588) (831, 521) (831, 588) 
(1357, 1601) (317, 1601) (317, 108) (1357, 108) 
(1183, 726) (20, 726) (1183, 742) (20, 742) 
(528, 1398) (427, 1398) (528, 604) (427, 604) 
89.txt	5	716ms
--------------------Select motifs----------------
(423, 351) (1283, 351) (1283, 1172) (423, 1172) 
(1677, 1548) (1677, 1828) (288, 1548) (288, 1828) 
(414, 1653) (1692, 1653) (1692, 1352) (414, 1352) 
90.txt	3	737ms
--------------------Select motifs----------------
(1410, 644) (1836, 644) (1410, 1646) (1836, 1646) 
(1161, 92) (1161, 1142) (1466, 92) (1466, 1142) 
(351, 1689) (351, 1031) (1833, 1689) (1833, 1031) 
(1399, 248) (1382, 1661) (1399, 1661) (1382, 248) 
(945, 293) (945, 920) (110, 920) (110, 293) 
(1809, 208) (1809, 901) (473, 208) (473, 901) 
91.txt	6	716ms
--------------------Select motifs----------------
(1348, 1554) (1348, 1589) (1657, 1554) (1657, 1589) 
(1185, 1737) (869, 1737) (869, 1633) (1185, 1633) 
(1330, 641) (1236, 639) (1236, 641) (1330, 639) 
(1478, 1678) (1478, 1559) (1218, 1559) (1218, 1678) 
(1434, 1196) (1327, 1196) (1327, 1648) (1434, 1648) 
(549, 751) (1570, 915) (549, 915) (1570, 751) 
(994, 284) (1211, 735) (994, 735) (1211, 284) 
(1642, 1076) (1573, 1143) (1642, 1143) (1573, 1076) 
92.txt	8	704ms
--------------------Select motifs----------------
(1639, 975) (1380, 1211) (1639, 1211) (1380, 975) 
(223, 868) (131, 868) (223, 807) (131, 807) 
(1622, 1006) (980, 911) (1622, 911) (980, 1006) 
(830, 1838) (830, 903) (1158, 1838) (1158, 903) 
(284, 600) (284, 925) (105, 925) (105, 600) 
(1210, 1805) (1309, 1805) (1309, 1796) (1210, 1796) 
(1116, 1445) (1116, 1592) (265, 1592) (265, 1445) 
(1757, 1713) (1757, 1196) (496, 1713) (496, 1196) 
(513, 1353) (513, 948) (924, 948) (924, 1353) 
(1106, 775) (516, 775) (516, 127) (1106, 127) 
(362, 561) (734, 561) (362, 100) (734, 100) 
(1697, 1149) (1697, 423) (182, 423) (182, 1149) 
93.txt	12	742ms
--------------------Select motifs----------------
(474, 1086) (1751, 1006) (474, 1006) (1751, 1086) 
(426, 587) (1100, 453) (426, 453) (1100, 587) 
(1354, 864) (1207, 864) (1354, 620) (1207, 620) 
(298, 98) (863, 98) (298, 783) (863, 783) 
(1786, 477) (1571, 477) (1786, 344) (1571, 344) 
94.txt	5	761ms
--------------------Select motifs----------------
(698, 1723) (1358, 969) (1358, 1723) (698, 969) 
(1477, 1164) (1477, 1360) (79, 1164) (79, 1360) 
(16, 750) (1554, 750) (16, 1595) (1554, 1595) 
95.txt	3	729ms
--------------------Select motifs----------------
(424, 1268) (438, 1268) (438, 1703) (424, 1703) 
(847, 1819) (1205, 1819) (847, 718) (1205, 718) 
(44, 522) (44, 855) (1483, 855) (1483, 522) 
96.txt	3	693ms
--------------------Select motifs----------------
(1855, 1366) (801, 537) (801, 1366) (1855, 537) 
(353, 1122) (353, 411) (53, 1122) (53, 411) 
(1202, 1778) (1592, 206) (1202, 206) (1592, 1778) 
(1213, 612) (1213, 1188) (1801, 1188) (1801, 612) 
(1229, 1125) (985, 1125) (985, 1280) (1229, 1280) 
(1431, 27) (390, 622) (1431, 622) (390, 27) 
(1313, 704) (327, 1768) (327, 704) (1313, 1768) 
97.txt	7	684ms
--------------------Select motifs----------------
(682, 622) (730, 622) (682, 484) (730, 484) 
(459, 1325) (459, 262) (1729, 262) (1729, 1325) 
(1532, 1241) (1699, 358) (1699, 1241) (1532, 358) 
(821, 1701) (821, 931) (725, 1701) (725, 931) 
(421, 906) (1364, 818) (1364, 906) (421, 818) 
(971, 1040) (971, 1186) (1833, 1186) (1833, 1040) 
(406, 1853) (406, 34) (1651, 34) (1651, 1853) 
98.txt	7	730ms
--------------------Select motifs----------------
(1310, 936) (1154, 888) (1154, 936) (1310, 888) 
(622, 1256) (622, 469) (1764, 1256) (1764, 469) 
(1092, 806) (985, 406) (1092, 406) (985, 806) 
(25, 1364) (25, 207) (1048, 207) (1048, 1364) 
99.txt	4	723ms
