0 138
138 317
138 390
138 391
138 126
138 231
138 198
138 220
2 0
2 43
2 138
43 31
43 96
43 138
3 20
3 138
3 318
3 373
20 138
20 252
318 137
318 138
318 257
373 138
4 138
4 141
141 138
5 85
5 138
5 390
85 43
85 138
390 138
390 145
390 190
390 317
390 62
8 138
8 192
8 206
8 372
8 317
8 313
8 231
8 396
192 138
192 248
192 399
206 229
206 20
206 199
372 2
372 138
372 233
372 291
9 56
9 67
9 68
9 127
9 138
9 367
9 341
56 138
56 251
67 138
68 138
127 138
127 330
367 91
10 138
12 38
12 127
12 138
12 382
38 138
38 334
382 127
382 138
382 283
14 43
14 54
14 138
14 176
54 138
54 187
54 219
176 138
15 138
16 31
16 138
31 138
19 138
19 342
342 138
252 137
252 138
252 261
252 69
252 171
22 138
22 265
265 138
265 396
23 138
25 35
25 138
25 337
35 138
35 141
35 155
35 329
337 138
337 316
337 198
337 252
337 126
27 46
27 138
46 138
28 138
28 219
219 138
219 205
219 296
219 213
29 58
29 138
29 246
58 138
58 184
246 366
246 20
33 138
33 145
33 196
33 265
33 329
33 317
145 138
145 370
145 341
196 138
196 283
196 313
329 138
329 144
329 239
34 43
34 138
34 236
236 107
236 138
155 9
155 25
155 138
155 323
155 339
36 138
37 67
37 138
37 183
37 202
37 257
37 321
183 138
202 138
257 138
321 138
321 220
334 138
334 150
39 138
40 138
40 250
40 334
250 9
250 60
250 138
42 9
42 138
42 250
96 138
45 92
45 97
45 138
45 141
45 247
92 138
92 188
97 138
97 187
247 156
247 226
48 138
48 213
48 369
213 138
213 260
213 205
213 149
213 226
213 285
369 108
369 138
369 280
49 138
49 241
49 296
241 138
296 138
50 78
50 398
50 359
78 138
78 306
78 62
78 369
78 291
78 285
51 66
51 92
51 138
51 208
66 138
208 138
208 399
52 138
52 236
53 100
53 138
53 263
100 60
100 61
100 138
100 329
100 399
263 138
263 272
263 389
187 138
251 138
184 138
59 60
59 138
59 179
59 193
60 138
60 176
60 209
179 138
193 138
209 138
61 304
61 76
304 100
304 138
304 310
62 191
191 216
191 321
64 103
64 138
64 321
64 220
64 191
103 137
103 138
65 130
65 138
130 138
130 337
130 341
69 138
69 333
333 22
333 46
333 68
333 138
333 389
333 396
333 398
333 317
333 252
333 292
70 138
70 377
377 138
72 103
72 138
72 202
73 58
73 138
76 214
214 132
214 138
77 138
77 324
77 396
324 138
324 396
396 104
396 138
396 20
396 229
306 50
306 138
306 157
306 333
306 359
79 138
79 175
79 301
79 133
175 138
175 199
175 382
175 206
175 391
175 198
175 317
301 138
301 174
80 138
80 264
80 333
264 56
264 138
264 361
82 96
82 102
82 138
102 138
83 138
83 351
83 373
351 138
351 279
86 56
86 119
86 138
86 202
119 114
119 138
88 92
88 130
88 138
89 12
89 22
89 138
89 202
90 138
90 202
91 9
91 43
91 138
91 305
305 16
305 33
305 138
188 137
188 138
94 138
94 342
95 56
95 116
95 119
95 138
95 271
95 296
116 138
116 160
271 138
271 396
98 104
98 105
98 138
98 140
104 35
104 138
104 204
104 236
104 213
104 263
104 389
105 28
105 69
105 138
105 218
105 328
105 379
105 391
105 313
140 38
140 138
140 264
99 67
99 138
399 138
137 138
204 138
204 396
218 67
218 109
218 138
328 131
328 138
328 318
379 98
379 138
379 311
107 138
107 236
107 318
107 357
357 2
357 138
357 236
357 254
108 138
108 324
109 138
109 198
198 133
198 138
198 171
198 317
198 199
110 138
110 283
283 138
112 138
112 170
170 138
113 85
113 138
113 263
114 138
115 126
115 138
126 150
126 228
126 171
160 69
160 115
160 138
160 179
117 138
117 283
117 350
117 376
350 114
350 138
376 43
376 138
376 265
118 43
118 137
118 138
118 289
289 138
289 171
120 27
120 138
121 138
122 48
122 138
122 387
387 138
124 138
124 148
124 174
148 138
174 138
174 176
125 86
125 138
125 396
150 115
150 138
330 12
330 60
330 138
330 183
330 381
330 344
128 138
129 138
341 138
341 339
341 91
341 173
341 370
131 138
131 254
131 292
254 138
254 309
292 138
292 181
292 252
292 328
292 342
292 291
292 69
132 76
132 138
132 257
132 376
132 61
133 384
384 138
384 174
384 198
384 79
134 43
134 116
134 138
134 256
256 138
256 204
135 145
135 285
135 29
136 138
136 150
136 171
136 226
136 247
136 213
171 138
171 270
171 334
171 337
226 391
317 104
317 138
317 228
317 263
317 265
317 372
317 69
317 196
317 229
317 199
317 291
139 138
142 22
142 138
143 121
143 138
143 264
143 283
144 69
144 138
370 27
370 135
370 138
370 180
146 8
146 138
146 314
146 345
146 399
314 131
314 138
314 170
314 239
314 255
314 324
345 138
147 138
147 231
147 284
231 138
231 161
231 317
231 229
284 138
284 283
149 320
320 310
320 213
151 116
151 119
151 138
151 345
152 22
152 138
323 10
323 138
156 45
156 138
156 310
157 9
157 138
157 210
210 138
210 301
158 138
161 138
161 147
162 138
162 213
163 39
163 119
163 138
163 377
164 38
164 138
168 138
168 189
168 277
189 138
189 158
189 344
277 138
169 138
270 138
172 38
172 138
173 303
303 9
303 92
303 138
303 281
199 79
199 138
178 129
178 138
178 309
178 361
309 138
361 64
361 138
361 237
180 138
181 120
181 138
181 270
185 15
185 79
185 138
185 241
185 244
185 288
185 324
244 25
244 138
244 268
244 272
288 35
288 138
288 262
186 39
186 138
186 145
186 396
344 138
344 369
344 12
190 138
190 285
190 135
190 213
190 78
285 53
285 96
285 121
285 138
285 360
285 390
216 62
216 138
216 308
216 78
216 390
248 138
194 65
194 138
194 263
313 33
313 138
313 279
313 229
313 98
197 69
197 138
200 138
200 180
200 296
200 347
347 43
347 138
203 138
203 263
203 348
203 354
348 138
348 148
348 281
354 138
354 283
205 137
205 138
205 359
359 138
359 219
359 284
359 352
359 306
229 8
212 138
260 48
308 119
308 138
220 64
220 138
220 156
220 158
220 283
220 304
220 321
220 317
222 69
222 138
222 303
223 86
223 138
223 144
223 376
224 85
224 138
224 373
225 134
225 138
225 347
225 389
225 393
389 69
389 138
393 58
393 138
393 202
393 208
393 228
391 136
391 317
391 199
391 98
227 0
227 138
227 302
302 138
228 138
228 334
232 138
232 263
232 341
232 342
232 155
232 310
233 138
233 334
234 138
234 193
234 208
234 279
279 138
235 128
235 137
235 138
237 138
237 172
238 138
238 219
238 311
238 382
311 138
239 138
243 109
243 138
243 192
268 138
272 138
245 138
245 155
366 29
366 138
366 189
366 233
366 264
366 135
249 48
249 138
249 325
249 377
325 138
261 20
261 206
261 246
261 396
253 33
253 104
253 138
253 352
352 20
352 138
255 138
258 131
258 138
258 152
262 31
262 58
262 138
266 138
269 138
269 183
269 393
275 138
280 138
280 344
280 78
281 68
281 138
281 173
281 389
281 341
360 138
286 96
286 109
286 138
286 180
291 25
291 138
291 143
291 264
291 322
291 337
322 138
322 321
322 361
322 372
322 379
322 292
322 78
322 317
293 124
293 138
293 161
293 284
295 56
295 78
295 138
299 138
299 186
299 233
299 351
307 138
310 138
310 149
310 342
310 100
310 45
310 339
316 138
316 162
316 171
316 196
326 77
326 138
326 174
326 251
326 382
381 138
398 69
398 306
335 138
335 265
336 138
336 209
336 322
339 59
339 88
339 103
339 138
339 232
339 337
343 10
343 27
343 43
343 138
343 208
353 49
353 68
353 129
353 138
353 213
353 390
355 138
355 288
356 23
356 60
356 115
356 138
356 157
356 172
356 279
363 138
363 193
363 249
363 309
364 138
365 138
365 157
365 176
365 395
395 27
395 31
395 138
395 387
371 99
371 138
374 68
374 138
374 144
375 9
375 27
375 58
375 138
385 138
385 347
388 56
388 60
388 138
388 268
394 86
394 138
394 348
