0 320
0 473
320 167
320 473
473 561
473 230
473 95
473 560
473 87
473 576
1 473
2 473
3 473
4 473
5 473
6 473
8 359
8 473
8 576
359 420
359 473
359 569
9 473
10 473
11 473
12 29
29 473
13 473
14 473
15 473
16 473
17 473
18 473
19 473
20 473
21 473
22 473
23 179
23 473
23 98
23 132
23 422
23 93
23 273
179 473
179 598
179 466
179 560
179 171
24 473
25 473
28 473
30 473
30 526
526 76
526 473
526 98
526 481
31 473
32 473
33 473
34 352
34 473
352 379
352 473
352 223
352 561
35 473
36 59
59 473
37 473
39 473
40 32
40 231
40 590
40 23
231 93
231 473
231 153
41 473
43 473
44 299
299 473
45 473
46 473
47 473
48 473
49 490
490 473
50 473
51 473
52 473
54 473
55 473
56 473
57 473
58 473
60 473
61 506
506 473
62 473
63 473
64 473
65 473
66 473
67 277
67 473
67 167
67 317
67 87
67 447
277 473
277 495
68 473
69 473
70 473
71 273
71 473
273 15
273 112
72 473
73 473
74 473
75 455
455 473
76 30
76 473
76 167
76 324
78 473
79 473
81 473
82 589
589 91
589 473
83 473
84 473
85 512
512 473
86 473
87 152
87 473
87 251
87 277
87 343
87 90
152 163
152 336
152 495
88 473
90 210
90 473
210 125
210 473
210 118
210 87
91 118
91 473
91 324
91 102
118 67
118 589
118 90
93 40
93 537
537 473
94 473
95 280
95 473
95 343
95 273
95 481
280 471
280 473
280 540
96 473
97 473
98 313
313 466
313 473
313 526
313 23
99 473
100 473
101 473
102 473
102 569
102 242
102 589
569 473
569 568
103 473
104 473
105 473
106 340
340 473
107 473
108 473
109 473
110 473
112 71
112 473
112 317
112 167
112 95
112 23
113 473
114 473
116 473
117 473
119 396
119 487
119 242
119 153
119 221
396 473
487 333
487 473
487 230
120 473
121 473
122 473
123 230
123 571
230 473
230 482
230 343
230 333
571 473
125 90
125 132
125 251
126 473
127 473
128 473
128 576
128 231
128 119
576 153
576 473
576 420
576 265
129 473
130 473
131 473
132 317
132 473
317 356
317 473
317 242
317 273
317 569
317 132
317 277
317 251
133 473
134 473
135 473
136 473
137 473
138 473
139 473
142 473
143 473
144 473
145 473
146 473
147 559
559 420
148 473
149 473
150 473
151 473
163 87
163 473
336 473
153 128
153 473
154 473
155 473
156 473
157 473
159 473
160 473
161 223
223 428
223 473
223 34
223 132
162 473
164 473
165 397
397 473
166 473
167 0
167 473
167 30
167 277
167 273
167 251
168 473
169 473
170 473
171 408
171 473
171 481
171 251
171 598
408 281
408 473
172 473
173 473
175 473
177 384
384 473
178 87
598 23
598 473
180 238
238 473
181 473
182 473
183 473
184 473
185 473
186 473
188 473
189 15
190 473
191 473
192 473
193 473
194 473
195 473
196 473
197 473
198 473
199 473
200 473
201 473
202 473
203 473
206 473
207 473
208 473
209 473
211 473
212 473
213 473
214 343
343 473
216 473
217 473
218 473
219 473
220 593
593 473
221 244
221 473
244 324
244 473
244 561
244 495
244 560
244 119
428 422
428 473
428 23
224 473
225 346
346 473
226 137
227 272
272 473
482 123
482 473
232 473
233 473
234 93
235 473
236 473
237 473
239 473
240 473
241 473
241 540
241 560
540 290
540 473
540 471
242 296
242 473
296 473
296 590
296 317
296 102
296 119
243 473
324 221
324 473
324 30
324 589
324 569
245 473
246 473
247 473
248 473
249 473
251 306
306 447
306 473
306 87
306 125
306 167
306 171
306 317
252 473
253 473
256 473
257 473
259 473
260 473
262 473
263 473
264 473
265 473
266 473
267 473
268 473
270 473
271 473
274 473
276 473
495 67
495 221
495 163
278 473
279 473
471 95
471 473
281 171
282 455
283 473
284 473
285 473
286 473
288 473
289 473
290 241
290 579
579 473
293 473
294 473
295 473
590 242
590 473
590 93
297 473
298 473
300 473
301 473
302 473
303 473
305 376
376 473
447 251
447 473
447 277
307 473
308 473
309 473
310 473
311 473
466 98
466 473
466 598
314 473
315 473
316 473
356 132
356 23
356 317
356 561
356 125
356 223
318 473
321 473
322 473
323 473
325 213
326 473
327 473
328 473
329 473
330 398
398 473
333 119
333 473
334 423
423 473
335 473
337 217
339 473
342 473
344 473
345 473
348 473
349 473
350 473
351 15
379 34
379 473
353 585
585 473
354 473
355 191
357 473
358 473
420 8
420 473
360 190
361 473
362 473
363 473
364 473
365 473
366 473
367 473
368 473
368 481
368 526
368 171
368 95
481 473
481 560
369 473
370 473
371 473
373 473
374 129
375 473
377 473
378 473
380 473
381 473
383 473
385 473
387 473
388 473
389 35
390 483
483 473
391 473
393 473
394 473
395 473
399 473
400 473
401 473
402 473
403 473
404 473
405 473
406 473
407 473
410 413
413 473
411 473
412 473
414 592
592 473
415 59
417 473
418 473
421 473
422 223
422 473
424 473
425 473
426 288
427 473
429 473
430 473
431 473
432 473
433 473
434 473
436 473
437 473
438 473
439 473
440 473
441 473
442 473
443 387
445 473
446 473
448 473
449 473
450 473
451 473
454 473
456 473
457 473
458 350
459 473
460 473
461 473
462 473
463 353
464 473
465 473
467 473
469 473
470 473
472 473
561 265
561 343
561 221
561 34
561 132
475 473
476 473
477 473
478 473
479 473
480 473
560 368
560 290
560 221
560 598
560 343
484 473
485 442
486 473
488 473
489 473
491 473
492 473
493 473
494 473
497 473
498 473
500 116
501 473
503 473
504 473
505 473
507 244
508 473
509 473
510 460
511 265
513 473
515 473
517 424
518 473
519 473
520 473
521 473
523 473
524 473
525 473
527 473
529 186
530 473
531 473
532 473
534 473
535 473
536 473
538 473
539 473
541 537
542 473
543 473
545 473
546 473
547 473
548 253
549 473
550 473
551 473
552 473
554 473
555 473
556 473
557 473
558 473
563 336
564 473
566 473
567 572
572 473
568 102
568 473
568 317
568 359
568 324
570 295
573 473
574 473
575 473
577 473
580 473
581 473
582 473
583 473
584 473
586 473
587 473
588 473
591 473
594 473
595 473
596 473
597 473
599 473
