0 38
38 239
38 581
38 715
2 637
2 715
2 687
637 367
715 627
3 440
440 688
4 408
408 697
5 427
427 55
9 715
10 523
523 281
523 74
523 69
11 127
11 477
11 715
127 570
127 629
127 715
127 665
477 715
15 500
500 683
16 495
16 715
495 715
17 715
21 108
21 361
21 715
108 465
108 480
108 715
108 125
361 515
361 715
361 763
22 745
745 583
745 715
23 653
23 715
653 370
24 715
24 723
723 540
25 39
25 715
39 226
39 376
39 715
26 278
26 295
278 95
27 288
288 579
288 715
288 583
29 658
29 227
29 632
658 453
32 715
34 270
34 562
34 715
270 715
562 715
562 767
562 799
35 714
714 275
714 715
239 0
239 715
239 736
581 503
581 715
226 270
226 495
226 715
376 25
41 253
253 48
253 715
253 735
43 403
43 715
403 83
403 715
44 216
44 715
216 241
45 715
46 715
47 80
47 500
80 353
80 384
80 715
48 715
49 399
49 715
399 554
399 715
50 303
50 715
303 552
303 715
303 169
51 746
746 715
746 798
54 362
362 451
55 5
55 715
58 379
58 715
379 715
379 734
59 715
60 212
212 333
212 663
61 715
62 173
173 210
173 429
173 685
173 715
173 671
173 218
64 715
65 132
132 630
66 155
66 715
155 565
69 358
69 715
358 234
358 478
70 125
125 354
72 625
72 79
625 759
73 715
74 178
74 710
74 715
178 763
178 523
710 715
76 478
76 358
478 647
78 775
775 402
79 104
79 625
104 447
353 47
353 715
384 165
384 715
81 522
522 218
522 715
82 473
473 359
83 315
83 715
83 474
315 762
84 380
380 717
85 73
85 160
85 715
160 210
160 501
160 666
160 715
86 89
86 611
86 715
89 532
89 715
89 335
611 146
611 468
611 715
532 38
532 193
532 685
532 715
90 715
93 513
93 569
93 715
513 715
513 729
513 734
569 584
94 330
330 758
330 156
95 26
100 243
100 715
243 580
101 476
476 263
476 189
476 540
102 715
103 715
447 38
447 79
447 715
105 348
105 715
105 29
348 227
106 204
106 715
204 350
204 638
204 715
107 606
606 433
465 400
480 715
480 724
110 16
110 715
111 715
112 715
113 482
113 574
113 715
482 158
482 715
574 317
574 715
114 428
428 525
115 547
547 553
116 541
541 652
117 316
117 715
316 715
316 778
118 419
419 502
419 715
119 715
120 455
120 759
455 185
455 566
455 715
121 715
122 134
122 715
134 493
134 715
134 498
134 787
123 789
789 355
124 581
124 218
354 70
354 108
126 715
570 715
629 11
128 577
128 715
128 333
577 425
577 715
577 797
129 486
129 715
486 224
486 715
130 336
336 668
131 489
131 715
489 708
489 715
489 479
630 65
630 715
630 267
630 328
493 122
135 590
135 715
590 715
136 271
136 715
271 357
138 274
274 156
274 715
139 511
139 715
511 461
511 715
511 162
140 206
206 414
206 772
141 690
690 498
690 134
142 715
143 715
144 715
145 487
487 648
146 86
146 715
146 734
734 208
734 715
734 50
147 603
603 588
603 715
603 798
149 715
149 774
774 715
150 715
151 317
151 715
151 752
151 395
317 622
317 715
752 266
752 356
752 715
152 284
152 715
284 469
284 705
284 715
284 786
153 221
153 630
221 267
221 662
221 715
154 715
565 66
156 138
156 715
156 772
156 94
156 714
158 521
521 232
521 482
521 715
210 286
210 715
501 64
501 676
501 701
501 715
501 140
501 551
666 85
161 395
161 151
395 575
395 715
162 393
393 327
393 564
393 715
393 511
164 715
165 298
298 384
168 770
168 543
770 582
169 709
169 715
709 696
170 715
172 715
429 62
429 715
685 715
175 432
432 328
432 630
176 339
176 715
339 777
177 186
177 715
177 479
186 791
763 74
763 515
763 772
179 715
180 61
180 715
181 397
181 715
397 398
182 715
183 492
183 715
492 614
184 485
485 448
185 715
791 177
187 543
543 702
543 715
543 770
189 513
189 101
192 470
192 29
470 632
470 715
193 89
193 593
193 715
193 347
593 715
194 715
199 438
199 715
438 564
438 715
201 715
203 507
507 299
507 518
350 715
350 721
638 106
205 715
414 140
414 501
207 558
207 715
558 422
208 379
209 220
209 350
209 564
209 715
220 596
220 715
564 715
286 715
211 715
333 60
333 715
333 577
333 411
213 207
213 715
215 230
230 334
241 44
241 715
217 694
217 715
694 725
218 81
218 62
218 581
219 715
596 209
596 715
267 153
662 618
662 715
223 715
224 387
387 486
225 715
227 105
227 715
228 675
228 715
675 661
675 715
334 215
231 225
231 715
231 750
750 567
232 32
232 715
232 780
232 759
780 426
780 715
233 254
254 720
234 69
234 523
234 550
235 715
236 715
736 715
240 715
242 715
580 100
244 594
594 586
245 715
246 715
247 616
247 715
616 514
616 603
616 715
250 501
250 502
250 715
502 118
502 715
735 41
720 233
256 686
686 657
257 599
599 560
599 715
258 458
458 687
458 715
259 423
423 555
260 353
260 715
261 475
261 715
475 757
263 101
264 369
369 506
266 526
266 715
526 715
526 755
268 576
576 445
269 59
269 715
269 772
269 474
772 619
357 136
357 715
272 386
272 727
386 335
273 715
275 35
275 156
277 210
277 715
279 726
726 420
281 10
281 403
281 708
281 715
281 291
708 131
708 715
282 332
332 663
283 715
283 755
755 266
755 715
469 715
705 152
705 715
285 617
285 715
617 715
287 715
579 27
579 445
579 715
289 715
290 787
290 134
787 338
291 392
291 10
392 307
292 344
292 715
344 665
344 715
344 127
293 715
295 396
295 278
396 551
396 501
296 715
296 719
719 681
299 203
300 450
450 615
450 715
552 50
552 715
552 734
552 583
304 325
304 715
304 661
325 699
325 715
305 715
306 722
722 496
307 291
310 715
311 551
311 715
551 295
551 715
313 449
313 715
449 407
449 715
314 715
762 83
778 117
778 715
622 574
318 460
460 644
319 394
394 497
320 715
322 670
322 715
670 642
699 304
327 162
328 175
758 94
331 715
663 282
663 60
663 181
335 272
335 532
668 130
668 715
338 290
338 715
777 176
777 715
340 715
341 66
341 715
665 292
346 715
347 768
768 412
768 655
768 715
768 193
349 715
721 591
721 715
721 550
351 715
355 123
355 715
355 583
356 151
359 82
360 715
515 21
515 715
451 54
363 474
474 466
366 715
367 2
506 264
506 353
506 403
506 608
506 715
370 23
373 715
375 581
375 715
378 715
717 84
381 411
381 658
411 456
411 715
382 266
382 715
383 715
388 715
389 415
389 715
415 435
391 520
520 481
497 319
575 161
398 181
398 715
398 663
554 49
400 108
400 715
401 715
402 78
402 715
404 715
406 604
604 646
604 715
407 313
407 715
697 4
697 715
409 715
456 381
456 333
412 715
435 389
416 715
418 467
467 459
467 715
420 279
420 715
422 207
422 528
422 715
528 9
528 715
555 259
555 715
424 715
425 715
426 232
525 114
430 721
431 715
433 107
434 769
769 641
688 3
688 715
444 715
445 268
445 715
448 103
448 184
448 715
615 300
615 715
453 29
453 381
453 641
454 600
600 689
566 120
457 715
687 258
687 286
687 715
687 637
459 418
644 318
461 139
461 671
461 715
671 609
671 715
671 62
462 684
684 595
466 363
466 83
466 269
468 561
468 715
561 610
632 192
632 715
471 715
757 261
757 715
647 76
479 715
479 781
479 186
479 131
781 563
724 546
724 715
481 391
648 145
488 589
589 715
589 733
490 715
614 183
494 715
496 306
498 141
498 715
683 15
683 47
676 250
701 127
701 403
701 715
503 124
505 715
608 715
510 715
512 662
512 715
729 189
729 715
514 247
517 715
518 727
727 639
727 715
727 386
524 715
527 715
529 668
529 715
533 715
534 715
535 715
537 44
537 654
537 715
654 544
538 250
538 616
538 715
539 715
540 24
540 101
652 116
542 715
702 187
544 537
544 715
546 480
553 115
550 785
550 69
550 430
785 556
785 715
556 550
559 232
559 715
560 257
610 468
767 715
799 34
799 715
563 479
567 231
568 715
584 93
584 582
571 715
572 715
573 715
797 128
797 494
797 715
582 168
582 569
583 22
583 123
583 579
583 50
585 232
585 715
586 244
588 147
733 488
591 430
592 715
595 419
595 462
595 715
597 468
597 715
689 454
601 715
602 715
646 406
605 269
605 431
605 715
607 505
607 715
609 105
609 715
609 786
609 284
786 671
786 715
613 551
613 715
618 715
619 269
619 156
619 206
619 763
624 715
759 72
759 426
759 566
627 112
627 284
628 715
631 172
631 366
631 715
635 715
639 518
639 507
640 715
641 434
641 658
642 322
645 715
650 412
650 715
655 347
656 715
657 256
657 715
660 715
661 228
661 715
661 699
667 715
677 715
680 419
680 715
681 296
681 715
682 715
691 103
691 715
693 715
725 217
725 715
696 169
696 303
704 715
706 715
711 715
712 715
713 715
718 152
718 715
730 715
738 715
739 715
742 715
742 778
798 51
798 147
747 715
748 715
749 715
754 205
754 715
764 715
771 715
773 715
776 715
784 715
784 729
790 715
793 715
