0 90
90 210
1 55
55 90
2 90
3 90
4 90
5 90
6 33
33 90
7 90
8 90
8 359
8 540
8 71
8 102
359 90
359 420
359 333
9 90
10 90
11 90
12 90
13 90
14 90
15 90
16 90
17 90
18 90
19 90
20 90
21 90
22 90
23 90
23 179
23 277
23 273
179 90
179 598
179 71
179 102
179 125
179 540
24 150
150 90
25 90
28 90
29 90
30 90
31 90
32 241
241 90
241 540
241 560
241 590
34 90
34 352
352 90
352 379
352 223
35 90
36 90
37 90
38 64
64 90
39 378
378 90
40 90
41 420
420 8
420 90
42 90
43 90
44 90
45 544
544 90
46 358
358 90
47 90
48 405
405 90
49 90
50 90
51 90
52 90
53 90
54 90
56 90
57 463
463 90
58 90
59 90
60 90
61 90
62 90
63 90
65 90
66 90
67 277
67 538
67 23
67 102
67 317
277 90
277 495
538 90
68 157
157 90
69 591
591 90
71 90
71 273
71 598
71 420
273 90
273 112
72 158
158 90
73 582
582 90
74 90
75 90
76 90
79 90
80 349
349 90
82 475
475 90
83 363
363 238
84 97
97 90
85 90
86 90
87 90
87 152
87 98
87 589
152 90
152 163
152 119
88 1
89 211
211 90
210 90
210 125
91 90
91 118
91 379
91 87
91 230
91 171
91 576
91 125
118 384
118 589
118 123
118 333
92 538
93 90
94 90
95 90
96 90
98 90
98 313
313 90
313 466
313 87
313 230
313 447
99 90
100 90
101 90
102 90
102 569
102 598
102 277
102 422
102 333
102 242
102 420
569 90
569 568
103 204
204 90
104 90
105 568
568 90
568 102
568 125
106 90
107 197
197 90
108 90
109 90
110 90
112 71
112 90
112 540
112 23
114 220
220 90
115 90
116 90
117 90
384 90
589 91
589 451
119 213
119 487
119 481
119 333
119 163
213 90
487 90
487 333
487 119
487 223
487 102
487 359
487 317
487 495
487 118
487 590
120 90
121 90
122 90
123 63
123 230
230 90
230 482
230 98
230 589
230 123
125 90
125 598
125 132
125 569
125 589
126 90
127 90
128 90
128 576
128 317
128 540
128 466
576 90
576 153
576 589
129 239
239 171
131 90
132 90
132 317
317 90
317 356
317 153
317 422
317 333
317 277
317 481
317 251
133 90
134 418
418 90
135 90
136 90
137 90
138 90
139 568
140 173
173 90
142 214
214 90
143 90
144 354
354 90
145 90
146 90
147 90
148 441
441 90
149 90
151 90
163 87
163 90
153 128
154 90
155 90
156 90
159 90
160 90
161 90
162 90
164 90
165 90
166 115
167 90
168 90
170 90
171 90
171 408
171 589
408 90
408 281
408 466
172 90
175 90
177 90
178 90
598 23
598 90
180 271
271 90
181 90
182 90
183 531
531 457
184 90
186 90
187 90
188 90
189 90
190 90
191 325
325 90
192 350
350 90
193 90
194 90
195 90
198 90
199 90
200 90
201 90
203 90
205 243
243 90
206 90
207 90
208 0
212 90
216 90
217 90
218 90
219 90
221 90
222 90
223 90
223 428
223 333
223 34
428 90
428 422
428 317
428 102
224 90
225 90
226 90
227 90
229 90
482 90
482 123
482 118
482 495
482 230
231 156
232 90
233 90
234 90
235 90
236 90
237 90
238 90
240 90
540 90
540 290
540 273
540 598
540 132
540 153
540 420
242 90
242 296
296 90
296 590
296 495
296 102
244 90
245 90
247 90
248 90
249 90
251 306
306 90
306 447
306 560
306 495
306 317
252 90
253 90
256 90
257 90
259 90
260 90
262 90
263 82
264 90
265 90
266 90
267 90
268 90
269 90
270 90
272 90
274 90
276 90
495 67
495 90
495 132
495 123
495 242
495 251
495 333
278 11
279 90
280 90
281 171
282 90
283 423
423 90
284 90
285 90
286 90
288 90
289 90
290 90
290 241
292 90
293 244
294 74
590 242
590 496
590 481
590 290
590 333
297 90
298 0
299 90
300 90
301 90
302 90
303 396
396 90
304 90
305 90
447 90
447 251
447 98
307 216
308 90
309 90
310 90
311 90
312 90
466 98
466 386
466 481
466 153
466 281
314 90
315 90
316 90
356 90
356 132
356 495
356 540
356 125
318 90
320 90
321 90
322 90
323 90
324 165
326 30
327 90
328 592
592 90
329 90
330 90
331 90
333 90
333 119
334 509
509 90
335 90
336 90
337 90
338 90
339 90
340 90
341 90
342 90
343 90
344 346
346 90
345 90
347 90
348 90
351 156
379 34
379 90
379 589
379 481
353 90
355 90
357 90
360 90
361 90
362 90
364 90
365 480
480 90
366 90
367 256
368 90
368 481
368 119
368 466
368 590
368 379
368 317
481 90
481 560
369 90
370 90
372 90
373 90
374 90
375 90
376 90
377 90
380 90
381 90
382 90
383 90
385 90
386 90
387 90
388 90
389 90
390 90
391 90
392 90
393 90
395 90
397 90
398 90
399 90
400 90
401 90
402 90
404 90
406 90
407 90
410 526
526 90
411 90
412 90
413 90
414 110
415 463
417 363
419 90
421 90
422 90
422 223
424 90
425 90
426 90
427 90
430 90
431 90
432 90
433 90
434 11
436 90
437 90
438 90
439 90
440 90
442 90
445 90
446 90
448 90
449 90
450 167
451 11
452 90
453 90
454 274
455 87
456 90
457 90
458 90
459 90
460 90
461 90
462 90
464 90
465 90
467 90
468 90
469 271
470 90
472 90
473 90
477 90
478 412
479 90
560 90
560 368
560 251
560 290
483 90
484 90
485 90
488 90
489 90
490 90
492 90
493 90
494 90
496 90
497 90
498 90
500 578
578 90
501 90
502 90
503 90
504 90
505 239
506 90
507 90
508 90
510 90
511 90
512 90
513 405
514 90
515 90
517 90
518 90
519 90
520 358
521 90
523 90
524 90
525 90
527 90
529 90
530 90
534 90
535 90
537 90
539 243
541 396
542 90
543 415
545 573
573 90
546 90
547 405
548 256
549 90
550 90
551 90
552 90
554 90
555 90
556 90
557 90
558 90
559 90
561 90
563 90
564 90
565 90
566 90
567 90
570 90
571 90
572 90
574 90
575 30
577 90
579 90
580 316
581 90
583 90
584 90
585 90
586 526
587 90
588 90
593 90
594 90
595 90
596 90
597 90
599 90
