1 172
172 598
2 172
3 172
4 172
5 172
5 178
178 172
178 726
178 366
6 172
8 172
9 172
10 172
11 172
12 172
12 478
478 172
478 291
478 12
14 16
14 172
16 350
16 366
16 559
350 14
350 172
17 172
18 172
19 172
21 172
22 732
732 172
732 604
732 399
732 565
23 172
24 172
25 172
26 172
27 172
28 172
29 132
132 172
30 172
31 172
32 63
32 451
63 172
451 172
451 574
35 172
35 796
35 239
796 475
36 172
38 172
38 475
38 598
39 172
40 172
40 279
40 604
279 172
279 318
42 172
43 172
44 172
45 172
46 172
47 172
48 172
49 172
50 172
51 172
52 172
53 172
54 172
55 172
56 172
56 483
483 172
483 460
57 556
556 172
58 93
58 778
58 763
58 653
58 366
58 227
93 172
93 579
778 172
778 730
59 172
60 172
61 172
62 326
326 172
64 172
65 778
66 172
67 172
69 507
507 172
70 172
71 172
72 172
73 172
74 172
75 172
76 172
77 172
78 677
677 172
79 172
80 172
82 172
83 646
646 172
646 293
84 172
84 508
84 475
508 425
508 799
85 172
86 637
637 262
87 172
89 172
90 172
91 172
91 227
91 410
91 239
91 726
227 172
227 195
227 795
227 579
227 251
227 701
92 172
92 280
92 277
280 172
280 636
579 58
579 172
94 172
94 193
94 148
94 734
193 172
193 789
193 758
95 172
96 172
97 172
98 172
99 172
100 172
101 172
104 172
105 172
106 172
107 172
107 573
107 763
573 524
573 721
573 251
108 172
109 172
110 172
111 172
112 172
113 172
114 172
115 172
116 172
117 172
117 359
359 172
359 680
359 474
359 325
118 172
118 777
118 418
118 756
777 172
777 251
777 573
777 227
119 172
120 172
121 172
122 167
167 345
123 172
124 172
125 666
666 172
126 172
127 172
128 172
129 172
130 172
130 584
584 172
584 721
584 598
584 614
584 573
584 799
131 172
133 172
135 172
136 172
137 172
138 172
139 172
140 172
141 172
142 172
144 172
146 172
147 172
148 720
720 172
720 399
720 94
720 775
149 172
150 172
151 172
152 172
153 172
153 450
153 565
153 787
450 172
450 761
154 172
155 172
156 172
158 172
159 172
160 172
161 172
162 172
163 172
164 172
165 373
165 474
373 172
373 520
166 172
345 122
345 172
345 456
345 559
168 172
169 172
170 172
170 269
269 172
269 209
269 170
171 172
598 38
598 172
598 721
598 474
173 172
174 172
175 172
176 172
176 775
775 495
775 148
177 172
726 5
726 418
726 195
726 597
179 172
180 172
181 172
182 172
183 172
184 172
185 172
186 172
187 172
188 172
189 172
190 172
191 172
192 172
789 94
789 172
194 172
195 91
195 172
196 172
197 172
198 172
199 172
200 172
201 172
202 172
203 560
560 456
204 172
205 172
206 172
208 172
209 170
209 172
209 269
209 614
210 172
211 513
513 172
212 172
213 172
214 172
215 172
216 172
217 302
302 172
219 172
221 172
222 172
223 172
225 172
226 172
228 172
229 172
230 172
231 172
231 713
231 325
713 172
713 718
713 653
233 172
234 534
534 172
235 172
236 172
237 172
239 172
239 673
239 195
239 796
673 172
673 734
673 94
673 653
240 172
241 172
242 172
243 172
244 172
245 172
246 172
247 172
249 172
250 172
251 118
251 172
252 172
253 172
254 172
255 172
256 172
256 795
256 227
256 485
795 669
257 172
258 172
259 507
260 172
260 325
260 231
260 359
325 172
325 398
261 172
262 86
262 172
263 172
264 172
265 172
266 172
267 172
268 172
270 172
271 172
272 172
273 172
274 172
275 418
418 172
418 292
276 506
506 172
277 38
277 290
290 172
290 410
290 366
290 92
290 758
278 172
318 40
318 172
636 92
636 172
281 172
282 172
283 172
284 172
285 172
286 172
287 172
410 172
410 277
410 195
291 12
291 172
291 478
292 172
292 728
728 418
728 726
728 118
293 83
293 172
294 172
295 172
296 172
298 172
300 172
303 172
304 172
306 172
307 172
308 172
309 172
310 172
311 172
314 172
315 172
317 172
319 424
424 172
320 172
321 172
322 172
323 172
324 172
398 172
398 260
327 172
328 172
331 172
332 172
333 172
335 172
337 172
338 172
339 172
340 172
341 172
343 172
344 172
346 172
347 172
348 172
349 172
351 172
352 172
353 172
354 172
355 172
356 172
357 172
358 648
648 172
680 117
680 172
680 669
680 787
360 172
361 172
362 172
363 172
364 172
365 538
538 172
366 172
366 756
366 277
366 701
366 350
366 5
366 579
756 172
756 553
368 172
369 172
370 172
371 172
372 172
520 165
520 172
374 172
375 172
376 172
377 172
378 172
379 172
380 172
381 172
383 172
385 172
386 172
387 172
388 172
389 172
390 172
391 172
392 172
393 172
394 172
395 172
397 172
399 148
399 172
399 22
400 426
426 172
401 172
402 172
403 172
404 172
406 172
408 172
411 172
412 172
413 172
414 172
415 172
416 172
417 172
421 172
422 172
423 172
425 172
427 172
428 172
429 172
430 172
431 172
433 172
433 474
433 359
433 165
433 598
474 619
474 752
434 672
672 172
435 172
436 172
437 172
438 172
439 172
440 172
441 172
442 172
443 172
444 172
445 172
446 172
447 172
449 172
761 153
761 172
574 32
574 172
452 172
454 172
455 172
456 172
456 203
456 122
457 172
458 172
460 56
460 172
461 172
462 172
463 172
464 172
465 172
466 124
467 172
469 172
470 172
471 172
473 172
619 172
619 433
752 172
475 35
475 487
475 172
475 508
487 172
476 172
477 172
479 172
481 172
484 172
485 172
485 488
485 795
488 172
488 706
706 172
706 485
489 172
491 172
492 172
495 172
495 176
496 172
499 779
779 172
779 758
500 172
501 172
502 172
503 172
504 353
505 172
799 84
799 172
799 721
509 172
510 172
511 172
514 172
515 42
516 172
517 172
518 172
521 172
522 172
524 107
524 172
525 172
526 172
527 172
529 172
530 172
532 172
533 546
546 172
535 172
536 172
537 172
539 172
540 172
542 172
543 172
544 172
545 172
547 172
549 172
550 172
552 172
553 366
553 118
554 172
555 172
557 172
558 172
559 172
559 701
559 122
559 350
701 172
701 695
562 172
564 172
565 172
565 580
565 701
565 450
565 22
580 172
580 740
566 172
567 172
569 172
571 172
572 172
575 172
576 172
577 763
763 794
763 579
763 524
763 778
578 172
740 565
581 172
582 172
583 172
721 130
721 435
585 172
587 172
588 172
589 44
590 172
591 172
593 172
594 327
595 172
596 172
597 653
653 172
653 621
653 718
653 734
653 579
653 597
599 424
600 10
601 172
602 172
603 172
604 22
604 172
604 318
605 172
606 172
607 172
608 172
609 172
610 172
611 172
612 172
613 172
614 172
614 778
614 721
614 625
614 170
615 677
616 172
617 172
618 53
620 172
621 597
621 653
621 726
623 172
625 172
625 787
787 172
787 635
787 450
787 117
627 172
628 172
629 172
631 172
632 172
633 172
635 172
635 625
635 614
638 172
639 172
640 172
642 172
643 172
647 172
649 172
650 172
651 172
652 172
654 5
656 172
657 172
658 172
659 172
661 172
662 172
663 172
664 172
665 172
667 172
668 172
669 172
669 256
669 117
670 172
671 172
734 172
734 239
674 172
675 172
676 172
679 172
681 172
682 172
683 172
684 172
686 172
687 172
688 172
689 172
691 172
692 172
693 172
695 172
695 559
695 565
695 366
695 227
696 172
698 172
699 172
702 98
703 511
704 172
705 172
707 172
708 172
709 172
710 172
711 708
718 172
718 231
715 172
716 172
717 172
719 172
723 172
724 172
727 172
730 392
730 614
730 763
731 172
735 172
736 172
737 172
738 172
739 366
741 172
742 665
743 172
744 172
745 172
746 172
749 172
750 172
751 172
753 172
754 172
755 172
757 172
758 172
758 499
758 789
758 277
759 172
760 172
762 677
794 172
794 577
764 172
765 172
766 172
767 172
768 172
769 172
770 172
771 730
772 172
773 172
776 172
780 172
781 172
782 172
783 172
784 172
785 172
788 172
790 172
792 172
793 172
797 172
798 172
