0 390
390 612
1 390
2 7
2 390
7 390
7 633
7 565
7 516
3 390
4 390
6 390
633 2
633 390
633 870
633 109
8 390
8 807
8 638
8 439
807 390
807 896
807 318
9 390
11 390
12 390
13 390
14 390
14 684
684 653
16 971
971 390
971 627
971 988
17 390
18 390
18 999
999 390
999 465
999 734
999 516
19 390
20 390
21 390
22 390
23 390
24 390
25 390
25 561
561 330
561 390
561 250
561 649
26 390
27 390
28 390
29 390
30 259
259 152
259 390
31 390
32 390
34 41
34 390
41 346
35 390
36 390
38 390
40 390
346 34
346 390
42 390
43 390
44 390
45 390
46 390
47 390
48 390
49 390
50 390
51 390
52 390
53 390
54 390
56 390
57 390
60 390
61 390
63 390
65 397
65 944
65 311
397 237
397 390
66 390
67 390
69 390
70 390
70 920
920 184
920 889
920 213
71 390
71 496
71 468
496 826
73 390
75 385
385 79
385 900
76 390
77 390
78 390
79 75
79 390
79 736
80 390
81 390
82 334
334 390
83 390
84 390
85 390
86 390
87 390
88 390
88 987
987 638
89 390
90 390
91 390
92 390
93 390
94 390
95 390
97 390
99 390
100 390
101 390
102 390
103 390
104 390
104 944
944 369
944 946
944 397
105 390
106 390
107 390
109 377
109 390
109 630
109 850
109 2
377 390
377 452
377 476
377 511
377 582
110 390
110 904
904 390
904 818
904 766
904 422
904 575
111 390
112 390
113 390
115 390
116 390
117 390
118 390
119 615
615 390
615 776
120 390
121 390
123 390
126 390
128 390
129 390
130 390
131 314
131 390
314 390
314 973
314 717
314 886
132 390
134 390
135 390
136 390
137 390
138 630
138 109
138 547
138 451
630 961
630 967
139 390
140 168
168 390
168 988
168 971
142 390
143 390
144 390
146 390
147 390
148 390
149 390
150 298
150 390
298 390
298 964
151 390
152 30
152 390
155 390
156 390
157 390
158 390
158 774
774 390
774 462
774 565
774 501
159 390
160 390
161 390
162 390
163 70
163 301
301 919
166 390
167 390
988 140
169 390
170 390
171 842
842 390
842 652
174 390
175 390
176 390
176 861
176 765
176 707
861 390
861 811
177 390
177 952
952 390
952 870
952 285
178 390
179 390
180 263
180 390
263 390
263 916
181 390
181 591
591 247
591 390
591 516
183 390
184 70
184 390
185 390
186 390
186 853
186 973
186 591
186 7
186 999
853 390
853 516
187 390
188 390
189 390
190 390
191 390
192 390
193 390
198 390
198 766
766 390
766 487
766 818
199 390
200 390
201 318
201 390
201 807
318 390
318 889
202 390
203 390
204 610
610 390
205 390
206 390
207 390
208 390
210 390
211 390
212 640
640 390
640 480
640 652
213 390
213 740
213 70
740 345
740 390
214 390
215 390
216 390
217 390
217 955
955 522
955 250
218 390
219 390
220 390
220 843
220 468
843 390
843 787
221 327
221 390
327 390
327 767
327 649
327 977
222 390
224 269
224 390
224 863
269 289
225 390
225 581
225 439
581 276
226 778
778 390
778 512
778 470
778 736
228 390
229 390
230 390
231 390
234 390
235 390
235 728
728 390
728 422
236 390
237 65
237 390
238 390
239 390
240 390
241 390
242 390
242 476
242 561
242 955
476 250
476 390
476 452
243 390
244 390
245 390
246 390
247 181
247 638
248 390
249 390
250 242
250 390
251 390
252 390
253 390
255 390
256 390
257 390
258 390
260 390
261 390
916 180
916 311
916 900
264 390
264 736
264 79
264 778
736 390
736 954
265 390
266 390
267 390
267 764
764 390
764 543
268 390
289 224
289 390
270 390
271 390
272 390
273 752
752 390
752 592
752 479
274 390
276 225
276 390
277 390
278 390
279 390
280 390
281 390
281 659
659 738
282 390
283 390
284 390
285 390
285 651
285 177
651 390
651 953
286 390
287 390
288 390
290 390
291 390
292 390
293 390
294 390
296 390
297 390
964 150
964 390
299 390
300 390
919 163
919 390
919 18
919 477
303 390
305 390
306 390
307 390
308 390
309 644
644 390
644 886
311 749
311 180
311 397
749 390
749 734
749 999
312 390
313 390
973 131
973 390
973 516
315 390
316 390
317 160
889 201
889 70
319 390
320 390
322 390
323 390
324 390
325 390
326 390
767 221
767 694
328 390
329 635
635 390
330 25
330 390
331 961
961 390
332 390
333 390
335 390
335 815
815 390
815 786
337 390
338 390
341 390
342 390
343 390
344 390
344 850
344 109
344 886
850 575
345 213
345 390
347 390
348 390
349 390
351 390
352 390
353 390
354 390
355 390
356 390
357 390
359 390
360 390
361 390
362 390
363 390
364 390
365 390
366 390
367 384
384 390
368 390
369 390
369 547
547 390
547 921
547 630
370 390
371 390
372 390
373 390
374 390
376 390
452 109
452 390
379 390
380 390
381 390
382 390
386 390
389 390
612 294
612 390
391 390
392 390
393 390
394 390
395 390
396 390
398 390
399 390
400 390
401 390
402 390
403 390
404 390
405 390
406 887
887 390
887 874
407 390
408 390
409 390
410 390
412 390
413 390
414 390
415 390
416 390
417 390
418 390
419 390
420 390
421 390
422 235
422 818
423 390
425 390
426 390
428 390
429 390
430 390
431 390
432 390
433 390
434 390
436 390
437 390
438 390
439 390
439 759
439 276
439 896
759 601
440 390
441 390
442 390
443 390
446 390
447 390
448 390
449 390
451 390
451 544
451 630
544 390
544 649
544 327
544 789
544 561
453 390
454 390
455 390
456 390
458 594
594 390
594 817
459 390
460 390
461 390
462 158
462 390
463 390
465 18
465 390
465 717
465 919
467 390
468 390
468 678
678 390
678 529
469 390
470 390
470 893
893 390
893 863
893 778
893 900
472 390
473 390
473 560
560 390
560 707
474 390
474 900
900 808
900 75
900 470
900 180
900 406
477 479
479 390
479 655
479 273
478 390
655 390
655 477
655 919
480 126
480 212
482 390
483 390
484 390
486 390
487 198
487 390
488 390
489 390
491 390
492 390
493 390
494 390
494 511
511 390
511 832
511 452
495 390
826 71
826 390
497 390
498 390
499 390
500 390
501 390
501 556
556 852
556 774
502 390
504 390
505 390
506 390
507 390
508 390
509 390
510 390
832 390
832 494
512 226
512 390
513 390
514 390
515 390
516 186
516 390
517 390
518 390
518 846
846 390
846 536
520 390
522 217
522 390
524 390
525 390
528 978
978 390
529 390
529 468
529 220
529 71
530 390
531 390
532 390
533 390
534 390
535 390
536 390
536 518
537 390
538 390
538 648
648 822
539 390
541 390
542 390
543 267
543 390
649 390
649 451
545 390
546 390
921 369
921 390
548 390
549 390
550 390
551 390
552 390
553 390
554 390
555 390
852 390
852 501
557 390
559 390
707 390
707 473
707 811
562 390
564 390
565 390
565 698
698 390
698 694
698 7
698 774
567 390
570 390
571 390
574 390
575 344
575 818
576 390
576 761
761 717
577 390
578 390
579 390
580 390
582 390
582 777
582 452
777 390
777 977
777 327
583 390
584 390
586 390
587 390
588 390
589 390
590 390
592 273
592 390
593 390
817 390
817 458
595 390
597 390
599 390
600 390
601 390
601 439
602 390
603 390
605 390
607 390
608 390
609 390
611 390
613 390
776 119
776 390
616 390
619 390
620 390
621 390
622 390
624 390
625 390
626 390
627 16
627 390
628 390
629 390
967 138
967 390
632 390
634 390
636 390
638 88
638 390
638 896
638 181
639 390
641 390
642 390
886 309
886 390
886 850
886 131
645 390
646 390
647 390
822 538
650 390
953 285
953 390
652 171
652 390
652 480
653 14
654 390
656 390
657 390
658 390
738 281
738 390
660 390
661 390
662 390
663 390
664 390
666 390
667 390
668 390
669 390
672 390
674 390
675 390
677 390
679 390
680 390
682 390
683 390
685 390
686 390
688 390
689 390
690 765
765 390
765 915
765 811
691 390
692 390
693 390
694 390
694 565
694 221
695 390
696 390
697 390
699 390
700 390
702 390
704 390
705 390
708 390
709 390
710 390
711 390
712 390
713 390
714 390
715 390
716 390
717 390
717 576
717 131
717 18
719 390
720 390
722 390
724 390
725 390
726 390
727 390
730 390
731 390
733 390
734 311
734 390
954 264
954 390
737 390
739 390
741 390
742 390
743 390
744 835
835 390
835 789
745 390
747 390
748 390
750 390
751 390
754 390
755 390
756 390
758 390
760 390
762 390
763 390
915 390
915 690
768 390
769 390
770 390
771 390
772 390
977 390
977 582
779 390
781 610
783 390
784 390
785 390
786 335
786 390
787 220
788 390
789 390
789 744
789 649
790 390
791 390
792 390
793 390
794 390
797 390
798 279
799 390
800 390
801 390
802 390
803 390
804 390
896 8
896 390
808 474
809 390
811 176
811 390
812 390
814 390
816 390
818 110
818 390
819 390
820 390
821 390
824 390
825 390
827 390
828 390
833 390
834 390
836 390
838 390
839 390
840 390
841 390
844 390
847 390
849 390
851 390
854 390
855 390
856 390
857 87
858 390
860 390
862 390
863 390
863 470
863 289
864 390
865 390
866 390
867 390
868 390
869 390
870 177
870 390
870 2
872 390
873 390
874 390
874 406
874 900
876 390
877 390
878 390
880 390
882 390
883 390
884 390
885 390
888 390
890 390
891 390
892 390
894 390
895 390
897 390
898 390
899 390
901 390
903 390
905 390
906 390
907 390
909 390
910 390
911 390
912 390
913 390
918 390
922 599
923 390
925 390
926 390
927 390
928 390
929 390
930 390
931 390
933 390
934 390
935 390
939 390
940 390
941 390
942 390
943 390
946 104
946 390
948 390
950 390
951 390
956 390
957 390
958 390
959 390
962 390
963 390
966 390
968 390
969 390
970 390
975 390
976 390
979 390
980 390
981 390
982 390
983 390
984 390
986 390
990 390
991 390
994 390
995 390
997 390
998 390
