0 216
0 62
0 842
216 252
216 348
1 886
886 315
2 886
3 886
4 886
7 704
704 886
8 886
9 886
10 886
11 886
12 886
13 581
13 886
581 563
581 886
14 886
16 659
16 886
659 753
659 886
659 644
17 886
19 604
19 886
604 146
604 886
20 886
22 886
23 262
262 322
262 886
24 886
25 175
25 886
25 222
25 119
175 215
175 886
26 886
30 886
31 959
959 44
959 743
32 886
34 531
531 685
531 886
35 678
35 318
35 983
678 893
36 735
36 886
735 113
735 886
735 820
735 36
38 886
39 886
40 518
40 886
40 376
40 199
518 555
518 886
518 810
518 731
41 886
41 972
972 547
972 886
42 886
43 886
44 886
45 886
48 886
49 522
522 532
522 886
52 886
54 886
56 886
57 886
59 886
60 251
60 886
251 457
251 886
61 533
533 577
533 886
62 162
62 252
162 886
162 888
63 886
65 886
66 886
67 886
68 177
177 886
177 980
177 631
70 886
71 636
71 886
636 274
636 886
72 886
73 886
75 886
78 368
368 372
79 768
79 886
768 611
768 685
81 886
82 886
83 886
84 886
85 886
86 395
86 886
395 326
88 886
89 733
733 505
91 605
605 989
92 728
92 886
728 199
728 886
728 376
93 886
94 886
95 886
96 810
96 886
96 446
96 518
96 671
810 288
810 886
97 864
864 434
864 886
864 842
98 886
100 886
101 886
102 886
103 546
546 309
546 886
104 222
104 886
222 517
222 886
222 215
107 886
109 886
110 886
111 886
112 626
112 886
626 691
626 886
113 36
113 735
114 439
439 720
439 886
439 204
115 886
116 948
948 565
948 886
117 886
118 886
119 250
119 886
119 215
250 379
250 821
120 886
121 771
771 127
771 886
124 593
124 886
593 130
126 454
454 727
454 886
454 305
127 121
127 886
128 886
129 886
130 124
130 886
131 142
142 651
132 886
133 886
133 973
973 236
973 842
134 886
135 399
135 724
399 886
399 921
136 886
137 886
138 886
139 886
140 559
140 886
559 292
559 886
559 251
141 886
651 131
651 886
143 886
144 886
144 891
891 886
891 962
145 886
146 19
146 886
147 886
148 886
150 886
151 886
152 830
830 707
830 886
153 886
154 637
154 886
637 886
637 950
155 886
158 886
159 886
160 442
160 199
442 629
442 886
161 886
888 62
888 886
888 708
163 886
165 886
167 886
170 818
170 886
818 469
818 886
171 886
173 886
174 357
174 886
357 255
357 886
357 415
215 25
176 913
913 539
980 68
179 723
179 886
179 915
723 886
723 947
180 441
180 886
441 273
441 886
182 781
781 478
183 886
184 886
186 886
188 259
188 765
259 515
189 886
190 886
192 886
193 886
194 886
195 886
196 886
197 886
198 886
199 92
199 886
199 555
199 442
201 886
202 886
203 886
204 730
730 279
730 886
730 439
205 886
206 886
207 886
208 886
209 886
210 886
211 824
211 886
211 745
824 744
212 284
212 886
284 901
213 872
213 886
213 644
872 765
872 188
214 886
252 0
252 886
217 886
218 886
219 886
220 886
517 104
517 886
223 886
224 970
224 798
970 886
970 982
226 886
228 886
229 350
229 886
350 886
350 965
231 886
232 587
232 886
587 770
587 886
233 886
234 886
235 886
236 133
237 979
979 416
979 886
239 886
240 886
244 248
244 886
248 376
248 886
248 988
245 540
245 886
245 820
540 496
540 886
246 886
247 886
376 244
376 886
376 555
376 92
249 886
379 119
379 886
457 60
457 886
457 559
253 886
254 692
254 886
692 631
692 886
255 174
255 886
257 886
515 188
515 430
515 727
260 886
261 342
261 901
342 335
322 23
322 886
263 886
264 886
265 886
266 886
267 886
269 886
270 886
271 886
273 180
273 291
274 71
274 886
274 415
275 886
277 886
278 389
389 480
279 204
279 886
281 886
282 886
901 212
901 886
901 342
285 886
288 96
288 886
289 348
289 886
289 216
348 305
348 886
290 886
291 718
291 886
718 640
718 886
292 140
293 886
294 725
294 886
725 783
725 708
296 886
297 886
298 886
299 879
299 886
299 659
299 599
299 213
879 644
301 886
301 977
977 731
977 886
977 518
302 886
303 328
303 886
328 807
328 886
328 928
304 911
911 748
911 886
911 732
305 289
305 886
305 126
305 666
305 540
305 781
306 886
307 886
308 886
309 103
309 886
310 403
310 886
403 886
403 996
403 983
311 886
315 93
315 886
316 886
317 886
318 382
318 886
318 893
318 586
382 472
382 886
320 886
321 886
323 886
326 86
326 886
326 928
807 303
807 886
329 821
821 803
821 379
330 886
331 886
332 886
333 886
334 886
335 261
336 886
337 886
338 886
339 886
341 886
343 886
345 886
345 915
915 352
915 886
915 947
346 886
349 886
965 229
351 886
352 345
352 886
353 886
354 886
355 886
358 886
359 886
362 654
362 886
654 886
654 903
363 886
364 886
365 345
366 886
372 78
372 886
369 886
371 886
373 886
374 886
375 886
378 671
378 886
671 873
671 886
671 810
671 427
472 318
472 886
383 886
385 886
386 886
388 886
388 956
956 516
956 886
480 278
480 886
390 886
391 886
392 673
392 886
392 565
673 620
394 886
396 886
397 826
397 886
397 925
826 508
398 886
921 135
921 886
400 886
401 886
402 886
996 310
996 886
404 886
405 886
406 886
407 491
407 886
491 463
408 886
409 886
411 680
411 886
680 452
412 886
413 886
414 886
415 867
415 886
415 174
415 636
867 749
416 237
416 422
417 886
419 886
420 886
421 886
422 745
422 886
422 979
745 464
745 886
423 886
424 886
426 886
427 857
427 886
857 755
857 886
857 927
857 671
428 886
429 589
429 886
589 633
589 886
430 886
431 886
432 886
433 886
434 97
434 886
435 886
436 886
437 886
438 886
720 114
720 886
440 886
629 160
443 886
444 886
445 886
446 481
446 810
481 684
481 886
447 886
449 886
450 886
452 411
452 886
727 126
727 886
727 259
458 886
459 886
463 407
463 886
464 422
464 211
466 886
467 886
468 721
721 886
721 993
469 170
469 886
471 886
473 506
506 842
474 886
475 886
476 886
477 886
478 182
478 305
479 886
684 446
684 886
485 886
486 886
488 886
492 886
495 886
496 245
496 886
496 305
497 886
498 886
499 886
500 886
501 886
504 715
504 950
715 623
715 886
505 89
505 886
842 473
842 886
842 236
842 252
842 97
507 886
508 397
508 886
510 886
514 886
516 388
516 886
555 40
555 886
519 886
520 886
521 523
521 886
523 687
523 886
532 49
687 521
687 886
524 886
525 886
526 886
527 886
529 886
530 886
685 34
685 886
685 611
577 61
577 886
577 686
534 886
536 739
536 886
739 668
537 886
538 886
539 176
539 886
541 886
542 886
545 886
547 41
547 886
548 886
550 886
551 886
553 886
553 912
912 713
554 886
560 886
561 886
562 886
563 13
563 886
563 822
564 886
565 116
565 886
565 673
566 886
568 886
569 886
570 886
573 886
574 886
575 886
576 886
580 886
582 886
583 886
584 886
586 886
586 946
946 988
946 318
770 232
588 886
633 429
633 886
590 886
591 886
592 886
594 806
594 886
806 798
806 886
595 642
595 886
642 886
642 937
596 886
598 886
599 639
599 886
599 644
639 853
639 886
601 886
602 886
989 91
989 886
606 886
608 886
610 886
611 79
611 886
612 886
614 886
615 886
616 886
617 886
618 886
619 886
620 392
620 886
622 886
623 504
623 886
624 886
625 886
691 112
691 886
627 886
630 886
631 254
631 980
632 886
634 886
635 886
950 154
950 886
950 715
853 599
853 886
640 291
640 273
937 595
937 886
643 886
644 299
644 886
646 886
649 886
652 886
903 362
655 886
656 886
657 886
658 886
753 16
753 886
660 886
662 886
663 886
664 886
664 958
958 689
958 886
666 714
714 708
714 886
714 305
667 886
668 536
668 886
669 886
670 886
873 378
672 886
674 886
675 886
677 886
893 35
681 886
682 772
772 822
772 886
683 843
683 886
843 886
843 930
686 886
686 931
686 533
931 886
931 925
931 397
688 886
689 664
690 886
693 886
695 886
697 886
699 892
892 848
700 886
701 886
702 886
703 886
705 886
706 886
707 152
708 666
708 294
708 162
709 886
710 886
711 886
712 886
713 553
713 886
716 886
717 886
719 886
993 468
993 886
947 179
947 886
724 811
724 886
811 814
811 886
811 135
811 927
783 294
783 886
726 886
731 301
731 886
732 886
732 920
920 928
920 911
734 886
736 886
740 886
742 886
743 31
744 211
744 886
746 886
747 983
747 245
747 735
983 820
983 886
983 893
983 996
748 304
749 415
750 886
751 886
752 886
754 886
755 427
756 886
759 886
761 886
762 886
764 886
765 213
765 886
766 886
767 886
769 886
822 682
822 581
775 886
776 886
777 886
777 904
904 886
904 927
778 306
782 886
785 886
787 886
788 886
789 886
790 886
791 886
792 886
795 886
796 886
797 886
798 594
798 970
799 886
800 886
801 886
802 886
803 329
803 886
804 886
805 886
808 886
809 886
814 724
814 886
812 886
815 886
817 886
820 747
825 886
827 886
831 886
832 886
833 886
835 886
836 886
838 886
840 886
930 683
930 886
844 886
845 886
846 886
848 699
848 886
848 928
850 886
851 886
852 886
854 886
855 886
856 886
863 886
869 886
870 886
871 886
874 886
875 886
876 886
877 886
878 886
880 886
884 886
885 886
890 886
962 144
962 886
896 886
897 886
900 886
902 886
927 777
927 886
927 724
927 427
905 886
907 886
908 886
910 886
914 886
916 886
917 886
918 886
919 886
928 732
928 699
928 395
928 807
923 886
924 886
925 686
926 886
933 886
934 886
935 886
936 886
938 886
939 886
940 886
941 886
942 886
945 886
988 586
988 244
949 886
951 886
953 886
955 886
957 886
961 886
964 886
968 886
969 886
982 224
971 886
974 886
975 886
976 886
978 886
985 886
986 886
987 886
990 886
991 886
992 886
994 886
995 886
999 886
