1 237
237 388
237 226
2 107
2 197
2 237
2 311
107 237
197 115
197 237
197 393
3 322
322 95
322 237
4 7
7 177
5 237
5 359
359 237
359 289
6 237
177 4
177 82
8 237
8 251
251 178
251 237
9 131
9 237
131 237
131 271
10 237
11 237
11 262
262 237
262 309
262 393
13 79
13 237
13 353
79 149
79 237
353 237
15 111
15 237
15 308
15 396
15 132
111 22
111 237
111 318
111 206
111 291
16 237
17 91
17 55
91 237
91 356
19 155
19 237
19 55
19 343
19 61
155 206
155 237
20 65
20 237
65 23
65 237
65 383
21 237
22 15
22 237
23 20
23 237
23 5
25 237
26 237
27 294
294 64
294 237
294 27
29 49
29 237
49 237
49 367
49 189
49 174
49 295
49 334
30 75
30 308
75 212
75 237
75 126
32 237
36 96
96 61
96 237
96 126
38 237
39 218
39 237
218 237
218 396
218 15
41 223
41 237
223 44
223 333
42 351
351 127
351 213
43 221
221 174
44 41
44 237
45 237
47 237
48 237
48 306
306 103
367 29
367 237
367 77
367 205
51 368
368 237
368 252
368 191
52 237
53 237
54 237
55 150
55 237
55 155
55 91
150 243
56 237
58 237
59 136
136 237
136 241
61 36
61 155
62 162
162 237
162 274
63 159
63 308
63 376
159 237
159 292
159 199
159 95
64 27
64 237
64 247
64 294
247 237
66 237
68 237
69 237
69 397
397 377
70 237
70 394
70 5
394 257
72 237
74 225
225 98
225 237
225 252
212 30
212 237
76 237
77 129
77 237
129 237
129 287
129 367
129 334
78 237
149 13
149 237
80 237
81 280
280 317
280 82
280 287
280 199
82 105
82 81
82 4
105 237
105 288
83 237
83 336
336 334
84 237
85 237
85 256
256 237
256 376
256 398
256 63
88 237
89 237
89 245
245 237
245 345
245 145
356 17
93 237
94 237
95 3
95 246
95 213
95 292
97 237
98 74
98 171
99 144
144 69
144 145
144 237
144 398
144 245
144 263
100 295
295 237
295 331
295 29
101 237
103 48
103 237
104 237
104 303
303 228
303 237
303 100
288 82
106 237
108 237
108 398
108 351
108 174
108 95
398 213
398 376
398 145
109 237
110 237
112 237
112 307
112 189
112 208
307 380
114 49
114 237
114 332
332 237
115 2
116 237
117 237
119 237
120 155
120 237
120 255
120 15
120 380
255 132
255 237
121 237
122 237
125 237
126 205
126 36
126 212
205 169
205 237
127 42
127 237
128 189
128 223
189 333
189 29
189 307
287 77
287 237
287 81
271 9
271 237
132 120
133 237
133 278
278 237
278 305
278 341
241 59
137 230
137 262
137 197
230 237
230 393
138 237
138 383
138 98
383 171
383 20
383 341
140 237
141 176
141 237
176 237
145 99
147 191
191 237
191 328
191 150
191 51
148 237
243 55
243 191
153 226
153 237
226 217
226 237
154 214
154 237
214 237
206 19
206 237
206 22
156 237
157 237
158 237
292 63
292 237
274 62
163 237
166 237
167 237
167 375
375 300
168 343
343 204
343 237
343 155
343 308
169 112
169 126
169 237
169 367
170 237
171 138
171 237
172 237
174 43
174 237
174 29
174 213
175 237
175 282
282 348
178 8
178 237
179 237
180 237
181 48
181 237
185 237
187 237
188 237
333 128
328 147
192 237
195 347
347 323
199 237
199 337
199 292
199 81
337 237
337 341
337 278
337 383
202 237
202 264
264 208
264 237
203 237
204 168
207 237
208 202
208 237
208 307
209 237
210 237
213 108
216 303
217 153
396 39
222 237
222 263
263 237
263 260
263 145
224 318
224 15
224 63
224 30
224 343
318 308
318 22
227 237
228 216
229 237
393 137
393 237
388 313
238 237
240 237
242 237
244 237
345 89
345 237
246 314
314 237
314 311
314 95
248 237
252 51
252 74
253 237
376 85
376 237
257 70
257 291
258 237
259 384
384 266
260 222
260 237
261 237
309 11
265 237
266 259
268 237
269 237
273 237
275 237
276 237
277 237
277 395
277 330
395 340
395 362
305 133
279 237
317 81
317 237
281 237
348 175
283 237
284 237
285 237
286 237
289 5
289 23
289 70
290 362
362 304
362 340
291 237
291 330
291 22
291 394
330 237
330 379
331 100
331 303
300 167
304 237
304 290
380 112
380 237
380 132
308 224
308 237
311 246
311 115
312 237
313 237
315 237
316 237
319 237
323 195
323 237
324 237
379 237
379 291
379 277
334 83
334 77
334 29
341 199
341 237
338 237
339 237
339 294
340 237
340 277
344 237
346 237
349 237
355 237
363 237
365 237
369 237
372 237
374 237
377 69
378 237
385 237
386 237
387 237
389 237
390 120
390 237
