0 286
0 301
286 131
301 286
1 32
1 141
1 286
32 233
32 286
141 118
141 190
141 286
2 286
2 375
375 286
375 318
3 43
3 228
3 286
43 286
228 117
228 286
228 315
228 239
228 163
5 190
5 286
5 135
5 222
5 378
190 119
190 286
6 129
6 286
6 328
129 26
129 135
129 390
129 20
7 226
7 286
226 286
8 286
8 325
325 286
325 343
9 286
10 38
10 286
38 286
11 286
11 371
371 286
12 286
13 286
13 383
383 286
14 286
18 229
18 286
229 286
19 286
20 286
20 360
20 89
20 26
360 211
360 286
360 378
360 382
360 395
21 80
21 286
80 286
22 286
23 286
24 38
24 273
24 286
273 286
25 286
26 6
26 286
27 286
28 286
29 286
30 113
30 286
113 286
31 286
233 286
33 286
33 351
351 286
34 286
36 203
36 268
203 67
203 286
39 81
39 286
81 286
81 346
40 283
40 286
40 382
283 286
382 124
382 286
382 211
41 104
41 286
104 223
104 234
104 286
42 286
42 382
45 204
45 330
45 52
45 163
204 193
204 256
204 286
46 135
46 286
135 215
135 286
135 26
135 158
135 190
135 164
47 46
47 75
47 286
75 96
75 168
75 262
75 286
48 286
50 286
52 187
52 286
52 357
187 175
187 45
187 311
187 103
357 79
357 286
53 286
54 96
54 286
96 286
96 398
96 103
55 286
56 286
57 286
58 286
60 286
61 69
61 224
61 286
61 268
69 75
69 170
69 286
69 333
224 286
224 304
62 31
62 118
62 281
62 286
118 286
118 316
281 251
281 283
281 286
63 169
63 286
63 69
169 82
169 149
169 119
65 233
65 286
66 286
66 296
66 328
296 145
296 286
296 222
67 36
67 286
67 378
68 41
68 194
68 286
194 286
194 311
194 228
170 286
333 61
333 162
333 260
333 286
333 63
70 19
70 286
71 286
73 244
73 286
244 48
244 231
244 286
74 286
168 286
262 286
77 89
77 268
89 286
89 320
78 286
79 286
346 286
82 63
82 259
82 286
259 286
83 38
83 286
85 244
85 286
86 269
86 286
269 286
88 143
88 286
143 286
320 77
320 147
320 190
320 286
320 20
90 286
90 359
359 118
359 286
91 155
91 286
91 306
155 286
306 286
92 216
92 233
92 286
216 286
93 103
93 233
93 286
93 343
103 277
103 278
103 286
103 328
103 52
103 46
103 323
103 330
343 286
94 154
94 286
154 286
95 286
398 286
398 323
398 164
398 204
97 286
98 96
98 231
98 286
231 233
231 286
99 286
102 21
102 279
102 286
102 304
279 286
304 286
277 286
278 106
278 270
278 286
278 293
223 282
234 233
234 286
106 103
106 262
106 286
106 270
107 12
107 158
107 286
158 286
158 381
109 286
110 286
110 371
112 286
116 158
116 222
116 286
116 149
222 166
222 3
222 145
222 190
222 328
117 134
117 286
134 74
134 249
134 286
316 286
119 5
119 286
119 3
119 328
119 204
119 82
120 286
123 286
124 79
124 107
124 286
124 291
291 286
291 316
291 382
291 175
291 367
125 286
126 47
126 92
126 286
128 75
128 286
131 367
131 382
131 63
367 286
367 330
367 124
133 260
260 243
260 286
249 117
249 286
215 46
215 104
215 293
215 349
215 358
215 395
215 199
215 103
137 286
138 2
138 286
139 286
139 302
302 243
302 286
140 286
145 66
145 286
146 286
147 286
148 286
149 120
149 164
149 286
149 166
149 82
149 158
164 213
164 286
150 286
151 109
151 286
151 371
152 99
152 286
153 286
156 286
157 286
381 177
381 199
381 286
381 135
381 149
381 395
159 28
159 286
159 298
298 233
298 286
160 42
160 204
160 286
160 390
160 103
160 66
160 6
160 119
160 222
160 366
390 286
390 300
390 328
390 26
162 286
163 241
163 286
241 286
241 382
241 395
241 199
241 311
241 175
241 45
241 228
241 334
213 149
213 286
213 398
213 135
165 146
165 180
165 286
180 279
180 286
180 369
166 116
167 286
167 320
172 286
173 286
174 245
174 286
245 286
175 52
175 286
175 124
175 163
177 286
369 286
182 286
183 286
185 330
185 45
185 367
185 103
330 366
186 58
186 238
186 286
238 286
188 286
189 158
189 259
189 286
191 286
191 382
192 286
192 295
192 316
295 286
295 296
193 96
193 286
311 239
311 286
311 163
311 52
195 286
196 118
196 286
197 154
197 286
198 286
199 14
199 158
199 286
199 311
199 163
199 46
199 268
200 286
201 226
201 286
202 55
202 119
202 286
256 45
256 286
256 398
256 119
205 241
205 286
205 301
206 67
206 167
206 286
207 190
207 232
207 286
232 286
208 286
209 190
209 286
210 286
211 20
211 286
212 286
212 357
293 286
349 103
349 286
358 286
217 286
217 343
218 97
218 286
219 286
219 304
219 316
220 286
282 104
282 286
225 19
225 286
227 286
227 337
227 385
337 286
385 286
315 3
315 286
315 222
315 119
235 286
236 96
236 286
237 150
237 286
237 290
290 286
290 334
290 378
239 194
239 286
240 26
240 286
240 360
395 163
395 260
395 279
395 286
395 370
395 46
395 158
395 211
242 286
243 133
243 286
246 259
246 286
247 50
247 286
248 286
251 286
252 269
252 286
253 286
255 286
261 286
264 286
265 2
265 208
265 286
265 378
378 282
378 286
378 343
378 352
378 211
378 190
378 203
378 237
266 78
266 286
267 286
268 233
268 241
268 286
268 379
379 270
379 286
379 36
379 61
379 77
379 199
270 0
270 268
270 286
270 288
270 278
288 200
288 286
271 56
271 286
274 286
274 343
275 27
275 286
276 286
284 286
285 286
287 286
334 237
334 286
334 265
334 163
292 286
297 286
299 286
300 277
300 286
305 9
305 286
307 23
307 286
308 286
309 286
309 382
317 286
318 286
319 12
319 286
321 286
323 96
323 286
324 286
324 290
327 199
327 286
328 160
329 123
329 286
366 185
366 328
332 286
335 233
335 286
336 286
338 286
339 226
339 286
341 286
342 286
345 10
345 286
347 234
347 246
347 286
348 286
348 316
348 382
350 286
352 255
352 265
352 286
352 334
353 158
353 286
361 286
362 286
363 107
363 248
363 286
368 286
370 286
372 0
372 286
373 6
373 286
374 286
374 302
377 286
387 286
388 242
388 286
389 170
389 286
391 233
391 286
392 286
394 9
394 286
396 30
396 172
396 286
399 248
399 286
