0 208
208 133
208 255
1 208
2 99
99 183
3 117
3 208
3 286
3 595
117 69
117 331
286 208
5 208
6 208
6 435
6 489
435 208
435 498
489 208
489 584
7 208
7 212
212 208
8 107
8 208
107 208
107 297
107 341
9 111
111 134
111 180
10 375
375 129
11 208
11 383
11 388
383 195
383 208
388 208
388 496
12 208
13 208
13 349
349 364
15 46
15 208
46 208
46 266
46 369
16 231
231 161
231 446
17 425
425 202
425 208
425 372
18 208
18 252
252 208
19 208
20 74
20 208
20 327
20 454
74 208
327 208
454 55
22 208
22 249
249 208
249 517
249 133
23 208
24 406
24 109
24 532
406 453
26 208
27 208
28 208
28 532
532 347
532 453
29 208
29 527
527 208
31 208
32 19
32 208
35 41
35 208
35 518
41 208
41 595
518 210
518 497
36 178
36 181
36 208
178 208
178 334
181 199
181 208
181 361
181 482
39 120
39 175
39 208
39 203
39 446
120 194
120 208
120 75
175 208
40 208
595 208
595 363
595 179
595 69
595 66
42 208
42 383
44 108
108 208
108 319
108 333
45 208
266 208
369 15
369 208
369 79
47 208
48 208
50 208
51 208
52 158
158 232
53 208
53 255
255 163
255 208
255 214
255 330
255 28
255 269
54 208
55 20
55 208
57 489
60 443
443 190
443 208
443 273
61 208
61 269
61 563
269 96
269 208
62 208
63 179
63 208
179 282
64 208
65 208
66 178
66 208
66 490
490 145
67 567
567 208
567 403
68 81
68 208
68 524
81 208
524 208
69 3
69 208
70 208
70 540
70 171
540 492
71 208
72 208
75 448
75 194
448 248
76 538
76 412
76 180
538 208
538 331
538 117
77 89
89 208
89 520
78 470
470 208
470 468
79 208
79 227
79 46
227 13
227 208
227 391
80 208
82 104
104 208
104 223
83 208
85 208
86 131
86 372
131 337
87 208
88 208
520 77
520 220
90 208
90 296
90 496
296 208
296 279
496 11
496 208
496 582
93 208
93 426
426 483
426 478
96 61
96 255
97 208
183 2
183 208
100 501
501 424
103 160
103 208
160 106
223 82
105 166
105 208
105 224
166 208
166 316
166 563
224 208
106 103
297 8
319 44
319 208
319 180
319 563
109 62
109 208
109 372
109 453
372 208
372 305
110 208
110 418
110 311
418 180
418 208
418 144
418 319
418 111
418 133
418 76
134 9
134 208
134 304
112 208
115 208
116 359
359 208
359 265
359 553
118 208
119 205
119 208
205 208
205 590
205 558
194 39
194 208
194 239
194 471
121 208
122 208
123 208
124 291
291 208
291 582
125 208
126 208
126 383
127 208
128 208
128 511
511 208
511 390
129 10
129 575
130 208
337 86
337 479
132 208
133 28
133 208
133 599
133 180
133 517
599 208
599 171
304 144
304 208
304 359
135 533
135 171
533 208
533 215
137 208
141 208
143 207
143 412
143 41
143 203
207 11
207 208
207 272
207 378
144 553
144 180
144 444
553 304
145 66
145 208
145 595
146 120
146 208
146 358
358 208
358 273
150 208
150 408
408 208
408 446
408 39
408 231
152 208
154 208
154 536
536 208
536 546
156 208
157 208
157 550
550 208
550 509
550 372
232 52
161 16
161 208
162 208
163 208
164 208
316 125
316 208
316 222
167 208
168 208
169 208
171 499
499 208
499 456
499 292
499 349
176 208
177 208
334 208
334 437
334 227
282 63
282 595
180 110
180 208
199 36
199 208
199 452
361 208
361 295
361 144
482 208
185 208
185 330
185 255
330 208
330 333
189 193
189 208
193 208
193 412
193 76
193 143
190 60
191 208
191 358
192 208
412 189
239 208
471 208
195 126
195 208
196 208
196 377
196 449
377 208
449 208
449 303
449 575
198 208
200 208
201 208
202 17
202 208
202 482
203 208
203 228
228 515
204 208
204 256
256 208
256 245
590 119
206 529
529 208
529 226
272 143
378 208
209 0
209 208
210 35
210 208
210 364
364 13
364 208
364 499
214 53
214 208
215 135
217 208
218 208
219 208
220 208
220 560
220 89
560 208
560 411
222 166
222 208
225 208
226 206
226 208
391 79
391 208
391 259
391 334
515 203
515 39
515 143
229 208
230 208
234 208
236 208
237 11
237 208
237 336
336 208
238 208
244 180
244 208
245 204
247 208
248 75
517 534
250 208
251 208
253 208
253 291
257 208
259 208
261 469
469 28
469 208
469 324
469 530
262 208
263 208
263 311
263 100
311 208
311 446
311 455
264 208
265 116
265 208
267 208
268 208
268 422
422 208
422 564
273 146
273 208
273 535
274 208
275 208
275 478
478 208
478 545
478 323
478 483
277 208
279 90
279 208
279 465
283 208
284 208
285 208
285 307
307 208
307 479
307 397
287 208
289 208
290 208
582 124
582 208
582 11
292 394
394 208
394 462
394 534
394 499
295 208
295 444
444 208
444 361
298 397
298 107
397 208
397 341
397 285
302 208
303 196
303 157
305 109
305 208
305 462
305 550
305 86
305 425
306 208
479 208
479 285
479 131
308 208
310 208
446 150
446 208
455 208
455 263
455 110
313 208
317 208
320 208
323 208
323 558
558 208
558 398
558 590
324 208
325 208
326 208
328 208
329 208
333 185
333 208
333 28
333 44
331 76
332 208
437 178
335 208
340 208
341 298
346 208
347 28
347 208
347 333
348 208
350 208
350 537
537 497
537 518
351 208
354 208
354 551
551 208
355 208
356 208
357 208
360 208
362 208
363 41
363 143
365 208
366 208
370 208
371 208
371 489
373 208
374 208
376 208
379 208
380 208
381 208
384 208
385 208
387 208
387 575
387 199
575 208
575 452
575 10
575 196
390 128
390 208
390 229
392 208
462 292
462 372
395 208
398 323
398 478
399 208
400 208
401 208
402 208
403 67
405 208
453 24
453 208
407 180
407 208
409 23
409 208
411 208
411 220
414 208
416 208
420 208
564 208
564 268
423 208
424 100
424 263
483 93
483 208
428 208
430 208
431 208
433 23
433 208
434 208
498 6
436 208
438 208
439 563
563 555
441 208
442 208
447 208
450 208
452 208
452 387
456 171
456 70
456 135
456 599
457 208
457 252
458 208
459 208
460 208
461 208
464 208
465 90
465 208
465 535
535 208
535 552
535 146
466 208
468 78
468 208
530 208
530 261
473 208
474 208
474 395
475 208
476 208
477 208
545 275
484 208
486 208
487 208
488 208
584 57
492 70
493 208
497 350
502 208
503 208
504 208
505 208
505 336
509 157
509 208
509 575
509 303
509 534
510 208
512 208
512 257
513 208
513 596
596 208
516 208
534 208
534 249
534 157
534 292
519 161
519 208
523 208
528 208
528 361
552 208
552 465
552 279
546 154
546 208
541 208
542 208
543 208
548 208
549 208
549 336
555 208
555 439
555 61
555 319
555 166
557 208
561 208
562 208
565 208
568 208
569 208
573 208
573 453
574 208
578 208
579 208
583 208
585 208
588 208
592 134
592 208
592 354
593 208
594 208
598 208
