0 762
762 608
1 333
1 762
333 123
333 300
333 394
2 346
2 762
2 416
346 531
346 762
3 534
534 474
534 762
534 678
4 24
24 192
24 762
7 436
7 762
7 740
436 199
8 762
10 58
10 762
58 130
58 762
14 66
14 762
14 98
66 256
15 762
16 95
95 612
95 762
95 669
18 351
18 762
351 762
351 771
19 290
19 573
19 762
290 376
290 762
573 750
573 762
20 549
549 33
549 762
21 247
21 762
21 628
247 30
247 52
247 58
247 762
247 436
192 4
192 132
26 762
27 162
162 525
28 762
29 762
30 21
31 562
562 678
562 534
33 20
33 762
34 762
35 185
185 533
37 327
327 755
327 98
38 468
38 762
38 740
468 445
40 265
40 762
40 590
265 568
41 652
41 762
652 659
652 762
652 700
42 762
43 280
43 762
280 449
44 508
508 426
508 762
49 762
50 582
582 788
582 213
582 457
52 188
52 762
188 398
188 407
54 680
680 270
680 762
56 184
56 762
184 63
184 762
57 762
130 10
130 762
130 675
60 240
60 762
60 550
240 417
240 762
61 762
63 266
266 184
266 762
256 14
68 701
68 762
701 504
701 762
69 762
70 762
71 305
305 365
305 762
72 720
720 540
720 762
720 82
73 300
73 762
73 333
300 495
300 762
74 762
76 243
243 338
78 472
78 762
472 303
472 762
79 762
80 485
80 762
485 601
81 478
478 178
478 560
478 762
478 633
82 589
589 237
589 762
83 575
83 762
575 148
575 762
84 762
85 762
86 112
86 683
112 650
87 233
87 762
233 170
233 762
88 762
89 538
89 762
538 108
538 762
90 762
93 762
94 762
612 16
612 762
96 107
107 437
107 762
97 762
98 500
98 762
500 120
500 762
500 622
99 738
738 746
101 762
102 434
102 762
102 460
102 635
434 676
434 762
434 151
103 325
103 762
325 762
105 762
106 762
437 96
437 762
108 89
108 762
109 563
563 254
563 762
110 762
111 762
650 86
650 762
113 762
114 762
116 791
791 274
117 210
210 355
210 693
210 762
210 591
119 703
703 180
120 98
120 327
120 14
121 229
121 196
229 541
229 762
123 1
123 762
124 638
638 361
638 762
126 510
510 393
510 762
128 762
129 688
129 762
688 155
688 762
132 302
302 388
302 762
133 762
134 762
136 762
137 762
138 311
138 762
311 715
311 762
311 460
140 762
141 664
664 257
664 774
664 343
142 206
142 362
206 737
206 762
143 510
143 668
143 762
668 687
144 762
145 762
147 524
524 404
148 83
148 762
150 762
151 451
151 676
451 356
451 762
451 726
152 599
599 632
155 129
155 762
156 762
157 206
157 762
160 762
161 762
525 27
525 635
163 271
163 762
163 631
163 255
163 60
271 550
164 499
164 759
164 762
499 762
759 461
759 762
165 549
165 762
168 762
169 762
170 87
171 762
172 762
173 681
173 762
681 401
681 762
174 762
177 762
178 762
180 119
180 762
181 675
675 384
675 762
183 762
533 35
186 425
186 762
425 239
425 762
187 207
187 762
207 743
207 762
398 52
189 762
193 762
194 238
238 591
195 762
196 624
196 762
196 541
624 329
197 762
198 762
199 7
199 303
199 247
199 751
200 762
201 272
272 416
272 762
204 762
205 762
737 142
737 610
737 762
743 187
743 762
208 457
208 762
208 582
457 574
355 117
693 566
693 762
211 281
281 670
281 762
281 318
212 762
213 382
213 751
213 762
382 762
751 707
751 436
214 290
214 762
214 764
215 762
216 519
519 370
519 762
218 636
218 762
636 430
636 762
219 312
219 633
312 523
220 762
222 578
578 702
578 762
223 683
683 593
683 762
224 762
227 762
227 798
798 134
798 517
798 762
541 121
232 762
235 762
237 82
237 762
237 720
591 194
591 762
591 355
239 186
239 762
417 60
417 291
417 762
241 762
338 76
338 310
246 762
248 762
249 762
254 109
254 762
254 483
255 532
255 550
532 21
532 622
532 762
532 500
257 141
257 762
258 762
259 762
260 140
260 762
261 762
263 762
264 641
264 762
264 303
641 742
568 40
568 619
568 762
568 594
267 546
267 762
546 704
546 762
268 762
269 762
270 54
550 163
550 762
416 201
416 531
273 762
273 793
793 418
793 762
274 116
274 447
274 762
447 762
277 321
277 762
321 635
321 525
321 102
278 712
278 762
712 595
712 762
712 310
279 762
449 43
449 762
670 211
670 762
283 762
283 777
777 699
284 762
285 607
607 522
607 762
376 214
376 762
291 762
292 508
292 762
293 762
294 512
294 762
512 685
512 762
512 526
512 718
297 762
298 304
304 758
495 73
495 762
388 132
388 192
303 78
303 762
303 641
303 436
303 633
758 298
365 71
365 762
307 762
308 345
308 762
345 309
345 762
309 308
310 537
310 724
310 762
310 595
310 243
310 548
537 740
537 38
537 7
724 762
715 138
523 219
523 762
314 505
505 714
316 292
316 762
317 480
480 381
318 708
318 211
708 660
319 762
635 277
635 762
322 762
326 762
755 37
329 196
330 762
331 311
331 762
332 762
335 459
459 483
459 254
336 762
337 762
340 762
341 594
594 408
594 762
342 490
342 762
342 362
490 424
343 460
343 735
343 762
343 257
460 413
460 762
735 605
531 2
347 473
347 762
473 762
473 780
350 762
771 18
771 762
352 460
352 762
352 102
352 311
352 484
353 700
353 652
700 526
354 762
356 151
356 762
357 762
358 762
360 762
361 124
361 762
362 726
726 665
726 356
366 762
369 762
370 216
370 762
371 762
372 762
373 762
375 469
469 697
377 397
377 762
397 89
397 762
379 762
380 762
381 317
384 181
384 762
384 130
386 762
387 556
556 727
390 762
392 628
628 770
628 30
393 126
393 762
393 452
394 515
394 762
515 656
515 762
395 762
396 762
399 762
400 762
401 173
401 762
403 762
404 147
405 351
405 762
406 669
669 572
407 694
407 762
407 52
694 705
408 341
408 568
409 762
410 762
411 762
413 352
414 762
418 631
631 762
631 793
631 550
631 683
419 762
420 762
423 548
423 762
548 634
548 762
424 342
424 762
426 44
426 762
430 218
431 762
432 702
432 762
702 222
702 762
433 762
676 102
435 762
439 762
440 762
441 762
442 762
443 762
444 762
445 38
446 762
448 484
448 762
484 467
484 762
484 460
450 718
718 617
718 685
452 633
452 762
452 126
633 488
455 762
456 762
574 208
574 762
574 285
483 335
461 164
461 762
463 645
463 762
645 272
645 690
645 762
464 762
466 762
467 448
467 762
697 375
697 762
470 762
780 347
780 739
474 3
474 762
476 762
477 762
560 81
560 695
479 762
481 762
482 762
601 80
601 762
486 762
487 762
488 452
488 219
488 303
488 478
492 762
493 762
494 762
496 762
502 762
504 68
714 314
714 762
509 762
685 294
513 762
514 762
656 394
656 333
516 762
517 227
517 762
518 762
520 762
522 285
522 762
522 581
522 574
526 353
526 762
526 685
529 764
529 214
764 695
764 762
530 762
622 255
536 762
740 310
740 762
539 762
540 72
540 762
542 762
543 272
543 762
544 762
545 762
704 267
704 762
547 762
634 423
634 762
634 774
634 310
552 762
554 254
554 555
554 762
555 581
555 762
581 554
581 762
581 285
727 387
678 31
565 762
566 732
566 762
732 693
567 762
619 762
569 762
570 753
753 590
753 762
571 762
572 406
572 762
572 95
750 19
576 762
577 762
579 774
774 772
774 257
774 548
788 50
788 762
583 325
583 762
584 762
585 762
586 762
587 762
590 570
590 265
593 223
593 86
593 631
595 278
595 762
596 762
632 152
602 762
602 799
799 762
604 21
604 762
605 343
608 133
608 762
608 303
610 762
611 762
613 762
615 762
616 762
617 450
617 762
618 762
618 789
789 643
621 762
625 762
770 392
770 762
637 762
640 762
742 264
642 762
643 618
643 762
690 463
649 762
659 41
659 762
653 673
653 762
673 739
673 762
673 780
654 762
655 762
657 762
658 762
660 318
660 762
661 762
662 762
665 362
665 342
665 142
667 762
687 143
739 653
739 762
674 762
684 762
689 762
691 762
705 407
695 529
695 81
696 612
696 762
699 283
707 213
707 762
707 582
710 762
711 762
713 762
719 762
723 762
725 649
725 762
733 423
733 762
734 762
736 762
746 99
746 762
741 762
747 762
749 762
754 762
756 762
757 762
761 762
765 762
766 544
766 762
767 762
769 762
772 579
772 762
773 762
775 762
776 762
778 762
779 762
782 762
783 762
784 762
785 268
785 762
786 762
787 604
787 762
790 261
790 762
794 762
