1 37
1 115
1 325
37 109
37 115
37 260
37 179
115 154
115 238
115 91
115 389
2 115
2 140
2 44
140 59
140 116
140 58
140 300
140 190
3 115
4 115
5 115
5 304
5 242
304 50
304 395
7 111
7 115
111 115
111 253
111 103
111 338
8 115
8 120
8 375
8 395
120 165
9 115
10 115
11 115
12 115
13 16
13 115
16 200
14 79
14 115
79 362
15 373
373 115
200 13
200 115
200 132
17 115
18 44
44 115
44 139
44 132
44 59
44 76
19 38
19 115
19 208
38 115
38 262
20 93
20 115
93 205
93 389
22 115
24 115
25 40
25 115
40 115
40 323
26 115
28 350
350 115
350 390
350 260
29 115
29 312
312 115
312 208
312 199
312 126
30 97
30 91
30 154
97 115
97 248
32 115
33 115
34 115
35 115
36 115
109 1
109 115
262 19
262 115
262 66
323 25
323 132
323 116
41 115
41 132
41 44
41 208
41 323
41 200
132 115
132 199
42 115
43 115
139 18
46 115
47 115
48 115
49 115
50 5
50 115
51 115
51 399
51 30
51 395
54 115
55 115
56 115
57 91
57 30
57 115
57 118
57 103
91 115
91 361
58 115
58 194
194 115
194 314
194 338
194 140
194 117
59 2
60 115
63 115
64 395
64 5
64 314
395 115
395 242
395 50
395 120
395 154
65 389
65 314
65 115
65 93
389 115
389 342
66 81
66 115
81 115
81 212
81 262
81 287
81 399
67 115
69 115
71 115
73 115
74 115
75 115
75 176
176 103
176 117
76 115
76 269
269 115
269 251
269 28
78 324
324 115
362 14
80 115
212 66
212 115
82 115
83 115
84 115
85 115
86 115
87 115
89 115
90 115
361 57
361 115
92 115
205 20
205 115
94 115
95 115
95 256
256 115
256 150
96 115
248 30
248 115
248 135
98 115
100 115
101 115
102 115
103 75
103 115
103 253
103 91
104 115
104 124
124 115
124 126
105 335
335 115
107 115
108 115
110 115
253 7
253 115
113 115
154 51
154 115
116 347
347 118
347 140
347 323
117 115
117 292
117 387
117 75
117 58
292 115
292 283
118 116
118 91
165 8
165 238
165 356
121 115
121 169
169 115
169 135
126 104
126 115
126 29
127 115
128 115
129 115
131 115
199 41
199 29
133 115
134 115
135 115
135 121
135 97
136 115
138 115
138 360
360 115
360 338
360 375
141 115
143 333
143 343
143 315
333 190
333 140
144 115
144 398
398 115
398 385
398 161
146 115
147 115
150 95
150 115
151 115
152 115
153 115
155 376
376 115
376 287
376 246
156 115
158 115
159 36
161 259
259 115
259 240
259 292
162 115
163 115
164 115
166 115
167 115
168 115
170 115
174 115
175 115
175 277
175 315
277 115
277 383
177 246
177 140
177 287
246 300
246 238
246 155
178 115
179 115
179 393
393 317
393 37
180 115
182 115
184 115
185 115
188 115
190 143
191 115
193 115
314 58
314 389
314 242
195 115
196 115
197 115
198 115
201 115
202 115
204 115
206 115
207 115
207 343
207 315
343 221
208 29
208 38
208 132
209 115
210 115
211 115
216 115
218 115
219 115
221 115
221 207
221 143
222 115
223 115
225 115
226 115
228 115
229 115
230 115
231 115
232 115
233 115
234 115
235 115
236 115
238 115
238 291
291 115
291 399
291 246
291 165
240 115
240 161
240 398
241 115
242 64
243 273
273 115
273 261
244 115
300 115
300 177
247 115
249 115
251 76
251 44
254 115
255 115
260 307
260 394
307 115
394 115
394 378
394 375
394 350
394 37
394 399
261 115
261 243
264 115
266 115
268 115
271 115
272 115
275 115
383 175
278 115
280 115
281 115
282 44
283 115
283 117
283 259
284 115
286 115
287 115
287 155
287 66
287 300
288 115
290 115
399 115
399 238
399 154
399 260
399 66
293 115
294 115
295 115
296 82
297 115
297 356
297 165
356 325
299 115
301 115
302 115
303 115
308 115
309 115
310 115
311 115
313 115
315 348
348 115
348 344
316 115
317 179
318 115
319 115
321 115
325 115
325 297
325 109
328 115
330 115
331 115
334 115
336 115
338 138
338 58
338 253
339 115
341 115
342 65
344 115
344 315
344 175
344 207
344 143
345 115
349 115
390 28
390 115
390 269
351 115
352 115
354 115
355 115
357 115
358 115
359 115
363 115
364 115
365 115
367 115
368 115
369 115
370 115
371 115
372 115
374 115
375 387
375 260
375 120
375 138
387 115
387 377
377 375
377 117
378 115
378 260
379 115
380 115
381 115
382 115
385 115
385 144
386 115
388 115
392 115
397 115
