0 56
0 207
0 91
56 207
56 317
207 199
207 163
207 117
207 227
1 207
3 207
5 207
7 28
7 207
28 207
28 229
9 118
9 207
9 387
118 207
118 332
118 203
10 207
10 263
10 395
10 175
263 66
263 165
395 207
11 207
11 387
387 207
387 388
387 332
12 165
12 207
12 263
12 13
12 319
12 91
165 308
13 207
13 299
13 165
299 266
14 207
15 207
15 341
341 207
16 129
16 311
16 78
16 250
129 108
17 54
17 294
54 41
54 207
21 73
21 113
21 207
21 76
73 207
113 207
113 373
22 32
22 207
22 294
32 57
32 207
294 207
294 220
294 54
294 186
23 207
23 359
23 369
359 207
359 352
24 207
25 73
25 91
25 207
25 111
91 37
91 207
91 386
91 56
91 165
27 366
366 94
366 291
229 167
229 207
29 207
31 326
326 177
326 207
57 169
57 207
35 155
35 207
35 243
155 374
243 207
37 191
37 207
37 206
191 246
191 147
38 95
95 310
95 299
95 248
39 207
40 64
40 349
40 86
64 392
41 17
41 58
41 207
41 305
41 385
41 186
58 207
305 207
42 203
42 250
42 118
203 93
203 139
203 207
43 15
43 207
44 207
44 227
227 207
227 288
46 207
46 265
46 319
265 207
319 207
319 301
319 165
50 255
255 358
53 207
55 291
55 326
291 304
317 0
317 141
317 207
169 207
169 313
60 207
63 156
63 142
156 348
156 279
392 40
392 207
65 207
66 10
66 207
66 229
68 70
70 207
70 230
69 207
69 240
240 101
240 207
230 68
230 122
230 126
230 207
71 300
71 83
71 385
300 159
72 207
72 310
310 38
310 207
74 180
74 207
180 124
180 207
75 157
75 173
157 111
76 360
360 207
360 227
360 367
360 21
77 277
77 190
77 357
277 225
78 147
78 129
78 46
147 97
79 318
318 151
80 330
80 103
80 324
80 23
330 207
330 369
82 207
82 345
345 365
345 302
83 207
83 327
327 363
86 158
86 207
86 310
86 64
158 357
158 77
88 207
88 234
234 302
90 279
279 207
279 237
279 348
386 25
386 57
386 207
92 207
93 207
93 343
343 370
94 27
94 207
96 166
96 207
166 130
166 207
97 78
97 191
98 390
390 171
390 176
390 207
101 69
101 207
103 336
103 369
336 315
336 335
105 207
106 207
108 16
109 321
321 9
321 175
321 207
321 250
111 75
111 207
111 386
373 21
373 207
115 287
287 207
287 210
117 272
272 335
272 207
332 9
119 207
120 207
121 207
121 284
284 224
122 207
123 207
124 74
124 367
125 207
126 207
127 181
127 207
181 207
128 344
344 24
344 82
344 207
344 307
130 96
130 141
130 207
141 207
141 227
132 356
356 183
356 207
356 250
133 207
135 207
136 207
137 389
389 233
389 202
138 111
138 207
139 42
139 123
139 207
140 207
140 309
140 286
140 377
309 270
142 207
142 303
303 256
303 323
145 207
149 207
150 207
151 79
151 313
152 187
152 365
187 207
187 349
153 60
153 207
154 207
374 35
374 207
374 323
348 63
357 86
159 71
159 207
160 248
160 95
248 184
161 206
206 207
206 285
206 246
206 46
163 207
163 324
324 394
324 369
324 202
308 12
167 28
167 207
167 380
380 207
380 286
313 57
313 318
171 98
171 207
172 383
383 242
173 205
173 207
173 157
205 273
175 109
175 66
176 207
177 31
177 55
178 207
179 207
182 207
183 132
184 160
185 186
185 207
185 41
185 294
186 377
377 185
377 260
377 309
349 152
349 64
189 120
189 207
190 207
190 294
246 37
246 207
192 207
192 281
281 207
281 212
281 216
193 207
194 207
196 207
197 207
199 260
199 377
260 207
200 207
202 311
311 3
311 207
311 217
311 129
273 173
273 207
285 161
209 70
209 207
209 397
209 374
209 303
397 323
210 115
211 207
212 192
212 11
213 207
215 289
289 207
289 382
216 207
217 202
217 389
217 324
220 190
220 207
220 77
221 207
221 236
236 141
236 207
222 207
224 121
224 207
225 77
226 207
288 44
288 207
233 137
233 207
302 88
302 82
235 207
237 90
242 172
242 207
245 207
245 222
247 207
249 207
250 376
250 132
250 203
250 129
250 109
376 385
376 367
376 41
376 71
253 351
351 378
351 299
358 50
358 169
358 207
256 142
256 207
256 245
256 63
257 207
257 260
259 207
261 207
266 13
266 207
266 395
266 351
266 95
267 207
269 207
270 140
335 117
335 315
276 207
278 121
278 207
286 119
286 207
286 306
286 309
306 380
382 215
304 55
304 207
304 366
292 207
301 46
301 207
301 206
301 78
307 128
314 207
315 103
320 207
323 209
394 29
394 163
394 207
363 83
363 207
363 226
363 71
328 379
379 113
379 207
379 381
369 80
369 207
331 207
334 207
339 207
339 352
339 355
352 23
352 207
355 207
340 83
340 118
340 207
340 242
342 207
370 93
365 82
365 187
378 207
378 253
378 369
354 207
367 76
367 207
367 74
367 385
361 176
361 207
368 207
371 207
372 207
385 250
381 328
384 207
388 11
388 207
388 212
391 207
396 207
