0 2
0 122
2 363
1 363
363 60
363 103
363 83
363 14
363 37
363 354
363 188
363 247
363 29
363 199
363 302
363 147
363 44
363 47
363 21
363 269
363 94
363 159
363 316
363 303
363 231
363 46
4 132
4 363
5 363
6 363
7 156
156 363
8 363
9 363
10 363
12 363
13 363
14 21
14 104
21 363
104 335
104 363
104 83
15 43
43 363
18 343
343 363
19 363
20 363
22 363
23 363
24 363
25 363
25 354
25 21
26 363
29 25
29 316
29 363
316 25
316 363
316 29
316 94
30 363
31 363
33 363
34 363
35 60
35 363
37 363
38 363
39 300
39 363
39 14
39 316
300 14
40 122
40 363
40 221
122 363
122 192
42 363
44 280
44 339
280 363
339 363
339 103
45 363
46 363
47 206
47 363
206 363
206 302
206 103
48 363
49 37
49 284
49 363
49 29
49 303
49 53
284 37
284 363
284 303
284 53
50 363
53 219
53 274
219 363
274 219
274 363
54 363
55 363
57 363
58 363
61 363
62 363
64 363
65 363
66 363
67 363
71 363
72 363
73 363
74 363
75 44
75 339
75 363
76 363
79 363
80 363
81 188
81 229
81 363
188 229
188 363
229 396
83 99
83 363
83 53
83 29
99 363
99 53
99 29
99 199
99 46
84 363
85 363
87 363
88 363
89 363
90 363
92 363
93 363
94 83
94 99
94 363
95 363
96 363
97 242
97 363
97 47
100 133
100 187
100 363
100 103
100 354
133 187
133 363
187 363
187 103
187 37
187 199
187 147
101 363
102 363
103 363
335 363
105 363
106 202
106 363
106 159
106 269
106 354
202 363
202 159
202 37
202 354
108 363
109 363
110 363
111 363
112 363
113 363
114 363
115 363
116 363
117 363
118 363
119 106
119 202
119 363
120 363
121 363
123 363
124 104
124 335
124 396
396 363
125 363
126 245
126 278
126 363
126 119
245 278
245 119
278 363
127 363
130 46
130 354
130 363
354 46
354 363
134 363
135 363
136 396
137 363
138 368
368 363
139 363
140 363
141 363
142 363
143 363
145 363
148 308
308 363
149 363
150 363
151 363
152 363
153 363
155 363
157 363
158 363
159 0
159 255
159 363
255 0
255 363
255 122
160 192
192 363
163 363
164 363
165 363
166 363
168 363
171 160
171 192
171 363
172 363
173 363
175 363
177 363
178 363
179 189
179 363
180 363
181 363
182 363
183 363
184 363
186 363
190 363
191 363
193 363
194 363
195 291
195 363
196 199
196 377
199 363
199 377
377 363
377 103
377 14
197 363
198 363
201 363
203 97
203 242
203 363
205 363
205 388
205 397
205 379
388 363
388 397
388 379
207 208
207 247
207 265
208 247
208 363
208 206
208 94
247 363
247 206
265 363
210 363
212 363
213 363
214 363
215 363
216 363
217 195
217 291
218 363
220 47
220 206
220 363
220 83
220 14
220 103
220 303
221 103
221 363
221 119
221 354
221 310
222 363
223 363
224 363
225 363
226 363
227 363
228 363
230 363
231 39
231 300
231 363
233 363
234 363
235 363
236 363
237 363
239 4
239 132
240 363
241 363
243 363
244 363
248 363
249 363
250 363
251 363
252 363
253 363
256 363
257 363
259 125
260 363
261 363
262 363
263 363
264 363
266 363
268 363
269 179
269 189
269 363
270 363
271 363
272 363
273 363
276 363
277 363
279 363
281 363
283 363
285 250
286 363
287 363
289 363
292 363
294 99
295 363
296 363
297 363
298 363
301 363
302 315
302 326
315 363
315 247
315 103
315 278
326 363
303 250
303 285
303 363
304 190
305 363
306 215
307 363
309 335
310 125
310 259
310 363
312 363
313 363
317 363
318 136
318 331
318 363
331 136
319 363
320 363
321 334
321 366
321 119
334 363
334 366
366 119
323 363
327 363
328 363
332 363
333 363
336 14
336 21
336 363
336 44
337 363
341 363
344 40
344 122
344 363
344 192
344 221
346 363
347 363
348 363
349 363
350 363
351 206
352 363
355 363
356 363
357 363
358 363
359 363
360 363
362 147
362 363
362 376
362 221
362 269
376 147
376 363
376 221
376 269
364 363
365 363
369 363
370 363
372 363
373 363
374 363
375 363
378 363
379 302
379 315
379 363
379 103
379 278
380 363
383 363
384 103
384 221
384 363
384 119
384 60
384 354
384 310
384 159
384 231
385 363
386 363
387 363
389 363
391 363
393 363
394 363
395 363
