0 139
0 154
139 14
139 29
139 154
154 14
3 14
3 124
3 155
3 163
3 189
3 50
14 156
14 111
14 6
14 158
14 21
14 151
14 63
124 14
124 59
124 191
124 111
124 50
124 181
155 14
155 150
155 199
163 14
163 104
163 187
163 199
189 6
189 14
189 98
189 116
189 143
5 105
6 14
6 67
6 116
67 14
67 141
67 165
67 87
7 14
7 21
7 55
21 14
21 56
21 182
8 3
8 14
8 50
8 70
8 83
8 118
8 126
50 14
50 61
50 141
50 168
50 118
83 14
83 162
83 173
83 151
83 111
118 14
118 27
118 150
126 70
9 106
9 190
106 190
11 95
11 130
130 95
12 14
13 31
15 14
15 77
77 14
77 50
77 141
77 191
77 158
16 21
16 172
172 21
18 14
18 76
18 133
76 14
133 76
20 50
20 61
56 14
56 182
56 158
182 14
182 68
182 107
25 14
27 14
27 168
27 6
29 14
30 7
30 14
30 119
119 14
32 167
33 23
34 77
34 137
34 14
137 14
137 77
35 157
39 14
39 78
39 114
78 12
78 14
78 92
78 117
78 119
78 165
78 150
78 39
78 158
114 14
114 50
40 14
41 140
41 151
41 87
140 14
140 151
140 181
140 87
151 14
151 59
42 183
44 14
45 79
49 3
49 14
49 29
49 50
49 69
49 114
69 12
69 14
69 114
141 14
141 191
141 118
168 14
168 29
168 37
51 14
51 50
51 118
53 14
53 156
58 14
58 89
89 14
59 14
59 181
60 45
60 79
63 12
63 14
63 197
66 14
66 199
199 14
199 151
199 63
165 14
165 92
165 199
165 39
165 151
68 14
68 27
68 107
68 128
68 141
128 14
71 100
72 113
72 129
72 111
113 129
113 111
73 179
73 181
73 14
179 14
181 14
181 56
181 179
74 14
74 85
74 166
85 166
92 199
92 151
117 14
117 56
117 150
117 155
117 199
117 78
117 158
81 23
81 33
162 173
162 14
173 14
173 119
173 151
84 7
84 14
84 55
84 56
84 151
84 182
86 71
86 100
88 13
88 14
88 31
88 67
88 118
88 171
88 69
88 87
88 150
171 14
171 83
171 69
171 111
90 199
96 14
96 30
96 131
96 151
131 14
131 151
97 14
98 14
98 119
98 143
99 42
99 183
101 104
101 111
104 14
104 187
111 14
111 104
111 119
111 124
111 138
102 14
103 176
103 195
176 14
176 131
176 191
195 176
108 14
108 77
108 111
138 12
138 14
138 59
138 136
138 103
112 14
112 51
123 14
123 21
123 90
123 199
191 14
191 27
191 98
132 14
135 14
135 199
136 103
143 14
143 74
143 119
143 165
145 174
174 14
147 14
149 63
149 197
152 14
152 118
152 128
153 87
153 186
153 14
186 87
186 14
158 145
158 174
160 37
160 168
160 143
37 143
187 14
164 27
164 118
164 168
164 14
169 35
169 157
170 14
170 181
175 136
175 138
178 30
178 96
185 163
185 187
185 14
185 199
188 32
188 167
192 5
192 105
193 14
193 111
193 114
193 132
194 14
194 78
194 158
196 14
196 78
196 141
196 199
196 150
196 39
198 59
198 124
