0 96
0 413
0 768
96 413
413 169
413 750
413 318
413 639
413 319
413 847
413 134
413 359
413 671
413 146
413 478
413 535
413 310
413 822
768 413
1 413
2 413
2 968
968 413
968 960
3 64
3 176
3 235
3 318
3 413
64 134
64 150
64 413
64 497
176 95
176 413
235 413
318 73
318 116
318 413
318 454
318 599
318 851
4 413
4 551
4 724
4 740
551 413
724 24
724 413
724 398
740 413
740 635
5 413
5 805
805 413
7 413
8 124
8 269
8 406
8 413
124 150
124 269
124 413
269 413
406 70
406 413
9 413
10 413
10 521
10 897
10 550
521 413
521 550
897 413
11 485
485 413
12 413
12 555
555 413
13 28
13 626
28 413
626 28
626 413
14 413
15 413
16 413
16 528
528 83
528 237
528 413
17 413
18 127
18 413
127 413
19 257
19 413
257 413
20 39
20 413
20 431
39 413
39 431
431 413
431 571
21 129
21 413
21 534
21 776
129 413
534 776
23 15
23 413
24 96
24 413
24 87
25 219
25 956
25 375
219 375
956 219
956 413
26 413
27 413
29 12
29 413
30 413
31 413
33 318
33 413
33 990
990 413
990 886
34 413
35 413
35 576
35 592
576 413
592 150
592 413
36 413
37 164
37 316
37 413
37 506
164 413
316 96
316 413
316 506
40 413
41 413
41 687
687 413
687 692
687 896
42 413
42 507
42 662
507 413
662 413
43 413
43 870
870 263
870 413
870 522
44 413
45 379
45 413
45 949
45 854
45 313
379 413
379 841
949 413
949 612
46 413
48 413
48 921
921 305
921 413
49 23
49 413
51 413
52 413
54 413
55 211
55 413
211 413
211 822
56 193
56 413
56 434
193 413
193 770
434 193
434 413
59 413
59 740
60 413
61 413
62 36
62 413
62 560
62 705
62 932
62 941
560 413
705 413
932 293
932 413
941 36
941 413
63 413
134 271
134 413
134 522
150 413
497 49
497 216
497 413
65 275
65 413
65 746
275 413
746 413
746 726
66 413
66 735
67 413
69 413
70 413
71 413
71 684
684 413
684 247
72 413
74 413
76 221
76 413
221 95
221 413
78 413
78 679
81 413
83 329
83 344
83 413
329 413
344 413
344 656
344 994
344 671
84 413
84 768
85 150
85 217
85 413
217 413
217 496
87 413
87 418
87 986
418 413
986 413
88 413
89 413
90 413
90 576
90 478
91 413
91 609
609 413
609 777
92 156
92 413
92 880
156 283
156 413
156 862
880 413
93 413
93 503
503 413
94 270
94 413
94 616
270 127
270 413
270 556
616 276
616 413
95 413
97 413
98 115
98 413
98 502
115 413
502 413
99 144
99 333
99 413
99 429
99 852
144 413
333 413
333 796
429 413
852 413
852 504
852 711
100 413
100 928
928 413
928 633
928 671
101 413
101 535
535 413
102 413
102 781
781 413
104 413
105 413
105 514
514 413
110 312
110 413
110 768
312 413
111 413
112 413
112 823
823 413
113 413
114 413
116 413
118 303
118 413
303 413
303 467
303 792
303 869
120 413
121 413
121 641
641 150
641 413
122 413
126 413
128 404
128 413
128 428
404 113
404 413
428 413
130 183
130 413
130 657
183 87
183 413
183 447
657 413
657 609
657 777
657 947
131 413
131 880
131 871
132 413
133 413
271 361
271 413
522 283
522 413
522 553
135 413
136 566
136 771
566 413
566 771
771 413
138 413
138 823
139 413
140 413
140 965
965 413
141 258
258 413
258 511
258 146
142 413
142 655
142 680
655 413
680 413
143 413
143 573
573 413
573 822
573 319
147 127
147 413
149 413
151 413
151 696
696 256
696 413
152 413
153 362
153 413
153 541
153 891
362 541
891 413
154 413
155 169
155 413
155 630
169 413
283 413
283 862
862 413
862 960
157 283
157 413
160 67
160 413
160 760
760 413
161 413
163 413
163 37
165 413
166 255
166 271
166 413
255 413
170 413
170 419
419 413
171 172
171 373
171 413
171 505
171 303
172 413
172 303
373 71
373 413
373 730
505 413
173 276
173 413
173 710
173 887
276 413
710 413
710 887
174 413
175 248
175 253
175 317
175 413
175 469
248 317
248 413
248 775
253 413
253 820
317 413
469 205
469 413
469 441
469 494
177 413
179 413
180 413
181 166
181 271
181 413
181 460
181 943
460 413
943 413
943 822
447 139
447 413
184 413
186 413
187 258
187 373
187 413
187 605
605 413
189 413
191 413
192 413
770 247
770 396
770 413
770 359
194 413
195 413
196 413
196 665
665 413
665 686
197 413
197 968
198 413
199 180
199 413
199 418
199 480
199 496
199 828
480 413
480 752
480 828
496 413
828 413
201 413
202 408
202 413
202 752
408 89
408 413
408 523
752 413
203 413
203 418
203 565
565 119
565 413
565 444
565 812
204 2
204 413
205 413
206 413
207 180
207 199
207 413
210 213
210 413
213 207
213 413
213 429
213 503
213 640
212 229
212 413
212 427
212 788
229 413
427 413
788 164
788 344
788 413
640 207
640 413
214 42
214 662
215 413
215 822
822 347
822 413
216 413
220 146
220 298
298 146
222 413
224 413
225 413
226 413
226 899
899 413
227 413
228 34
230 413
230 474
230 792
230 840
474 256
474 413
792 305
792 413
792 694
792 921
840 413
232 361
232 670
361 413
361 670
670 413
670 925
233 413
233 434
234 413
237 413
239 413
240 413
240 639
639 413
241 180
241 240
241 413
241 507
242 413
243 413
243 894
894 413
247 413
775 413
775 663
250 283
250 413
251 413
252 413
820 413
820 891
256 413
511 413
511 599
259 413
262 413
263 413
264 413
265 355
265 393
265 413
265 581
355 413
355 581
355 703
393 413
581 413
581 639
581 703
266 413
556 413
273 285
273 413
273 470
285 240
285 290
285 413
470 285
470 413
277 413
278 48
278 413
279 413
279 612
612 413
280 413
281 413
282 413
284 413
290 413
286 413
287 85
287 217
289 413
291 11
291 413
291 485
292 413
293 147
293 413
294 413
294 696
295 413
297 131
297 413
297 871
301 37
301 413
301 428
302 413
302 724
467 413
869 413
869 949
869 310
304 196
304 413
305 413
306 12
306 413
306 427
306 807
807 135
807 358
807 413
307 747
307 764
747 413
764 49
764 413
764 747
309 413
310 413
310 532
310 940
532 237
532 413
940 413
313 24
313 96
313 413
313 87
314 71
314 413
314 659
314 661
659 413
661 413
661 521
315 274
315 413
315 685
685 274
454 73
454 413
599 413
851 413
319 413
319 802
802 413
802 467
321 413
322 164
322 184
322 413
322 709
709 74
709 413
324 413
324 555
325 413
328 92
328 174
328 413
328 492
328 671
328 847
492 413
671 92
671 413
671 770
330 413
331 413
332 413
332 532
796 413
334 413
337 413
338 413
338 854
854 413
854 930
854 973
339 356
339 413
339 305
356 347
356 413
341 413
342 413
342 726
342 746
726 413
726 660
343 413
343 784
784 413
656 29
656 413
656 570
656 577
994 413
994 656
994 671
347 413
348 413
348 565
351 256
351 413
352 413
353 413
353 804
804 413
804 553
804 822
357 413
357 857
857 413
358 413
359 91
359 413
359 644
644 413
360 413
360 591
591 413
591 900
363 413
364 19
364 30
364 413
365 413
367 413
367 994
368 48
368 413
368 487
487 48
369 413
370 413
370 418
371 413
372 105
730 413
374 413
375 34
375 228
375 257
375 413
375 641
378 413
841 413
380 413
381 413
382 374
382 413
383 413
385 202
386 413
387 413
391 51
391 413
392 413
394 347
394 413
395 333
395 413
395 692
692 413
692 493
692 642
396 247
397 237
397 413
397 958
958 413
398 348
398 413
398 871
871 413
399 413
399 872
872 155
872 413
872 604
872 630
872 134
400 413
401 413
402 280
402 413
402 458
402 732
458 413
732 413
403 413
407 179
407 413
523 413
409 413
409 535
410 413
411 410
411 413
412 203
412 413
414 413
414 785
785 142
785 413
785 669
415 363
415 413
415 639
421 413
421 578
578 413
422 20
422 413
422 549
422 840
549 840
425 413
425 641
430 413
571 361
571 413
432 413
433 313
433 413
433 684
433 247
436 413
438 156
438 413
438 495
495 413
440 3
440 64
440 413
441 48
441 413
441 425
441 569
569 192
569 413
569 768
442 413
442 543
543 413
443 413
444 413
445 413
445 998
998 242
998 413
446 413
449 413
449 474
451 374
451 413
452 456
456 413
456 756
453 156
453 413
455 399
455 413
455 872
756 413
457 543
459 413
461 408
461 523
462 413
463 413
464 309
464 413
464 822
465 105
465 372
465 413
466 230
466 391
466 413
466 496
466 958
468 413
471 413
472 413
472 662
473 66
473 156
473 413
473 735
475 172
475 413
476 413
478 360
478 413
478 558
478 666
478 868
478 877
558 413
666 87
666 247
666 413
666 940
868 17
868 51
868 413
868 476
868 770
868 877
479 413
479 800
800 408
800 413
481 59
481 72
481 239
481 413
482 12
482 413
483 413
483 941
484 59
484 413
484 740
489 15
489 413
489 645
645 78
645 413
645 679
490 45
490 269
490 413
490 854
490 313
491 413
493 413
498 413
498 565
499 743
743 397
743 413
743 633
501 413
501 499
501 654
501 743
654 413
654 951
504 413
508 413
508 849
508 900
508 591
849 134
849 335
849 380
849 413
849 703
849 591
900 413
513 413
513 447
513 498
517 413
518 413
519 115
519 413
519 932
520 333
520 413
553 413
525 413
525 692
526 413
527 413
529 413
530 400
530 413
531 10
531 897
533 413
533 556
536 413
538 140
538 182
538 413
538 711
711 182
711 413
539 413
539 932
540 413
540 851
542 234
542 413
544 413
545 413
546 191
546 413
546 855
546 318
855 413
548 413
550 70
550 291
550 413
550 906
906 67
906 413
552 413
552 853
552 887
853 413
554 413
557 413
559 205
559 413
561 129
561 413
561 445
562 309
562 413
563 787
787 413
787 747
812 26
812 72
812 119
812 211
812 413
570 301
570 413
570 825
825 413
825 433
572 413
574 413
574 976
976 413
577 413
579 170
579 192
579 413
579 419
579 986
580 413
580 558
582 413
583 96
583 413
584 413
587 413
590 413
594 413
595 413
595 724
595 398
597 413
598 156
598 413
600 413
601 301
601 413
601 662
602 196
602 413
602 665
603 413
603 965
604 279
604 413
604 952
952 413
606 413
606 600
606 768
608 413
610 285
610 413
610 641
610 881
881 413
613 413
618 40
618 413
620 51
620 413
620 493
621 181
621 413
623 140
623 374
623 413
623 633
633 413
633 552
633 751
633 853
633 750
633 671
633 887
624 258
624 413
625 687
625 896
896 413
627 413
629 413
630 348
630 413
630 715
630 756
631 563
631 787
751 413
634 413
635 413
636 413
637 205
637 413
637 457
637 543
638 413
642 493
646 83
646 413
651 413
651 860
860 104
860 413
653 413
653 600
951 413
947 410
947 413
947 627
947 826
947 914
660 413
660 654
663 413
663 692
663 535
664 413
686 413
667 413
668 413
669 142
669 413
669 840
925 413
925 864
672 413
672 441
672 453
673 365
673 413
674 413
675 23
675 49
675 413
676 257
676 413
676 680
676 962
962 413
962 880
962 987
677 413
677 511
681 413
683 102
683 413
683 613
683 781
688 413
688 724
689 374
689 413
690 413
691 413
693 815
815 413
694 413
694 638
695 413
695 756
697 413
699 230
699 413
699 797
797 413
797 828
701 12
701 51
701 413
701 690
701 815
703 19
703 335
703 400
703 413
704 413
706 693
706 815
707 310
707 333
707 413
708 413
708 497
708 550
708 551
708 613
712 351
712 413
712 493
714 413
718 413
719 413
721 413
722 15
722 413
725 413
725 626
725 670
727 486
727 818
818 413
818 486
733 413
733 434
734 413
735 90
735 413
735 576
735 766
766 413
736 153
736 413
738 153
738 413
742 74
742 709
748 215
748 413
748 421
749 413
749 591
749 900
750 413
754 331
754 413
757 413
757 465
758 413
759 413
761 310
761 413
761 470
761 929
929 19
929 413
929 489
762 293
762 413
762 932
765 286
765 413
765 909
909 141
909 258
909 413
909 746
769 630
769 715
772 215
772 748
773 413
773 952
780 413
782 413
786 413
790 42
790 413
793 413
793 750
794 413
794 890
890 413
890 965
795 413
798 413
801 413
801 462
801 671
806 413
808 413
808 493
809 928
809 980
980 413
980 928
813 193
813 413
814 413
814 523
816 413
817 306
817 369
817 413
817 807
819 413
821 156
821 413
826 15
826 413
826 436
826 996
996 436
827 339
827 356
827 413
827 305
829 413
830 403
830 413
831 469
831 494
832 413
836 413
837 5
837 291
837 413
837 633
837 805
838 413
842 413
843 413
843 591
844 4
844 724
844 413
845 413
845 540
845 910
910 413
847 83
847 374
847 413
847 528
847 555
848 413
848 433
850 550
850 708
930 413
973 413
856 413
858 380
858 408
858 413
859 134
859 321
859 413
859 522
861 413
960 413
863 413
864 413
866 147
866 413
867 413
876 19
876 257
878 413
882 413
884 413
886 413
887 413
887 802
887 928
888 413
888 798
888 974
974 66
974 413
974 473
889 413
889 918
918 413
892 163
892 413
892 684
892 37
895 413
898 35
898 413
901 413
902 230
902 413
903 413
904 375
904 413
904 463
907 413
907 664
908 413
913 413
914 413
914 627
914 886
914 639
915 413
916 309
916 413
919 413
920 393
920 413
923 413
923 891
924 413
924 613
926 179
926 202
926 385
926 413
926 900
927 129
927 413
934 413
934 949
935 413
935 750
936 413
936 521
937 413
937 794
939 12
939 29
939 413
942 413
942 696
944 413
945 413
945 452
945 456
946 413
946 949
950 413
950 980
953 413
953 736
953 963
963 353
963 413
954 251
954 413
954 930
959 181
959 373
959 413
961 398
961 413
961 871
987 413
987 974
967 413
969 413
971 413
972 84
972 413
975 247
975 413
977 413
979 413
981 413
983 413
985 413
988 45
988 413
988 560
989 413
991 413
992 413
993 387
993 413
995 413
995 794
997 413
