0 1
0 58
1 111
1 95
1 175
1 171
1 58
1 163
1 68
1 191
1 150
1 116
1 118
1 39
1 170
1 151
1 104
1 47
1 136
1 109
1 142
1 31
1 7
1 84
1 174
1 37
1 198
1 54
1 77
58 1
58 171
58 7
111 1
2 1
4 84
4 7
84 1
84 142
84 39
5 1
7 1
7 58
8 1
8 58
9 1
9 84
9 103
9 39
103 1
103 109
10 1
11 1
11 7
11 40
40 1
40 178
40 111
12 1
13 1
14 1
16 1
17 1
17 7
17 150
17 39
17 171
17 95
18 139
18 143
139 1
139 137
139 179
139 136
139 37
143 1
19 1
19 74
19 163
19 109
19 31
74 1
74 191
74 31
163 1
163 74
20 1
20 31
31 1
31 158
21 1
21 73
21 109
73 1
109 1
109 142
22 1
23 1
23 95
24 1
25 17
25 48
48 1
26 112
26 157
26 171
112 1
112 136
157 1
157 135
171 1
171 167
27 1
27 32
27 104
32 1
32 104
32 118
104 1
104 152
104 39
104 170
28 1
28 150
150 1
150 99
29 1
158 1
158 54
34 4
34 84
34 7
36 1
37 1
37 115
115 1
115 7
115 17
115 163
115 39
115 171
115 198
115 95
38 1
39 1
39 145
39 154
39 174
145 1
145 66
145 154
145 103
154 1
154 144
154 95
154 103
154 142
154 77
178 1
41 1
41 43
41 172
41 31
43 1
43 38
43 31
172 1
172 43
172 73
42 1
45 1
45 84
46 1
47 1
47 23
49 1
50 1
51 1
53 1
54 1
54 62
62 1
62 84
55 1
55 148
148 1
148 154
148 163
148 31
56 1
57 1
59 1
59 84
60 1
60 32
63 1
65 1
65 195
195 1
66 149
66 152
149 1
152 1
67 1
69 1
69 84
70 1
71 1
72 1
72 174
77 1
77 115
78 1
78 2
80 1
82 1
83 1
85 1
86 68
86 7
87 1
88 1
89 1
89 74
91 1
92 1
93 1
94 1
94 111
95 1
95 30
95 39
95 91
95 55
95 84
95 136
30 55
30 84
96 1
96 37
96 58
96 171
96 7
96 151
96 47
99 1
100 1
102 1
102 151
151 1
151 2
151 30
151 95
151 7
107 1
108 1
108 84
108 163
110 1
136 1
136 171
113 1
113 172
116 0
116 1
116 68
116 86
116 188
116 7
188 1
188 115
188 58
117 1
118 1
118 57
118 148
119 1
119 151
120 1
123 1
124 1
125 1
127 1
128 76
131 1
132 1
135 1
137 1
137 179
137 136
137 116
137 37
137 21
179 1
179 116
179 21
138 1
138 142
142 1
140 1
140 136
144 1
144 68
144 175
146 1
146 7
147 1
155 1
155 21
155 109
155 142
155 68
162 1
164 1
164 157
166 1
167 1
168 1
168 87
169 1
170 1
170 87
170 162
173 1
174 1
174 135
174 164
175 1
175 76
175 128
176 1
176 142
180 1
181 1
181 164
181 174
182 1
182 144
184 1
184 112
184 136
184 37
184 109
186 1
187 1
189 1
189 127
189 175
189 116
190 1
191 1
191 32
192 1
192 152
193 1
194 1
196 1
196 5
197 1
197 55
197 65
198 1
198 72
199 1
