0 19
0 189
0 254
0 289
0 228
19 254
19 228
189 138
189 289
189 333
289 333
289 47
289 70
289 115
289 257
289 13
289 342
289 71
289 255
289 125
289 286
289 391
289 216
289 180
289 172
289 54
289 21
289 52
1 200
1 219
1 117
200 117
219 200
219 289
2 289
3 289
4 192
4 321
192 289
192 321
192 204
321 204
5 362
11 142
11 294
142 289
142 294
12 289
13 65
13 83
13 289
83 65
14 36
15 289
17 119
17 251
119 289
18 263
20 43
20 289
20 395
43 219
395 43
395 219
21 160
21 233
21 289
160 233
160 215
233 215
22 331
26 289
26 312
26 353
26 12
26 180
312 250
312 289
312 13
353 147
353 289
353 12
27 253
32 289
32 312
34 213
35 289
38 289
40 12
40 289
41 126
42 289
42 333
42 54
42 52
44 73
44 230
44 289
44 117
73 289
73 117
230 73
230 289
230 316
46 289
47 136
48 204
204 235
204 289
51 129
51 131
131 129
52 283
52 289
283 289
283 342
54 289
56 154
56 310
56 303
154 289
154 310
154 303
58 147
58 353
60 289
61 33
61 289
33 295
63 156
63 203
156 189
203 156
203 289
203 189
64 289
67 94
67 116
94 289
116 94
68 95
68 114
68 289
95 114
69 256
69 289
69 293
256 338
293 256
293 338
70 26
70 289
71 138
71 189
71 289
138 289
138 333
72 139
72 289
72 231
139 231
77 168
77 260
77 289
168 260
260 289
260 115
78 14
78 36
79 221
79 267
221 396
267 221
267 396
81 202
81 345
202 289
202 345
82 62
82 289
86 289
87 289
88 285
88 342
285 289
342 285
342 289
90 237
90 338
237 289
338 237
91 33
91 61
91 289
91 295
93 255
93 289
93 302
93 286
255 302
302 289
97 289
98 171
98 289
98 382
382 171
99 266
266 21
266 71
266 230
100 41
100 126
100 289
102 23
102 289
102 300
102 316
300 80
300 289
300 71
300 21
316 23
316 289
316 342
103 289
104 152
104 289
104 367
104 286
152 286
367 152
106 289
107 151
107 303
107 257
151 257
303 151
110 72
110 139
115 313
115 344
313 289
313 344
313 384
344 384
117 289
117 379
379 289
379 125
379 286
379 391
118 340
340 289
340 70
340 274
340 295
121 289
122 289
125 228
125 371
228 289
371 228
371 289
127 223
223 289
223 147
130 59
130 60
130 289
130 398
130 172
398 59
398 289
132 289
133 54
133 367
134 29
134 333
29 333
137 48
137 204
143 289
144 289
145 274
145 289
146 101
148 289
149 289
150 289
153 289
153 147
157 30
157 196
157 20
196 30
196 20
158 289
161 193
161 257
193 289
257 193
257 289
164 357
164 392
164 236
392 357
392 236
165 28
28 117
166 289
169 127
169 223
169 147
170 289
172 226
226 289
173 289
173 373
173 391
373 391
174 349
174 363
363 349
177 289
178 189
178 201
178 289
178 70
179 180
179 289
179 376
179 101
180 289
180 376
376 289
376 101
181 289
183 289
185 289
190 393
190 394
393 394
198 289
199 34
199 213
235 289
235 257
205 238
205 289
205 296
238 296
206 17
206 119
206 251
207 289
210 111
210 289
210 399
399 111
211 289
214 5
214 362
215 262
215 388
262 388
216 289
218 289
220 153
220 147
224 62
224 82
225 128
225 289
225 396
225 4
396 128
396 289
396 4
227 27
227 253
231 64
231 289
232 245
232 289
232 368
245 368
236 153
236 220
236 289
239 365
365 289
241 64
241 231
242 54
242 133
242 367
243 118
243 289
243 340
243 70
243 274
243 295
246 9
248 198
248 389
248 127
389 198
389 127
249 289
250 289
251 175
251 289
251 354
251 70
354 175
354 289
354 70
259 52
259 283
261 9
261 246
264 207
264 282
264 289
264 165
282 207
282 165
265 101
265 146
271 278
271 216
278 216
272 289
273 145
273 274
275 239
275 365
276 289
280 216
286 80
286 289
286 300
288 47
288 136
295 103
295 289
295 330
295 332
332 330
299 185
299 308
308 185
304 289
305 289
306 10
306 370
370 10
314 117
314 379
315 289
320 289
323 98
323 289
323 358
358 289
325 270
326 289
326 291
326 216
326 71
329 289
334 18
334 263
335 289
337 22
337 331
339 289
343 289
343 291
343 326
346 26
346 70
346 289
346 47
347 216
347 280
350 250
350 312
351 289
352 172
352 226
356 234
356 381
356 172
356 198
234 172
234 198
381 234
359 271
359 278
360 74
360 384
384 74
364 289
366 29
366 134
372 289
375 289
377 28
377 165
377 289
377 117
378 99
378 266
378 289
378 21
378 71
378 230
383 289
385 289
386 270
386 289
386 325
387 289
390 289
397 178
397 201
