0 427
0 58
427 255
427 500
427 357
427 239
427 382
427 70
427 446
427 308
427 509
427 231
427 69
427 133
427 254
427 4
427 557
427 295
427 325
427 165
427 45
427 286
427 343
427 168
427 599
427 477
427 22
1 427
3 427
3 293
4 427
5 427
5 562
562 427
6 427
8 427
9 427
10 427
10 557
10 61
557 427
11 427
11 500
500 107
500 280
500 427
14 5
14 562
17 427
18 427
19 427
19 438
20 427
21 427
22 331
22 427
331 427
23 427
24 284
24 427
284 427
25 427
26 288
26 342
288 342
288 377
288 427
342 427
27 427
28 4
28 248
28 427
28 254
28 293
248 4
248 427
248 293
29 427
30 427
31 427
33 427
33 199
34 427
36 427
38 427
39 156
39 345
39 427
156 427
345 427
345 597
345 446
345 39
40 427
41 427
42 427
43 427
44 427
45 427
45 441
45 568
441 427
441 557
568 427
568 441
46 427
48 427
50 427
51 427
52 427
56 232
56 364
56 427
56 168
232 427
364 427
57 315
57 427
57 58
57 22
315 427
58 427
58 357
59 427
60 286
286 312
286 427
61 33
62 1
62 427
63 30
63 57
63 361
63 427
361 57
361 58
64 427
65 427
65 553
553 427
67 427
68 285
68 427
285 180
285 200
285 379
285 427
69 427
70 427
72 427
73 427
74 593
593 427
75 427
76 427
77 427
77 441
79 427
80 427
80 399
82 427
82 231
83 427
85 399
85 427
399 427
88 427
89 427
90 427
91 427
91 357
93 427
94 241
94 427
241 427
95 427
96 427
96 63
97 427
98 427
100 241
100 427
101 427
102 427
103 188
103 427
188 427
104 427
105 427
107 427
107 63
108 427
109 229
109 427
229 427
110 427
113 427
114 419
114 427
114 45
419 427
419 45
115 427
117 427
118 427
118 461
461 46
461 427
461 4
461 286
119 427
120 364
120 427
121 427
122 427
124 419
124 427
126 427
127 427
128 427
129 427
130 427
131 399
131 427
132 147
132 185
132 427
147 427
185 427
133 427
134 418
418 145
418 427
418 438
418 184
135 427
136 427
137 427
138 427
139 427
142 427
143 244
143 427
244 217
244 427
244 430
144 427
145 427
146 427
148 82
148 427
149 352
149 427
352 427
150 427
152 427
153 427
155 427
157 427
160 19
160 400
160 427
160 486
400 19
400 427
486 427
161 427
162 190
162 427
190 427
163 427
164 266
164 427
266 427
165 427
166 427
168 60
168 286
168 427
169 427
170 427
171 427
172 227
172 427
227 427
227 526
173 427
174 427
176 427
177 427
178 427
179 427
180 427
181 427
184 474
474 427
474 463
186 270
186 325
186 427
270 427
325 270
325 427
187 427
187 515
187 463
515 427
515 463
189 427
191 427
192 357
192 427
192 468
357 427
357 468
468 427
193 67
193 427
194 427
196 69
196 230
196 427
196 382
196 295
230 69
230 427
197 427
198 427
199 427
200 427
201 427
202 427
202 434
434 58
434 413
434 427
434 357
203 427
204 427
206 319
206 417
206 77
319 427
417 319
417 427
417 77
207 425
207 427
425 427
209 70
209 427
209 546
209 500
546 70
546 427
210 254
210 427
254 85
254 399
254 427
212 427
213 427
214 427
215 427
216 427
217 427
217 488
217 325
488 427
219 427
220 427
222 427
223 427
224 427
225 427
225 487
487 427
228 427
231 227
231 427
231 464
464 227
464 327
464 427
464 526
233 133
233 427
236 427
237 427
238 281
238 427
281 427
239 165
242 427
243 199
243 427
430 217
430 427
246 427
247 5
247 555
555 427
249 427
250 164
250 427
251 427
251 554
251 575
251 239
554 3
554 427
554 575
554 293
575 427
252 427
253 427
256 427
259 278
259 427
259 70
278 427
260 427
261 427
262 427
263 427
265 427
268 427
269 427
271 427
272 427
273 39
273 345
273 427
274 427
275 96
275 427
275 63
276 427
280 107
280 213
280 427
280 446
280 63
280 133
446 427
282 427
282 503
282 69
503 427
283 427
379 180
312 427
287 427
377 427
289 427
290 427
291 33
291 61
291 427
291 199
292 427
293 56
293 82
293 232
293 427
294 427
295 306
295 427
295 514
514 306
514 427
514 485
296 427
298 171
298 382
298 427
382 171
382 427
301 427
302 427
303 351
303 405
351 405
351 427
405 427
405 308
305 427
305 165
307 427
308 185
308 427
308 30
309 427
310 427
311 427
314 427
316 427
317 427
318 427
323 36
323 427
324 427
326 91
326 122
326 427
327 427
328 427
332 427
334 427
335 427
337 22
337 331
337 427
339 19
339 427
339 456
339 45
339 438
456 427
456 45
340 427
341 427
343 91
343 326
343 427
597 427
346 427
347 427
349 305
349 427
350 30
350 427
350 593
353 427
353 477
353 547
477 427
547 477
354 427
356 427
358 427
358 483
483 427
359 427
359 473
473 30
473 350
473 427
473 509
473 599
473 477
360 427
362 427
362 494
494 427
365 427
365 579
579 427
579 357
366 427
367 405
367 427
368 427
369 427
370 427
371 427
374 427
375 427
376 80
376 427
376 399
378 427
380 427
381 427
383 427
385 427
386 427
387 427
388 427
389 427
391 427
392 427
392 498
498 427
393 165
393 427
394 427
398 427
401 427
402 427
407 58
407 427
408 427
409 427
410 427
410 511
410 599
410 270
511 427
511 270
599 427
599 511
411 427
413 58
414 427
415 427
416 427
420 168
420 427
421 427
422 117
422 427
423 427
426 427
428 427
429 25
429 224
429 427
431 427
432 427
433 105
433 427
433 453
433 577
453 577
577 427
435 427
436 427
437 427
438 96
438 275
438 427
439 427
440 427
442 427
444 427
448 427
449 427
452 427
454 427
455 427
457 427
459 427
460 427
462 427
463 365
463 427
463 579
465 427
466 427
467 427
469 427
470 427
471 427
472 427
475 165
475 239
475 388
475 427
476 427
479 80
479 353
479 427
482 427
484 427
485 427
490 160
490 427
491 427
492 427
493 255
493 427
495 427
496 168
496 427
497 33
497 427
499 185
499 308
499 427
499 30
501 309
501 427
502 427
504 427
505 427
506 427
507 427
508 427
509 241
509 427
510 472
512 164
512 250
512 427
516 427
518 427
519 427
519 591
591 427
520 70
520 231
520 427
521 427
524 427
525 427
526 46
526 427
526 461
528 427
529 427
530 427
531 427
532 427
532 552
552 427
533 427
534 427
535 427
536 427
537 427
539 134
539 243
539 418
539 427
539 438
539 184
541 427
543 427
544 427
545 427
549 427
550 427
558 427
559 427
560 184
560 427
560 474
561 33
561 427
561 45
563 427
563 491
563 343
564 427
565 100
565 241
566 427
567 427
567 505
569 285
569 427
569 45
570 10
570 427
570 557
570 61
571 427
573 427
576 1
576 427
576 472
576 510
578 262
578 427
580 74
580 593
581 427
582 427
583 427
584 427
585 427
586 427
587 427
588 427
589 427
592 0
592 427
592 58
594 427
595 427
596 427
598 427
