1 286
1 310
1 452
1 415
286 310
310 431
310 230
310 655
310 422
310 141
310 391
310 255
310 686
310 679
452 310
452 621
452 415
2 310
3 310
7 310
9 310
9 541
541 310
11 106
11 310
11 369
11 119
106 310
369 106
369 310
369 119
12 209
12 310
12 487
12 420
209 310
209 487
209 420
487 310
14 310
17 310
18 310
19 310
19 370
370 310
20 310
22 310
23 310
23 358
358 310
24 20
24 91
24 310
24 123
91 310
91 391
91 471
26 310
28 310
28 783
783 310
29 310
30 310
31 310
32 310
34 107
34 440
107 440
440 310
35 25
35 310
36 310
37 40
40 310
38 101
38 191
101 191
101 310
39 747
747 310
41 310
42 310
43 310
47 310
48 141
48 310
48 770
770 141
49 241
49 310
49 618
49 742
241 310
241 618
241 742
51 310
53 310
55 310
56 310
58 310
58 504
504 310
59 310
61 310
62 310
63 310
64 310
65 310
66 407
66 712
407 712
67 131
67 592
67 310
131 310
592 131
592 310
68 310
73 310
74 310
75 310
77 189
77 310
77 397
189 397
82 253
82 310
82 324
253 324
324 310
83 310
84 145
84 310
145 310
85 310
85 619
86 310
86 736
736 310
736 230
87 310
87 762
762 310
89 62
89 137
89 310
89 223
137 62
137 223
90 310
92 310
93 310
94 310
95 310
96 310
100 310
102 310
104 723
108 411
108 491
411 310
411 491
491 310
110 375
110 620
375 310
620 310
620 375
620 141
111 310
112 109
112 310
112 690
690 109
690 310
113 310
116 310
118 25
118 35
118 310
119 58
119 289
119 310
119 504
289 310
289 422
120 310
122 310
122 373
122 616
616 373
123 283
124 194
124 310
194 310
194 352
126 310
128 310
129 310
130 310
132 372
132 769
372 310
372 769
769 310
133 54
133 272
272 54
272 310
134 310
135 194
135 352
138 310
140 220
142 310
143 230
143 546
230 310
546 230
546 310
146 310
147 310
149 310
149 670
149 751
670 310
751 670
151 267
151 310
151 767
767 267
152 310
153 310
154 591
154 610
591 310
591 610
158 88
158 627
88 647
627 88
627 310
627 647
159 310
159 395
395 310
160 310
161 310
163 310
163 586
163 447
586 310
586 447
164 310
165 512
165 628
628 512
166 310
169 310
170 244
170 310
170 183
244 310
244 183
171 310
171 481
171 590
171 482
481 482
590 310
590 481
173 310
174 310
174 377
174 744
377 744
744 310
175 310
176 310
177 310
178 310
179 310
180 85
180 619
181 310
181 422
183 142
185 310
185 314
185 672
185 798
314 310
314 629
672 310
672 314
672 798
186 310
187 181
188 310
190 310
192 310
193 65
195 310
196 310
197 395
198 310
201 310
202 263
202 310
202 433
202 667
263 310
433 263
433 310
433 667
204 310
205 310
206 86
206 310
206 736
207 310
210 251
251 310
211 310
212 310
213 310
214 310
215 310
216 142
216 183
216 310
216 391
217 310
218 310
223 310
223 374
223 529
374 529
529 310
225 310
227 310
229 310
231 310
232 310
232 434
233 310
234 310
236 310
237 310
238 310
243 310
245 310
246 523
246 655
523 310
655 310
655 523
248 102
248 310
248 531
531 102
531 310
250 344
250 593
344 593
593 310
254 310
254 441
441 310
441 686
256 310
256 320
256 499
256 197
256 703
256 286
320 310
320 197
320 703
320 286
499 310
499 320
257 310
260 780
261 310
262 602
262 663
602 310
602 663
264 310
265 310
265 675
265 679
675 310
266 310
268 310
268 421
268 662
421 310
421 662
662 310
269 310
270 310
275 310
276 310
277 310
277 410
278 104
278 310
278 723
284 310
287 310
288 210
288 251
288 310
292 432
432 310
293 310
295 310
296 310
298 310
301 310
304 310
308 310
309 310
309 498
309 700
498 700
700 310
431 310
311 310
311 385
311 555
555 385
313 310
629 310
315 310
317 310
317 489
317 779
317 107
489 310
489 779
489 107
318 310
319 310
321 310
322 310
322 482
322 514
482 310
482 514
323 255
325 310
326 265
326 310
326 679
328 310
329 310
329 378
378 310
378 621
330 310
331 310
331 691
691 310
332 310
333 310
334 310
335 310
336 310
338 310
339 310
340 310
341 310
342 310
343 310
343 564
345 243
345 310
346 310
347 310
347 662
347 85
348 310
349 310
350 76
353 310
354 310
357 310
360 310
361 310
363 310
364 310
365 310
366 310
367 310
368 292
368 432
371 119
371 310
379 310
380 510
380 516
516 310
516 510
381 310
382 310
382 378
382 584
584 310
584 378
584 621
383 330
383 661
661 310
661 330
384 1
384 310
384 452
384 621
386 621
386 648
386 310
621 310
648 310
648 621
387 310
389 310
390 310
391 310
391 396
391 455
396 310
396 255
455 310
455 396
393 561
561 310
394 310
398 310
399 310
400 290
400 654
400 686
290 686
654 290
654 310
401 399
401 183
401 23
402 310
402 422
402 456
402 23
422 310
422 456
456 310
456 23
403 310
404 310
405 310
406 310
408 310
409 310
413 310
414 76
414 350
415 310
415 582
415 761
761 582
418 310
420 172
420 310
420 488
488 172
423 310
424 310
425 310
426 310
427 399
427 401
427 183
427 23
429 310
430 310
435 310
436 310
437 310
439 441
439 492
492 310
492 441
442 310
443 310
443 600
600 310
444 255
444 323
446 653
653 310
447 310
447 699
699 310
699 634
699 681
450 319
451 23
451 310
451 358
453 310
454 310
457 310
458 300
458 310
458 480
480 300
480 310
459 310
460 310
461 224
462 706
462 728
706 310
706 62
728 310
728 706
728 62
463 310
464 310
465 393
465 561
466 475
475 310
467 438
468 310
469 243
469 345
470 139
470 566
566 139
471 310
471 319
471 450
472 515
473 310
474 310
477 310
478 310
478 693
693 278
479 310
484 310
485 224
485 461
486 310
493 310
494 310
495 310
496 310
500 310
501 310
502 72
502 742
502 250
72 250
742 72
503 310
505 310
505 670
505 485
506 310
507 310
507 533
507 565
533 565
508 39
508 310
508 747
509 140
509 220
511 310
517 310
518 310
520 310
521 310
522 310
524 310
525 310
527 310
528 343
528 564
530 0
530 776
0 183
776 0
776 310
776 183
537 392
539 96
539 310
539 312
539 422
540 310
542 466
542 475
543 310
544 310
545 310
548 310
550 310
552 310
556 310
556 533
558 310
560 310
562 19
562 310
562 370
564 24
564 91
564 310
564 391
564 123
564 471
567 343
567 528
568 310
569 310
573 310
574 310
575 310
578 310
583 310
587 310
588 304
588 310
588 709
709 304
589 310
594 310
594 327
595 310
596 310
597 310
597 347
597 756
597 662
756 310
756 347
756 85
599 310
601 310
605 310
606 310
607 310
608 310
612 310
613 310
614 310
624 310
625 123
625 283
626 197
626 310
626 395
630 310
631 310
632 478
632 693
632 278
634 310
634 681
681 310
636 310
639 310
641 310
642 310
643 310
643 431
644 310
646 310
647 232
647 434
649 310
651 310
652 310
652 366
652 655
656 310
657 299
657 310
657 765
657 253
299 253
765 299
658 237
658 310
659 310
660 268
660 310
665 242
665 798
665 85
242 85
798 242
798 310
666 438
666 467
667 310
667 472
667 515
669 310
669 556
669 533
673 310
674 310
674 505
674 485
676 446
676 653
677 310
678 310
680 310
682 37
682 40
683 310
684 310
685 365
685 753
753 310
753 365
686 310
686 744
686 781
781 310
688 310
692 310
697 310
698 310
698 408
701 310
702 310
703 129
703 310
703 758
758 129
707 310
708 310
710 310
711 310
713 310
715 65
715 193
718 310
720 310
721 310
722 310
724 310
725 277
725 310
725 410
726 9
726 310
726 541
727 181
727 187
727 310
730 310
732 310
732 327
732 594
733 310
734 170
734 244
734 310
735 87
735 310
735 762
737 310
738 310
738 312
738 539
738 422
740 310
746 392
746 537
748 310
752 260
752 780
754 85
754 310
757 310
760 310
763 310
764 310
768 505
768 674
768 670
771 310
772 310
773 310
774 310
775 310
777 310
778 310
782 310
785 310
786 310
787 310
789 237
789 658
790 310
793 310
795 310
796 310
797 310
799 310
