0 89
0 180
0 191
89 180
89 12
89 159
180 10
180 125
180 116
180 12
180 127
180 61
180 183
180 110
180 44
180 143
180 159
180 198
180 47
180 164
180 100
180 175
180 15
180 52
180 84
180 134
180 189
191 180
1 4
1 180
1 116
4 65
4 92
4 116
4 180
4 119
2 58
2 65
2 146
2 192
58 10
58 180
65 92
65 111
65 180
65 119
146 180
146 12
192 180
3 17
3 180
3 78
17 180
92 180
116 80
116 100
116 180
6 49
6 146
6 180
49 33
49 180
7 3
7 180
8 61
8 89
8 160
8 180
61 180
160 57
160 180
9 180
11 74
11 180
11 52
74 87
74 119
74 178
74 180
74 52
12 43
12 153
12 180
43 25
43 180
43 175
153 51
153 180
13 180
14 15
14 89
14 169
14 180
14 189
15 20
15 180
169 180
169 183
20 180
20 143
16 180
16 150
18 180
19 180
19 110
21 77
21 105
21 149
21 180
77 110
77 163
77 180
105 16
105 61
105 118
105 135
105 180
149 77
149 180
22 50
22 148
22 180
50 180
148 180
23 180
24 167
24 180
24 61
167 180
25 78
25 131
25 180
25 175
25 110
78 51
78 131
78 180
78 191
78 125
131 77
131 89
131 180
131 193
131 159
131 110
26 180
27 17
27 19
27 100
27 180
27 185
27 110
100 180
185 100
28 180
33 180
35 42
35 81
35 180
35 126
42 39
42 180
81 180
81 126
36 151
36 180
151 180
37 180
38 27
38 163
38 180
163 180
39 180
41 180
44 180
44 84
45 15
45 57
45 180
45 44
57 180
57 191
46 17
46 180
46 198
47 147
47 180
147 180
48 111
111 180
51 32
51 180
51 116
51 141
32 92
52 102
52 145
52 180
102 180
145 180
145 15
54 89
54 111
54 175
54 180
175 180
55 80
55 180
80 180
80 38
56 96
56 180
96 12
96 61
96 159
96 180
96 164
59 39
59 180
59 52
60 180
63 180
64 8
64 41
64 57
64 180
64 191
64 175
64 135
66 180
67 180
70 180
72 180
72 196
196 80
196 171
196 180
87 15
87 28
87 80
119 1
119 4
119 171
119 180
178 45
178 180
76 22
76 180
76 187
187 180
110 44
110 180
82 80
82 180
82 21
82 149
83 110
83 153
83 162
83 180
83 111
162 180
162 192
162 111
84 180
84 197
197 80
197 180
85 2
85 15
85 80
85 142
85 38
142 46
142 80
142 180
88 176
88 180
88 159
88 134
176 106
176 148
176 180
90 32
90 51
90 180
90 92
93 180
159 17
159 45
159 57
159 180
99 44
99 103
99 180
103 35
103 180
101 17
101 180
104 180
104 110
135 118
106 60
106 155
106 180
106 46
155 129
155 180
155 46
107 19
107 81
107 180
112 180
112 196
114 55
114 162
114 164
114 180
164 64
164 123
164 180
115 44
115 180
171 51
171 149
171 180
171 44
171 141
123 57
123 64
123 180
123 135
124 180
125 15
125 59
125 105
125 180
126 163
126 180
126 184
126 188
184 141
184 180
188 43
188 180
127 124
127 140
140 116
140 124
140 180
140 196
129 16
129 161
129 180
161 16
161 20
161 33
161 112
161 180
161 150
130 39
130 157
130 180
130 100
157 93
157 180
193 48
193 111
193 116
193 180
193 196
132 12
132 74
132 141
132 180
132 47
141 129
141 180
134 92
134 180
137 61
137 67
137 93
137 96
137 130
137 180
138 3
138 51
138 180
138 78
139 80
139 180
143 63
143 104
143 180
144 44
144 82
144 148
144 180
144 21
144 149
150 55
150 66
150 172
150 180
150 193
172 66
154 180
156 180
166 80
166 180
173 55
173 114
177 51
177 84
177 180
177 197
177 127
181 180
182 119
182 159
182 180
183 41
183 180
183 192
186 11
186 180
189 27
189 101
189 180
190 57
190 180
194 180
194 183
195 44
195 60
195 116
195 180
195 61
198 57
198 180
199 27
199 55
199 126
199 180
