0 258
258 795
258 998
258 908
258 805
258 838
258 882
258 884
258 220
258 604
258 886
258 510
258 38
258 92
258 227
258 231
258 974
258 275
258 119
258 109
258 765
258 691
258 486
258 102
258 782
258 237
258 198
258 767
258 432
258 471
258 526
258 981
258 39
258 53
258 639
258 36
258 964
258 550
258 701
258 847
1 88
1 258
88 258
88 510
2 258
2 974
974 258
3 258
3 915
915 258
915 728
915 838
4 258
5 258
7 239
7 258
7 350
7 363
7 366
239 258
239 366
239 661
239 908
350 258
350 479
350 756
363 258
363 432
363 843
366 258
8 258
8 46
9 258
10 258
11 258
11 501
11 784
501 258
784 258
12 258
14 258
15 258
16 258
17 258
18 258
18 452
18 760
18 800
452 760
760 258
800 258
19 258
19 524
524 258
20 258
20 418
20 526
418 258
21 258
22 202
22 258
202 258
202 524
23 258
24 258
26 258
27 258
28 258
29 258
31 258
31 931
931 199
931 258
931 467
32 258
32 825
825 258
825 967
34 258
34 559
34 787
34 102
559 258
787 258
35 258
36 258
36 789
36 970
789 258
970 258
38 59
38 258
39 258
39 700
39 747
39 762
700 258
747 258
40 73
40 220
40 258
40 661
40 666
40 684
73 258
220 258
661 258
684 190
684 258
684 262
684 666
41 258
42 258
42 998
43 258
45 20
45 258
47 258
48 258
49 258
51 104
51 258
104 258
52 258
53 258
55 258
55 418
56 258
57 258
58 258
60 258
60 354
60 782
354 258
782 258
782 908
61 258
62 258
62 498
498 258
63 258
65 258
66 258
66 460
460 258
67 535
67 569
67 626
67 756
535 258
535 301
569 258
569 237
626 80
626 258
756 258
68 66
68 258
69 258
70 258
70 701
71 258
71 532
532 258
74 97
74 258
74 741
97 258
741 258
741 967
75 258
76 258
76 378
76 446
76 569
378 258
446 258
77 258
78 258
80 258
80 974
82 258
84 258
84 418
85 258
86 258
86 663
663 258
87 258
510 258
89 258
90 258
92 99
92 258
99 258
93 258
93 660
660 258
94 258
95 258
96 258
98 207
98 258
98 343
343 207
343 258
343 410
100 258
100 782
101 258
102 258
102 498
103 89
103 258
105 258
106 258
107 258
108 258
109 258
109 877
877 258
877 884
111 258
112 258
113 258
113 532
114 251
114 258
251 258
251 740
251 892
115 258
116 258
117 258
117 486
486 258
118 258
118 473
118 620
473 214
473 258
473 635
620 258
119 258
120 258
121 258
121 854
854 258
122 258
122 947
122 967
947 258
947 967
123 258
124 258
125 258
125 442
125 810
442 258
810 258
127 0
127 258
128 258
128 300
128 998
128 805
128 119
300 258
998 163
998 257
998 258
998 392
129 258
129 969
969 258
130 258
133 227
133 234
133 258
133 618
133 951
227 258
227 462
227 618
227 998
234 258
618 258
618 462
951 258
951 332
134 258
135 258
136 258
137 258
138 258
139 258
140 258
141 258
141 996
996 258
142 258
143 258
143 584
584 258
144 258
144 836
836 258
145 258
145 271
271 258
271 470
146 1
146 88
146 258
147 140
147 258
147 315
147 231
315 258
315 882
148 258
149 258
149 795
795 258
795 893
795 198
150 258
151 258
152 258
153 8
153 258
153 46
153 550
154 258
155 258
157 258
158 258
160 258
161 258
162 691
162 770
162 141
691 770
770 258
770 141
163 258
163 39
164 258
165 258
166 258
167 258
168 258
169 258
169 38
170 258
170 307
170 438
307 258
438 258
171 258
172 258
173 258
174 258
175 258
178 258
178 775
179 258
180 258
181 258
181 459
459 46
459 258
459 510
459 758
459 550
183 258
183 636
636 258
184 258
185 258
185 433
433 258
186 20
186 258
186 527
186 692
527 258
527 795
692 258
187 186
187 258
187 886
886 258
188 258
188 671
671 258
189 258
190 258
191 258
192 258
192 550
550 258
194 258
194 390
194 486
390 258
195 258
195 661
196 258
197 258
198 258
198 988
988 258
988 361
199 258
199 467
200 258
201 43
201 247
201 258
201 998
247 258
204 258
205 258
208 258
208 639
211 258
211 460
212 258
213 258
214 258
217 258
218 258
219 258
221 258
221 557
221 888
557 258
888 557
224 258
224 742
742 258
742 969
225 258
225 602
225 796
602 258
602 796
226 258
462 258
462 936
228 258
229 258
229 766
766 70
766 258
230 258
231 11
231 78
231 258
231 451
451 258
451 994
233 258
235 258
235 354
236 258
237 258
238 258
238 350
240 258
241 202
241 258
241 524
243 258
245 258
245 416
245 553
416 258
553 258
248 258
248 281
248 314
281 258
281 314
314 233
314 258
249 258
892 100
892 258
892 597
892 740
252 164
252 230
252 258
253 258
254 258
254 650
650 258
255 258
256 258
256 595
595 258
257 258
257 392
257 854
392 258
392 873
392 684
259 258
259 561
561 258
260 258
260 284
260 297
260 496
284 258
284 448
297 258
496 258
496 297
261 258
262 258
263 258
264 258
265 258
265 972
972 258
972 311
267 258
268 258
269 258
270 258
470 258
272 123
272 258
272 363
272 432
432 258
273 258
273 997
273 36
997 258
274 258
275 258
275 626
276 258
276 261
277 258
278 163
278 258
279 258
280 58
280 258
282 258
283 258
448 258
285 346
285 368
346 227
346 258
346 368
368 258
286 258
287 258
288 258
289 228
289 258
289 231
290 258
290 510
291 192
291 258
291 815
291 92
815 192
815 258
292 258
293 258
293 701
293 709
701 258
701 290
701 709
295 258
296 258
296 328
296 956
328 9
328 258
328 352
328 471
956 258
298 258
299 258
299 354
299 838
299 889
838 258
838 728
889 258
889 810
301 258
303 258
304 258
305 258
308 258
308 852
309 258
310 258
310 616
616 258
311 258
312 258
312 577
312 641
577 258
577 641
313 258
316 258
317 258
317 305
318 258
319 258
320 258
321 258
321 442
322 258
323 258
324 258
325 843
325 967
843 258
843 967
843 765
967 258
967 317
326 258
327 258
327 527
327 732
732 258
732 471
352 258
330 258
330 532
330 975
975 258
331 258
332 258
333 140
333 258
334 258
335 258
336 258
337 253
337 258
338 70
338 258
339 258
340 258
340 732
341 258
341 872
341 961
872 258
961 258
342 258
342 882
882 258
882 494
410 258
410 886
410 109
410 691
345 46
345 459
345 758
345 550
347 258
348 258
349 258
349 395
349 473
395 258
479 258
351 258
353 258
353 330
353 667
353 989
353 220
667 258
989 258
989 418
356 258
358 258
359 258
360 258
361 258
362 258
364 258
365 258
367 258
367 839
839 258
839 275
370 258
371 258
372 258
373 258
374 258
374 877
375 258
377 160
377 258
379 258
381 598
598 258
383 258
384 258
384 303
385 258
386 258
387 158
387 258
388 258
389 258
391 258
391 365
391 816
816 258
816 375
873 258
873 684
393 21
393 258
393 424
424 21
424 258
424 704
394 258
396 258
397 258
399 258
400 258
402 258
402 602
403 258
404 258
404 658
658 258
405 258
406 258
408 258
409 258
411 258
413 233
413 258
413 513
513 258
415 2
415 258
415 316
415 784
417 258
419 258
420 258
420 317
420 386
420 884
884 258
421 258
422 258
422 598
423 166
423 258
704 258
425 228
425 258
425 289
426 102
426 258
427 258
427 946
946 258
428 258
428 822
428 886
822 114
822 258
429 258
430 258
431 258
435 258
436 258
437 258
437 969
439 258
439 642
642 258
642 847
440 163
440 258
440 278
441 167
441 258
444 258
445 258
447 221
447 258
449 258
449 468
468 258
450 258
450 954
954 258
994 92
994 99
994 258
994 432
453 17
453 39
453 258
453 667
453 762
454 258
454 749
749 258
456 258
457 57
457 258
457 102
458 258
461 258
463 258
464 258
465 258
466 258
469 258
471 140
471 258
472 258
472 692
635 214
635 258
475 258
476 196
476 258
477 258
478 258
480 119
480 258
480 537
480 850
537 258
537 849
850 258
481 258
482 258
483 258
484 258
485 149
485 179
485 258
487 258
488 237
488 258
490 258
492 258
493 258
493 403
493 990
493 604
990 258
494 258
499 194
499 258
499 541
541 258
500 258
502 258
504 258
505 220
505 258
506 258
506 308
506 511
506 990
506 852
506 275
511 258
507 229
507 258
507 998
508 220
508 258
508 505
509 258
509 887
887 258
512 108
512 258
514 410
514 547
547 258
547 410
516 258
517 258
518 258
519 258
519 323
520 258
521 258
521 568
568 20
568 258
568 323
568 790
522 258
523 258
525 258
525 618
526 169
526 258
526 767
528 830
830 258
529 258
530 258
531 258
533 258
534 258
534 602
536 258
849 258
539 245
539 258
542 258
545 258
545 464
546 258
549 153
554 38
554 59
554 258
556 258
556 795
558 258
558 695
695 89
695 258
560 236
560 258
562 258
563 153
563 258
563 549
564 258
566 258
567 258
790 20
570 258
570 884
572 258
573 258
574 258
574 951
575 258
575 296
575 328
576 258
576 734
734 258
578 258
579 258
580 258
581 258
583 258
585 188
585 258
585 433
586 258
586 919
919 189
919 258
587 258
588 258
588 999
999 258
590 258
591 258
591 613
613 258
592 258
592 478
592 621
592 653
621 653
653 258
593 258
596 258
597 258
599 258
600 258
601 258
601 510
601 818
818 258
603 258
603 941
941 258
941 523
604 258
604 360
604 708
708 258
708 596
708 782
605 258
605 848
848 258
607 258
609 258
612 80
612 235
612 258
612 626
615 258
617 258
617 411
617 838
619 258
622 258
622 333
623 258
625 258
627 258
628 258
628 386
628 420
629 11
629 231
629 258
631 258
631 619
632 258
634 258
637 258
638 23
638 258
639 122
639 258
639 764
639 947
764 185
764 258
764 359
640 258
640 278
640 885
885 258
643 258
645 258
648 258
649 258
649 303
652 258
654 258
655 258
655 308
655 506
656 258
657 258
659 230
659 258
662 258
662 312
662 626
664 258
664 537
664 849
664 850
665 258
669 258
672 258
673 102
673 258
673 498
675 258
676 258
677 258
678 258
680 109
680 258
680 877
682 258
682 341
682 961
686 258
686 607
688 101
688 258
689 258
690 258
693 258
694 178
694 258
696 258
697 258
697 439
697 642
698 258
698 761
761 258
699 258
702 258
703 258
705 258
706 258
706 464
707 258
710 258
710 996
712 258
714 258
714 513
715 258
716 258
717 258
718 258
720 64
720 258
720 871
871 64
871 88
871 104
871 258
722 258
723 258
725 258
726 258
728 2
728 258
729 258
730 258
731 258
735 258
736 113
736 258
737 258
737 462
738 258
739 258
739 923
923 258
743 415
743 784
744 258
745 258
745 795
750 253
750 258
751 516
752 258
752 385
753 258
753 915
755 258
755 381
755 598
758 258
758 795
758 798
758 938
798 938
938 258
759 258
763 97
763 106
763 258
765 48
765 201
765 258
765 304
767 258
767 321
767 599
767 893
893 258
893 599
768 258
771 241
771 258
772 258
773 258
774 258
777 258
780 258
780 332
780 418
781 258
781 702
908 11
908 258
908 561
908 596
783 258
786 258
788 258
788 585
791 258
792 53
792 258
793 258
794 258
794 764
799 258
799 462
799 936
801 258
802 104
802 258
803 258
804 258
804 330
804 975
805 208
805 258
806 258
807 258
808 258
808 471
809 258
811 258
812 258
813 258
814 258
817 258
821 258
823 258
824 258
826 258
827 258
827 587
828 258
829 258
832 42
832 178
832 258
832 775
832 998
834 189
834 258
835 258
837 258
840 258
842 258
844 196
844 258
846 258
847 258
847 526
847 569
851 258
851 591
852 258
852 531
853 258
853 752
855 258
855 546
856 69
856 258
859 258
859 426
860 76
860 258
860 795
860 53
862 258
864 258
865 258
866 258
867 258
868 258
869 258
869 423
869 521
874 258
875 258
875 956
876 258
878 258
879 258
880 258
883 258
890 258
891 258
891 437
891 969
894 258
894 284
894 448
895 258
897 258
899 258
900 258
900 643
901 258
901 343
901 567
902 258
903 258
904 258
905 258
906 258
906 528
906 830
907 258
910 258
911 258
913 258
914 258
914 411
916 258
917 258
918 258
921 258
922 258
922 318
924 258
925 258
926 258
928 258
930 258
932 258
932 324
932 227
933 258
935 258
939 258
942 258
942 856
942 987
987 174
987 258
987 992
944 258
945 258
945 782
945 908
948 258
948 441
953 258
953 643
957 258
958 258
959 258
962 258
963 258
964 258
964 704
966 208
966 258
966 945
971 258
973 258
977 258
978 258
978 311
979 516
979 751
981 174
981 243
981 258
981 964
982 258
983 258
986 258
986 342
986 882
986 981
992 258
991 258
991 998
993 258
995 258
