0 188
0 407
188 487
188 526
188 597
188 301
188 676
188 494
188 661
188 911
188 788
188 733
188 309
188 263
188 448
188 478
188 197
188 539
188 445
188 759
188 23
188 495
188 951
188 967
188 243
188 407
188 525
188 231
188 694
407 188
1 188
2 188
3 188
4 188
6 167
6 188
6 553
6 448
167 188
167 553
553 448
8 188
9 188
9 231
9 541
541 188
10 81
10 188
10 894
81 188
81 894
11 188
11 718
11 929
11 725
11 942
718 188
929 718
929 725
929 942
14 188
16 188
17 188
18 188
18 274
18 738
274 188
274 738
738 188
20 493
20 907
907 188
907 493
21 188
23 188
23 580
23 702
702 188
702 580
25 119
25 742
119 188
119 742
742 188
26 188
26 327
26 958
327 188
958 327
29 188
30 13
30 188
31 62
31 188
31 815
815 188
32 188
34 651
34 873
651 873
873 188
35 911
36 188
36 694
36 715
36 774
694 188
694 715
694 901
715 188
715 774
37 188
37 661
37 939
939 188
939 661
38 188
39 188
39 201
39 197
201 188
40 188
41 188
43 537
43 877
43 197
537 197
877 188
877 537
44 9
44 231
45 188
46 188
47 188
47 260
47 548
260 188
548 260
50 188
51 188
51 243
51 301
51 478
243 70
243 188
52 188
52 370
52 488
370 188
488 188
53 188
54 188
54 838
838 188
838 788
838 539
55 188
55 400
55 767
400 188
767 400
57 188
60 51
60 607
607 51
607 188
607 636
61 188
64 188
65 188
66 188
66 994
68 825
68 597
825 597
69 188
70 188
71 188
73 188
74 188
75 188
75 657
657 188
77 188
77 461
77 582
77 460
461 188
461 460
582 461
79 240
79 765
240 188
240 765
765 188
80 188
83 188
84 188
84 442
84 813
84 526
813 188
813 442
85 93
85 119
93 188
93 119
86 188
87 278
87 605
278 188
278 605
605 188
88 188
89 188
90 188
94 559
94 689
94 957
689 559
689 957
95 188
96 299
96 839
299 839
97 128
97 864
128 188
128 864
864 188
100 188
100 611
100 398
611 188
611 398
101 188
102 188
103 27
103 131
103 188
103 351
131 27
351 188
104 188
104 675
104 823
104 332
675 188
675 823
675 332
823 188
105 188
105 785
105 997
785 188
997 785
107 188
107 206
107 791
107 23
206 188
791 188
791 206
108 188
111 188
112 188
114 188
115 188
120 940
940 188
122 188
123 115
123 188
123 911
125 188
129 61
129 188
129 733
130 188
132 188
134 238
134 414
238 188
414 238
135 188
137 188
137 448
448 188
138 188
139 188
141 188
141 509
141 563
509 188
509 563
509 494
563 188
563 407
143 188
144 188
144 439
145 188
146 188
147 188
148 495
149 188
149 589
589 188
150 188
151 188
151 195
151 555
195 555
152 188
152 433
153 188
154 188
156 188
157 783
158 188
160 188
161 188
162 188
162 445
163 92
163 188
163 471
92 471
169 188
170 188
170 714
171 188
172 188
174 3
175 188
178 889
889 188
180 188
182 188
183 188
183 884
884 188
184 188
184 151
185 188
189 188
190 188
191 577
577 188
193 188
196 188
197 162
197 188
197 308
197 840
197 843
308 188
840 188
840 301
840 406
840 967
843 162
843 188
198 188
200 188
202 188
202 848
848 188
205 188
207 188
209 245
209 885
245 188
245 885
210 188
212 188
213 188
217 486
217 933
486 933
933 188
220 188
222 188
223 188
227 188
228 188
229 172
229 956
956 172
232 279
232 540
540 279
233 188
234 188
234 668
668 188
235 188
236 188
236 420
239 188
239 851
851 188
242 188
242 653
242 681
653 188
653 681
681 188
244 188
246 188
248 211
248 904
904 211
249 188
250 188
253 188
253 525
525 188
254 22
254 188
254 505
505 22
505 188
255 188
255 897
897 188
897 661
897 495
256 188
256 886
257 188
258 307
258 566
566 188
566 307
566 503
259 188
259 249
262 188
263 188
263 705
263 800
705 800
705 653
800 653
265 188
265 425
265 477
265 760
265 823
425 188
425 769
425 905
425 823
477 188
477 760
760 188
760 733
268 188
269 188
269 280
270 188
271 188
271 643
272 188
273 158
277 188
281 171
281 188
281 648
648 171
284 107
284 188
286 188
287 188
288 188
289 188
292 188
294 188
294 558
295 188
295 241
295 879
879 188
879 241
297 188
298 188
298 257
298 561
561 188
561 257
301 188
303 188
304 188
306 188
309 188
309 721
309 942
309 477
721 188
721 942
721 263
721 477
310 744
310 850
744 188
850 744
850 188
311 188
312 188
317 188
318 512
318 899
512 188
512 899
512 295
899 188
899 295
320 188
321 975
975 188
323 188
323 865
865 188
326 866
328 188
329 269
329 280
331 188
332 178
332 889
333 188
333 341
341 188
334 188
336 188
337 188
338 188
339 188
340 378
340 519
378 188
519 188
519 378
343 188
345 0
345 188
345 407
347 31
347 62
347 188
348 188
348 668
350 188
352 188
352 369
369 188
354 188
354 488
355 188
355 323
355 865
356 188
357 188
361 188
362 188
363 77
363 188
363 636
363 676
636 188
364 188
365 188
367 188
368 188
371 188
372 188
373 188
374 188
375 68
375 188
375 825
376 301
376 840
376 406
377 188
379 188
380 188
381 188
382 283
382 527
382 188
283 188
527 188
527 283
383 188
384 188
385 188
386 271
386 643
387 525
389 827
389 857
827 188
827 759
857 188
857 827
390 188
391 654
391 826
654 188
826 654
392 188
393 294
393 558
396 188
397 188
398 149
398 589
399 188
401 126
401 188
402 188
403 188
404 188
404 363
405 188
405 595
405 870
595 870
406 120
406 188
406 940
411 188
413 188
413 658
417 219
417 597
597 188
597 219
418 139
418 188
418 295
418 719
419 61
419 129
421 188
423 188
424 188
769 188
769 905
426 188
427 188
430 188
432 188
435 188
436 188
437 188
438 188
438 975
440 188
441 188
441 402
443 188
444 304
445 188
445 549
549 188
549 525
446 188
447 188
449 39
449 671
449 197
671 39
671 188
450 47
450 188
450 243
451 188
453 188
454 603
603 188
456 188
456 256
456 886
457 66
457 994
458 188
458 970
970 188
460 107
460 188
465 71
466 188
466 621
466 909
909 188
909 621
467 188
469 172
469 188
471 188
471 854
854 188
472 523
473 723
473 976
723 188
723 976
475 52
475 488
476 183
476 188
478 188
478 618
478 868
618 188
868 188
868 618
868 933
868 231
483 188
485 188
489 188
489 494
489 910
494 188
494 910
910 188
490 188
491 188
496 188
497 188
498 326
498 866
500 188
501 239
501 851
502 188
503 188
503 359
359 573
506 188
506 733
733 188
508 188
510 188
513 188
514 188
515 188
515 373
516 188
517 188
518 188
518 371
520 188
520 957
522 188
524 188
524 812
812 188
526 454
526 603
529 188
529 611
530 188
531 188
531 365
532 188
535 188
536 188
538 188
539 152
539 188
539 433
542 300
544 188
546 188
551 188
554 188
556 3
556 174
557 188
565 592
592 188
570 74
570 573
573 74
573 188
571 188
571 620
571 891
620 188
620 891
891 188
572 188
572 625
625 188
574 188
575 188
575 827
576 188
578 186
579 157
579 783
581 188
583 188
583 315
584 186
584 578
585 188
586 188
587 35
587 911
590 188
591 188
594 233
594 770
770 233
596 284
596 598
598 284
599 369
599 639
639 369
600 188
602 188
604 188
604 715
606 188
608 188
609 188
610 188
610 637
610 824
610 820
610 951
637 188
824 637
824 820
612 759
759 188
613 188
615 188
617 188
617 740
617 786
740 188
786 188
786 740
622 188
624 188
628 188
629 188
630 188
632 188
633 188
633 821
633 946
821 946
634 188
640 137
640 188
640 448
640 309
641 188
641 208
641 780
780 188
780 208
642 188
642 359
642 503
642 573
644 188
645 188
649 183
649 188
649 476
649 786
649 847
847 188
650 292
652 77
652 188
659 188
662 188
664 188
665 188
667 188
669 188
676 104
676 188
676 612
676 759
676 197
678 145
678 188
679 188
679 357
682 188
683 188
685 188
686 188
686 472
686 523
688 188
690 188
690 458
690 970
692 188
693 188
901 188
901 487
695 96
695 188
695 299
696 188
698 606
699 126
699 188
699 401
700 188
701 188
701 348
701 896
896 188
896 348
896 448
704 16
706 188
707 188
708 188
711 188
716 188
719 188
719 725
719 979
725 188
725 979
979 188
979 694
722 188
724 188
726 188
727 188
728 188
728 989
989 188
729 188
730 188
731 256
731 456
734 188
735 188
735 413
735 658
736 304
736 444
737 184
737 188
737 820
737 151
820 184
741 188
747 188
747 951
748 188
749 101
749 188
750 188
752 606
752 698
754 188
755 188
758 100
758 611
761 188
762 188
764 188
766 188
768 188
768 478
771 188
772 188
772 357
772 679
772 676
774 101
774 188
774 749
775 188
778 188
779 45
781 188
787 188
788 80
788 188
788 926
926 80
926 188
789 188
790 188
792 188
793 188
795 188
797 438
797 871
797 975
871 188
871 438
798 188
799 188
801 188
802 387
802 525
804 188
805 115
805 123
805 188
806 188
807 188
808 188
810 188
811 188
814 188
817 306
818 3
818 188
822 188
829 188
830 188
833 188
835 188
835 292
835 650
836 188
837 188
839 188
839 944
839 964
944 188
964 944
841 188
844 188
845 188
853 92
853 163
853 188
855 418
855 955
955 188
955 418
955 295
955 719
856 615
856 967
967 188
967 615
858 144
858 439
859 188
859 321
859 510
859 975
863 188
867 78
869 188
872 188
875 188
876 188
878 188
880 188
881 188
882 188
886 565
886 592
887 188
888 925
888 982
888 701
925 701
982 925
890 188
890 837
890 912
912 837
892 188
892 735
892 597
895 188
895 191
895 577
898 78
898 188
898 867
902 158
902 188
902 273
906 276
908 188
915 188
917 188
918 188
918 236
918 420
919 188
919 255
919 897
920 150
920 170
920 188
920 714
922 148
922 188
922 495
924 188
927 13
927 30
930 188
932 188
932 445
932 549
934 188
934 276
934 906
936 306
936 817
938 188
938 520
938 957
941 188
945 45
945 188
945 779
948 188
952 188
953 188
953 300
953 542
957 188
957 363
957 404
959 188
960 188
962 16
962 704
965 71
965 465
966 188
968 188
969 188
972 188
973 747
973 951
977 188
978 188
981 85
981 93
981 188
984 188
985 188
986 188
987 188
990 188
998 315
998 583
999 188
