0 156
156 177
156 559
156 414
156 503
156 607
156 612
156 439
156 543
156 549
156 110
156 119
156 151
156 640
156 22
156 415
156 391
156 639
1 156
3 156
4 156
4 694
694 156
694 408
6 156
8 156
10 156
13 156
14 688
688 156
15 30
15 156
30 156
16 156
17 156
17 408
17 694
17 559
18 539
18 554
18 421
539 156
539 628
539 421
554 156
554 539
19 258
21 614
614 156
22 156
23 197
197 684
25 269
25 439
269 156
269 439
439 156
439 573
26 156
28 156
29 272
29 327
272 156
272 327
272 591
272 620
327 156
31 156
33 156
34 640
640 156
35 160
35 445
160 156
160 445
160 391
445 156
445 224
38 156
38 257
257 156
39 662
39 715
662 156
715 662
41 789
41 655
42 151
151 156
44 7
44 366
366 7
366 156
46 156
48 127
48 156
127 156
49 199
199 156
199 362
199 448
51 156
51 295
51 691
295 691
52 740
53 156
54 21
54 156
54 614
55 156
55 308
55 564
308 564
57 172
57 784
172 156
784 172
62 156
64 156
64 607
65 247
65 690
690 247
67 37
67 156
68 127
68 142
68 156
142 127
142 156
69 156
70 156
71 80
73 156
73 739
73 287
739 156
739 493
739 287
75 195
75 658
195 156
77 685
81 76
81 339
339 76
83 156
83 303
83 733
303 733
84 156
84 489
84 616
489 616
85 156
86 156
87 156
91 156
91 391
391 156
92 407
92 602
407 602
602 156
94 156
95 156
97 190
97 292
292 190
98 156
99 156
99 442
99 676
442 156
676 442
100 244
100 300
100 281
244 156
244 300
244 281
300 156
101 414
414 156
102 156
102 168
102 623
623 156
623 168
103 88
103 156
103 188
188 88
105 156
106 156
110 156
112 156
112 167
112 732
167 732
732 156
732 397
113 130
113 332
332 130
332 156
114 156
115 592
115 652
592 652
122 156
126 156
128 156
129 156
132 156
133 156
134 56
134 156
134 474
474 56
474 156
474 200
135 156
135 760
135 778
760 156
760 332
778 760
139 156
140 156
144 210
144 712
144 359
210 712
210 359
712 156
147 156
149 156
149 632
150 156
154 49
154 199
157 156
162 156
162 393
393 156
163 156
163 719
719 156
164 156
164 647
166 156
169 290
169 565
290 565
565 156
170 156
171 156
173 156
175 502
178 0
178 156
178 331
331 0
331 156
180 156
183 86
184 156
184 119
185 156
186 156
186 766
766 156
187 756
756 156
189 156
189 532
189 534
532 95
532 156
532 237
534 156
191 156
193 397
397 156
198 156
198 281
198 593
281 156
281 414
593 281
362 156
448 34
448 156
448 640
448 110
200 156
201 156
205 156
205 381
206 156
206 649
649 156
207 141
207 156
208 156
209 12
209 156
209 614
211 156
213 90
214 108
214 497
497 108
497 156
215 9
215 156
215 409
9 183
409 156
216 26
216 156
216 467
217 156
220 156
220 224
224 156
223 32
225 156
226 156
227 717
227 493
230 224
231 364
231 783
364 98
364 156
364 783
232 156
233 156
234 156
234 233
236 156
237 156
238 156
238 317
238 400
317 400
317 350
400 350
242 156
242 198
242 471
242 759
759 156
759 471
243 156
243 309
243 431
431 309
245 156
246 686
246 768
686 156
768 156
768 686
248 156
249 46
249 156
249 181
249 781
249 503
249 623
781 156
781 181
781 623
250 156
251 2
251 367
367 2
253 101
253 414
255 59
255 454
454 59
454 140
454 156
260 156
260 387
261 156
262 156
264 156
265 349
265 736
349 736
736 156
736 522
268 156
270 156
271 156
591 156
591 527
620 156
277 156
277 211
277 572
572 156
279 313
279 418
418 313
282 156
282 516
282 671
671 516
283 156
284 156
284 767
767 156
285 28
285 156
286 156
287 156
287 533
533 156
288 37
288 67
289 156
291 156
291 385
291 648
291 277
385 156
648 156
648 385
648 277
298 156
299 12
299 156
299 209
301 156
301 184
304 162
304 393
305 156
306 156
310 156
310 737
310 791
737 156
791 737
311 423
311 653
423 653
423 291
653 291
318 156
319 156
321 156
322 465
324 14
324 688
325 156
326 156
330 698
698 156
333 23
333 156
333 197
333 684
334 156
334 271
334 550
334 549
550 271
336 156
336 596
337 156
340 156
340 501
501 156
501 306
501 337
341 89
341 156
341 238
342 147
342 156
344 498
344 359
344 422
345 156
345 388
345 534
345 549
345 748
345 740
388 156
388 534
549 156
748 156
748 520
748 740
346 20
346 110
348 60
350 138
350 156
350 466
466 138
466 156
351 156
352 41
352 156
352 789
352 655
355 75
355 195
355 658
357 156
358 156
359 83
359 156
360 156
360 205
360 381
361 156
363 156
365 156
368 119
368 390
390 119
369 156
369 450
369 604
450 156
450 604
604 156
604 443
370 344
370 498
370 359
370 422
371 156
371 534
371 713
371 773
371 508
713 773
713 508
373 156
374 156
375 156
375 361
375 622
622 156
376 156
377 156
378 156
379 9
379 215
379 183
380 156
382 139
382 492
492 139
384 156
386 90
386 156
386 213
386 799
799 156
392 60
392 156
392 348
394 156
394 158
394 469
394 686
469 158
469 686
395 156
396 749
396 477
396 310
749 156
399 156
401 20
401 110
401 156
401 346
401 688
402 28
402 156
402 659
659 28
403 156
404 156
405 156
410 156
412 156
415 117
415 156
415 449
449 117
449 156
449 543
416 156
417 156
419 156
420 175
420 502
421 522
522 156
522 559
422 156
422 432
432 156
428 527
428 591
428 327
527 327
433 156
434 156
435 156
435 273
435 430
273 430
436 156
573 156
443 156
446 156
451 520
451 748
451 287
520 287
452 156
455 156
457 164
457 558
457 647
558 64
558 156
558 164
458 156
459 180
460 156
461 196
461 647
647 196
464 156
468 19
468 258
470 71
470 80
470 156
472 521
472 706
472 565
472 655
521 706
521 565
521 655
706 156
706 668
473 156
473 396
473 749
473 477
473 310
475 156
476 156
476 340
476 501
477 156
477 224
477 674
477 699
674 156
699 156
478 156
478 212
478 540
540 212
479 156
481 156
483 322
483 465
484 156
493 156
494 156
495 444
495 628
628 156
628 444
499 156
500 424
500 682
682 424
503 156
503 243
503 416
504 156
507 156
508 73
508 739
509 156
511 260
511 387
513 319
513 679
679 319
514 156
514 570
514 678
678 156
678 401
678 570
515 156
515 504
517 156
518 42
518 151
518 156
518 612
519 156
523 156
523 543
543 156
525 156
526 156
528 156
535 577
535 744
744 577
538 156
542 156
542 177
544 156
544 448
544 743
551 156
553 156
555 410
556 571
557 156
557 217
557 443
559 410
559 555
561 156
561 494
562 156
563 156
566 156
568 156
568 430
568 791
569 156
574 32
574 156
574 223
576 82
576 625
625 82
578 30
580 77
580 685
581 274
582 156
582 770
583 254
583 777
777 254
584 156
585 156
587 693
693 156
588 89
588 341
589 156
590 416
590 503
594 153
594 156
594 612
594 766
594 216
153 766
153 216
612 153
595 156
597 16
597 156
598 359
599 156
599 334
599 604
600 206
600 649
601 156
601 477
601 674
603 156
603 518
603 151
605 156
607 156
607 766
608 156
609 86
609 156
609 183
609 249
609 22
610 211
610 277
611 156
613 494
613 561
618 156
621 156
621 460
626 22
626 156
626 721
721 22
627 156
629 156
629 799
634 422
634 432
635 156
636 375
636 622
639 544
639 743
641 156
642 156
642 157
642 224
642 230
642 525
644 156
645 156
646 156
650 156
650 193
650 397
650 566
654 156
654 594
655 156
655 336
655 596
656 587
656 693
657 52
657 740
658 46
658 156
661 141
661 207
664 156
666 156
666 737
667 156
667 591
667 664
667 714
667 415
714 33
714 156
668 156
668 391
670 156
670 273
670 435
673 95
673 156
680 330
680 698
684 156
684 170
684 227
684 369
684 717
684 493
687 156
689 289
689 708
689 701
708 156
708 289
708 701
692 421
692 522
692 559
701 156
701 274
701 581
702 156
702 436
703 504
703 515
704 156
705 156
707 156
707 523
707 543
707 639
709 156
709 556
709 571
716 30
716 156
716 578
718 156
720 156
720 216
720 467
724 95
724 532
725 156
727 156
728 695
728 758
758 156
758 695
729 156
731 156
731 350
731 439
734 149
734 632
735 156
742 156
742 607
742 766
742 640
745 156
745 46
747 156
750 156
752 156
753 156
754 664
754 667
755 156
755 474
762 156
762 359
762 598
763 46
763 658
764 156
764 180
764 459
772 156
775 156
775 404
776 187
776 756
779 156
779 595
779 745
779 46
782 112
782 156
785 156
786 156
786 430
786 568
786 658
786 791
788 582
788 770
790 156
795 156
797 156
798 16
798 597
