0 364
364 106
364 350
364 663
364 894
364 654
364 173
364 3
364 30
364 895
364 942
364 607
364 542
364 932
364 423
364 799
364 518
364 77
364 636
364 351
364 325
364 956
364 639
364 231
364 872
364 388
364 282
364 772
364 700
1 186
1 193
1 364
186 364
186 859
193 364
2 563
2 789
563 789
3 364
3 779
3 802
779 802
802 364
4 364
5 24
5 299
5 364
24 364
299 364
6 364
8 364
10 811
11 364
12 364
13 54
13 133
54 364
133 54
133 364
14 364
15 364
18 364
19 364
20 364
21 48
21 364
48 364
48 427
48 607
22 364
22 654
22 970
654 364
654 970
970 364
25 364
26 364
26 795
795 364
27 364
28 364
30 110
30 274
30 364
110 364
274 59
274 124
274 173
274 364
31 364
32 364
35 364
36 364
36 662
662 364
37 364
38 61
38 587
61 364
61 542
61 587
61 388
587 314
587 364
587 388
39 364
40 319
40 364
40 439
319 364
319 615
319 910
41 82
41 345
41 364
82 131
82 160
82 364
345 364
345 30
42 364
44 364
45 278
45 718
278 364
278 718
718 364
718 842
46 364
47 637
427 364
49 345
49 364
49 30
50 364
51 364
53 364
55 364
55 980
980 364
56 364
57 278
57 364
58 364
58 807
59 124
59 342
59 364
342 121
342 364
342 598
60 364
542 173
542 364
542 761
62 364
63 364
64 74
64 364
64 654
74 364
66 361
66 364
361 364
68 364
69 364
70 364
71 364
72 364
73 25
75 364
76 364
77 292
77 364
77 847
292 364
847 292
847 364
847 863
79 269
79 364
269 364
131 364
131 762
160 364
84 364
84 485
485 364
85 364
87 179
87 364
87 414
179 364
414 179
414 364
88 249
88 715
249 151
249 364
249 715
89 364
90 364
93 364
94 364
95 364
95 643
95 911
643 364
911 364
96 364
97 170
97 364
97 539
539 364
99 364
100 364
101 364
102 364
103 364
104 364
104 648
648 364
105 364
106 31
106 364
106 350
107 364
107 745
108 364
109 364
111 364
111 507
111 704
111 736
507 364
704 364
704 507
736 364
112 364
114 364
114 627
627 364
115 133
115 364
116 283
116 364
283 221
283 364
283 388
117 364
118 364
119 364
122 364
123 364
123 868
868 364
128 364
129 364
129 724
129 780
724 242
724 364
724 651
724 780
780 364
130 364
762 364
134 364
134 482
482 364
135 319
135 364
137 363
137 364
137 454
137 77
363 364
363 816
454 343
454 364
454 726
138 364
139 364
139 639
141 364
142 482
143 364
143 928
928 3
928 364
144 364
145 357
145 364
145 845
357 193
357 227
357 364
845 357
146 364
146 668
668 364
147 369
147 573
369 364
369 573
573 159
573 254
573 364
149 899
899 364
151 364
151 485
153 364
153 439
154 364
155 364
157 364
158 364
159 364
159 912
912 364
161 364
163 364
164 469
164 487
487 469
166 364
168 186
168 364
168 824
824 364
824 953
169 154
169 364
169 373
169 923
373 364
373 610
923 364
923 605
923 231
171 364
171 770
171 964
770 364
770 964
172 364
173 364
173 325
173 956
174 364
176 364
176 578
578 120
578 364
578 888
578 206
177 364
178 364
178 732
732 103
732 364
180 364
182 364
183 364
183 483
183 828
483 364
483 173
828 364
828 483
828 696
184 364
185 364
859 364
187 364
187 685
685 364
188 364
189 364
190 49
190 364
190 803
803 364
191 364
191 425
191 565
425 9
425 364
425 527
565 364
194 364
195 683
195 768
683 364
768 364
768 472
768 683
768 757
196 364
196 546
546 364
198 364
200 355
200 998
355 364
355 485
355 518
998 355
998 364
201 364
202 364
203 364
204 248
204 364
248 364
248 966
206 311
206 364
206 918
311 364
311 886
918 364
918 917
207 364
208 364
209 364
209 885
209 38
885 364
210 364
211 364
211 906
211 922
922 364
922 831
922 906
212 364
213 364
214 364
216 364
216 490
216 706
216 959
216 87
490 364
490 502
490 959
490 87
706 364
706 723
706 731
959 364
959 554
218 364
220 364
220 374
374 364
221 364
222 58
222 320
222 364
320 58
320 364
320 807
223 364
224 364
225 210
225 364
225 962
962 364
226 364
227 364
228 364
229 364
231 364
232 364
233 364
233 738
233 891
738 364
891 738
234 364
234 351
235 364
235 801
235 879
801 364
801 879
236 364
239 364
240 364
241 40
241 439
242 208
242 364
244 364
247 3
247 364
250 153
250 364
250 439
251 364
252 364
253 364
253 877
877 364
877 713
254 364
256 364
257 364
257 523
257 715
523 364
523 715
261 248
261 364
262 231
262 364
264 364
265 837
266 303
266 533
533 303
533 364
267 364
270 364
273 311
273 364
273 886
273 607
273 183
886 183
275 364
276 196
276 364
277 364
279 364
280 345
280 364
280 457
457 364
457 818
282 248
284 364
284 562
562 203
562 364
285 244
285 364
287 364
288 364
288 557
288 702
557 364
702 557
289 364
289 577
577 248
577 282
577 364
577 966
290 25
290 364
291 364
293 364
293 498
498 364
294 118
294 364
294 365
365 364
295 364
296 364
297 361
297 364
297 996
298 325
298 364
298 402
298 351
325 364
325 351
402 325
402 364
300 364
301 364
301 518
301 895
301 325
518 100
518 364
302 364
304 364
304 932
305 293
305 364
305 498
309 364
312 364
313 364
314 364
315 364
316 364
317 364
318 364
615 364
910 364
910 615
321 53
321 364
321 685
322 364
324 364
326 364
328 364
329 364
330 364
331 364
332 97
332 170
332 364
333 238
333 364
334 351
334 364
334 824
351 364
351 809
351 888
335 295
335 364
335 705
705 364
336 364
338 364
339 364
340 350
340 364
350 364
341 801
598 84
598 364
598 701
344 89
344 364
344 627
348 53
348 364
349 364
809 364
809 894
888 120
888 364
888 206
353 364
358 364
359 364
360 279
360 364
362 143
362 299
362 364
362 956
956 143
956 364
816 262
816 364
816 576
816 604
367 364
367 442
367 995
442 364
995 364
368 48
368 69
368 364
371 364
371 871
871 364
372 364
372 755
755 364
755 634
610 364
376 364
378 364
378 615
378 638
378 792
378 997
638 364
792 364
792 997
997 364
379 291
379 325
379 364
380 364
381 364
382 364
384 364
387 209
387 358
387 364
387 885
387 38
388 225
388 364
388 787
787 225
787 364
390 364
393 364
393 447
393 941
393 573
447 364
447 537
941 364
941 447
941 454
941 573
941 518
941 636
941 772
395 364
395 549
396 364
397 364
398 210
398 364
399 364
399 602
399 851
602 364
851 364
851 495
851 626
851 966
400 364
405 364
405 421
421 133
421 364
408 364
408 606
408 654
408 932
606 131
606 364
606 762
932 364
409 364
410 364
411 364
411 367
411 818
818 364
412 364
413 139
413 364
413 691
691 139
691 364
415 18
415 364
416 364
417 580
580 252
580 364
580 956
418 364
418 464
464 364
464 650
464 849
423 364
423 554
554 364
424 364
527 9
426 364
428 364
428 441
428 737
428 841
441 364
441 841
737 364
737 713
737 877
737 783
429 364
430 364
431 364
433 512
433 825
512 364
825 364
825 512
434 364
435 364
437 159
437 364
438 364
438 689
689 364
440 364
443 364
444 364
445 364
446 364
446 736
537 364
448 364
449 364
450 364
452 291
452 364
452 379
726 343
456 25
456 364
458 364
458 576
576 364
459 364
460 364
461 364
462 364
462 926
926 364
463 364
463 483
849 650
465 364
465 895
466 77
466 364
466 465
466 895
467 364
471 364
472 364
473 284
473 364
473 562
473 897
897 364
897 416
474 297
474 364
474 996
475 364
476 364
476 871
477 364
479 364
481 364
484 142
484 364
484 482
488 880
488 950
880 364
880 572
880 950
950 364
502 364
491 364
492 364
495 364
495 626
496 364
497 364
497 523
497 771
499 364
499 794
794 364
500 364
501 364
503 364
503 985
985 364
505 364
506 364
511 364
514 364
516 364
519 299
519 364
520 109
520 364
524 364
525 364
526 364
528 364
529 208
529 364
531 364
532 364
534 103
534 361
534 364
534 732
535 333
535 364
538 364
540 364
761 173
761 364
761 872
544 364
545 293
545 364
547 364
551 364
552 364
553 364
555 364
558 364
558 884
558 933
558 985
933 364
933 884
559 364
559 417
559 580
561 364
564 364
566 364
568 77
568 364
568 542
569 364
569 503
569 985
570 364
571 364
572 169
572 364
572 923
574 358
574 364
575 364
581 270
581 364
581 3
582 364
583 364
584 364
586 364
588 135
588 364
588 663
588 282
663 364
589 364
590 287
590 364
590 607
590 658
607 107
607 364
607 745
607 920
658 364
591 364
593 364
593 867
593 133
867 364
867 133
594 364
595 191
595 364
595 929
595 542
929 191
929 364
929 663
929 654
597 364
701 84
599 310
599 364
600 364
604 69
604 364
604 368
605 287
605 364
605 590
920 364
609 364
609 621
609 976
976 621
976 364
612 364
614 289
614 364
614 873
873 364
616 157
616 364
619 364
622 106
622 364
623 364
623 842
842 364
625 364
628 364
629 314
629 364
632 360
632 364
633 364
634 364
635 279
635 360
635 364
636 74
636 364
636 612
639 153
639 250
639 364
640 364
640 872
872 26
872 364
872 795
644 364
645 238
645 333
646 118
646 294
649 364
651 71
651 364
652 364
655 364
659 301
659 364
659 461
660 364
661 364
661 425
664 48
664 364
664 427
664 918
664 607
667 364
669 72
669 364
671 364
673 10
673 364
673 811
674 364
674 519
674 662
674 820
820 364
820 426
820 561
675 364
676 252
676 364
676 597
677 364
678 364
681 364
681 685
682 364
682 491
684 364
686 364
690 364
692 364
693 364
695 227
695 364
696 330
696 364
697 262
697 364
699 364
699 612
700 336
700 364
731 723
707 364
709 364
710 364
710 688
711 44
711 364
711 982
982 364
982 688
982 710
982 423
712 364
713 364
714 364
714 577
716 364
717 250
717 364
717 497
717 771
720 364
722 364
725 210
725 234
725 364
725 398
727 364
728 364
729 364
730 179
730 364
734 100
734 364
741 194
741 364
742 364
742 545
743 364
747 351
747 364
747 604
747 809
748 364
749 310
749 599
751 364
751 606
752 364
753 244
753 364
754 364
756 364
757 364
757 710
757 942
758 364
759 364
760 240
760 364
763 364
764 364
764 604
769 364
772 362
772 364
774 364
775 139
775 364
775 639
776 364
782 364
783 364
783 610
784 364
785 364
788 364
788 496
791 364
793 121
793 342
793 364
793 799
799 364
799 822
822 364
822 395
822 549
800 109
800 364
804 364
805 364
807 364
807 408
807 737
807 929
808 364
812 364
813 364
814 364
815 364
815 655
819 364
821 364
953 364
826 364
826 808
827 364
829 149
829 899
831 275
831 364
831 863
831 867
863 275
863 364
863 971
832 341
832 364
832 801
833 364
834 364
834 737
834 876
834 915
834 30
834 783
876 915
915 364
915 910
835 8
835 364
836 364
839 364
840 137
840 363
843 364
843 421
843 911
843 948
843 700
948 364
948 827
846 364
848 364
850 364
966 364
852 364
852 850
854 364
856 364
857 364
860 364
861 364
971 364
869 364
874 364
874 408
874 932
875 364
879 196
879 364
879 472
881 364
883 364
887 364
887 606
890 364
890 425
892 364
894 47
894 339
894 364
894 637
895 8
895 26
895 364
895 835
896 364
898 364
900 364
901 364
902 364
902 461
903 25
903 73
903 304
903 364
903 426
905 364
907 364
908 364
909 64
909 74
909 364
913 364
916 364
917 364
917 930
930 364
919 364
921 364
921 877
924 364
925 364
927 364
931 364
934 364
935 364
936 364
938 364
938 929
939 364
942 674
942 820
943 364
944 364
945 364
946 364
947 104
947 364
947 648
949 364
952 364
955 364
958 364
958 834
960 189
960 364
960 461
961 364
965 364
972 364
973 364
974 265
974 364
974 837
977 364
978 364
979 364
979 568
979 542
984 364
986 364
987 280
987 457
991 364
992 364
992 935
994 274
994 364
999 364
