1 399
1 181
1 115
1 4
1 190
1 6
1 28
399 350
3 124
3 181
3 399
3 1
3 136
3 152
3 202
3 115
124 45
124 60
124 399
124 152
124 202
124 79
124 149
124 1
124 136
124 4
124 190
124 181
124 84
124 237
124 115
181 104
181 399
181 6
181 28
181 115
181 152
181 202
181 84
181 237
181 124
181 45
181 60
181 79
181 149
4 389
4 45
4 60
4 79
4 293
4 1
4 136
4 124
4 181
4 190
4 152
4 202
4 149
5 84
5 237
5 1
5 136
5 45
5 60
5 181
5 115
5 6
5 28
84 194
84 1
84 136
84 45
84 60
84 181
84 115
84 6
84 28
237 194
6 85
6 28
6 79
6 149
6 4
6 190
6 181
6 115
85 399
8 399
9 356
9 399
356 399
11 399
12 79
12 149
12 293
12 399
12 4
12 190
12 181
12 115
12 152
12 202
12 45
12 60
79 8
79 294
79 399
79 293
79 149
79 4
79 190
79 181
79 115
79 152
79 202
79 45
79 60
149 399
293 70
293 156
293 297
293 399
13 242
14 12
14 142
142 149
15 350
18 164
18 188
18 228
18 399
164 106
188 75
188 106
188 210
188 399
228 290
228 333
228 399
19 21
26 399
27 259
27 305
259 240
259 399
305 1
305 136
305 240
305 399
305 181
305 115
305 4
305 190
305 6
305 28
28 85
29 147
30 129
30 268
129 270
129 399
268 270
31 2
31 399
32 368
32 379
368 60
379 60
379 399
33 332
332 229
332 399
35 348
35 399
348 399
36 125
36 399
37 250
250 399
39 251
39 385
39 399
251 24
251 399
41 227
43 348
43 399
45 399
45 152
45 202
45 79
45 149
45 1
45 136
45 60
45 4
45 190
45 84
45 237
46 241
241 399
48 399
50 216
50 334
216 107
216 297
216 399
334 107
51 62
62 392
62 399
52 277
52 387
277 241
277 357
277 399
387 357
53 399
56 399
58 399
59 37
59 292
292 250
60 399
61 358
392 239
392 260
392 399
64 212
64 399
212 399
65 76
65 124
76 45
67 399
68 399
70 69
71 399
72 399
75 327
75 399
327 399
77 399
80 72
80 399
81 391
81 399
87 341
87 399
341 373
341 399
88 126
88 127
126 77
127 77
92 66
93 134
134 399
94 399
95 154
95 374
154 166
154 244
154 326
154 399
374 166
96 297
96 399
297 399
97 343
97 349
97 399
349 6
349 28
349 250
349 399
349 79
349 149
349 4
349 190
349 181
349 115
99 112
99 364
112 35
364 35
100 122
100 373
122 337
373 337
373 399
101 110
101 278
110 16
278 1
278 16
278 399
103 399
105 399
108 212
108 391
108 399
111 136
111 293
111 399
136 255
136 399
113 92
113 174
174 66
114 399
115 104
115 217
115 259
115 399
217 29
217 369
217 399
116 162
116 321
162 57
321 57
321 231
321 392
321 398
321 399
117 1
117 233
117 399
233 399
118 399
119 62
121 301
121 365
301 55
365 55
365 72
365 115
365 399
123 212
123 399
270 18
270 230
270 399
130 128
130 258
130 309
130 399
258 297
258 327
258 399
309 379
309 399
131 97
131 148
148 343
148 399
133 399
135 399
255 399
138 68
138 160
138 210
138 399
160 399
210 399
139 233
139 399
140 399
141 169
141 227
141 399
169 236
169 250
169 399
143 230
143 399
230 80
230 399
144 399
145 215
215 399
151 221
151 308
151 399
221 0
308 0
152 11
152 1
152 136
152 45
152 60
152 84
152 237
152 79
152 149
152 293
153 140
153 152
153 202
153 399
153 1
153 136
153 45
153 60
153 84
153 237
153 79
153 149
153 293
202 11
244 213
244 339
244 399
326 215
326 399
155 47
156 69
157 33
157 175
175 332
175 399
158 386
158 390
386 58
386 399
390 58
390 382
390 399
159 347
159 399
347 399
163 4
163 190
163 45
163 60
163 79
163 293
163 1
163 136
163 124
163 181
163 152
163 202
163 149
190 389
167 87
167 363
363 341
170 396
170 399
171 244
171 397
171 399
397 399
172 207
207 247
207 399
182 15
182 399
184 79
184 223
184 399
223 294
185 399
186 47
191 39
191 195
195 385
192 169
192 229
192 399
229 236
229 399
193 149
193 399
196 36
196 394
196 399
394 125
197 266
197 340
197 399
266 348
340 348
199 21
199 399
203 61
203 296
296 358
204 399
205 93
205 361
361 134
206 241
247 399
213 225
213 249
213 399
225 302
249 302
249 379
249 399
214 192
214 197
214 248
214 399
248 197
248 244
248 245
248 399
369 147
219 144
219 242
219 399
290 320
333 320
231 399
234 399
239 311
243 255
339 139
339 399
245 399
246 245
246 320
246 399
320 399
252 271
252 315
271 36
271 183
271 399
315 183
256 56
256 130
256 258
256 330
256 399
330 128
260 311
261 197
261 396
261 399
262 273
262 288
273 23
288 23
288 250
288 399
263 226
267 80
267 399
269 399
275 399
276 399
279 271
279 399
280 328
280 345
328 220
345 220
281 81
281 108
282 19
282 199
283 123
283 399
285 155
285 186
286 1
286 399
289 399
291 250
291 399
295 41
295 141
304 399
306 376
314 136
314 243
316 129
316 399
317 251
317 384
384 24
319 13
319 81
319 219
319 399
398 207
398 399
322 212
322 399
323 399
331 145
331 326
335 2
336 250
336 263
336 380
336 399
380 226
346 188
346 210
346 399
351 117
351 139
352 399
353 376
354 399
355 46
355 206
355 399
359 170
359 261
362 31
362 335
366 172
366 398
367 399
377 71
377 230
377 255
377 399
378 399
382 115
382 181
382 399
382 6
382 28
382 152
382 202
382 84
382 237
382 124
382 45
382 60
382 79
382 149
383 399
388 306
388 353
393 51
393 119
393 399
