0 305
0 213
0 196
0 74
0 4
0 7
0 395
0 348
305 171
305 141
305 144
305 4
305 7
305 13
305 14
305 0
305 196
305 213
305 110
305 127
305 204
305 74
3 13
3 141
3 171
3 144
3 110
3 127
3 305
3 74
3 395
3 4
3 7
13 110
13 127
13 171
13 141
13 144
13 204
13 305
13 74
13 395
13 213
13 0
13 196
13 4
13 7
141 171
141 305
141 213
141 74
141 13
141 204
141 348
141 110
141 127
141 144
141 0
141 196
141 14
141 4
141 7
171 312
4 171
4 110
4 127
5 171
6 60
6 171
60 171
60 178
60 220
60 329
7 171
8 171
9 171
9 297
297 171
10 171
11 171
12 171
12 296
12 383
12 395
296 171
383 60
383 171
383 175
395 171
395 217
395 245
395 334
110 155
110 171
110 305
110 74
110 141
110 144
110 213
110 4
110 7
110 13
110 204
127 10
127 171
14 171
14 285
285 171
15 97
15 130
15 171
97 171
130 171
17 28
17 75
17 171
17 187
17 258
17 302
17 366
17 385
28 161
75 171
75 343
187 171
187 186
187 275
187 312
258 171
258 385
302 171
302 229
366 161
385 11
385 23
385 171
18 171
19 171
20 0
20 59
20 171
20 196
20 305
20 213
20 74
20 4
20 7
20 395
20 348
59 171
196 74
196 171
196 297
196 305
196 395
196 141
196 144
196 0
196 13
196 4
196 7
196 110
196 127
196 204
21 10
21 171
22 45
22 164
45 164
45 171
45 181
45 224
164 171
164 224
23 110
23 171
25 171
26 171
26 229
229 171
229 218
27 74
27 171
27 179
27 325
74 61
74 171
179 171
325 171
325 348
32 171
35 171
36 171
36 291
291 171
37 171
38 118
38 171
38 251
38 285
38 399
118 282
251 171
251 282
251 300
399 171
39 1
40 47
40 171
40 226
40 317
47 171
47 259
226 159
226 171
226 208
226 300
317 20
317 171
317 334
317 393
42 75
42 171
42 233
42 234
42 307
42 379
233 139
233 171
233 237
233 381
234 66
234 171
307 110
307 171
307 295
307 346
379 11
379 169
379 171
379 381
181 171
224 171
224 289
224 314
46 171
259 171
48 333
49 32
49 171
49 193
49 215
193 171
193 180
193 227
193 285
215 171
50 195
50 216
195 171
195 188
216 188
51 14
51 150
51 171
51 224
150 155
150 171
54 171
54 286
54 346
286 171
346 171
55 171
57 46
57 171
57 213
57 392
213 35
213 60
213 171
213 288
392 24
392 144
392 171
58 171
178 171
329 171
61 110
61 171
62 171
62 178
62 183
183 171
183 192
63 51
63 106
63 171
63 192
63 249
63 259
63 340
63 346
106 25
106 171
192 4
192 171
249 171
340 20
340 171
340 239
340 259
340 318
340 382
64 7
64 103
64 171
103 75
103 171
103 259
103 264
65 88
65 171
88 171
66 171
66 391
391 151
391 171
391 222
67 171
67 329
67 342
342 171
71 171
71 205
71 249
71 296
205 171
73 171
78 171
78 234
78 395
79 49
79 142
79 171
142 46
142 106
142 171
142 245
80 171
80 241
241 5
241 171
241 329
241 334
241 393
81 167
81 171
81 356
167 171
356 74
356 148
356 171
356 234
356 278
356 294
82 10
82 40
82 171
82 221
221 14
221 171
83 58
83 171
83 172
83 178
83 325
172 111
172 171
84 171
84 209
209 127
209 167
209 171
85 14
85 171
85 201
85 322
201 171
201 289
201 334
322 129
322 171
322 289
322 308
322 393
86 171
86 289
86 347
289 64
289 171
289 221
289 279
289 382
347 171
347 393
87 88
87 171
89 171
90 8
90 171
90 352
352 61
352 129
352 171
91 171
96 171
98 203
99 112
99 171
99 204
112 8
112 171
112 178
204 171
204 317
204 395
102 87
102 166
102 171
102 208
102 237
166 171
208 171
237 171
264 343
104 35
105 171
105 326
105 334
326 146
326 171
326 361
334 97
334 171
108 114
108 169
108 171
108 189
114 171
169 171
169 191
169 205
169 323
189 323
155 8
155 171
155 395
155 399
111 171
111 305
115 268
282 19
282 171
282 229
282 361
121 383
122 7
122 88
122 150
122 158
122 171
122 229
158 171
123 122
123 171
123 180
123 344
180 106
180 171
344 106
125 150
125 171
125 283
125 291
283 14
283 141
283 144
283 171
283 305
283 213
283 74
283 13
283 204
283 348
283 110
283 127
283 0
283 196
283 4
283 7
126 6
126 59
126 82
126 127
126 143
126 171
143 171
129 171
132 171
132 322
134 4
134 5
134 150
134 171
135 171
135 399
137 138
139 146
139 171
139 234
146 135
146 171
146 357
140 171
245 171
144 102
144 171
144 372
372 110
372 171
372 181
372 208
357 171
148 78
149 171
149 229
151 252
152 7
152 171
152 179
153 171
157 7
157 27
157 60
157 171
159 15
159 171
159 329
160 171
160 285
191 4
191 171
191 292
170 137
170 349
349 138
312 19
312 171
175 171
175 271
271 87
271 171
177 10
177 171
182 171
182 227
182 229
227 171
185 152
185 171
185 316
316 7
186 4
186 7
186 171
186 326
186 110
186 127
275 84
275 97
275 171
275 249
275 314
188 171
188 259
190 122
190 171
190 205
190 239
190 348
190 374
239 7
239 18
239 171
239 300
348 158
348 171
374 171
292 171
197 171
197 208
198 104
198 376
376 35
200 139
202 135
202 140
202 171
206 139
207 171
212 171
288 220
214 123
214 171
217 171
218 171
222 252
314 171
314 312
225 171
300 64
300 98
300 171
300 185
300 261
300 342
228 12
228 121
232 171
232 306
232 333
306 171
306 213
306 329
381 57
381 171
381 246
235 171
235 259
235 285
236 115
236 171
236 269
236 283
269 61
269 140
269 157
269 171
269 268
238 106
238 171
240 171
240 209
393 88
393 171
244 4
244 45
244 88
244 171
246 46
250 15
250 61
250 171
250 290
290 171
253 171
254 86
254 171
254 236
256 13
256 171
256 204
256 342
256 305
256 395
256 0
256 196
256 141
256 144
256 110
256 127
257 171
257 225
260 171
260 208
261 5
261 14
261 171
261 203
262 200
262 206
270 171
270 178
270 379
272 4
272 171
272 208
272 329
276 23
276 171
277 171
278 4
278 114
278 171
278 292
279 171
361 128
361 171
382 18
382 171
294 20
294 78
294 106
294 171
295 171
298 90
298 132
298 171
298 204
299 171
299 392
303 166
303 171
303 179
303 258
303 302
304 37
304 105
304 171
304 186
304 326
308 171
308 217
308 292
309 171
310 171
311 84
311 171
311 183
311 240
311 271
311 332
332 62
332 112
332 171
313 48
313 232
315 63
315 183
318 171
318 276
319 171
319 300
319 306
320 171
320 256
327 171
328 60
328 91
328 171
328 351
351 171
330 127
330 160
330 171
330 379
331 171
335 6
335 35
335 171
335 214
336 1
337 171
337 213
337 305
337 348
337 141
337 144
337 4
337 7
337 13
337 14
337 0
337 196
337 110
337 127
338 110
338 150
353 127
353 171
354 171
354 175
355 23
355 171
355 256
358 80
358 171
358 278
359 18
359 171
362 5
367 97
367 171
367 238
367 362
367 390
367 399
390 5
390 171
368 171
368 314
369 171
369 314
369 348
369 383
370 39
370 171
370 225
370 336
371 88
371 158
371 171
371 314
375 128
377 171
380 24
386 58
386 171
386 186
386 256
386 289
386 302
387 9
387 11
387 171
387 249
387 351
388 106
388 171
388 395
389 361
389 375
394 10
394 84
394 171
396 171
396 212
396 302
396 380
396 392
398 171
