0 228
0 367
0 405
0 495
0 556
0 10
0 353
0 11
0 77
0 5
0 490
0 14
0 792
0 13
0 488
0 7
0 485
228 643
228 495
228 10
228 353
228 5
228 490
228 14
228 792
228 13
228 488
228 7
228 485
367 225
367 556
367 608
367 10
367 353
367 11
367 77
367 405
367 495
405 556
405 10
405 353
405 228
405 495
495 556
495 643
556 447
1 285
1 556
285 203
285 556
285 636
5 410
5 11
5 77
5 367
5 405
5 10
5 353
5 14
5 792
5 490
5 13
5 488
5 17
5 654
5 495
7 635
7 367
7 405
7 14
7 792
7 10
7 353
9 556
10 122
10 200
10 556
10 367
10 405
10 353
10 5
10 490
10 17
10 654
10 7
10 485
10 13
10 488
10 228
10 495
200 202
200 556
11 133
11 367
11 495
11 13
11 488
11 14
11 792
133 556
133 651
13 320
13 405
13 495
13 10
13 353
13 7
13 485
13 367
14 227
14 556
14 594
14 17
14 654
14 7
14 485
14 13
14 488
14 405
14 495
14 367
227 326
227 345
227 556
227 625
17 312
17 5
17 490
17 367
17 495
17 13
17 488
17 11
17 77
17 405
18 125
20 509
20 556
20 634
509 407
634 407
634 556
21 745
23 46
23 738
46 687
738 687
25 110
28 457
29 436
29 556
29 693
436 126
436 556
693 126
30 134
30 601
134 185
601 185
31 75
31 550
31 556
75 500
75 556
75 706
550 500
550 556
32 556
32 677
34 705
34 775
705 85
775 85
37 94
37 556
94 556
38 67
38 101
38 556
67 141
67 314
67 556
101 141
39 638
39 772
638 372
772 372
40 247
41 556
42 636
43 368
368 556
44 712
45 718
45 798
718 365
718 556
798 365
798 556
47 127
127 556
48 606
606 556
49 766
50 78
50 556
78 447
78 556
54 344
54 538
344 319
538 319
538 556
56 581
581 556
58 181
58 556
58 567
181 556
567 556
59 245
62 70
62 742
70 431
742 431
63 81
81 556
65 361
65 556
65 572
361 586
572 586
141 556
141 667
314 92
314 556
314 716
69 170
71 244
71 491
244 404
491 404
72 209
209 556
706 545
706 556
77 133
79 433
80 107
80 750
107 177
750 177
83 556
83 573
573 556
573 604
84 11
84 77
84 367
84 495
84 13
84 488
84 14
84 792
85 556
86 556
88 435
88 515
435 426
515 426
90 182
90 556
182 556
182 673
91 611
91 661
611 465
661 465
661 556
92 556
93 556
95 556
95 711
711 556
98 456
99 645
102 751
751 556
105 556
105 763
109 556
111 6
111 549
111 556
549 556
112 239
112 556
112 557
112 603
239 123
557 556
603 123
113 32
113 770
770 677
115 369
116 209
116 556
117 38
117 556
121 556
121 616
121 758
616 151
758 151
128 450
450 556
129 15
129 556
130 403
130 556
131 556
132 25
132 322
322 110
651 556
137 470
137 771
470 428
771 428
138 231
139 24
667 475
667 556
667 622
142 556
142 649
649 73
649 556
143 556
144 203
144 765
203 292
203 334
203 556
203 573
765 292
145 556
147 98
147 417
417 456
151 208
151 426
151 556
208 115
208 556
208 714
426 556
152 221
152 242
152 556
152 585
221 659
242 659
585 556
155 734
157 556
157 694
157 703
694 199
703 199
158 349
349 556
159 385
159 675
385 768
675 181
675 556
675 768
160 766
163 496
164 158
164 197
197 349
197 556
197 710
165 556
165 762
166 779
167 560
560 556
169 138
169 652
652 231
171 548
172 18
172 394
394 125
174 280
174 655
280 96
280 409
280 556
655 96
655 556
175 72
175 367
175 556
175 696
696 209
696 556
176 111
176 269
269 6
179 53
180 203
180 535
180 556
180 798
673 460
673 483
673 556
184 143
187 350
187 633
350 413
633 413
190 103
191 73
195 90
195 562
562 182
196 213
213 556
710 556
198 556
201 777
292 556
334 556
334 679
204 268
204 637
268 445
637 445
637 528
637 556
205 229
205 700
229 367
229 556
229 724
700 724
206 200
206 542
542 202
207 300
207 556
300 556
714 369
210 534
210 556
534 348
534 556
211 105
211 375
375 556
375 727
375 763
212 95
212 279
212 556
212 569
279 109
569 109
569 556
214 657
215 551
216 297
297 32
297 556
218 306
218 472
306 51
472 51
220 556
220 576
576 165
576 556
576 739
222 545
222 556
545 556
224 49
224 160
225 747
226 227
226 547
226 554
226 556
547 520
554 520
554 556
326 468
345 556
625 468
724 92
724 556
230 266
232 250
232 255
232 556
232 681
250 556
250 640
255 556
681 640
233 170
234 100
235 585
237 341
238 201
238 794
794 777
240 776
241 556
243 592
592 556
246 100
248 556
249 48
249 577
577 556
577 606
252 259
252 556
253 393
253 430
393 552
430 552
254 478
254 799
478 567
799 567
257 563
258 556
260 291
260 796
291 556
291 587
796 587
262 556
263 247
263 556
264 143
264 556
265 351
265 505
351 664
505 664
267 373
273 556
274 373
275 214
275 432
432 657
276 433
278 455
409 556
283 669
287 679
288 546
288 556
546 130
546 556
546 785
289 549
587 439
587 556
587 654
293 358
293 556
358 556
295 44
295 334
295 503
295 556
503 712
296 323
296 450
296 556
323 556
301 161
302 531
302 556
531 556
303 559
303 689
559 521
689 521
304 757
305 163
305 337
305 380
305 556
305 673
337 556
380 496
380 556
308 283
308 646
646 669
309 251
309 556
310 535
311 58
311 65
311 556
313 388
388 556
388 696
716 556
315 5
315 490
315 11
315 77
315 367
315 405
315 10
315 353
315 14
315 792
315 13
315 488
315 17
315 654
315 495
490 410
317 458
317 704
458 136
704 136
318 556
318 645
327 620
327 630
620 618
630 618
328 501
329 92
329 556
333 167
333 437
333 556
437 560
335 251
338 17
338 654
338 5
338 490
338 367
338 495
338 13
338 488
338 11
338 77
338 405
654 312
654 556
339 216
339 370
370 297
343 513
346 259
347 304
347 753
753 757
352 513
353 122
354 266
354 426
354 556
355 60
356 207
357 289
357 363
363 549
360 10
360 353
360 556
360 367
360 405
360 5
360 490
360 17
360 654
360 7
360 485
360 13
360 488
360 228
360 495
366 248
366 556
608 747
371 43
371 623
623 368
623 556
727 334
727 556
377 332
377 556
379 419
382 449
382 641
449 210
641 210
383 200
383 267
383 274
383 556
383 590
590 14
590 556
590 792
590 17
590 654
590 7
590 485
590 13
590 488
590 405
590 495
590 367
384 556
768 349
768 556
387 556
389 556
392 377
392 424
424 332
395 358
395 556
396 128
396 296
396 556
397 252
397 556
398 556
398 600
600 314
600 556
600 786
400 198
400 438
400 556
438 556
438 751
401 556
406 556
407 556
408 421
408 556
421 556
411 556
414 15
414 556
415 553
416 248
418 556
420 581
422 334
422 556
423 604
425 534
425 719
719 348
427 166
427 334
427 556
427 790
790 556
790 779
429 95
429 584
584 556
584 711
434 56
434 420
439 556
439 617
439 781
617 642
781 642
441 556
442 81
444 196
444 613
613 213
451 102
451 556
451 619
619 751
459 252
459 346
460 321
461 116
462 388
464 556
469 99
469 318
473 237
473 518
518 341
518 556
474 287
474 334
475 556
476 215
476 631
631 551
479 776
480 624
480 761
624 418
761 418
481 461
481 662
662 116
662 556
483 321
484 301
484 499
499 161
485 635
487 248
488 320
489 245
493 530
493 730
530 153
730 153
730 556
494 585
497 400
497 733
733 438
733 556
498 556
502 103
502 556
504 230
504 354
504 538
504 556
506 516
506 713
516 311
516 556
713 311
507 628
507 658
628 145
658 145
514 243
514 692
692 556
692 592
517 556
519 556
520 556
526 502
526 556
526 665
526 684
526 711
665 512
684 512
527 240
527 479
528 20
528 457
528 556
528 787
787 556
529 151
529 556
529 706
532 734
536 7
536 485
536 367
536 405
536 14
536 792
536 10
536 353
537 556
539 356
539 556
539 596
596 207
540 235
540 494
541 343
541 352
541 556
541 654
785 403
785 556
565 40
565 263
568 386
570 171
570 579
579 548
579 556
574 234
574 246
574 556
574 577
575 309
575 335
739 762
578 556
580 501
582 129
582 209
582 414
582 556
582 715
715 386
715 556
588 60
588 556
792 594
591 179
591 741
741 53
597 553
598 556
786 556
786 716
605 423
605 556
605 573
607 79
607 276
610 455
612 556
614 556
615 556
622 59
622 489
622 556
627 556
627 653
627 686
653 331
686 331
629 419
632 180
632 310
644 556
666 63
666 442
668 190
668 502
670 313
670 462
670 556
670 754
754 556
671 328
671 580
672 47
672 680
680 127
674 556
674 745
685 69
685 233
688 563
690 556
697 152
697 556
702 42
702 285
707 416
707 487
707 556
708 568
708 715
720 415
720 597
722 379
722 629
723 257
723 556
723 688
728 28
728 528
729 139
729 556
729 773
773 24
735 191
735 649
736 556
736 780
780 556
737 278
737 610
743 255
743 498
743 556
743 697
748 556
755 222
755 706
759 13
759 488
759 405
759 495
759 10
759 353
759 7
759 485
759 367
767 337
767 556
769 184
769 264
774 21
774 674
778 556
782 155
782 532
783 32
783 556
784 556
788 355
788 556
788 588
789 556
793 349
793 556
797 293
797 395
