0 265
265 51
1 265
2 265
3 265
4 265
5 265
6 265
6 339
6 466
6 15
6 419
6 273
6 504
6 13
6 31
6 8
6 467
339 65
339 265
339 15
339 419
339 273
339 504
339 13
339 31
339 8
339 467
466 65
466 265
7 265
8 265
8 580
8 13
8 31
8 339
8 466
8 291
8 478
8 15
8 419
8 467
8 273
8 504
9 265
10 265
11 265
13 265
13 402
13 15
13 419
13 31
13 8
13 467
13 339
13 466
402 265
14 265
15 252
15 265
15 339
15 466
15 8
15 467
15 419
15 13
15 31
15 18
15 520
15 291
15 478
15 273
15 504
252 341
16 291
16 478
16 18
16 520
16 15
16 419
16 339
16 466
16 23
16 319
291 68
291 478
291 18
291 520
291 15
291 419
291 339
291 466
291 23
291 319
478 68
478 265
17 265
18 84
18 23
18 319
18 15
18 419
18 520
18 8
18 467
84 265
19 265
20 265
22 265
23 236
23 15
23 419
23 291
23 478
23 319
23 339
23 466
236 59
25 265
27 147
147 265
28 265
29 265
30 265
31 292
31 402
292 265
32 213
32 442
213 596
442 265
442 596
33 265
34 265
36 265
37 265
38 265
38 488
488 265
39 265
40 265
42 265
43 265
44 265
45 265
45 310
45 554
310 98
310 265
554 98
554 265
46 265
47 265
48 265
49 265
51 265
52 29
52 265
53 499
54 58
54 247
58 265
58 394
247 265
247 394
55 265
56 265
57 265
394 265
59 265
60 265
62 265
65 265
66 55
66 265
67 265
68 265
70 265
71 265
72 265
73 265
74 265
74 303
303 265
75 265
77 265
78 265
78 367
78 570
367 50
367 265
570 50
570 265
79 265
80 79
80 265
81 265
82 265
85 265
87 265
88 265
89 265
90 516
516 265
91 53
91 211
91 265
211 499
92 265
93 265
94 265
97 265
97 505
505 265
98 265
100 265
101 265
102 265
103 265
105 265
106 265
108 265
109 265
111 265
113 265
114 265
115 265
116 265
118 449
449 265
119 265
121 265
122 265
123 265
124 265
125 265
126 265
128 265
128 516
130 265
131 93
131 265
132 265
135 265
136 265
137 265
138 265
139 265
140 265
141 265
142 265
143 239
143 265
143 424
239 181
424 181
144 265
145 265
145 599
599 265
146 265
148 265
148 272
148 490
272 241
490 241
490 265
149 265
150 265
150 523
152 265
153 265
154 265
155 265
157 265
158 95
158 265
159 265
161 265
162 265
164 265
165 265
166 265
167 265
168 265
170 265
171 265
171 376
171 439
376 265
376 385
439 265
439 385
172 590
590 265
175 13
175 31
175 15
175 419
175 8
175 467
175 339
175 466
176 265
178 265
179 265
182 329
329 131
329 265
329 511
183 265
184 265
185 265
186 265
187 265
188 265
189 265
190 154
191 265
192 265
194 265
195 265
197 265
198 265
199 265
200 265
201 265
202 265
203 265
204 265
204 479
205 18
205 265
205 520
205 23
205 319
205 15
205 419
205 8
205 467
520 84
520 265
206 158
206 486
486 95
207 265
208 265
209 488
210 265
214 144
215 265
216 265
220 15
220 265
220 419
220 339
220 466
220 8
220 467
220 13
220 31
220 18
220 520
220 291
220 478
220 273
220 504
419 252
419 265
221 265
222 265
223 265
223 358
224 265
225 265
227 79
227 265
228 265
230 265
231 265
232 265
232 348
348 265
233 265
234 265
235 265
237 265
238 265
241 265
242 265
243 265
244 265
245 265
246 265
248 265
248 388
388 265
249 265
250 265
341 265
253 265
254 265
256 265
257 38
257 209
257 265
258 265
260 265
261 265
263 265
264 265
266 265
267 265
269 265
270 29
270 245
273 11
273 265
273 15
273 419
273 8
273 467
273 13
273 31
274 265
275 265
276 265
277 265
278 265
279 265
279 300
279 531
300 414
300 498
531 265
531 498
280 204
280 265
280 489
489 44
489 479
281 265
282 265
283 265
283 523
284 265
285 265
286 99
286 265
287 223
287 265
287 316
316 265
316 358
289 265
290 265
290 440
440 51
293 265
294 248
294 265
294 326
326 265
326 388
295 265
296 265
297 265
298 265
299 265
414 265
498 265
302 243
302 265
304 265
305 265
306 265
307 90
307 128
307 265
308 150
308 265
308 283
309 265
312 265
313 265
314 265
314 348
315 265
317 265
319 236
319 265
320 265
322 265
323 265
325 265
327 265
328 265
511 93
511 265
330 265
331 265
332 265
333 265
334 265
335 265
336 265
337 265
338 265
340 265
342 265
346 265
347 265
349 265
350 265
351 265
352 265
354 66
354 265
354 420
420 55
355 265
356 265
357 265
359 265
360 265
361 265
361 273
361 504
361 15
361 419
361 8
361 467
361 13
361 31
504 11
504 265
362 265
363 265
364 145
364 265
364 540
540 265
540 599
368 265
369 265
371 265
374 265
375 265
377 265
378 265
379 265
381 265
382 265
383 265
384 148
387 265
389 265
391 265
392 80
392 227
392 265
396 187
397 265
398 8
398 265
398 467
398 13
398 31
398 339
398 466
398 291
398 478
398 15
398 419
398 273
398 504
467 265
467 580
399 265
400 265
401 265
404 265
405 23
405 265
405 319
405 15
405 419
405 291
405 478
405 339
405 466
406 265
407 265
408 265
408 505
409 265
410 265
411 265
413 265
415 232
415 314
416 74
416 265
416 514
514 265
514 303
418 265
421 265
422 265
425 265
426 265
427 265
428 265
430 265
432 265
433 265
434 444
444 265
435 265
436 542
542 97
542 265
542 408
438 265
441 265
446 265
455 265
457 265
459 265
460 265
461 265
462 99
462 265
463 265
464 265
465 265
468 265
470 265
471 265
472 265
474 265
475 265
476 265
476 286
476 462
477 265
480 265
481 265
482 414
483 265
484 265
485 265
487 265
491 265
495 265
497 265
501 265
502 265
503 265
506 265
507 265
509 265
510 265
512 265
515 265
517 265
519 265
521 265
525 265
527 265
528 265
529 265
530 265
532 265
534 265
535 265
536 265
537 265
538 243
538 265
539 265
541 265
543 265
544 265
545 265
546 265
547 265
548 265
549 265
550 265
551 265
552 265
553 265
555 265
556 265
557 265
558 172
558 569
569 265
569 590
559 265
560 265
561 265
562 265
563 265
566 265
567 265
571 265
572 265
574 52
574 265
574 270
575 265
577 265
578 265
579 265
582 265
583 265
584 265
586 302
586 538
587 265
588 265
589 265
591 265
593 265
594 265
595 265
597 265
598 265
