0 18
0 82
0 172
0 23
0 93
0 47
0 182
0 112
0 61
18 82
18 140
82 33
172 140
172 18
172 23
172 93
172 47
172 182
172 112
172 61
1 167
1 112
1 61
1 47
1 182
1 31
1 119
1 23
1 93
167 82
2 82
4 82
9 47
9 182
9 25
9 64
9 17
9 68
9 12
9 118
9 21
9 180
47 199
47 182
47 25
47 64
47 17
47 68
47 12
47 118
47 21
47 180
182 199
10 16
10 82
16 82
16 120
11 82
12 99
12 21
12 180
12 118
12 31
12 119
12 25
12 64
12 23
12 93
14 25
14 64
14 12
14 118
14 23
14 93
14 31
14 119
14 112
14 61
14 21
14 180
14 47
14 182
14 172
14 18
25 74
25 82
25 12
25 118
25 23
25 93
25 64
25 31
25 119
25 112
25 61
25 21
25 180
25 47
25 182
25 172
25 18
64 74
15 23
15 82
15 93
15 112
15 61
15 1
15 186
15 21
15 180
15 47
15 182
15 172
15 18
15 31
15 119
23 71
23 82
23 112
23 61
23 1
23 186
23 21
23 180
23 47
23 182
23 172
23 18
23 31
23 119
93 71
93 82
120 19
120 82
17 125
17 47
17 182
17 12
17 118
140 82
21 115
21 17
21 68
21 31
21 119
21 180
21 25
21 64
21 1
21 186
21 23
21 93
24 61
24 82
24 112
24 17
24 68
24 1
24 186
24 25
24 64
24 47
24 182
61 6
61 82
112 6
112 17
112 68
112 1
112 186
112 25
112 64
112 47
112 182
26 0
26 82
27 31
27 82
27 119
27 184
27 1
27 186
27 25
27 64
31 3
31 82
31 119
31 1
31 186
31 25
31 64
119 82
119 121
184 3
184 82
28 148
28 174
148 144
174 144
30 82
30 157
157 82
157 106
157 136
32 19
32 82
33 82
34 1
34 186
34 112
34 61
34 47
34 182
34 31
34 119
34 23
34 93
186 82
186 167
37 82
38 76
42 21
42 82
42 138
42 180
42 17
42 68
42 31
42 119
42 25
42 64
42 1
42 186
42 23
42 93
138 82
138 87
138 149
138 166
180 115
43 160
44 114
44 188
114 117
188 117
45 82
199 82
48 164
48 173
164 35
164 82
173 35
51 82
52 82
53 122
53 176
122 63
176 63
58 82
60 82
66 82
67 82
68 125
69 95
72 82
72 87
87 51
87 82
75 82
77 82
78 123
123 82
79 82
80 82
80 149
149 82
81 82
83 100
84 82
86 82
86 84
90 82
90 105
90 128
105 22
105 82
128 22
128 82
91 82
92 59
94 132
94 159
132 82
132 133
159 82
159 133
96 82
96 95
101 86
101 189
189 84
103 82
104 82
104 92
104 190
190 59
106 147
108 76
108 82
111 82
111 160
113 82
113 154
154 82
117 82
116 82
118 99
121 17
121 68
121 82
121 47
121 182
121 12
121 118
126 12
126 118
126 21
126 180
126 31
126 119
126 25
126 64
126 23
126 93
127 124
131 82
134 38
134 108
135 82
136 147
166 51
141 82
141 151
151 33
142 82
143 82
144 82
146 82
146 153
146 196
153 57
196 57
150 77
150 82
150 116
150 154
152 127
152 168
168 124
155 82
156 113
156 150
158 123
162 32
162 120
165 78
165 82
165 158
171 69
171 96
175 82
177 82
179 82
181 82
185 100
187 43
187 82
187 111
193 82
194 83
194 185
