0 18
0 172
0 1
0 186
0 16
0 118
0 2
0 130
0 47
0 182
0 23
0 93
0 64
0 25
18 140
18 1
18 186
18 16
18 118
18 2
18 130
18 47
18 182
18 23
18 93
18 64
18 25
172 140
1 167
1 16
1 118
1 47
1 182
1 23
1 93
1 2
1 130
1 64
1 25
167 89
2 89
2 178
2 12
2 118
2 130
2 18
2 172
2 64
2 25
2 99
2 16
89 65
9 47
9 182
9 2
9 130
9 17
9 68
9 12
9 118
9 99
9 16
47 199
47 2
47 130
47 17
47 68
47 12
47 118
47 99
47 16
182 199
10 89
11 89
11 155
155 89
12 99
12 2
12 130
12 18
12 172
99 89
99 12
99 118
99 2
99 130
14 25
14 64
14 89
14 47
14 182
14 18
14 172
14 16
14 118
14 12
14 1
14 186
25 74
25 89
64 74
64 47
64 182
64 18
64 172
64 16
64 118
64 12
64 1
64 186
15 23
15 93
15 12
15 118
15 16
15 18
15 172
15 64
15 25
23 71
23 89
23 12
23 118
23 16
23 18
23 172
23 64
23 25
93 71
16 89
16 12
16 118
16 47
16 182
16 2
16 130
16 17
16 68
17 125
17 12
17 118
17 16
17 1
17 186
17 23
17 93
17 68
140 89
19 89
21 89
21 115
115 89
115 151
22 89
24 61
24 112
61 6
112 6
26 65
26 89
27 31
27 66
27 89
27 184
31 3
66 89
184 3
28 148
28 174
148 144
174 144
30 89
32 19
34 1
34 186
34 16
34 118
34 47
34 182
34 23
34 93
34 2
34 130
34 64
34 25
186 167
36 155
38 76
42 21
42 180
180 115
43 89
43 160
44 114
44 188
114 89
114 117
188 117
45 89
45 154
154 89
48 89
48 135
48 164
48 173
135 89
164 35
173 35
50 36
50 89
50 102
102 155
51 89
53 122
53 176
122 63
122 89
176 63
58 89
59 89
67 89
68 89
68 125
69 95
77 89
78 123
80 89
82 33
83 89
83 100
86 84
87 51
90 89
90 105
90 128
90 193
105 22
105 89
128 22
193 89
91 89
92 59
92 89
94 89
94 132
94 159
132 89
132 133
159 133
96 89
96 95
101 86
101 189
189 84
103 89
104 92
104 190
190 59
106 147
147 89
108 76
108 89
111 160
113 89
113 154
151 33
151 89
118 16
118 89
118 99
118 12
118 2
118 130
120 19
121 17
121 68
121 89
121 12
121 118
121 16
121 1
121 186
121 23
121 93
126 12
126 16
126 89
126 118
126 2
126 130
126 18
126 172
126 47
126 182
126 17
126 68
127 89
127 124
130 89
130 178
131 89
134 38
134 108
136 89
136 147
138 87
138 89
138 166
166 51
139 89
141 82
141 89
141 151
142 89
143 2
143 89
143 91
143 130
143 12
143 118
143 18
143 172
143 64
143 25
143 99
143 16
146 89
146 90
146 153
146 196
153 57
196 57
196 89
149 26
149 89
150 58
150 89
150 154
152 127
152 168
168 124
156 113
156 150
157 106
157 136
158 89
158 123
162 32
162 120
165 78
165 158
171 69
171 96
179 89
181 89
183 89
185 100
187 43
187 111
191 89
194 83
194 185
