0 168
168 342
1 168
2 168
3 168
4 128
4 22
4 264
4 272
4 311
128 168
5 80
5 272
5 311
5 198
5 287
5 97
5 4
5 191
5 15
5 239
80 168
7 168
8 272
8 311
8 15
8 239
8 22
8 264
8 198
8 287
8 13
8 286
8 4
8 191
272 168
272 218
272 15
272 239
272 22
272 264
272 198
272 287
272 13
272 286
272 311
272 4
272 191
311 168
311 218
10 168
11 168
11 309
309 168
12 168
13 168
13 248
13 15
13 239
13 286
13 22
13 264
13 5
13 97
13 198
13 287
248 168
15 168
15 290
15 272
15 311
15 239
15 13
15 286
15 5
15 97
15 22
15 264
15 198
15 287
15 4
15 191
290 168
16 168
17 168
17 295
295 168
20 168
21 168
22 168
22 198
22 287
22 4
22 191
22 272
22 311
22 15
22 239
22 13
22 286
23 168
24 198
24 287
24 15
24 239
24 13
24 286
198 1
198 168
198 287
198 15
198 239
198 13
198 286
287 1
287 168
26 168
27 168
28 168
29 22
29 168
29 264
29 198
29 287
29 4
29 191
29 272
29 311
29 15
29 239
29 13
29 286
264 168
264 325
30 156
30 168
30 181
30 390
156 374
181 168
181 346
390 168
390 374
33 168
33 289
33 329
289 168
329 168
34 168
35 168
37 74
37 168
74 168
38 107
38 168
107 168
39 168
39 304
40 168
41 168
42 168
43 168
43 343
343 168
44 4
44 168
44 191
44 22
44 264
44 272
44 311
191 128
191 168
45 168
46 168
46 320
47 17
47 102
102 295
50 168
51 168
52 168
53 168
56 168
57 168
59 113
60 63
60 168
60 327
63 125
63 168
327 125
327 168
62 168
62 316
62 387
316 168
387 168
125 168
64 280
280 168
65 72
65 168
72 168
66 168
66 374
374 45
374 168
67 168
70 99
70 168
71 168
73 244
244 168
75 168
75 316
76 168
77 168
78 168
79 168
83 168
86 168
87 29
87 386
386 168
386 264
88 168
89 168
90 168
91 247
93 168
94 168
95 70
95 168
95 232
95 399
232 99
399 168
97 80
97 168
98 168
101 168
103 168
103 205
103 263
205 256
263 168
263 256
104 168
108 168
109 168
112 104
114 168
114 343
115 62
115 75
115 168
116 168
116 293
116 360
293 119
293 168
293 203
293 348
360 348
118 168
119 168
120 5
120 97
120 272
120 311
120 198
120 287
120 4
120 191
120 15
120 239
121 168
122 168
123 168
126 168
126 312
312 168
312 196
129 168
130 168
131 168
133 168
136 168
138 168
139 168
141 352
141 398
352 168
352 326
398 168
398 326
142 168
143 168
144 168
146 168
148 168
148 211
148 254
148 392
211 168
254 168
254 267
392 28
392 168
392 267
392 272
149 185
149 188
185 108
185 168
185 356
185 374
188 168
188 356
151 168
153 168
154 13
154 168
154 286
154 15
154 239
154 22
154 264
154 5
154 97
154 198
154 287
286 168
286 248
155 204
155 364
204 168
204 346
364 168
364 346
157 168
159 168
159 380
380 168
161 33
161 294
294 329
162 168
163 103
163 168
164 168
166 168
169 168
169 331
331 168
170 108
170 168
171 168
172 168
173 168
174 168
176 168
177 43
177 168
178 168
179 76
179 168
179 181
180 168
346 168
182 168
182 193
182 395
193 176
395 168
395 176
183 168
184 168
187 168
187 266
266 168
266 342
189 168
189 244
190 168
192 168
196 168
199 168
201 168
203 168
256 168
206 168
208 168
209 32
209 63
209 168
210 104
212 168
213 168
213 399
214 168
215 168
216 168
216 290
217 168
219 168
219 312
221 168
222 168
224 168
225 280
230 168
231 168
233 168
234 168
235 91
235 282
282 247
236 168
236 209
236 377
377 32
377 168
238 168
239 168
239 290
240 168
241 168
242 168
243 64
243 168
243 225
246 168
249 168
250 168
251 45
251 168
252 168
252 387
253 168
267 168
255 168
255 365
257 168
258 320
260 168
325 73
325 168
325 189
268 71
268 168
269 168
271 168
273 168
273 269
274 168
275 168
275 365
277 168
281 168
283 168
284 168
285 168
285 181
288 107
288 168
291 168
292 168
296 168
297 168
298 168
302 168
303 168
303 304
305 168
305 286
306 168
307 168
310 168
313 168
314 168
315 168
317 168
317 179
317 285
318 168
319 168
319 251
319 337
337 45
337 168
321 168
324 113
324 168
326 168
328 168
330 168
333 168
334 168
339 168
344 168
345 168
347 37
347 357
357 74
349 168
349 255
349 275
350 168
351 168
354 168
355 126
355 168
355 219
358 112
358 210
362 46
362 258
363 59
363 168
363 324
366 168
367 168
370 168
372 168
373 168
375 168
378 168
379 168
384 15
384 168
384 239
384 272
384 311
384 13
384 286
384 5
384 97
384 22
384 264
384 198
384 287
384 4
384 191
385 122
385 168
385 288
388 168
391 168
393 168
394 39
394 303
396 168
396 334
397 168
