0 21
0 15
0 384
0 571
0 46
0 24
0 198
21 241
2 241
241 542
3 241
4 241
4 328
4 571
4 9
4 377
4 391
4 19
571 241
571 15
571 384
571 19
571 9
571 377
571 29
571 186
571 25
571 264
571 5
571 303
571 4
571 391
571 24
571 198
5 205
5 25
5 264
5 9
5 377
5 29
5 186
5 303
7 241
8 241
9 241
9 432
9 0
9 245
9 24
9 198
9 571
9 19
9 29
9 186
10 0
10 241
10 245
10 15
10 384
10 571
10 46
10 24
10 198
245 21
245 241
12 241
13 241
14 241
14 381
381 46
381 241
381 394
381 571
381 19
381 25
381 264
381 4
381 391
381 24
381 198
381 15
381 384
15 241
15 320
15 0
15 245
15 571
15 46
15 384
15 5
15 303
15 29
15 186
15 4
15 391
17 241
18 15
18 384
18 0
18 245
18 571
18 46
18 5
18 303
18 29
18 186
18 4
18 391
384 51
384 241
384 320
19 241
20 241
22 241
23 241
24 287
24 571
24 19
24 46
24 9
24 377
287 241
25 112
25 571
25 19
25 264
25 46
25 29
25 186
112 241
26 136
26 241
136 241
28 241
29 586
29 25
29 264
29 9
29 377
29 4
29 391
29 571
29 19
29 186
29 46
29 5
29 303
586 241
30 241
30 356
356 241
31 161
31 241
161 241
161 462
34 241
35 241
36 9
36 377
36 0
36 245
36 24
36 198
36 571
36 19
36 29
36 186
377 241
377 432
37 241
38 241
39 241
40 241
42 241
43 241
44 4
44 241
44 391
44 9
44 377
44 571
44 19
391 241
391 328
45 241
45 521
521 241
46 96
46 241
46 439
96 241
439 241
47 241
47 437
47 439
47 502
437 120
437 241
437 342
502 19
502 120
502 241
48 241
49 241
49 462
462 241
50 458
51 241
52 241
53 241
53 452
452 241
56 241
57 241
58 256
256 241
60 241
61 241
62 241
62 316
62 581
316 241
316 536
581 241
65 241
65 416
416 241
66 241
67 241
68 241
69 241
70 241
70 518
518 67
518 241
71 241
72 241
74 232
74 241
74 495
232 241
232 470
495 241
495 470
75 241
77 241
78 241
79 241
80 241
80 347
80 557
347 37
347 241
557 37
557 241
81 241
81 373
373 241
373 542
82 241
83 241
84 241
85 179
85 241
179 241
86 156
86 241
156 235
156 241
87 29
87 186
87 241
87 25
87 264
87 9
87 377
87 4
87 391
87 571
87 19
87 46
87 5
87 303
186 241
186 586
88 241
88 458
89 241
90 141
90 156
90 241
141 235
141 241
91 354
91 482
354 86
354 241
482 86
92 241
93 241
93 424
424 163
424 241
424 531
94 129
129 241
95 137
95 241
137 241
97 241
98 241
99 103
99 366
103 241
103 387
366 241
366 387
101 241
102 241
104 241
105 241
106 241
107 241
108 241
109 241
110 528
528 241
111 241
115 241
116 241
116 560
560 241
117 179
119 137
119 241
119 250
250 241
120 241
121 241
123 241
124 241
124 313
313 241
125 241
126 25
126 241
126 264
126 571
126 19
126 46
126 29
126 186
264 112
264 241
127 241
128 241
130 241
130 319
130 453
319 241
319 343
453 241
453 343
131 241
132 136
132 241
134 241
138 241
139 241
235 241
142 167
142 241
142 424
167 531
143 241
144 241
147 273
147 525
273 19
273 241
273 571
273 15
273 384
273 9
273 377
273 29
273 186
273 5
273 303
525 19
525 241
148 241
149 241
149 385
385 241
385 246
385 486
150 241
151 241
152 241
152 503
503 241
155 146
157 132
157 241
158 410
158 512
410 241
410 304
512 31
512 241
512 304
160 241
162 258
258 241
163 241
164 241
165 241
165 576
576 241
166 241
531 241
168 241
168 266
266 241
169 241
170 241
171 241
172 241
173 241
174 241
177 241
178 241
180 241
182 241
182 262
182 272
262 241
262 419
272 96
272 241
183 241
183 410
184 241
185 241
187 241
188 241
192 54
192 241
193 169
193 241
193 576
194 241
195 165
195 177
195 193
195 241
196 241
197 241
198 241
198 287
201 62
201 241
201 475
475 316
202 241
203 222
203 241
222 241
207 241
208 311
311 241
311 317
209 58
209 241
209 463
463 241
463 256
210 174
210 241
212 241
212 415
415 241
213 182
213 241
213 448
448 241
448 262
214 241
215 241
215 310
310 241
220 241
223 241
225 241
230 241
231 241
233 129
234 241
236 241
238 241
239 30
239 241
239 290
290 241
290 356
240 241
242 241
243 241
244 241
246 241
246 326
246 355
326 241
326 419
355 241
355 419
248 241
249 74
249 241
251 241
252 241
253 241
254 241
255 241
257 241
260 241
419 241
263 241
263 325
263 527
325 241
325 243
527 241
527 243
269 241
270 241
271 241
274 241
275 241
275 558
558 74
558 241
276 241
279 241
280 241
281 241
281 587
587 241
587 266
282 241
283 78
283 241
284 241
285 241
286 241
289 241
291 241
292 241
293 241
296 241
298 241
299 220
299 241
301 241
301 421
301 516
421 16
421 241
516 16
516 241
303 205
303 241
304 241
309 241
317 21
317 241
312 116
312 241
312 493
493 241
493 560
315 241
536 241
318 241
322 7
322 241
323 241
323 243
329 241
330 241
331 241
332 241
334 241
338 241
339 241
340 241
341 86
341 241
342 241
344 241
344 528
346 241
348 54
349 241
351 241
352 60
352 241
352 339
357 241
358 241
360 241
361 94
361 233
362 241
363 124
363 241
363 459
459 313
364 146
365 192
365 348
369 241
370 241
371 241
372 241
374 241
374 509
509 241
376 241
376 281
378 241
379 241
380 241
394 439
382 241
382 338
383 241
486 241
386 241
388 385
389 241
390 162
390 241
390 574
574 241
574 258
392 60
392 241
395 241
396 241
397 241
398 241
401 208
401 241
401 472
472 241
472 311
403 241
404 241
405 97
405 241
406 241
406 539
539 241
407 241
408 241
412 241
413 241
414 30
414 241
417 95
417 119
417 241
418 241
420 241
422 241
423 241
423 378
425 241
426 241
433 241
434 241
435 241
436 241
438 241
440 241
443 241
444 241
445 241
445 515
447 241
449 241
450 241
451 241
451 445
451 556
556 515
454 241
455 241
455 558
456 2
456 241
457 241
460 241
461 241
464 5
464 241
464 303
464 25
464 264
464 9
464 377
464 29
464 186
466 241
467 405
467 520
520 97
520 241
469 241
471 241
471 249
473 241
476 192
476 241
477 241
479 56
479 241
480 85
480 117
480 241
480 416
483 241
484 241
485 241
487 241
489 241
490 241
491 241
492 241
498 241
499 24
499 198
499 571
499 19
499 46
499 9
499 377
501 28
501 241
504 149
504 388
506 241
506 293
507 9
507 241
508 241
511 241
514 241
517 241
523 241
526 241
529 241
532 241
533 241
535 186
535 241
537 241
538 241
540 241
541 352
541 392
543 241
544 241
545 241
546 110
546 241
546 344
549 241
549 275
549 455
552 241
554 241
555 241
562 241
563 168
563 241
563 587
565 86
565 241
569 241
572 241
573 241
575 186
575 241
578 241
579 241
580 241
582 90
582 241
583 241
585 241
588 241
589 155
589 241
589 364
590 241
591 241
592 50
592 88
595 3
595 241
597 241
598 160
598 241
599 241
