0 189
189 53
1 53
53 117
2 53
3 53
4 27
4 141
4 9
4 43
4 11
4 41
4 78
4 119
4 42
4 147
27 47
27 9
27 43
27 11
27 41
27 78
27 119
27 42
27 147
141 47
5 14
14 53
6 53
7 11
7 41
7 78
7 119
7 9
7 43
7 55
7 181
7 27
7 141
7 23
7 171
11 53
11 76
11 78
11 119
11 9
11 43
11 41
11 55
11 181
11 27
11 141
11 23
11 171
41 53
41 76
8 53
9 0
9 53
9 27
9 141
9 43
9 50
9 156
9 11
9 41
9 42
9 147
10 53
10 88
10 165
10 11
10 41
10 9
10 43
88 190
88 165
88 11
88 41
88 9
88 43
165 53
165 190
76 53
13 53
18 53
20 53
21 53
21 78
21 119
21 50
21 156
21 23
21 171
21 42
21 147
21 11
21 41
21 88
21 165
78 111
78 50
78 156
78 23
78 171
78 42
78 147
78 11
78 41
78 88
78 165
119 53
119 111
22 53
23 95
23 88
23 165
23 9
23 43
23 11
23 41
95 53
24 53
47 53
28 53
30 53
31 53
32 53
33 53
34 53
36 53
36 55
36 181
36 88
36 165
36 27
36 141
36 78
36 119
55 46
55 88
55 165
55 181
55 27
55 141
55 78
55 119
181 46
37 53
38 53
39 53
40 53
42 53
42 159
42 27
42 141
42 11
42 41
42 50
42 156
43 0
43 53
44 1
45 53
48 53
49 9
49 43
49 53
49 27
49 141
49 50
49 156
49 11
49 41
49 42
49 147
50 53
50 162
50 78
50 119
50 55
50 181
50 23
50 171
50 11
50 41
162 53
51 53
54 53
56 53
57 53
59 53
59 160
160 53
60 53
60 148
148 53
61 53
61 117
64 53
64 63
65 53
66 53
67 53
68 53
68 145
145 53
70 53
72 53
73 53
74 53
77 53
77 60
77 138
138 53
138 148
79 53
84 53
85 53
85 68
85 174
174 145
86 42
86 53
86 147
86 27
86 141
86 11
86 41
86 50
86 156
147 53
147 159
87 53
190 53
89 53
90 53
91 63
93 53
94 53
96 53
97 53
98 53
101 53
102 53
103 53
104 53
105 53
105 59
105 109
109 160
108 53
110 53
112 53
113 30
114 53
115 53
116 53
118 53
120 53
121 53
122 53
123 53
124 53
125 42
126 53
127 194
194 53
128 53
129 53
130 53
131 53
131 61
134 53
135 30
136 53
140 53
142 53
143 53
144 53
146 34
149 53
150 53
152 53
153 53
154 53
155 53
156 162
157 38
158 23
158 53
158 171
158 88
158 165
158 9
158 43
158 11
158 41
171 53
171 95
161 53
164 53
167 53
168 127
168 183
183 53
183 194
169 53
170 53
172 53
176 53
177 64
177 91
178 53
179 53
180 53
182 53
184 53
187 53
191 53
192 53
193 53
195 53
197 53
198 50
198 53
198 156
198 78
198 119
198 55
198 181
198 23
198 171
198 11
198 41
199 53
