0 164
0 18
0 199
0 56
0 176
0 5
0 37
0 6
1 82
82 199
2 43
2 82
2 119
2 0
2 99
2 18
2 111
2 56
2 176
2 146
2 199
43 82
43 0
43 99
43 18
43 111
43 56
43 176
43 146
43 199
119 82
3 82
3 18
3 199
5 56
5 82
5 146
5 0
5 99
5 18
5 199
5 37
5 176
5 111
5 74
5 6
5 157
5 3
5 43
5 119
56 82
56 0
56 99
56 18
56 199
56 5
56 6
56 37
56 74
56 3
56 176
56 146
146 82
6 18
6 82
6 111
6 113
6 199
6 3
6 176
6 5
6 157
6 56
6 0
6 99
6 37
6 146
18 80
18 82
18 174
18 199
18 3
18 176
18 5
18 157
18 56
18 0
18 99
18 111
18 37
18 146
111 82
113 9
113 88
113 158
113 174
199 82
199 170
7 82
7 85
85 82
8 82
8 187
187 82
187 111
187 157
9 3
9 82
9 176
9 18
9 199
176 82
176 133
176 157
10 82
14 82
15 0
15 24
15 82
15 99
15 145
15 174
15 18
15 199
15 56
15 176
15 5
15 37
15 6
24 82
99 82
99 137
99 164
145 3
145 82
174 45
174 46
174 82
174 117
80 82
20 70
20 75
20 82
20 92
70 72
75 72
75 82
75 101
92 56
92 82
21 186
22 82
23 82
23 166
166 82
25 26
25 196
26 74
26 82
196 74
74 82
29 82
29 155
155 82
30 82
32 13
33 82
33 98
34 64
35 82
36 82
37 82
37 146
38 123
123 82
40 32
40 82
40 88
40 92
40 130
40 135
88 82
130 74
130 78
130 82
135 13
41 82
44 19
44 82
45 59
45 82
59 82
46 82
47 26
47 82
48 47
48 82
49 22
49 82
49 165
49 178
165 82
178 82
178 97
50 2
50 106
106 43
51 82
52 74
52 82
54 33
54 73
54 82
73 34
73 82
73 122
55 38
55 45
55 82
55 180
180 82
180 123
57 82
60 160
160 82
62 85
63 82
63 128
128 82
128 167
68 45
68 82
69 47
69 80
69 82
69 171
171 5
171 6
171 74
171 157
171 37
171 56
171 176
171 18
171 111
171 146
171 3
171 199
171 43
171 119
72 14
72 82
71 82
122 64
101 60
101 82
101 118
101 137
76 82
78 5
78 37
78 82
78 3
78 176
78 56
78 6
78 0
78 99
84 82
84 89
89 82
86 82
86 147
147 45
147 82
147 199
87 82
93 82
93 111
93 187
94 82
94 101
97 45
97 82
137 47
137 82
137 160
100 82
118 82
102 82
103 47
103 82
104 107
104 141
107 65
141 65
141 82
105 82
105 114
105 133
114 82
114 176
133 26
133 82
108 45
108 82
108 152
152 82
109 82
158 82
115 82
115 190
190 82
116 82
117 56
117 82
117 176
117 5
117 6
117 37
117 3
117 18
117 199
117 146
117 74
117 0
117 99
127 82
127 156
156 82
167 82
167 111
129 30
129 82
129 183
183 82
131 82
131 94
131 118
132 80
132 82
132 167
134 82
134 128
136 69
136 82
136 102
136 148
148 80
148 82
138 82
140 82
140 133
142 82
142 93
143 14
143 82
149 24
149 82
149 88
150 82
150 129
150 131
151 7
151 62
151 82
153 82
153 167
154 21
154 78
154 82
154 145
154 188
188 186
157 36
157 82
157 147
159 45
159 82
161 82
170 82
170 98
172 82
172 187
177 82
179 82
179 170
179 193
193 19
193 30
193 82
182 23
182 33
182 76
182 82
182 118
182 170
185 44
185 82
185 133
185 148
185 157
185 193
189 82
189 158
194 82
194 128
195 82
195 157
195 167
197 82
197 116
198 82
