0 171
0 181
0 362
0 375
0 350
0 11
0 213
0 7
0 298
171 309
171 375
171 350
171 11
171 213
171 181
171 7
171 298
181 309
362 313
2 350
2 362
2 375
2 10
2 110
2 7
2 298
2 129
2 227
2 171
2 181
2 318
2 229
2 11
2 213
2 333
350 196
350 362
350 7
350 298
350 129
350 227
350 171
350 181
350 318
350 229
375 196
375 362
375 10
375 110
375 11
375 213
375 333
5 36
5 362
36 362
6 362
6 350
6 375
6 11
6 213
7 362
7 350
7 375
7 10
7 333
7 11
7 213
7 171
7 181
8 362
10 362
10 388
10 318
10 229
10 171
10 181
10 11
10 213
10 129
10 227
10 7
10 298
10 375
10 350
388 362
11 318
11 362
11 6
11 217
11 7
11 298
11 213
11 10
11 110
11 350
11 375
11 129
11 227
11 171
11 181
318 362
318 375
318 350
12 362
16 362
18 135
18 352
135 109
352 109
19 362
20 46
20 211
46 311
211 311
211 362
21 362
22 89
22 362
89 62
89 252
89 362
23 188
23 362
24 362
25 362
26 58
26 362
26 376
58 59
376 59
27 147
147 362
28 55
28 81
55 195
55 362
81 195
33 31
33 315
33 362
315 250
315 362
34 362
35 362
37 362
38 362
40 362
41 362
42 148
42 308
42 362
148 362
308 73
308 362
43 6
43 184
43 362
43 373
184 381
373 362
373 381
44 210
44 254
44 362
210 362
254 24
254 362
47 111
47 197
111 93
197 93
197 362
49 334
49 356
49 362
334 154
356 154
50 6
50 217
50 362
50 350
50 375
50 11
50 213
217 362
51 362
195 362
56 42
56 362
56 382
382 148
57 362
59 362
60 19
60 43
60 99
60 176
60 362
99 140
99 362
176 140
176 362
62 362
62 364
364 313
364 362
65 144
67 362
68 228
68 362
228 362
70 362
73 150
73 362
150 362
75 5
75 394
394 36
76 254
76 362
77 162
77 333
77 362
162 225
162 362
333 73
333 362
78 91
79 293
79 332
293 304
293 362
332 304
332 362
82 362
84 131
85 7
85 298
85 362
85 350
85 375
85 10
85 333
85 11
85 213
85 171
85 181
298 362
86 191
86 201
86 362
191 223
191 362
201 223
87 362
92 216
92 231
216 262
216 362
231 262
231 362
94 229
94 362
94 369
229 362
369 332
369 362
95 225
95 362
95 381
225 362
381 362
96 258
96 362
258 11
258 213
258 362
258 6
258 217
258 7
258 298
258 10
258 110
258 350
258 375
258 129
258 227
258 171
258 181
97 147
97 362
102 156
156 21
156 362
105 362
107 362
108 23
108 182
108 362
182 188
109 362
110 388
112 362
113 362
114 362
116 143
116 362
143 195
143 362
117 362
117 395
395 362
118 362
119 362
120 362
121 308
121 333
121 362
122 357
122 362
357 362
123 362
127 176
127 362
128 187
187 70
187 362
129 6
129 362
129 10
129 333
129 227
129 110
129 375
129 350
132 362
133 362
134 362
139 116
139 327
327 143
327 269
327 362
141 362
142 362
145 362
146 78
146 242
146 362
242 91
242 362
149 128
149 347
347 187
347 362
151 362
152 362
152 371
371 362
155 362
159 362
160 31
161 131
163 362
164 37
165 11
165 362
165 397
167 192
167 277
192 96
192 362
277 96
168 117
168 362
169 362
170 10
170 362
173 33
173 160
173 362
175 362
177 144
179 362
180 217
180 362
183 68
183 362
185 362
189 84
189 161
189 362
194 362
199 156
199 348
199 362
348 114
348 362
200 362
202 298
202 362
204 362
205 118
205 129
205 227
205 362
205 10
205 333
205 110
205 375
205 350
227 6
227 362
206 362
207 362
209 362
212 44
212 76
213 229
213 318
213 362
213 375
213 350
214 362
215 102
215 241
241 156
241 362
219 37
219 362
221 362
224 362
232 27
232 97
232 362
233 150
233 362
234 362
236 362
237 362
238 165
238 362
238 393
393 24
393 308
393 362
393 397
239 362
243 217
243 362
244 362
245 362
245 364
247 362
248 150
248 362
249 183
249 362
249 370
370 68
370 141
370 362
253 362
255 224
255 362
255 377
377 362
257 299
257 319
299 310
319 310
259 119
259 362
260 362
265 168
265 296
296 117
296 362
266 362
268 362
269 362
270 362
273 95
273 162
273 362
274 285
274 315
285 250
275 362
278 362
279 21
279 305
279 362
305 362
281 362
283 163
283 362
284 362
286 362
288 362
290 362
291 362
292 24
292 362
304 116
304 362
294 362
295 290
295 362
297 286
297 362
302 362
303 362
306 224
307 362
313 134
313 217
313 249
313 362
314 362
316 362
317 362
322 362
322 387
387 362
323 362
325 362
326 362
329 164
329 219
330 255
330 306
330 362
335 85
335 202
336 362
339 233
339 248
339 258
339 362
341 10
341 110
341 333
341 362
341 318
341 229
341 171
341 181
341 11
341 213
341 129
341 227
341 7
341 298
341 375
341 350
342 173
342 362
343 362
344 252
345 259
345 362
345 372
372 119
351 205
351 362
353 362
354 362
359 89
359 344
359 362
363 362
366 362
367 359
367 362
374 362
378 65
378 177
384 362
385 362
386 350
386 362
389 362
390 362
392 362
396 362
398 10
398 362
