0 392
392 189
1 392
3 392
3 783
783 392
783 76
783 655
783 782
783 40
783 240
783 393
783 101
783 414
4 392
5 392
5 706
706 392
6 76
6 392
6 655
6 40
6 393
76 392
76 40
76 393
655 392
9 101
9 392
9 414
9 287
9 241
9 393
9 783
9 782
9 40
9 76
9 655
101 241
101 392
101 9
101 287
101 414
101 393
101 40
101 783
101 782
101 76
101 655
414 40
414 240
414 241
414 392
414 393
414 76
414 655
414 101
414 783
414 782
10 208
10 392
208 392
11 392
11 698
698 392
698 746
13 392
14 392
15 392
16 392
17 321
17 392
17 695
17 789
321 392
321 710
695 392
789 392
789 476
18 392
19 70
19 208
19 392
19 665
70 392
665 392
20 392
20 472
20 586
472 392
586 321
586 392
21 392
22 715
715 392
24 392
25 392
26 226
26 392
26 433
26 476
226 281
226 392
433 216
433 392
476 281
476 392
27 126
27 392
27 608
126 239
126 392
608 392
28 392
29 392
31 392
31 639
639 115
639 324
639 392
32 392
33 18
33 344
33 392
344 392
344 399
34 392
35 285
35 392
35 466
35 696
285 223
285 392
466 392
696 392
36 392
36 424
36 743
424 392
743 392
743 586
37 392
38 208
38 392
38 682
682 392
682 782
39 392
40 392
40 101
40 414
40 240
40 393
40 241
40 783
40 782
41 143
41 392
41 585
41 640
143 392
585 392
585 590
640 141
640 392
42 392
43 392
44 392
45 50
45 392
45 642
50 392
642 392
46 32
46 392
46 557
46 579
557 50
557 392
579 392
579 399
47 392
47 717
717 392
717 746
49 288
49 392
49 778
288 392
778 392
51 392
52 121
52 392
121 392
54 392
55 87
55 89
55 180
55 392
55 731
87 140
89 271
89 392
180 140
731 392
56 392
57 345
57 392
57 626
345 392
345 428
345 608
626 428
58 392
59 392
59 606
606 392
60 392
61 392
61 535
61 551
535 40
535 392
551 392
551 698
62 299
62 392
62 787
299 333
787 333
63 392
63 666
666 307
666 392
64 392
64 590
590 208
590 392
66 392
67 392
68 392
68 522
522 392
69 392
71 231
71 392
72 5
72 392
72 656
656 392
656 706
73 392
73 415
415 392
74 170
170 392
75 104
75 392
75 678
75 695
104 293
104 392
678 392
78 392
78 686
686 392
80 392
82 392
82 739
82 745
739 392
745 392
83 22
83 392
83 451
83 741
83 757
451 54
451 264
451 392
451 715
741 327
741 392
741 411
757 392
84 392
84 772
772 198
772 392
86 88
86 392
86 702
86 788
88 392
702 31
788 31
788 392
140 392
271 392
271 608
90 392
91 392
91 528
528 86
528 189
528 392
528 569
92 392
93 392
94 392
96 274
96 392
274 101
274 392
97 217
97 392
217 226
217 392
217 502
98 392
100 344
100 392
241 172
241 392
241 427
241 76
241 655
241 101
241 414
241 783
241 782
241 40
241 393
241 240
102 392
103 392
293 392
105 392
105 701
701 392
106 392
107 392
108 392
109 166
109 392
109 753
166 392
753 392
110 392
111 392
112 392
113 344
113 392
114 392
115 392
115 701
116 127
116 392
127 392
117 392
118 392
119 392
120 94
120 159
120 392
159 392
122 392
123 392
124 392
125 28
125 377
125 392
377 392
239 338
239 392
128 365
128 392
365 392
365 655
129 392
130 392
131 392
132 392
133 392
133 546
546 392
134 392
135 392
135 586
136 392
136 525
525 392
137 142
137 392
142 392
139 392
141 392
144 46
144 392
144 448
448 392
448 579
145 392
145 579
145 776
776 291
776 392
146 106
146 392
151 170
151 392
152 578
153 392
154 392
154 784
784 392
155 392
155 395
155 659
155 796
395 392
659 392
796 392
796 525
156 392
156 574
574 392
158 392
160 58
160 392
161 263
161 392
263 392
163 392
163 414
163 502
502 392
502 552
164 69
164 392
164 734
734 327
734 392
167 392
167 727
727 392
168 392
168 576
576 390
576 392
169 392
169 665
169 670
670 392
670 536
172 392
172 704
704 392
173 392
173 662
662 392
174 392
177 392
178 102
178 392
181 392
182 392
182 455
455 392
183 392
184 94
184 392
185 96
185 392
185 507
185 635
507 392
635 392
186 392
187 392
188 392
189 392
189 412
189 470
189 619
412 392
470 392
619 217
619 392
619 753
190 392
191 392
191 596
596 392
596 533
192 392
192 789
193 94
193 163
193 392
193 502
195 392
195 631
631 392
196 94
196 124
196 392
196 600
198 392
199 392
199 552
199 596
199 776
552 392
201 357
201 392
201 395
201 733
357 392
733 392
202 392
202 578
203 392
203 561
561 392
561 470
204 392
204 697
697 392
697 698
205 392
206 263
206 392
207 392
207 624
624 392
209 491
209 542
491 124
491 127
491 392
542 124
542 392
542 763
210 392
211 392
211 682
212 50
212 392
213 160
213 392
216 392
218 263
218 392
218 653
653 392
219 392
220 105
220 392
220 533
533 392
221 392
222 301
222 392
222 539
301 392
539 62
539 128
539 392
223 392
224 392
281 358
281 392
227 392
227 749
749 249
749 392
749 586
228 257
228 392
228 593
257 392
257 624
229 392
229 674
674 392
230 220
230 392
230 439
230 618
439 392
618 392
232 10
232 38
232 392
233 392
234 392
235 392
235 642
236 392
236 579
237 392
237 470
338 392
240 392
240 241
240 393
240 40
240 101
240 414
240 76
240 655
240 783
240 782
427 357
427 392
242 392
243 392
244 392
245 5
245 43
245 392
246 392
247 392
247 454
247 513
454 392
454 593
513 392
248 313
248 392
313 392
249 321
249 392
250 392
251 123
251 392
251 448
253 115
253 392
255 392
255 469
469 392
256 392
258 392
258 624
259 392
260 388
260 392
260 718
388 183
388 250
388 392
718 392
262 40
262 392
262 493
262 555
493 284
555 284
555 392
264 392
265 392
266 124
266 392
267 392
269 392
270 392
270 545
545 392
272 392
272 399
399 392
273 392
275 392
275 540
540 392
276 101
276 392
280 392
280 636
636 392
358 151
358 392
282 392
282 415
283 392
283 403
403 392
284 33
284 312
284 392
312 392
312 489
312 617
286 170
286 392
286 427
287 14
287 392
287 590
289 392
290 392
290 471
471 369
471 392
291 392
292 123
292 392
292 576
292 797
797 392
294 79
294 392
295 392
295 673
673 392
296 195
296 392
296 550
296 703
550 392
703 303
703 392
703 631
297 336
297 392
336 230
336 392
298 392
298 403
333 392
333 516
300 392
302 392
303 392
304 32
304 133
304 392
307 392
309 392
309 728
728 392
311 392
311 610
610 392
489 392
617 329
617 392
314 392
315 392
316 333
316 392
316 395
317 392
318 392
318 540
319 392
320 392
710 129
710 392
322 20
322 392
324 392
325 190
325 392
325 599
599 289
599 392
326 33
326 392
326 489
327 92
327 706
327 720
327 742
720 392
742 392
328 392
329 392
330 392
331 539
331 667
667 43
667 128
667 392
667 488
667 692
332 392
516 392
335 71
335 527
527 231
527 392
337 392
337 401
337 546
401 392
339 280
339 392
341 392
342 311
428 392
428 466
428 504
346 392
348 244
348 392
348 796
349 392
351 392
351 415
352 392
352 635
353 392
353 742
353 772
354 106
354 392
354 444
444 392
355 392
359 139
359 392
360 228
360 357
360 392
360 454
361 392
361 539
362 392
363 152
363 202
363 392
364 392
364 527
366 392
367 392
368 392
368 741
369 392
372 196
372 392
372 693
693 109
693 392
693 600
373 392
374 62
374 392
375 392
376 392
376 731
378 311
378 392
378 472
379 392
382 392
383 224
383 392
385 392
386 392
386 588
386 690
588 234
588 392
690 234
690 392
387 392
389 5
389 392
390 392
391 392
391 441
441 392
393 392
394 392
394 663
663 392
397 392
398 91
398 329
398 392
398 704
400 392
404 263
404 392
404 742
405 392
406 392
407 392
407 603
603 392
408 392
409 511
410 392
411 92
411 392
411 551
417 249
417 392
417 643
643 257
643 392
419 86
419 293
419 392
420 392
421 392
421 641
421 685
641 392
685 118
685 392
685 525
426 392
504 392
430 210
430 392
430 726
726 1
726 392
431 392
431 409
431 531
531 283
531 392
531 511
432 392
432 786
786 183
786 392
436 301
436 392
436 498
436 517
498 392
498 687
517 392
437 639
437 766
766 324
438 143
438 392
440 392
440 786
442 392
443 392
445 392
445 453
445 640
453 392
446 392
446 494
494 224
494 392
447 52
447 246
447 617
447 744
744 392
449 392
449 555
449 768
768 280
768 392
768 565
450 392
452 392
456 392
456 586
457 392
458 392
458 456
458 678
459 174
459 392
459 517
461 96
461 160
461 392
461 477
477 392
463 392
463 784
464 392
467 35
467 68
467 392
467 661
661 392
468 235
468 392
474 392
475 392
479 93
479 392
480 330
480 392
480 471
481 294
481 392
481 581
581 54
581 62
581 79
581 392
482 89
482 392
482 765
765 271
483 274
483 392
483 474
483 481
484 392
486 392
488 392
495 392
496 392
496 476
497 392
687 392
499 248
499 392
499 586
500 392
503 392
503 395
505 392
505 522
505 617
505 696
506 392
508 5
508 392
509 392
512 392
512 736
736 392
514 392
518 392
518 784
521 392
521 723
723 392
524 392
526 60
526 392
569 9
569 287
569 392
569 658
569 101
569 414
569 783
569 782
569 76
569 655
529 45
529 392
529 498
530 392
530 395
530 618
530 780
780 392
532 248
532 365
532 392
536 392
537 392
538 392
538 616
616 392
541 311
541 392
763 226
763 392
543 392
544 392
548 392
548 527
549 15
549 392
554 392
556 392
559 96
559 392
560 392
560 588
563 392
563 554
564 392
564 643
565 392
565 636
566 392
566 580
580 392
567 358
567 392
658 14
658 392
570 392
570 717
570 747
747 25
747 392
571 133
571 184
571 337
571 392
573 392
575 392
575 608
577 392
582 392
582 554
584 392
587 392
591 392
594 392
595 392
597 392
601 392
601 739
602 392
604 392
605 392
607 392
607 527
611 392
612 118
612 392
614 392
615 358
615 392
615 743
620 392
620 591
621 114
621 392
622 392
623 201
623 503
625 392
627 392
627 436
627 459
629 220
629 392
630 272
630 344
630 392
632 392
634 392
637 287
637 392
638 392
638 585
638 670
644 392
644 586
645 266
645 392
645 539
646 392
646 412
647 392
649 272
649 330
649 392
654 82
654 392
654 444
654 529
657 227
657 313
657 392
660 392
660 782
660 783
660 76
660 655
660 40
660 240
660 393
660 101
660 414
782 392
782 614
664 392
664 732
732 392
692 139
692 392
669 237
669 392
669 756
669 760
756 618
760 618
671 122
671 312
671 456
671 773
773 392
672 207
672 357
672 392
672 549
675 89
675 115
675 392
676 392
676 527
677 392
679 69
679 392
681 43
681 212
681 392
683 392
684 298
684 392
684 753
688 392
688 672
689 266
689 392
689 452
689 682
691 392
694 392
746 392
699 392
699 448
699 627
700 342
700 541
705 392
705 713
713 392
713 548
707 392
707 694
708 392
709 379
709 392
709 458
711 97
711 392
712 392
712 590
714 193
714 217
714 392
716 392
716 794
794 392
794 642
721 392
722 392
725 392
730 392
730 456
730 539
737 392
738 392
738 476
740 107
740 392
748 392
750 392
751 96
751 282
751 392
754 392
755 392
758 392
759 198
759 392
761 74
761 151
762 392
762 706
764 392
767 392
769 392
770 392
771 198
771 392
774 392
774 782
777 392
779 392
781 28
781 392
785 392
791 392
791 705
792 392
795 392
