0 474
474 635
1 474
1 580
580 474
2 474
2 612
2 315
2 625
2 89
2 208
2 5
2 656
2 765
612 474
3 474
4 474
5 474
5 706
5 656
5 22
5 451
5 89
5 765
5 14
5 24
5 2
5 327
5 101
5 414
706 474
7 474
9 101
9 414
9 474
9 2
9 327
9 22
9 451
9 5
9 656
9 315
9 625
9 89
9 208
9 765
101 241
101 474
101 2
101 327
101 22
101 451
101 5
101 656
101 315
101 625
101 89
101 208
101 765
414 241
10 89
10 208
10 474
10 5
10 656
10 443
10 485
10 2
10 327
10 315
10 625
89 271
89 474
89 2
89 327
89 765
89 5
89 656
89 443
89 485
89 315
89 625
208 474
11 474
13 474
14 474
14 5
14 656
14 24
15 474
16 474
17 474
18 474
20 474
21 443
21 474
21 485
21 2
21 327
21 5
21 656
21 89
21 765
21 315
21 625
443 474
443 2
443 327
443 5
443 656
443 485
443 89
443 765
443 315
443 625
485 474
22 474
22 715
22 5
22 656
22 2
22 327
715 474
24 462
24 474
462 474
26 226
26 476
226 281
476 281
476 474
27 474
29 474
29 502
502 474
31 166
31 474
166 474
35 474
35 625
625 18
625 474
36 474
37 474
38 208
40 474
42 474
43 474
44 474
45 474
46 474
46 579
579 474
49 474
50 474
52 474
54 474
55 87
55 180
87 140
87 474
180 140
57 345
57 474
57 626
345 428
626 428
626 474
58 48
58 474
59 474
60 306
60 474
306 474
61 474
62 299
62 474
62 787
299 333
299 474
787 333
787 474
64 474
65 474
65 642
66 474
66 778
67 376
67 474
67 536
376 474
536 273
536 474
68 474
69 24
69 474
69 602
602 462
70 131
70 396
131 359
131 474
131 610
396 610
71 231
71 474
231 474
72 5
72 656
72 22
72 451
72 89
72 765
72 14
72 24
72 2
72 327
72 101
72 414
656 474
656 706
74 170
74 474
170 474
75 474
76 316
76 474
78 474
79 474
80 474
82 474
83 22
83 451
83 474
83 5
83 656
83 2
83 327
451 715
86 474
86 702
86 788
702 31
702 474
788 31
788 474
140 294
140 474
88 474
90 474
91 392
91 474
91 528
392 189
392 474
528 189
92 474
93 474
93 617
617 474
94 474
95 474
96 474
98 275
98 474
275 474
99 474
100 474
241 389
241 474
103 474
104 401
401 474
105 474
106 474
107 474
109 474
109 617
110 474
111 105
111 474
112 635
635 474
113 474
116 474
116 674
674 474
118 474
119 474
123 474
124 474
125 474
126 474
127 67
127 301
127 474
301 474
301 536
128 474
359 474
359 768
610 474
133 546
546 243
546 474
134 474
135 474
136 474
138 474
139 66
139 680
680 474
680 778
294 79
294 474
141 241
141 474
141 663
663 474
663 669
142 474
143 474
144 46
144 448
144 474
448 579
146 76
146 594
594 45
594 316
594 474
148 60
148 474
150 474
151 170
151 474
152 578
578 177
578 474
153 474
154 474
155 474
158 293
158 474
293 474
159 474
161 474
163 474
164 474
167 474
168 244
168 474
244 474
169 474
171 474
173 474
173 733
173 777
733 743
777 341
777 474
777 743
175 93
175 109
175 474
176 474
177 185
177 474
178 474
179 474
181 474
182 285
183 474
184 196
184 474
196 474
196 600
186 474
189 474
190 474
192 474
193 502
194 474
195 474
195 631
631 474
199 474
200 474
201 395
201 474
395 474
202 474
202 578
202 604
604 474
203 474
204 474
205 315
205 474
205 625
205 89
205 208
205 22
205 451
205 2
205 327
205 765
205 5
205 656
315 18
315 474
315 89
315 208
315 22
315 451
315 2
315 327
315 765
315 5
315 656
206 474
206 583
583 474
209 491
209 542
491 124
491 474
542 124
211 474
212 474
212 565
565 474
565 636
213 474
214 65
214 471
214 474
471 474
471 642
216 474
217 474
217 502
218 474
219 474
220 474
221 474
223 474
223 509
223 522
509 229
522 229
225 474
281 474
228 593
593 474
230 14
230 179
230 474
232 10
232 38
233 300
233 358
300 211
358 211
358 474
234 474
235 401
235 474
236 474
236 583
237 474
239 474
240 339
240 474
389 474
243 474
245 474
246 474
247 266
247 474
266 474
248 474
249 321
249 474
250 273
250 406
250 474
273 223
273 474
406 471
406 474
251 347
251 371
347 198
347 474
371 198
371 474
253 474
255 474
256 243
256 474
258 294
258 358
258 474
259 184
259 474
260 474
260 550
550 474
261 206
261 474
262 474
262 493
262 555
493 268
493 284
493 474
555 284
555 474
555 599
264 44
264 243
264 474
265 474
267 474
268 474
272 399
272 474
399 474
274 474
276 389
276 474
278 474
279 474
279 663
280 636
636 235
636 474
282 112
282 474
283 351
283 474
351 474
284 474
286 474
287 14
287 474
290 474
292 474
295 474
296 37
296 195
296 474
296 703
703 474
703 631
297 474
298 474
333 474
303 474
305 474
309 474
310 474
311 474
311 702
313 474
318 474
319 474
320 474
322 393
322 474
393 474
324 474
326 474
327 92
327 370
327 474
370 158
370 474
370 570
329 474
331 539
331 667
539 128
539 474
667 128
332 474
335 71
335 527
527 231
527 474
337 474
337 546
338 474
340 474
341 474
342 311
342 442
342 474
442 349
442 474
343 7
343 474
344 399
344 474
428 474
348 474
349 474
349 765
765 271
765 474
350 474
352 474
352 550
353 474
355 474
356 474
768 280
768 474
768 565
360 228
360 454
454 474
454 593
362 474
363 152
363 202
363 474
364 474
365 48
365 474
369 474
570 243
570 293
570 474
372 196
372 474
372 693
693 474
693 600
374 474
375 474
377 474
378 474
382 474
383 474
384 474
384 679
679 474
385 474
386 588
386 690
588 234
690 234
690 474
387 474
388 21
388 474
390 339
391 299
391 474
394 474
397 474
398 264
398 474
398 728
728 44
728 474
400 181
400 474
402 474
403 474
404 474
405 284
405 474
408 474
409 511
411 92
412 474
413 474
413 635
416 474
417 474
420 474
421 474
421 702
424 474
425 474
425 483
425 662
483 474
483 504
662 504
426 185
426 474
426 744
744 250
744 474
427 474
431 409
431 474
431 531
531 511
432 474
433 474
434 295
434 474
434 669
669 474
669 756
669 760
435 151
435 474
436 474
436 517
517 474
437 639
437 766
639 324
639 474
766 324
438 141
438 279
439 474
440 333
440 474
445 474
446 474
446 668
446 772
668 474
668 654
772 654
449 474
450 474
456 474
457 474
458 474
459 517
460 474
461 474
461 700
461 739
700 342
700 474
700 541
739 474
463 474
464 474
465 285
465 474
466 474
467 474
467 767
767 474
469 182
469 465
469 474
470 474
477 474
479 389
479 474
480 474
481 294
481 474
481 581
581 79
581 474
482 89
482 110
482 474
482 765
482 2
482 327
482 5
482 656
482 443
482 485
482 315
482 625
484 442
484 474
487 64
488 474
492 474
494 474
495 474
497 474
498 177
498 474
499 474
500 407
500 474
503 395
503 474
505 474
506 474
507 57
507 474
508 474
512 474
512 702
513 474
514 474
516 474
518 175
518 474
519 474
520 487
520 730
730 64
730 135
730 474
521 474
524 474
526 474
526 640
640 474
529 474
530 474
532 474
534 474
535 474
535 594
537 474
540 474
541 311
545 474
548 474
549 393
549 474
551 474
552 474
552 665
552 683
665 336
665 474
683 336
553 474
553 689
553 773
689 474
773 474
554 474
599 93
599 474
599 552
556 260
556 352
556 474
557 474
558 474
559 474
560 155
560 474
561 474
561 706
566 474
568 474
569 287
569 474
569 658
658 14
658 24
658 474
658 5
658 656
571 133
571 337
571 474
573 474
573 548
574 104
574 235
574 474
577 474
585 474
586 321
586 474
589 273
590 474
591 474
592 474
595 474
597 250
597 474
597 589
597 632
632 218
632 474
603 474
605 474
605 768
606 241
606 474
607 474
614 177
614 426
615 474
616 474
618 474
619 474
620 474
622 474
623 201
623 474
623 503
624 474
627 436
627 459
627 474
629 355
629 474
630 272
630 344
630 474
634 474
637 241
637 474
641 474
643 474
644 474
645 474
646 240
646 390
646 474
647 425
647 474
649 474
650 474
651 442
651 678
678 349
652 474
654 474
660 474
666 474
756 474
756 618
760 618
670 474
672 474
673 370
673 474
675 474
676 247
676 474
677 474
677 629
682 474
684 474
686 474
687 474
691 474
692 474
694 474
695 474
696 474
697 4
697 474
698 260
698 474
699 474
699 516
707 474
708 474
709 474
710 128
710 474
712 474
714 193
714 217
714 474
717 474
719 474
720 474
721 474
722 474
725 474
726 474
727 474
729 474
732 474
743 474
734 474
734 500
734 752
752 407
735 474
737 474
738 474
741 2
741 327
741 411
741 474
741 315
741 625
741 89
741 208
741 5
741 656
741 765
745 204
745 474
749 249
749 474
749 586
750 474
753 474
754 206
754 236
754 474
755 405
755 474
759 474
761 74
761 151
763 474
764 474
769 4
769 474
770 275
770 474
771 474
774 474
776 474
780 58
780 365
781 474
782 474
783 24
783 474
783 591
784 474
786 474
790 474
790 629
794 474
796 474
797 474
797 720
798 474
798 765
