2 113
113 178
4 5
4 107
4 13
4 152
4 37
4 89
4 148
5 13
5 37
5 89
5 101
5 113
5 148
5 152
5 107
107 113
107 148
13 113
13 37
13 101
13 152
13 148
13 5
13 107
13 89
37 55
37 113
37 152
37 13
37 148
37 89
37 5
37 107
89 13
89 113
89 121
89 157
101 15
101 113
148 51
148 113
152 89
152 113
6 16
6 43
6 113
16 64
16 113
43 113
8 91
8 113
91 113
10 43
10 113
10 153
153 35
153 113
153 176
11 93
93 5
93 113
93 136
12 26
12 38
12 92
12 99
12 113
12 114
12 157
26 108
26 113
26 186
38 113
92 86
92 108
92 113
99 113
114 24
114 43
114 113
157 26
157 71
157 113
14 113
64 66
64 113
64 153
17 57
17 113
57 113
18 108
18 113
108 111
108 113
108 138
108 192
19 23
19 33
19 113
19 121
19 138
23 113
23 187
33 113
33 130
121 33
121 43
121 113
121 130
138 113
20 61
20 113
20 158
61 57
61 113
61 185
158 5
158 113
158 182
158 185
21 113
21 149
149 16
149 57
149 73
149 81
149 113
22 57
187 113
25 23
25 113
186 113
186 176
27 82
27 113
27 154
82 17
82 22
82 113
154 36
154 113
28 65
28 113
65 109
65 113
65 164
65 178
65 182
65 187
29 10
29 19
29 103
29 107
29 113
103 13
103 113
31 8
31 76
31 113
31 161
31 172
76 113
161 46
161 113
161 138
172 113
32 57
32 113
32 183
183 83
183 101
183 109
183 113
34 43
34 113
35 48
35 64
35 113
48 113
48 169
36 19
36 64
36 113
36 114
40 26
40 113
40 136
40 138
40 149
40 175
136 113
175 14
175 53
175 113
44 113
46 81
46 86
46 113
81 40
81 74
81 113
86 113
169 53
169 113
51 18
51 33
51 113
51 149
53 34
53 113
54 21
54 51
59 11
59 113
59 140
140 93
185 43
185 113
185 161
185 192
62 55
62 107
62 113
63 53
63 113
63 144
63 186
144 37
144 77
144 101
144 113
66 10
66 23
66 35
66 77
66 113
109 113
164 57
164 113
164 136
182 113
77 37
77 62
77 113
68 38
68 43
68 76
68 113
68 138
70 19
70 25
70 57
70 113
71 113
72 8
72 66
72 113
73 113
73 172
74 86
74 113
74 136
74 182
78 36
80 113
80 171
80 176
171 66
171 100
171 113
171 142
176 113
83 15
84 5
84 99
84 114
84 136
84 143
84 153
143 33
143 113
87 43
87 113
87 176
87 192
192 24
192 113
192 154
95 113
95 166
95 172
166 57
166 113
98 113
100 141
141 17
141 34
141 113
141 187
102 113
104 23
104 87
104 108
104 113
104 166
105 35
105 113
105 138
106 113
111 49
111 86
111 113
111 143
110 113
110 114
110 192
112 63
112 169
115 113
122 179
179 73
179 76
179 113
123 8
123 113
123 137
137 113
137 150
137 154
125 33
125 53
125 86
125 113
126 19
126 113
127 77
127 113
127 182
128 78
128 154
129 43
129 113
132 8
132 111
132 113
132 171
133 113
135 43
135 113
150 113
150 138
142 57
142 109
142 113
142 141
142 153
146 14
146 109
146 113
146 161
147 111
147 113
147 133
147 198
198 82
198 113
198 176
155 113
156 122
156 173
173 179
159 86
159 113
159 183
162 17
162 113
163 113
167 113
168 113
168 133
174 8
174 111
174 113
174 135
174 184
184 49
177 12
177 157
189 113
194 98
194 113
195 113
195 183
