0 85
85 744
1 85
1 100
1 923
1 15
1 693
1 948
1 333
100 126
100 923
100 15
100 693
100 948
100 333
923 85
923 126
4 85
4 368
4 9
4 374
4 60
4 731
4 15
4 693
4 948
4 333
4 11
4 523
5 85
5 15
5 693
5 573
5 11
5 523
6 85
7 85
8 85
8 333
8 948
8 4
8 778
8 11
8 523
8 368
8 15
8 693
8 100
8 923
8 60
8 731
333 85
333 894
333 948
333 4
333 778
333 368
333 15
333 693
333 100
333 923
333 11
333 523
948 85
948 894
948 11
948 523
948 4
948 778
948 60
948 731
9 85
9 753
9 840
9 374
9 60
9 731
9 15
9 693
9 333
9 948
9 5
9 573
10 85
11 85
11 4
11 778
11 948
11 333
12 85
14 85
14 178
178 85
15 85
15 916
15 60
15 731
15 333
15 948
15 753
15 840
15 100
15 923
15 11
15 523
916 85
16 85
16 761
761 85
761 367
761 750
17 85
19 85
20 85
21 261
261 85
261 185
22 85
22 611
22 813
611 85
813 85
813 165
813 748
24 85
26 85
27 85
29 85
30 85
31 85
31 641
31 928
641 85
928 85
32 85
34 85
35 85
35 624
36 85
36 756
756 85
37 85
37 900
900 85
900 506
38 85
39 85
40 85
40 641
40 880
880 85
41 85
41 681
43 85
43 199
199 85
199 864
44 85
44 982
982 85
982 973
45 85
46 85
47 85
49 85
50 85
52 85
54 60
54 85
54 374
54 402
54 434
54 731
54 753
54 840
54 9
54 948
54 333
54 11
54 523
54 5
54 573
60 12
60 753
60 840
60 731
60 9
60 374
60 948
60 333
60 11
60 523
60 5
60 573
374 85
374 439
374 975
402 85
434 85
434 214
434 522
434 845
731 12
731 85
55 85
55 186
186 85
56 85
56 488
56 835
488 85
488 955
835 85
835 955
57 85
58 85
58 203
58 342
58 700
203 85
342 85
342 104
700 85
700 401
700 460
59 85
61 85
61 127
127 85
62 85
62 186
63 85
64 85
64 298
298 85
298 406
65 85
65 356
65 906
356 85
356 746
906 85
906 601
906 746
66 85
67 85
68 85
68 247
247 85
247 368
247 629
69 106
70 85
70 178
71 85
72 85
72 480
480 85
480 389
74 85
74 310
74 315
310 85
315 85
75 85
76 85
77 85
77 782
78 85
79 64
79 85
79 322
79 602
79 640
79 669
322 85
322 298
322 679
602 85
602 915
640 85
669 85
80 85
81 85
81 981
82 85
83 85
84 85
86 85
87 85
87 507
88 85
89 85
90 85
90 469
469 85
91 85
92 41
92 85
92 435
92 704
435 85
435 681
704 85
704 90
704 690
95 85
95 522
95 895
522 85
895 85
96 85
98 85
98 857
98 898
857 85
857 111
857 202
898 111
99 85
126 85
102 85
105 85
108 85
109 85
110 85
111 85
111 242
242 85
112 85
113 85
113 579
579 85
579 427
114 85
115 85
116 85
117 85
117 169
117 485
169 85
169 120
169 586
485 85
485 586
118 16
118 85
118 795
795 85
119 85
119 817
817 85
120 85
121 85
121 574
574 85
122 85
122 489
489 85
123 85
123 119
125 85
125 532
532 85
128 85
128 566
128 622
566 85
566 109
622 85
622 109
129 85
130 66
130 85
131 85
132 85
133 85
134 85
134 489
135 85
135 740
740 85
136 85
136 961
961 85
961 244
961 457
137 85
137 529
529 85
529 347
529 581
138 85
139 85
140 758
758 85
141 37
141 85
141 929
929 85
929 368
929 611
143 85
143 943
943 85
943 649
943 749
144 85
144 374
144 745
144 884
745 85
884 85
884 112
145 85
146 85
146 365
365 85
365 598
147 671
147 830
671 709
830 709
148 85
148 758
149 85
150 363
150 452
363 85
363 887
452 85
452 250
452 778
452 887
151 85
152 85
154 85
154 180
180 85
180 765
155 85
155 213
213 85
157 85
157 651
651 85
158 85
159 85
160 85
161 85
163 85
165 85
167 85
168 85
586 85
170 85
171 85
171 186
171 860
860 85
860 125
172 85
172 111
172 324
324 85
173 85
174 85
175 85
175 874
175 935
874 85
874 225
935 85
935 225
176 85
177 85
177 178
179 85
765 85
181 85
182 359
183 85
183 625
625 85
184 85
185 85
187 85
188 85
188 471
471 85
189 85
189 837
837 85
190 85
190 284
190 745
284 85
191 85
192 85
194 30
194 85
194 395
194 718
395 70
395 85
718 70
718 85
195 85
196 85
196 406
196 970
406 85
970 85
970 508
970 814
197 85
864 85
200 85
200 127
200 880
201 85
201 758
201 970
202 85
204 85
204 881
205 85
207 9
207 85
209 85
210 85
210 673
673 85
214 85
214 540
540 85
215 85
215 464
464 85
216 85
216 930
930 85
217 85
218 85
218 626
626 85
221 85
221 703
703 85
703 955
222 85
228 85
228 486
228 689
228 754
486 85
486 743
689 85
689 183
689 743
754 85
231 85
232 85
233 85
233 622
233 630
630 85
630 341
234 49
234 85
235 85
237 85
237 328
237 432
237 553
328 85
328 411
432 85
553 85
553 232
239 85
240 85
241 85
241 990
990 85
243 85
243 159
244 63
245 85
245 753
245 840
245 944
245 333
245 948
245 5
245 573
245 11
245 523
753 6
753 85
753 357
753 333
753 948
753 5
753 573
753 11
753 523
840 6
944 85
944 608
944 964
368 85
368 487
629 487
248 85
249 85
249 990
250 85
251 598
252 85
252 819
819 85
256 35
256 824
824 65
824 85
824 624
257 85
258 85
258 778
778 85
259 85
260 85
260 396
396 85
262 85
263 931
931 85
931 131
264 85
264 321
321 85
265 85
266 85
268 85
268 707
707 85
269 57
269 85
269 625
269 851
851 85
270 85
270 186
271 85
271 943
274 85
275 85
277 85
278 85
280 85
282 258
282 551
551 4
551 85
551 368
551 778
551 9
551 374
551 60
551 731
551 15
551 693
551 948
551 333
551 11
551 523
283 62
283 74
283 85
285 85
286 16
286 85
286 730
730 85
288 85
288 290
290 85
289 85
291 85
295 85
297 85
297 113
297 548
548 85
548 490
548 579
299 85
300 85
301 85
302 85
304 11
304 85
305 85
305 560
560 85
306 85
307 85
308 85
308 140
308 148
308 173
309 85
311 85
312 85
312 372
372 85
313 232
316 85
316 332
316 997
332 85
332 939
997 85
997 240
997 939
317 85
318 85
318 235
319 85
320 85
320 361
361 85
679 85
679 334
679 888
325 9
325 85
325 374
325 753
325 840
325 60
325 731
325 15
325 693
325 333
325 948
325 5
325 573
326 85
327 85
327 981
411 85
329 85
329 153
330 512
330 747
512 426
747 85
747 180
747 426
939 85
334 85
334 102
334 453
334 510
453 85
510 85
335 85
336 104
337 85
339 85
341 85
343 85
343 983
983 85
344 40
344 85
344 542
542 85
345 85
346 85
347 85
348 85
349 85
349 237
349 536
536 17
536 85
536 432
536 568
351 62
351 85
351 270
351 954
954 85
352 85
353 580
354 85
355 85
355 627
627 85
627 151
746 85
357 85
362 85
364 85
366 85
367 85
367 205
367 481
481 85
481 232
487 85
369 85
369 120
369 549
369 913
549 85
549 344
913 344
370 85
373 359
439 417
975 85
975 417
975 649
375 336
375 342
378 85
379 85
381 85
381 327
384 85
386 85
387 85
387 345
388 85
388 737
388 879
737 85
737 213
879 85
389 85
389 126
389 130
389 322
389 795
390 85
391 85
391 112
392 85
392 247
393 85
393 493
493 85
394 204
394 789
789 85
789 431
789 700
789 881
397 427
397 614
427 85
427 320
614 85
614 320
398 85
398 251
398 365
400 85
400 478
478 85
478 301
401 85
401 554
554 85
554 379
554 605
403 85
403 401
404 85
404 643
404 705
404 860
643 85
643 125
705 85
405 85
408 85
409 85
410 886
886 12
886 85
886 989
412 85
414 85
416 85
416 622
417 85
418 85
418 368
420 85
422 85
424 85
424 495
424 853
495 85
495 798
853 85
425 561
426 85
426 285
428 85
431 85
433 85
845 85
845 540
437 85
440 737
441 85
442 85
443 85
444 85
444 895
445 85
446 85
447 85
448 648
448 858
648 85
648 864
858 85
858 332
858 469
858 800
858 864
449 85
450 85
455 85
456 85
457 63
457 85
457 827
827 85
827 801
827 804
458 776
776 85
776 144
459 85
459 511
511 85
511 327
460 85
460 396
460 445
460 554
461 85
461 456
462 425
462 530
530 561
465 85
466 85
466 650
466 971
650 85
971 85
470 85
470 886
472 85
472 485
473 85
475 85
475 406
476 85
477 85
477 685
477 691
685 85
685 120
685 143
685 185
685 271
691 85
479 69
479 533
533 85
533 106
533 727
483 16
483 85
483 861
861 85
861 325
743 85
743 194
955 85
955 414
490 85
491 85
494 85
798 78
798 85
497 85
499 46
499 85
501 85
503 85
503 471
504 85
504 602
504 863
863 85
863 797
863 915
505 85
505 353
505 381
505 871
871 580
506 85
506 744
508 17
508 29
508 85
508 307
509 85
513 85
515 85
516 85
517 85
518 85
518 261
518 349
518 542
519 22
519 56
519 85
519 509
520 130
520 702
702 66
702 85
702 951
523 50
523 85
525 85
526 85
528 85
528 215
528 411
581 85
581 545
581 674
531 85
727 85
727 817
534 85
534 770
534 804
770 85
804 85
535 85
568 85
537 85
538 85
539 85
539 319
539 668
668 85
541 85
541 447
541 953
953 14
953 85
544 85
544 396
545 45
545 85
546 85
605 85
605 517
555 85
555 797
797 85
556 85
556 410
556 470
556 959
959 85
959 158
959 494
557 85
559 85
562 85
563 85
564 85
565 85
565 599
565 902
599 85
599 352
902 352
567 85
570 85
570 144
570 190
571 85
573 85
573 597
573 605
597 85
597 517
597 586
575 85
575 653
653 85
578 85
578 233
674 45
674 85
674 308
583 75
583 85
583 660
660 85
660 337
584 85
587 85
589 85
592 85
593 207
593 325
594 85
595 85
596 85
596 636
636 85
600 85
601 85
603 85
604 85
607 61
607 85
607 200
608 85
609 85
609 396
610 85
612 85
616 85
616 346
617 85
621 85
632 85
632 391
633 85
634 85
635 85
635 522
635 835
637 85
638 85
639 85
642 85
644 24
644 85
644 209
645 85
645 712
712 85
646 85
649 85
652 15
652 85
652 563
652 693
652 60
652 731
652 333
652 948
652 753
652 840
652 100
652 923
652 11
652 523
693 85
693 916
654 85
654 997
655 85
656 85
656 611
656 686
686 85
657 85
657 538
658 85
658 173
658 329
658 998
998 153
659 85
662 85
662 368
664 77
664 85
664 679
664 760
664 978
760 85
760 538
760 782
978 85
666 85
666 738
738 85
670 11
670 85
670 523
670 4
670 778
670 948
670 333
675 85
675 412
675 968
968 85
676 85
677 81
677 85
677 327
677 402
677 831
831 85
888 85
888 102
680 22
680 929
683 85
690 85
690 469
692 85
692 313
692 553
694 85
695 85
695 290
695 466
695 890
695 990
890 85
890 418
890 971
697 39
697 85
698 85
698 250
698 931
701 85
951 85
711 85
711 388
711 440
714 85
715 85
715 152
715 204
717 507
719 85
719 978
720 85
721 85
721 627
721 769
769 85
769 151
726 85
728 85
728 851
732 24
732 85
733 85
733 476
734 85
734 821
821 85
735 85
736 85
739 85
739 491
739 985
985 85
741 85
741 511
742 85
748 85
749 85
750 85
750 481
752 85
755 85
757 85
762 21
762 85
762 518
771 657
773 85
774 85
779 85
780 85
781 85
783 85
784 85
786 85
787 85
787 532
790 85
792 85
793 85
793 971
794 85
796 85
796 534
796 939
800 85
801 85
802 85
807 85
808 85
808 347
808 939
810 85
814 17
816 85
816 817
818 85
822 85
822 540
825 85
828 85
829 85
833 85
834 85
836 85
836 986
986 85
838 85
842 77
842 85
842 916
847 85
848 85
848 444
849 85
850 776
852 85
854 85
854 344
855 85
855 222
855 599
856 85
859 85
866 85
866 182
866 373
867 85
867 202
868 85
869 85
869 465
870 85
870 822
872 85
875 85
875 458
875 850
876 85
882 85
989 85
889 85
896 85
896 243
899 539
899 950
950 668
901 85
903 5
903 85
903 573
903 15
903 693
903 11
903 523
904 85
904 263
904 698
907 85
907 584
908 85
909 85
910 85
910 901
912 85
912 743
917 85
918 85
918 762
919 85
919 128
920 85
921 85
921 322
921 537
924 85
926 85
926 87
926 165
926 717
933 85
936 85
940 771
940 962
962 657
941 85
941 298
942 85
964 85
946 85
949 85
949 333
958 85
960 85
963 85
965 85
965 602
965 765
966 85
966 595
972 85
972 494
972 765
973 85
973 634
974 85
977 85
977 446
977 944
979 85
980 85
987 85
991 85
991 532
992 85
993 85
995 85
996 85
999 85
