1 183
1 532
1 4
1 120
1 515
1 2
1 168
1 184
1 765
1 362
1 503
1 753
1 7
1 34
183 171
532 183
2 183
2 358
2 986
2 7
2 442
2 184
2 753
2 168
2 34
2 1
2 515
2 362
2 503
3 183
3 266
266 183
4 183
4 184
4 753
4 362
4 503
4 2
4 634
4 765
4 120
4 7
4 442
4 168
4 1
4 515
184 183
184 187
184 362
184 503
184 2
184 634
184 765
184 4
184 120
184 7
184 442
184 168
184 34
184 1
184 515
753 183
7 183
7 442
7 4
7 120
7 358
7 986
7 2
7 168
7 362
7 503
9 183
11 151
11 183
151 183
13 358
13 986
13 2
13 634
13 362
13 503
13 184
13 765
13 4
13 120
13 7
13 442
358 183
358 819
358 2
358 634
358 362
358 503
358 184
358 765
358 4
358 120
358 7
358 442
986 819
14 183
16 362
16 503
16 184
16 765
16 1
16 515
16 7
16 34
16 442
362 174
362 183
362 526
362 184
362 765
362 1
362 515
362 7
362 34
362 442
503 174
503 183
503 340
17 183
19 103
19 183
19 475
103 183
103 199
475 183
475 199
475 669
20 183
21 183
24 183
25 71
25 183
27 183
27 846
27 911
846 183
911 183
911 211
911 370
28 183
29 38
29 183
29 605
38 183
38 964
605 183
605 421
32 183
33 183
34 133
34 183
133 183
133 399
133 516
35 183
35 307
307 148
307 183
307 331
37 183
37 476
476 183
964 183
39 183
40 183
40 978
41 456
42 183
42 193
193 183
43 183
45 183
45 386
45 658
386 183
658 183
658 509
658 734
47 183
48 183
48 869
48 970
869 183
869 352
970 183
970 314
970 352
50 183
52 183
53 183
54 150
54 183
54 376
150 183
150 801
376 183
376 801
376 837
55 183
55 696
696 183
696 419
56 183
57 183
58 412
412 183
412 300
60 183
61 183
62 183
63 183
64 183
65 183
66 466
67 183
68 183
69 183
70 183
72 183
72 184
72 765
72 4
72 120
72 2
72 634
72 362
72 503
72 7
72 34
765 168
765 183
765 929
73 183
75 183
75 959
76 183
77 44
77 183
77 702
77 787
702 183
787 183
787 367
79 183
80 86
80 546
86 183
86 595
546 183
546 225
546 595
82 183
82 649
649 183
87 183
88 177
88 183
92 183
92 399
92 544
399 183
399 403
399 733
399 998
544 79
544 183
93 183
94 183
94 417
417 183
417 810
95 953
953 183
96 183
98 183
100 183
101 183
101 559
101 730
101 844
559 183
559 322
730 322
844 183
199 183
105 183
106 183
107 183
107 991
991 183
109 965
965 183
965 654
965 797
110 183
111 183
112 183
112 263
263 183
113 183
114 183
116 183
117 183
117 404
117 630
404 183
404 859
630 859
118 183
119 183
120 753
121 183
122 183
123 183
124 183
124 244
124 938
244 183
244 853
938 183
938 853
125 183
126 183
126 936
936 183
127 183
127 526
526 183
129 183
130 485
130 588
485 183
485 214
588 183
588 214
131 183
132 183
132 801
801 183
801 319
516 183
516 733
516 954
137 183
139 183
140 183
141 183
143 183
144 183
144 403
144 835
403 183
835 183
835 300
835 706
148 45
148 183
152 183
152 720
720 183
720 353
720 889
154 183
154 945
155 183
156 183
158 183
159 476
160 169
160 183
160 961
169 183
961 183
961 283
161 183
162 965
163 850
165 183
166 183
167 183
168 183
170 183
170 381
170 477
381 18
381 183
477 18
171 183
173 183
175 182
175 183
182 183
178 183
179 665
181 159
181 183
181 736
736 183
736 476
187 183
188 40
188 183
188 587
587 183
587 978
189 183
190 183
192 183
192 368
192 879
879 183
879 779
194 183
195 183
195 419
195 846
419 183
197 183
200 183
200 421
421 169
421 183
201 71
201 183
203 19
203 183
204 183
204 474
474 183
205 183
205 329
329 183
206 183
207 95
207 183
207 885
885 953
209 183
209 638
209 938
638 183
210 183
210 225
210 937
225 183
225 695
937 695
211 183
211 518
518 183
518 493
212 183
214 183
215 183
216 148
216 183
216 688
688 45
688 183
218 183
220 183
222 183
222 964
223 44
224 183
224 505
505 183
226 154
226 183
226 543
226 603
226 825
543 183
603 183
603 665
825 945
227 183
227 427
427 183
228 183
228 190
229 183
230 183
230 818
818 183
818 366
818 967
231 183
232 183
233 183
234 525
234 547
525 56
525 183
525 685
525 750
547 183
547 637
547 685
235 143
237 183
238 183
239 183
240 183
240 306
306 183
306 717
853 183
853 509
245 143
245 183
246 183
246 794
247 183
247 491
491 183
248 183
248 329
249 183
251 539
251 864
539 106
539 183
864 106
864 183
864 994
253 183
254 183
256 183
257 183
257 843
843 183
843 218
258 55
258 183
258 286
258 666
286 183
286 785
666 183
666 696
259 183
259 263
259 907
907 183
261 183
262 183
262 681
265 183
265 406
265 426
406 425
426 183
426 425
267 204
267 896
896 183
896 474
268 579
268 837
579 93
579 183
837 93
837 183
269 183
269 293
293 183
293 911
270 183
272 183
276 183
277 183
278 183
278 190
278 446
446 183
279 183
279 764
279 852
279 858
764 566
852 183
852 566
858 183
280 183
280 954
954 183
954 403
282 668
283 183
284 183
284 664
284 740
664 543
740 543
285 112
285 183
285 259
785 183
287 183
288 183
290 152
290 183
291 183
292 183
294 183
295 209
295 820
820 183
820 638
296 116
296 183
297 183
298 183
299 183
300 183
303 58
303 183
303 815
815 412
305 728
331 183
331 726
331 818
308 183
309 183
311 183
313 25
313 183
313 201
314 183
314 896
315 183
316 183
318 183
319 183
320 183
322 183
323 397
323 782
397 310
782 310
324 183
326 506
326 705
506 454
705 183
705 454
705 969
327 183
328 26
328 183
328 380
328 895
380 183
895 183
895 200
895 605
330 183
330 305
330 796
796 728
726 183
726 967
332 183
333 183
333 649
334 300
335 183
335 246
335 479
479 794
336 183
337 94
337 183
337 780
780 183
780 417
339 441
339 861
441 183
441 250
441 413
861 183
861 250
861 474
340 183
343 215
345 183
346 22
347 183
347 636
636 183
348 183
350 183
351 183
351 346
351 472
472 22
353 493
493 183
354 183
355 177
355 183
356 75
356 183
356 468
468 183
468 959
357 183
359 183
360 183
360 391
391 183
391 658
391 719
361 183
361 521
521 148
521 183
363 803
363 961
803 183
803 283
803 495
364 183
365 423
423 183
366 183
367 183
369 183
370 183
370 518
372 183
372 511
511 66
511 183
511 496
374 183
375 183
383 183
383 844
384 183
385 183
387 50
387 183
388 183
389 183
390 183
719 183
719 637
392 183
393 183
393 239
394 844
395 183
395 831
395 950
831 183
950 183
950 797
396 183
398 183
398 936
998 183
401 183
402 183
405 183
405 218
407 405
407 487
487 218
408 564
409 183
409 474
410 183
411 183
413 183
414 183
416 183
416 262
416 804
804 681
810 183
418 183
418 998
420 114
420 183
428 56
428 183
428 557
428 791
557 183
557 548
791 183
791 508
791 548
429 183
430 183
430 192
430 562
562 368
431 41
431 732
732 183
732 456
732 847
433 82
433 183
433 333
434 183
434 602
434 667
602 96
602 183
602 550
667 550
435 183
435 287
435 461
461 183
461 408
461 590
436 183
437 183
437 719
442 144
442 183
442 954
443 152
443 183
444 183
444 491
444 548
548 183
445 183
447 183
447 508
508 183
448 183
448 620
620 183
449 183
449 215
451 33
451 183
451 626
451 987
626 183
626 920
987 920
452 179
452 183
452 351
452 603
455 183
459 183
590 564
462 183
464 38
464 183
464 534
534 183
465 183
465 331
467 183
467 398
467 509
509 183
509 640
469 521
471 183
471 343
471 449
669 183
478 183
480 156
480 183
481 183
482 183
483 183
483 751
483 992
751 183
992 183
992 365
992 866
489 183
489 383
489 394
489 932
932 183
490 286
490 545
545 183
545 751
545 785
495 183
496 183
496 466
498 312
499 183
501 183
502 183
504 183
507 183
640 65
640 183
510 183
510 914
512 183
512 717
515 532
519 183
519 669
520 183
522 183
523 183
685 183
750 183
528 183
530 312
537 2
537 47
537 183
537 634
537 358
537 986
537 7
537 442
537 1
537 515
634 183
538 183
637 183
549 183
550 183
553 183
554 183
554 385
558 510
558 742
742 183
742 914
560 131
560 183
561 27
561 195
566 183
567 183
568 183
569 183
572 88
572 355
573 183
573 750
575 183
575 904
576 183
578 183
581 183
583 4
583 120
583 183
583 362
583 503
583 184
583 753
583 765
584 7
584 34
584 183
584 442
584 4
584 120
584 358
584 986
584 2
584 168
584 362
584 503
585 300
586 183
589 183
593 183
593 498
593 530
594 183
596 183
596 235
596 245
597 183
598 183
599 183
600 183
601 183
607 183
608 93
608 183
610 183
611 183
611 546
613 183
613 736
616 183
617 183
618 183
619 328
619 755
755 26
621 183
622 183
622 806
622 915
806 183
806 898
915 183
915 898
624 183
625 183
625 846
625 918
918 183
920 183
627 183
628 183
631 183
631 936
633 183
633 963
963 183
639 183
642 168
642 183
642 931
931 183
931 634
643 183
645 183
645 409
646 183
650 183
650 736
651 183
653 183
654 183
656 183
734 183
734 640
660 183
660 383
661 183
661 837
663 28
671 183
671 306
671 351
671 512
672 183
677 109
677 162
677 183
678 1
678 183
678 515
678 4
678 120
678 2
678 168
678 184
678 765
678 362
678 503
678 753
678 7
678 34
680 183
682 183
682 277
682 523
683 183
683 309
684 183
684 802
802 183
686 2
686 168
686 183
686 184
686 753
686 7
686 34
686 362
686 503
689 668
690 913
690 940
913 551
940 551
691 163
691 974
974 850
692 183
692 412
693 183
693 357
694 183
698 183
698 706
706 183
706 383
700 183
701 183
703 183
969 183
708 183
710 183
710 824
824 183
714 183
714 420
716 183
716 335
718 183
718 318
889 493
721 183
722 183
722 296
722 309
723 183
725 183
967 183
967 384
847 183
735 183
738 155
738 183
739 77
739 183
739 223
741 183
741 634
743 183
744 183
745 183
746 183
747 61
747 183
747 290
747 828
828 152
828 183
748 575
748 922
922 904
749 183
749 282
749 689
752 183
752 263
756 183
758 183
760 183
760 214
760 348
761 171
761 183
762 183
762 263
762 277
763 183
929 183
767 107
767 939
939 183
939 991
768 183
769 183
770 183
770 318
770 557
771 183
771 729
772 135
772 183
772 238
773 183
774 183
777 126
777 183
777 398
778 183
779 183
781 183
781 761
783 420
788 183
788 598
789 183
790 183
790 620
793 55
793 183
793 860
860 183
795 183
797 183
798 183
798 599
805 183
805 765
808 183
812 183
816 183
817 183
821 183
822 151
822 183
822 618
826 183
827 183
827 412
827 568
829 183
830 183
830 686
830 765
832 183
833 183
834 771
834 854
854 729
839 183
840 183
840 334
840 585
842 183
842 266
845 183
845 337
848 183
849 183
856 183
994 183
865 183
866 183
866 423
867 183
867 581
870 183
871 123
871 183
872 183
874 183
875 183
877 183
878 183
880 183
880 603
881 183
882 183
883 714
883 783
886 183
888 183
890 155
890 183
891 183
893 183
893 663
893 912
912 28
912 183
897 183
899 183
900 183
901 183
901 391
901 437
902 183
903 183
905 183
906 183
908 183
909 183
910 183
916 183
916 361
916 469
916 961
924 183
926 183
927 183
933 183
935 183
942 183
944 183
946 183
946 414
946 858
947 183
951 183
951 416
951 772
951 984
984 135
984 183
984 328
955 127
955 183
956 29
956 464
957 183
960 183
962 183
968 183
971 17
971 183
971 573
972 183
972 205
972 248
975 183
979 183
985 183
989 183
990 183
990 405
993 183
995 183
