0 283
1 283
2 87
2 283
2 378
2 529
2 69
378 283
529 283
4 59
4 69
4 283
4 770
4 87
4 378
4 529
59 283
69 283
5 283
5 338
5 622
6 61
6 283
61 283
7 283
9 283
10 283
11 283
12 283
13 283
14 283
14 362
14 638
362 283
638 283
638 415
16 59
16 770
17 43
17 283
17 575
43 283
19 283
19 544
19 769
544 283
769 283
21 283
21 374
21 485
21 649
21 656
485 283
649 283
656 50
656 283
656 481
22 283
23 75
23 547
75 283
75 489
547 283
24 214
24 283
24 691
24 705
691 283
705 283
25 283
26 95
26 255
26 283
95 283
95 430
255 283
27 283
27 489
27 629
489 283
489 518
489 718
489 778
629 283
629 309
629 332
28 202
28 283
202 283
30 283
33 283
36 283
37 283
38 65
38 283
38 526
65 283
40 215
40 283
40 604
215 283
604 283
41 47
41 283
41 397
41 435
47 64
47 94
47 283
435 283
42 279
42 283
42 311
279 283
45 190
45 523
190 283
190 577
523 135
523 283
46 249
46 796
249 283
796 283
64 283
48 78
48 283
48 291
48 564
78 283
291 283
564 283
49 283
49 500
500 283
50 283
50 449
449 283
449 611
449 715
51 283
53 283
53 725
725 283
54 283
54 725
55 283
58 283
58 747
747 97
747 283
60 283
60 796
62 283
62 579
62 781
579 283
72 111
72 788
111 69
111 283
111 529
111 87
73 95
73 255
73 283
79 283
80 43
80 279
80 283
80 311
81 283
82 283
83 75
83 283
83 547
84 283
86 283
88 283
89 264
89 283
89 533
89 643
264 283
533 283
643 283
90 224
90 283
90 702
91 188
91 225
188 283
225 283
92 283
93 138
93 428
138 283
430 283
96 249
96 283
97 283
99 283
100 283
101 725
101 746
746 283
102 207
102 283
102 447
207 121
207 283
447 205
447 283
447 355
447 391
103 135
103 283
103 688
135 283
688 283
688 397
688 435
105 283
105 760
760 283
106 112
106 283
112 283
108 87
108 283
108 378
108 529
109 283
110 283
113 283
113 557
113 705
557 283
117 283
118 283
121 283
121 587
121 619
587 283
124 365
124 505
365 138
365 283
505 283
505 636
125 283
126 283
126 767
767 15
767 283
767 653
127 54
127 283
127 295
127 705
128 283
128 493
128 574
133 283
133 491
491 283
491 377
491 550
491 655
134 283
134 291
134 564
136 283
136 796
137 283
137 554
554 187
554 283
554 738
139 283
143 283
147 283
147 350
147 556
350 283
556 283
148 137
148 283
151 220
151 283
151 685
220 283
685 283
685 775
152 283
153 283
154 283
154 485
154 557
155 255
155 283
155 452
452 283
157 283
159 283
159 418
159 579
159 781
418 283
161 283
161 636
161 645
636 283
645 283
645 424
162 283
163 97
163 135
163 283
164 205
164 283
164 355
205 283
205 388
355 283
167 283
167 293
167 534
168 187
168 188
168 266
168 280
168 283
168 627
168 738
187 283
187 724
266 283
280 283
627 283
171 69
171 310
310 283
310 480
172 283
178 283
179 283
179 613
613 283
180 283
182 283
183 283
183 318
183 386
183 582
183 737
318 283
386 283
582 275
582 283
737 283
737 665
184 226
184 252
252 64
252 283
185 283
186 283
724 283
724 601
189 283
189 344
189 626
577 283
191 283
193 283
194 283
195 283
198 283
198 613
199 283
200 283
204 636
204 645
388 283
206 283
206 438
438 283
438 651
438 675
208 283
209 54
209 283
209 295
210 240
210 553
240 283
553 283
553 755
211 65
211 255
211 283
211 526
212 188
212 225
213 148
213 283
216 283
216 314
216 726
314 283
314 424
726 283
218 226
218 252
218 283
218 523
219 283
222 283
222 665
665 283
223 283
228 725
228 746
230 283
231 112
231 283
231 785
785 283
235 283
237 283
237 351
237 506
351 283
506 283
242 283
243 283
244 283
245 283
250 283
253 283
254 283
256 283
258 198
258 283
260 283
261 283
261 466
466 283
466 518
466 718
262 339
262 639
339 283
263 283
263 783
783 283
267 283
267 618
618 283
268 283
271 275
271 283
271 384
271 670
275 38
275 283
272 283
274 283
278 283
281 206
281 283
281 503
503 283
282 283
282 445
282 735
284 457
284 764
457 283
764 283
285 192
285 721
721 283
721 636
286 283
286 401
401 283
287 69
287 283
287 371
371 283
288 283
290 156
290 766
292 283
296 283
297 207
297 283
297 787
298 283
298 747
299 283
300 283
301 283
301 594
301 731
594 283
594 299
731 194
731 283
303 283
304 26
304 283
305 280
305 283
305 433
308 64
308 283
308 297
308 503
480 78
480 280
480 283
480 433
480 651
312 283
312 425
312 488
425 224
425 283
425 702
488 283
488 303
488 412
488 652
313 58
313 202
313 283
313 596
596 283
424 283
315 338
315 622
317 160
317 283
317 299
317 556
317 734
734 283
319 283
319 358
319 627
358 283
321 28
321 283
321 713
322 283
323 283
323 653
653 283
324 283
324 716
716 42
716 283
326 283
326 345
345 283
345 318
345 449
327 192
327 283
327 715
327 721
715 283
328 283
330 283
331 283
333 283
333 536
536 283
536 430
536 468
536 500
334 186
334 681
335 280
335 283
335 411
335 576
411 283
576 283
576 440
336 283
337 283
337 642
337 678
642 283
678 283
341 379
341 666
342 524
342 595
343 283
343 550
343 655
655 283
346 283
348 283
349 283
352 283
352 688
353 112
353 283
353 566
353 767
353 785
566 283
360 84
360 283
361 236
361 529
363 283
363 388
364 259
364 739
366 118
366 283
366 298
366 704
704 283
367 251
367 452
368 283
369 283
369 564
370 283
373 286
373 318
375 283
376 283
377 283
380 493
380 574
381 28
381 713
382 37
382 283
382 391
391 206
391 283
383 156
383 766
385 283
385 474
474 283
474 778
389 283
393 472
393 747
394 283
398 283
398 510
398 558
510 283
510 296
510 345
558 283
399 59
399 283
400 214
400 705
404 283
406 651
406 675
651 283
675 283
675 529
675 69
675 87
675 378
407 159
407 283
408 238
408 660
660 208
660 283
409 283
409 588
588 283
410 283
410 324
410 529
410 707
410 378
410 87
413 384
413 670
414 64
414 94
414 252
414 283
414 653
415 283
416 283
417 283
419 283
420 218
420 283
421 90
421 244
421 283
421 786
786 283
426 133
426 283
426 379
426 666
426 675
427 283
429 283
434 283
436 339
436 639
437 186
437 283
437 327
437 681
439 283
439 460
439 527
527 283
440 283
441 283
442 283
443 249
443 796
444 283
446 172
446 283
446 704
448 283
451 283
453 283
453 720
720 283
456 283
461 283
462 283
464 283
465 431
465 509
509 283
518 283
718 283
718 672
718 785
467 138
467 428
468 283
468 563
563 283
469 283
469 418
471 283
778 283
475 38
475 283
476 350
476 556
478 283
481 206
481 283
481 503
481 577
487 259
487 283
487 739
490 283
495 283
495 688
499 283
502 283
511 283
512 191
512 283
513 283
513 457
513 764
514 283
515 331
515 572
516 283
516 394
516 415
516 431
516 509
517 430
517 468
519 50
519 283
521 283
521 305
521 415
522 283
522 538
538 78
538 283
538 447
538 527
531 283
535 283
535 314
535 726
537 283
539 283
540 283
540 293
540 534
541 283
541 557
543 283
545 283
546 283
552 251
552 283
552 452
755 283
561 283
561 615
615 283
615 531
562 283
562 327
567 283
567 374
567 649
569 283
570 283
571 283
573 283
573 646
646 69
646 283
646 310
646 87
646 378
646 529
578 160
578 283
578 299
584 283
584 503
584 587
584 619
590 283
591 283
597 128
597 283
598 283
600 283
601 283
603 58
603 202
603 283
607 445
607 735
608 283
608 303
610 283
612 283
612 584
614 451
614 722
722 283
616 344
616 626
617 35
617 319
621 2
621 283
624 524
624 595
630 283
630 578
631 283
632 500
632 631
641 283
647 79
647 111
647 283
647 788
648 190
648 523
650 283
654 283
654 441
654 682
682 283
658 207
658 283
658 787
659 283
662 22
662 283
663 191
663 283
663 544
663 796
664 283
664 591
668 82
668 283
669 240
669 553
671 275
671 283
671 286
671 318
672 283
673 283
673 336
673 412
673 652
674 283
677 43
677 575
679 283
679 386
679 737
684 283
775 283
686 283
687 43
687 283
689 283
689 730
730 283
730 451
730 722
692 283
693 236
693 283
693 506
693 529
693 378
693 69
693 87
694 283
694 505
695 283
696 126
696 283
696 385
698 283
698 365
698 505
699 126
699 283
699 385
701 283
703 283
703 324
703 707
706 103
706 283
706 566
708 283
709 283
710 283
710 798
798 283
711 283
711 505
717 283
717 642
717 688
723 309
723 332
728 238
728 283
728 660
732 103
732 283
732 566
740 283
740 570
742 283
742 687
743 283
745 283
749 283
749 435
749 502
749 631
750 283
753 283
753 448
756 283
756 500
756 631
757 280
757 283
757 331
757 572
758 220
758 283
758 441
758 682
759 283
765 215
765 604
768 220
768 685
771 283
771 472
771 730
771 747
772 35
772 283
772 319
774 283
776 611
776 715
780 283
780 618
782 283
784 283
790 15
790 653
792 283
792 460
792 527
792 725
795 264
795 283
795 533
