1 370
1 519
1 689
1 720
1 43
1 575
1 269
1 793
1 59
1 770
1 87
1 378
1 585
1 593
370 81
370 313
370 689
370 769
519 257
519 274
519 689
720 279
720 689
2 87
2 378
2 269
2 793
2 585
2 593
2 199
2 633
2 622
2 338
2 43
2 575
4 59
4 770
4 720
4 689
4 622
4 338
4 87
4 378
4 43
4 575
4 585
4 593
59 570
59 689
770 689
5 338
5 622
5 689
5 269
5 793
5 199
5 633
5 585
5 593
5 59
5 770
5 720
338 689
6 689
8 585
8 593
8 622
8 338
8 43
8 575
8 87
8 378
8 720
8 689
8 199
8 633
10 199
10 633
10 720
10 689
10 87
10 378
14 269
14 793
14 199
14 633
14 622
14 338
14 43
14 575
269 689
16 59
16 689
16 770
16 720
16 622
16 338
16 87
16 378
16 43
16 575
16 585
16 593
17 43
17 575
17 720
17 689
17 585
17 593
17 87
17 378
20 30
20 549
21 374
21 649
374 689
23 75
23 547
75 689
547 689
24 214
24 705
705 689
26 95
26 255
26 689
27 619
27 689
27 708
619 689
708 137
708 203
708 689
32 689
34 448
34 689
34 743
743 689
38 65
38 526
65 689
40 215
40 604
41 397
41 435
42 279
42 311
279 689
44 53
44 689
53 689
45 190
45 523
190 689
46 249
46 689
46 796
47 64
47 94
64 689
94 689
48 291
48 564
49 689
50 490
50 689
50 696
50 716
50 762
490 689
696 126
696 385
696 689
51 689
55 323
55 525
55 689
525 689
56 372
56 694
372 689
570 99
570 200
570 689
60 135
60 424
60 689
61 689
62 579
62 689
62 781
579 689
69 689
72 111
72 788
788 689
73 95
73 255
73 425
73 689
425 224
425 689
425 702
76 689
79 328
79 601
328 89
328 503
328 689
328 780
601 689
80 279
80 311
83 75
83 547
83 689
84 278
84 784
86 689
89 264
89 533
89 689
533 689
90 224
90 702
702 689
91 188
91 225
93 138
93 428
138 689
96 689
96 743
101 725
101 746
102 22
102 719
106 689
108 87
108 378
108 689
108 269
108 793
108 585
108 593
108 199
108 633
108 622
108 338
108 43
108 575
109 107
109 351
109 689
351 689
113 551
113 591
591 32
591 243
591 689
114 190
114 689
117 144
117 399
399 689
119 288
119 588
119 689
119 703
703 300
703 324
703 689
703 707
120 689
121 587
121 619
122 689
123 689
124 365
124 505
124 689
125 99
125 200
125 689
127 54
127 295
127 689
295 689
128 493
128 574
574 394
574 519
574 689
574 269
574 793
574 720
129 278
129 784
130 689
132 689
134 291
134 564
137 689
140 689
141 665
141 750
750 636
750 689
142 689
145 115
145 689
146 199
146 633
146 720
146 689
146 87
146 378
147 350
147 556
147 689
149 6
149 455
151 220
151 685
153 568
153 749
154 689
155 689
157 25
157 590
159 547
159 579
159 689
159 781
161 636
161 645
636 689
645 689
164 205
164 355
167 293
167 534
168 187
168 738
187 491
187 689
170 194
170 244
170 689
171 69
171 310
172 336
172 689
172 714
714 689
173 689
174 716
174 762
176 689
176 731
731 689
178 270
178 388
178 394
178 689
270 689
388 689
394 689
179 283
179 613
179 689
283 689
613 689
180 239
180 759
759 138
759 689
182 689
183 386
183 737
386 689
184 226
184 252
226 75
226 689
252 689
491 550
491 655
491 689
189 344
189 626
191 645
191 689
196 689
197 585
197 593
197 622
197 338
197 43
197 575
197 87
197 378
197 720
197 689
197 199
197 633
198 283
198 613
203 689
204 636
204 645
206 689
209 54
209 295
210 240
210 553
211 65
211 526
211 689
212 188
212 225
213 140
213 471
213 689
471 689
216 314
216 689
216 726
218 226
218 252
219 270
219 394
222 70
222 754
223 689
227 689
228 689
228 725
228 746
230 689
231 112
231 785
232 70
232 754
234 142
234 418
234 689
418 283
418 369
418 689
235 689
236 689
237 551
237 591
237 689
238 252
238 689
241 538
241 546
243 689
248 689
254 190
254 689
258 178
258 236
258 689
261 30
261 549
261 689
262 339
262 639
263 689
271 384
271 670
272 65
272 659
272 683
272 689
273 689
273 791
791 689
275 490
275 528
275 689
276 689
277 221
277 411
281 206
281 503
503 689
282 445
282 735
284 457
284 764
457 689
285 192
285 689
285 721
286 123
286 689
290 156
290 766
292 32
292 474
294 701
294 734
701 689
297 109
297 207
297 689
297 787
298 689
300 429
300 600
300 689
429 689
302 701
302 734
305 280
305 433
305 491
305 689
433 689
306 689
307 270
307 689
308 689
313 58
313 202
313 689
315 338
315 622
315 269
315 793
315 199
315 633
315 585
315 593
315 59
315 770
315 720
315 689
317 160
317 299
318 689
320 689
321 28
321 713
322 137
322 203
326 689
327 192
327 689
327 721
780 689
329 689
332 689
334 186
334 681
681 689
337 689
341 379
341 666
342 524
342 595
524 689
343 550
343 655
343 689
655 173
655 689
345 641
345 798
348 61
348 88
349 689
353 112
353 785
358 689
361 236
361 529
364 259
364 739
366 569
366 710
569 689
710 275
710 689
367 251
367 452
369 689
371 67
371 182
373 286
373 318
376 25
376 590
376 689
377 13
377 521
521 429
521 689
380 493
380 574
381 28
381 713
382 448
382 743
383 156
383 766
385 689
392 221
392 411
393 472
393 747
395 97
395 260
395 689
396 139
396 185
398 13
398 521
400 214
400 705
402 689
403 538
403 546
404 665
404 750
405 689
406 651
406 675
408 238
408 660
410 324
410 707
413 384
413 670
414 64
414 94
415 139
415 185
416 689
417 689
419 67
419 182
422 289
422 356
422 689
422 724
724 689
423 144
423 399
426 379
426 666
432 83
432 289
432 356
432 689
436 339
436 639
436 689
437 186
437 681
438 651
438 675
439 460
439 527
440 336
440 714
441 689
441 705
442 498
442 689
442 797
443 249
443 796
444 96
444 461
461 320
461 689
446 239
446 759
447 44
447 119
447 205
447 355
447 605
447 689
605 689
605 724
449 611
449 715
450 133
450 173
450 689
450 788
453 32
453 474
454 641
454 798
458 547
458 689
458 720
458 43
458 575
458 269
458 793
458 199
458 633
458 87
458 378
458 59
458 770
465 431
465 509
466 518
466 718
467 138
467 428
468 689
469 689
473 689
475 92
475 130
475 689
476 350
476 556
477 668
477 778
668 442
668 689
778 689
478 81
478 769
480 280
480 433
481 206
481 503
482 252
482 687
482 689
687 689
484 689
486 372
486 694
487 259
487 739
488 412
488 652
489 518
489 718
494 120
494 254
497 591
497 689
500 689
502 689
506 689
508 258
508 306
510 368
510 405
512 689
513 457
513 764
515 331
515 572
516 431
516 509
516 689
517 430
517 468
522 133
522 173
522 689
530 107
530 351
531 176
531 689
532 268
532 560
560 275
560 689
535 314
535 726
536 430
536 468
537 275
537 689
540 293
540 534
540 689
542 689
543 96
543 461
545 689
548 6
548 455
552 251
552 452
554 187
554 689
554 705
554 738
557 257
557 274
558 429
558 600
559 689
563 662
563 676
565 689
566 689
567 374
567 649
571 432
571 662
571 676
571 689
578 160
578 299
580 568
580 749
581 659
581 683
582 422
582 689
584 587
584 619
598 97
598 260
599 135
599 424
599 689
599 720
599 199
599 633
599 59
599 770
599 269
599 793
599 585
599 593
599 87
599 378
603 58
603 202
606 288
606 588
607 445
607 735
609 498
609 797
610 120
610 254
610 270
610 630
610 689
630 143
630 689
630 748
614 451
614 722
615 461
615 689
616 344
616 626
617 35
617 319
620 689
621 689
623 490
623 528
624 524
624 595
624 689
625 276
625 724
628 258
628 306
629 309
629 332
629 689
631 689
632 500
632 631
635 689
637 92
637 130
638 143
638 748
646 69
646 310
646 442
646 689
647 111
647 788
648 190
648 523
650 689
654 441
654 682
657 78
657 213
658 207
658 787
663 36
663 301
664 78
664 213
669 240
669 553
671 286
671 318
673 412
673 652
674 689
677 43
677 575
677 720
677 689
677 585
677 593
677 87
677 378
679 386
679 737
680 689
686 36
686 301
686 689
688 397
688 435
691 276
691 689
691 724
692 269
692 793
692 199
692 633
692 622
692 338
692 43
692 575
693 236
693 529
693 689
697 328
697 601
698 365
698 505
699 126
699 385
704 442
704 689
706 103
706 566
717 668
717 778
723 309
723 332
727 62
727 268
727 560
727 689
728 238
728 660
730 451
730 722
732 103
732 566
736 368
736 405
741 22
741 719
742 61
742 88
745 323
745 525
751 194
751 244
756 500
756 631
756 689
757 331
757 572
758 441
758 682
758 689
761 689
765 215
765 604
767 15
767 653
767 689
768 220
768 685
771 472
771 747
772 35
772 319
774 142
774 418
776 611
776 715
779 689
782 115
782 689
783 307
783 689
790 15
790 653
792 460
792 527
794 372
794 689
795 264
795 533
799 569
799 710
