0 298
1 298
2 298
2 5
2 219
2 521
2 556
2 535
2 35
2 486
2 18
2 545
2 316
2 596
3 298
4 85
4 278
85 298
278 17
5 298
5 18
5 545
5 35
5 486
5 521
5 556
6 298
7 298
8 298
9 502
502 298
10 213
213 298
11 298
11 521
11 556
11 2
11 535
521 298
521 556
521 35
521 486
521 316
521 596
521 2
521 535
556 298
12 298
14 298
15 209
209 298
16 247
247 298
247 459
247 460
17 35
35 298
35 5
35 219
35 2
35 535
35 486
35 521
35 556
35 18
35 545
18 298
18 5
18 219
18 521
18 556
18 2
18 535
18 316
18 596
18 35
18 486
19 18
19 298
19 545
19 35
19 486
19 521
19 556
545 298
20 298
22 298
23 298
24 298
25 298
27 120
120 298
28 298
29 298
31 298
32 298
33 298
34 298
36 259
259 298
37 298
38 298
39 354
354 298
41 298
42 298
43 298
44 35
44 298
44 486
44 5
44 219
44 2
44 535
44 18
44 545
486 298
45 0
45 298
46 298
47 298
48 298
50 316
316 298
316 35
316 486
316 596
316 5
316 219
316 521
316 556
316 2
316 535
51 298
52 298
54 429
429 147
429 293
429 298
55 298
56 298
57 426
426 298
58 529
529 298
59 298
60 298
61 298
62 35
62 486
62 521
62 556
62 18
62 545
63 568
568 298
64 269
269 298
66 298
68 298
69 298
70 415
415 298
71 298
71 459
71 460
459 25
460 298
72 298
73 298
74 298
75 298
77 298
78 298
80 298
82 298
83 298
84 298
86 298
87 298
88 298
89 298
90 270
270 298
91 298
92 593
593 298
93 298
96 298
97 298
98 298
99 174
174 298
100 298
102 557
557 298
104 298
105 274
105 298
105 397
274 513
397 298
106 298
107 298
108 298
109 298
110 298
111 2
111 298
111 535
111 5
111 219
111 35
111 486
111 18
111 545
111 316
111 596
535 298
112 298
113 298
114 298
115 298
116 66
117 298
118 298
122 298
123 298
124 298
125 298
126 298
127 298
130 298
131 298
132 298
133 298
134 298
135 298
136 589
589 298
137 10
138 298
139 298
140 298
141 377
377 298
142 298
143 298
144 298
145 298
147 298
148 298
149 298
151 298
152 298
154 298
155 298
156 568
157 5
157 219
157 298
157 18
157 545
157 35
157 486
157 521
157 556
219 298
159 298
160 298
162 298
163 17
164 298
165 298
166 298
167 298
168 298
169 159
171 298
172 298
173 298
175 298
176 298
177 298
178 298
180 298
181 298
182 331
331 298
183 335
335 548
184 298
185 298
186 349
349 298
188 298
189 162
190 590
590 298
191 298
192 174
192 298
192 418
418 83
193 298
194 298
195 298
196 298
197 298
198 298
199 298
200 298
201 298
202 298
203 298
204 359
359 529
205 298
206 298
207 298
210 298
211 298
212 298
214 298
215 48
216 298
217 298
218 298
220 298
221 298
222 298
224 298
225 581
581 298
226 298
227 298
228 405
405 298
229 298
230 5
230 219
230 298
230 18
230 545
231 298
232 298
233 298
234 298
235 422
422 298
236 298
237 138
238 298
239 298
240 238
241 298
242 298
243 298
244 401
401 298
245 313
313 298
246 298
248 298
249 298
251 298
252 292
292 298
253 298
254 298
255 298
256 30
256 316
256 596
256 35
256 486
256 5
256 219
256 521
256 556
256 2
256 535
596 298
257 298
258 332
332 298
261 298
262 173
262 288
262 298
264 173
264 288
264 408
408 298
267 298
271 298
272 298
273 298
513 298
275 173
276 298
277 298
280 298
281 298
282 298
283 298
284 297
284 298
284 472
297 298
472 298
285 298
286 236
287 298
289 146
289 149
289 298
290 298
291 298
293 298
294 583
583 213
295 298
296 337
337 0
337 298
299 298
300 298
301 298
302 298
303 298
304 298
305 298
307 298
308 298
310 298
311 138
312 298
314 358
358 298
315 298
318 298
319 298
320 245
321 298
322 298
323 104
324 298
325 298
328 298
330 298
333 77
334 298
548 298
336 298
338 298
339 298
340 298
341 298
342 32
342 298
342 473
473 224
343 298
344 212
346 298
347 298
348 298
350 298
351 298
352 298
353 298
355 298
356 403
403 298
357 298
361 298
362 298
364 298
367 298
368 298
369 298
370 383
383 298
372 298
373 298
374 298
375 298
376 298
378 298
379 463
463 298
380 298
381 514
514 298
382 298
384 298
386 298
387 298
388 281
389 298
390 298
391 298
392 274
392 298
392 397
393 298
394 298
395 298
396 298
398 298
399 298
400 298
404 298
406 298
407 146
407 149
407 298
409 298
410 298
411 174
411 298
411 418
413 298
414 298
416 298
417 529
419 298
420 298
421 298
423 10
423 453
423 597
597 298
424 298
425 259
427 2
427 298
427 535
427 521
427 556
427 35
427 486
427 5
427 219
428 298
431 474
474 298
432 394
433 0
434 298
435 298
436 298
437 298
438 298
439 298
441 298
442 298
443 298
444 298
445 298
446 298
447 298
448 488
488 298
449 298
450 298
451 298
454 298
455 297
455 472
455 486
457 298
458 298
461 298
462 224
464 298
465 298
466 298
467 298
468 298
469 298
470 298
470 453
470 597
471 133
471 298
471 508
508 298
475 167
476 298
478 298
479 298
480 298
481 298
482 298
483 77
484 359
485 298
487 298
489 155
490 298
491 298
492 396
493 204
494 454
497 85
497 278
497 298
498 298
499 298
500 298
501 298
503 298
504 32
504 298
504 473
506 298
507 298
509 349
510 298
511 147
511 293
511 298
512 133
512 508
512 525
525 298
516 298
517 175
518 298
519 298
520 298
522 465
523 298
526 254
527 337
528 298
530 298
531 298
532 298
533 18
533 545
533 5
533 219
533 521
533 556
533 2
533 535
533 316
533 596
533 35
533 486
534 298
536 298
537 549
549 298
538 298
539 298
540 298
541 298
542 335
543 298
544 298
546 298
547 298
550 54
551 298
552 298
553 298
554 298
555 298
558 298
559 298
560 298
561 298
562 298
563 298
564 298
565 30
565 298
565 596
566 298
567 298
570 298
571 298
572 167
573 298
574 596
575 403
576 298
577 298
578 298
579 298
580 298
582 298
584 298
586 298
586 521
586 556
586 35
586 486
586 316
586 596
587 298
588 10
591 298
592 441
595 298
598 506
599 298
