0 378
2 68
2 323
2 378
68 378
323 111
323 285
323 355
323 378
323 360
323 322
3 378
4 378
5 69
5 322
5 378
5 360
5 111
69 378
322 378
6 360
6 378
6 111
6 69
6 322
360 378
7 114
7 126
7 378
114 378
126 378
9 378
11 378
12 378
13 69
13 322
13 378
13 360
13 111
14 378
15 378
16 234
16 298
234 378
298 378
18 378
19 378
21 378
22 378
23 378
24 236
24 302
236 378
302 378
25 378
26 236
26 378
27 115
27 118
27 349
27 378
115 360
115 378
115 69
115 111
115 322
118 378
349 378
28 114
28 378
30 94
30 184
30 378
94 108
94 378
184 327
184 378
31 211
31 378
211 378
32 378
33 3
33 40
33 219
40 378
219 31
219 378
34 378
35 376
35 378
376 378
36 378
37 378
38 281
38 351
38 378
281 378
351 65
351 378
39 275
39 302
39 378
275 378
41 133
41 187
41 378
187 378
42 378
43 114
43 126
43 378
44 242
44 324
44 378
242 378
324 378
45 187
45 378
47 378
48 378
49 62
49 321
49 378
50 378
51 234
51 378
52 378
55 378
56 288
56 378
288 378
58 378
59 378
60 234
60 378
63 378
65 378
66 378
67 378
70 378
71 118
71 378
72 133
72 187
72 378
73 378
75 102
75 264
75 378
102 378
264 378
76 378
77 141
77 378
141 378
78 234
78 378
79 378
81 378
81 392
392 187
392 268
392 348
392 378
83 4
83 378
84 137
84 289
84 378
137 360
137 378
137 111
137 322
289 378
85 378
86 174
86 356
86 378
174 378
356 378
87 378
88 370
88 378
370 378
89 378
90 378
91 378
92 378
93 378
108 378
95 116
95 378
116 111
116 285
116 376
116 378
116 360
116 322
96 289
96 302
96 378
97 149
97 214
149 378
98 378
99 378
100 378
103 378
104 378
105 378
106 85
106 378
107 378
109 378
110 378
111 378
112 378
119 268
119 348
119 356
119 360
119 378
119 111
119 69
119 322
348 153
348 378
120 378
121 378
123 378
124 60
124 326
124 378
127 198
127 378
198 378
128 378
129 378
130 84
130 352
130 378
352 378
131 378
132 378
134 105
134 378
135 243
135 307
135 360
135 378
135 69
135 111
307 378
136 378
139 307
139 338
139 378
338 378
140 45
140 143
140 378
143 378
144 378
145 302
145 378
148 64
148 197
148 378
197 378
150 378
151 378
152 261
152 378
261 378
261 391
153 51
153 82
153 271
153 378
271 378
154 378
157 378
158 378
159 378
160 87
160 378
162 307
162 338
162 378
163 378
164 197
164 378
165 378
166 243
166 360
169 378
170 378
171 378
172 378
173 378
176 354
176 364
176 378
354 131
354 378
364 378
178 157
178 378
180 378
181 114
181 378
182 148
182 378
327 378
185 378
186 271
186 378
188 378
189 152
189 378
190 102
190 188
190 264
190 378
191 187
191 378
193 378
194 123
194 378
194 388
388 378
196 378
199 378
201 378
202 378
203 378
204 378
206 378
208 30
208 378
210 378
213 378
216 170
216 378
217 69
217 378
217 360
217 322
217 111
218 378
220 183
220 293
221 202
221 378
222 378
224 14
224 188
224 258
258 378
225 100
225 378
229 378
231 150
231 378
232 250
232 378
250 80
250 271
250 378
233 378
233 393
393 378
237 378
238 378
239 378
240 378
241 378
244 378
246 35
246 69
246 394
394 67
394 378
247 378
248 378
249 378
252 14
252 186
253 378
254 378
255 378
257 378
391 378
262 378
263 378
265 378
269 123
269 378
269 388
270 105
270 378
272 206
272 240
273 80
273 271
273 305
273 378
305 378
274 300
274 378
300 378
276 378
277 378
278 64
278 197
278 378
279 378
280 378
284 378
286 378
287 378
290 149
290 214
290 378
292 378
294 206
294 240
294 378
295 378
296 378
297 378
299 378
301 378
303 378
304 378
306 378
308 378
309 370
309 378
310 378
311 378
312 378
313 378
315 378
316 51
316 82
319 378
320 25
320 360
355 60
355 326
355 378
325 378
328 278
328 378
329 242
329 324
330 378
331 378
332 378
333 378
334 378
335 298
335 378
336 205
336 371
336 378
371 378
337 378
339 378
340 137
340 289
340 378
342 378
343 378
344 183
344 293
345 378
346 378
347 378
358 378
359 231
359 378
365 186
365 297
365 354
365 364
365 378
367 378
368 378
372 378
375 127
375 378
379 378
380 173
380 205
380 371
380 378
382 378
383 378
385 378
387 118
387 349
387 378
389 378
389 382
390 378
395 281
395 351
397 378
398 378
399 62
399 321
