6 80
12 80
12 353
12 552
12 129
12 134
12 67
12 4
12 21
12 512
552 80
13 80
13 90
13 300
90 80
300 80
14 80
18 69
18 387
69 80
21 80
22 80
23 80
24 80
25 80
25 504
25 512
25 67
25 322
25 353
25 134
25 4
25 129
504 80
512 80
27 80
28 80
28 410
28 433
410 80
29 80
30 80
32 80
33 80
33 383
33 491
35 147
35 550
147 80
147 217
37 80
39 4
39 80
39 107
39 129
39 184
39 552
39 322
39 67
39 512
39 21
39 353
129 80
129 225
129 231
184 80
41 80
42 67
42 80
42 134
42 129
42 322
42 107
42 504
42 552
42 4
42 21
134 80
43 80
43 314
43 326
314 80
326 80
45 80
47 4
47 41
47 80
47 107
47 552
47 322
47 67
47 512
47 353
48 448
48 581
448 80
49 80
50 80
50 420
50 472
51 80
53 80
58 80
59 69
59 387
61 80
64 195
64 481
66 80
68 80
68 95
68 172
95 80
70 80
71 80
72 89
72 406
89 80
74 22
74 193
193 80
75 80
75 102
75 264
264 80
264 424
76 80
77 420
77 472
78 80
82 80
83 80
84 137
84 213
137 80
213 80
85 323
85 399
323 80
86 80
86 323
87 80
88 93
88 554
91 80
92 177
92 355
355 80
94 82
94 240
98 80
99 80
101 80
104 80
105 80
105 450
105 495
450 80
495 80
106 80
109 80
109 178
109 187
178 80
187 80
110 80
110 103
110 296
296 80
111 80
111 200
111 322
111 21
111 67
111 129
322 80
112 80
113 410
113 433
114 80
115 80
115 353
115 552
115 129
115 134
115 67
115 4
115 21
115 512
117 80
117 291
117 359
291 80
359 80
119 348
119 468
348 80
468 80
122 149
122 490
490 80
123 194
123 594
194 80
126 80
128 80
130 90
130 300
139 80
139 307
139 338
140 80
140 89
140 406
142 80
142 194
142 579
579 80
143 80
144 80
144 311
144 493
144 545
311 80
145 80
217 80
148 80
148 116
148 278
278 80
151 195
151 481
154 80
156 40
156 196
159 66
159 80
159 470
160 291
160 359
161 80
165 313
165 411
411 80
166 243
166 560
560 80
169 80
171 450
171 495
173 121
173 284
176 80
176 154
176 164
180 80
180 202
180 327
327 80
181 80
182 51
182 169
185 71
185 393
393 80
186 80
189 53
189 127
191 203
191 309
192 44
192 80
192 529
529 80
197 181
197 384
384 80
198 80
198 298
198 382
199 302
199 431
201 3
201 58
204 80
208 80
208 87
210 40
210 80
210 196
212 80
212 492
492 80
492 181
492 384
214 21
214 80
214 512
214 129
214 134
214 322
219 80
220 80
220 183
220 293
293 80
221 80
221 298
221 382
222 55
222 596
223 80
224 125
224 360
226 404
226 436
404 80
227 21
227 80
227 512
227 129
227 134
227 322
229 80
230 80
232 80
234 80
235 80
238 14
238 133
239 397
239 442
397 80
241 80
241 349
241 533
349 80
242 44
242 529
244 80
245 80
247 80
248 52
248 80
248 582
250 80
250 280
250 471
251 80
252 80
254 80
257 147
257 550
258 57
258 106
259 276
259 506
276 80
506 80
260 99
260 234
261 80
262 80
263 461
263 477
477 80
424 80
265 437
265 443
267 80
267 437
267 443
268 80
269 80
269 188
269 371
270 80
272 80
272 324
272 555
324 80
273 80
273 202
273 327
274 80
275 80
277 215
277 536
279 22
279 80
279 193
281 255
281 287
287 80
282 80
283 80
288 80
289 493
289 545
290 80
290 129
290 256
290 576
290 552
290 4
290 21
290 67
292 55
292 596
295 80
297 14
297 80
297 133
299 80
304 9
304 78
305 71
305 393
308 80
312 556
312 592
316 80
316 230
318 80
318 276
318 506
319 80
320 103
320 296
321 255
321 287
325 80
325 207
325 246
328 404
328 436
329 80
335 80
336 188
336 371
341 80
343 80
344 158
344 252
346 80
347 80
350 80
350 148
351 80
351 203
351 309
356 80
357 80
358 80
361 163
361 484
362 80
362 307
362 338
363 83
363 219
364 80
364 461
364 477
367 95
367 172
369 83
369 219
370 51
370 169
376 163
376 484
377 80
385 80
385 200
385 322
385 21
385 67
385 129
389 80
389 132
389 574
392 348
392 468
407 314
407 326
408 52
408 80
408 582
409 80
409 503
409 559
503 80
559 80
413 496
413 564
496 80
564 80
415 56
415 80
415 396
418 80
419 80
421 302
421 431
427 73
427 118
428 80
435 80
438 66
438 470
439 80
444 93
444 554
445 80
446 80
452 36
452 80
452 372
455 80
457 36
457 372
458 80
459 67
459 80
459 134
459 129
459 322
459 107
459 504
459 552
459 4
459 21
460 80
460 324
460 555
462 249
462 521
521 80
465 80
465 225
465 231
466 80
467 80
467 504
467 512
467 67
467 322
467 353
467 134
467 4
467 129
469 73
469 80
469 118
473 280
473 471
474 80
475 80
475 313
475 411
476 80
482 149
482 490
485 80
486 80
488 178
488 187
497 383
497 491
498 80
499 80
499 131
499 429
501 556
501 592
502 80
505 53
505 80
505 127
507 80
507 448
507 581
508 177
508 355
509 80
511 323
511 399
514 249
514 521
516 205
516 451
522 137
522 213
523 194
523 594
524 3
524 58
524 80
525 57
525 80
525 106
526 80
527 145
527 428
530 80
530 99
530 234
531 121
531 284
532 80
534 9
534 78
534 80
535 243
535 560
537 80
538 80
539 397
539 442
541 80
541 132
541 574
543 80
543 125
543 360
544 183
544 293
546 80
546 143
546 303
547 80
548 158
548 252
551 80
551 143
551 303
553 82
553 240
558 80
558 496
558 564
561 80
562 80
563 80
565 80
565 154
565 164
566 207
566 246
568 80
568 215
568 536
569 80
570 80
571 80
573 256
573 576
575 80
580 205
580 451
585 56
585 80
585 396
587 80
587 349
587 533
588 80
588 131
588 429
590 102
590 264
591 80
593 503
593 559
595 145
595 428
597 80
597 116
597 278
598 80
