0 414
1 414
2 414
3 59
3 414
3 627
3 486
3 207
3 355
3 918
3 0
59 414
627 414
4 414
4 486
4 918
4 627
4 0
4 8
4 355
4 59
4 207
6 207
6 355
6 414
6 59
6 627
6 8
6 486
6 0
6 918
207 85
207 414
7 414
8 414
8 456
456 414
9 414
10 414
11 414
13 414
14 414
16 414
17 414
18 414
19 414
19 809
19 945
945 414
21 414
22 414
25 414
27 414
29 414
30 47
30 414
47 36
47 414
47 631
31 414
33 255
33 825
825 414
34 414
35 414
36 414
38 414
39 414
40 414
42 414
44 414
45 414
45 626
45 729
626 414
729 414
631 414
48 414
49 414
49 643
643 414
50 414
52 414
53 414
54 66
54 159
54 414
54 753
66 414
159 414
753 414
56 338
56 414
56 472
472 414
60 414
61 414
62 414
64 414
69 414
70 414
71 414
72 414
73 414
76 414
78 83
78 337
83 414
337 414
79 414
81 414
82 414
84 414
85 414
86 213
86 414
86 667
213 414
87 414
89 261
89 282
89 414
261 414
282 414
282 739
90 414
91 414
92 414
93 414
93 945
95 414
96 414
97 414
98 414
99 414
100 414
101 98
101 414
101 952
952 414
102 414
103 414
104 414
105 414
106 184
106 414
106 981
184 414
981 414
108 414
108 812
812 414
112 414
114 414
115 414
117 414
118 414
118 531
118 671
119 414
122 414
125 414
128 414
130 414
132 414
134 414
135 52
135 376
376 414
136 414
138 414
139 414
141 414
146 370
146 498
498 414
150 414
151 414
151 576
151 774
576 414
774 414
152 414
153 414
154 414
155 414
156 414
157 414
160 303
160 564
303 414
564 414
161 414
162 216
162 414
162 660
660 414
163 414
163 468
163 902
468 414
902 414
164 414
165 414
166 216
166 660
168 414
169 414
170 414
171 414
172 414
173 180
173 414
173 763
175 414
177 414
178 414
181 414
183 414
185 414
186 414
187 414
187 617
187 859
617 414
859 414
188 168
188 414
188 828
190 414
191 414
193 414
194 414
195 414
196 414
196 576
196 774
197 414
198 414
198 684
684 414
199 414
202 414
203 414
204 414
205 8
205 414
205 988
205 207
205 355
205 59
205 918
205 627
205 0
206 380
206 414
206 484
380 414
484 414
208 414
210 414
211 414
212 414
214 414
215 414
217 61
217 136
217 414
217 694
694 414
219 212
219 438
438 414
220 414
220 583
583 414
221 414
222 414
223 414
224 338
224 414
224 472
226 52
226 414
226 608
608 414
227 174
227 695
229 414
230 414
232 414
233 414
233 421
421 414
234 345
234 414
234 797
345 414
797 414
237 414
238 414
239 414
240 414
242 414
243 414
244 414
244 595
244 917
917 414
245 515
245 668
668 414
247 414
248 414
249 254
249 398
249 414
251 414
252 414
253 414
257 414
259 414
263 414
265 414
266 414
267 414
268 414
269 414
270 414
271 414
272 180
272 414
272 763
273 414
277 414
277 835
835 414
279 414
279 570
279 854
570 414
854 414
739 414
284 414
285 414
287 414
289 8
289 414
289 988
289 207
289 355
289 59
289 918
289 627
289 0
290 414
291 414
293 414
293 941
941 414
294 79
294 414
294 942
942 414
295 414
296 414
297 356
297 769
356 414
298 548
298 842
299 414
300 414
302 414
305 193
305 414
305 540
540 414
306 360
306 414
360 319
360 414
360 562
312 414
313 414
314 90
314 414
314 570
314 854
315 414
318 414
319 414
320 145
320 620
322 223
322 414
322 545
323 184
323 981
328 149
328 259
328 414
329 414
330 414
331 414
333 414
334 414
336 414
339 414
340 414
341 414
341 659
341 817
659 414
817 414
342 785
342 915
785 414
915 414
343 414
344 414
348 414
350 819
350 974
819 414
974 414
351 414
351 513
351 738
513 414
738 414
352 414
353 212
353 438
354 37
354 414
354 718
718 414
357 414
562 414
361 414
363 414
365 414
366 91
366 377
366 414
377 414
367 414
368 414
369 414
371 414
372 414
373 104
373 414
373 617
373 859
374 414
378 414
379 414
381 316
381 414
381 742
382 414
384 414
385 414
386 414
387 79
387 414
387 942
391 414
392 60
392 910
393 414
394 414
395 414
396 414
397 414
399 414
399 770
399 773
773 414
400 414
401 66
401 414
402 414
403 414
404 414
405 61
405 414
405 562
405 694
409 414
410 414
412 414
413 414
415 414
416 414
417 414
418 380
418 484
419 414
420 414
423 35
423 414
423 653
653 414
424 414
426 414
430 414
430 696
430 997
696 414
431 361
431 414
431 882
432 414
433 414
434 414
435 414
436 414
436 872
872 414
439 414
440 414
442 185
442 287
442 414
444 414
446 414
447 155
447 887
448 414
450 26
450 414
451 83
451 337
451 414
453 414
454 414
455 414
457 414
457 809
457 945
458 133
458 414
458 692
692 414
459 414
460 414
461 414
461 822
822 414
462 317
462 414
462 875
875 414
463 414
466 241
466 980
470 456
470 832
832 414
471 414
473 414
473 607
607 414
474 414
475 414
478 414
479 414
479 588
588 414
480 414
481 414
482 414
483 414
485 414
487 414
488 414
489 414
489 586
489 835
586 414
490 207
490 234
490 355
490 414
490 59
490 627
490 8
490 486
490 0
490 918
491 303
491 414
491 535
491 564
535 414
492 414
494 261
494 282
494 414
495 112
495 414
495 979
979 414
497 414
499 167
499 414
499 687
687 414
500 254
500 398
500 414
501 414
502 414
503 414
503 515
503 668
504 414
506 414
511 414
511 672
511 920
920 414
514 414
516 414
517 414
518 414
519 329
519 414
519 616
616 414
520 414
522 414
522 607
522 659
522 817
523 414
523 549
523 584
549 414
584 414
524 414
525 414
526 414
527 414
528 414
529 414
530 414
532 414
536 414
537 414
538 414
541 409
541 414
542 414
543 319
543 414
543 562
544 414
544 672
544 920
550 75
550 95
550 414
551 414
552 414
553 414
553 535
554 223
554 414
554 545
555 414
556 275
556 582
557 414
558 269
558 367
560 414
561 414
563 414
565 414
566 414
567 37
567 718
568 226
568 967
967 414
569 414
573 414
574 414
575 36
575 631
577 414
578 513
578 738
579 595
579 917
589 414
592 414
593 414
594 414
596 414
597 820
597 927
820 414
927 414
599 145
599 414
599 620
600 414
604 414
606 414
609 414
611 414
612 414
613 414
614 414
615 414
618 414
619 60
619 414
619 910
623 414
623 736
736 414
624 316
624 742
628 414
628 586
628 835
629 414
632 414
632 641
641 414
633 414
634 414
635 414
636 414
637 538
637 605
638 105
638 343
638 414
642 414
644 414
645 414
646 468
646 902
647 414
648 414
649 414
650 414
651 414
651 456
651 832
651 905
905 414
656 213
656 414
656 667
657 399
657 414
658 414
661 414
662 414
664 414
665 414
666 414
669 356
669 414
669 769
670 414
670 549
670 584
674 345
674 797
676 48
676 414
677 35
677 414
677 653
678 414
679 414
683 414
685 269
685 367
685 414
689 414
690 414
691 414
693 603
693 836
836 414
698 414
698 541
699 414
700 414
701 168
701 828
704 169
704 414
704 822
705 414
706 414
707 414
708 414
709 414
709 530
709 820
709 927
711 414
712 414
715 414
716 414
717 414
717 626
717 729
719 414
720 414
721 52
721 376
722 241
722 414
722 980
723 414
724 75
724 95
726 414
727 414
731 414
732 414
733 414
734 414
735 91
735 377
735 414
737 414
740 329
740 616
741 414
743 414
746 414
750 414
752 414
754 370
754 498
755 250
755 290
756 255
756 825
757 414
762 414
764 414
765 414
765 930
930 414
766 414
767 404
767 414
768 414
771 414
772 414
775 275
775 414
775 582
776 414
776 804
804 414
779 414
780 893
780 949
893 414
782 414
783 414
783 684
784 414
786 80
786 760
788 414
788 819
788 974
790 155
790 887
791 414
792 159
792 414
792 560
792 753
793 414
794 26
794 414
795 414
796 414
799 414
800 414
801 414
802 414
802 461
802 867
867 414
803 414
805 414
805 893
805 949
807 414
808 414
810 414
811 414
815 414
816 112
816 414
816 979
821 139
821 866
866 414
823 414
824 414
826 105
826 343
827 414
829 98
829 414
829 952
833 414
834 133
834 414
834 692
837 414
838 414
840 414
844 414
845 414
846 187
846 414
848 414
849 0
849 414
849 968
849 8
849 486
849 207
849 59
968 414
850 361
850 882
851 414
852 414
855 201
855 414
855 476
856 317
856 414
856 875
857 178
857 382
857 414
857 436
858 414
860 50
860 363
860 414
861 414
862 414
864 174
864 695
865 414
869 414
869 461
869 867
870 414
873 167
873 414
873 687
874 414
874 538
874 605
876 414
877 414
878 414
879 414
881 414
883 414
884 414
885 414
885 785
885 915
886 382
886 436
888 149
888 259
888 414
889 193
889 414
889 540
890 50
890 363
890 414
891 414
891 486
891 918
891 627
891 0
891 8
891 355
891 59
891 207
892 414
895 414
896 414
896 555
897 414
898 414
899 414
901 414
904 414
907 414
908 414
909 414
909 548
909 842
911 414
912 226
912 414
912 967
913 0
913 414
913 8
913 486
913 207
913 59
919 414
921 80
921 760
923 414
926 414
926 531
926 671
928 414
929 250
929 290
929 414
934 414
938 414
940 414
944 414
944 603
944 836
946 414
947 414
948 414
951 139
951 414
951 866
953 414
954 414
955 414
956 414
957 414
958 414
960 414
961 0
961 968
962 59
962 414
962 627
962 486
962 207
962 355
962 918
962 0
963 414
964 169
964 414
964 822
965 414
966 414
969 414
970 414
971 414
972 770
972 773
973 414
975 414
978 201
978 414
978 476
982 414
983 414
984 414
986 185
986 287
986 414
989 414
992 696
992 997
994 414
996 414
999 414
