0 37
0 166
0 199
0 2
37 78
37 80
37 166
2 166
2 199
2 37
199 166
3 95
3 149
3 166
3 199
3 37
95 166
149 166
4 82
4 163
4 166
82 135
82 164
82 166
163 23
163 112
163 166
6 21
6 166
21 166
7 156
7 166
156 8
156 166
8 166
8 193
193 101
193 154
193 166
9 0
9 166
9 193
9 37
9 2
11 9
11 166
11 171
11 190
171 86
171 166
190 77
190 96
190 166
12 89
12 166
89 51
89 166
13 154
13 166
154 136
154 166
16 80
16 86
16 166
80 120
80 134
80 166
86 166
17 166
18 146
18 164
18 166
18 178
164 166
178 84
178 166
19 166
20 9
20 190
22 63
22 81
22 85
22 166
63 37
63 71
63 166
63 199
63 0
63 2
81 85
81 107
81 166
85 166
23 166
24 90
24 166
90 166
25 166
26 112
26 166
112 25
112 44
112 52
112 166
28 146
28 166
28 178
29 166
30 161
30 166
161 166
32 2
32 22
32 156
32 166
32 199
32 37
33 23
33 58
33 95
33 149
33 166
58 166
34 24
34 58
34 166
78 71
78 166
78 178
38 58
38 166
38 181
38 184
181 166
181 195
184 29
184 42
184 86
184 166
41 28
41 56
41 166
41 179
56 166
179 121
179 166
179 192
42 166
43 17
43 166
43 194
194 54
194 108
194 166
44 85
44 134
44 166
134 166
134 194
45 150
45 166
150 166
46 101
46 154
101 29
101 166
48 2
48 3
48 166
48 37
48 199
50 107
50 132
50 142
50 166
107 166
132 44
132 52
132 166
142 166
51 166
54 24
54 166
55 4
55 161
55 166
59 136
59 166
59 183
136 166
183 166
60 166
61 102
61 129
61 166
102 136
102 144
102 166
129 23
129 95
129 199
71 166
66 166
69 8
69 86
69 182
69 199
182 166
70 173
70 177
177 51
177 69
177 166
72 56
72 151
72 166
151 166
73 166
74 48
74 135
74 164
74 166
135 85
135 166
75 166
76 18
76 37
76 166
76 2
76 199
77 166
77 171
79 129
79 166
120 166
83 61
83 92
83 166
92 51
92 166
84 21
84 166
87 99
87 166
87 179
99 166
88 22
88 129
88 166
88 181
88 184
88 193
91 96
91 123
91 129
91 166
96 166
123 89
123 166
94 102
94 129
97 129
97 166
144 166
144 178
103 89
103 166
108 166
108 179
110 82
110 166
111 4
111 107
111 166
111 190
116 166
118 157
118 166
157 60
157 166
157 182
119 37
119 166
119 199
119 2
121 166
124 166
131 60
131 166
131 182
133 154
133 166
137 8
137 166
140 18
140 166
143 123
143 154
143 166
143 193
145 134
145 166
148 134
148 166
152 116
152 131
152 166
153 166
155 51
155 136
155 166
160 166
162 30
162 78
162 80
162 116
162 166
167 166
168 85
168 153
168 166
169 166
170 89
170 155
170 166
172 42
172 134
172 166
175 8
175 34
175 86
175 137
175 166
176 166
192 166
195 8
195 137
195 166
185 51
185 153
185 166
186 166
186 173
186 177
186 196
196 166
187 0
187 85
187 166
187 37
187 2
189 166
191 136
191 166
197 2
197 51
197 110
197 121
197 166
197 192
197 199
197 37
198 166
