0 296
2 7
2 164
2 296
2 25
2 54
2 173
2 255
2 0
2 179
2 347
2 123
2 239
2 307
7 296
3 25
3 54
3 173
3 255
3 0
3 296
3 7
3 164
25 70
25 296
25 173
25 255
25 239
25 307
25 164
25 7
54 296
6 239
6 307
6 164
6 296
6 0
6 179
6 173
6 255
6 123
6 347
6 70
307 296
12 173
12 255
12 239
12 307
12 0
12 296
12 25
12 54
173 296
255 123
255 222
255 296
255 347
255 70
255 0
255 7
13 296
13 347
13 0
13 179
13 7
13 164
347 296
14 140
14 202
14 296
16 296
17 127
17 296
127 296
127 378
18 296
19 296
24 38
24 70
24 115
24 232
24 296
24 173
24 255
24 239
24 307
24 164
24 7
70 296
70 317
232 296
232 309
26 296
31 296
32 17
32 393
34 124
34 296
124 296
124 348
35 18
35 283
35 296
35 347
35 0
35 179
35 7
35 164
37 0
37 179
37 296
37 239
37 307
37 25
37 54
37 7
37 164
37 173
37 255
37 347
37 70
179 296
41 296
41 376
376 296
42 296
42 348
348 88
348 296
348 306
43 296
45 125
45 185
125 296
46 88
46 296
46 306
47 145
47 292
47 296
48 108
48 296
48 329
49 270
49 296
270 296
50 22
50 43
50 296
56 91
56 345
345 296
345 365
57 296
58 175
58 215
58 296
215 296
60 93
60 228
93 269
93 296
228 296
61 296
62 296
67 296
67 311
67 359
359 296
68 296
69 129
69 296
69 317
129 176
129 177
129 296
129 304
317 296
71 296
72 296
76 13
76 296
78 94
78 315
315 296
79 159
79 196
79 296
79 379
196 296
379 121
379 296
379 396
80 69
80 296
80 326
326 142
326 296
82 296
83 296
84 121
84 396
85 296
89 178
89 296
178 296
269 296
269 317
96 59
96 334
334 296
97 68
97 242
97 296
97 301
242 296
99 101
99 195
195 296
103 296
105 95
105 377
111 311
111 359
112 62
112 232
113 16
113 44
113 296
113 348
114 296
116 145
116 292
118 296
118 378
378 90
378 172
378 296
123 296
123 388
388 10
388 296
388 349
176 296
177 296
130 125
130 185
131 242
131 301
132 296
134 38
134 115
134 296
134 392
392 213
392 296
392 298
135 71
135 290
135 296
135 358
136 296
136 341
136 371
142 296
144 4
144 100
144 296
146 213
146 298
298 296
147 10
147 349
349 296
152 103
152 163
152 296
163 296
154 296
154 341
154 371
158 21
158 150
161 137
161 253
166 173
166 255
166 239
166 307
166 0
166 296
166 25
166 54
168 220
168 296
220 239
220 296
220 307
220 164
220 0
220 179
220 173
220 255
220 123
220 347
220 70
170 296
171 16
171 44
174 26
174 368
368 296
180 296
182 118
182 347
183 1
183 156
189 296
190 149
190 261
261 296
191 91
191 296
191 297
191 345
297 296
193 330
193 390
330 296
194 0
194 179
194 296
194 239
194 307
194 25
194 54
194 7
194 164
194 173
194 255
194 347
194 70
197 21
197 150
199 142
199 160
199 296
200 189
200 296
203 61
203 257
257 135
257 277
257 296
205 19
205 248
248 296
206 92
206 266
206 296
207 41
207 274
274 296
274 315
208 296
208 372
372 296
209 176
209 338
210 19
210 248
212 90
212 172
212 227
212 296
227 296
214 118
214 347
216 4
216 100
217 26
217 368
218 69
218 296
218 326
219 296
221 296
222 123
222 176
222 278
222 296
222 338
222 347
222 70
222 0
222 7
278 296
224 59
224 334
225 154
225 296
226 296
230 43
230 62
230 127
230 232
230 296
230 324
324 296
309 296
235 272
235 364
237 103
237 285
237 296
237 376
285 71
285 175
285 196
285 215
285 296
240 296
240 342
342 296
241 313
241 316
313 219
313 296
316 57
316 296
245 103
245 163
249 86
249 294
294 296
250 272
250 364
251 296
254 149
254 261
256 296
277 296
258 296
259 296
259 365
259 382
365 17
365 296
365 393
382 296
382 378
260 7
260 164
260 296
260 25
260 54
260 173
260 255
260 0
260 179
260 347
260 123
260 239
260 307
262 296
268 41
268 274
275 94
275 315
276 5
276 309
279 101
279 195
281 303
281 350
303 296
350 296
286 154
286 296
287 18
287 283
287 286
287 296
288 296
289 33
289 252
291 119
291 151
291 296
300 107
300 167
305 296
308 107
308 167
310 61
310 257
318 22
318 43
318 296
320 137
320 253
321 296
322 95
322 377
332 177
332 304
335 262
335 296
335 303
335 350
336 1
336 156
336 296
339 15
339 31
340 296
344 5
344 309
352 25
352 54
352 173
352 255
352 0
352 296
352 7
352 164
353 296
354 93
354 228
355 157
355 383
383 296
356 92
356 266
357 296
357 330
357 390
360 313
360 316
361 86
361 294
362 296
362 382
363 108
363 329
366 142
366 160
369 15
369 31
373 119
373 151
374 296
375 140
375 202
375 296
380 296
381 159
381 196
384 157
384 383
385 189
385 296
386 136
386 296
389 33
389 252
389 296
394 290
394 358
398 296
