2 315
3 25
3 54
3 315
3 316
3 86
25 86
25 315
25 316
25 54
54 48
54 315
4 315
4 316
4 86
4 25
4 54
316 315
6 239
6 307
239 315
307 315
8 315
9 315
10 315
12 173
12 255
13 315
14 179
14 315
179 164
179 315
18 315
20 283
20 315
283 315
21 315
23 68
23 315
68 315
24 38
24 115
115 113
115 315
86 315
26 315
27 315
28 44
28 128
28 315
44 207
44 315
44 386
128 315
29 315
31 315
32 17
32 393
393 134
393 161
393 184
393 315
35 305
35 315
305 315
37 0
37 179
37 186
37 315
186 154
186 315
40 315
41 77
41 315
77 126
77 315
43 315
207 126
207 315
386 315
45 125
45 185
46 88
46 306
46 315
88 210
88 315
47 145
47 292
47 315
48 315
49 315
50 22
50 43
52 315
56 91
56 315
56 345
345 175
345 315
57 315
58 175
58 215
58 315
175 315
215 315
215 319
60 93
60 228
228 43
228 315
65 110
65 315
110 315
66 315
67 311
67 359
71 315
76 315
76 398
398 187
398 315
126 308
126 315
78 94
78 315
79 315
80 69
80 315
80 326
326 315
82 315
84 121
84 396
121 315
210 19
210 248
210 315
89 142
89 209
89 210
89 315
142 315
209 134
209 176
209 289
209 315
209 338
92 315
95 68
95 118
95 307
95 315
118 315
96 315
97 242
97 301
97 315
242 146
242 315
301 108
301 271
301 309
301 315
99 101
99 195
101 241
101 315
195 315
100 315
241 313
241 315
241 316
102 315
103 181
103 315
181 315
105 95
105 377
377 315
108 315
111 311
111 315
111 359
113 16
113 44
113 315
114 179
114 315
116 89
116 145
116 292
116 315
117 242
117 315
120 214
120 237
120 315
214 118
214 227
214 315
214 347
237 315
237 316
237 25
237 54
237 86
122 315
124 315
308 107
308 167
308 315
129 177
129 304
177 315
177 316
177 392
177 86
130 125
130 185
131 242
131 301
134 38
134 115
134 315
135 290
135 315
135 358
358 315
136 41
136 315
136 323
323 79
323 315
138 315
139 66
139 315
140 315
140 342
342 315
141 315
144 164
144 315
164 315
146 315
147 10
147 175
147 295
147 315
147 349
295 315
148 315
150 315
150 316
150 86
150 25
150 54
151 315
152 315
154 78
154 241
154 303
154 315
303 315
155 199
155 315
199 142
199 160
199 315
156 212
156 315
212 90
212 172
212 226
212 315
157 315
158 21
158 150
159 315
161 315
162 207
162 315
166 173
166 255
166 315
170 78
170 315
171 16
171 44
171 161
171 315
172 315
174 26
174 315
174 368
392 315
182 118
182 315
182 347
347 103
347 315
347 356
183 1
183 96
183 156
183 315
184 315
187 315
190 149
190 261
261 315
191 91
191 345
192 210
192 315
193 179
193 315
193 330
193 390
194 0
194 179
194 301
194 315
196 287
196 315
287 315
197 21
197 150
197 315
203 61
203 86
203 257
203 315
203 316
203 25
203 54
257 315
204 315
205 19
205 248
208 170
208 181
208 315
289 33
289 222
289 252
289 315
211 305
211 315
226 315
213 315
227 315
319 102
319 315
216 315
217 26
217 121
217 175
217 315
217 368
218 21
218 69
218 174
218 239
218 315
218 326
220 239
220 307
221 315
222 176
222 315
222 338
224 315
229 315
230 315
231 232
231 315
232 315
233 315
235 184
235 272
235 315
235 364
364 315
240 113
240 144
240 232
240 315
313 315
243 315
244 315
249 18
249 86
249 294
249 315
249 316
249 25
249 54
294 315
250 272
250 315
250 364
250 369
369 315
252 315
254 149
254 261
254 315
258 144
258 193
258 315
260 2
260 315
263 18
263 315
271 313
271 315
271 374
374 108
374 315
273 150
273 232
273 315
275 94
275 315
276 5
276 309
309 315
279 101
279 195
280 315
281 82
281 159
281 303
281 315
281 350
281 377
285 175
285 215
285 315
286 289
286 315
288 48
288 216
288 315
291 119
291 151
291 315
293 126
293 315
296 315
297 111
297 151
297 315
297 333
297 391
333 315
391 315
391 316
391 86
391 25
391 54
300 107
300 167
310 61
310 257
310 315
317 193
317 315
318 22
318 43
320 315
320 371
371 315
322 95
322 235
322 315
322 377
332 177
332 304
335 303
335 315
335 339
335 350
339 315
336 1
336 156
341 315
341 360
360 313
360 315
360 316
344 5
344 46
344 95
344 309
344 315
344 377
346 315
356 231
356 315
356 333
348 88
348 114
348 306
348 315
351 315
352 25
352 54
352 315
352 316
352 86
354 93
354 228
355 157
355 383
383 315
383 342
357 330
357 390
361 86
361 294
361 315
362 115
362 315
365 17
365 315
365 393
366 142
366 160
373 119
373 151
375 103
375 315
376 315
378 90
378 172
378 232
378 315
379 121
379 396
380 18
380 315
381 315
382 66
382 315
384 157
384 383
385 315
387 28
387 315
388 10
388 241
388 315
388 349
389 33
389 252
394 290
394 315
394 358
395 315
