0 32
0 533
0 557
0 82
533 32
533 63
1 32
2 32
3 425
3 557
3 32
3 82
3 234
557 32
557 234
557 271
557 533
557 82
4 32
4 82
4 91
4 276
4 557
4 425
4 234
4 533
82 32
91 32
91 286
91 319
91 551
276 32
276 291
5 32
5 48
5 70
5 107
5 219
48 29
48 32
70 32
107 32
6 32
7 32
7 85
7 205
7 297
7 507
85 32
205 32
297 32
507 32
8 32
9 32
9 88
9 293
9 339
9 373
339 32
373 32
373 196
373 319
373 505
373 551
10 32
10 48
10 219
10 232
10 354
232 32
354 32
11 32
11 227
227 24
227 32
227 118
227 167
12 32
13 32
14 32
15 32
15 491
491 32
491 258
491 591
16 32
17 32
18 32
18 36
36 32
20 32
21 32
23 32
24 32
24 38
24 509
38 32
509 31
509 32
25 32
29 32
31 32
33 32
34 32
34 213
34 595
213 32
595 32
35 32
35 164
35 272
164 32
164 113
272 32
272 299
37 32
39 32
39 72
39 94
39 400
39 437
72 32
72 361
94 32
400 32
437 32
41 32
42 32
42 85
42 105
42 581
105 18
105 32
581 32
43 32
43 195
43 205
195 29
195 32
195 441
44 32
46 32
49 32
50 32
51 32
51 95
51 113
51 288
95 32
113 32
288 32
52 17
52 32
53 32
53 165
165 32
165 106
165 257
54 32
54 170
54 261
54 549
170 32
170 66
261 32
549 32
549 37
56 32
57 32
58 32
60 32
60 372
60 392
60 428
60 482
392 32
392 404
428 32
482 32
482 313
63 32
64 29
64 32
65 32
66 32
66 286
66 424
286 32
424 32
67 32
67 228
228 32
69 151
69 418
71 32
71 134
71 165
134 32
134 182
361 32
361 174
74 32
74 337
74 539
337 32
539 32
539 394
75 32
76 32
77 32
78 32
78 98
98 32
79 301
79 595
301 32
80 32
81 32
81 361
83 32
83 114
83 504
114 32
114 82
114 557
114 234
504 8
504 32
504 111
86 32
87 32
87 299
87 394
299 32
394 32
394 358
394 490
89 32
90 32
90 588
588 32
588 222
319 32
319 135
551 32
93 32
96 32
96 436
436 32
97 32
97 76
97 534
100 32
101 21
101 32
101 599
599 32
599 156
599 254
599 401
102 32
103 32
109 76
109 534
110 32
110 57
110 61
110 171
171 32
111 32
115 32
115 38
115 509
116 32
116 287
287 32
287 48
117 32
118 22
118 32
118 48
118 64
118 243
243 32
119 90
119 578
122 32
122 48
122 66
122 95
122 377
377 32
123 32
125 32
127 32
129 32
129 309
309 32
130 18
130 32
130 157
157 32
131 32
131 442
131 501
131 535
501 32
535 32
535 165
535 358
535 490
133 32
133 48
182 32
182 318
182 597
135 32
136 32
136 156
136 401
136 428
156 32
156 282
139 32
139 136
139 298
298 32
298 288
298 334
141 32
143 32
143 180
143 213
180 32
145 32
146 32
147 32
148 32
148 106
148 257
257 32
150 32
150 135
150 281
150 348
348 32
153 32
153 345
345 32
154 32
282 32
158 32
159 32
161 32
161 267
267 32
267 111
267 559
162 32
166 32
166 207
207 32
167 32
169 32
169 333
333 32
172 32
173 32
174 32
175 32
176 32
177 32
177 90
177 578
178 32
178 294
294 32
179 32
179 121
179 396
396 32
396 298
183 32
183 266
266 32
266 171
184 32
185 32
185 50
185 189
189 32
186 32
188 32
190 261
190 549
191 32
191 339
192 32
192 255
255 32
255 286
194 32
441 32
196 32
196 34
196 511
511 32
511 36
511 87
511 111
511 559
197 32
197 113
197 274
274 32
199 160
199 542
542 32
201 32
201 71
201 381
201 421
381 32
421 32
204 32
204 93
204 145
204 201
206 32
208 32
208 370
370 32
370 207
209 32
210 32
210 70
211 32
211 191
212 32
212 255
212 394
212 444
444 32
444 570
214 32
214 330
330 32
215 310
215 485
485 32
485 388
217 32
218 32
218 588
221 32
222 32
224 32
230 32
230 186
230 272
230 453
453 32
453 96
453 105
231 32
231 224
234 32
234 339
234 577
577 32
235 32
235 397
397 32
397 221
397 550
239 32
241 32
242 32
242 205
242 386
386 32
386 72
244 32
244 78
245 32
246 88
246 293
247 145
247 292
248 32
249 32
250 32
250 164
250 272
251 32
253 32
253 146
253 433
433 32
254 32
256 32
256 258
256 591
258 32
259 32
259 141
262 32
265 32
265 46
559 32
559 441
270 32
270 36
271 32
291 32
277 20
277 32
277 188
278 32
278 599
280 32
280 93
280 126
283 32
283 596
596 32
284 32
285 32
289 32
289 433
289 452
452 32
290 32
290 286
290 438
438 32
334 32
334 174
300 32
300 130
300 145
300 380
380 32
302 32
302 115
303 32
304 32
305 32
306 32
307 406
307 420
406 32
311 32
311 318
311 466
311 597
466 32
466 599
312 32
312 557
312 425
312 82
312 234
312 533
313 32
314 24
314 32
314 481
314 533
314 557
314 82
481 32
315 32
316 32
316 544
544 32
544 147
544 171
544 195
544 205
317 32
320 32
322 32
322 481
323 32
323 206
323 399
323 406
399 31
399 32
399 228
325 32
325 178
328 32
328 51
328 271
328 397
329 32
332 32
332 285
332 299
332 423
332 564
423 32
423 286
423 361
564 32
564 222
335 32
338 32
338 379
338 522
522 32
522 123
522 178
340 32
340 317
341 32
342 32
343 32
343 207
344 32
344 499
344 540
499 32
499 301
499 595
540 32
540 188
540 309
346 32
347 32
347 588
349 32
351 32
351 80
352 32
353 32
353 111
355 32
355 335
355 360
360 32
360 184
360 224
360 334
357 32
359 32
365 32
365 166
365 413
413 32
366 160
366 542
367 32
367 449
449 32
368 32
368 188
368 385
385 32
369 32
369 481
371 255
371 444
505 32
505 95
505 377
375 310
375 485
378 32
382 32
382 82
382 599
382 557
382 425
382 234
382 533
383 6
383 32
383 135
383 254
383 527
527 32
384 32
384 425
384 557
384 82
384 234
384 533
387 32
388 32
388 147
388 224
388 545
389 32
390 32
390 135
390 281
390 345
391 32
391 134
391 524
524 32
404 32
393 32
393 417
417 32
395 32
550 32
403 32
403 57
403 61
405 32
409 32
409 176
409 256
409 538
410 406
410 420
412 32
412 372
412 428
412 455
455 32
414 347
414 416
416 32
416 175
416 335
416 427
415 32
415 228
427 32
422 176
422 538
426 32
432 32
432 38
434 20
434 32
435 32
439 151
439 418
440 32
443 32
570 32
445 32
445 385
445 525
525 32
525 166
525 334
525 535
447 8
447 32
447 455
448 32
450 22
450 243
451 32
451 385
451 471
471 32
454 32
458 32
459 32
459 122
459 528
528 32
528 87
460 32
461 32
461 43
461 80
461 85
462 32
463 32
463 191
463 297
463 437
463 587
587 32
464 32
464 164
464 381
464 523
523 32
465 32
465 234
465 557
465 533
465 425
465 82
467 32
468 32
468 243
469 32
469 245
469 575
575 32
575 571
470 32
472 32
475 32
476 32
476 254
478 32
484 32
484 121
484 396
484 428
486 17
486 32
486 170
487 32
488 32
492 32
492 182
494 32
494 241
497 442
497 501
498 32
498 154
498 172
498 235
498 434
500 32
502 32
503 32
503 36
503 400
503 437
508 32
508 115
508 154
510 32
512 32
512 48
512 384
513 347
513 416
514 32
514 574
574 32
574 67
574 299
574 395
515 32
516 32
516 85
516 145
516 292
518 32
518 417
519 385
519 525
521 32
526 32
526 487
529 32
529 82
529 425
529 557
529 234
530 32
530 565
565 32
536 32
536 315
536 365
537 32
543 32
543 501
548 32
552 6
552 254
554 32
554 93
554 126
555 29
555 32
555 53
555 581
556 32
556 188
556 395
556 596
558 32
558 221
558 550
566 32
566 133
566 147
566 174
566 466
566 545
567 32
567 349
568 32
568 435
569 32
569 370
571 32
572 32
572 70
572 194
573 32
573 550
579 32
579 355
579 455
583 32
583 335
583 360
585 32
589 32
589 433
589 452
590 32
590 72
590 114
590 389
592 32
593 18
593 157
594 32
594 379
594 522
598 32
