0 3
2 3
4 3
5 3
5 30
5 105
30 203
7 3
7 146
7 149
7 35
7 344
7 121
7 156
7 113
7 193
146 3
146 35
146 344
146 121
146 156
146 149
146 198
146 353
146 113
146 193
149 3
8 3
8 113
8 193
8 35
8 344
8 36
8 87
8 83
8 212
8 146
8 149
113 3
113 35
113 344
113 36
113 87
113 193
113 83
113 212
113 121
113 156
113 146
113 149
193 3
9 3
10 3
11 3
11 121
11 156
11 146
11 149
11 36
11 87
11 113
11 193
121 3
121 146
121 149
121 156
121 35
121 344
121 36
121 87
121 113
121 193
156 3
13 3
14 3
16 3
17 3
18 3
18 345
18 357
19 345
19 357
20 3
22 3
23 3
24 3
25 3
26 3
27 3
27 202
27 335
335 3
28 3
29 3
203 3
32 3
34 3
35 3
35 36
35 87
35 146
35 149
35 113
35 193
36 3
36 146
36 149
36 121
36 156
36 113
36 193
36 35
36 344
36 198
36 353
36 83
36 212
36 87
37 3
38 3
39 359
359 3
40 3
41 3
43 3
43 177
177 3
44 3
44 113
44 193
44 121
44 156
45 3
45 26
45 52
46 3
47 59
47 60
48 3
49 3
50 3
51 3
53 3
54 127
127 3
55 3
55 272
55 297
56 3
58 3
61 3
61 54
61 275
275 3
62 35
62 86
62 344
62 36
62 87
62 146
62 149
62 113
62 193
344 3
344 198
344 353
344 35
344 36
344 87
344 146
344 149
64 3
66 3
67 3
68 3
69 3
70 3
71 3
71 59
71 60
72 3
73 3
74 3
75 3
76 3
77 3
78 3
79 36
79 87
79 146
79 149
79 121
79 156
79 35
79 344
79 83
79 212
79 198
79 353
87 3
81 3
83 3
83 198
83 353
83 36
83 87
83 113
83 193
83 146
83 149
84 3
84 272
84 297
85 3
91 3
92 3
93 3
94 3
95 3
95 177
96 3
97 3
97 278
97 285
285 3
98 3
100 43
101 3
103 3
104 232
104 273
232 3
107 3
108 3
108 256
108 271
256 3
271 3
109 3
111 3
111 202
111 335
112 3
114 3
115 3
116 3
118 3
119 3
120 3
122 3
123 3
124 3
124 134
124 144
134 3
144 3
125 3
126 3
128 3
129 3
131 334
334 3
132 3
133 3
135 3
136 3
138 3
139 3
140 3
142 3
142 232
142 273
145 3
147 3
148 3
150 3
151 3
152 3
153 3
154 3
155 3
158 3
159 3
160 388
388 3
161 3
162 3
162 36
162 87
162 113
162 193
162 198
162 353
162 146
162 149
164 3
165 3
166 3
167 3
168 3
169 3
170 3
171 3
173 3
174 3
175 3
178 3
180 3
181 3
182 3
183 3
184 3
185 3
185 83
185 212
185 198
185 353
185 36
185 87
185 113
185 193
185 146
185 149
212 3
186 3
187 3
190 3
191 3
194 3
195 269
269 3
196 3
197 3
198 3
198 35
198 344
198 36
198 87
198 146
198 149
200 3
201 134
201 144
204 3
204 278
204 285
205 3
208 3
209 3
210 3
213 3
217 3
218 112
218 374
374 178
221 3
222 3
223 197
223 253
224 3
225 3
226 3
228 368
368 3
229 93
229 147
229 183
230 3
230 196
230 308
308 3
231 3
233 3
234 3
235 3
237 3
238 3
241 3
242 3
244 3
244 35
244 86
245 3
245 200
245 298
298 3
246 3
247 3
248 3
249 3
250 3
252 3
254 3
255 3
257 3
258 3
260 3
261 3
262 3
262 88
262 373
373 3
264 3
264 88
264 373
265 3
266 3
267 3
268 3
268 83
268 212
270 3
270 197
270 253
274 3
274 30
274 105
277 3
279 3
280 3
281 3
283 3
284 3
286 3
287 3
288 3
289 146
289 149
289 198
289 353
289 113
289 193
290 3
291 3
292 3
293 3
293 26
293 52
294 3
295 3
296 3
300 3
301 3
302 3
303 3
305 3
306 3
307 3
311 93
311 147
311 336
336 3
312 3
313 3
314 3
315 3
317 3
318 3
320 3
321 3
323 3
324 3
325 3
326 3
327 165
328 3
330 3
331 3
333 3
333 256
333 271
337 200
337 298
339 3
340 3
341 3
342 3
343 3
353 3
346 3
347 3
348 3
349 3
354 3
355 3
356 3
358 3
360 3
361 3
362 3
363 3
364 3
365 196
365 308
366 3
367 3
369 3
370 3
370 54
370 275
371 3
376 3
377 3
378 3
380 3
381 3
383 3
384 3
385 3
386 121
386 156
386 35
386 344
386 146
386 149
387 3
390 3
391 3
392 112
392 374
393 225
394 175
395 3
396 3
398 198
398 353
399 3
