5 404
7 404
8 404
9 404
10 162
10 404
10 688
10 778
10 251
10 225
10 748
10 352
10 497
10 354
10 593
11 251
11 404
11 497
11 354
11 593
11 688
11 162
11 778
497 404
12 404
13 404
15 354
15 593
15 404
15 778
15 162
15 688
15 352
17 404
19 404
20 404
22 404
23 225
23 748
23 354
23 593
23 404
23 778
23 352
23 162
748 404
748 465
24 352
24 404
24 778
24 688
24 225
24 748
24 497
24 251
24 162
778 404
27 46
27 404
46 404
29 701
29 734
701 404
701 623
734 404
32 404
33 404
34 404
34 726
726 404
35 404
35 451
35 609
451 404
609 404
37 189
37 404
37 762
762 404
38 404
40 404
40 486
40 626
486 404
41 616
41 656
656 404
43 404
44 79
44 404
79 404
47 19
47 21
48 517
48 713
517 404
49 404
50 52
50 404
50 738
738 404
56 426
56 760
58 46
58 705
61 78
61 404
61 551
551 353
551 404
62 404
64 63
64 617
65 88
65 404
65 461
461 404
68 404
69 187
69 404
69 697
70 616
70 656
71 158
71 404
71 522
158 2
158 144
158 304
158 404
522 404
75 32
75 344
75 404
76 2
76 304
80 490
80 592
490 404
81 289
81 404
289 404
83 540
83 740
540 404
84 101
84 628
628 404
85 137
85 370
85 404
85 573
370 268
370 404
573 404
86 184
86 698
184 404
87 404
89 134
89 576
93 129
93 404
93 677
94 404
95 404
95 535
95 702
702 404
97 660
97 720
98 404
98 488
98 777
777 404
100 404
104 12
104 388
104 404
104 584
388 404
105 453
105 733
453 404
733 404
106 404
107 231
107 329
107 339
107 404
231 404
108 101
108 628
113 404
113 783
783 404
115 404
116 131
116 404
116 640
640 404
120 289
120 404
121 266
121 342
121 404
121 489
489 404
124 119
124 404
124 757
125 468
125 742
468 404
126 404
126 434
434 404
127 32
127 344
132 404
133 404
135 660
135 720
136 404
138 59
138 447
139 333
139 404
333 404
140 404
141 385
141 404
385 44
385 404
385 750
142 404
143 360
143 404
143 641
641 404
144 404
145 266
145 342
145 404
145 610
610 44
610 404
610 750
148 404
149 404
151 404
151 579
579 153
579 229
579 262
579 404
152 404
152 749
749 39
749 404
749 503
155 404
156 482
156 763
482 404
159 136
159 404
159 678
678 8
678 404
678 544
161 404
164 79
164 255
168 237
168 652
237 404
170 404
172 404
175 404
177 59
177 447
178 337
178 404
337 404
179 172
179 404
180 187
180 404
180 697
181 490
181 592
182 235
182 414
235 404
414 404
190 404
191 504
191 505
193 179
193 404
196 91
196 526
526 404
198 404
200 6
200 401
200 404
200 408
408 404
201 404
203 388
203 584
205 404
208 404
208 525
208 711
525 404
210 154
210 427
427 404
211 404
211 768
768 404
212 284
212 307
307 404
213 185
213 404
213 599
214 404
216 123
216 319
319 404
218 404
220 485
220 780
221 404
223 310
223 358
226 131
226 404
226 640
227 404
228 404
228 517
228 713
229 404
230 324
230 404
230 448
233 404
234 365
234 404
234 574
238 404
243 325
243 404
243 440
325 404
325 520
244 404
245 404
246 184
246 698
249 71
249 404
250 404
253 123
253 319
253 404
254 392
254 404
254 513
254 540
254 595
513 404
595 81
595 404
256 296
256 404
296 404
257 544
257 729
544 404
729 404
258 404
259 404
259 468
259 742
260 404
260 405
260 567
405 404
261 395
261 797
264 189
264 404
264 762
267 404
268 404
270 404
272 154
272 404
272 420
272 427
420 404
273 525
273 711
274 16
274 90
275 99
275 174
276 360
276 641
278 251
278 404
278 497
278 354
278 593
278 688
278 162
278 778
279 343
279 643
280 211
280 404
280 536
281 404
283 510
283 719
286 404
287 88
287 404
287 461
290 404
291 404
291 521
291 766
521 404
766 404
293 63
293 404
293 617
294 153
294 262
295 588
295 770
588 404
297 404
298 343
298 643
299 345
299 772
772 404
301 160
301 404
301 428
428 404
302 404
305 311
305 639
311 404
311 786
639 404
306 55
306 130
306 404
786 404
312 134
312 576
313 404
314 311
314 639
317 450
317 514
450 404
514 404
320 28
320 449
449 132
449 326
449 404
322 39
322 503
520 185
520 404
520 599
326 404
327 404
327 521
327 766
330 94
330 687
687 201
687 404
331 404
331 489
331 549
549 404
332 404
334 350
334 558
350 404
558 106
558 404
338 136
338 404
338 609
338 678
340 404
340 588
340 770
346 404
348 392
348 595
349 418
349 528
528 404
351 404
353 404
355 565
355 782
357 404
361 404
361 565
361 782
362 324
362 404
362 448
363 451
363 609
364 379
364 404
364 636
379 404
636 404
366 404
367 482
367 763
369 72
369 236
369 404
371 137
371 573
372 199
372 404
372 421
372 610
421 404
373 404
374 16
374 90
375 289
375 657
376 18
376 404
376 666
666 404
378 50
378 404
382 404
384 161
384 675
675 404
386 129
386 404
386 677
389 365
389 404
389 574
390 404
393 404
394 404
397 285
397 416
416 404
399 404
400 404
402 404
402 715
407 160
407 428
409 165
409 413
411 42
411 316
422 404
425 488
425 777
430 6
430 401
430 404
432 404
435 75
435 404
442 271
442 404
442 575
443 404
446 471
446 647
454 387
454 404
454 717
457 510
457 719
460 284
460 307
460 404
462 404
463 98
463 285
463 404
463 416
464 629
464 794
629 404
629 590
465 404
466 404
467 404
470 109
470 700
700 404
472 290
472 412
474 37
474 404
475 19
475 21
477 290
477 412
478 404
479 404
480 404
483 404
484 404
487 148
487 623
623 404
493 404
494 119
494 404
494 612
494 757
612 404
495 224
495 366
496 404
498 271
498 575
499 485
499 780
500 78
500 404
500 551
501 404
501 489
501 549
506 379
506 636
507 404
508 404
512 115
512 170
512 404
518 404
518 639
523 518
523 642
524 404
524 493
524 651
527 493
527 651
534 329
534 339
537 404
541 404
542 199
542 421
543 404
546 404
548 535
548 702
550 211
550 404
550 536
552 46
552 705
553 404
554 456
554 582
556 404
557 404
559 94
559 687
561 404
562 404
563 404
563 468
566 38
566 664
569 95
569 404
569 540
569 740
570 352
570 404
570 778
570 688
570 225
570 748
570 497
570 251
570 162
577 404
578 109
578 404
578 610
578 700
585 310
585 358
586 404
589 544
589 729
590 201
590 400
590 404
591 404
594 404
597 404
597 426
597 760
598 404
600 404
601 404
602 404
603 450
603 514
604 38
604 664
605 404
607 404
608 269
608 538
614 354
614 593
614 404
614 778
614 162
614 688
614 352
618 404
619 404
620 486
620 626
621 18
621 666
625 176
625 404
625 728
627 239
627 462
631 404
631 572
631 774
632 404
633 7
633 163
635 387
635 404
635 717
644 404
645 404
649 404
653 52
653 738
654 99
654 174
654 404
655 165
655 404
655 413
659 386
659 404
661 404
661 471
661 647
665 404
665 715
667 404
668 214
668 325
668 404
669 7
669 163
669 404
672 404
672 654
676 404
680 404
680 590
681 404
682 368
682 436
683 13
683 404
683 418
683 528
684 224
684 366
684 404
685 42
685 316
686 404
690 404
693 225
693 227
693 404
693 570
693 748
693 354
693 593
693 778
693 352
693 162
694 404
696 701
696 734
699 404
703 237
703 652
704 4
704 30
704 404
707 404
707 518
707 642
708 79
708 255
708 404
710 4
710 30
712 404
718 404
718 466
722 350
722 558
723 258
723 404
725 404
725 453
725 733
730 404
730 430
732 345
732 772
737 28
737 449
741 176
741 404
741 728
743 72
743 236
744 404
744 602
746 404
752 162
752 404
752 688
752 778
752 251
752 225
752 748
752 352
752 497
752 354
752 593
753 395
753 797
755 269
755 538
756 405
756 567
758 404
759 55
759 130
759 404
764 572
764 774
765 404
767 404
769 404
771 404
773 235
773 404
773 414
776 629
776 794
779 91
779 526
781 201
781 400
781 404
784 161
784 675
785 368
785 436
787 404
787 504
787 505
787 610
788 289
788 657
790 239
790 404
790 462
791 325
791 404
791 440
792 148
792 623
793 456
793 582
795 404
796 404
799 35
799 404
