199 410
825 1285
448 1171
110 32
1451 288
400 379
45 1041
271 659
1533 1344
1196 448
1729 458
1699 345
1040 241
1634 785
1590 549
1237 1259
1067 1236
1438 928
54 406
274 1149
440 682
445 1221
482 1310
1576 599
880 338
1390 866
1358 82
619 1242
1635 451
1360 1297
156 1261
218 386
701 161
592 404
1583 1179
109 294
1505 1033
651 1027
406 17
638 67
1266 1012
719 324
444 1648
837 323
690 1451
1165 1744
169 1152
1610 1124
1192 1214
517 1719
1733 840
243 1643
770 1630
106 1403
1067 1595
1690 1056
775 8
1306 648
859 256
1463 246
902 1421
1002 1202
764 1121
676 1342
22 199
1110 247
1161 1215
1736 773
16 891
475 1202
634 1456
1445 1486
899 102
1509 884
1355 891
1712 634
14 299
615 555
639 768
330 972
1265 86
979 1604
1643 518
155 1118
789 1318
995 1227
838 349
1454 579
1031 1458
1301 603
1691 1498
955 740
628 673
978 1643
877 684
1137 673
759 2
289 961
1592 1654
10 278
1168 1064
824 595
1076 759
314 1203
1507 1662
1638 655
1182 819
813 842
571 1463
1534 732
451 972
1118 1618
589 1647
1467 1037
1319 883
1550 606
1604 360
798 1190
1037 1166
1489 1288
37 744
93 528
255 657
1231 1566
493 1662
1406 223
310 1327
870 17
1114 1681
128 462
1490 434
1245 369
1740 16
507 880
1130 1052
696 694
1465 1678
111 805
1455 591
396 1291
1073 1081
1253 750
1331 1134
142 1032
295 1284
361 1391
1332 2
1449 270
782 1517
1573 319
1634 1163
81 486
454 733
1361 191
1113 726
1110 665
327 113
1287 916
949 315
985 1700
1741 1002
1714 477
626 270
932 435
1635 313
1050 1367
1327 560
1129 527
1548 576
581 407
579 604
916 1001
1206 1074
419 736
1694 533
832 1626
0 1520
575 1266
851 1036
1090 333
1352 933
1603 1546
1620 8
384 1625
347 93
667 264
1307 978
1292 17
259 1264
463 300
393 1709
516 1006
860 213
1624 1311
627 258
747 972
1223 1708
236 540
947 236
1551 1535
1324 1106
316 669
832 910
289 301
1321 1708
67 1415
653 180
871 452
1492 1444
99 142
962 931
1215 1095
411 1660
1615 203
633 502
639 155
899 1659
728 1084
161 91
684 213
419 1602
13 1528
505 1290
458 652
585 265
382 1188
210 1079
1347 431
1305 1004
696 580
1237 1708
285 1176
838 1157
128 831
1679 350
388 105
509 381
1211 1337
467 831
1650 483
1668 1505
98 1338
965 437
927 1002
1199 1125
1666 1046
800 648
454 922
1127 59
1354 1704
1384 387
1134 786
399 1184
1256 780
1664 1551
606 547
1716 179
1625 1481
363 770
302 1166
1628 572
372 422
1574 930
137 976
1211 344
781 117
1083 820
998 925
1354 970
175 955
199 1465
1225 703
177 1399
1271 431
1570 1304
541 855
408 252
1092 1629
928 921
542 1038
1559 1322
1681 186
166 211
1169 1600
1323 525
389 517
1087 1683
896 34
1203 383
829 920
1532 981
770 763
1591 576
217 160
153 1384
5 870
847 1709
1175 550
134 693
825 1155
19 789
1350 776
74 692
769 762
165 1539
1195 544
256 1425
430 1341
536 1265
322 1604
1190 381
1737 819
539 89
166 260
201 1030
1067 200
1110 995
1311 711
1328 796
1474 1255
1021 484
1578 147
579 843
191 597
978 67
96 228
788 841
1099 46
626 1315
463 1487
1272 970
534 1471
2 478
503 1422
1016 38
146 1345
360 350
1382 1459
813 1442
767 1252
580 288
548 234
1380 905
1000 961
986 1243
646 427
674 608
1641 1572
344 1618
5 306
456 324
1415 1310
484 947
603 462
758 49
368 1257
1335 1483
1516 555
83 1214
1121 16
853 1670
30 729
1265 1544
1702 1706
374 1248
785 1131
214 1362
96 583
1350 557
496 1684
1213 1446
1406 1407
415 1385
1499 46
571 421
1318 920
840 431
735 670
496 863
718 1585
899 693
522 1595
44 925
1727 1494
1592 485
1573 1456
1467 472
1575 7
949 698
1738 143
1577 1658
1620 417
1295 1107
1467 1471
710 1277
693 459
1338 219
796 243
1420 1216
1616 1739
1154 1701
1658 980
515 1642
1580 491
1526 28
124 1011
1033 1606
291 639
1665 1252
853 1480
915 1003
285 1022
647 1193
1639 47
1210 327
1349 263
1335 1162
1156 100
694 379
610 1560
969 412
1122 772
312 1556
1668 1
320 302
437 1253
364 237
441 1570
101 287
644 132
959 1420
1666 1034
746 1721
1673 558
948 891
1138 1217
196 1633
140 1081
943 1263
1108 1643
1151 1213
556 1648
1462 288
122 1198
1133 1353
267 256
1611 36
552 952
340 387
1042 893
1699 125
40 735
287 126
1300 259
1582 1400
802 725
138 1420
580 436
983 386
961 480
488 852
1246 1094
264 822
577 744
170 1572
336 1452
1494 236
515 313
641 909
889 1113
519 296
1189 1433
471 1195
1443 1087
631 1550
87 759
1425 326
914 681
1736 1526
1415 337
1288 1445
1721 503
881 1000
614 1692
1514 210
1273 822
6 603
436 1077
151 1555
1472 350
320 601
217 147
849 1080
1636 201
1699 349
1664 864
190 1037
1527 514
492 1739
1149 381
1586 1620
1099 714
1731 715
1005 1449
1640 548
1228 866
1115 1136
853 862
281 872
45 938
1486 662
434 374
1506 556
1587 387
736 1090
501 1551
1386 806
326 1186
818 1273
228 1473
1039 1034
435 1675
1235 693
383 30
1419 730
1014 1158
1145 630
1701 1368
1201 922
1447 1606
451 869
1394 452
1473 342
951 1474
1596 324
1415 1538
969 1629
283 340
22 859
1497 1660
1317 667
1239 1671
25 1099
464 274
433 395
1682 1363
1350 1237
328 505
163 1417
819 272
1656 349
533 1500
1026 457
594 1032
1083 1645
1510 771
75 992
1272 1634
1719 1212
700 1056
983 1725
1300 72
927 1159
1709 1083
1540 50
1743 1039
978 1719
1040 1522
303 1335
1635 479
684 439
1745 162
797 458
281 581
830 1118
968 397
1198 482
771 126
1216 1526
587 919
1510 1476
188 349
1543 112
1027 1432
230 747
830 394
561 754
918 1606
38 1068
184 716
183 898
307 1266
504 1044
403 797
245 34
1553 1261
365 237
886 144
237 1612
1641 1377
1009 1556
1681 262
50 561
587 476
1130 877
154 194
349 71
1382 1386
849 1204
1376 1039
561 830
29 1160
760 1703
281 1128
558 147
329 968
677 1048
600 430
1069 1407
1497 426
142 462
1022 626
1432 126
351 411
779 569
1259 1187
1434 158
525 1253
46 122
960 434
216 1721
1235 1462
1171 256
1034 1337
641 1673
1215 258
926 769
1730 568
717 882
1489 463
1087 768
602 513
1676 493
1260 390
991 658
1650 1400
1631 1120
209 243
1286 95
1071 1532
953 619
495 185
608 1438
894 700
1570 1420
1010 993
789 1192
807 1115
1675 26
1614 1194
1460 769
789 609
188 1709
1075 890
578 651
1334 1346
217 1354
645 1432
913 415
774 191
529 460
1551 786
1694 223
1559 1021
830 716
389 72
468 270
212 17
736 844
306 891
1050 1284
1561 1518
1031 1301
510 1293
896 278
1546 684
395 80
1072 1212
1547 1101
1526 506
547 746
438 982
240 910
623 610
468 904
362 1740
1056 1060
1675 340
1018 1614
1336 785
574 1015
260 517
313 855
647 78
599 62
1690 410
1025 915
792 812
1654 821
681 266
808 254
299 1547
1462 402
1698 955
73 1675
689 1353
484 349
1129 379
57 723
847 141
1098 1237
1354 19
1458 1148
33 1203
622 127
582 1375
384 945
805 813
1214 223
61 1728
1151 1681
913 837
1657 1097
766 386
1550 221
921 150
290 1135
147 113
637 1691
156 660
958 1
1705 1249
814 1225
232 889
1007 479
1287 901
1119 1305
584 1724
628 1087
232 121
1104 1616
877 1465
1560 1407
474 338
1004 1510
152 1294
1581 1691
892 1608
859 1456
827 538
1444 1695
1195 1385
1292 1704
1228 734
1581 570
1302 1473
91 762
324 338
86 1203
496 31
986 58
381 1127
426 1203
1021 1432
490 1294
930 1509
580 1086
1505 590
1522 1037
371 88
1232 527
646 104
1476 654
1549 1494
1545 942
1472 1643
1633 1562
711 1222
153 215
1449 1413
1024 1483
112 1620
525 1274
1003 483
224 19
768 84
547 1212
1352 1069
723 7
1038 1180
880 818
1113 645
1128 1101
1122 961
515 1568
699 323
770 1192
1095 1529
552 1068
286 1577
159 1688
1272 424
939 51
1695 958
698 671
994 481
414 620
1534 106
1654 565
1081 618
1690 1594
695 1028
701 775
308 224
1679 1720
186 1643
1562 1503
1718 1633
1219 419
88 32
975 1015
253 733
929 78
299 737
1194 743
636 923
1487 467
303 989
517 294
260 1350
444 856
1456 1224
194 1105
647 833
137 652
412 716
1198 1681
1678 961
38 408
1629 1631
218 733
1093 547
231 953
479 907
1686 1591
1375 1298
626 768
1261 359
201 208
27 1351
999 88
1241 1596
634 1246
1202 829
1011 30
776 807
1206 46
1361 1744
1067 1170
574 1724
1278 228
110 1360
1567 527
174 658
1404 1534
1255 1022
1120 1171
923 431
1442 761
1498 699
1397 1442
514 241
778 1723
1373 744
4 923
78 463
1384 547
1564 242
1452 781
1101 1463
792 230
1438 859
347 686
1696 1416
1659 169
548 955
1573 573
1589 754
842 1342
625 1336
310 1217
615 84
121 1526
1011 361
1614 363
966 96
1131 299
772 758
1249 1688
41 834
1231 1001
1107 753
1205 665
1000 52
1594 495
1245 816
631 330
542 1418
603 369
826 267
1127 838
1219 447
989 1064
522 441
180 1203
1606 1477
992 548
308 1107
363 1077
1334 782
974 1284
278 1466
989 823
1255 1417
541 1099
1727 1736
248 839
104 1236
447 244
195 835
510 1652
927 643
760 1100
34 1555
1742 949
1652 1201
1555 1334
1184 342
1517 1072
32 856
274 1738
487 1476
1578 861
324 1120
558 1465
1412 1168
1329 1092
1718 87
1494 1728
1349 456
944 1622
397 1063
309 157
1627 1059
514 708
1177 96
1584 1056
1161 589
1465 1632
697 1436
1176 572
1197 1193
470 1447
1699 126
649 1139
315 784
1248 1144
1690 1123
1043 699
353 145
846 376
1535 150
1526 831
1623 402
331 1442
311 424
1266 1573
1611 1222
1586 1386
252 1610
1622 919
1572 1451
390 84
1272 266
1666 975
1125 1019
275 1595
1149 1411
486 1039
1649 864
358 266
1407 1309
115 730
555 141
1195 1491
1472 1342
764 302
858 1555
207 995
488 1037
273 158
1079 1541
1356 849
1366 1230
854 1554
1381 622
366 424
253 552
925 59
623 700
1459 1300
865 524
1437 731
1205 1594
494 1383
667 1027
532 719
1015 1389
735 1
593 1544
794 553
713 1274
1599 587
1212 183
87 663
1535 1459
8 656
316 1589
559 1651
1184 684
1447 37
1687 1594
871 970
780 811
1329 973
1319 943
1675 1734
1621 1349
284 1223
599 825
424 738
1204 226
1659 1340
795 951
754 58
999 1201
1600 126
1543 778
627 64
265 524
238 727
84 737
113 1528
1019 429
162 1023
1518 753
1301 1124
1663 1503
23 926
49 363
1561 356
511 241
736 854
378 532
1287 1041
213 1092
624 589
234 282
44 450
381 1375
876 736
625 1237
470 1630
1561 776
867 826
1285 669
383 957
1224 1246
334 182
80 650
1707 114
1037 1609
967 518
545 726
925 952
992 1
1431 487
540 1400
1322 708
1568 964
717 1497
29 823
1129 1317
864 547
1589 1049
620 1107
1225 662
567 195
713 709
1250 1692
615 26
1657 971
1414 926
633 1389
1079 1386
660 284
955 1647
132 1394
594 1676
915 449
1433 454
1598 905
1545 1649
726 1128
313 673
1675 151
196 622
778 905
1677 1152
137 688
1688 1604
503 1253
938 722
1097 243
1060 1286
1649 642
1538 153
1272 274
1067 1582
1127 1094
1155 49
520 1493
1103 1361
1115 10
589 14
1702 1335
1248 1240
1203 1037
848 16
1573 1603
533 325
1286 587
101 7
552 1162
1712 22
1347 687
714 180
1659 723
1396 763
143 1588
1123 1039
1637 478
131 458
1337 396
505 1521
36 978
1217 398
443 1691
1076 1667
1030 741
660 1699
1380 1215
1218 662
1314 588
718 1046
747 1134
1561 12
1511 263
1150 1655
690 1387
370 693
1618 930
771 1291
241 1458
180 1249
1034 1733
1276 822
1438 1580
1645 476
1223 884
839 722
1440 818
1548 376
182 168
1544 562
736 1177
251 910
754 262
972 916
382 1555
802 1331
1612 1439
1034 990
375 1564
1727 599
965 172
577 1401
637 1079
490 1219
687 118
28 688
177 514
444 605
1737 1469
48 1389
465 589
299 1418
521 1130
1402 1587
663 614
326 1640
1151 631
1475 654
1289 426
995 684
1383 907
667 1165
699 415
1115 1074
913 1315
820 321
1640 84
166 487
453 26
798 124
1716 152
579 1056
1260 1432
1421 1176
1040 799
942 1629
1057 741
283 1098
490 672
1744 1274
1677 651
758 1701
580 310
994 1333
1475 420
1177 369
1361 1634
470 440
769 454
1612 1442
1643 877
1530 1058
1000 747
1217 85
765 738
1661 1167
1546 1353
7 254
846 1124
586 458
1335 1234
1190 1013
1404 1218
311 751
1433 404
274 1070
297 738
584 652
1093 1336
1637 846
1619 1592
1314 1509
1393 461
1730 292
152 1612
356 980
391 1072
19 493
1594 56
979 1718
1569 330
570 1651
1174 913
1454 631
1408 241
165 202
716 67
469 529
572 866
878 59
264 99
259 1452
755 894
761 1642
1732 890
876 1129
829 693
1323 683
1283 1485
533 1002
1657 646
744 1222
589 79
429 418
845 1352
900 1681
885 1441
1476 113
822 241
332 417
1210 906
518 38
87 664
526 576
1207 421
160 165
39 1411
335 277
1098 1483
509 1353
386 620
106 424
1532 1485
1042 143
1321 681
759 1246
1247 691
1007 1493
14 796
1439 1328
1273 1006
2 1454
1110 775
569 1706
1575 529
1085 1566
953 676
801 1605
1028 1559
1553 215
1268 1625
851 1292
585 717
178 1730
194 572
1242 702
1146 1689
588 806
521 1711
39 1151
26 1036
1095 1745
1298 1046
119 879
1204 371
1288 4
1625 559
1677 1394
1553 1234
1573 1574
349 1616
1545 868
943 267
1284 1487
920 1543
1113 537
969 1223
1555 722
956 232
453 1235
1393 348
1480 693
561 217
1170 1305
1719 1425
664 154
1129 314
1304 1177
41 799
1669 579
1215 819
109 1066
232 590
59 1227
689 1042
534 440
1426 221
1679 1013
1012 1637
504 99
177 174
1654 1645
1731 1629
448 506
934 814
2 1536
778 1734
564 1302
1530 874
395 148
1322 142
1253 937
1518 883
780 1383
155 1741
942 797
987 407
724 882
576 1034
1438 1483
1623 1234
1388 50
707 1401
1004 1124
54 145
20 149
1478 219
1090 1522
1052 1505
285 1701
1533 19
564 1534
1013 1454
859 1042
271 32
738 604
399 953
86 1099
1371 28
1486 1298
27 187
1591 254
1414 1035
1320 1249
1481 270
332 1480
1109 1419
1412 497
434 1300
1706 1203
1336 1377
1567 483
705 1283
975 1708
824 584
43 815
697 1366
87 1319
99 281
949 1720
455 1724
983 1687
1107 1385
596 624
616 902
1489 585
1492 894
712 1056
1350 267
1702 552
1444 249
146 397
1139 1463
1146 908
355 474
20 795
1742 1491
426 1401
1222 1149
11 370
823 1438
539 1508
737 455
1276 744
531 474
194 139
499 1210
1534 1045
449 1217
1088 1047
538 370
1682 879
1227 1339
181 1272
1514 446
883 1335
1390 1727
1694 1234
1659 1233
1245 1681
1588 34
152 947
1426 1112
654 696
1041 872
1297 868
756 1094
550 525
1301 114
15 909
1611 1683
205 304
1396 519
65 1254
1506 346
787 1210
187 380
1711 1174
1236 69
1606 677
498 542
315 651
1032 1279
1092 539
1586 73
603 647
209 1270
24 373
80 1343
531 999
1293 667
978 1628
1313 706
1167 151
131 320
876 1001
762 1717
1671 509
1269 256
779 213
962 1657
79 709
883 1288
1241 1239
1664 952
1015 1678
1485 961
242 1312
668 1293
244 164
490 226
91 999
1610 582
1434 264
209 1472
1261 1384
1641 1596
1106 461
1073 1580
1289 465
1205 428
1541 1579
626 1695
531 1100
652 1045
274 1181
165 1631
1020 1432
1332 1486
1245 427
773 179
1586 401
1255 1737
1661 389
722 1142
1713 657
1172 1705
959 1304
1621 704
1315 798
571 556
867 1348
525 1023
501 1111
677 1550
506 23
745 721
10 1070
526 1287
1635 1036
501 1071
386 493
476 187
836 129
738 762
1370 594
752 873
1477 1729
370 1202
509 305
75 63
625 1462
460 558
600 1206
1032 1323
300 346
912 940
356 872
1029 1059
1418 901
20 859
972 670
566 1341
1468 636
777 1103
796 551
183 574
1310 1108
1539 33
48 1440
427 1706
51 1643
1373 1245
34 1019
1491 1119
1445 471
491 1226
408 921
1330 1333
750 1176
120 852
790 541
1193 295
1313 985
142 1569
1709 1319
1504 1238
91 48
1511 395
1095 66
577 1
1670 1240
398 1099
1023 1657
523 18
1297 922
1513 263
1464 342
1101 338
1168 1374
225 1611
1541 1517
1492 1604
364 332
1067 1296
1233 1003
718 1171
70 920
1064 932
468 1193
463 199
1208 1283
497 1741
434 273
1454 1445
1155 506
37 1223
1430 1472
1704 841
1720 1441
1613 27
262 551
44 1627
374 1015
676 968
1701 310
106 883
1539 1675
711 991
1562 393
28 841
1689 277
731 1538
747 857
405 1650
1722 125
1250 1548
508 859
955 703
865 552
1165 425
1334 1315
1720 1058
967 861
333 95
872 428
95 1323
355 650
32 1697
548 640
678 644
1679 953
635 875
1377 888
787 506
1413 573
720 1311
211 212
119 1519
1281 1594
106 1280
1359 1189
709 1129
21 1347
39 278
128 1556
169 129
820 1297
893 1570
860 192
677 1333
514 28
768 260
195 486
1174 472
795 166
936 70
469 1182
515 1194
400 1565
1025 1536
868 1350
1366 1165
1519 39
519 440
905 641
62 576
1182 1482
307 1589
1137 676
1597 1720
623 1209
878 615
1563 476
1050 981
1283 1392
1356 665
135 1585
679 531
414 40
403 1197
358 1142
1631 1269
1215 167
939 1640
94 1030
686 199
594 1220
1420 115
274 14
1651 1365
1005 811
415 277
1615 36
736 852
503 1431
1027 1463
1626 1248
248 1668
991 1615
924 426
1009 289
985 1493
58 441
326 1511
699 1362
647 125
505 799
660 918
559 674
223 8
1402 1037
1195 1282
1659 649
347 669
655 1413
1533 1141
786 1179
1687 507
1591 1095
720 187
779 8
1721 1196
471 1231
1679 1220
55 319
450 418
524 864
216 746
149 1155
1122 963
1329 124
809 228
1252 58
932 1521
630 1368
1176 619
871 408
383 1394
265 1609
1084 1195
1386 795
1087 1551
885 869
1049 384
994 13
335 1021
1359 1595
635 34
153 596
904 721
768 207
15 630
234 1435
154 671
815 1511
560 286
322 1424
521 1151
1164 343
1127 757
328 352
811 857
612 674
1292 886
352 1694
1015 103
1102 536
63 57
1384 1024
533 304
1269 621
1685 12
1135 510
1598 106
802 1225
25 519
651 112
243 480
538 1642
86 889
201 980
1619 1455
1538 241
551 1689
294 243
579 1093
185 320
425 942
1543 2
1204 1497
1027 534
629 1688
1622 1481
1497 1068
269 829
736 345
1233 1631
461 394
817 1226
1338 23
1717 736
350 1451
1424 1236
480 1505
973 1069
1712 351
789 583
1615 360
1347 510
1661 584
1472 1037
183 1214
942 163
1063 524
1671 99
325 1391
1309 233
1437 168
1368 1638
726 1152
1363 846
419 847
250 964
508 1281
570 1544
946 82
1361 1478
454 1595
851 454
1411 1445
1562 1719
1693 922
1445 458
562 187
880 378
518 90
1071 1269
1549 1269
1155 241
1340 411
257 894
714 585
88 616
1635 1229
1472 922
598 1255
613 318
1551 841
617 803
1536 209
460 1176
864 1279
167 1016
290 1148
110 197
1637 79
938 1276
1677 299
1229 409
38 171
1088 885
1011 595
668 125
486 1745
1513 138
1209 243
1358 1621
832 107
981 447
1311 1049
383 386
1552 1167
1059 575
506 1009
1464 973
987 1396
1712 247
402 1605
911 366
487 991
231 483
360 735
249 1014
171 1211
54 823
507 700
352 1263
1563 574
1035 1413
783 1252
387 1040
1349 516
1370 1045
940 475
1367 703
718 1703
1035 380
530 1364
150 764
1521 1382
154 1519
284 519
47 726
1434 950
1045 1013
1344 1538
773 616
287 1088
1091 1597
197 567
1329 1424
641 443
1597 97
1210 687
77 1593
1092 99
546 1045
1457 224
725 332
64 1135
192 47
267 742
711 1016
1305 730
541 196
1517 1583
54 505
1540 123
860 828
1471 1559
918 473
1566 1285
1342 1295
961 1106
117 1280
1394 654
398 1534
1545 918
714 1367
865 468
1282 1509
978 30
940 1189
1658 202
83 151
1544 404
1263 1730
211 1494
12 79
1035 866
936 1360
691 1321
1356 131
1276 527
852 1431
1447 329
1283 597
432 1351
1342 1546
151 147
1406 385
1232 1541
1098 1554
1672 1298
385 877
1032 974
996 87
1306 52
1125 442
955 1625
1091 396
1616 1467
1656 94
885 541
694 1448
1173 349
641 982
149 319
1425 1130
85 1336
1652 677
1602 506
357 930
5 302
243 954
19 1407
911 107
163 895
678 456
251 502
80 1120
1401 474
1733 1052
194 1262
532 763
347 1219
619 703
792 1187
1660 1146
758 1373
1537 177
1115 1407
202 1678
1235 393
372 95
579 1562
672 622
614 368
1237 280
1043 1052
582 1150
1510 21
777 474
351 1007
1541 1679
256 1609
1165 4
1147 1434
965 487
913 1074
993 656
245 288
1472 863
1242 469
512 1217
1215 1331
40 438
1083 368
1449 405
796 1368
96 416
1516 1538
629 1124
426 1447
1039 95
1080 461
142 788
1186 523
447 1070
399 1329
1069 521
647 683
1551 979
547 32
156 264
732 1049
1567 242
1110 448
600 343
1513 956
547 963
166 1504
496 302
531 988
570 520
1579 1581
546 46
795 151
202 1276
213 31
1309 1161
439 1035
1688 141
1541 1354
146 682
785 1461
1705 918
768 921
480 516
1066 766
355 1315
477 71
393 575
1186 724
169 62
304 355
737 218
1502 1704
938 1126
1288 634
1420 884
772 663
715 322
1035 409
1129 649
365 508
749 222
929 1275
777 278
1503 836
522 272
334 603
896 1193
1047 1143
1239 608
1308 1451
1379 792
266 1544
223 141
667 1656
1563 1258
677 976
216 1585
1396 151
1713 978
529 763
1649 1267
1514 1296
1689 606
1614 564
716 996
747 325
1198 1679
1238 491
1436 1316
469 1482
795 727
152 270
892 1169
85 294
406 1570
1239 509
253 119
727 761
623 435
1618 1679
1722 396
1440 907
1590 766
1428 470
78 861
1633 744
1741 203
648 1236
965 1139
1536 1171
234 863
974 443
892 1267
1224 1624
1716 1145
535 591
748 1697
328 1403
876 735
890 595
1213 1333
1585 1745
665 1458
83 741
1154 394
12 508
471 379
841 1534
1562 581
1151 20
153 1221
866 1743
325 914
1576 665
669 386
560 1462
1740 1720
1201 1655
442 933
475 509
815 1553
1255 472
574 1157
809 982
1686 1024
1697 477
620 931
457 1315
677 98
1158 1545
689 350
739 115
1622 1607
1017 171
169 291
178 1659
882 297
736 1232
1711 1417
1610 1204
427 1429
321 1624
630 517
1135 178
311 1252
1328 811
974 266
782 570
553 347
640 638
1464 1512
876 1467
732 111
1698 843
701 339
797 359
473 1347
47 884
447 196
385 1534
1376 664
273 1222
1229 1563
1474 1701
49 981
1459 368
995 867
1106 1512
397 590
1299 297
1511 1510
57 1714
436 899
632 938
1692 278
1159 357
804 1133
144 14
808 398
1307 42
1356 1169
1385 631
324 743
1553 1233
500 1222
612 1657
1125 1588
1382 1244
211 902
1315 1387
1276 613
1436 353
1725 522
492 879
1369 1571
559 867
552 1084
159 1093
1379 316
1227 909
1516 517
1382 1112
1678 1270
627 889
1276 595
1473 1279
1138 1548
604 504
1031 780
325 1372
1439 1427
1425 1680
2 1035
1228 300
1111 752
1023 444
1383 687
1728 385
472 892
1638 904
197 962
856 1559
577 269
146 1026
1111 1600
141 1662
1183 1672
1050 785
101 1620
23 643
1531 906
74 719
150 1447
909 1159
423 1175
723 68
1536 838
1057 664
551 1592
604 1715
656 589
1743 1648
601 325
910 1450
579 1150
1250 1462
1237 1361
555 850
1441 126
411 1441
1037 726
434 1424
1096 327
1244 1620
1581 965
1653 1049
1400 13
511 111
297 1713
538 1167
1009 864
595 535
973 336
1600 1118
146 242
747 499
1220 311
1093 1167
201 887
1006 955
516 1595
10 664
1202 248
460 337
536 1729
407 1565
1076 944
794 1576
393 1561
565 203
242 1551
1180 465
687 1277
1483 1117
783 1643
719 1347
1504 1048
131 1047
1739 1734
1655 184
1207 812
678 152
744 621
57 677
1527 1294
505 1626
722 1237
852 545
204 1065
1036 881
209 866
1170 1377
1506 194
1562 853
997 1536
1312 975
30 1359
1659 440
10 1548
767 129
472 797
1466 872
1492 1079
1431 178
1344 854
106 1640
1126 205
245 144
194 499
674 1422
1059 1685
1735 1123
827 337
1475 669
240 780
241 1462
1476 993
1242 105
1443 674
1591 645
929 1149
570 202
538 657
1513 978
417 518
821 716
946 1157
819 1163
19 1593
932 1061
1343 934
172 1024
162 556
1270 456
1472 1345
935 1470
1140 10
1457 1542
1098 1201
1243 1103
179 1349
531 721
1607 140
1195 1345
1112 436
819 1559
456 480
595 1245
251 527
714 814
673 1025
1727 262
1438 115
314 640
804 1117
1476 988
994 299
1145 70
840 1331
457 706
1476 1544
1346 1210
890 76
879 1288
378 496
1103 1019
924 532
111 1437
1596 1502
1379 635
75 734
1130 125
1165 588
1719 447
180 512
1099 1071
1434 29
528 654
1689 847
982 969
133 25
68 896
1361 614
947 1071
1477 1442
472 1363
482 735
1506 1195
1552 626
1105 1432
1343 97
642 1400
1272 1522
234 181
1658 9
608 1288
467 658
610 742
350 1038
1741 1159
1102 1729
1596 1465
720 723
375 1160
1427 515
225 901
567 1602
290 432
916 1261
50 727
1326 280
531 752
954 512
1489 1031
859 1390
946 988
371 1106
1182 328
279 1358
167 598
90 866
269 934
1675 1624
1285 951
64 940
1370 1368
221 1393
900 1370
471 1601
873 806
515 145
718 454
724 292
1242 191
1083 1592
1200 844
240 524
896 1565
922 811
1148 276
1104 1113
1706 371
846 1059
75 39
355 1154
1176 1130
1293 1292
682 229
637 81
529 1635
530 66
1178 1525
975 284
711 1
1643 1529
204 1066
308 460
598 411
146 284
917 898
392 865
664 1030
1616 559
1031 286
918 30
348 1294
38 111
1346 783
700 867
799 1273
1322 429
300 870
1278 232
141 1040
782 705
1550 262
1625 1007
1476 1724
1415 451
593 687
932 450
305 1083
1659 1274
877 211
969 243
384 585
893 253
343 1717
686 431
1106 1131
875 451
672 1738
1601 998
1286 934
623 842
208 659
954 1358
190 677
361 851
1556 1719
892 778
828 1669
441 280
1492 39
932 1654
764 685
20 537
1217 158
1219 106
1017 1583
512 581
83 465
379 1207
1650 947
660 816
1380 318
687 1657
617 1572
1412 19
1709 736
668 783
567 376
512 929
396 1214
909 1610
817 1028
1016 1210
1519 690
1586 1041
269 971
588 487
938 919
1296 780
288 26
936 1564
443 1189
1147 461
913 392
448 381
1100 67
1 1673
110 1000
1233 299
211 103
499 1564
1305 1595
1324 387
687 313
1427 1498
1445 975
718 851
779 1583
583 21
257 1301
432 155
55 465
1592 508
788 973
1064 550
272 1476
242 1478
269 346
598 1291
1426 651
629 1669
566 367
1154 1481
265 470
78 728
593 353
1614 356
316 1656
873 1359
11 1270
152 484
137 1681
1377 1513
1466 1282
1319 62
947 311
271 216
1330 1698
1344 1224
659 1335
489 265
964 202
1180 1064
665 1003
549 213
452 503
578 1049
1703 111
1034 738
38 402
786 1048
855 1083
209 511
1346 711
1417 368
303 958
232 1719
1183 183
1418 527
1425 887
884 1725
1097 1346
11 1388
1496 1721
926 424
1351 535
111 1200
1034 384
1058 1506
27 1311
57 129
612 1301
566 1411
530 567
295 836
61 1349
1102 984
1523 1530
927 515
6 1101
173 964
945 870
782 1658
1063 502
1415 797
1304 886
1209 1551
1203 1322
1595 736
1199 288
1471 311
91 781
1630 1737
500 1292
1368 1150
790 646
445 187
1682 302
765 174
543 75
1267 701
589 928
1448 633
129 984
741 53
1674 43
42 1681
1560 1334
375 744
236 755
822 1711
698 157
241 138
1411 878
134 739
465 986
35 648
281 283
1216 397
770 149
941 888
984 1692
1201 971
488 815
376 714
1014 343
650 1142
107 260
877 844
219 832
437 1357
928 81
540 794
1397 1099
1472 659
473 364
1521 690
852 1640
1025 1393
1212 1589
1708 176
1142 267
797 305
0 1022
1598 363
882 1439
490 792
1287 1189
843 280
349 61
443 414
1197 769
471 992
1125 166
959 378
802 1474
137 48
348 204
17 463
981 1702
1356 842
819 1168
707 1024
1489 1409
1037 1531
1299 1283
1355 560
866 48
1318 1267
957 630
350 412
1424 1112
213 166
1500 702
332 1506
439 1068
1111 688
1472 780
834 26
496 398
1269 1692
29 1073
738 97
437 1164
918 814
1345 6
1475 324
903 892
286 668
1725 1225
1245 1547
212 1393
853 357
1126 95
1067 1660
136 712
270 674
1103 776
138 1092
198 403
1035 161
357 954
508 919
771 666
675 1085
1327 1551
291 381
1025 775
1096 697
1368 1742
943 1548
681 1510
1630 1030
379 619
1433 1032
1628 97
702 173
490 1423
738 1396
1527 173
234 1383
501 668
714 16
641 241
1381 889
1279 539
1039 1104
1543 796
804 257
548 1315
1731 1475
948 297
569 342
814 119
415 752
792 1146
1189 340
706 86
11 422
736 1662
1292 582
1680 661
77 1598
1603 865
513 1268
1738 81
1323 1094
697 489
1061 1071
1617 73
911 1602
260 702
1037 87
79 636
669 1275
1170 457
1626 988
1592 1073
539 308
1112 695
230 1587
1505 794
511 898
141 1491
1234 31
715 450
547 1392
645 634
842 374
892 1084
1380 527
1602 195
609 374
420 1258
1550 722
100 1023
493 1597
330 422
1368 300
1429 120
215 1269
1035 478
1543 1014
1179 1643
86 112
1495 1045
571 732
1668 1269
332 1280
1367 100
1224 1222
267 1091
1167 418
592 382
1146 1379
384 719
1086 438
339 795
756 353
1398 1273
438 459
90 215
599 744
1310 916
1396 1260
52 1628
63 1580
906 861
693 715
1569 341
727 565
148 1242
1248 1322
717 972
227 235
337 1147
1074 1282
1 884
1118 1627
1337 610
1066 1230
1667 1173
752 951
1172 1138
1152 658
1628 393
423 744
493 471
516 1434
1449 1069
1575 1435
976 858
639 1250
1477 1242
1691 1049
563 1165
1374 854
712 774
1047 1602
796 1516
1316 906
1071 1213
945 534
1401 96
1095 1643
39 885
1510 1055
1248 1482
810 1066
67 1729
5 501
893 177
133 1352
1717 1434
468 598
1629 250
667 1620
1030 658
616 463
183 1601
414 1572
498 1451
633 64
54 175
1555 44
1696 1219
1737 1143
176 1388
1054 568
124 1038
1574 99
479 1634
688 1050
1389 238
41 266
99 400
901 162
1498 264
1531 1363
1516 1205
1299 1716
156 1473
1073 787
96 355
1371 420
530 1595
757 533
476 949
146 1215
1477 1601
1443 339
806 30
1360 440
1505 524
484 971
161 50
690 233
606 486
1685 1274
1600 456
1268 1363
1470 1080
1366 610
996 953
635 259
1317 1676
1221 342
334 840
1087 987
1073 358
1691 40
815 1272
1514 710
1626 117
706 23
1504 96
988 1552
65 1529
194 1148
774 779
139 385
1150 500
1358 373
692 331
1719 1043
794 1351
1327 1093
1361 599
932 1292
1725 471
720 141
1351 770
1409 1714
1306 1709
1333 713
712 766
65 988
131 1409
663 1155
1020 1558
393 262
467 1001
994 1354
447 1422
950 306
1098 129
10 780
1071 1010
1511 1621
1419 1411
9 1400
1323 542
1735 395
744 999
1076 565
25 609
1092 200
795 1069
1454 1393
774 1260
430 807
1689 1608
841 1620
410 1096
1452 313
20 952
684 1541
1004 16
1253 375
1736 767
1451 1694
234 1197
1515 689
1472 194
811 1068
1338 1197
669 35
58 1306
121 198
1620 951
212 1396
587 802
452 760
840 701
147 499
93 682
1452 783
1735 367
1338 1263
518 283
123 1381
1154 1153
642 810
1014 1556
1227 214
546 1106
85 1339
586 1034
1313 517
1242 771
297 1074
1266 1302
1265 284
634 1493
509 639
185 1222
1668 57
338 1
30 1298
89 1249
1424 839
1151 596
1062 250
1259 300
774 646
912 750
1483 1416
57 952
1627 1633
410 204
696 1225
972 873
96 1297
1302 443
736 184
780 1706
475 548
439 653
680 70
1118 1100
970 1011
1692 501
1730 719
1589 118
54 779
1243 1091
1419 1534
1122 1280
192 693
1264 1495
315 500
1376 535
1593 946
527 352
1514 125
1680 422
1547 83
1101 451
566 286
1442 1376
200 61
152 867
181 1456
908 1318
565 893
1574 807
91 1128
1448 1038
144 1248
1641 95
945 1114
1331 556
585 66
794 711
45 1256
599 830
771 1254
1157 213
1179 426
36 1336
1002 1026
1171 779
1597 394
38 433
1498 419
1454 1728
1564 228
205 1040
691 673
97 10
118 499
276 798
454 144
1625 1041
933 852
714 426
138 933
1130 1101
61 1392
996 1231
1189 990
452 1563
1366 418
1114 1106
330 889
1644 338
1233 1303
893 697
1034 223
636 131
137 1283
1518 141
646 417
766 1141
63 734
696 1565
324 823
1131 1285
31 384
3 1072
1709 1322
452 724
899 412
63 1579
404 1343
715 1713
1084 1503
321 1578
1253 1154
656 298
234 680
743 66
720 363
1011 478
1599 1658
152 1022
650 1569
864 669
1141 524
543 885
572 1519
37 337
1058 1546
1180 1361
177 1284
329 1010
1696 1390
151 316
558 972
843 493
773 475
1416 190
245 1391
1409 694
62 1698
310 456
678 1166
1521 1335
1285 1299
384 948
438 265
769 514
420 1243
1573 1292
1681 98
1597 1292
357 1582
562 818
145 844
1639 1729
1737 1072
633 182
161 279
1155 934
1296 1004
363 725
1681 1052
159 742
138 1284
771 1081
408 329
347 1331
1147 1136
1701 1209
1107 315
246 1530
225 1489
1622 50
1028 676
332 1455
1020 224
873 986
1312 650
913 1531
1098 1432
1434 916
1655 558
1642 1443
170 1230
953 1743
511 1533
474 1691
1263 293
882 220
662 311
1136 1146
514 118
1076 654
670 1598
1109 1192
1234 1242
360 1655
1190 30
1482 696
329 229
1623 1640
1447 937
1359 23
735 1193
1717 427
1295 145
533 1233
1295 707
1710 715
1360 1676
189 579
1382 59
316 406
562 681
1664 1459
987 569
869 1154
1375 889
1209 555
85 985
930 872
414 1660
1702 460
124 186
1687 166
13 198
1053 1547
687 1457
569 1382
830 1470
18 879
386 699
1608 127
1114 452
427 586
1330 670
662 894
1214 1184
1613 1623
656 1575
701 1107
1035 1729
762 1552
1500 131
705 1693
1438 1505
358 670
1545 53
1177 333
853 1244
1253 1135
12 1011
953 299
1187 921
774 1494
1127 775
1329 769
2 670
807 1620
1186 1470
1586 30
571 834
1447 474
1166 1412
733 34
981 618
1381 336
1605 431
1233 1166
520 1196
268 1138
133 453
738 553
1412 736
430 763
337 264
1493 1067
542 216
614 517
538 516
236 1743
1009 215
1441 1088
1466 1086
838 1224
989 394
92 72
140 909
193 1254
1270 565
785 627
65 1151
1251 1016
243 1133
381 1469
132 1611
703 1276
1514 1186
176 170
327 398
213 785
178 685
338 461
55 332
1016 1075
1392 474
572 1677
1008 911
236 606
671 928
1215 243
896 830
715 266
158 149
511 1303
62 381
1643 671
1715 1485
1600 532
312 751
1115 779
1657 1367
715 1592
362 1633
91 1639
507 158
517 1683
1379 559
728 93
1419 1372
363 86
1286 827
1640 1240
514 357
733 1446
1277 458
1744 1130
1064 533
526 1665
288 1425
485 424
1240 1693
1072 857
934 1458
636 1617
250 561
466 644
660 453
420 538
19 92
1519 751
1393 1409
154 1361
1723 1624
795 270
181 933
1240 703
354 1027
256 1314
901 851
1275 350
730 76
732 516
163 295
484 1151
1275 970
399 1476
466 787
1101 706
316 376
169 1656
1142 1287
330 813
688 1255
839 1170
169 531
333 609
589 1420
1724 1723
1693 139
506 352
235 1696
1209 819
420 980
524 568
1705 1405
1386 1231
1312 1212
484 874
1567 502
1424 1527
1267 936
610 1124
130 711
1294 1540
1174 1366
715 850
334 628
723 753
409 233
152 607
1620 1732
1671 391
1274 654
195 152
1522 1436
1220 1297
738 1287
461 1745
1592 308
31 1181
891 437
479 1382
176 471
618 1063
1485 716
1320 1381
153 811
1013 1739
1287 592
83 1267
1388 1157
1569 1719
854 1415
1405 1404
589 562
35 82
914 955
1088 1620
946 1644
289 1402
240 237
428 682
1092 787
73 829
475 279
948 775
1341 1732
1019 325
905 9
6 1325
491 492
973 1732
429 801
1497 42
1414 1059
1046 462
1293 269
1631 951
1355 29
207 1039
893 752
1282 690
1165 73
180 1256
267 786
295 974
254 862
413 487
1378 1023
514 1675
601 1217
1259 666
53 295
1335 1232
705 368
602 68
892 553
16 227
305 550
1069 82
963 964
432 230
678 431
15 16
867 30
763 965
1478 522
1607 483
629 673
1696 853
209 99
1673 1357
1585 273
376 1411
428 438
722 683
853 1468
1196 425
325 739
1510 454
653 1557
1448 65
812 536
54 261
1460 1455
1400 161
658 1249
813 348
347 781
185 571
969 431
631 1155
1208 166
831 306
1663 323
996 46
490 1151
833 224
630 1440
940 1710
1599 504
763 1694
189 862
994 257
1663 1124
593 1084
966 1002
1705 315
1635 368
476 1544
632 294
1120 336
777 584
765 1408
1671 979
1503 1452
722 1364
214 1084
1377 1136
924 650
1399 383
1246 788
1255 286
1300 278
1184 994
673 347
1463 602
424 1415
1707 370
1109 1120
771 1054
1348 69
699 1386
851 1157
205 1500
1639 847
592 1327
638 759
1228 1101
1117 591
2 772
978 231
650 734
86 328
447 629
479 656
1262 737
1208 1554
712 1495
1180 616
93 1460
222 1506
274 641
420 1176
1684 276
345 55
1164 1331
1684 1524
291 881
404 1580
785 1283
1540 1338
1742 1588
1465 1394
474 826
1399 1173
1164 960
1729 879
45 358
49 1676
1638 480
407 967
1512 105
1435 372
1454 37
1351 336
1230 1169
51 812
539 1509
232 479
615 967
651 1434
674 756
35 1140
1174 1698
1019 1585
717 122
1189 681
1630 255
1011 704
1064 1493
689 355
790 1288
1400 892
765 895
1567 1357
505 47
1184 745
1619 962
1410 729
663 580
1448 1457
813 414
557 1269
1673 165
1429 658
12 1593
1731 117
818 661
1518 931
723 1735
184 979
1134 505
132 395
1580 809
446 1620
1324 1024
541 644
23 1548
591 1597
514 477
920 436
999 36
687 1693
390 1347
802 101
356 1163
1074 947
437 226
255 479
761 244
589 390
977 382
1391 84
11 1628
1222 1432
1489 152
115 1037
739 1569
1393 897
1678 603
1022 816
1285 1572
124 1083
336 1653
517 195
1476 888
600 492
717 1080
1209 565
431 576
1727 432
1732 1337
1117 683
1631 363
278 398
1390 877
1456 1343
1244 474
244 492
714 147
640 657
371 1701
1614 353
1440 1169
294 615
1705 1091
63 1172
87 1330
887 1424
702 1440
657 1477
225 813
1235 694
1572 189
443 1254
919 1743
133 139
1029 1222
512 886
1185 1187
1477 87
1728 742
1339 828
1720 1465
988 1284
797 193
260 988
807 1111
1722 1542
1732 1528
156 84
689 1062
979 329
191 46
1636 638
96 1652
155 1035
440 1402
657 411
849 1061
982 1067
980 64
286 546
416 1210
726 447
1112 1170
290 447
589 1139
1371 1355
1502 553
1570 1351
1373 1214
508 572
1268 863
1250 293
1193 1187
883 493
1072 1216
340 813
269 849
350 17
350 614
695 707
815 342
475 1625
345 516
80 921
1304 1302
1649 847
1020 1106
701 1348
1353 584
527 1688
715 1719
929 735
1745 1293
1473 421
1375 1356
237 1242
81 232
260 328
88 332
1067 675
1083 1397
288 1320
1031 366
1708 1562
1112 919
1053 1543
105 904
1656 1260
1456 1510
418 189
219 1697
670 1211
852 801
586 1096
596 1601
869 1238
1726 605
1523 1581
46 1330
828 756
875 689
74 259
1220 456
19 1303
699 666
1175 1549
14 75
1267 181
1628 992
1394 705
1533 551
785 1479
674 1246
1181 330
1173 1050
625 1274
1584 443
1550 1480
978 1304
883 248
151 816
1360 1177
1485 1135
1376 1180
1003 824
1406 1612
455 1399
193 1650
805 683
1174 993
1589 273
1244 1379
882 1409
989 979
605 235
1022 972
1006 479
540 1550
1044 650
1309 1081
1605 1219
787 628
1412 1094
999 371
1565 11
867 74
1263 63
1324 608
25 984
1501 523
1691 633
1269 41
1315 564
1653 1159
1142 1137
224 1445
1548 824
801 695
827 205
1103 1499
768 662
1636 176
35 1689
500 1101
1726 228
1078 411
354 1619
318 766
215 1194
815 1643
470 1713
1443 48
1550 1502
1710 753
202 1093
1734 303
195 1268
575 1160
885 1515
162 191
691 665
1117 512
905 633
1346 1707
978 121
1576 746
753 423
378 1355
1044 966
387 1088
982 623
67 1566
1200 400
1334 1699
299 3
513 1460
1137 1081
1510 591
510 92
671 300
1031 1669
1329 834
1539 734
689 1702
935 1732
37 1522
798 1171
226 528
1115 354
1335 1398
24 728
670 533
537 1505
1365 657
373 691
1642 1520
892 170
672 1640
263 679
1052 1715
1643 1255
1491 1427
1613 76
1647 166
1220 70
1212 802
998 855
700 1026
866 483
242 1042
1162 1431
499 906
1723 1251
170 449
255 245
427 1637
1598 604
318 1445
368 930
1390 64
1177 1318
215 1225
143 968
242 93
1608 418
308 1582
1397 1552
409 900
1209 1395
447 507
1012 439
1200 1593
848 870
474 253
24 1302
683 387
1425 685
645 618
1400 1615
1006 1082
499 1561
743 14
379 1229
633 1445
227 1120
1379 179
74 875
239 1469
1421 88
639 28
987 1159
376 1193
1269 645
197 961
1138 1467
1167 144
1560 1200
1739 706
540 1622
357 1102
925 714
1704 1723
759 1151
1269 216
1739 605
1199 74
32 205
1460 1401
1173 1726
729 249
1066 400
1311 1493
1598 1607
105 1013
1610 1717
1366 64
1135 1725
1475 1399
1631 261
967 1329
700 1476
41 715
1674 828
339 1034
1144 1009
1239 235
1125 238
1374 1531
422 331
592 635
62 981
193 319
877 276
1521 887
1451 1692
809 780
705 329
744 518
1259 309
1507 1113
353 836
1134 274
595 1523
614 581
1348 1660
1343 145
1447 1044
59 836
1347 1414
444 549
1220 1010
699 1534
826 1557
1377 1604
1404 1446
1581 1461
897 1691
1229 1172
1029 1523
961 1235
1424 1676
979 1111
781 1634
1209 677
1515 596
1109 601
616 1476
418 1419
264 825
865 1314
126 61
34 372
391 1458
1710 0
431 450
1288 901
1622 1220
899 1323
644 1622
486 453
24 255
509 179
1342 1249
1170 1311
1673 4
116 1273
752 16
249 1080
147 1055
354 735
1216 1628
1171 86
998 1223
766 46
932 522
251 1238
1361 137
606 899
73 914
1164 94
479 181
1607 591
571 1010
1221 1641
67 437
1610 27
10 346
1172 61
965 140
953 668
1461 1522
602 1097
685 1246
56 719
47 1267
1617 1069
24 1652
514 597
348 841
961 1579
711 757
1183 1167
96 605
1455 1548
1324 819
118 280
927 614
763 1341
97 1431
1016 587
1338 1286
1396 679
1446 1569
949 1064
1381 1588
151 806
1108 1168
1033 708
1734 429
1375 1018
680 12
547 716
1588 7
1470 473
561 1069
1105 376
1194 171
152 1687
1284 590
732 446
1198 762
666 772
73 638
1496 554
1649 1599
31 1048
1554 340
181 1521
1133 1034
1418 821
264 920
1110 420
304 1296
744 405
1135 259
249 777
901 534
1245 317
115 688
41 559
866 870
491 1653
195 9
70 1382
1032 915
1564 0
1348 146
1009 23
1461 914
672 1054
899 1498
849 1218
208 1687
898 1400
1529 508
239 141
12 432
920 1670
1371 1316
133 1561
950 802
480 209
1205 1006
1436 105
1378 846
698 158
1675 233
74 1400
1633 350
331 96
1244 297
804 1410
842 1582
87 1429
