1282 1708
736 429
138 1192
1107 1071
942 374
229 1234
477 18
140 658
1434 1552
1381 1058
562 665
425 340
1163 1728
859 1639
91 1531
54 268
311 985
872 479
186 1017
1392 87
494 1244
582 233
148 726
600 692
235 349
931 1644
227 1579
372 1145
605 737
336 1291
1464 1102
1226 280
504 475
1040 773
835 1078
1670 732
1301 1292
595 1513
1300 1328
508 1524
571 1640
848 1466
1042 773
498 681
454 225
28 1280
1004 1159
1582 675
443 399
200 1296
1449 205
327 35
388 215
1261 1707
1008 779
1067 1264
1263 1085
1235 709
0 1504
449 335
319 269
336 398
1491 303
1278 636
789 815
665 1310
381 509
286 1499
573 377
1395 357
1710 1741
1723 1411
1561 71
1396 1372
486 1681
807 179
87 1031
1461 373
1609 479
1385 574
1716 534
751 172
175 190
284 565
629 1452
830 944
192 427
952 1123
1426 1051
460 1268
1330 665
1391 959
549 555
1118 679
521 787
1596 1401
421 120
751 534
1580 89
364 109
1355 123
24 835
1306 1315
866 204
1362 228
744 1191
745 914
1716 1176
1261 754
723 1606
1203 931
1405 214
415 1227
635 172
1156 55
239 321
1052 656
881 1554
1579 824
252 1715
1541 1045
1314 890
432 312
296 1472
267 878
1524 1581
772 1472
1512 1523
859 1053
477 311
206 378
1734 1148
1593 101
897 1556
949 1424
978 837
1539 869
873 1444
932 24
761 1720
786 918
1117 1658
855 1597
765 1239
1545 1007
1045 274
984 882
474 1150
1279 789
221 1633
1262 1083
1717 458
899 1243
595 1326
426 1279
1407 1146
493 172
291 552
1397 889
1217 566
384 541
770 192
806 1090
172 1262
432 319
901 542
1590 273
1488 1722
895 1271
250 90
780 1698
525 600
942 1370
79 141
323 734
655 1227
625 1049
674 980
367 831
68 1119
490 1118
852 1422
1649 164
1057 857
203 831
366 176
49 1637
78 452
255 1160
322 530
474 1255
278 817
495 745
1249 229
174 711
1397 762
1201 642
918 1003
1733 523
847 1427
1430 526
405 484
1063 187
85 588
322 1551
193 325
1709 1417
1623 139
1556 1453
1594 1736
1429 267
1132 1218
1668 733
1221 888
1436 1002
1127 449
896 608
1381 30
104 1009
272 969
914 617
1704 704
65 1611
540 678
1092 1489
510 781
1065 10
38 283
344 1257
768 1591
1526 533
1736 1628
1571 913
16 1355
195 19
369 884
51 85
266 774
434 1421
1285 623
846 1186
355 1041
1382 1740
71 1522
457 1617
1081 759
734 791
1417 59
55 178
547 4
556 1063
6 833
744 835
1576 411
451 1068
168 1161
1706 274
987 194
434 1075
22 1494
44 585
193 1289
1202 1534
150 226
176 1040
475 1001
1584 45
155 71
966 1444
964 137
1499 1470
297 277
1118 1562
333 291
430 863
718 1282
376 1242
424 841
1195 282
321 489
280 34
358 744
1238 1446
368 726
1505 357
1326 1681
504 1542
198 30
1243 1224
1042 989
1575 1133
272 1663
89 1216
1369 1636
1510 907
1180 208
180 334
553 664
386 67
993 235
558 1728
373 997
1472 651
1491 1383
1166 888
1627 720
375 1331
79 94
211 1300
333 928
437 583
1322 455
497 244
975 483
814 581
1598 1123
1457 96
1668 919
500 1172
613 1172
1434 1135
1422 1289
929 742
1016 545
1466 1658
1269 1407
770 1489
1674 1566
1576 994
952 1074
245 404
415 1526
712 830
108 401
974 1256
706 164
121 966
953 430
36 534
171 770
11 1129
1159 717
324 1466
1453 1213
337 757
1223 246
172 1543
966 663
472 1307
1089 1707
1670 1144
1399 1522
1096 507
516 430
1220 1566
16 87
86 1386
1612 1357
11 1029
1040 676
614 116
282 1100
760 1119
491 859
1133 499
1410 353
160 168
622 736
701 941
1639 291
319 1549
898 860
647 398
400 1373
1696 647
1133 1103
1293 423
1024 287
1319 1485
1276 379
331 875
228 957
1497 1464
432 1328
646 990
242 1421
789 1002
287 1156
816 1321
547 1126
709 945
1471 762
1145 152
250 1257
1655 1201
1688 395
1328 930
1435 94
557 1446
46 836
720 1415
921 361
1469 1146
203 316
1388 675
370 1615
1064 885
1203 463
1128 1626
2 991
102 1289
1349 1383
1514 118
323 1444
1619 1540
72 1684
1416 605
16 882
491 534
1662 1614
926 158
696 259
612 1086
1287 222
246 1276
418 521
332 721
1509 1311
380 1565
315 1701
450 1501
1140 416
622 497
305 1149
31 174
195 1665
1068 1007
351 1028
39 924
505 1377
816 119
13 1429
1485 166
1509 1735
1297 379
1236 1545
1472 1302
1238 794
441 328
1256 653
919 357
170 510
1606 1142
985 91
1560 1734
1737 731
21 1015
1044 1581
770 1626
524 215
56 1705
542 13
1514 1543
995 810
1717 1240
1738 203
1483 862
1240 444
925 281
1317 1628
1072 211
1133 77
549 452
357 1329
955 683
767 1074
457 358
1429 342
1646 1655
358 1535
1358 1722
146 460
501 342
708 254
172 270
1425 925
244 723
1738 1626
234 1572
182 228
0 1551
611 1464
1104 753
756 1175
405 70
356 825
1603 167
1655 1323
235 228
703 226
339 1581
778 1594
490 165
1665 333
298 721
1703 860
1611 1014
1260 165
164 1382
875 850
776 501
1143 217
340 387
1429 1374
8 849
1071 1261
1410 910
1508 164
1213 1645
843 1447
1497 1147
1730 589
939 618
825 463
251 154
1223 206
854 890
952 1149
7 171
392 1642
1404 1424
653 1209
575 1313
393 523
786 1578
959 1670
1622 605
40 1714
443 702
792 832
1653 128
1158 341
1638 268
95 1442
914 161
160 1428
626 106
542 717
779 1737
596 1366
1627 1219
390 1645
366 721
848 1214
1436 1359
445 1377
1268 429
652 1455
1611 769
920 1382
121 150
121 1716
807 405
1085 505
1114 1686
1118 1530
708 570
1202 178
374 174
15 1476
1202 1652
1555 35
1026 909
1224 1505
1502 1159
1163 472
508 1468
1681 1488
784 1316
812 1463
1575 581
1563 1736
699 360
850 220
1304 1583
886 315
296 65
236 988
321 1546
827 503
513 815
1382 1367
608 228
113 1434
1474 703
1602 493
935 1426
660 1299
17 167
996 661
493 368
653 747
126 303
1120 1007
829 863
980 624
1544 1398
1539 1030
1481 1057
310 203
1370 195
272 583
1331 1091
286 817
584 768
1379 233
907 21
126 108
1485 770
1393 1517
504 544
30 853
717 1742
985 1113
59 1271
975 1694
649 529
319 164
1175 917
1221 5
110 782
1109 357
860 1264
1170 822
1366 1434
463 809
1214 1086
1666 393
859 1379
1745 428
686 877
924 1324
1281 286
609 795
228 273
711 461
675 1206
858 682
1205 763
1336 923
1626 536
357 207
1058 1283
490 524
1360 1733
407 92
1300 1537
1561 934
778 862
725 94
702 748
1585 689
699 74
401 438
1126 1352
705 1646
1626 285
152 211
1618 1658
68 949
139 1005
932 1375
512 1142
470 897
752 473
347 212
68 1078
92 1186
1342 677
907 102
1176 362
662 757
749 1000
11 1054
1685 946
926 1502
1224 206
941 876
691 808
1535 1604
412 357
637 583
242 789
921 1707
528 1074
848 981
262 1196
1660 1602
1075 1445
468 503
483 1363
169 176
1274 1323
1396 683
885 1264
1402 145
786 117
1336 1153
388 276
187 1421
878 673
551 1713
1063 696
893 889
242 1431
1449 1017
481 170
364 339
580 469
144 206
1291 576
887 452
1202 1224
495 631
1412 990
1044 1110
1186 546
1263 159
361 694
634 184
470 720
250 1177
1417 1357
55 45
464 649
918 1287
1447 620
1386 1381
196 600
1316 946
1509 1242
124 1172
761 1671
592 1264
1256 682
1498 1099
1385 1218
568 46
1483 1460
1451 1417
1275 782
565 972
1176 315
1428 1727
428 297
486 1656
1166 1292
170 242
1052 1566
1603 487
162 891
1057 403
333 1702
1283 696
1240 1306
1115 77
1690 1569
1173 1396
1358 1567
691 1581
214 1545
618 1567
1 1101
1478 1741
90 1324
1231 810
965 266
1282 1062
481 69
1109 1422
1044 1594
1179 733
616 393
1575 1430
1255 750
929 537
1108 53
20 841
337 1499
1581 523
1535 1470
1249 1478
900 27
132 1264
1366 773
1013 1211
203 956
376 1378
1201 1111
188 1612
911 581
557 462
1676 1230
1696 318
1029 1693
719 1280
113 1652
842 1321
1337 1557
108 387
386 503
1002 434
809 864
821 1198
1196 633
14 47
1162 604
1502 291
304 84
770 999
959 982
329 1211
718 810
1160 946
993 575
906 1642
230 1032
310 789
931 337
1042 1383
506 1189
937 218
1446 1551
876 78
407 894
578 561
458 199
551 208
1603 30
640 433
483 42
469 546
153 1418
1725 1043
797 145
1350 870
685 278
626 923
1154 1040
507 1511
1276 1481
938 822
794 193
1225 429
1251 209
277 320
1219 979
525 620
41 1217
535 572
797 23
46 711
431 543
1578 1255
1171 433
333 1600
1305 1435
612 1414
653 364
779 656
275 1535
54 1377
472 50
538 356
1581 199
1606 1393
748 58
134 928
1014 1551
189 671
1546 941
242 1212
1115 477
1335 329
805 139
616 1186
1328 710
973 7
1660 1592
439 903
1628 797
372 579
69 1385
1733 526
1403 282
1097 336
1638 1301
895 103
1633 192
1361 1105
831 56
1604 1079
1619 694
1119 672
825 352
201 439
1264 337
1080 1256
152 1431
1404 1434
1307 1096
993 98
1114 1445
899 1068
1360 1211
1397 454
591 723
934 96
596 298
601 1670
1597 527
465 1114
628 247
736 372
1724 736
1590 1216
1196 1114
11 788
1539 341
993 1046
1291 457
736 1092
403 1400
340 1347
139 1159
499 715
798 392
952 491
823 528
781 1003
227 378
616 1374
481 1738
108 685
607 645
1291 252
157 70
1108 245
927 1448
874 235
1006 799
402 1730
761 1217
921 74
749 1107
817 1034
122 1600
1056 711
1505 1331
1383 700
1098 281
380 521
758 902
522 139
1260 1159
474 580
1350 577
1655 1155
901 1138
731 1022
1549 1725
828 1042
576 808
471 255
1558 386
765 1261
277 1683
896 1096
511 620
109 859
1113 860
899 502
1688 1681
58 416
630 837
167 1521
178 1214
1697 465
1509 849
908 1247
1396 148
124 785
1073 1533
718 1063
0 568
1511 1476
245 89
1360 973
1667 673
1504 1324
538 445
1152 1174
986 367
755 1561
372 488
1458 459
1603 787
916 1636
938 108
1597 738
516 1196
381 1283
507 1584
1734 57
966 454
1279 567
530 1466
727 952
1498 1694
1372 761
1015 807
1103 696
1581 699
882 1071
311 559
1545 1050
678 827
1503 1050
1276 684
1652 1049
1340 1643
601 59
664 3
1248 5
1099 1260
308 240
1179 683
1597 1649
873 1555
1735 871
495 1182
846 1112
317 1168
1548 476
1169 503
1084 431
754 74
1422 952
471 223
485 645
1210 1735
335 229
858 602
1266 335
928 1731
235 670
1224 1508
1540 998
1065 95
1647 834
982 543
1582 1492
920 1696
872 430
579 485
1692 672
1342 1123
1444 1062
171 1375
344 1296
808 990
917 1587
1447 1350
593 533
1727 503
1502 242
1347 1668
773 1674
1647 838
505 1568
163 675
633 12
1432 329
591 1424
288 169
1331 1195
546 355
1719 404
1567 960
1558 559
509 755
222 260
349 1602
1189 1438
988 1052
158 1419
880 759
873 147
952 428
834 1309
239 86
1500 5
218 421
48 1549
756 1679
360 1682
392 84
430 405
561 78
452 876
1075 442
1402 509
1501 412
1262 245
415 796
332 763
1069 1736
164 870
1482 1281
521 1264
535 745
791 1643
110 1149
337 317
1661 1591
440 237
1281 100
1088 545
1142 1159
743 1503
1376 1744
1222 938
979 1711
1086 467
792 135
1333 957
507 1420
633 1670
61 878
1594 1198
1097 437
351 1385
1586 1365
302 116
1202 1321
700 205
614 1267
1705 1298
696 413
450 341
1123 1292
1520 788
1049 859
985 1326
515 286
943 953
727 1177
16 298
1529 1071
1341 818
744 40
353 860
291 1077
229 568
1540 1320
511 974
688 421
595 1308
867 1741
914 253
1263 1062
67 1596
1581 1731
1030 818
813 263
857 571
348 844
185 1213
336 1079
851 32
1125 1608
1456 83
299 1361
1439 1096
910 690
271 1346
1385 862
567 1045
269 734
466 526
1648 1226
1392 1180
442 1405
1576 1640
194 784
749 601
447 1074
452 1518
386 597
95 765
705 826
821 1313
365 744
577 1162
461 1212
269 1290
909 169
1696 1628
1076 1631
508 1187
891 1261
473 1306
1423 16
485 1425
141 1456
41 584
1726 1448
1212 1647
551 1163
1219 1171
847 234
858 956
1617 849
816 861
1702 316
172 1129
440 1559
1360 699
163 329
1587 1727
1240 1034
477 272
776 1240
1616 513
371 1247
1388 1261
288 943
956 954
516 928
1234 929
146 1207
265 671
1446 35
740 269
1197 13
1593 486
1531 142
479 78
810 1177
1359 1574
319 1133
421 1686
1419 1744
282 235
915 718
955 378
255 1705
1486 1137
1592 767
660 97
1712 1475
246 1199
1703 584
1232 505
1220 174
1172 1211
986 871
915 144
526 740
605 1435
754 1319
1115 173
1704 16
403 1212
985 95
1610 665
482 228
583 1205
398 468
1359 831
253 1390
358 708
1723 381
244 1157
646 142
1658 770
1622 126
1044 675
771 1624
1282 4
1007 620
748 853
327 1116
1012 1214
1712 1141
96 762
204 880
1198 278
1588 191
1263 419
1097 308
731 810
953 1495
1358 1488
1647 1441
940 820
1142 640
730 1382
67 1527
93 902
635 75
1212 1113
6 530
752 1725
9 219
312 607
18 648
403 1626
540 817
42 1272
837 1563
356 462
1401 93
62 1295
1175 1350
613 16
996 767
1087 699
1487 1588
738 361
203 817
1034 314
1255 943
1499 1550
932 176
156 1239
837 641
1257 1669
630 376
751 1647
903 16
781 1118
116 1604
1040 704
1667 497
622 187
781 848
723 378
990 107
1599 1546
1335 754
476 1358
1737 1157
1652 1095
770 1490
1242 1092
1413 315
1062 361
1023 901
1554 628
871 996
207 1202
380 523
979 1624
702 758
592 48
936 358
449 411
810 64
1291 1392
305 650
622 1383
425 899
735 1521
1638 149
1503 1644
1225 240
1050 1700
1052 625
136 89
1706 518
1246 1433
1124 577
399 1396
1363 1699
1293 1653
348 175
137 1288
784 963
1352 78
414 594
1381 963
676 1532
498 933
1664 425
720 31
1109 150
1410 699
926 1494
1600 805
1732 744
1449 264
538 1317
1302 1587
1259 417
200 1023
833 877
399 1543
1227 683
801 857
1528 250
1651 1597
413 1458
936 82
1683 709
1699 805
1408 801
53 1340
1396 1315
1267 127
510 66
804 227
1604 1698
1052 655
1357 1081
1189 19
1719 901
799 1137
1237 1289
1745 982
1258 729
402 921
880 916
1372 793
516 772
1057 568
1686 689
320 723
542 621
244 1034
544 363
1404 789
501 132
1612 912
1094 509
1627 155
276 1144
215 237
86 245
1071 954
314 96
1513 733
177 1284
286 627
1237 446
1631 1454
624 760
1675 580
1178 1577
1331 1
783 520
1105 1663
539 1299
1077 1349
1009 1649
528 905
742 554
1565 601
702 324
1424 620
1390 45
925 455
295 811
783 1283
768 103
1011 60
1202 1508
1616 1035
1674 833
1421 67
1152 1051
1295 670
1014 644
1524 145
1461 1651
136 158
1171 1107
1598 1006
399 732
1730 293
1220 44
168 902
741 1662
1565 1047
97 1054
603 583
1136 1722
397 1590
599 1265
39 577
703 1041
700 1215
996 1014
671 172
172 382
1073 1633
1627 149
298 1173
1467 1068
758 1568
201 460
1413 415
455 207
880 60
476 114
133 1198
1168 139
1380 309
335 513
1201 1388
1438 582
1309 852
1105 56
1094 1534
245 525
1031 801
1058 1036
147 1524
914 942
905 1635
738 748
933 1353
1179 997
1160 634
581 1585
1491 1127
716 327
1585 684
194 372
116 466
337 1707
1300 1638
721 316
1401 1723
562 1522
1426 1529
707 152
39 1262
1242 520
827 178
1067 1480
1589 1135
1557 1724
1406 1720
1651 1362
1661 1083
1439 20
1622 506
1358 1310
1497 1301
63 1382
620 1686
48 647
172 554
1442 1190
1144 1359
1684 452
854 402
1628 1426
1266 57
831 1304
52 106
1474 531
1344 1454
1113 442
98 990
1423 190
1135 36
1045 340
655 1235
421 1470
736 822
275 152
1741 212
949 163
1331 13
244 713
376 1631
569 1321
21 1159
711 847
1308 1235
608 889
420 1568
41 520
786 1176
1551 10
1531 139
337 871
1033 1598
214 1354
1461 739
20 1471
1209 65
338 779
833 779
1519 44
1276 421
1575 1730
613 1267
80 1177
616 1445
1496 287
781 87
561 81
951 320
621 221
152 756
1195 279
1469 846
1056 1643
1124 639
1346 804
157 121
1730 546
456 303
432 1479
1300 175
1506 548
1470 1044
1382 511
1534 829
1603 285
1163 333
1067 1305
1508 471
657 75
1482 304
1564 807
292 1241
1625 466
555 1
1738 1447
37 659
451 1307
606 399
1343 1500
1627 530
1636 975
547 1159
1627 480
243 39
1033 1435
504 230
896 1644
1547 1251
527 1372
1485 1670
1245 603
184 1130
367 907
1086 1259
1418 809
1694 825
727 697
762 1629
593 1442
1249 1106
651 931
647 1432
3 1611
1169 980
574 1148
695 6
1614 664
237 1337
420 695
1347 1547
1294 437
650 1504
46 765
529 417
564 712
1587 1743
687 1418
227 1437
1523 31
666 116
1512 949
1227 1480
786 135
1421 885
1465 1101
1538 1592
1046 156
491 1212
163 444
1319 749
1157 438
875 931
833 117
1065 22
501 1713
334 1402
1690 892
1514 985
732 1322
456 433
581 1232
319 341
1105 1460
1374 1609
869 552
359 585
884 855
533 513
1520 1737
123 1736
1697 1024
132 1045
176 1013
310 1553
1629 95
152 1435
666 823
1734 1448
527 562
1481 204
735 425
100 379
123 301
178 135
595 544
1672 616
339 1469
1386 1241
1255 73
812 127
10 1159
1088 319
45 792
469 558
392 260
570 641
1324 612
566 318
1516 178
830 882
1071 73
575 1627
1176 23
1505 1173
661 819
919 809
1734 968
1254 1541
947 48
273 299
403 827
853 735
972 817
316 583
1065 615
1696 874
91 956
957 1097
524 1148
1373 1017
871 104
250 799
702 1643
652 501
177 614
1185 26
181 213
1506 1474
1236 42
901 384
1170 612
682 41
75 838
1609 12
402 504
2 925
651 480
333 935
57 896
1166 819
808 1685
1358 472
728 30
1331 1080
382 107
932 952
1638 138
1447 317
1296 1521
698 1602
1612 1693
763 342
167 1352
1026 456
1068 623
1507 543
632 1543
1242 1740
535 1574
238 1353
265 302
51 1132
1135 709
1323 243
1455 511
518 1430
1219 778
1278 1625
1455 1222
816 1051
1474 1446
1012 1247
748 272
1033 388
1544 1653
338 1428
486 447
677 1397
795 1151
64 1563
327 1067
82 1015
81 1146
1313 995
1090 432
1642 449
1553 578
484 1473
138 1502
633 93
107 1513
1646 1546
672 511
1490 1342
1713 1508
353 1316
798 937
1729 1524
269 208
1193 262
19 1473
1393 337
238 1614
894 1085
428 285
862 723
1250 1191
1639 173
1130 242
567 30
1139 1226
1645 922
647 1391
186 526
839 1683
1327 730
536 315
1645 376
523 451
1254 1719
558 1048
269 864
1262 711
781 7
136 1373
688 520
977 1204
1163 672
13 37
540 1295
1739 326
594 1176
1397 233
920 537
95 1036
623 91
262 96
1261 293
542 679
890 1144
905 1524
606 271
1458 1268
448 292
643 1019
503 1312
175 250
1638 230
128 62
1402 193
1354 1681
200 894
1101 521
291 227
527 900
574 822
200 68
1680 1513
1700 1694
1619 1227
222 1227
767 59
1608 311
1429 238
1695 1250
1095 1633
566 395
961 1034
123 641
1162 901
1353 1492
1459 4
564 34
1031 1539
1326 119
1311 1168
818 1289
11 798
670 657
492 224
327 605
905 893
1329 1299
822 53
1427 1552
1668 247
623 1200
784 1541
61 111
862 850
265 394
461 90
752 1528
739 69
748 349
1221 215
1097 318
320 86
967 390
557 45
740 393
719 783
1555 630
1304 1405
4 1015
38 635
1447 332
318 1567
450 999
878 787
706 1062
410 624
628 1111
1486 1174
1700 1152
1569 924
1209 1699
344 1322
398 1608
854 1457
1182 871
210 1568
1121 426
1304 1047
974 349
1285 652
744 1624
1145 585
1608 867
1555 1420
1267 974
1686 1408
567 317
979 1395
1118 824
992 511
876 991
1596 242
1530 1485
960 154
1572 634
326 1080
1593 250
798 298
886 1402
650 1507
345 83
1510 1497
688 347
1511 680
719 1719
1055 1669
918 1467
484 43
1103 89
1586 384
128 693
1418 1469
1396 1113
1010 320
1311 602
806 307
119 1086
386 60
1038 1279
79 495
92 1026
1520 1024
1253 1216
819 1338
1042 1272
840 1062
845 1436
132 827
289 412
1477 1705
41 1552
75 1317
1004 1246
616 1268
978 24
990 1131
1101 259
1128 1732
472 691
1041 914
1236 718
4 1203
536 510
1488 982
207 1491
414 832
409 1420
723 17
1570 1582
16 1558
95 398
1368 332
131 367
20 486
80 374
538 998
436 458
112 771
946 1576
596 248
783 936
191 1363
354 568
587 958
1701 436
600 962
1553 1136
1410 54
1035 1738
743 72
1011 126
552 1684
900 689
1430 1256
1540 1389
1393 1695
1175 54
852 1422
1638 501
1071 715
1241 436
39 1282
1224 1326
633 377
467 371
1546 1255
404 787
1678 816
1488 760
1524 424
1442 501
1585 175
1127 1566
1015 407
1478 62
1188 1176
1081 248
1045 535
972 764
1534 1406
482 1437
1621 818
587 1709
829 1649
763 694
869 644
1092 1115
536 1744
938 829
1467 217
674 1011
627 152
1125 468
810 1530
708 1399
1587 269
784 14
918 1644
158 609
1503 584
1141 1658
752 530
669 513
1561 903
1042 189
545 700
397 465
692 1612
490 1074
260 1303
815 272
28 1259
1145 1444
1230 398
105 1090
424 1670
614 724
337 403
1311 732
454 1523
516 258
1383 119
1428 308
989 1246
942 1116
427 625
901 797
1478 1182
434 1326
53 921
1547 1233
1129 1274
170 1164
995 1660
224 1223
712 597
386 465
1010 1270
1056 14
1220 1110
350 644
1442 1179
1109 363
832 314
1650 265
895 666
1465 896
673 1394
1031 1731
1591 1525
1555 326
1066 1224
302 63
1342 1208
660 947
1036 1566
491 501
1675 968
1225 121
1375 1143
791 339
1391 1235
1697 1128
742 657
1604 92
169 1648
667 1532
1040 1709
1739 1025
307 746
1584 464
527 1463
182 742
1528 1571
633 1037
1717 92
1404 129
1564 378
604 241
955 963
56 1198
1627 1732
271 1325
1373 56
1382 883
558 1426
1743 1496
429 243
461 1145
566 1231
601 327
401 666
247 386
1635 870
1299 709
1669 608
56 1571
1345 387
459 573
143 1400
829 522
191 768
1045 866
1390 940
53 888
1385 1323
1697 967
1637 1056
1037 43
1535 46
173 748
771 1524
342 914
240 1125
1120 395
706 1065
684 974
42 500
1578 746
200 509
662 843
53 103
1719 1426
781 1507
1188 485
740 985
867 1143
1351 242
1241 312
1216 1584
1637 1314
1708 895
322 1544
235 1414
1006 258
1369 1185
404 606
1667 1640
997 835
1626 1523
11 1138
217 1233
805 572
312 27
11 105
455 1123
130 1585
835 844
252 63
1432 635
1320 1564
1511 1340
1523 478
770 8
598 1382
582 1471
126 169
668 263
1442 1365
364 1153
1184 1066
657 741
198 45
1550 1222
730 1173
499 273
412 108
70 1208
729 1051
1109 1044
1202 1031
1314 91
1422 431
55 1379
1010 698
1386 588
423 1237
648 240
1648 1638
281 1096
374 476
873 1563
437 657
377 322
1318 900
1694 389
1204 1194
720 1502
637 546
1116 1282
1402 320
698 1246
801 1318
411 1163
526 569
719 1606
682 1534
1101 403
531 883
218 1710
351 175
1666 661
842 1551
1587 549
1298 1197
765 769
317 1369
497 1679
832 232
937 862
1278 1589
546 849
807 779
1716 1216
650 834
1227 210
350 166
1203 392
177 879
495 915
698 1674
619 1074
929 1509
272 885
1228 247
1565 648
1594 1675
1192 1626
1452 37
1096 299
880 1017
1587 1310
1647 71
357 769
1195 1499
1283 1436
691 1190
793 1733
852 678
1358 923
1000 752
348 546
1404 622
565 1676
1164 42
1434 365
22 1739
1593 316
277 754
792 3
816 709
621 241
281 1092
1151 1401
1183 325
537 600
779 1662
962 1394
930 392
1229 680
290 472
1110 376
843 1645
1694 857
1561 515
351 530
774 663
1032 20
1241 721
1485 1642
1110 1300
70 122
1535 133
1107 226
374 732
1302 1084
1201 436
414 1696
1595 382
1316 1212
879 256
557 565
434 1263
33 0
408 1196
1154 824
1632 1015
1043 1309
941 1309
1160 242
1450 1211
1233 430
37 1019
850 1706
1046 1550
1534 618
1724 376
1071 412
697 13
1225 1497
904 803
664 1505
578 616
131 1731
1510 1313
1032 606
66 64
937 180
932 328
1297 236
1160 1216
287 37
848 560
1118 1447
1406 1530
1317 1660
1330 1236
185 70
751 337
1630 253
678 451
1089 1368
304 603
1252 977
1512 50
972 1381
412 1397
1381 1462
1270 106
131 1704
625 1342
741 795
693 1256
420 853
1075 1379
1001 1559
182 139
944 1261
1384 1290
258 406
129 59
1345 936
1327 310
462 456
1401 602
1404 1329
173 372
1722 223
936 161
1352 679
1235 719
1613 1258
979 102
1372 39
193 1542
1576 734
1017 108
689 178
159 46
1670 582
915 1220
939 1300
1391 172
311 701
1680 982
1506 912
1163 940
114 1424
1070 628
388 1745
1662 383
226 923
38 32
402 166
588 595
1080 440
933 1564
1597 619
1234 190
120 312
184 214
1441 1436
571 284
146 743
973 663
1006 1639
872 395
814 1738
196 442
362 205
495 215
511 395
856 573
992 684
1225 49
525 557
1032 456
316 544
975 323
165 954
671 4
1201 367
1322 132
398 500
1268 242
557 1456
919 1413
750 1376
415 794
567 953
1434 545
546 1671
958 587
807 431
288 1634
1037 3
1020 1308
1478 1309
56 1152
689 631
481 620
711 814
1664 917
636 1541
433 1057
470 1515
1601 1366
1738 735
1241 1409
428 1643
107 480
64 189
772 450
751 851
732 161
2 1314
813 881
1334 178
1314 35
239 1208
1631 864
989 1107
926 109
670 1014
55 753
562 1618
771 473
619 213
530 1681
742 73
1421 752
1730 1517
547 373
1165 1440
1204 816
366 1180
213 484
109 5
444 1713
1716 1476
648 1206
1663 1
617 251
1294 617
737 114
879 1641
744 280
160 1483
734 201
1484 586
1247 1164
388 279
419 48
1212 227
495 39
9 1639
644 277
1709 665
556 286
1271 761
1073 811
1045 1361
1191 135
160 258
887 91
1676 1272
660 745
1598 456
230 1218
144 1622
291 1325
464 1609
925 1710
478 211
409 1736
596 1364
645 882
912 494
1101 1541
1656 182
1142 312
1383 348
550 1173
1241 1735
58 923
1241 760
357 445
899 400
1447 1129
1097 315
81 1336
170 1169
1194 1586
1638 1741
41 1021
1031 1499
205 1469
1333 1108
923 1683
202 616
396 1309
535 273
1400 865
1171 304
1407 187
287 1683
1475 780
1234 959
1485 326
1696 117
433 1120
481 388
244 258
398 600
1196 1126
171 1516
602 255
1008 214
1715 202
413 1289
391 1291
244 1547
930 1168
1736 557
953 984
818 245
1051 17
241 701
16 626
1697 623
1429 716
1479 1129
379 595
842 111
835 494
819 1481
1105 902
1359 255
1618 1610
1017 1586
513 1437
1627 1364
1653 707
308 395
213 1208
1240 1350
151 186
871 39
645 771
650 1416
286 865
1100 1056
1500 1246
1391 569
851 1292
1132 1741
760 973
717 1112
1570 1035
962 649
1736 1101
1478 915
588 1742
1200 1378
1265 1191
1574 324
568 1739
1035 455
1376 1
409 102
278 1463
923 244
116 984
134 256
1308 525
706 232
32 1430
215 541
1620 1540
1514 94
24 649
1519 1578
1356 277
811 570
1075 1262
553 349
191 1075
87 534
1727 524
1027 605
1457 1358
581 1247
1257 59
499 1415
882 571
771 1033
255 860
1342 175
1155 9
450 155
892 1275
1380 858
1724 1083
532 538
85 1561
1422 1265
1367 113
341 1373
966 606
1545 1377
1246 427
820 387
347 1657
1636 1197
118 388
1096 1351
1297 800
862 404
108 15
754 1428
205 1111
1607 1490
783 469
325 597
893 1564
723 796
1580 1424
117 1057
976 983
1565 795
1342 125
1377 831
1257 890
1077 201
840 48
146 1299
321 902
742 1500
34 688
1508 910
1177 854
1567 1252
14 769
1573 688
305 1364
1744 1380
815 1535
1040 1303
198 1086
347 1121
1689 1703
1479 7
875 17
1558 1169
66 291
1710 110
734 372
986 917
1424 1567
806 797
1423 1575
281 1437
175 1236
950 1373
1327 5
1497 1096
1457 94
60 271
874 104
765 1130
576 559
78 1454
1322 601
558 182
542 757
66 462
54 823
1396 124
72 97
811 313
74 781
625 1509
345 1378
52 931
851 229
906 356
529 152
1418 732
113 767
1519 952
186 187
0 1044
125 1638
1738 350
1508 274
642 552
1429 587
11 237
1359 512
689 105
725 716
379 1468
1275 472
50 107
716 1370
815 922
1494 93
450 1256
1454 506
1075 482
1607 1036
1545 440
601 1311
1093 530
803 735
892 679
916 1018
429 1018
362 903
1436 895
1713 1231
655 1534
418 1526
290 380
1520 1284
1211 1564
1298 240
334 932
342 1202
247 248
1225 873
743 65
1227 1466
1706 930
1515 741
401 1291
804 333
1226 703
271 1278
1292 1282
605 383
1513 1337
1033 1485
677 1500
1588 65
996 1284
1149 317
1037 557
1463 927
537 311
1009 632
640 622
454 1423
1541 1034
1342 1160
320 1635
795 829
197 1080
1640 429
1537 1605
1296 385
980 1289
681 774
20 1236
672 686
1250 78
203 1572
1524 980
1571 1581
495 912
1195 1640
1321 1626
749 1321
293 1034
1051 4
418 660
1570 645
1555 534
1157 95
1050 631
1248 704
1455 1537
1649 1033
1160 776
982 1465
4 1084
264 644
1369 868
1726 693
1310 561
907 417
1419 950
517 1521
1392 809
1690 496
1028 1531
95 1457
1009 1185
1333 839
1721 297
1495 1048
57 1139
476 1254
1625 200
753 865
1437 1294
811 874
1020 185
1720 928
642 1302
437 1618
694 1268
1549 455
1418 286
690 191
859 430
1564 336
1314 573
1231 316
1118 1197
987 1093
79 678
664 1535
1659 761
361 311
1059 325
1064 1243
1653 761
259 1362
507 800
1692 1032
373 977
1111 80
591 78
1644 1739
1382 1705
111 1137
865 1414
1433 883
487 1271
424 247
661 1289
1654 1359
800 1378
1704 1548
1012 571
1350 700
168 716
1077 437
375 383
1307 1592
1594 32
1616 1408
386 520
499 395
51 1108
1147 1744
1273 1049
704 1425
1704 623
512 609
2 289
275 360
983 1267
1018 461
237 1379
382 52
496 423
745 1324
1157 528
734 1327
823 7
1187 1736
1363 799
415 1030
1646 607
878 910
387 1045
1744 1568
1691 1721
1272 1247
1333 434
1200 27
195 1723
283 514
379 305
1233 370
1578 445
199 26
147 466
948 1301
223 740
262 17
1252 961
297 328
417 983
742 1147
667 496
1575 209
1007 753
1179 777
1019 1275
1675 1470
795 1280
558 1543
309 1673
583 1578
353 1574
1491 1510
1609 1702
1316 373
727 503
625 368
1278 838
71 1413
341 27
175 75
557 676
1459 484
629 541
487 1184
873 1656
611 396
533 1006
1619 648
768 799
65 1444
565 387
1000 933
1086 1626
1594 866
696 1693
948 1622
1386 45
1055 1035
465 91
98 975
1482 883
1619 920
1316 651
517 940
462 1473
1193 1582
1012 726
1294 1239
316 1122
958 875
106 608
283 691
625 145
283 626
963 929
741 404
609 528
387 987
489 302
560 1171
1466 276
531 1120
844 1131
1624 1704
683 765
1740 1654
1077 519
1116 1033
22 804
782 224
309 638
501 688
208 653
1000 1482
1234 234
468 1414
764 1376
666 1733
1398 424
1501 1519
268 1118
98 401
242 679
959 401
934 546
1229 852
16 1312
1264 1399
1520 138
1412 102
711 1196
905 984
1646 1359
461 1076
896 978
1251 490
1430 950
961 986
531 1241
694 1569
1529 102
49 543
935 1112
573 1170
1458 302
348 545
1515 534
1565 961
250 1005
644 1549
1332 596
1498 1075
1273 1137
1509 783
1417 1375
50 13
141 976
572 641
188 827
936 1234
1603 1036
133 104
489 310
920 1252
436 1606
1071 126
1666 1524
1484 148
1633 1267
152 185
1519 698
1453 1006
1654 1220
678 1527
1342 295
1502 1713
1491 640
1134 1133
181 1273
123 130
1663 290
56 1138
536 1171
1312 1740
496 124
1246 855
439 973
1254 332
353 1268
564 643
679 776
1332 1374
890 1595
498 1108
433 1660
1254 693
1128 1339
1160 690
127 184
1147 857
53 380
1659 768
199 1719
1219 289
1007 447
370 1375
402 1087
1481 694
242 427
1 1679
569 0
1299 350
1031 1040
1745 1547
1178 511
829 1626
272 395
1179 1454
64 232
1213 495
629 1128
1201 1135
538 472
1486 232
475 1364
1335 115
1238 285
1623 581
305 319
1228 1266
701 475
1643 1167
1197 635
1176 1506
164 809
1231 630
774 279
1408 632
22 886
908 917
1743 1116
457 231
1150 1702
1242 1160
658 697
1627 587
550 1378
368 187
88 1290
78 931
1401 32
899 1494
416 1190
716 720
1374 443
557 1109
1681 530
757 933
561 608
231 525
1619 491
953 1122
775 513
1499 1611
1395 1516
1274 688
1699 609
454 587
926 1374
648 190
538 1450
1280 1537
593 889
104 374
1665 1077
515 1183
1631 1317
245 1151
962 495
1002 643
723 618
722 337
84 491
853 227
974 1567
2 749
823 104
1052 657
553 1135
1190 444
1138 626
1206 390
1060 758
884 1069
307 66
661 1677
316 322
225 1356
162 976
79 1408
117 454
44 343
960 1451
733 508
1355 965
32 1400
314 1039
1641 1440
324 1111
621 954
1048 1585
107 1489
1299 738
340 1
493 136
1571 1646
1078 844
1617 1158
132 179
161 1743
233 607
74 240
1264 1025
302 120
17 826
1363 1691
1112 1428
1474 50
965 777
1554 1240
1678 1093
174 1658
18 308
293 696
481 1318
311 1342
1594 1528
1161 660
485 1425
1275 957
33 1680
135 1528
1207 252
781 688
414 381
836 743
1541 1095
253 498
165 529
222 1131
1730 576
163 1193
15 748
244 1655
1682 317
1545 881
129 766
367 399
709 755
1392 274
1345 946
454 1507
1632 562
1107 178
1401 729
748 1192
1195 1420
1712 389
585 935
655 1046
1335 852
809 1322
1388 237
691 414
1452 1542
1539 1347
556 1701
1434 856
668 534
460 1222
720 41
431 1185
867 452
1687 1289
583 1577
893 774
287 244
1504 481
1363 739
1396 429
484 818
1612 1203
1547 810
1435 1554
1004 1162
1665 1729
1179 657
1021 533
985 1202
1581 952
784 708
1331 1169
65 1474
1640 149
880 159
341 1713
573 618
1021 1078
1125 519
1568 118
587 815
5 797
695 1381
1449 108
791 686
1171 1025
396 722
1074 1624
72 340
1569 611
537 785
678 1547
1279 170
409 1153
671 256
132 567
474 1074
1363 1677
1399 786
633 587
99 1140
1715 743
1665 827
848 388
1232 158
1511 531
1301 935
492 1393
1044 15
961 586
58 90
276 86
1530 564
1707 346
1325 1670
732 212
743 850
1173 1523
385 603
135 1463
1251 438
943 1249
917 1407
1500 571
931 1481
169 109
1634 1573
1524 585
762 1379
728 224
1114 478
328 1509
1213 228
1120 763
109 775
847 715
995 1215
110 1252
302 646
94 161
288 362
1266 246
1382 815
1576 1252
329 871
638 1194
1450 1341
173 289
568 526
847 48
904 1317
1072 545
589 137
606 1300
183 1744
1586 320
610 1663
595 614
191 1277
758 713
263 1051
806 1280
414 1069
412 645
632 854
1506 1536
1617 1246
1369 186
56 92
1204 1284
1599 786
1679 1379
1046 191
1301 1609
639 225
282 1535
1174 425
1728 454
658 907
1253 487
1632 104
244 1386
993 66
1328 498
928 166
984 315
1205 1483
133 937
1113 980
1281 365
1119 1103
1397 1236
234 1148
1564 1532
536 901
169 981
677 537
766 200
271 1234
1063 1327
763 1058
738 983
244 83
1450 416
666 1113
123 733
16 1084
1426 419
106 559
1008 1489
1407 1049
319 1080
1236 1388
1299 471
302 558
1479 112
1101 1161
1069 392
310 664
179 366
1714 622
781 447
1654 543
1412 628
1362 1355
49 30
1268 414
349 1480
1231 347
1591 311
488 1254
893 199
1631 30
262 133
307 93
1615 135
1209 967
1232 1724
794 311
244 628
676 48
904 1084
881 1229
573 758
1467 528
637 403
285 772
1035 1125
1140 1467
1303 1200
1505 132
772 1422
730 19
802 1436
419 36
1122 1040
710 324
293 907
66 1430
1118 1583
248 1716
445 1
1655 1266
946 1662
691 293
1689 496
1158 875
471 1483
320 1626
857 154
1652 1327
1287 352
388 220
801 159
164 744
153 249
1043 1373
3 567
448 397
1191 396
864 217
24 255
85 363
1724 1518
623 730
1704 505
1326 506
339 395
435 813
53 1017
48 578
183 375
1318 1305
1250 1676
1438 238
1682 656
1061 605
1673 918
282 1417
616 380
1326 1725
1174 221
1028 1374
182 336
859 216
393 624
968 47
236 571
1332 572
350 205
1171 1502
1012 954
492 339
87 1155
1657 1569
38 1456
1614 1122
902 1260
264 1618
1055 956
167 1191
123 523
307 624
769 21
1520 446
1303 21
1443 1105
538 1370
624 865
127 515
741 256
1239 980
240 1418
175 300
312 1247
1148 427
893 169
1525 563
1558 503
1235 1200
1642 394
1593 386
1334 178
1023 1024
1287 1028
1177 588
306 484
1234 343
208 861
572 152
473 716
1531 51
1439 1355
468 855
1689 274
173 859
608 1526
193 812
1189 333
1129 478
540 94
1175 26
528 577
261 478
1154 1095
1544 402
1441 1738
1048 853
963 1261
868 872
158 364
1216 280
377 1553
219 648
818 1147
1446 1700
723 28
469 1134
479 94
582 14
1191 1743
543 869
556 66
781 1614
1126 1152
1412 752
1222 1678
1246 362
924 1376
845 669
624 305
1419 870
359 756
1272 1206
874 1079
969 509
1568 568
813 867
724 532
1150 1193
1549 971
524 1167
1442 332
1231 485
489 244
1414 1094
755 1017
832 1552
886 1241
1635 318
593 130
1330 430
88 834
239 1738
1243 567
154 1658
508 1464
1464 1226
1483 1100
150 1500
966 576
317 67
565 810
505 199
259 397
1479 1193
1606 1005
434 983
843 1688
1443 545
118 930
119 195
598 1676
537 1154
1716 1606
791 83
1343 1560
463 131
1082 780
343 906
227 1469
1051 1540
1158 1342
1107 791
1272 1692
316 867
652 234
278 526
129 973
486 1436
591 469
543 1181
595 861
332 1600
1039 1376
408 21
56 1699
1736 847
1218 90
1379 1040
323 459
589 1644
1520 238
1076 1032
788 148
934 83
677 252
470 12
1171 76
1306 1608
175 588
116 270
435 1439
1299 1246
545 1030
476 665
1564 311
1290 1507
872 236
1510 592
748 479
1083 1608
68 417
760 1031
475 95
1691 1705
1264 864
1095 196
737 1575
937 205
1692 1336
405 1107
914 1632
1158 1117
169 274
108 1404
1650 1634
144 134
66 1652
632 1727
489 41
1378 1051
1564 371
857 1063
438 1129
692 685
1242 1465
1298 1535
675 1043
1735 804
1183 1250
952 615
1128 712
897 849
1162 464
1075 1142
1560 1086
208 564
165 82
911 358
1093 494
1473 1086
1240 1293
187 611
1206 289
703 493
1738 520
482 1532
650 1411
329 946
1724 1080
559 280
981 681
1060 1174
460 1671
1095 39
74 1465
1347 1164
1300 900
134 195
1743 1387
1378 1496
550 1523
1397 1241
1245 117
1058 189
576 1722
915 265
416 1144
264 360
373 793
1625 1248
1443 1145
299 1507
234 1358
570 951
362 1523
719 154
1717 760
320 1198
803 952
1140 567
689 920
353 1531
1285 1323
401 379
826 1683
65 865
1296 1050
499 1533
418 37
1165 204
958 801
1025 854
1506 35
140 448
222 723
1623 1468
1447 132
874 558
168 1180
801 716
1498 601
532 507
62 1253
1306 863
1002 1666
526 941
1331 759
1374 209
206 274
531 976
606 445
376 227
43 159
869 511
266 1441
209 1126
1196 139
1185 928
32 1644
221 520
777 1441
1738 552
1193 1617
779 1090
1595 722
1116 996
1194 1197
1298 343
837 1609
1046 913
107 736
74 1564
901 1209
115 1534
1684 1098
1377 1348
837 931
395 848
810 1000
64 1080
1137 311
158 312
1399 1700
687 582
302 1666
490 25
1696 114
1258 1658
140 1517
1218 1655
1370 1346
1695 1537
1426 1271
201 823
1057 1303
831 1687
1292 1596
1145 193
1610 71
1548 1655
1403 568
207 349
378 83
800 645
606 1598
862 1155
1094 1484
1019 1189
798 1558
909 1430
581 1178
699 1298
991 905
1219 241
208 1028
629 711
41 845
1139 39
578 1232
599 1616
93 1077
1067 794
259 911
597 1514
1541 502
62 1431
98 203
1725 237
288 1374
1652 979
282 110
1509 98
1522 1557
1194 1332
152 688
735 1161
1594 1462
389 416
1295 224
209 849
670 1357
1331 393
195 1542
448 153
822 968
469 1731
426 212
23 122
146 1587
450 1021
1031 488
246 1282
961 1458
1249 1355
1168 16
481 1468
490 417
1420 183
938 547
1165 387
252 141
1633 292
451 747
944 277
14 301
832 39
838 1333
1481 1258
1103 1528
912 1328
551 1335
654 1429
236 1319
1649 1732
1053 1049
1550 394
895 1199
290 580
955 1171
1704 40
266 523
1289 1148
58 672
789 145
1530 1447
1617 1649
1292 650
307 81
154 1391
780 1561
798 540
347 1600
947 1657
1501 1701
755 1704
580 4
982 551
563 747
1495 1410
300 173
1025 97
1724 750
221 193
929 351
1245 113
1172 436
218 562
1120 1577
1696 955
453 162
480 1599
918 1531
714 292
700 1039
203 706
1471 902
756 622
1568 697
142 1607
1387 1506
1681 173
1636 215
176 818
1269 925
428 327
1503 1113
694 1343
139 1224
3 324
1365 449
1681 735
1381 1215
324 531
322 1387
711 1422
323 1204
485 668
1073 1427
475 1170
711 218
778 480
1076 524
1436 689
1267 1329
796 1124
1042 1207
1649 1203
1013 1212
1025 1433
436 845
1361 39
442 1493
506 1228
780 1059
1448 299
1492 617
601 70
1321 423
1163 995
1240 261
701 1044
572 1704
1325 1415
343 581
872 1160
633 825
88 784
883 1510
1022 249
1585 880
1610 108
758 1379
1018 1341
1718 1178
564 893
1713 547
406 189
238 1466
1614 789
1246 1030
1192 400
227 350
1039 1185
1203 895
700 673
306 1745
1573 166
1463 1402
872 834
157 80
676 436
1417 187
1384 715
22 1486
322 989
502 328
683 705
1604 658
139 1246
327 85
966 30
1535 1489
39 1445
1523 1594
79 655
1193 1681
1487 180
149 1476
1731 92
843 1581
812 261
1047 1680
1349 1684
759 316
1471 295
1430 1258
1744 1253
434 1738
857 1553
350 927
144 1472
579 1596
1277 630
395 1539
1114 461
50 332
1697 6
13 1631
304 1364
334 175
1424 1530
669 666
706 1337
1393 660
1465 226
494 152
1080 1743
1173 200
1293 390
258 1283
1432 426
42 1739
1635 741
259 941
367 1554
326 1207
1377 191
224 1622
851 1082
440 348
592 122
1508 379
1381 520
1743 102
619 612
700 342
111 475
352 287
231 387
1357 1293
1328 1151
49 1535
596 594
1045 739
976 1648
1218 1206
1738 1576
448 674
1060 253
387 357
1315 12
1039 1151
1564 1393
294 986
721 20
1412 1103
979 519
1703 1085
372 1095
897 515
1118 124
1048 748
1303 1300
1181 1103
1333 1123
1319 1322
220 620
1543 1295
642 758
1605 1429
1738 1001
1640 1557
1376 459
261 1422
950 203
338 658
230 1565
819 267
538 89
616 1676
1135 626
363 30
1093 312
1141 972
117 476
383 867
1015 391
157 258
1581 223
416 701
333 769
988 281
1528 375
1293 1244
747 469
998 487
1593 979
764 1593
427 338
1365 259
1380 1188
1711 829
862 734
5 872
415 884
880 1733
1556 45
26 1651
1367 1248
1387 1413
1353 492
358 1133
1422 984
1146 724
397 1256
514 1005
964 842
1224 438
452 147
1043 125
439 1407
934 65
1214 652
711 1316
146 898
236 321
1474 935
1668 333
1174 826
725 563
228 1099
1168 97
1638 1615
948 1625
953 1457
416 41
1307 699
1390 534
178 48
393 966
1183 773
1744 795
1251 821
1096 178
606 1116
71 1676
1287 1668
