169 374
494 784
36 1731
861 1456
413 1276
599 690
991 1446
1617 136
932 682
726 1485
946 1187
334 437
262 755
1572 1034
1287 553
244 1139
1111 936
1202 1686
737 34
239 1700
910 124
883 522
1627 972
369 950
416 520
699 1581
388 1131
80 1239
1385 167
1095 570
158 311
1523 235
739 278
651 429
989 1496
678 1357
1605 208
987 797
953 184
1410 1745
359 1489
219 913
474 683
880 452
816 45
379 1416
167 1714
661 21
625 1395
1077 836
147 454
861 626
1649 989
1473 346
246 618
648 120
618 74
1715 854
724 1487
823 848
527 1198
981 618
341 1407
954 1169
1403 1404
1710 119
1430 274
28 356
303 862
1720 1126
973 179
1125 1227
435 236
1275 1616
122 804
1595 59
324 1664
1091 380
687 1049
1483 1099
308 959
1534 277
1615 1366
1663 1682
1567 1635
789 1659
1470 306
351 686
953 151
827 1287
1066 1404
150 1669
560 255
967 809
586 297
469 1126
590 195
92 418
1568 648
76 1464
1229 1600
106 700
692 432
717 1732
1002 1099
1350 381
25 33
959 127
744 1268
1507 1685
122 409
1712 1019
966 553
215 551
944 359
220 1452
1186 1727
233 1017
1096 111
1528 25
323 1532
1295 1673
750 833
56 1544
508 588
1078 547
1232 1110
1105 336
528 1435
1745 216
1096 614
759 1603
1257 223
1630 1436
1612 1710
701 500
150 305
423 794
1482 1718
1709 263
1417 498
625 1198
145 591
971 710
1011 376
702 1635
1709 436
1533 20
590 728
232 265
503 1496
345 142
1358 1420
1290 984
380 538
1072 890
188 919
1688 1017
1243 699
600 635
124 791
360 1528
1468 487
1262 1235
1076 570
607 1419
1064 1269
547 417
319 520
95 838
859 457
761 1149
999 465
1309 521
516 773
1626 1349
457 955
644 280
447 744
1285 1685
247 639
903 1374
292 1380
747 165
1023 1569
1669 708
32 279
175 1361
470 959
645 533
710 1062
1529 115
1137 314
559 1402
1217 264
1707 877
674 1384
771 1127
343 1548
597 1688
1604 950
680 276
1175 1500
1320 888
836 1715
883 1644
1465 156
653 894
256 640
801 627
1405 1006
287 271
1492 764
980 107
932 1235
834 1724
368 737
1616 930
788 955
408 1654
816 948
184 949
1523 274
1511 1349
1085 1526
1431 557
684 1673
1255 1226
498 1026
1549 1484
696 660
388 1627
580 151
1147 317
869 421
58 1457
449 634
678 1700
498 1352
1205 708
701 1053
755 999
442 639
771 1740
1027 1177
971 859
848 1707
326 483
70 526
888 708
649 625
1047 946
1225 1253
764 121
168 1431
85 95
572 1686
372 1104
1259 3
1374 126
1491 816
1499 1406
64 1196
1618 1135
1638 1046
300 574
1133 65
923 399
1335 426
410 792
885 1343
439 908
1179 1462
1728 603
1516 1493
1591 1076
207 1035
1686 1553
520 258
1585 757
248 485
426 587
1495 864
807 290
976 1447
1114 774
813 1160
533 652
1211 1306
821 1268
1170 644
127 1647
581 1625
951 667
249 962
1712 1306
1152 711
1088 381
17 1660
27 227
517 1128
132 1489
994 920
900 1194
46 936
956 1022
887 341
1443 1716
486 1310
1224 222
1430 1200
1367 271
125 909
1556 717
1717 471
773 1550
1233 829
79 1576
703 1309
958 1046
537 499
97 182
1136 768
4 875
287 816
63 321
418 1459
215 661
120 1316
511 1556
1558 985
1051 1020
531 1075
1005 1090
869 1314
1477 249
450 305
830 1483
13 1675
841 647
130 1362
1254 1131
659 1090
720 1040
1506 1352
678 514
30 934
781 548
220 1459
167 102
1377 970
1056 388
5 947
1104 1475
1576 640
122 757
745 458
923 1160
1637 1651
1338 751
617 723
326 12
745 397
474 243
615 847
198 1281
1037 1674
1588 1179
1281 1533
1604 611
492 17
401 1473
1399 14
412 1324
1272 892
1456 121
1262 127
1206 548
1390 1686
1527 194
1594 378
996 759
1528 257
510 128
1414 1713
491 1475
932 737
1658 1132
598 1166
554 738
616 1108
365 608
491 1360
1680 882
434 432
373 1619
361 595
563 1307
318 931
301 44
1200 1345
568 537
633 944
1499 952
1187 1168
1643 1326
119 89
805 152
697 206
675 29
1622 1476
15 800
1041 991
1145 681
1364 1250
197 1083
967 698
70 1276
1423 74
371 982
1171 994
1729 1403
735 775
787 66
1031 1049
1650 1672
3 231
1578 1558
727 1367
450 104
885 1135
1291 500
1710 1716
1731 696
1392 677
32 72
1201 1604
313 1316
696 1589
468 94
868 719
735 1595
1187 1267
953 623
579 10
1042 994
1446 555
561 1623
732 605
1311 1324
697 234
1165 238
1123 847
357 1393
173 593
1521 1053
455 643
127 204
1441 634
1167 414
682 647
1160 805
1475 685
1607 747
1533 949
444 1691
1426 974
954 1519
745 90
1226 1410
315 990
1069 945
472 979
1431 1500
945 280
627 1536
349 787
98 1126
374 1630
742 928
1342 519
1671 109
1176 1389
1124 448
632 258
287 85
808 795
1203 777
978 242
462 166
940 1552
203 1550
615 1390
1027 719
1290 1260
1374 235
87 1063
69 79
12 496
569 720
1305 482
252 1168
1106 682
305 541
37 1168
527 799
228 1574
1483 1239
202 1084
1238 1075
202 530
377 535
1357 41
716 475
258 1178
1345 67
738 28
809 1366
1169 424
74 61
505 145
564 450
1343 1129
943 1343
471 893
714 1193
1131 1216
1107 1656
553 108
1406 1691
98 1327
1375 221
633 1115
1364 1192
158 534
1200 282
254 863
1356 78
1260 487
181 1335
450 329
429 1580
994 1456
721 677
840 891
1260 912
1374 1716
718 1114
444 1168
1088 1129
538 993
319 546
646 298
1745 200
1475 728
1694 902
1324 763
652 1105
1111 94
173 1550
972 681
911 373
967 150
1335 1640
579 1700
535 1039
592 1148
907 303
1467 491
1158 353
854 953
539 1433
1663 1021
479 1503
1102 721
641 1627
272 1607
537 1463
1516 1620
712 892
1113 1547
1174 248
1469 387
730 179
487 1239
430 523
1675 1219
931 785
377 156
1091 993
1203 764
871 278
1388 1092
581 183
1040 1213
1503 1244
217 408
136 985
1708 299
234 1627
1048 1598
673 291
1105 1388
1672 474
1103 1664
1524 393
116 212
1675 171
563 1623
327 139
749 1714
1493 342
1270 58
214 1629
1545 1076
1382 678
1057 415
1514 1030
1401 814
302 1179
1143 1174
1465 233
1655 807
1566 34
103 844
512 1376
1559 1448
1586 368
224 1628
1322 919
1285 545
1450 1308
56 913
441 1633
554 205
1330 1271
1220 1194
1658 42
195 1595
1672 1439
1643 1073
618 466
162 1230
605 1694
544 1698
1035 178
881 1675
652 1646
376 667
1429 757
1320 1101
1628 450
946 1332
1668 446
1055 1432
850 1538
1544 1242
1618 1320
1350 88
628 315
1515 1178
196 1189
438 1174
1372 138
789 1677
1577 382
82 1114
1593 136
212 389
206 496
123 949
1424 241
1223 221
36 1533
874 728
530 1535
1234 1277
432 1428
939 1063
1705 1613
278 1122
805 540
725 1439
1 129
1393 1012
1199 1717
907 270
1481 1081
1153 31
68 1699
1371 1132
615 918
1710 177
1707 376
1357 1562
565 791
279 1250
420 43
1652 1198
1141 148
1681 1445
819 1458
367 454
183 1506
1057 1590
90 1144
474 1469
359 295
1709 264
399 432
778 1346
568 350
1316 665
173 1699
94 712
509 474
1078 272
748 862
1221 1315
1331 137
72 1323
464 1019
123 1377
691 1537
808 698
1457 1096
1729 1567
613 1086
504 357
442 1303
614 596
1167 269
607 1153
1568 700
1560 431
270 377
408 1149
1152 875
358 1676
516 1527
1017 1358
369 266
728 1103
1101 1091
1324 749
1657 830
0 211
1132 317
264 18
952 149
1739 1236
633 445
1567 1739
1078 1192
205 701
194 132
1299 155
903 437
613 1249
281 47
505 694
361 734
864 1069
341 1617
129 890
13 1359
520 407
146 635
815 1407
1692 585
30 1049
805 86
739 763
1246 1249
971 574
191 619
882 1170
1047 800
505 1556
821 390
184 703
703 292
760 1699
748 597
960 149
1234 595
164 1111
1644 515
754 209
311 549
1557 1530
1099 225
74 606
1460 588
969 757
1269 930
618 3
1235 1042
98 1341
238 307
1126 1408
555 1460
530 1462
1133 480
326 87
58 761
570 1504
735 1420
1297 1138
296 1638
852 1142
702 480
1428 236
1391 884
393 333
55 1423
572 1682
1736 182
1159 488
829 1143
1549 654
1669 1728
974 600
313 41
1587 1367
920 501
183 1149
149 1388
1535 552
1056 916
1045 453
1024 252
899 823
285 1373
1519 950
1675 621
1113 165
206 261
545 1681
1225 1551
1658 761
764 334
1250 856
279 851
1577 1103
258 1495
306 942
191 769
1402 948
653 1149
1540 194
254 1298
1369 557
647 1431
658 699
903 1302
490 652
349 1275
1051 1075
875 1018
925 408
1487 1676
710 1559
29 1425
1090 274
930 1283
1097 284
201 1103
734 357
1450 132
774 532
1402 1641
1386 934
669 604
1592 557
794 1057
1218 398
529 672
1452 133
876 652
791 1027
1440 753
1469 1704
1450 142
242 771
105 24
1351 473
860 198
1124 28
1684 1079
875 257
1397 1649
1050 1534
636 599
1078 232
149 622
692 343
1706 461
1695 549
1232 511
1111 315
1163 901
590 660
328 735
1049 226
74 357
168 606
1511 642
1009 926
521 1168
367 1651
1341 1559
1205 159
1573 98
934 1139
934 1641
1110 1397
511 785
61 1340
1598 703
1736 1246
779 1036
29 1565
1044 116
347 1230
404 412
1431 812
1385 1708
948 1588
986 1469
680 279
1609 1192
135 1571
1431 982
1613 1482
614 94
1049 679
1429 917
1654 1521
888 1016
1078 1175
1509 741
1539 1550
678 953
562 1338
1261 1586
951 58
758 1080
112 1487
1039 1582
1082 212
1294 1422
460 1387
1006 521
571 91
1074 954
656 97
984 399
672 1007
1194 519
1556 355
1097 48
759 1245
391 1334
1465 823
1482 331
1523 1582
1437 1441
289 758
26 1346
1641 1578
424 349
1495 133
1408 999
1102 1742
1708 285
1248 1743
67 12
1667 1308
1681 1617
336 582
658 394
115 438
795 979
806 1294
830 895
1570 1732
152 1683
605 94
1686 1258
1680 1161
1146 1059
606 205
1042 242
74 726
802 966
1085 489
1239 730
1163 900
1387 235
1199 1316
1370 699
112 125
129 322
861 1071
242 1628
1554 1342
1421 1003
142 779
1601 372
214 210
1022 1714
247 1217
882 1287
1163 1145
386 451
1649 629
295 1115
554 946
1307 635
1160 1349
676 420
431 1370
836 1362
1482 1697
1111 1442
545 1534
514 597
1209 1172
678 123
628 946
999 631
134 646
39 709
1102 870
643 315
911 393
857 1283
210 1443
1313 504
983 1539
808 810
1091 1244
540 726
1362 61
89 803
774 695
973 812
435 1005
279 1029
1193 1033
1391 1257
632 976
91 51
495 1491
1354 1376
649 938
160 218
253 1187
693 580
1669 123
650 1001
1198 545
959 463
941 1192
350 321
1079 1202
1705 489
1191 1471
611 43
1535 573
1638 1246
1295 1695
1286 431
971 1297
1382 535
714 1047
165 1411
424 324
74 784
305 202
1186 1446
1573 1600
1632 1237
443 184
1265 353
867 1296
1105 1712
971 1616
1195 1116
937 1327
1526 817
1141 1544
1278 1229
16 337
1190 833
947 1711
43 762
1190 745
363 1478
450 1723
1544 252
1116 672
1196 685
872 1038
43 361
1515 149
778 1614
494 314
534 1649
678 998
1697 1708
813 1236
1299 273
1208 1609
106 25
1280 854
212 1455
1092 1620
1463 676
1097 750
673 199
833 109
1164 702
1194 1448
1437 349
30 1632
1591 252
1385 1432
1663 177
767 1641
493 1082
847 944
704 1613
1042 1558
1317 1029
1393 1407
595 1043
583 1352
719 322
880 72
63 927
20 1540
438 750
92 1217
748 1533
1678 11
1385 385
1392 1737
338 1003
111 1448
1575 108
1273 1653
694 4
1188 1204
660 1462
882 483
278 588
958 650
1014 1340
1719 1653
858 553
630 860
1151 1367
799 498
357 827
1491 884
1457 546
602 1742
765 1357
1418 1399
59 500
587 1623
753 1654
1448 34
386 57
1632 582
1201 864
845 1388
1190 1072
23 254
1270 838
185 738
706 1513
691 36
871 1336
355 614
1397 759
1414 430
1425 1492
846 144
433 323
912 145
620 1712
84 825
634 767
1240 1258
675 895
1591 1725
1064 288
1266 124
1048 403
1518 1322
1735 356
1544 618
1249 985
409 838
330 921
832 156
1126 1344
767 965
985 667
256 761
879 392
803 1477
1516 168
1226 1626
569 1424
713 1269
4 440
162 1029
1100 1175
1320 195
94 4
736 1514
1275 1683
31 1420
215 1734
107 617
79 601
564 437
1704 1547
815 206
1073 197
667 76
1106 1013
1270 533
1723 1316
186 916
1370 1654
428 408
58 1702
1204 975
77 1512
1708 569
934 874
934 888
74 1556
1604 717
70 1221
1201 828
187 781
1594 755
995 1420
240 403
68 1126
240 1508
1325 47
1596 1650
1164 828
205 1730
1547 1563
585 653
195 187
1185 1078
1535 401
418 45
123 525
903 655
1705 1628
569 52
212 1248
496 46
1454 1692
112 770
440 359
1150 18
70 743
1448 700
581 1271
1226 1271
770 925
930 923
1175 275
629 934
1694 1671
1643 617
401 1229
267 1270
677 203
850 1361
239 1397
683 792
812 166
9 1231
92 305
1629 247
645 1469
419 1112
34 327
1567 1324
660 336
967 245
656 1232
767 865
1491 1723
477 867
835 1555
1697 195
461 959
437 1205
561 466
936 425
147 841
1181 1050
1577 1006
995 182
940 19
423 626
716 1134
430 1373
640 862
1682 1646
489 453
1580 1705
1733 218
991 613
1265 416
1256 1344
275 1186
1048 1051
55 1104
1272 1540
951 1017
1575 193
302 1314
1372 620
1675 1509
148 1513
1157 759
1081 540
1378 861
955 381
944 533
32 1057
203 674
99 672
1170 1739
1204 992
1453 772
552 1013
222 449
35 643
444 1580
289 1538
423 748
927 1611
15 393
1391 248
818 1408
1342 151
1101 40
465 1085
839 1116
396 735
1529 309
898 73
814 1449
1488 366
93 1121
275 1128
1662 655
493 176
1013 581
285 1426
98 1333
1011 432
1368 379
799 1405
971 1670
404 1661
1550 1521
486 212
1083 1496
569 60
1082 1729
620 1101
1540 645
1379 1110
610 346
620 1485
1579 580
1485 377
480 391
661 341
1392 37
673 1258
832 1687
993 1027
1491 475
1145 257
758 997
1603 744
1490 1577
755 353
1629 375
1065 1558
1206 530
814 282
1413 1665
1551 1037
1470 1464
147 786
1137 527
551 1329
527 1201
1030 637
698 1130
1730 1658
291 1021
1033 38
1424 725
1193 226
404 1022
254 176
1134 321
1118 255
764 351
548 1242
445 200
1631 805
142 1195
26 665
1241 595
350 1122
135 793
554 1588
473 542
834 359
560 1002
1259 1342
1206 567
881 1239
923 1009
1173 709
20 1665
545 487
812 1540
1087 1538
1705 1352
387 301
1659 1011
1225 211
1334 1056
923 954
1419 95
1605 1035
951 1143
771 1581
653 570
1221 1439
1359 1183
1002 350
740 1006
1712 1158
1017 885
1732 279
1718 1564
1701 1125
1027 319
936 1589
1366 1088
483 40
850 1543
1708 1642
1416 927
964 1548
1037 921
1030 1725
8 482
324 267
1733 89
1504 1618
589 28
1239 1727
623 34
1616 685
977 53
339 600
812 678
930 1523
134 340
1714 60
1578 184
1019 770
1547 176
1046 899
268 556
964 1303
1021 1489
1186 216
147 402
1042 1716
1453 916
676 196
1634 59
1310 1146
1457 74
1693 996
1260 767
13 138
775 1455
994 20
1535 318
58 1395
826 56
1295 169
36 171
147 218
1564 1395
767 1328
71 1439
81 1237
957 682
606 744
800 193
1266 1283
665 1475
1544 787
1090 1201
1472 115
69 100
1571 383
1396 1223
583 977
204 1275
776 201
1084 1525
716 634
1130 1460
536 1011
119 363
1092 65
255 594
1669 1735
866 329
77 234
1345 460
865 774
161 879
1643 1671
1103 680
1612 436
650 1144
1048 200
243 809
375 1465
859 844
1602 773
91 1265
318 846
1732 751
646 1422
1467 770
306 241
1467 959
710 761
800 1492
980 1253
826 1623
919 242
1107 845
357 695
1183 378
1162 179
1211 487
238 1554
30 1146
522 31
984 94
821 584
1020 1692
1289 749
30 1678
1638 1590
743 468
281 485
52 164
1275 1144
639 1083
614 767
1397 1000
1443 1400
534 779
1597 1513
276 786
629 39
817 1185
500 287
759 795
1665 654
283 1627
155 521
420 1698
1036 947
952 901
782 834
128 1560
114 1514
1334 968
1046 134
998 260
1543 990
862 1491
207 1327
1573 208
413 376
1599 832
1332 319
746 1126
470 621
1676 1663
796 204
994 540
792 1563
941 890
1526 1568
915 800
1472 1284
596 915
1371 924
868 1388
701 351
702 1067
686 359
175 328
1398 559
1023 529
1640 1376
1692 647
195 723
944 158
1608 893
1232 1198
1338 1231
1250 1226
1262 1588
1329 1735
1652 1528
283 131
1475 292
1597 1651
740 259
1733 94
1345 1520
958 286
650 399
1574 680
1189 572
532 1646
927 812
867 393
115 650
1744 259
226 707
567 1663
636 1476
1634 1622
575 1139
1741 81
124 107
617 1416
1161 986
773 270
1405 354
1589 920
1660 1024
1569 379
1281 680
1070 99
1099 716
966 1722
1295 1146
374 1144
1049 1248
1366 308
846 1019
573 1698
69 104
907 332
224 766
1253 1648
287 104
604 591
1262 1745
1033 525
953 361
184 739
1098 1636
882 1236
908 685
1065 840
801 1706
502 1249
1151 1697
279 900
1440 688
3 1072
254 839
1235 1283
714 267
1491 943
1380 1010
152 1392
728 1462
491 1375
885 1332
110 1170
1721 1310
489 221
246 165
651 104
520 61
653 1032
1471 1300
1742 691
1444 1615
1120 1739
1062 1351
892 920
1480 498
945 317
204 816
374 157
886 351
1733 310
1616 57
208 520
1316 938
1453 1483
641 427
546 1617
297 1652
1552 1190
1618 860
1453 1298
1286 583
1494 2
478 435
330 301
807 1696
1112 1550
837 220
1039 1040
981 992
814 266
1592 594
973 1438
1187 57
53 76
764 682
1125 648
890 669
516 1501
953 685
659 858
853 138
1559 568
1072 1231
496 969
734 1696
627 1544
179 835
1088 475
85 968
25 28
11 297
689 392
1683 380
1461 1707
91 1726
434 1674
847 955
1389 966
1051 365
5 1548
1485 453
1578 208
595 1234
589 1411
1468 151
1314 978
978 1285
1316 1323
527 1316
838 820
1239 1301
1686 385
52 1342
1473 1137
1129 620
859 725
834 1716
1738 132
694 1095
1252 166
1114 688
1725 447
489 242
1366 578
1597 560
346 1118
1189 98
1135 948
1213 1074
726 951
76 186
1493 1418
115 122
788 217
1544 864
333 1107
1334 635
1098 725
792 1337
895 255
1559 179
519 1145
1310 1404
884 1000
1168 476
1297 234
542 996
743 879
1641 903
1059 150
1114 1269
1317 1664
942 47
1155 1063
702 23
1650 757
1315 1369
1498 778
1384 755
335 1011
1505 490
1406 1517
1329 1212
230 1145
955 1293
1227 1360
329 779
790 557
132 1457
626 1247
308 465
1144 1640
1413 1241
659 170
1571 482
199 881
819 1046
1519 1653
1430 437
1339 1081
1616 1212
1731 638
537 552
1097 1215
798 364
231 32
424 1167
1060 772
800 907
1028 1643
613 1166
1271 986
1460 1573
1123 1619
270 641
407 45
869 312
713 513
847 345
962 1217
24 530
1680 1306
1559 857
288 45
280 1360
964 897
1080 510
762 67
412 405
26 179
339 946
824 234
1197 369
1292 363
660 619
650 1227
959 1196
1140 832
467 959
1077 1021
503 28
1741 116
1137 210
291 1676
1217 1203
1613 667
273 1716
627 1106
874 1663
367 158
1446 757
1556 110
1222 473
112 1388
1696 1713
933 1225
608 457
1144 1445
783 1580
178 105
1511 923
599 98
968 573
219 355
1157 585
1506 643
1345 1178
285 890
867 1290
565 800
1581 895
1480 1729
1380 322
839 230
1090 834
1650 35
1271 731
1476 848
1625 39
105 1493
253 712
385 1714
1007 8
1025 1489
881 1342
1543 690
1470 1658
1576 571
636 1661
1210 950
1635 431
377 1305
242 813
78 557
237 1659
1401 1468
1619 420
840 1539
288 1035
1080 679
1079 360
348 806
712 1733
1186 491
249 353
7 1581
1213 1170
752 65
170 732
779 391
1015 1741
630 1720
1070 1425
1189 80
423 1086
931 711
1248 1557
609 937
792 1463
179 936
1665 106
281 843
779 1399
69 1535
1442 288
331 1687
459 234
1194 417
1424 1235
795 184
265 1637
1449 1292
1172 1236
868 18
1429 924
1503 1286
1035 1142
1589 927
250 59
537 725
65 499
1100 1620
1317 261
1245 497
582 1003
746 399
1439 359
500 972
1038 819
745 176
1220 1598
973 1261
854 1391
1207 1625
1421 1064
1632 1707
295 1072
545 788
958 1095
685 1221
846 1701
1498 1639
1071 358
283 182
1610 1697
323 478
1425 633
1161 1484
1696 93
843 298
83 1476
1142 1559
869 1
744 53
625 801
82 1390
839 30
426 712
207 721
595 225
1581 670
586 1681
1456 1268
1401 686
1004 697
538 1579
803 280
1048 546
1619 1525
1696 514
22 79
159 757
723 685
174 1209
1329 538
1315 1202
1274 722
339 1702
37 1101
493 1520
1357 1339
1285 843
265 175
190 116
887 197
56 896
1455 777
1696 1463
1239 1287
1187 507
1660 751
1264 897
1664 862
435 790
1250 717
702 1547
1025 1341
1531 196
330 880
196 1400
160 1077
649 607
1580 919
614 1731
942 1101
635 1195
797 237
1404 156
1708 543
625 797
1440 438
1393 1523
378 1066
1562 450
1253 1382
1662 404
1221 1743
1312 1526
471 714
409 282
1548 1046
585 1020
1577 1544
1026 1190
821 1402
1480 872
1281 1316
1025 175
1638 1340
388 782
962 1566
1603 1463
1527 1690
545 636
417 1429
464 1705
378 1029
0 236
1354 126
1034 1076
1197 1086
1722 571
1234 1153
616 632
1259 328
1613 1054
661 1455
176 980
1226 1144
838 827
1337 271
1115 437
1566 113
1497 1197
1106 1464
1090 215
128 1186
1707 735
105 1147
122 722
1178 1407
41 134
1162 69
1450 1075
1370 370
145 1431
168 1176
1579 992
1270 1726
1557 690
702 1294
1550 830
1179 675
512 438
1197 113
1138 67
1123 282
571 421
292 1686
1391 190
426 706
1609 623
674 1594
1115 19
1000 1045
1300 1491
784 848
780 1006
633 990
1478 1362
815 744
742 715
841 214
1313 486
351 1023
48 1064
1307 779
1699 780
692 14
570 228
1 1100
592 738
220 1612
1228 94
351 241
935 260
287 1026
123 1202
316 1365
1102 85
345 9
1651 676
1407 317
1495 1338
1385 1486
193 1535
681 507
556 1341
600 954
106 282
61 658
1329 1744
650 1049
234 579
506 961
688 887
1277 566
730 872
1579 100
220 1741
1379 1642
512 1730
877 830
775 814
1318 1644
1112 1616
873 1013
156 737
1194 1405
1694 483
174 1424
1467 266
127 741
848 1713
1699 485
1073 1335
533 519
243 1057
514 1593
241 627
1053 365
102 271
110 1010
333 305
1024 1663
683 1741
113 177
934 1404
1401 1334
1209 1124
248 858
346 446
526 1519
11 1535
776 1445
1332 639
1531 451
335 1490
194 1231
697 1016
1317 1207
596 924
388 1437
1710 603
889 388
518 100
269 1710
1392 1712
1110 214
1275 1714
1592 921
1084 259
1174 702
1292 1718
969 1236
1634 651
1445 56
942 1701
986 956
1657 1063
1305 775
1442 549
1367 894
751 174
603 1082
1083 1630
1255 273
722 1124
526 242
1465 770
1503 103
712 147
845 524
21 663
950 58
1096 891
1344 1281
1283 465
914 1706
1308 336
929 1171
1607 868
136 742
289 578
133 38
770 1552
1410 426
652 1339
1634 680
382 1572
915 1308
939 872
1370 745
1368 1578
1351 1107
1327 660
371 1478
1131 316
1243 1134
75 1260
1461 1202
711 1573
969 746
1714 1268
196 1589
1045 1736
498 473
27 878
1363 628
727 489
772 273
522 646
548 1035
811 1012
37 1027
1629 200
1671 230
1088 507
1474 1721
560 1711
1690 516
763 817
774 827
229 285
372 1178
1580 1711
113 1091
413 840
1000 467
628 1507
1717 76
759 910
855 327
1057 1132
476 1049
893 152
1685 362
1514 908
834 1523
1095 1208
698 1661
890 735
255 816
936 1566
1613 1507
1669 1031
1056 1701
1482 56
1325 359
225 250
1203 93
1069 887
1591 901
1156 1663
1188 1157
1601 375
989 1308
1599 908
1095 1639
1361 1340
525 1051
1247 757
1375 264
1651 812
950 818
1472 95
820 1018
1425 359
316 1109
166 667
402 379
179 1104
1558 1262
1310 1534
335 1046
1022 1449
1074 849
960 1397
113 871
92 306
1703 1204
684 535
1051 1158
576 712
239 58
1591 406
977 795
312 791
140 1357
1117 708
66 1021
1542 403
932 973
1687 1253
738 1445
1077 999
484 23
972 699
1426 1619
1687 1199
714 1621
963 1054
236 1455
891 1619
1173 1527
485 1307
377 1144
828 30
1509 1664
858 694
281 234
1121 101
1385 1653
271 13
414 476
654 529
1072 1115
514 1445
1400 774
1011 1594
1537 1234
816 949
1095 1121
286 611
1146 1332
262 1584
1065 1500
1737 136
1686 1546
257 394
94 650
987 451
1378 892
16 1126
524 203
1271 354
1665 395
351 1655
1448 770
883 446
520 994
242 1267
263 553
171 967
475 648
1513 1386
1541 110
487 977
1298 30
393 1315
1000 1454
269 434
207 407
1523 117
1703 873
492 797
1734 1222
1597 1153
884 325
1098 584
489 13
1532 526
1663 580
562 1385
490 644
665 860
1368 794
1709 53
570 1383
912 1520
1593 1400
1612 607
415 1018
72 1482
536 1081
896 654
635 1420
540 865
1206 156
296 134
648 238
1439 1326
1071 535
707 1637
1245 1671
1560 654
1211 464
915 130
1705 82
1351 1534
729 951
1589 1733
706 880
902 1603
369 204
1126 1288
814 37
262 434
664 1404
363 1739
1676 1551
876 914
635 395
1261 749
1081 1571
1665 1272
475 1002
475 384
1281 1712
1010 688
460 1491
923 1651
574 808
509 265
954 151
1589 660
78 1399
39 330
1556 1215
611 350
741 1620
1388 940
836 952
1551 1688
674 1431
1154 474
429 1387
932 287
1513 225
213 14
871 1172
1229 241
1538 1383
478 1210
698 1073
998 1456
1476 486
1672 995
1495 386
1544 1058
958 1596
1736 752
1175 749
234 931
1354 1296
558 1380
1343 1615
1326 1614
1515 908
1212 213
898 827
1346 1001
298 237
743 1642
1329 546
1191 29
111 572
1705 447
98 1729
1225 674
753 945
136 1724
316 1677
21 1694
1407 1549
641 629
140 244
477 85
151 1042
1514 1464
166 23
640 1026
241 1050
445 261
1645 758
1041 44
618 1116
1701 1008
1496 328
460 1389
502 920
812 699
731 941
1660 469
1633 767
1163 600
1253 1447
1373 1085
811 1485
1372 915
111 721
1510 1422
276 1102
476 1312
268 175
626 887
1184 997
1503 521
1716 104
551 250
1685 1723
555 1377
1719 1676
1054 384
1174 1464
966 395
546 434
1407 1708
970 1530
1057 463
58 253
1483 1141
277 133
1068 1299
220 601
1057 350
1226 767
635 1421
474 511
695 1358
85 1223
1298 1486
1496 366
62 797
321 1550
59 1432
492 637
1532 706
809 590
1503 1125
1230 1412
1666 478
1287 1613
748 1344
863 1161
402 1357
840 281
1499 37
1565 339
1733 653
120 1111
750 396
1528 1516
513 161
382 1274
605 1394
1093 231
1085 871
1370 847
1462 1728
49 1069
893 20
1097 884
22 966
163 255
1472 1514
208 527
254 187
1259 88
1009 739
170 534
286 1634
77 197
894 1027
702 449
1549 1519
263 1453
1630 48
685 1199
892 1613
1052 129
955 559
936 931
925 1607
1388 578
192 1064
1010 912
569 1044
663 103
999 972
1248 205
484 1608
532 185
987 388
1351 475
563 1735
28 702
1484 219
1221 63
9 100
613 900
1706 583
214 697
1558 1045
1204 1640
417 1364
1332 663
1407 384
498 95
1584 196
442 1646
1737 72
1126 82
79 1608
492 1424
171 878
893 600
444 1390
49 1688
22 1324
1365 92
957 954
783 150
237 737
1307 1388
994 724
197 1482
1250 727
1408 1430
586 1050
805 1211
1741 313
755 499
142 5
728 1657
1584 205
244 167
1221 1109
1312 1287
425 103
1049 761
1398 205
60 86
1287 816
461 1551
1586 190
1222 1727
49 620
1510 1208
68 1119
865 365
46 1734
276 1657
494 234
100 580
894 708
1494 189
1539 1011
1135 536
533 123
598 1416
1053 1738
1584 45
808 822
236 1554
1093 599
1714 1073
846 119
76 697
265 156
83 877
1254 1725
205 617
803 422
409 1701
1403 474
176 524
991 747
793 167
138 143
1105 979
1275 967
556 1670
927 504
911 788
769 595
1153 772
45 1569
1600 545
1214 895
1352 745
328 1357
274 282
1086 1009
1654 380
109 1
789 391
868 1088
399 285
1386 848
1506 517
1211 228
436 430
1551 1250
1278 459
40 762
1420 1492
1123 293
1175 342
395 631
775 1298
405 1073
1050 1743
1114 1483
581 1397
1387 1152
610 1633
12 1163
1364 96
1572 1346
95 27
30 1088
318 592
1601 1135
79 689
2 559
1551 1732
1056 1030
1340 1153
166 56
169 1465
380 1528
1442 1273
1020 1472
1080 860
887 1540
460 681
168 271
1170 1223
464 1660
1509 149
378 799
412 47
1248 131
260 1038
487 378
1426 326
1275 800
1229 232
420 895
752 1038
1079 325
346 1607
1090 460
472 195
357 1309
1458 958
337 497
1146 1454
1696 1744
419 407
1467 731
732 68
291 179
1627 1347
610 249
898 687
298 478
1001 116
869 466
65 1429
749 1349
250 1345
139 1167
352 454
644 1240
935 122
1220 1332
1183 314
942 52
701 1012
484 1660
1740 155
1425 1137
571 1143
1338 582
1484 1733
222 844
1417 790
584 1012
1314 391
1740 1562
1317 825
808 433
1138 1162
330 1470
1070 793
749 1701
259 450
316 797
482 471
1539 108
205 1013
350 701
304 1149
388 1538
464 277
1441 1038
1711 308
468 903
788 769
443 1365
636 637
273 627
79 1526
185 1484
744 671
1706 58
1526 831
384 750
307 1374
952 1117
1336 680
380 1736
405 1444
320 105
858 862
150 741
1319 623
646 1102
1066 439
141 1704
826 1615
703 1695
868 436
1018 1629
782 1583
1008 184
1685 541
392 153
661 1324
1274 899
1443 157
112 603
1531 164
554 1430
723 1157
965 1311
813 1226
652 844
1562 158
1715 689
500 1031
368 25
934 366
579 1665
1556 635
450 1365
1714 793
774 1035
994 897
117 1487
1101 638
1066 547
1163 691
831 1725
97 982
461 223
933 1465
685 860
1024 1256
202 919
207 702
1450 308
714 1739
247 1653
1587 1632
270 1391
610 960
34 1005
1181 708
1124 495
1290 1140
1250 102
1521 1132
379 1565
937 859
1183 818
1464 1430
88 117
1243 1696
933 592
900 1123
732 138
67 512
1487 1259
1297 1112
1188 743
364 1344
396 34
418 1233
761 1512
1456 1171
160 1627
602 362
432 611
888 514
68 805
1509 540
1057 1335
429 1024
1287 37
1416 938
1048 1295
264 787
1099 105
1296 1483
929 311
101 1663
694 1531
949 404
1623 1363
1344 914
852 591
20 1639
441 1009
437 111
1555 1243
1673 1057
1029 1531
459 1237
1307 778
868 547
43 1686
1181 1503
664 1535
728 670
1689 345
358 534
135 796
800 1047
763 358
1492 1576
696 315
496 45
1221 228
805 399
546 937
868 660
1608 1414
794 989
655 799
1481 306
1631 332
144 1399
87 447
456 452
911 450
1370 271
1523 617
1319 1652
1296 695
96 562
630 925
840 687
776 37
830 142
208 1451
1334 1662
1543 1016
1497 1644
497 1051
642 337
1600 675
135 979
1691 1740
1626 1164
330 620
959 1186
1279 1312
806 249
644 1021
985 1088
1373 1225
1197 1074
1622 231
624 1127
1118 273
19 496
1032 480
1372 532
352 1466
163 1722
1066 85
1191 1631
1594 1322
540 1686
199 1635
941 1326
1656 22
489 1405
653 1642
1391 1504
102 327
1082 1455
1260 1031
948 1173
1220 1413
14 1282
718 666
783 315
614 1242
1187 592
261 94
1116 442
327 1555
249 1504
277 1447
702 1394
661 1133
1040 1318
888 1006
1182 213
864 1732
602 1519
1385 1137
1166 840
669 809
1168 1682
621 63
183 79
160 201
548 177
1714 242
1435 655
1395 1696
1251 1653
1519 592
1606 546
1327 1503
81 654
779 1526
228 1608
1647 1190
737 3
199 354
1112 816
845 48
608 730
291 1382
932 1168
1159 766
624 542
1076 156
604 102
988 268
375 935
1321 1080
964 887
1729 420
1011 1189
1610 942
682 1144
1546 754
1316 47
143 248
1199 576
1218 1141
961 303
1273 1265
127 907
1505 1366
1376 929
631 460
200 1591
380 1351
445 97
459 790
1011 437
513 829
179 1243
124 1243
216 1736
1084 1264
1188 1212
437 1727
1007 391
1385 167
466 1482
94 1083
716 369
1209 994
113 298
813 149
665 817
1711 1196
1669 1721
895 658
153 1725
1519 1410
1158 1646
1635 64
1550 1623
1710 1345
30 1088
197 1124
722 159
725 1511
1598 1375
1236 556
133 1704
644 481
905 318
1590 1412
1258 992
496 325
141 1437
411 923
1366 1577
897 1327
234 1713
541 542
468 1720
169 846
1731 1256
1072 1355
330 1385
1661 1472
97 1249
134 1242
390 594
1012 128
584 756
1423 772
738 274
946 157
1032 1726
1357 1695
1332 1368
1643 132
6 210
419 286
964 87
1528 681
1552 123
1529 1155
1400 1690
1386 95
1527 1700
1259 1650
383 1638
677 1666
1258 1168
975 668
1482 1037
1330 750
1026 601
476 45
179 1547
1298 994
981 399
1712 202
335 1245
1614 1312
1161 579
1663 1245
602 399
519 1142
1015 455
459 1731
926 1304
1155 856
1419 481
1285 472
880 653
666 646
1294 1641
774 648
1046 218
1672 264
773 414
915 147
217 636
488 878
970 1587
446 1030
476 1545
1095 422
1334 1689
56 306
792 346
420 1275
1479 170
457 346
1242 324
53 380
968 698
1023 293
245 391
525 564
1263 1490
232 302
1718 1501
1191 289
1532 1007
1658 1447
75 558
1272 745
554 298
279 145
829 1012
1197 200
653 1693
319 1607
1173 161
1332 166
457 836
374 1531
1657 1306
716 58
1293 789
406 517
1656 1707
752 72
351 1448
1107 510
131 499
1720 772
1421 1697
992 977
1149 1351
1287 908
444 454
91 824
792 1139
1373 1477
1405 600
1386 1308
1650 1464
1492 1670
1000 229
1030 1727
915 763
388 942
1008 1671
1503 331
159 959
490 367
1015 121
333 1410
561 1333
1645 951
1068 697
1043 1150
1064 683
1284 1565
1736 765
1307 1159
530 249
1346 1411
1179 312
1494 368
281 1340
1354 175
1048 1653
1412 764
788 103
495 613
206 984
1069 1408
656 487
1048 1479
1558 1651
1408 1203
230 554
452 1459
499 1657
587 1382
755 342
437 177
1687 1249
463 218
1041 1093
309 1609
1222 922
1647 67
427 1731
1076 1595
727 607
1306 1143
1154 1010
278 1223
948 1443
1722 1541
659 490
1649 1571
1310 1478
429 1031
235 1282
811 544
406 516
1035 737
1413 743
1407 1060
1142 231
122 119
245 481
213 837
1137 1153
1085 1207
447 1677
1374 327
427 748
952 1539
1616 163
859 944
214 1303
612 1062
493 56
665 153
224 385
1730 1196
1689 331
172 848
1537 1545
1488 309
113 213
1306 89
1072 167
1166 205
1188 706
1216 1711
1017 1539
243 877
1389 1059
1582 709
1506 1311
502 471
223 1145
636 368
947 731
1192 511
191 230
131 934
1715 950
161 1259
37 607
269 1482
93 1025
836 863
1225 1093
565 396
757 450
186 1327
698 1460
1078 1453
14 1422
1167 44
705 174
1242 1329
1004 486
498 910
1305 895
738 342
351 899
205 782
864 400
1422 1007
1122 937
1598 976
94 386
1226 1297
623 1114
594 12
155 1614
714 1295
1180 619
1199 658
224 692
423 473
0 442
1263 1536
117 1078
469 831
1606 972
1321 430
1204 1088
1376 1723
990 1120
1333 741
194 919
702 1295
419 430
100 104
926 546
1311 419
301 1637
1739 966
366 466
1139 162
1232 1191
1551 458
1213 1596
997 810
530 1134
567 1525
801 538
940 569
815 1087
562 1122
1203 491
347 422
1275 1049
740 10
537 1421
1056 1120
447 989
1146 370
923 897
816 1064
866 656
1689 43
802 835
848 486
1585 1162
1636 886
1283 1070
1186 1577
102 139
742 254
1236 1333
39 1148
409 1030
1097 689
960 702
820 535
480 418
1148 155
1437 1329
1029 1013
84 514
45 665
640 589
1677 342
931 1269
1338 950
389 268
259 183
438 298
275 1010
990 473
1224 1168
481 1207
1189 1199
57 1196
416 36
844 1182
1521 210
1119 785
47 185
988 226
1086 201
569 689
1019 1117
810 406
1579 1170
655 1310
821 15
505 621
1688 749
364 1189
461 110
138 409
1272 520
359 976
1189 1088
61 264
438 1421
1391 1042
1322 1302
1476 1142
1411 201
1219 1036
473 1209
1338 173
625 1362
1290 709
734 259
183 446
1404 1535
15 96
1194 1592
403 396
452 349
1439 782
250 1073
100 948
338 703
256 1468
873 1003
1389 191
302 1145
1104 844
222 963
1651 1723
1416 827
847 460
689 202
1683 1329
1157 590
1455 366
1091 580
81 758
1557 687
1286 1119
769 108
569 1536
531 1338
1357 801
960 1516
1491 626
297 594
1312 1496
1199 740
1158 402
1308 170
1013 550
583 406
148 857
1385 924
1667 1431
0 1421
1445 191
1070 698
1263 1566
1227 1014
800 452
1415 264
1366 621
1712 1192
196 432
1228 375
1452 969
1682 1472
483 1687
296 1636
751 1133
1282 938
76 776
589 375
876 76
1238 756
192 1385
1237 695
1185 586
791 168
18 468
507 1276
112 609
1295 50
1095 1234
42 526
1424 1480
1115 26
1569 537
1459 1261
980 1396
210 441
1711 562
247 1445
726 55
1413 1093
1343 720
660 652
498 504
1156 895
1531 554
128 1735
658 1200
931 1175
1700 609
9 533
1130 593
954 1548
892 521
1457 592
549 1098
303 581
1125 1447
848 796
138 856
1483 1688
1431 122
1023 351
321 380
1073 220
1014 982
1075 843
1022 163
1734 882
431 1343
546 1405
384 265
1146 628
1039 691
682 161
741 921
1428 156
20 154
1308 497
755 1364
1341 1332
1705 480
284 1064
750 719
344 601
653 1330
86 1132
976 1575
940 22
599 597
1177 7
902 40
28 1155
824 761
104 866
100 756
779 668
682 704
599 1605
858 1475
128 1157
994 880
1709 61
505 329
1233 1663
1576 525
983 1658
795 1043
1450 1167
1258 251
773 658
1546 1251
1009 1440
94 145
1462 1362
1729 319
901 988
518 380
1691 541
1097 985
801 418
357 1441
600 841
1494 1166
452 499
1101 568
1543 738
406 1683
379 1679
202 892
244 78
142 1500
1403 562
1182 581
1366 1153
1419 523
1137 1549
17 849
234 620
1496 1271
45 980
511 781
1111 1214
1083 743
616 1628
1201 94
506 1585
836 388
585 451
1434 1674
800 1305
347 1183
1452 12
677 670
1259 1163
361 1321
1397 1137
563 827
690 1502
1322 379
1540 1589
1031 887
194 283
199 827
3 1677
811 465
1225 1307
1152 904
54 252
1357 1535
1450 912
207 104
1001 722
275 498
1700 1562
137 1195
226 237
1521 842
1180 450
970 1470
1144 291
783 738
130 140
756 1165
82 514
1079 777
798 285
1561 1374
421 350
1323 751
47 1008
258 1273
1718 1159
922 151
1085 885
629 763
112 647
1657 67
1181 1173
1275 1069
298 1068
101 1397
797 452
1121 1081
1338 1098
1319 934
273 756
1601 792
1298 301
65 574
1040 164
519 1089
1184 840
682 970
1438 1488
1253 633
363 881
652 738
1596 1184
742 745
1733 878
1506 60
1082 449
1144 1042
489 1063
71 38
1217 659
441 190
1422 1277
1002 434
1479 493
1485 56
101 1322
1310 1669
94 1722
1057 50
1311 762
742 210
114 713
558 1278
1014 363
1729 1249
959 1287
67 1356
629 654
275 1159
140 863
602 1142
938 782
1285 780
1022 151
126 1271
426 1573
1140 365
301 150
267 1738
1713 583
303 371
894 1063
1085 1508
997 1306
748 249
277 1565
1255 173
1285 1636
1157 1174
762 15
1195 1156
455 311
1743 789
1683 1586
1335 1389
71 238
971 905
480 1573
1226 728
1210 1230
1453 912
1406 725
1091 1121
879 245
183 639
278 1475
901 1228
218 184
1328 1149
739 185
1477 781
570 929
715 842
1029 1274
838 1718
1229 227
241 1675
1521 832
365 1062
989 1634
696 536
191 381
1711 1383
475 950
881 369
1212 472
188 1612
1191 1048
1577 112
802 1744
1211 1297
1556 1333
202 25
335 187
1101 1300
196 943
626 842
25 1706
634 1046
782 1565
1155 596
315 332
1494 1224
1437 1328
1718 48
1434 1342
36 463
1521 1522
406 359
161 287
920 197
385 28
795 205
64 379
174 469
1661 725
1066 1585
1674 1145
1725 1634
851 1035
1729 29
213 1171
165 1466
1335 1181
1532 378
1577 743
1345 694
727 1704
1247 1321
716 56
975 1064
455 1711
1141 1474
1514 99
733 258
1442 401
1427 1223
1663 713
1234 862
121 1646
1544 1548
1713 178
1272 0
1561 1697
1378 1650
918 1439
88 1435
594 957
1226 120
763 1177
154 1480
863 1670
509 105
177 881
308 279
269 544
363 1617
919 1465
1302 1639
1446 1693
22 396
1109 1049
444 917
1569 1371
1721 1079
1291 1455
1223 1530
868 1402
947 115
1041 753
464 591
593 384
802 1740
1425 776
1722 1684
850 1458
132 1263
1521 1359
1683 794
591 635
885 851
128 1379
580 1082
296 1191
163 410
1685 1494
1608 100
931 534
1706 173
1654 174
974 332
423 1249
85 179
397 1163
1670 50
302 231
603 420
402 36
747 648
1287 1562
58 1716
115 460
1525 1141
883 549
1558 1418
1731 1242
37 644
432 23
1037 1503
1672 279
8 1171
454 1465
435 538
581 1565
1069 502
133 460
128 256
67 466
561 964
1733 1534
1656 775
1390 1485
1547 818
1562 793
776 1179
1224 846
303 1221
98 1235
455 444
371 240
846 1435
1042 1352
1159 525
1040 128
727 390
859 702
181 869
1088 1483
615 1560
1262 495
1322 537
423 963
1202 1279
636 1390
255 1709
1082 625
337 1650
1399 232
1228 464
720 1463
758 947
1118 189
1504 1040
1071 480
564 1005
151 44
658 1620
1604 515
43 822
1125 1729
378 213
241 1433
751 21
1693 1083
839 908
314 1494
387 1092
1474 1134
482 363
1154 1738
732 1509
1518 1012
1323 1617
1547 526
643 130
931 1175
396 28
261 854
1071 1060
384 657
1181 94
1672 1500
840 39
490 84
823 486
937 1714
1299 732
442 967
1144 307
1385 771
1015 1681
1613 490
836 1717
638 1574
352 157
1090 248
214 149
1582 206
1664 404
631 1270
1413 1678
1526 512
1346 201
756 1696
102 769
228 343
1249 1711
785 396
12 1665
1674 1330
1046 325
1470 1322
442 803
372 382
548 523
1615 1248
1684 1441
805 1701
1375 589
1386 410
890 1268
440 1606
122 536
1146 779
124 878
1036 1310
514 288
1497 349
194 840
742 1179
393 585
1729 1219
1383 1198
1283 1735
728 875
1691 177
81 187
1293 749
625 1378
492 1059
713 804
612 658
253 1446
814 1450
1387 1718
1358 220
1011 406
447 1591
781 248
1054 805
1732 1309
363 754
1402 180
895 1599
250 1070
571 1388
991 116
216 1494
1198 128
1541 192
1578 1736
1625 886
1671 149
1295 397
812 1679
942 580
1115 919
1089 70
859 1359
174 1186
1694 1151
56 1425
967 1459
714 1269
1238 454
939 503
1009 898
1235 755
1057 183
860 94
700 816
281 569
590 147
87 253
279 1595
747 931
1156 463
163 368
801 327
893 224
912 1552
68 1278
835 1695
1050 1490
641 1544
1210 255
140 622
641 469
1042 250
44 969
89 1372
1197 250
43 143
1441 326
1162 573
712 461
92 1378
1405 295
543 1534
890 1491
448 296
150 478
285 515
1039 1217
455 1443
305 452
1095 386
1465 251
629 146
361 576
1054 837
288 955
458 1
1557 733
360 779
124 638
416 536
1173 1724
1371 46
917 1271
535 191
639 1641
724 1728
891 226
836 397
1179 460
803 490
1198 1574
403 1688
1235 405
1393 255
1603 78
208 453
218 1701
769 1
285 1098
993 192
938 536
1359 632
460 162
613 1307
1614 219
510 376
220 593
1346 1439
805 99
1271 439
1215 1443
1600 671
1315 1327
467 1663
27 609
1398 890
1090 1292
1111 271
1145 846
1141 940
1210 1284
1233 553
1046 447
1698 223
923 373
1335 687
302 1007
1208 265
1219 568
