50 1264
232 270
118 1250
600 527
1395 338
1292 267
1067 1066
1008 898
895 642
342 379
1694 574
1426 1200
242 1128
1330 893
892 216
28 767
1358 1468
470 357
1036 968
620 1092
75 1399
1172 436
780 647
330 1227
828 1153
126 1647
51 1261
1454 1521
208 1194
1383 1578
1629 795
1147 3
176 789
1561 877
1598 198
1390 975
240 1490
730 122
1236 456
1308 1347
35 828
957 454
295 573
534 306
1275 315
1339 1053
1078 1076
518 1551
481 1088
693 213
854 1488
1308 421
1029 681
63 1178
827 80
180 1718
5 1006
701 111
988 758
1089 128
302 1422
751 150
1441 1211
395 621
1472 1507
251 1722
561 143
1664 313
381 798
426 916
1330 195
1529 1131
221 864
1164 298
1165 665
148 1551
1271 178
1743 1128
1735 1547
573 556
1593 1045
703 849
244 756
389 213
1741 1161
1313 58
243 1017
1217 438
1712 459
379 1681
1666 541
130 1204
167 482
1196 792
516 586
1118 528
1337 1642
184 1324
415 1327
1084 557
881 1348
682 18
572 56
327 1608
1204 1468
1423 618
1110 780
1571 295
1553 1419
1392 874
452 1628
1617 361
1161 625
1173 1440
1719 595
118 483
1103 1604
198 315
14 867
1296 1289
1035 1311
967 978
1103 241
451 1612
693 287
979 1657
86 1656
1419 980
300 1552
1477 961
1218 218
398 1442
474 1417
182 762
1319 1073
551 108
1154 298
391 825
1248 913
828 34
38 1716
1632 1253
728 207
79 517
1041 735
1721 1341
1721 1123
1722 31
489 184
865 282
1591 330
189 1036
1490 1421
519 1604
1652 1693
22 861
1241 640
784 1358
453 1254
298 148
561 793
443 1202
776 1486
869 822
1696 1373
1731 240
763 305
824 1513
1074 1574
646 119
233 187
671 1263
520 1061
555 1
317 215
258 339
32 814
388 223
382 1723
1489 105
862 599
940 469
278 367
1496 995
192 969
1593 214
1283 334
1649 1621
518 810
1382 1645
1562 1149
1178 1035
590 42
997 412
92 869
1136 1104
1688 1411
1319 376
222 340
129 1435
1071 631
155 1720
1473 8
98 1222
1067 362
1485 1577
1008 1229
1273 98
1074 130
1591 983
1579 846
1438 122
1433 881
1266 1331
517 185
1306 1354
90 1478
1554 1416
713 674
342 1519
1290 1614
1336 602
328 1285
1429 1277
1600 891
610 274
642 1230
314 1003
1375 1636
731 262
1173 1702
751 321
1429 570
176 323
817 874
1115 83
620 294
315 488
1650 1042
70 687
293 1037
504 1728
1368 697
999 264
241 1000
894 754
792 324
374 274
268 415
1426 1407
1317 1697
305 500
1420 538
1704 1560
392 118
415 10
1475 768
1486 979
360 933
240 885
1646 333
103 149
448 1078
188 1147
465 1599
726 496
802 269
401 631
1088 118
330 314
97 1529
999 40
102 622
1017 1277
583 1432
433 130
1048 434
1241 403
1461 892
732 1275
1401 758
563 1598
518 394
353 536
1722 869
327 1361
1637 668
1563 1268
1033 1225
341 1246
1004 1641
1273 1435
1703 310
669 1632
229 1518
1315 457
434 830
952 520
546 82
671 1574
755 1299
745 1520
1532 460
388 1016
128 89
61 1440
133 1418
310 1647
362 812
1315 1130
1424 808
884 1705
769 1594
1485 592
893 1434
1313 146
463 1426
714 1367
549 468
1403 51
1503 90
1559 759
1241 116
1036 1073
71 1321
1183 1255
72 242
1712 696
1660 1572
954 1142
1312 405
775 254
489 1534
405 1642
600 587
1745 1051
1732 1689
399 437
380 1264
1233 370
1418 1090
140 1298
1301 441
1243 855
248 2
1510 1649
1321 1141
1532 970
427 1190
175 649
1306 908
46 846
152 1610
698 497
899 103
820 1458
407 1135
1430 202
429 134
6 1109
1459 1487
755 461
1427 1411
519 424
699 620
1676 1615
26 562
315 1463
1438 521
279 1000
138 824
446 509
317 1538
879 1325
631 1599
1641 1552
1245 552
468 1728
175 277
965 1165
300 741
904 10
587 785
131 38
1680 706
643 1635
153 849
247 1326
256 892
1243 428
1159 1698
1399 1419
1111 944
1658 1668
858 678
1519 208
1630 171
1375 350
1575 1698
802 461
854 890
910 697
872 1159
1630 269
855 554
318 1168
686 446
1263 657
462 1566
829 1142
1029 1293
130 1105
1235 491
741 423
1196 1264
674 634
191 159
1348 129
691 1030
1467 777
915 888
81 705
1255 1712
582 252
541 365
599 111
402 1655
1370 964
837 98
507 135
293 227
1623 1050
835 1091
1694 956
993 868
1602 1247
923 637
695 1163
1606 234
1685 1395
557 170
648 690
242 156
22 449
266 413
515 26
1656 1447
357 819
961 1121
631 458
772 459
1722 1630
761 715
314 678
1341 1483
309 1466
736 1138
1000 37
510 1238
1001 1394
1391 399
521 337
729 777
66 120
417 920
1085 357
808 1542
284 1452
18 1434
208 543
1721 1516
402 833
1618 943
904 1140
958 1199
810 1572
1124 1296
387 181
655 741
1416 1501
675 344
1671 1424
1730 1514
1319 1016
475 271
1556 224
115 969
1110 792
1504 1542
305 1430
428 1227
1318 165
1026 1640
861 115
616 599
1351 1084
1596 846
148 1441
1103 464
603 766
1359 1363
515 427
1688 469
635 428
352 1385
991 1475
1453 849
564 12
1537 17
266 1489
1248 480
879 843
666 130
311 722
611 520
726 882
760 523
650 1495
142 753
183 77
1286 384
373 600
1434 1016
739 662
1429 1430
1319 229
90 1676
1186 45
501 398
68 320
1735 1287
381 885
1111 1653
984 334
817 1293
1363 897
1066 569
760 602
1266 3
1239 1572
1541 1032
793 728
737 1246
751 726
1726 399
777 245
647 1694
1587 947
163 217
1512 915
847 210
747 1584
1293 1116
1701 465
1455 736
78 174
1007 1405
897 572
354 256
897 272
1628 1501
1066 1594
762 869
653 241
1165 488
1254 1225
464 1742
1087 1109
592 338
1270 1320
1389 807
432 295
902 288
76 832
566 180
713 1482
1709 1666
1067 1595
793 540
999 1516
1636 1369
852 1223
1710 74
392 745
1520 1400
707 1215
577 1412
1338 621
1420 1304
923 275
1572 328
962 280
821 141
545 177
970 418
1083 986
1079 1211
325 5
77 797
848 796
1696 1145
657 67
562 1538
346 1731
435 273
465 1695
533 926
766 1608
732 772
226 355
164 32
217 607
537 53
625 980
943 1269
985 1523
631 93
1578 1316
1049 1015
498 1140
172 582
1251 1420
87 1077
434 1017
1233 1625
700 248
659 1449
475 1139
283 530
193 158
540 1150
1362 1523
777 34
856 761
413 738
1308 366
15 790
183 54
112 640
929 1103
1169 883
1136 754
335 94
1013 151
315 111
496 624
350 1258
1497 1562
195 817
612 419
918 74
1168 228
1377 947
1137 1225
435 1066
990 1612
885 923
1172 1063
261 543
1686 1626
85 1113
1555 141
908 104
862 1162
1281 47
1568 164
931 243
392 700
1708 1381
829 1533
808 1247
48 1056
771 1600
1706 1252
836 1284
1076 1314
846 194
1219 573
1390 262
1217 1112
103 1007
1387 893
1009 134
1297 428
251 1010
121 155
1581 1039
489 128
1549 772
1172 797
980 1529
1677 158
688 342
824 800
332 530
1382 1049
1672 304
142 577
469 424
399 915
852 785
341 202
1443 294
1251 251
212 804
89 1342
1623 645
1475 1191
1662 809
1502 893
594 694
1643 822
737 1275
486 793
723 373
273 861
706 1034
1381 1724
1459 280
862 74
1404 867
170 828
556 1369
719 1200
1595 371
129 1681
1234 147
324 459
222 1160
232 1436
162 446
140 970
691 1526
1171 241
1124 1343
683 1131
948 93
1684 1240
815 1169
829 703
591 1515
1094 83
1314 1403
383 536
1371 115
36 713
1643 211
1226 1523
1086 1375
1222 497
1326 1460
164 826
125 626
1600 992
645 1735
893 436
415 1726
1442 114
834 487
778 21
407 941
293 9
1350 1439
644 1136
184 362
251 1557
1141 528
584 1459
169 1340
677 1443
220 472
993 677
1437 905
532 139
1635 1617
1143 287
1081 1181
808 803
1362 1361
662 454
670 1065
744 1668
667 1692
1634 381
1578 86
1413 25
907 1217
753 1173
1560 301
1342 666
747 947
1526 1239
1120 1566
725 1632
279 688
902 582
1370 1243
1293 601
1386 1194
1732 1174
1740 6
1228 427
537 62
426 1587
241 1728
311 1591
1476 1397
395 256
973 227
71 904
1337 1368
1422 1402
593 360
1445 1637
1129 295
1227 106
383 291
53 907
745 1605
203 484
315 1599
1554 814
770 950
1085 750
1071 897
1621 388
161 294
1718 1424
261 17
1228 1103
1114 359
1671 992
839 1158
242 1428
138 295
743 431
981 1695
95 158
640 480
1128 102
957 792
1596 231
1038 477
808 1634
1388 1541
115 875
120 139
845 1731
1409 1329
204 1207
565 1321
1604 1317
1309 1632
932 1434
1262 1025
1448 731
187 301
846 141
1744 215
1320 400
375 1499
847 616
1595 314
596 1578
1075 1336
1224 640
386 1539
75 673
99 1530
1727 1005
596 1396
1183 1168
1462 1714
1537 792
1057 153
183 175
508 1419
780 540
1410 877
39 828
1092 730
357 492
1184 549
341 317
1210 554
1240 627
572 1294
1616 933
927 1471
880 279
500 177
139 1418
1692 604
97 1327
981 1063
1361 526
1728 1240
1151 145
1666 394
516 1694
842 717
1570 1485
1067 1177
1499 1564
1220 513
313 377
197 1203
278 1489
930 553
1338 560
1194 1528
351 174
1452 531
1160 923
312 238
191 1225
768 141
1460 1679
1148 407
1351 1244
559 1391
1396 1309
934 977
592 436
1551 354
199 965
1536 557
241 485
200 825
315 691
638 1301
246 1580
1152 1612
1322 1038
1229 825
689 172
1515 1177
1111 704
843 1611
441 1055
718 759
1599 1124
563 1362
1423 962
1504 1049
1343 392
1595 1469
945 756
751 711
1041 565
1295 1067
306 316
898 801
1540 274
1127 434
1263 532
868 380
1500 1255
1450 855
276 1538
759 1425
471 1528
296 386
338 1035
354 331
179 1089
25 1594
12 1510
1501 530
1457 1184
926 2
1463 1234
466 857
1582 637
292 258
112 1558
1126 219
1267 361
191 1628
579 1031
473 1555
1120 852
1214 1285
687 986
1699 945
379 502
702 1512
703 121
1340 1083
1033 1356
231 508
1311 541
1217 66
1180 202
1100 1049
310 806
54 934
312 361
1156 1308
1151 319
1121 545
650 1030
307 675
1065 119
1103 667
1288 1545
1531 38
339 1589
455 592
1351 1484
266 66
1060 1484
921 851
1242 233
593 1217
1046 1125
47 862
78 1571
1533 575
480 82
728 481
434 626
441 1286
75 1017
462 52
362 1409
1305 1683
1226 644
485 199
608 1328
1674 1156
524 1057
231 1603
654 964
58 706
480 1643
557 876
306 242
140 478
1737 915
1147 894
1528 1244
1517 570
302 217
524 1170
1483 840
46 526
250 1120
988 470
641 164
1322 771
560 870
1695 203
1343 595
628 1032
153 1095
1247 547
881 748
1620 302
1623 247
492 371
1426 823
201 1543
1361 306
1216 354
1550 1650
118 1702
289 1334
485 1350
1272 1705
138 232
1567 431
1709 378
441 1202
96 1568
1458 158
250 1040
183 1216
1537 1236
1681 1427
1631 1660
109 915
910 430
693 515
280 1323
1138 86
945 1329
293 455
1134 1570
338 1453
373 1300
1673 1335
1140 478
1300 1165
1344 1468
183 837
1375 610
1131 1663
327 1708
812 551
799 66
589 911
573 82
997 770
114 1566
661 812
1188 403
463 1122
1320 755
514 1646
1331 1630
1652 910
1631 415
582 239
694 1619
261 693
136 908
670 883
1665 1731
349 460
210 639
450 706
1406 1603
951 522
1392 411
189 1349
140 1295
1719 1589
320 744
1243 1083
1246 1456
650 1156
634 1727
270 1332
1305 1075
49 495
1742 354
792 1738
366 506
599 181
1624 934
802 927
1120 708
825 302
446 425
773 500
1247 66
156 1108
573 983
823 1229
1311 552
195 1745
532 313
918 88
349 1481
1275 1533
530 1612
1686 1455
921 341
136 522
182 959
600 1679
673 40
1584 409
432 1066
1638 995
1676 1121
902 791
733 470
741 1552
334 920
418 579
626 915
1358 607
1741 721
950 475
694 99
1502 1158
449 45
1131 243
973 1170
1434 1287
1138 1386
1233 1443
947 183
107 1117
809 1485
871 952
1435 731
475 217
1400 1471
558 358
444 1251
1625 670
815 254
102 1156
1521 842
165 1112
1238 632
487 500
226 872
1132 1630
1440 632
647 1056
1415 991
521 681
1210 1497
1127 15
1246 1547
1408 526
1443 1614
440 365
137 1348
1126 1195
1299 1356
1738 327
1740 478
1427 261
862 124
763 294
1670 224
1484 60
1535 479
1404 888
1030 1303
401 1340
639 1184
562 963
192 1099
896 329
1000 868
1668 445
1231 1227
656 1052
415 1365
1391 725
446 157
1645 1519
1169 1130
176 886
1139 658
314 1015
727 136
1543 598
115 592
1102 618
755 516
1659 1284
287 836
116 225
682 1040
1361 720
399 1538
871 1640
111 329
1615 1235
1184 331
252 162
266 448
127 777
327 409
350 125
127 1734
1466 1104
71 968
982 796
1506 809
53 845
454 1303
887 1001
1725 598
1728 918
152 1052
1228 554
943 907
681 1382
1167 390
1206 1727
1720 698
1346 1298
6 1566
125 677
279 778
308 463
1318 1151
1500 1011
469 938
907 504
884 819
1309 840
162 1443
1135 1651
209 947
147 355
523 24
790 1526
1739 1246
995 869
1406 123
307 469
662 76
886 24
1540 876
1682 1427
1400 258
884 1608
886 104
1399 596
931 1235
1727 1455
945 857
1144 1031
1707 165
655 381
250 975
1690 729
866 1249
1555 723
549 655
1434 713
1137 1306
291 965
411 735
573 1275
665 1222
890 741
738 1014
1353 804
1734 1400
927 337
142 1128
980 1327
1137 1638
1170 1538
1547 379
350 891
1536 538
1527 1683
598 1110
1379 1550
494 1576
1085 64
1732 1013
964 1219
1390 180
321 777
1261 1259
107 1078
81 1742
1482 370
872 1571
1466 349
588 1430
313 216
868 746
717 273
1081 191
401 652
660 932
617 1234
1030 912
1371 1330
139 125
1649 756
860 398
773 665
45 1606
1055 180
3 358
1526 236
425 1601
1523 327
1708 1721
1050 899
1175 310
306 302
138 1336
1522 674
563 1355
35 1471
1696 1025
115 687
102 1330
452 1109
384 757
113 208
584 1674
614 570
96 201
302 1136
20 93
1693 880
305 1519
208 1510
399 367
1561 871
1161 556
976 98
92 83
373 1398
257 777
1492 956
1051 204
105 1575
279 901
747 289
1457 676
70 794
1089 557
1146 114
1602 429
412 523
305 922
761 696
43 691
740 173
1706 355
1510 880
1169 549
1257 379
79 1551
193 9
443 1180
344 11
593 506
974 1068
451 84
679 57
157 242
135 1641
1503 840
851 18
990 807
1414 989
837 1015
51 1278
1670 301
511 1124
291 396
426 1027
663 535
623 699
851 644
238 35
55 63
1035 1670
697 756
658 209
888 36
348 1049
1531 934
549 812
257 981
27 1029
485 1495
616 387
1005 1177
78 256
737 1485
236 1665
920 933
355 72
1399 1605
1191 925
1686 790
235 507
1119 959
231 1690
1085 935
749 1557
1572 623
401 874
1560 432
1313 128
60 228
702 1244
249 799
1288 1416
511 675
1137 309
1726 440
125 27
471 834
1144 1594
559 679
594 1109
174 618
954 715
939 876
973 126
749 780
322 168
851 915
1602 1227
1286 741
536 785
994 814
1443 1032
23 924
81 1241
1709 66
519 1110
1093 1260
596 1041
1340 562
322 830
1113 748
138 1735
1597 694
928 685
1672 1724
313 790
520 589
74 414
1565 789
1624 1089
411 923
264 1682
164 405
171 1546
1562 1604
1634 228
299 664
1214 1155
368 572
1337 646
208 1158
388 198
1508 1559
415 1612
474 1018
497 1424
753 926
831 156
933 1502
227 133
234 970
1275 1347
1064 739
1354 1024
1154 1371
1554 242
456 1666
663 309
1462 1654
701 236
1718 1742
579 1444
1061 740
514 641
463 1288
611 852
151 1023
359 1190
1634 562
1701 1590
1135 75
92 122
1346 191
1273 845
1278 748
279 1060
1606 329
424 975
1542 717
211 346
1221 850
525 1373
1337 1499
863 28
820 1081
272 14
3 1146
895 522
180 174
998 1337
1379 1403
1324 532
424 1342
1233 522
895 1333
190 1265
391 689
537 334
472 127
1365 1131
1134 631
1029 1047
294 20
1228 1574
1669 380
240 269
492 1117
445 319
777 1461
142 1133
724 729
688 932
1205 1086
1284 1670
1027 33
1534 1274
1304 409
1240 9
1269 823
935 1643
1513 857
601 1385
287 454
549 697
263 1199
90 1694
1191 815
713 1148
1737 1163
73 1372
12 211
483 394
1403 1268
379 1227
146 519
660 1288
240 948
1105 418
1517 181
760 1281
245 909
1211 1508
630 482
720 1732
638 1376
455 1123
1704 483
612 1015
1669 842
1318 404
1124 1183
914 1023
1210 944
862 76
989 1127
1275 869
1623 744
183 1103
1107 1200
1134 263
1302 948
117 1507
1200 379
1475 361
1173 227
468 213
919 219
1407 1613
532 120
1666 815
483 1411
1039 1115
356 461
1343 1347
1212 872
195 784
55 683
1506 1249
1607 1618
249 470
200 406
922 1011
563 711
887 1142
293 1461
481 1216
337 332
1640 1296
160 1425
1168 476
1663 1094
121 1433
367 231
352 1180
1468 858
1428 1635
257 1602
1255 907
1377 456
858 872
21 1186
224 1076
536 1358
1059 1405
948 1628
291 710
977 1286
1031 1179
275 219
213 611
351 1674
1540 247
103 1424
1710 1189
922 66
1712 1664
487 1742
6 57
927 1106
27 972
174 1045
1629 1071
304 24
662 933
692 1121
756 1590
1092 711
362 165
1195 16
962 271
292 1420
266 313
106 490
1189 282
1319 234
624 1399
1012 124
601 1636
1099 405
865 1513
749 973
638 30
128 764
861 851
967 1519
1129 327
1196 1060
1608 438
1437 1586
1296 1107
822 1271
633 945
1644 1479
1466 1527
1308 1425
913 580
1449 781
1530 357
1714 1604
962 355
964 1194
1110 1008
1134 1410
1526 1300
933 1420
1707 1274
645 1713
1574 1430
987 607
1329 186
181 742
1138 1172
1262 1546
1141 211
1553 14
608 1676
807 997
770 6
288 1553
1501 1416
728 1083
1341 1400
1253 1694
1445 55
1492 736
872 447
347 515
985 499
1294 1021
1528 1244
1068 548
717 1333
820 1020
849 385
975 1610
88 1171
10 760
451 1696
199 588
1606 737
1507 1424
1259 1040
1564 630
1233 1431
273 260
1233 121
118 207
130 1412
549 1593
1667 204
1556 1328
873 221
1731 1324
1081 1374
504 1692
1186 1139
214 1460
234 1095
300 1593
246 514
1595 95
1626 232
462 407
1377 447
377 322
163 6
11 1728
1484 810
698 1486
1643 1336
1641 1744
1446 1577
496 889
438 310
941 1686
1276 587
1490 274
449 1525
477 671
1598 492
385 118
1303 1274
477 628
1083 1328
1177 711
1539 22
278 1479
1544 663
891 1721
858 1022
124 1291
354 1700
103 1617
332 321
1227 1251
132 1271
1551 276
953 861
1225 450
1451 1618
1631 868
355 868
771 759
397 257
1214 699
1032 414
1493 107
542 1055
1694 675
1372 1720
220 1682
412 526
70 873
25 933
1539 72
408 556
1084 449
653 691
1072 1351
1388 1424
1316 1353
1531 163
855 1536
29 1719
267 1193
78 1725
1313 354
547 30
324 636
727 997
1100 785
304 455
763 1524
1432 989
1444 108
1571 821
850 1564
427 1450
1294 63
1519 730
422 536
316 282
1025 463
1633 5
1282 1260
1430 791
1035 442
1544 1655
406 952
276 574
1661 1486
1442 1115
1375 1358
302 200
1256 189
417 1116
1715 1636
412 854
1299 216
478 31
983 1529
1600 801
24 1496
794 1194
1649 527
1147 767
365 1631
994 646
1365 1055
1501 1464
993 752
1733 852
739 694
487 1101
1427 52
52 1713
408 929
665 814
338 1249
1452 751
429 134
1587 386
928 320
110 1479
521 784
652 1241
558 1189
69 1288
291 944
1639 322
717 1627
1675 1260
1403 191
962 173
588 1254
1261 1533
239 1556
1399 868
94 458
1312 906
1120 200
543 1100
817 177
1451 1083
116 885
1555 1119
1240 1252
859 870
902 1004
150 540
732 1492
1128 1708
285 1615
1150 1013
1114 1291
1633 752
631 78
616 1358
1670 106
88 440
485 1687
1005 264
869 666
592 1067
450 544
954 1710
137 1010
1079 493
1247 1466
596 540
1026 1070
224 822
614 154
239 945
840 1035
1216 373
784 1735
794 1170
710 815
435 1045
946 874
1430 1319
1072 672
842 122
96 1290
377 43
672 36
1095 527
886 680
379 1027
260 269
465 314
1569 1538
522 1410
1087 160
1159 142
515 1039
163 1188
733 1193
1437 1653
488 1522
1291 167
663 119
1512 1318
949 1718
59 1093
1634 468
188 1457
747 1414
1505 912
1597 903
1322 713
613 201
763 1704
778 362
1486 953
1508 84
1495 1654
576 475
1270 889
1224 700
1617 403
24 922
369 1553
339 1604
110 919
560 733
1553 1342
143 217
1308 756
298 649
749 1307
350 273
192 1044
1148 1190
1182 1577
1386 1414
1710 131
592 512
710 893
1003 249
1164 60
1455 859
1499 1127
713 1387
860 531
1646 963
903 107
1230 1611
1629 775
553 227
144 1529
186 993
349 1246
1384 913
1447 1020
315 134
1559 306
1114 240
644 1141
1347 146
184 1671
591 1732
878 545
156 283
281 1419
263 1263
726 1008
1497 800
1437 1101
467 534
204 1120
1364 1196
333 1151
1477 68
158 764
1295 1566
1625 1186
65 856
430 632
1551 1027
1625 820
130 1237
1687 868
3 729
1685 215
53 165
1601 57
893 739
97 390
216 1169
1519 1336
274 1245
582 1596
606 627
1332 35
1385 1419
42 503
1240 1286
1073 1373
1024 1561
55 1142
458 1489
111 208
864 983
646 405
1408 731
1183 1610
90 1213
36 897
1740 1233
536 178
1050 1167
1613 1412
1142 1366
1360 1074
1265 702
529 765
940 924
136 1406
121 1363
1744 1114
1011 296
1551 1173
273 372
436 223
1654 450
1016 583
556 1105
76 820
569 268
1395 1306
1659 1431
1165 263
541 939
1047 1090
1020 275
1052 119
1511 1705
752 894
72 1708
89 203
255 1603
1542 1547
90 1355
944 441
1720 878
405 923
609 652
127 219
587 1040
631 110
376 234
420 1601
616 1552
1413 584
967 901
462 1358
658 1705
438 222
1134 364
581 481
458 1371
1581 1617
167 211
1727 798
1008 1472
205 1737
597 879
1376 813
946 458
483 382
1012 557
857 1212
1179 524
1104 712
780 1361
1627 567
655 257
1725 1630
750 861
463 1310
427 778
1717 1501
491 40
294 292
1269 782
936 1423
1038 1451
974 1618
1240 1202
1 672
743 1032
30 259
265 971
1316 673
143 122
1179 1192
1209 1208
134 1143
1605 1021
830 1237
805 368
241 1105
139 427
463 741
9 995
1257 1291
1370 1147
1511 1688
217 40
1048 1663
255 1108
973 424
1537 39
1333 103
427 1015
1081 359
715 869
832 1306
581 978
1572 1465
1338 896
222 721
1264 1356
1639 1304
139 1102
1418 1157
771 1277
1097 7
1560 448
1709 1623
1567 29
1402 1188
409 417
307 1202
825 1317
1702 1570
687 167
1391 1324
455 449
824 551
1651 1139
701 1291
409 890
1070 1100
183 797
678 1284
1228 1206
448 1640
1303 479
276 331
827 1165
1527 1376
1323 275
620 1565
949 642
1123 1370
1427 1723
601 152
505 1515
613 1213
1130 1268
723 1266
182 225
1347 1558
502 1511
1493 1026
1074 956
63 148
1158 774
1509 374
1320 1331
1455 1066
586 288
1440 404
1284 1099
97 575
1228 1657
790 1730
145 858
795 1606
1296 128
1068 1062
1655 679
1091 415
252 1128
741 1665
1390 413
152 790
1727 872
348 1159
16 240
1608 572
1370 326
1211 606
917 1336
1609 112
1102 1481
1363 1122
420 530
1398 1289
488 1325
1183 851
1566 1131
1244 1250
891 645
1281 1381
182 1595
1708 834
321 1619
1709 1543
1025 1519
327 484
411 397
685 1366
651 890
690 1065
530 182
284 782
1002 986
1644 1124
309 444
204 1414
557 768
9 1607
1110 170
1018 329
1075 278
1601 110
98 507
1074 786
874 237
1703 1327
190 643
1648 546
1683 1214
627 172
828 49
811 84
1622 1207
1609 606
1356 161
329 350
494 335
1545 291
40 949
1591 1021
1453 1059
442 706
802 856
46 164
54 124
102 1048
1655 973
723 971
809 548
1336 1254
1362 1272
1616 1401
822 680
1430 1337
401 1366
326 1676
124 1338
1700 1566
1367 1389
1364 1591
513 1308
450 1357
239 1182
952 492
987 1291
1277 804
543 1555
584 946
295 1492
1698 1302
1047 200
141 96
37 860
923 1447
1445 1158
788 441
1572 1651
891 1063
1193 1345
1603 792
1200 938
32 940
325 591
793 1581
534 983
297 1322
332 782
857 1499
621 1103
1314 1707
1189 206
1574 1740
814 1114
428 1532
1466 1238
1257 1488
1039 591
1113 836
1176 783
756 1717
958 616
1520 908
613 1404
1693 834
678 588
371 125
1437 18
1027 2
1410 43
1207 150
1544 869
1166 195
1091 797
685 889
156 186
13 931
938 227
1575 349
1226 74
821 661
275 565
509 732
1504 1082
1671 520
942 853
372 1723
1471 1185
849 323
1032 713
727 125
512 1695
1477 1715
750 1360
1455 1595
768 873
1686 336
1236 1662
1018 29
315 1288
1622 468
1719 726
864 607
207 808
380 542
360 183
1292 457
329 249
1536 192
1736 376
901 699
1503 1076
1359 1523
1421 1487
172 427
1389 982
1728 1141
917 1027
417 1605
402 356
307 1267
414 391
276 1232
519 1513
979 1373
400 1589
258 379
402 1672
760 851
1233 872
1262 464
570 1665
674 1556
824 498
1727 1095
368 1204
194 77
1628 1666
618 1356
1480 453
1131 1177
913 615
834 47
1005 715
511 789
30 319
479 810
436 919
1282 1709
1057 482
799 707
1474 120
985 3
1326 843
530 776
326 433
706 931
813 290
94 328
667 598
789 50
243 1461
1368 1576
1603 1730
1118 28
1612 780
1302 439
215 533
229 1305
978 1686
879 782
718 1190
1296 611
403 439
851 1314
711 331
921 546
508 1626
477 370
170 393
1593 1335
453 1235
1207 1377
1109 1538
986 217
578 1337
440 1630
829 985
3 900
195 853
1335 1407
400 1492
1362 89
176 1158
1019 88
445 221
1131 767
144 250
860 1444
858 783
825 1679
1351 240
1456 1292
578 174
114 1369
253 1069
1217 193
758 242
727 1095
1495 1228
1435 381
151 1428
1020 673
410 934
63 1462
860 523
12 155
1532 1341
1178 1155
938 815
1191 1253
728 412
1072 233
965 465
523 1496
1560 1691
495 1152
773 1048
440 566
207 540
976 509
1323 744
412 877
1168 187
1635 43
682 1677
945 1115
3 1227
1655 1593
192 877
617 1182
99 345
704 334
15 187
291 1432
1316 445
1414 593
1637 1344
790 937
1082 1698
161 472
1218 428
860 837
1706 20
1400 96
1018 280
536 1458
848 882
1562 1477
1296 783
1506 140
1398 1164
248 144
15 1183
1298 18
276 841
854 1441
1457 316
966 1061
1136 1048
1444 1261
1740 1274
1228 401
276 854
706 1175
1490 694
492 541
1084 218
431 968
704 613
666 148
916 525
647 799
1240 1523
59 1665
709 129
660 540
1626 899
1527 1164
559 107
211 302
1111 491
1591 828
88 1103
895 315
202 608
339 967
318 1649
888 445
285 1645
1561 201
1717 991
897 733
781 1009
646 586
1042 264
925 35
1263 144
238 1712
363 1188
477 1158
1650 227
1135 242
494 7
1591 589
533 610
862 161
177 1018
470 1741
3 1222
1698 830
325 783
955 990
550 1664
1434 733
1584 382
637 816
376 1090
1305 949
695 1162
101 1558
325 988
1628 365
1286 240
892 1241
329 1706
286 487
1226 1188
1113 1207
992 1463
331 951
534 1515
199 494
0 716
1144 4
1075 403
889 837
1498 79
1268 806
96 1260
1273 1535
632 1494
1265 1315
812 842
409 1456
1296 467
159 701
613 1170
309 1418
1370 6
1282 1496
1457 1345
1054 1645
689 215
1138 147
771 597
1518 904
1313 937
19 547
635 896
1384 1448
295 1629
198 108
1295 85
1077 506
771 892
758 1554
196 853
1617 833
1531 117
1641 1493
526 429
1173 396
608 1013
1654 560
1209 1187
846 1604
257 1498
1238 1009
1513 1401
668 997
557 314
759 1377
778 1219
1475 379
1548 1446
48 1446
1530 1407
1301 264
94 360
382 160
379 1208
660 685
1152 309
1033 39
57 1118
1606 445
696 105
737 343
592 576
397 1038
1688 797
596 1586
1293 306
273 192
1460 1145
1154 1198
1300 1432
525 1106
1343 787
637 1423
108 1603
888 1384
300 471
1121 33
1697 1060
505 278
894 1454
1165 1480
972 1587
325 590
401 593
665 1014
422 937
719 86
1623 333
685 409
1484 1094
1383 1609
1366 1179
749 1365
1066 1293
1314 721
566 687
658 350
121 1686
364 1653
1119 1698
1098 273
601 1095
1051 334
1103 791
1611 667
82 79
183 635
808 1503
425 1227
863 367
422 495
1009 332
830 270
1557 1378
988 563
1737 1553
1010 804
1626 1331
900 391
853 186
1375 663
122 177
950 814
1273 1621
1129 1473
764 1635
1258 983
382 921
1309 916
1221 1057
640 1706
405 629
209 1447
265 1614
704 1141
647 1186
1655 551
484 422
905 1673
1524 627
922 352
1743 1046
1554 1430
160 62
268 1664
1359 1224
1047 895
687 1116
183 755
176 1502
1717 439
473 359
68 1720
1244 1413
940 1606
620 1569
786 157
422 278
1264 547
844 1584
174 713
1258 1330
394 1678
1065 1201
862 864
266 1696
1278 886
264 1647
1617 338
349 601
366 1718
290 1658
567 1252
994 735
971 968
1664 359
1653 929
748 790
389 1406
531 703
804 1419
1365 1183
464 1568
1148 1344
1263 142
746 599
1442 987
1415 435
1141 1345
1730 517
886 1200
1177 730
489 465
192 1349
397 634
1491 409
726 1189
1297 1488
1317 1548
486 374
1136 1442
747 106
626 1043
579 529
773 1125
1581 416
452 1194
1078 435
972 1385
1348 1305
676 279
236 9
332 1316
1270 556
629 1100
25 510
1505 250
515 1481
1416 395
337 1539
1039 1525
335 330
1077 1687
575 968
556 1392
344 1277
315 694
1402 1396
1368 994
623 242
561 1541
1370 392
238 1226
307 344
338 721
1701 487
485 1311
525 974
1508 982
907 814
1049 1131
659 526
884 1559
1362 3
1396 998
651 527
910 1085
765 226
663 754
1065 512
744 109
802 1103
1198 1235
1002 357
1709 21
1617 540
462 233
352 456
1632 1565
504 1350
1453 764
964 1697
541 1345
279 772
422 1408
596 1521
926 733
1330 803
1338 968
150 1646
992 1459
1731 1351
390 1240
116 547
1233 1650
1478 511
900 1696
351 1234
880 16
331 912
340 877
1615 727
579 1070
261 162
978 1032
1580 433
207 1545
1496 747
126 554
1525 809
945 675
291 394
1308 493
1098 537
1340 838
286 1378
544 1628
1643 1034
686 5
1486 456
1590 134
43 613
11 682
1720 1677
1528 1000
1440 10
416 685
1594 258
1681 1595
1689 529
1428 1058
1106 1386
506 1510
247 913
833 778
1205 1556
1235 1124
96 1254
274 1044
1013 614
914 1187
1486 803
1153 158
547 590
1381 1290
1401 106
862 205
815 51
410 848
428 724
549 655
424 289
1283 1534
710 775
1450 37
1260 990
693 1131
219 186
503 627
578 1141
1014 103
178 1348
317 826
600 1654
1478 1134
491 93
400 378
557 1275
325 210
1034 1002
1600 412
191 853
1684 1384
1325 958
995 239
1679 1084
630 1294
59 904
935 1071
1698 384
1336 1546
543 502
1240 1523
1533 1178
604 428
320 741
51 443
974 435
255 988
1150 34
579 1705
1589 147
1604 448
901 995
63 407
1119 275
900 393
423 1638
761 1490
1366 1137
31 791
784 1093
1270 538
1044 1213
1205 1494
822 431
1732 1008
916 1202
1047 695
575 1368
1199 1432
48 852
1224 1527
432 7
214 126
475 1349
536 586
460 1316
1613 116
532 857
6 1293
223 1642
1042 476
616 1551
1035 1160
538 1661
1438 1341
232 1444
1076 1176
764 1269
761 1716
1435 825
236 1053
282 640
1480 967
146 1680
1342 231
552 808
317 1656
1360 1304
1572 37
1627 1059
353 57
993 1150
214 1504
959 1526
454 1143
1153 854
1449 1436
1040 1243
419 1583
260 1679
252 1079
56 1690
923 0
346 1582
519 1547
700 421
32 1049
91 114
826 986
1374 234
1370 625
136 729
474 1451
1247 1737
916 1670
957 1608
79 406
362 1110
247 330
1195 406
936 1060
1320 763
152 324
1234 1671
216 1736
282 629
1185 1420
42 1253
1037 681
878 1669
1350 992
613 79
686 727
845 1290
1691 332
265 199
117 402
149 1522
6 1297
1000 243
692 831
815 934
544 1674
1238 904
1049 1376
1369 1638
796 1354
1730 1680
750 594
1506 58
1082 1680
255 983
1301 1555
121 409
201 17
1316 1304
880 137
1465 948
984 1209
589 1507
404 365
876 1213
1388 1399
414 622
455 1573
852 845
903 554
360 1156
982 1376
780 613
1470 405
1297 418
1544 1101
108 719
232 630
781 563
1375 832
1069 747
430 1529
971 1355
1530 899
29 1713
15 1502
1016 1007
833 881
556 1436
808 1334
393 853
37 889
354 572
9 34
460 1688
1430 624
694 1717
1230 853
1415 576
607 80
69 1235
1076 1002
609 1233
668 748
390 1712
1403 413
1115 410
294 1104
794 771
192 1740
138 583
782 852
1167 1502
1148 250
1279 280
451 927
1563 1088
616 395
399 549
601 200
1399 1473
982 80
1659 812
1413 1279
1085 1239
1535 1522
1693 455
1508 1634
1129 633
942 1692
1463 1586
1494 654
39 418
1700 768
1247 276
1081 636
1387 1581
455 162
103 1619
128 377
977 405
969 1418
373 58
610 1397
267 1602
1448 1573
937 346
651 558
1526 1413
1200 873
806 1278
1304 850
1319 1531
904 1396
290 886
1111 1127
61 597
780 90
205 58
1324 1266
388 637
892 839
1156 995
1618 559
1552 1722
1304 1729
1634 398
121 1291
1341 96
1030 1275
349 1324
105 1583
537 1401
1230 1139
83 1053
768 1528
1147 1213
1169 448
262 322
349 293
1549 227
1515 1270
243 616
608 177
1051 252
550 1328
528 36
1156 1221
396 373
413 574
1555 769
329 1216
555 768
317 959
175 1122
757 810
910 1234
312 577
1699 341
24 90
974 696
62 1162
1019 734
1444 1412
945 946
1306 324
1206 1353
1056 73
984 1054
237 1014
1436 1117
646 1084
115 601
1200 883
203 1651
61 1186
811 1196
1257 788
369 1665
685 1694
1492 66
101 610
1362 924
1358 1602
1171 1024
139 1316
1012 1444
1513 58
752 1630
1584 1069
442 929
1257 539
959 1374
156 268
75 504
1456 1370
696 580
1098 694
1087 737
1278 1355
817 1738
1403 354
713 1443
735 523
1720 966
1495 1111
190 1577
1371 507
888 207
1732 1102
1697 1474
184 58
175 1560
1596 712
444 1246
1370 1230
220 434
1430 1725
1017 1394
448 899
1454 1717
970 833
986 214
981 993
1173 1277
860 811
334 74
510 861
1104 273
564 1229
960 1565
1701 716
1357 1339
572 1160
1466 1404
638 1194
379 1424
1339 1021
279 384
806 876
712 1717
1664 1605
635 251
1355 1024
1145 185
1314 425
442 1407
1546 1061
1364 1518
22 1120
461 527
1192 1252
72 1494
1295 1238
793 1633
311 177
251 1508
893 1265
96 483
137 344
1021 40
1429 529
1217 1677
669 1330
24 1743
1361 81
799 949
433 1564
1022 725
270 1201
303 1057
1646 1332
1515 234
1539 950
998 475
1307 45
33 1449
396 459
833 674
315 1135
814 677
419 1552
559 614
197 1237
998 609
1455 845
440 1521
737 600
1511 1296
741 740
294 1460
1170 146
1221 1516
1342 16
759 745
142 1561
1505 421
61 1680
958 1075
425 1311
252 907
724 560
172 700
1025 1328
949 658
1452 283
1628 142
19 114
491 1108
1302 1580
1331 1101
966 466
201 1217
974 963
1032 106
1138 1679
789 1577
170 1256
1332 1733
1519 737
93 277
1722 1115
764 939
340 1362
1538 1573
747 539
351 619
1257 1503
206 499
27 945
1160 1558
534 359
684 1689
557 1491
460 1540
1588 446
465 796
1385 461
349 685
818 1324
1552 1112
1136 567
255 400
1509 823
653 454
826 48
993 1090
1294 1004
644 1338
136 866
1224 1231
19 46
647 815
1366 984
272 771
533 95
236 101
99 149
555 1409
387 1177
568 890
606 139
277 791
1188 11
228 1632
1689 1461
1609 131
1180 497
264 391
1152 30
1224 108
330 1723
1211 910
806 388
315 1102
1472 1381
1222 754
1106 436
1617 251
594 1181
1545 1155
914 1603
1479 1551
1699 303
875 148
1301 1110
857 20
1436 1235
897 1473
506 1662
1375 1035
1423 1386
1008 1744
1493 184
148 2
213 775
782 437
741 8
1072 1176
1027 105
865 1378
1526 585
1172 253
1743 1498
113 511
1561 1730
32 1048
479 1024
532 1690
1007 1189
791 1453
1300 409
1295 1362
1510 1048
283 550
184 1581
659 1240
866 1575
535 1569
1072 323
1040 1630
672 717
1035 399
1186 405
215 703
1681 1115
1084 166
1156 678
1222 1140
933 1248
1549 939
82 1369
1558 295
888 803
1044 945
321 1604
735 254
518 326
513 1594
602 1188
1577 841
636 147
1120 627
29 187
1731 482
1194 139
1669 970
814 671
1012 744
573 590
1066 105
1577 225
245 825
976 969
277 969
1125 678
1313 105
1334 246
465 204
1602 1296
609 1388
1006 583
189 68
1405 1297
1098 1353
1390 317
307 169
382 285
1622 231
105 45
401 1406
1434 913
254 1092
294 1003
1729 227
622 901
677 898
1115 1474
1522 1735
955 545
1697 723
1335 891
1074 123
1452 1115
1037 1301
249 392
1227 38
1165 776
1483 128
1449 776
152 245
833 471
735 87
836 917
1711 78
1616 908
281 1460
493 815
667 1488
1707 1379
1694 1291
52 79
444 942
1399 796
1654 390
766 1535
384 1691
94 63
1277 982
1374 557
20 562
1384 356
1539 1051
1168 170
265 1394
926 1117
1392 1339
719 1688
1734 1520
1259 522
1241 1379
474 1200
730 1665
1306 923
1435 1663
1145 445
121 906
898 1024
1352 1625
306 628
370 79
1200 646
1411 189
1035 741
455 232
589 1581
1221 73
1404 1129
1598 1042
1496 165
1434 924
1056 1367
1543 1405
1644 100
1396 671
585 1293
1248 234
761 1473
972 1
1603 1569
227 607
1111 299
982 1033
18 1234
464 1183
1626 1178
22 810
1504 1346
1395 83
477 1683
1125 969
424 471
449 1137
925 330
1175 593
709 660
1421 272
1427 797
559 365
1498 1549
486 766
810 878
1273 1549
1536 1721
241 1003
324 36
1012 766
600 509
127 566
328 1615
129 1657
38 244
419 1533
1176 82
294 519
64 534
107 278
1292 16
974 1742
1441 246
796 435
1339 1558
588 36
1047 927
311 456
875 46
497 1448
1169 48
856 885
370 1182
1456 838
1336 515
82 421
798 848
1596 1298
937 0
1073 541
815 542
1231 1704
1483 789
304 205
523 1524
1150 821
1711 779
1361 1110
482 1015
1681 713
996 1572
1542 1682
135 1657
740 158
1059 200
105 361
350 1596
1132 1347
850 821
1716 1607
520 723
1411 82
469 517
1238 882
1662 555
1485 1408
113 1268
1718 710
697 158
131 1151
514 642
275 1137
702 607
1342 98
115 1516
1663 613
392 1619
665 697
1628 1259
1126 1711
1014 620
571 1528
1225 339
1380 799
1139 1033
428 1665
952 984
1711 499
389 772
1124 1213
665 1424
1603 1501
1230 1257
485 1209
1282 212
358 483
1256 791
111 1092
911 1534
639 1
545 856
1074 701
1573 959
885 570
516 1167
1584 431
105 824
1037 1142
609 246
1381 1611
628 137
1651 516
738 1725
351 830
1202 690
1529 749
831 841
1073 1573
6 1151
68 422
1538 128
1684 1419
1565 1566
1692 268
808 880
1453 400
123 1509
903 438
450 1550
1665 1197
599 1369
1608 790
1688 1271
178 445
844 772
109 278
828 360
341 641
1326 1332
294 106
208 1590
968 840
300 1592
1286 1701
66 414
1556 1575
1473 1003
741 1193
454 1510
1271 73
608 1554
1470 365
75 952
722 588
162 1427
240 128
1426 1698
1231 1436
1712 531
1546 835
1725 1260
872 1534
1429 1486
571 503
502 1130
255 636
306 585
1617 1615
1260 274
758 1277
1475 198
997 325
973 878
1089 371
101 1286
1271 1117
1405 841
1075 576
1181 687
263 543
1528 543
617 1246
1168 941
4 151
66 1355
1448 718
1655 1206
92 772
1166 1445
1653 76
891 854
1686 812
378 453
598 1509
1209 305
205 1326
1131 733
1037 594
1101 1542
835 935
980 1667
1720 187
1446 159
1032 333
827 400
902 1492
252 1663
209 984
1379 342
1257 524
652 1344
938 1397
1417 1160
1005 191
1317 494
748 98
1442 576
1436 204
77 1022
616 1072
105 163
1530 1714
694 109
474 557
117 690
319 78
125 1661
1681 535
402 843
1188 446
58 135
1371 833
1216 34
148 1724
650 715
630 1517
1469 877
1126 1465
713 478
566 954
577 1366
480 13
81 290
1010 1325
23 624
1186 1194
1399 1031
803 717
1234 663
421 525
1353 845
415 1639
372 646
1158 1024
776 1424
905 939
1644 504
280 1584
340 667
781 577
487 552
926 1636
470 965
1741 1509
774 755
1368 1646
409 37
1102 1023
1744 621
923 683
15 1236
1304 1332
973 642
1036 1732
886 970
164 1039
1560 1573
477 1273
996 1288
1154 1562
767 1531
471 1300
1136 23
682 1119
338 1402
1504 340
1711 95
272 1158
1461 615
1591 46
969 1731
373 448
334 1640
171 674
1551 803
1630 678
1730 1375
392 468
1189 11
1381 363
534 858
1168 27
306 1209
353 1587
134 99
1206 644
375 1682
569 1408
432 886
12 1731
451 18
631 237
813 1573
800 1579
333 282
179 934
105 923
128 1252
683 107
1091 1560
1106 1564
1316 1561
786 1115
851 652
382 642
1706 418
1157 946
1070 208
601 829
1265 1296
1277 1327
1371 1163
1437 1652
43 97
159 1325
826 1030
519 1112
1107 319
292 966
850 727
1363 636
832 53
656 1034
1336 786
1530 534
53 1252
1650 1321
105 1466
1718 762
544 1361
847 1522
279 1332
1336 1672
392 852
878 1142
444 63
1040 400
1320 378
1478 1332
921 97
69 354
919 973
883 1207
773 1011
968 425
155 74
1517 1031
649 1285
588 1666
291 906
1161 1547
941 285
1275 1036
1643 388
1445 1301
1583 53
373 909
704 1506
645 995
1108 90
1599 983
687 649
1443 1118
348 372
1506 400
1578 1324
1454 334
1168 799
855 1541
317 445
1341 118
1397 1582
299 512
1202 1261
743 275
1206 1276
393 432
610 413
1035 645
37 627
601 1612
1313 382
21 1060
591 1090
1476 1671
1449 1198
1660 156
1553 1337
985 1190
78 706
332 796
1557 1075
1352 1579
160 1371
781 665
624 1282
1377 512
1168 656
1706 581
392 1562
646 1093
748 1243
650 735
894 1727
1432 770
827 1169
489 1689
1341 590
819 1126
958 491
1471 1108
909 784
305 443
1263 190
1194 705
694 327
450 931
438 1204
611 259
374 1106
858 1708
1737 291
469 956
757 323
396 1724
396 888
298 1004
615 133
388 1194
1489 1256
164 118
1626 67
1135 1026
1115 129
1188 805
1230 41
1477 780
1205 1666
44 1661
1674 1460
744 1081
519 328
620 1024
389 263
417 1357
832 276
1186 1486
161 1196
137 714
891 1699
931 1176
1599 1273
305 847
27 487
427 1346
614 968
1733 700
1246 1332
765 1442
733 1678
1107 1492
1657 1440
301 309
776 1336
365 162
895 916
722 427
1182 1251
974 657
530 474
1627 781
794 1194
1481 1036
238 1050
544 352
1327 1471
498 1581
402 1737
1731 1222
979 164
1566 956
1495 358
960 312
266 774
308 1462
1120 752
12 1340
1443 782
1397 980
251 1340
401 799
1605 548
942 498
583 1498
1158 860
1263 1734
1045 706
809 1715
833 1560
585 1262
849 527
275 825
139 587
1310 1708
787 1428
1697 347
657 440
562 22
1166 1157
813 710
1184 543
1481 731
1670 708
1353 721
1648 1279
24 728
234 199
473 499
463 171
1603 282
535 669
34 1635
748 1505
410 1005
337 391
1423 1247
675 894
1259 680
621 1724
138 87
388 1067
319 605
1241 1122
1109 1125
1675 592
981 510
755 1312
1284 435
11 152
522 1643
736 902
773 1683
1741 179
1421 1070
609 127
283 1246
724 82
760 243
830 982
1358 1659
1032 135
680 1680
1477 943
1153 1580
524 1502
295 1529
47 779
390 1598
1585 996
464 1374
1403 1311
751 1007
543 297
1442 1146
1007 865
1514 1119
109 724
883 20
1597 296
1467 1678
148 1697
1728 1431
671 1153
