108 1377
200 16
953 192
637 1521
611 680
1008 79
890 867
1723 764
1375 1567
760 217
773 532
9 379
642 1096
1029 84
1561 1161
97 1184
462 338
1648 150
428 427
1416 368
957 280
993 1573
1740 409
1240 512
182 1235
340 688
1155 1232
468 423
794 1516
1566 675
1629 1368
1643 717
1402 969
244 1471
761 704
96 1742
230 858
831 1130
1324 232
695 1434
806 1111
1410 1010
172 661
412 494
715 43
1299 468
255 1072
1023 667
606 1152
794 843
734 132
1580 598
742 1159
877 573
1254 598
1154 976
97 415
1298 678
1374 1567
1332 232
318 748
356 1524
940 563
208 261
804 1141
1304 186
541 1238
1615 1407
306 828
1118 1580
1599 679
230 1720
932 929
993 393
705 1343
404 322
608 1058
746 519
1486 894
1420 490
1550 668
425 608
1387 1474
978 89
827 922
775 555
1131 143
1244 828
295 702
812 1023
868 1218
353 250
1128 492
1225 1546
1431 376
1609 78
1668 1734
1099 305
740 1625
125 1493
1575 1115
729 165
954 377
341 1142
1028 637
468 695
432 245
1478 1216
481 1640
901 784
1444 1498
1217 911
1669 1460
84 1543
1307 1534
1302 1078
689 149
1103 460
528 750
1420 913
136 932
912 89
849 1020
796 1374
1083 862
166 463
1181 883
361 1040
1371 1077
19 365
94 555
355 352
36 370
1702 1500
815 1706
516 359
1054 985
611 1039
1245 550
1604 1632
1683 419
1164 963
1372 798
981 299
664 1459
723 1024
1631 755
1643 216
1549 849
128 830
682 348
1292 1228
171 221
981 752
1215 1711
1106 1368
1425 678
1385 769
449 559
800 588
1484 1220
465 1230
1533 113
245 1477
188 432
1621 1233
971 246
552 1137
1715 868
1452 868
908 782
158 1667
255 71
485 466
1079 225
568 649
944 110
148 1710
43 215
1546 410
945 562
441 1597
208 1248
787 1452
473 985
690 249
420 1528
1202 1076
201 1323
1498 738
1596 1726
593 940
1001 1310
252 1517
155 665
1199 220
1138 814
1666 1010
706 1690
1652 1411
1040 762
1066 1448
761 836
816 1498
865 138
220 1142
1576 436
1615 240
1246 252
393 211
420 166
534 1710
1371 198
551 1223
1605 1281
515 1107
1447 1703
1450 1607
1173 117
552 1037
1514 561
83 716
142 1605
19 1269
474 905
479 388
214 1727
344 180
868 62
1489 864
1224 249
1578 416
1091 768
251 691
1222 613
767 1300
413 1000
1703 570
1572 778
114 1094
712 1195
481 757
1155 503
993 338
530 612
584 467
1679 732
256 213
1033 482
105 1108
971 757
634 890
1224 1498
451 978
857 1359
761 258
894 1060
1358 1092
1672 702
229 1651
1657 657
1196 1032
1024 691
1104 951
1713 1292
1303 1554
951 911
1559 1240
38 420
4 999
1412 1618
377 710
1117 445
1374 592
1006 578
1606 144
411 283
190 1587
856 1205
1641 949
1054 562
816 1080
1268 1135
1166 238
1599 1319
291 820
1154 1285
549 160
528 1369
930 227
1288 1627
360 17
1528 1374
787 162
440 480
193 751
90 942
1531 993
890 1095
628 112
1693 1458
457 862
846 522
1004 979
860 155
180 1692
1595 437
1086 39
120 1001
405 660
1025 1267
61 1321
552 1301
704 767
1492 76
414 63
13 547
250 858
894 966
259 438
513 1178
1721 276
55 749
1621 704
1299 1395
1139 1354
121 1506
1453 1362
861 309
358 654
1743 570
42 1140
1510 69
35 956
1467 330
1596 369
1376 1327
929 1439
790 193
588 1010
1283 5
195 392
111 1630
624 1159
161 1612
524 671
376 1744
1119 356
314 1207
42 1268
38 1543
232 1486
1597 634
588 1238
756 1563
1707 1518
267 867
203 80
246 286
271 1118
1053 504
1286 655
1261 656
736 944
420 707
1594 632
829 18
117 328
967 1401
132 1338
607 842
730 264
1596 1711
691 1484
380 910
1537 1312
800 396
1624 170
672 1593
836 517
474 743
396 1503
1317 877
1181 713
1014 1643
1477 288
1381 590
328 982
1675 1454
1667 1273
1743 39
428 579
1484 33
990 367
621 1175
977 889
1484 1542
959 148
239 1218
1359 388
1009 1700
514 1314
1169 1512
1537 937
50 1525
1241 120
695 147
1544 1629
1391 833
283 562
673 1111
582 1679
53 376
743 1280
1602 767
719 260
1022 1103
51 428
223 1195
787 1651
955 81
1033 1327
1208 974
1376 692
651 671
4 913
1577 851
1107 460
593 208
1176 1651
558 1583
325 118
1309 832
1684 9
239 770
1582 239
1664 1580
867 1449
1062 1268
265 1690
25 941
29 344
1603 1412
514 1593
1121 123
475 1081
1323 827
733 975
1676 1064
1267 1165
1169 1265
1544 1139
1259 930
498 487
585 726
436 1160
1059 1712
1307 599
217 615
136 739
1614 411
1736 564
584 1598
645 887
1514 323
1122 202
675 449
1722 1209
415 642
722 1242
100 216
355 894
198 782
522 1593
653 490
1266 884
724 995
550 267
1177 55
538 23
1237 297
863 313
1624 630
969 1061
1410 335
1230 82
1337 295
588 376
1332 418
1326 263
1118 921
817 1498
1186 1093
1010 755
469 187
457 287
1134 270
1207 833
438 508
656 733
1068 25
311 55
1088 374
94 1498
1000 1600
1665 1122
808 668
561 1337
1509 486
1188 572
771 793
1589 954
713 1417
1036 283
1553 1547
202 72
1206 809
1229 1708
1068 146
530 1339
1318 284
615 1116
1046 1387
698 1567
564 1449
113 145
1426 166
1732 810
345 1579
293 1164
452 628
1492 272
1235 1052
1700 978
1285 709
128 516
582 1611
151 1101
872 43
617 669
385 1310
374 487
1145 464
283 857
725 63
1177 919
950 1557
1673 566
1624 325
471 322
296 863
1167 965
965 1038
1228 451
1645 1406
1243 1079
1579 614
790 1575
358 866
245 436
378 1185
1011 1603
1122 430
1296 1354
1348 1551
1046 1739
1098 1366
556 1325
790 658
373 1427
1695 489
12 1406
284 1335
21 825
38 1567
484 198
87 1441
541 1047
331 1597
387 990
902 968
1186 1208
364 1008
100 898
1396 1399
973 307
1060 1729
1490 1721
695 1239
692 286
304 551
1464 486
177 867
429 536
1482 1686
1330 573
983 508
1592 755
1352 916
608 273
1321 45
1004 1543
1581 1663
838 1541
918 184
1305 1239
478 700
127 495
1027 1286
123 389
981 426
208 993
660 582
239 446
1473 679
1083 854
1648 1058
14 508
262 568
1 285
349 766
1141 323
1699 1280
1714 1041
1733 1739
1329 1479
1650 770
631 173
571 74
1434 247
1486 1702
151 1076
1549 126
115 989
1667 1255
1063 516
264 471
587 175
843 836
1145 963
1174 286
983 581
243 1002
12 860
706 1273
841 428
931 1330
1109 1470
1390 1741
772 1455
1013 1043
1411 557
1006 593
363 465
354 0
906 885
211 1618
377 1262
656 910
817 1368
202 88
1501 1366
937 79
568 949
1194 460
244 75
1188 1232
914 1374
324 1203
1717 1706
630 211
1580 1196
971 78
165 1719
267 990
352 697
586 581
913 588
658 1248
1248 290
1602 1350
1274 44
1401 532
1104 1309
330 1218
1155 1069
1677 153
1737 1010
821 1680
208 1275
755 659
742 1068
133 449
573 33
970 806
1422 972
1437 1664
1195 373
780 755
469 429
1438 755
37 120
1364 1470
1052 1718
1331 368
1250 1546
737 1298
347 1254
436 230
1589 949
1425 259
251 1491
1426 158
1090 821
38 1104
1374 277
1037 2
662 1400
712 1349
483 829
1198 1570
160 1505
232 341
1353 1468
1176 248
1018 437
878 493
610 618
1195 1140
1603 222
393 512
397 111
1344 926
295 495
409 407
769 631
657 419
1295 252
1505 1660
634 1370
546 322
1382 298
1020 576
1634 1314
1553 367
1173 387
60 1357
688 1285
609 1424
1174 1042
507 1206
1091 953
501 255
1661 1531
694 456
1318 1245
364 1412
896 41
305 230
644 1176
603 682
1408 1471
215 125
947 668
876 815
1508 906
1044 1602
676 601
1622 528
1057 998
80 128
488 266
1643 852
1101 329
859 1069
1207 1408
334 1334
1508 577
806 1269
380 1312
1074 1648
884 1280
1351 785
1428 993
65 961
1141 966
1513 648
1714 442
249 205
7 1364
652 1110
1071 662
1311 658
861 1711
1634 569
1628 763
1570 1422
1566 1500
1550 284
571 1176
1054 1011
187 258
33 291
560 329
271 1219
1112 806
394 1728
521 1122
395 1123
1003 1101
1437 90
1141 1528
1353 1563
420 778
559 672
1726 1395
849 1245
583 234
1572 1013
914 727
590 177
1162 1562
682 1295
1688 589
150 421
1103 505
1413 1069
1470 1651
1013 1405
779 331
767 600
389 1638
1170 13
1539 325
1054 1525
518 1311
527 960
1132 748
17 1098
1139 1283
475 918
1153 620
285 1526
921 655
1028 666
1147 1291
582 1609
674 691
462 801
273 1431
372 438
766 452
344 826
506 996
1065 340
973 680
803 905
1533 1606
103 1248
247 1454
1287 1091
871 1354
6 368
1058 489
1599 1660
513 1635
306 1706
748 721
368 921
1579 1682
919 1594
936 1361
1552 405
383 19
127 704
875 526
991 109
810 454
973 536
1382 1670
531 680
249 1272
1380 1527
194 1617
722 138
943 1489
1717 1223
1520 1492
101 804
298 1020
1570 881
1477 963
242 1180
482 36
525 929
1032 998
540 1633
101 261
415 1113
758 468
1062 1496
172 1708
76 344
25 605
1738 262
20 663
348 1025
1561 1744
1033 367
359 167
1143 1414
490 1716
1292 293
459 487
1210 31
625 780
441 286
1199 1056
453 34
739 1159
1139 945
1204 14
719 430
169 1154
1435 771
1585 1484
136 1311
9 1075
360 301
1316 1094
1345 802
2 81
1297 1721
1689 1061
1558 473
1406 415
613 293
1575 1323
1063 781
1688 56
10 623
1108 1673
514 702
245 261
1027 673
1496 369
106 1462
799 268
1538 936
700 1239
1622 143
1047 1065
1702 1687
112 1297
665 1405
472 1667
356 609
146 563
104 1639
894 619
1089 1691
248 1680
288 1532
700 1122
1350 859
1704 1617
381 472
998 1050
102 431
1060 1401
1082 1299
350 1551
1573 501
753 565
1471 1612
212 124
1002 860
1521 1533
1712 916
422 315
22 438
1193 977
1164 649
1605 351
1261 97
1520 757
942 896
102 1067
805 1006
992 934
498 1372
868 1738
547 907
29 824
1520 202
310 1090
481 506
1590 164
1361 1004
125 716
127 642
1548 1266
665 471
9 911
1604 514
848 1517
1052 344
819 1683
1450 131
1130 587
676 311
293 982
1596 535
902 1317
1402 1502
1458 255
558 1225
235 378
687 485
1169 181
993 1739
984 772
1516 1111
1569 205
455 246
424 1050
710 1614
324 1044
1284 1407
1208 1658
62 1050
1401 227
1578 1109
1465 314
135 1564
1064 127
1470 513
1639 1500
243 366
1552 1363
823 1509
1607 416
1218 1573
1694 903
863 1708
34 917
249 1698
887 1138
51 835
796 1393
1737 280
39 1739
599 1194
1555 968
290 525
38 716
571 1669
1142 14
684 346
785 335
200 107
1410 827
1164 1113
372 968
637 1104
976 1034
719 1062
1621 1320
1710 1489
1616 12
1281 277
783 1148
660 1542
959 88
440 295
1390 1478
1698 1366
1505 1274
668 595
727 1535
573 1237
476 479
594 1073
139 862
1508 202
1088 1300
1012 756
492 265
1484 591
1621 167
652 1587
220 973
1655 235
775 1245
233 1438
1199 632
806 117
457 913
1594 772
1259 257
1066 1441
1246 603
435 1500
1316 1278
966 1734
1074 831
1334 279
442 1327
617 1497
754 618
24 941
684 288
155 1211
1420 44
1133 1508
563 269
786 144
1006 1704
873 1736
846 591
1544 665
637 1374
1641 157
889 739
389 149
274 337
1570 1173
573 1216
265 1606
1626 939
1335 638
1578 931
443 137
103 105
534 608
34 758
489 622
1702 144
1204 1706
1633 303
81 1672
1174 718
15 187
1728 1406
1535 436
71 517
787 1632
1173 807
77 491
410 221
241 1618
1618 994
1483 1631
1666 1569
1385 1370
1209 1429
453 667
693 1562
63 456
1707 664
94 119
1290 235
1559 71
1452 1690
1240 1085
1418 243
1436 22
559 924
254 495
982 1512
1426 1105
716 1431
1186 1507
331 252
133 1456
1446 1029
1298 332
684 113
415 755
841 1308
1546 1359
1436 1330
815 643
1445 1137
807 1078
1081 14
721 819
1319 738
70 282
601 1446
81 832
1512 521
970 756
686 1206
688 1407
840 40
97 934
782 500
680 399
1496 136
977 311
271 1233
1640 196
137 246
1469 1167
1082 992
0 1643
187 302
1058 292
1700 1624
352 1647
1524 461
952 1360
1072 261
764 1086
906 1710
1465 280
1209 1123
335 1097
1291 415
335 152
1520 787
536 765
1105 782
1521 762
1008 1426
959 22
242 17
1648 811
1283 1682
823 250
1134 169
1171 1725
1625 1238
664 862
783 406
860 1393
530 1198
1385 1104
1613 183
1460 503
296 777
274 1190
574 267
312 549
25 103
265 281
809 79
1213 1424
884 1744
935 1111
846 972
930 435
108 507
590 305
953 618
942 101
1509 951
480 956
141 1661
1397 1264
923 882
268 1002
397 497
962 329
1452 86
403 224
1415 361
1400 648
825 49
1224 894
561 1135
1674 504
235 1000
687 1293
982 565
45 646
772 1013
293 1388
1278 1065
1391 330
409 1102
1526 1413
1295 185
1224 1418
1203 31
1383 1283
50 1089
491 1125
760 936
264 1607
211 394
1137 791
455 695
390 1415
1086 1188
592 57
1343 50
849 266
234 1407
89 1252
308 1044
85 806
284 1405
762 24
69 74
550 1323
1642 1541
169 165
959 408
1218 1009
559 775
313 1577
1465 1661
1057 669
1007 106
1053 1051
35 774
682 829
1404 368
1558 1579
286 1339
909 1277
811 1280
1529 555
45 310
1201 962
68 1189
5 121
1378 1616
1733 15
713 825
509 242
287 691
590 1197
124 1508
686 617
1576 1173
1643 240
156 556
1409 1233
537 1744
77 1182
1609 599
165 1344
682 722
1363 110
1027 674
422 909
1672 14
423 1604
997 1716
495 1427
899 1004
1277 831
140 1323
464 570
95 270
1220 1554
1283 1252
1539 900
71 1316
445 1163
323 807
1400 558
1736 410
1499 995
862 1241
1302 850
341 547
1344 1614
580 1685
585 1388
1611 57
527 1592
1191 237
529 1625
1190 355
1743 284
459 1339
267 1666
230 485
513 904
1345 1061
917 1064
1340 1216
1582 669
1168 113
1449 122
1665 397
1391 1301
999 864
7 1609
164 688
1436 82
786 1655
1294 1712
1636 797
718 1642
1566 1343
738 290
36 675
587 144
779 21
740 914
150 298
25 547
637 516
1028 722
158 384
1420 1127
652 1096
763 587
1087 275
1605 1602
1315 358
1249 1413
3 1062
476 1174
1243 521
1162 732
599 498
952 1143
1074 170
1075 536
1582 403
721 735
1443 748
942 1009
1457 272
889 530
1735 912
1051 1206
1484 368
14 555
1425 1317
425 1569
296 179
107 293
337 1354
530 773
1250 278
1403 1354
15 210
1720 678
1019 624
669 781
1123 1643
874 967
130 946
404 936
1736 1626
1062 1713
393 921
37 1048
1368 207
210 332
1440 676
63 603
686 370
1047 1061
404 476
620 113
1028 1240
596 478
1682 569
953 324
680 301
231 1110
984 1093
1159 300
1326 550
60 1523
839 649
1190 228
168 235
814 89
1422 240
818 1643
646 1266
1350 1372
231 1342
845 260
1222 1043
895 645
1601 1722
183 1679
514 327
973 1370
900 764
354 1299
475 109
1208 512
770 1685
1282 182
225 749
1292 1019
1500 1167
212 1392
594 1350
523 1064
1614 143
248 838
858 527
1419 1569
196 1633
1539 1177
39 1285
1230 1605
1426 1077
1192 231
1622 1181
1434 728
653 1297
1110 184
25 816
836 1300
725 972
1246 341
1669 170
22 437
1654 183
679 954
1738 569
417 1000
286 588
696 144
756 924
821 696
1591 238
304 1019
437 976
365 1254
1662 34
743 308
902 1413
1332 1617
1211 479
1473 1515
737 1609
263 934
312 1458
1694 93
159 1104
53 852
132 768
297 921
253 1266
904 1660
77 443
638 1092
1572 1144
1035 29
339 451
449 1518
144 1566
1738 1435
1153 1337
229 982
588 207
784 1049
1725 1554
1281 476
237 209
490 737
614 593
679 588
905 457
873 48
594 210
140 1224
529 12
620 652
704 280
877 970
601 590
1278 645
1557 1070
862 160
1309 512
671 12
1651 139
1332 600
393 1284
513 329
1154 1444
765 829
347 897
413 961
1624 245
1093 968
274 361
728 381
1707 573
1002 1011
563 653
1313 438
65 677
705 1502
326 1380
1622 1193
883 43
127 1725
1728 971
698 1537
1029 1450
1262 1141
257 711
272 1077
526 1034
1507 1727
952 1684
30 1718
890 503
969 1053
1523 1033
765 1014
1029 1470
951 1732
1255 960
359 1695
146 1446
544 77
810 440
284 666
1088 468
366 871
1290 369
1497 1712
1687 384
898 1082
1516 7
1084 1052
1149 248
782 1502
1714 872
1440 313
215 1065
49 1708
49 549
963 519
297 144
840 1056
236 900
804 783
1325 683
830 679
1567 509
1292 1669
286 820
71 482
1592 1368
753 907
972 763
30 959
1393 98
1027 1437
1382 1653
288 899
472 1634
839 542
1070 904
126 1592
16 886
122 180
210 433
391 1383
522 1601
1557 94
1689 843
294 348
1682 874
172 684
1599 455
1043 325
728 1312
282 524
98 1314
1360 1131
430 1539
504 1204
1109 1571
452 1322
1624 583
1360 1069
358 328
468 392
301 136
256 387
1597 563
471 401
93 1221
792 1704
767 1456
166 427
1199 188
719 75
197 1242
1378 1095
376 1073
622 417
1168 1144
565 1123
1533 1296
1357 1401
913 677
516 1740
588 1070
309 701
1236 556
627 918
575 154
1515 4
1278 1241
1457 167
286 1673
1428 171
887 438
901 643
1322 1392
1119 409
1444 60
935 324
661 1054
966 1397
579 1384
670 1727
951 682
1703 258
544 1347
345 78
1448 1446
837 1554
1638 1743
1273 479
1007 922
1616 739
391 10
957 1604
1276 1439
425 419
1579 1019
313 1605
98 829
528 1328
648 352
46 1702
172 456
1141 1035
1468 1498
363 40
737 834
886 1517
645 1090
92 843
1192 1406
591 790
634 925
1356 897
977 992
877 739
48 519
46 1063
591 1544
274 1541
1302 1028
864 587
1002 1662
555 134
742 1597
1358 1709
848 225
1420 620
1067 1126
647 293
8 1563
718 987
1047 69
340 641
566 1478
11 1654
765 190
126 1563
134 298
691 1356
900 85
1504 407
791 790
897 247
1318 1713
780 1712
372 590
705 1596
669 362
1282 935
59 1646
6 1217
55 1343
793 1503
128 473
1591 1697
20 774
225 354
916 179
1434 1633
775 1320
213 489
707 1377
1163 1079
952 1407
1475 321
175 1467
805 726
1681 52
1526 825
962 1641
702 1057
1679 1474
474 1446
1558 504
1001 613
158 773
1724 836
562 203
989 1356
1708 98
231 671
1016 283
757 214
1052 1237
33 921
1307 864
414 936
659 365
261 250
1039 1087
581 322
854 1563
986 1121
1471 552
1615 1486
1650 1381
19 1703
597 1063
830 963
1479 314
1134 1227
1700 507
887 1207
766 828
1198 1364
1605 1728
1577 343
1223 472
1305 1547
342 1497
1104 497
1228 297
1469 1690
67 1504
1161 546
1410 1186
1004 656
1681 1707
474 1025
64 256
332 1502
1034 503
1529 488
1563 1272
1713 1076
947 358
660 460
1692 574
392 1485
105 109
1098 754
966 1625
1058 605
1741 666
1719 1548
1092 1257
1527 1577
399 88
1682 1200
1000 154
853 5
1439 609
1353 1315
536 91
972 193
1431 506
1335 861
1415 548
1376 960
1713 254
1528 954
268 137
1112 1003
1071 1492
213 160
364 104
72 1071
447 1734
1548 688
930 783
1157 1070
1501 397
1179 811
1571 1278
1656 1078
1671 188
1610 1337
946 5
1601 859
1460 880
1339 170
55 352
99 402
1253 1628
124 1249
714 1017
56 284
490 1681
858 1438
1034 1183
1540 23
1741 1488
1358 635
1074 1616
570 1126
103 125
448 753
741 904
1404 599
1655 1196
1504 301
638 1042
1485 1667
1503 580
596 1072
13 757
1131 140
243 843
227 125
992 793
577 1305
449 1712
655 951
124 657
760 185
373 774
1704 298
746 421
880 1492
1175 743
837 889
1143 151
553 1340
974 977
1538 899
1105 399
1065 793
1545 369
380 1472
246 1416
1056 838
1432 134
664 378
1120 1506
594 478
941 218
1227 692
215 1565
572 231
267 1138
293 1218
678 1208
655 1621
801 507
1284 210
1363 1626
747 952
1497 546
742 1711
1421 1182
1271 47
31 818
1124 1615
852 1282
1604 433
1199 1504
50 502
902 1267
1697 1512
1175 79
1486 142
1527 1098
18 160
1192 823
1060 733
198 126
1174 1531
127 884
971 1230
854 1300
1569 470
675 1673
1177 1396
1519 726
1373 299
62 473
390 266
865 1393
851 842
200 716
589 1490
1332 1497
614 652
0 1254
652 302
1303 1066
1372 987
229 183
1348 1509
1488 1613
1708 121
1535 239
1220 1027
903 625
1574 93
826 1615
1288 1126
1565 545
1151 1429
528 623
1331 445
899 988
1693 1321
959 1536
696 1611
359 1554
1451 703
879 1708
1597 362
1428 261
1396 650
1067 957
1061 196
561 830
1448 496
184 1395
344 200
1660 208
679 1414
997 1196
1328 1368
1162 615
441 1065
1258 140
183 457
1307 349
546 626
210 1509
1288 1183
197 1105
380 92
799 1286
1175 828
1013 1568
1565 1506
556 1592
1377 869
1708 1369
1041 1403
1645 967
222 1327
1109 571
1228 736
1496 1
439 1125
558 223
275 973
748 775
1188 481
1138 762
640 803
835 1527
1667 101
725 24
326 750
1301 482
1382 1686
1308 815
739 1447
1006 9
1264 1602
204 439
809 153
1231 1587
1135 413
781 1729
1560 1151
138 89
456 343
680 983
1315 1370
1399 1619
1025 585
1126 1139
1035 1667
86 1740
1095 829
1458 804
1556 96
1706 1084
1518 992
1082 1025
425 275
743 1522
1596 485
712 790
1366 130
843 610
1648 1275
244 1713
400 1708
1567 1531
1064 561
1001 1302
1218 268
976 320
772 1427
907 1276
584 1661
1304 373
1024 1261
1592 1516
541 1652
122 248
152 404
846 1275
358 149
521 1367
1721 433
1594 46
1662 444
1470 251
862 1125
430 691
720 1006
836 880
177 525
318 582
1112 580
23 1604
1379 1348
1150 1298
475 418
1132 640
1227 573
1101 1497
692 1605
569 1121
870 1045
375 1403
836 1603
1494 363
866 1012
740 1508
497 277
838 79
776 747
1391 670
1612 603
1458 1599
403 1443
913 1056
1150 1729
1712 438
585 1460
759 812
1247 612
1397 1200
1516 1144
91 1329
1538 264
34 635
862 1669
873 1110
924 1496
2 880
224 1564
234 1499
1449 428
263 1643
70 524
1738 92
729 235
1351 474
953 1432
1348 952
807 1547
1452 755
288 733
1698 557
105 759
305 882
1399 1384
289 1176
723 728
845 1162
692 149
27 1102
877 683
712 1352
540 53
1025 818
1458 1256
167 1112
719 209
977 989
1183 1316
631 1106
1270 823
1200 144
436 697
1302 703
605 298
638 110
844 944
1137 1291
1162 1592
127 1537
1594 561
1659 1564
401 280
186 1208
1442 651
279 1298
300 373
305 1031
1379 1580
778 291
1220 954
1028 55
1496 658
916 649
1116 144
927 1646
837 214
409 892
937 1488
135 1288
1677 122
1259 684
1687 30
726 800
1624 55
1711 57
222 13
879 741
950 168
260 871
1544 319
1230 414
823 59
1100 617
858 1599
1160 1323
806 1241
1385 1631
354 1390
360 1117
1357 740
908 1030
1004 666
1581 1258
1217 1423
1530 1401
35 1693
930 576
547 609
1147 1374
1228 408
1603 1100
1466 1111
1668 1628
305 1531
1672 1690
927 875
1352 293
1039 1218
1352 1659
255 1013
1294 1611
1000 166
189 1316
1264 1540
1228 1015
1483 1270
1465 40
349 353
1027 605
841 1186
277 221
305 1057
1209 1099
522 520
1667 223
964 1265
555 1372
905 1084
1282 227
373 933
762 628
424 782
125 171
1460 1185
1006 683
918 1596
448 634
1533 131
964 520
662 1283
1562 694
1189 595
1245 958
550 649
1650 989
69 1324
1241 1177
1094 31
911 1006
686 1674
24 1426
428 1465
105 87
58 787
1593 1068
1390 392
1338 388
846 1646
107 221
607 1455
1105 549
116 1155
800 711
1100 5
900 613
1243 1067
332 1155
1496 1049
686 1641
920 660
1069 717
1045 468
652 394
274 1372
739 888
1471 789
1006 1166
1064 1631
1738 982
1281 841
1268 1546
596 1383
1320 296
753 799
1500 1276
331 944
1401 1370
31 901
1486 998
1156 457
1649 1557
804 96
544 1139
1612 1478
489 449
1375 1293
873 1015
392 262
1083 489
276 500
685 1634
1665 1581
127 65
282 278
114 513
1331 398
68 1506
184 814
376 686
559 1044
1423 132
681 1059
1008 888
973 926
1629 767
279 276
900 1361
1261 1579
428 1107
1673 96
682 896
1161 86
1472 1492
1410 320
1637 988
431 989
914 1409
474 1042
1602 1189
657 1680
1010 409
607 1623
682 1078
1466 200
427 760
1379 1402
612 743
1307 1508
933 78
1124 1317
931 449
1062 1636
840 1312
882 736
574 1583
1356 916
867 37
337 604
118 447
691 426
1143 780
112 1332
1689 1320
1258 1686
1087 407
1511 516
372 749
1261 780
1538 656
360 1046
1180 25
747 1305
529 648
473 1416
415 1212
1479 165
444 1482
699 722
463 619
149 848
944 685
1447 1584
816 433
742 293
1720 505
851 589
426 1149
758 1590
1061 832
215 595
369 288
1630 1705
626 833
398 765
73 597
990 902
907 49
128 253
1354 1444
1568 1584
55 1629
1392 1142
399 1267
1551 455
616 795
815 1092
1057 1255
497 646
1100 1308
1606 1681
401 1290
1689 151
356 776
307 72
877 1254
970 690
1502 900
1665 1442
368 469
1318 1709
628 1583
854 849
1668 289
1041 436
1244 893
1495 798
1695 1073
780 1539
226 355
1581 1567
1611 916
1566 323
1536 1506
1234 1330
1312 344
273 1594
1584 735
1334 15
457 902
418 1608
1360 1394
1362 583
687 1474
1663 1488
455 1567
1643 836
1523 206
336 314
1639 568
790 78
1737 685
1003 1476
1431 447
1009 698
758 275
1175 1384
51 346
62 1601
1265 256
1598 1425
195 1718
227 213
1497 317
708 1532
884 1153
1663 1155
1332 1560
1135 381
493 463
643 251
1149 614
1448 1439
749 73
269 1024
785 117
453 149
1240 1450
538 358
342 207
787 1359
1463 167
454 747
1213 1711
559 458
517 759
265 1352
791 649
884 531
1390 1474
364 765
570 1334
945 426
955 295
800 275
825 536
900 536
42 859
344 1411
1556 1193
1166 881
1386 1296
157 436
1208 1726
1458 338
1118 96
1275 1089
80 774
1657 273
199 289
1572 211
960 565
41 1052
276 3
1131 1035
272 1360
1268 1199
384 502
121 119
879 342
394 1339
1209 216
903 280
686 837
1433 268
77 527
1605 1493
1460 1667
678 427
1361 301
1366 456
1235 1732
758 1487
1502 873
1239 1594
225 876
1565 1425
235 779
1698 746
1029 1569
1226 497
731 1354
1085 633
482 180
545 1633
985 310
513 325
68 1527
1482 1543
1730 1471
1582 1035
745 33
1737 851
1295 1744
1182 1474
655 1220
818 1431
969 364
1412 1469
1180 885
835 501
671 1006
1252 1576
941 123
342 1193
724 1178
1245 1619
1008 716
1350 199
162 363
1150 777
1617 1422
33 354
185 930
1412 915
264 1019
1057 789
1485 1390
1022 108
120 677
1122 915
282 1114
526 158
1448 1160
1277 1645
815 336
1568 462
172 21
675 289
1607 1377
1527 305
74 615
55 943
1355 922
1149 455
556 1339
1717 1675
1051 755
632 1266
1189 1073
1657 526
1116 349
565 1198
1539 1565
227 1027
1260 1635
351 494
342 766
1470 233
479 67
1619 94
546 1061
189 338
695 283
157 332
729 212
386 467
649 1708
1675 549
58 202
1336 219
1436 47
1650 382
665 744
1618 1451
1497 1733
216 1619
1730 1603
550 211
802 555
354 649
652 263
316 627
889 650
619 1355
1087 1270
561 547
1495 565
607 846
1360 158
1372 1549
421 1252
53 655
720 697
1735 657
300 168
893 203
992 1109
615 1473
962 1093
834 431
517 795
690 1300
877 289
1289 985
1424 43
642 1599
1500 1547
1096 1386
1602 1402
1205 654
873 1644
945 395
126 736
1525 1682
321 262
783 437
1527 551
1604 70
787 99
198 1388
523 1531
544 1045
198 1050
1633 1453
857 345
848 1664
501 884
915 297
459 1598
1579 1453
358 956
539 1268
232 1610
1218 1422
909 157
1674 708
668 1511
103 1464
1741 1172
1381 1292
1247 1079
100 507
1583 1278
95 493
244 225
1029 485
1738 354
1466 1144
293 821
825 1640
1589 1515
1424 46
1675 948
1430 1407
8 1294
1602 33
1729 1601
1152 1242
562 221
1248 1072
506 1568
991 671
1050 1599
390 1141
806 1536
1722 1323
951 906
546 1255
982 483
583 934
1605 1011
1601 112
451 1338
177 1361
1473 593
731 1645
1398 339
1281 1674
605 587
1578 10
1309 1017
768 30
1523 1018
1422 508
524 733
822 1571
78 116
1169 678
904 196
814 1154
215 57
945 894
589 1207
1548 992
973 1075
288 20
1024 1433
1151 1568
1474 1482
639 1555
45 1520
943 542
396 224
1604 566
844 962
1633 291
705 1683
1249 1285
626 996
1286 241
387 1320
633 302
512 955
749 532
346 347
309 634
1390 532
870 681
861 1478
1513 523
829 668
851 1398
1033 1541
1517 893
60 1344
619 281
296 1643
873 756
689 425
1584 98
1382 624
1646 117
806 931
393 231
584 1335
1339 34
525 731
964 1480
510 1290
1490 1185
1612 1516
1275 508
721 910
186 2
608 664
1395 853
877 874
445 1506
545 906
1142 736
560 2
555 597
2 269
1590 599
810 1368
316 208
1595 406
939 734
164 1536
1123 1696
1454 1362
935 870
1518 1194
509 373
1691 457
1518 293
1181 798
1531 471
12 1179
1366 681
1087 1500
1375 226
629 1087
903 674
318 533
724 63
221 1173
119 636
694 450
585 1096
1697 1294
1144 38
1029 774
905 533
1346 147
877 457
690 1289
435 1048
492 1636
1313 11
1608 132
662 349
781 1407
1134 1273
1294 541
1556 813
181 488
1226 455
291 1272
1287 1577
468 1604
364 716
134 1027
475 39
387 934
156 1474
1682 878
1570 798
1043 1684
1643 678
1134 55
804 297
125 1006
429 132
1610 971
499 190
869 1064
1281 1259
1501 869
608 19
327 1175
517 1228
1691 1189
171 1091
489 1589
1100 726
189 302
1745 507
875 1706
1268 1066
450 922
1196 1400
629 1409
1356 281
1710 532
250 1317
1303 1668
261 401
1359 224
1662 1245
1227 1070
1291 999
960 1650
419 1654
1585 1287
612 727
1395 1341
1687 1504
1046 1502
1477 1595
950 227
1570 642
1196 663
1040 1031
1636 683
855 908
356 190
1547 1203
1366 797
558 770
857 1219
524 1522
68 222
1605 1226
466 571
316 648
621 1604
690 1345
962 1435
992 1137
1328 472
1475 1331
984 1401
559 1567
849 803
841 1553
311 50
415 532
1016 1739
1009 915
1060 564
889 1424
1531 1163
765 1516
766 246
1322 1441
404 864
429 1047
759 29
972 1621
1693 1281
915 1573
418 1237
840 1346
389 1114
1328 27
1658 1329
307 348
1385 725
560 410
473 155
745 1726
52 1287
1189 1069
646 661
453 1689
1228 1254
54 1688
718 583
1597 755
500 1440
1225 1532
846 113
956 469
369 671
1261 578
1235 632
1494 498
1478 11
1547 1663
856 1092
565 1704
1528 294
240 1038
1469 1583
1602 341
883 81
126 151
183 811
683 801
1170 1098
324 1341
1050 1143
810 300
107 1369
1259 1417
1640 988
597 493
107 1377
304 1232
1695 1231
1049 651
905 758
276 189
545 4
85 653
184 33
896 811
235 979
1211 1330
975 233
1554 838
586 1626
1621 388
693 244
1071 779
1589 784
1163 734
719 100
664 1161
3 1290
834 1055
707 1120
1650 1644
1115 616
1649 534
1478 1482
720 1140
917 973
404 246
428 966
1203 792
1632 892
1160 1293
1373 1429
859 70
537 505
187 212
1538 523
156 1443
1254 705
750 1165
1184 1663
618 487
273 1591
138 879
1597 1223
203 166
280 485
843 1575
796 286
724 573
965 363
1540 1090
192 1368
409 1312
1329 1655
660 93
317 353
207 1256
93 807
337 175
735 619
260 241
949 560
1270 460
856 129
1566 1000
132 411
297 1163
209 756
730 450
1179 1022
278 1009
910 1327
962 313
881 184
575 455
1343 306
476 1444
1375 514
1297 1421
1616 1724
1306 120
708 13
1421 1638
929 14
1622 1665
360 665
1609 466
696 366
312 373
907 1528
1123 1617
807 641
1405 1683
637 587
550 975
558 1119
1392 122
1334 915
288 649
593 1169
1631 1086
689 1618
536 675
258 1069
508 1046
1684 1727
124 1601
1259 1380
63 759
2 1642
1439 1227
745 1678
574 1493
456 1106
472 1441
405 1548
38 833
777 1139
1333 13
1649 1114
1210 1350
1211 1514
987 1557
539 1520
1431 616
446 1096
5 1337
126 1457
1351 15
281 403
1301 1070
1047 1631
720 714
736 1426
855 1475
1515 1531
511 39
968 827
1306 1517
370 1297
1526 1400
1479 451
576 1532
1691 1426
1397 1020
1537 694
912 97
123 403
814 1708
269 1039
1175 147
1028 1418
946 1581
151 929
288 755
1369 694
158 149
1153 1549
1460 1543
1301 115
1169 900
1444 1254
1740 826
1142 205
220 1700
89 456
1627 79
499 1032
1235 148
841 1632
554 61
1026 1399
1694 204
332 392
1357 86
1154 400
968 81
1571 657
1509 565
1104 47
1050 123
948 264
132 326
1419 1011
799 886
68 135
1243 1509
864 555
221 1452
1255 651
407 697
1386 1614
20 36
1001 898
331 399
931 1580
1310 203
171 1463
1654 1143
214 1553
601 1093
1491 1546
24 1124
366 1141
89 1499
353 1729
1325 796
643 641
491 897
1416 1676
172 1393
543 1224
1572 869
1407 562
1726 25
1361 550
1079 771
25 328
310 480
843 149
357 1638
1062 1694
1658 960
426 501
1341 629
1195 1595
448 553
958 155
1402 683
1049 1652
1428 625
537 1420
632 1361
1282 335
1577 3
1080 1708
509 1730
930 746
1159 434
676 1518
672 1627
936 1737
67 951
981 1707
1687 770
1576 887
682 1643
1390 581
1424 1224
585 1022
123 1075
1298 1546
74 586
653 1375
98 868
772 993
1025 1709
219 1478
1282 1552
1689 1067
434 45
587 1029
303 557
476 1364
240 338
1432 741
669 909
1238 495
1696 455
1583 682
1663 247
946 926
1279 1633
1723 869
846 77
1407 754
1710 1510
179 609
124 1078
1065 850
39 1151
292 1575
1341 1731
118 795
1448 67
1681 854
1512 1346
1351 477
728 133
1688 969
1605 486
601 1374
219 503
577 677
698 1708
401 830
1263 929
1410 717
684 1393
1672 1623
1353 18
1527 1592
330 1016
872 1331
815 1396
1086 690
1034 52
256 1463
341 1
1037 34
632 1624
731 1242
1628 210
1366 1146
619 1118
1438 50
599 1483
1276 1739
154 1585
133 992
1527 1379
886 1087
810 554
426 870
195 1541
982 1180
779 512
1692 382
1356 336
1048 71
1719 1168
689 1311
468 903
982 410
520 908
198 1335
1421 414
1050 1722
1744 674
455 1687
400 128
189 298
1445 1537
1597 480
1449 1080
573 164
1688 306
8 1155
397 464
191 1211
547 109
614 374
275 1579
569 179
502 1723
99 714
194 894
896 1153
181 427
605 8
1382 789
1525 0
1031 384
1448 715
1695 288
1559 1139
1307 649
872 79
871 866
1673 1734
1706 1502
21 665
996 633
1487 995
424 91
1528 1185
78 1358
212 563
1168 260
216 1306
1587 35
1533 760
304 1552
1651 1101
957 805
319 246
1647 1421
254 1684
1591 685
448 618
1406 751
1528 1388
1386 271
811 1666
300 1483
591 552
1049 1282
387 1515
1471 1445
884 1684
770 634
1180 1332
1588 1650
927 1156
1313 34
1199 1216
612 824
931 1698
103 1161
357 102
1380 1453
640 564
1702 1380
850 1624
204 1490
619 50
441 1514
238 731
122 273
1409 904
1740 1033
78 1652
985 952
501 362
1239 956
1726 492
72 4
1563 1679
235 883
828 1141
612 1599
1315 544
252 353
467 661
1162 995
750 1675
27 1707
1232 405
529 1191
1256 331
1385 49
373 915
986 368
311 1677
975 38
648 1602
223 105
1627 1521
1713 780
1632 1258
1269 1242
1615 444
1456 34
1580 201
417 1520
860 76
110 84
558 229
1212 59
159 889
190 446
506 1325
1590 659
1122 1327
589 1716
112 810
1453 1142
193 1064
526 879
1083 449
861 1703
997 910
1742 1040
1417 1145
172 1324
1570 1592
152 1424
16 1231
1655 1105
548 220
719 1273
1234 968
262 47
269 1211
887 472
905 1123
1639 237
426 40
567 910
156 634
1317 146
1527 684
1741 1154
1511 1668
1651 868
330 1070
347 73
1727 343
487 356
375 1122
1670 822
248 512
727 578
649 1621
1737 1672
425 583
493 252
1327 349
1686 1548
140 297
714 86
421 1717
0 1102
717 1229
671 1731
245 308
1411 425
1118 528
272 1604
774 971
1125 143
890 542
1143 1715
938 660
1213 360
952 853
128 986
1384 1435
586 1737
1174 1552
27 163
92 1477
908 640
509 1686
590 1192
1367 997
1011 679
271 619
321 736
648 1691
24 129
534 492
1215 1038
499 1475
1105 1579
1276 147
92 1107
378 82
645 425
1014 920
484 966
319 1552
389 1722
430 110
387 1068
398 617
419 1472
665 1066
1389 370
926 1124
940 976
1491 1522
1739 712
1150 1197
680 116
1568 62
1604 1653
971 1485
267 639
1538 848
384 1428
10 639
1283 1292
1116 256
1406 830
657 1595
85 1296
538 1730
81 883
1647 1036
1321 898
697 1003
1227 94
1385 1635
848 1252
281 343
481 830
223 545
316 420
1003 134
821 1157
1138 644
336 653
1248 1460
1018 974
1334 1068
142 1711
172 1433
1697 1298
294 1090
1248 45
123 1528
1532 1191
869 422
568 155
1545 453
29 105
39 612
1647 1479
308 1583
1100 683
958 1482
1136 153
34 1226
1568 966
1600 1555
1741 1379
1061 186
457 868
286 930
663 412
806 1662
775 1354
1595 594
9 1700
1376 1016
880 1202
1 483
1247 1043
1608 813
164 610
131 1150
573 813
966 810
54 1036
229 1094
290 141
316 1395
10 376
902 1499
88 813
1561 751
1373 1037
550 1262
918 955
1239 513
987 663
340 1277
1316 1394
1262 1652
258 1053
1418 1584
595 483
979 1523
1479 300
1232 275
1135 262
930 384
1462 1221
1513 430
825 973
899 674
1470 1126
1720 633
524 1120
1116 1208
1065 1745
1168 1521
1463 1667
519 81
222 927
854 1310
39 9
1474 485
849 1653
1317 117
1449 120
1332 1359
895 705
1209 908
1328 1673
1733 1593
271 1612
1511 769
405 1263
1419 1523
170 900
715 300
142 235
707 307
816 1157
1024 1446
1606 1408
382 1501
604 1549
1579 1641
679 1536
166 400
162 1634
199 999
733 673
991 258
782 1525
1158 320
918 208
330 543
1428 272
628 40
365 231
833 633
78 906
892 1080
568 381
656 326
746 682
1172 504
1071 1557
893 1469
196 1140
1261 427
28 900
1658 1103
515 894
300 1042
952 1621
460 346
861 847
740 1697
577 1263
912 1105
817 1196
1577 150
164 1153
266 1253
1605 1155
870 1556
1529 373
588 726
1523 339
1605 1169
399 664
368 773
578 1323
511 611
831 872
881 636
262 1675
270 68
1651 847
108 160
1142 673
734 1584
941 1564
1593 1112
1146 170
1737 1385
940 181
1027 1053
855 921
1381 1665
1342 547
1497 750
527 1613
1062 308
901 448
296 1303
1605 579
798 1709
257 1558
958 1735
1367 78
722 564
877 1255
105 880
327 1461
1153 552
969 393
1638 1672
626 1030
797 1336
1028 1495
969 546
10 985
1575 798
295 1725
779 1350
440 1053
1137 1192
703 63
1160 742
1490 590
490 1219
604 300
587 1657
945 634
947 691
971 81
1350 271
828 1094
386 893
1692 905
613 1734
1511 283
776 307
1568 1571
949 1068
1209 1192
829 826
1621 1683
169 689
527 332
483 365
1083 631
640 1360
1026 485
845 244
1060 993
1040 997
1187 808
1705 564
646 1666
1652 705
216 706
931 282
561 749
564 1695
1223 1510
1312 479
352 1192
750 315
810 790
1325 1112
1337 1556
493 210
237 159
851 418
426 900
1191 963
861 1098
1074 605
1707 1650
1687 1311
1027 1104
348 1462
1396 1694
963 119
1708 789
119 1365
1070 101
99 1464
387 46
227 481
787 663
818 1148
676 839
1347 558
1482 48
989 842
410 1726
897 401
809 998
1105 17
874 730
800 1224
402 830
1744 948
338 522
1586 1465
102 1137
1479 1573
1511 622
204 476
1431 1325
242 269
696 1293
1717 1733
1635 752
1109 780
883 25
1031 775
1423 1046
702 413
802 982
339 1714
185 1058
1182 1258
748 1711
1645 273
1188 453
894 956
1273 942
31 1447
951 1169
599 458
929 572
1033 1325
17 848
131 688
47 949
1426 1337
1354 729
1036 1677
841 1454
37 1356
40 1550
596 1478
1252 365
534 654
1475 1492
398 911
1389 709
806 1690
1507 1081
208 763
1675 272
76 1106
879 1372
601 378
1287 809
1669 1206
1064 1078
451 162
764 714
1153 1492
815 1301
544 1685
183 349
1156 637
1681 1262
603 1129
255 1493
1020 1099
1042 298
885 1685
1730 1244
645 1249
440 752
423 355
846 1394
1252 293
1278 322
539 1594
1391 231
1284 1112
374 609
362 1241
1040 1631
231 1582
1543 180
228 489
272 234
1184 473
639 1238
512 660
721 988
1033 139
377 1241
1334 739
617 613
1065 653
1613 753
852 1240
1454 566
1001 1246
391 196
274 602
654 520
723 1363
1395 652
1234 888
1189 155
1558 557
700 1548
566 989
130 1160
1649 648
555 1185
815 390
1127 1093
450 1523
990 1192
1237 793
1453 969
1384 162
179 1290
1024 284
1521 565
329 521
951 1662
577 1300
1208 862
726 923
1180 965
1700 482
1581 875
1447 52
1201 62
1066 1711
378 1185
788 1643
946 1515
1219 574
241 1239
929 1740
1300 1018
609 373
1287 1412
81 743
612 92
1502 31
926 1637
698 486
482 144
586 1676
1462 1321
521 1011
1408 1435
1666 721
653 1392
177 456
1234 1738
1737 1493
454 239
310 95
23 831
1436 1107
235 1623
698 1224
1326 452
75 1741
1022 240
593 719
1378 1154
227 271
53 1395
540 1724
560 841
1718 739
903 1424
344 1472
797 20
1371 1705
695 943
1665 338
283 430
1353 148
261 427
810 566
1247 316
668 893
238 521
562 293
1565 1463
307 1113
1087 104
865 760
539 1321
1722 1600
782 956
431 25
882 1355
419 532
859 986
150 403
646 1614
1092 1176
1229 1590
1685 869
747 993
654 1034
1269 1015
1138 449
1468 1226
1590 1331
436 1260
353 434
877 1082
307 1719
22 1567
1697 940
1379 180
1662 14
1673 367
448 346
478 767
758 326
945 1179
842 1523
732 1148
59 1344
996 52
164 1401
108 509
89 596
198 1101
1406 906
579 413
1127 118
1192 1173
674 1704
1481 1276
967 1577
1122 709
1487 183
1193 190
1710 1221
26 230
274 883
1356 1202
1345 1090
558 1392
1544 198
1722 251
279 1403
1455 1339
1686 1266
1075 650
1684 579
1553 753
1062 621
1286 964
1038 101
871 673
563 1538
1644 835
1249 154
1699 798
1347 1221
325 208
1603 406
1139 1409
579 1530
633 1403
197 964
635 298
591 1196
753 1230
1688 163
1121 1430
734 1317
142 901
555 913
990 220
1724 442
169 1331
1171 706
1294 383
198 475
133 1129
1405 1148
278 1653
326 1656
113 123
1176 198
587 262
748 1028
292 87
1715 980
431 70
1312 591
490 1386
533 1714
892 1077
188 1288
729 1704
435 307
185 1474
1079 1111
230 777
935 362
217 1072
1306 1381
1041 1677
48 1425
1146 1278
652 898
972 1138
1043 1123
1305 1637
1083 993
208 826
111 626
1710 202
970 1495
78 1384
1132 101
196 17
126 1262
359 498
1320 1576
1679 1320
714 1449
579 905
1034 1508
827 865
1506 208
697 1399
447 897
1184 1713
313 1416
1644 1488
1237 324
687 1102
209 288
1053 1081
908 1098
559 797
83 1723
1190 954
1737 1091
507 250
374 606
399 1059
1677 1445
1445 1316
1357 602
434 923
805 341
1193 476
1122 101
374 371
1697 829
912 276
247 1288
286 599
1471 440
160 1151
1126 232
674 212
969 1002
1652 532
1138 406
1406 650
1399 596
1508 332
336 289
1625 1151
973 72
965 1676
636 925
8 879
110 451
773 1091
1527 1161
401 1189
649 174
1025 159
724 1015
896 139
553 1529
157 1534
1204 1131
79 1158
127 255
98 952
1198 1326
1705 104
1646 788
1492 898
1056 278
185 262
421 905
