764 254
93 1453
1264 513
560 1529
743 846
1128 1183
1228 518
1455 1691
1118 1264
700 1493
688 1462
515 1236
635 1517
584 603
867 187
933 215
1011 1728
1095 515
1095 421
363 1379
720 1332
1080 828
1252 265
559 346
171 280
1740 999
835 1119
1399 419
117 1033
754 1077
806 838
1219 447
314 1507
799 1305
801 549
860 965
1133 1183
487 391
1560 133
104 1607
181 1133
210 361
1560 331
29 1163
272 1544
243 1253
1681 972
19 623
941 1095
1718 278
1691 505
1480 1128
841 1095
813 1106
1495 882
122 1002
749 271
584 301
706 1049
1639 381
1609 1488
1526 203
736 873
1110 1716
873 1155
1458 7
85 511
1081 1594
887 959
965 449
1258 907
1730 779
1086 433
999 1026
226 1401
56 1638
275 1691
550 321
1018 1440
1699 1269
334 763
230 1149
861 238
707 265
866 1601
1698 18
250 955
160 511
103 19
1599 1098
1634 239
1532 56
467 0
596 305
498 1554
878 6
194 420
446 943
888 294
980 306
1415 853
1561 951
1291 558
1541 1114
170 149
1050 124
251 151
360 1018
837 1106
1059 965
608 1722
15 1480
1021 1529
1430 7
898 1385
684 1016
1253 1166
1587 1542
1559 1673
905 1140
1066 1022
946 1635
419 1455
282 793
1704 1263
808 1587
1608 736
584 1577
74 1445
722 1012
1330 757
976 1258
1675 859
933 397
1661 1596
355 846
1159 386
1604 998
733 399
1714 1284
80 1507
90 342
438 990
1196 260
1103 801
998 217
586 927
671 1591
1178 1059
69 1435
198 431
160 727
1312 171
341 479
208 839
1472 578
1407 1174
169 1263
561 1432
777 865
607 303
1555 399
1101 658
1362 341
146 1137
166 593
1187 1743
818 993
240 906
891 1174
159 1015
1029 1455
817 469
668 57
476 408
993 687
704 1235
1725 1741
283 1122
1078 386
99 1555
1416 338
1361 839
653 272
864 1197
1599 1396
825 1461
1343 690
786 1604
591 1202
183 1694
557 1394
310 1549
751 1141
57 1140
402 592
575 174
1504 795
496 900
1700 1015
1646 1343
763 571
360 843
1709 856
163 1018
678 1400
39 335
1705 1382
844 1707
215 744
101 1366
185 874
1564 1119
1660 1397
981 1056
335 1273
322 1672
1208 105
1348 564
393 861
1698 1639
1178 571
312 1642
360 1267
656 1420
400 569
1328 761
1127 670
1551 209
1107 807
449 385
25 353
17 726
346 543
563 242
333 136
1532 794
1371 1619
139 1596
1019 170
185 621
1734 888
82 886
1537 512
178 924
101 678
539 1172
907 1341
1680 1727
1339 408
905 1180
1131 133
218 1062
1058 1558
354 1067
1722 1201
267 1074
1404 1302
1556 189
1122 1010
1138 274
730 674
814 276
1495 973
695 0
2 146
911 351
1152 202
1568 1582
449 490
918 1496
412 1072
1087 1464
1666 209
1419 1588
616 417
1741 1
1174 1473
1102 458
348 152
260 68
1269 645
1297 164
1362 1295
1064 1735
1007 701
1517 1331
1581 635
25 1616
1322 103
1121 1144
1534 335
1072 720
1535 1155
82 604
848 1705
1740 817
267 1173
1587 231
1011 1430
1009 1369
688 1423
245 177
936 1310
973 423
1736 236
784 1373
1111 1147
114 379
479 1216
74 144
1705 471
1656 517
340 1297
1087 1440
803 1415
453 1403
418 896
1182 1634
930 754
1476 1526
1380 684
1282 1255
1448 291
1379 220
1084 1562
1639 59
1564 1659
923 395
72 1119
581 804
1135 246
1425 715
1199 1512
1463 804
654 356
525 543
879 1343
1325 1172
604 792
1590 428
120 146
767 1203
634 843
1034 359
912 1139
1096 1337
1083 1197
1434 1187
1317 1353
874 114
1245 952
907 10
439 1251
1353 593
1449 1092
1413 1419
1673 1374
192 397
598 281
100 1673
907 522
1326 437
1360 1005
423 1471
468 1299
535 35
1728 1317
932 1662
436 1401
1220 694
1268 712
1430 136
1019 1564
40 571
423 260
1527 1581
320 1590
1474 989
786 1311
1092 1116
950 1460
913 741
1439 768
1329 1706
1189 1570
1589 1027
1058 1689
907 1371
72 1725
614 156
1021 81
102 1540
566 1021
955 827
1639 1703
584 1614
837 1110
800 1342
1323 1378
1510 648
38 1159
1346 1063
1286 895
609 1337
816 562
1003 1337
831 1120
1291 1039
1168 1142
129 1528
798 562
938 1447
1420 100
593 907
765 1282
1324 1507
220 1065
259 799
711 1177
135 1675
125 1119
579 698
535 1198
496 660
900 453
150 1012
1389 558
1255 766
1109 292
399 1677
1743 891
63 45
144 1699
1355 303
1107 151
1142 787
1729 170
517 665
1483 1674
502 1054
256 980
583 1559
1725 750
1532 148
773 1689
626 1294
647 1456
1430 1582
1242 310
1389 563
239 516
1653 542
1552 942
11 200
244 1198
97 1431
1278 382
1154 127
160 1203
424 99
1655 1558
541 1330
557 310
1544 1226
385 1684
978 275
642 610
207 1350
1310 1150
207 1714
754 253
100 1178
1390 65
39 1741
1507 493
1429 1449
1195 1472
934 1062
1714 1443
1124 813
511 88
1240 395
1001 1684
957 1707
599 1550
1279 1593
724 793
1139 176
638 1565
942 1232
1288 1101
401 1451
1072 153
1745 662
1121 849
1230 232
73 235
1595 93
213 1394
169 1576
120 1045
212 749
265 51
403 866
913 364
559 1628
1208 990
1274 793
1617 37
1279 255
398 490
1410 21
1429 1483
1249 632
363 712
273 1625
685 775
661 1465
276 1343
1738 736
1707 81
767 1442
587 1625
1084 41
595 37
882 1029
1517 81
817 303
1088 1204
16 8
1160 1120
1140 712
557 264
809 913
263 180
57 890
729 676
330 185
1042 174
717 1655
1073 1711
1468 1111
398 442
1402 1623
744 1549
1532 1345
1480 1117
497 898
1575 1365
205 767
9 1583
1480 931
367 54
1451 1429
1055 1180
237 469
1420 1573
24 1440
1633 1249
1145 79
1616 1145
849 1063
1167 1476
838 1327
527 1170
741 1114
840 1709
27 501
1350 677
369 1074
1458 294
1342 389
1303 831
1165 675
164 392
223 789
880 1402
371 1368
182 774
1484 1320
14 1306
333 397
1119 1176
828 864
1714 670
1482 987
779 1448
731 396
560 474
185 227
1401 281
598 693
279 152
1715 967
1353 499
718 944
1247 76
27 1535
366 54
931 843
1482 586
894 952
859 489
234 1698
815 449
229 1513
366 1281
360 1075
1483 1623
478 417
30 1080
100 159
215 854
300 941
1205 65
482 1017
1670 1326
236 317
1447 53
592 963
1659 1211
1313 728
477 17
921 13
514 1155
432 1510
726 1372
1555 72
245 1124
801 422
323 243
976 1350
1107 137
1235 1169
755 1136
831 1574
1027 203
788 54
54 1103
1080 63
1669 1689
305 53
740 541
260 809
365 1418
639 478
1334 1597
848 464
853 848
1672 1685
110 130
102 773
1054 800
169 870
249 531
1720 1626
136 1480
1400 1606
1643 766
1423 1000
1429 310
1579 448
1658 1073
54 1026
1419 256
576 1574
887 853
1084 141
687 847
908 466
674 1469
450 51
28 1442
739 219
1247 1364
298 274
1079 1038
1192 412
749 102
1048 1287
55 502
1549 1202
1662 71
1147 374
537 1052
937 714
1380 38
1348 916
1708 362
1058 374
1511 391
6 1226
1232 1392
1640 818
849 1622
395 1608
140 659
777 1060
532 295
843 1569
9 282
512 1735
591 1470
223 986
1282 1541
1076 1108
1466 1291
1166 917
1125 929
1331 74
1274 666
1087 164
5 684
853 864
693 1724
606 782
427 649
1726 1523
1334 320
1288 143
1352 909
375 506
912 1581
1334 496
842 173
783 23
1092 352
1582 1542
1521 19
1124 406
807 1704
416 1547
1217 957
150 307
91 444
266 1421
1125 705
56 215
200 728
1467 537
703 684
634 265
508 64
1541 1595
685 830
1144 210
150 1542
1471 1693
1620 897
1077 1151
543 1571
157 125
1576 1604
85 672
464 1620
1225 540
736 1366
518 1093
1104 789
913 248
430 1218
998 1334
1187 1585
841 1475
1485 1411
326 1252
1476 197
837 448
533 517
1195 1472
870 1053
653 308
1417 967
247 1212
91 455
1526 594
716 668
593 981
106 1581
1430 1002
401 293
6 448
220 1398
1248 249
320 553
405 968
529 338
429 566
1168 1226
888 399
528 1742
781 1615
218 826
489 441
543 1259
925 766
1077 56
366 1697
1265 500
1085 1666
825 546
1058 964
355 419
1541 98
1329 668
587 976
578 444
1022 251
885 74
618 962
11 470
760 246
1198 1087
997 1095
1592 561
659 1461
1656 545
453 1531
721 1545
1641 158
1061 1286
1097 648
730 821
459 1509
35 426
720 1648
1492 125
693 1040
1516 1104
399 216
1038 1636
539 610
1737 893
292 523
1025 447
1390 1586
168 1492
818 41
816 1073
1131 13
607 1061
538 1278
1041 1018
350 281
492 952
1631 961
1197 1262
900 1642
185 1600
1683 1570
690 598
1301 1263
1625 17
204 608
418 720
83 944
920 1211
111 324
1177 3
710 339
1089 622
300 1380
1636 28
825 244
1406 7
480 1366
1487 141
581 1587
852 318
1595 124
1588 628
804 406
209 432
1513 1386
765 1328
1132 992
1278 1107
1278 521
258 583
1661 1470
997 1022
2 340
250 1458
174 1309
907 1570
954 863
225 844
1660 1195
703 1338
1620 867
1457 1234
996 305
405 522
1563 1483
1181 1651
970 1583
518 1635
1557 1285
1399 1381
168 1059
396 1287
1575 491
738 805
832 134
699 1294
600 1361
1012 328
1234 1098
1741 177
1411 1535
847 618
1182 1492
38 1051
1294 1179
932 831
1161 233
1313 1141
936 495
1089 819
423 1115
578 415
523 249
615 943
1293 498
646 828
1063 780
1009 340
79 993
207 1337
1454 135
1626 725
1529 618
1459 48
389 1141
344 881
979 872
259 523
490 1502
587 1602
70 299
1682 187
896 1025
498 788
213 424
855 1713
1217 580
627 916
836 1681
1054 1093
1106 312
198 120
817 1327
567 514
900 1594
265 51
592 856
657 1486
1342 1501
14 1197
709 597
134 1550
84 684
1132 775
1471 941
1427 417
1650 482
41 1210
1139 1485
1351 159
521 852
618 132
473 746
1185 946
415 57
328 1310
1084 1044
452 109
530 1696
497 1403
1188 1350
1194 226
348 1478
483 6
763 512
827 97
1533 953
401 1545
288 613
602 1344
654 1698
86 168
1333 277
683 742
1498 1711
936 583
980 1238
1464 1204
480 655
1469 937
1305 224
875 817
1250 1726
310 1041
1694 104
657 1439
693 42
1313 112
1530 1645
582 1035
91 846
674 467
893 643
1258 899
551 481
1292 236
444 31
1245 1370
1071 1604
532 1300
413 339
1473 170
749 686
852 1470
644 220
1265 1027
1642 1559
556 1505
779 1394
142 1599
1470 1097
674 293
113 647
894 725
624 692
484 1745
1719 1246
1562 326
1411 505
1607 484
1080 1448
1238 1413
331 425
846 1127
1637 1173
883 723
45 1709
1053 1403
1417 1208
1191 1208
1391 814
857 454
308 1407
639 504
1672 490
1589 567
551 1240
634 23
955 1093
1039 810
1294 659
1410 1208
1113 454
450 640
203 785
297 1362
247 725
174 1052
1196 47
38 1536
521 974
311 1523
1226 375
400 1017
1365 1659
653 1662
684 1530
1156 207
960 1617
610 996
1061 847
1575 1175
466 1677
1037 1461
863 998
1597 914
861 410
19 1028
332 398
1025 239
1011 1072
713 588
139 237
1168 1732
359 72
412 571
1683 1400
499 1481
271 1608
897 1128
199 1152
1076 966
200 238
595 339
667 660
775 346
1615 442
1121 1410
1274 1102
1694 1708
1226 524
94 1204
184 1167
10 595
314 1048
949 200
1603 1123
534 1132
89 206
238 1121
277 391
863 75
1011 829
401 1327
1162 83
0 744
286 1430
329 1442
608 96
604 144
1402 574
289 809
795 871
1398 1460
1317 838
62 1057
1321 1195
266 854
795 106
1246 1027
1394 1666
608 1456
1006 760
1050 1566
985 1676
1218 1655
428 1426
1309 20
391 95
84 1301
91 332
563 446
833 825
278 347
1263 1308
973 1644
1279 1069
792 815
1544 909
670 1100
122 1629
527 1441
526 695
870 743
248 1362
1564 641
1298 1106
1215 122
27 1318
1731 1364
1013 1516
690 1176
156 920
1253 100
1122 954
1105 1085
1471 681
489 1463
574 866
1739 1671
1300 715
652 1131
453 425
179 725
509 1248
1627 1081
1709 1338
1237 1248
1389 788
197 1055
1633 236
1114 1138
560 1286
560 1573
1264 470
955 1260
1129 240
1198 1255
152 1253
124 599
673 467
1523 953
878 725
66 649
1348 447
379 1631
1627 1446
205 899
1280 1736
986 597
1376 286
839 1647
784 665
909 1302
1512 742
701 92
583 1002
587 1689
1113 732
1430 1048
1349 1114
1671 1692
580 642
893 1177
888 1374
918 1627
1617 180
1140 344
1497 1566
682 606
1312 487
813 1122
482 989
847 508
301 589
873 1189
1619 1102
1270 170
1264 339
1021 104
1029 32
845 976
1342 1060
1709 1032
1005 1034
428 98
728 1127
36 1398
690 1625
373 105
98 186
670 191
1704 93
960 1654
1635 532
1430 121
407 858
359 66
880 1587
662 1203
1129 268
1587 1527
634 237
1413 1685
1368 220
1240 155
731 1414
519 230
1290 1021
1017 521
871 449
628 801
589 1341
241 1440
821 1112
1514 119
439 1219
432 319
754 1250
28 1595
1286 582
1296 76
1731 1391
46 793
1623 905
939 1431
87 17
444 1067
507 536
1072 655
1380 1518
1342 1134
1544 546
1016 123
600 207
1231 539
1040 607
856 593
1031 1324
921 643
754 403
402 1545
1646 1277
970 1403
1500 657
1655 182
853 352
682 668
264 184
1236 1214
914 893
577 525
598 1059
1043 454
487 461
15 1601
481 393
1684 1273
867 1644
1569 7
111 625
692 1061
102 406
536 684
895 1417
13 1418
1123 1563
1216 991
365 546
601 1094
175 543
88 748
1310 33
216 1353
1297 49
137 1266
50 1745
414 229
309 178
1379 1024
112 527
1361 696
628 86
467 1634
568 1022
1142 615
471 1050
1337 281
169 1542
996 1034
394 1531
153 1075
1046 805
794 842
343 249
486 1210
1252 772
532 338
472 1692
792 1175
787 1430
471 745
1209 1287
1493 636
1298 1559
6 1531
1686 511
735 193
1664 1092
928 1291
194 173
1222 942
1570 876
1684 798
1674 964
1534 1474
1207 1176
1618 821
1086 343
1477 1092
382 1117
498 249
1468 1667
1222 1192
1627 1453
737 334
1344 750
1054 1562
287 1020
441 1339
815 447
364 1126
590 1390
929 222
1709 1544
592 813
261 728
640 737
600 1084
425 503
716 1608
1625 1200
363 1246
1623 221
1491 166
1089 347
350 229
505 355
1393 99
1552 773
944 1641
388 1722
1191 284
136 958
60 1367
1064 1612
1056 1568
1215 573
706 1561
859 85
1624 1244
811 752
1688 1461
688 1729
1261 900
1512 619
698 170
759 1086
1548 705
74 1661
845 896
1586 1039
939 17
68 1356
782 140
975 35
1324 1610
1545 1075
761 1185
1234 665
1683 430
368 125
3 83
51 1294
499 863
184 1702
1493 665
596 1041
501 781
1570 1388
1040 580
689 81
128 926
1600 120
1627 1067
222 43
1113 850
1723 753
1449 1672
971 554
852 589
82 841
342 1385
71 993
1491 557
1005 935
953 1134
407 133
1088 66
1050 365
1235 1141
39 1579
417 1605
147 459
1271 992
189 1042
1134 1534
488 1007
28 1184
480 1633
211 382
89 1418
914 1160
827 1608
129 185
916 305
268 1534
1449 797
439 916
1697 1343
325 833
1397 644
1604 1034
775 1026
440 173
785 345
74 887
644 265
1268 1405
1246 1391
1681 1601
390 1187
973 454
118 133
776 959
316 1620
1272 1219
737 1166
189 1357
1555 61
979 532
145 1726
1075 525
737 128
272 841
959 1702
28 1185
1054 584
951 1499
46 1159
76 1515
724 639
267 659
628 1415
351 99
301 203
98 349
582 917
1534 1191
567 629
39 1369
180 1319
704 1626
1214 143
708 638
90 238
1371 94
1557 531
1105 617
1688 1268
1628 1377
647 274
70 376
1388 646
730 536
1592 167
786 730
93 326
1724 1320
1449 258
1734 1466
1744 1183
1336 1192
1556 384
1065 1105
1258 385
1097 1377
450 1365
1420 1735
46 200
103 934
195 1174
414 1213
1587 514
1056 1260
1645 505
1006 139
352 948
618 994
1568 1741
1422 1511
374 292
123 997
1679 1106
367 1506
1531 1235
719 170
786 94
1084 1076
1512 117
484 424
698 49
1341 1282
999 38
1549 1530
462 717
871 1483
1540 1706
511 176
1377 122
834 88
100 1516
450 1687
1476 392
1105 1696
1288 1510
889 922
1236 810
192 897
1420 667
1511 508
380 515
267 79
797 93
509 207
1662 207
60 512
1492 596
404 187
21 1347
682 1173
1421 171
531 815
1319 1010
238 1407
618 1264
1068 447
1469 1047
836 595
921 939
182 1099
965 537
1500 1497
488 363
1561 1028
596 456
713 993
936 87
1386 1291
63 934
117 317
559 133
1332 1057
335 127
426 1459
425 1471
646 749
70 424
1363 1516
505 1279
1267 559
1318 208
724 1384
1318 487
558 471
1518 1120
1735 189
599 1539
215 489
904 1548
1465 707
154 1290
216 1557
1125 1348
771 1501
32 303
585 79
458 870
976 77
1226 1232
767 1442
661 566
59 26
1744 1403
1096 1379
1514 905
1229 1046
773 1628
829 1257
711 1660
1305 908
724 1441
198 1006
188 147
584 76
417 93
1428 1048
614 1616
1527 1356
478 1706
1723 342
1643 789
449 1731
646 1059
1665 1327
1697 1475
1421 552
1062 738
584 911
250 1471
1130 1491
779 1308
1272 1411
128 1369
1696 950
965 877
1212 751
813 1387
720 533
1068 1441
35 1050
1097 1128
865 763
833 506
266 178
968 1019
492 301
336 825
962 216
147 341
856 931
1420 1435
978 1397
973 966
924 475
1067 57
503 1075
756 1425
1274 411
912 933
712 519
1263 912
1614 379
1154 1164
1490 679
546 681
685 1731
749 651
148 773
1531 973
1484 817
1199 1128
1722 1348
1735 582
371 58
775 1008
238 1339
296 1550
948 938
159 1135
221 1448
1566 1337
171 820
1486 578
1031 801
853 455
993 424
652 1153
636 1008
1582 844
1021 378
950 1741
326 704
1021 1469
493 17
1258 1687
1444 1379
1534 1504
602 969
1727 1002
1032 722
724 1111
1089 255
1542 1178
651 639
736 563
1114 766
212 458
1691 1401
1183 1537
1094 976
1349 1010
616 448
1490 1389
822 436
1617 199
200 111
685 1097
268 386
95 178
106 521
209 1209
1350 1310
866 1177
792 1072
1508 1579
1187 1449
990 1215
1719 163
1334 825
253 1458
1 969
153 297
68 608
971 1611
825 419
13 771
588 1049
1135 617
1705 1235
1654 844
554 958
1255 200
958 1269
207 1655
853 94
924 1693
1462 285
276 367
740 405
555 769
451 608
325 1080
60 1472
687 1295
643 825
548 1734
1422 1081
972 1101
417 162
1082 307
843 1067
1039 1591
1498 166
1243 1568
636 799
381 305
858 623
1399 1727
339 739
1431 7
1435 522
1413 1344
323 916
1296 490
1020 1738
11 784
1712 232
1615 276
229 381
1744 553
607 1426
858 972
467 878
1136 1638
1058 171
403 1591
1399 1721
945 1644
533 419
511 1390
893 350
277 1014
471 653
710 828
1089 199
1587 572
1224 1467
1263 352
1515 610
1017 1142
125 858
1599 688
297 921
19 995
253 669
1133 797
1682 441
1431 1303
1036 852
1594 1623
1338 42
356 1442
661 1170
68 1474
241 524
811 1253
625 444
752 1183
1210 1551
1044 1307
449 499
229 618
725 253
316 1560
973 1084
465 144
171 1672
1349 514
738 1716
1287 538
1378 30
110 324
1217 578
1515 1096
1154 1297
1325 555
1417 101
440 131
1151 412
509 419
1422 1303
501 177
878 489
727 1244
1029 1498
768 1625
743 1
1506 395
589 517
200 882
20 1332
1614 475
115 195
300 763
555 1656
1569 100
1735 895
903 115
421 1477
788 1566
1482 508
855 368
1726 1125
447 1153
505 1476
678 1399
227 491
1233 671
702 1399
902 1475
381 212
752 1456
1668 609
725 731
11 213
1365 638
79 619
871 1182
1463 1196
529 905
1286 1294
1080 1413
1581 383
851 1267
114 924
1676 1446
74 293
1310 1471
157 664
1391 1582
152 537
1322 1388
872 698
1212 666
859 1008
474 504
1145 249
591 141
1048 134
809 1188
1339 594
1222 473
1631 1285
65 1057
580 176
974 565
1619 1545
841 1587
1562 318
752 897
353 293
1314 205
1048 492
369 1444
1442 1710
422 742
949 352
904 1469
1050 578
1642 523
36 309
790 666
651 251
250 487
936 1298
1579 257
827 761
698 1084
1533 1011
1324 957
1593 1336
355 1365
15 864
1314 340
669 165
588 795
1540 1006
1724 1654
49 241
778 1626
907 951
322 676
627 1008
77 1356
1367 929
339 423
288 122
806 823
1301 971
317 1525
1159 1693
1625 165
1364 874
530 40
1502 1468
688 152
904 184
1552 1565
944 500
456 409
505 638
961 950
127 411
1114 1030
310 1142
765 1015
344 1082
1004 1251
192 995
1442 327
1667 263
1304 317
1711 355
113 1189
1582 766
694 213
1672 1202
995 424
328 1322
1514 369
221 692
64 1034
1395 145
1443 1498
524 88
1011 243
385 1045
1445 1338
1184 1455
541 1097
557 1267
925 816
992 1449
1386 146
407 837
1355 182
1309 1303
978 7
45 390
1069 1426
486 102
1169 1636
1329 684
161 472
570 800
1227 1256
581 765
397 560
2 1087
155 487
1169 1402
130 872
1591 1247
286 1111
404 1202
443 1385
461 1240
1481 1002
871 16
1121 1084
973 0
1000 112
583 870
35 653
1494 805
712 1503
903 11
1727 889
1538 1231
1617 1012
506 1335
779 1226
1566 271
858 128
549 420
1651 1563
1183 740
1683 1049
1147 932
1410 1032
454 463
573 975
1358 891
693 1473
527 656
1229 633
815 459
870 142
249 1207
839 1419
1090 1272
1222 1152
62 284
145 618
1428 988
1459 1035
1736 1665
1471 219
841 1563
816 840
1256 1274
580 1195
725 814
810 655
1256 304
120 158
719 534
1334 348
642 895
1354 747
716 136
262 1222
1743 1334
18 961
1363 1696
1409 1676
134 1533
1118 146
101 524
15 721
864 1616
1514 693
1716 245
300 363
277 1469
406 1070
1200 859
1150 1215
122 558
640 1609
534 590
1396 1322
1297 1537
701 1228
932 1148
1159 564
1705 147
964 820
945 637
1687 1417
1728 1213
585 85
1443 205
907 143
1680 193
1743 643
1063 878
1588 879
1707 810
1352 934
1722 1150
313 703
954 1213
1480 1436
1159 171
468 23
488 1214
779 107
1197 176
835 933
7 321
772 1475
1262 442
1544 1273
1533 1170
634 832
1481 1134
1260 1024
347 471
1180 1589
574 1709
489 1154
179 518
519 1592
1467 1435
1462 786
648 1494
142 665
1440 676
911 201
1366 1020
1641 907
1151 1318
347 1524
1011 520
551 329
1652 1343
16 1590
121 174
1703 1389
1212 786
160 1605
115 1454
31 1239
1297 568
1360 1672
1099 96
472 1011
645 1119
338 301
1317 1553
339 1033
929 1100
691 307
868 885
487 545
964 1475
1430 306
1058 581
1514 126
268 410
103 498
1651 1449
1390 794
1373 247
118 1158
302 950
743 1248
1650 682
1081 1181
1008 217
1527 420
1502 518
1195 1197
1677 856
414 642
1204 1252
811 1097
35 1692
1625 459
1390 1716
441 1432
689 1720
131 361
910 1003
121 45
1670 1219
588 503
894 990
489 402
1534 1320
468 1666
1396 1715
446 108
1714 649
137 859
750 1279
554 1267
379 1347
794 1674
930 575
342 763
1194 144
638 732
710 857
1439 405
1183 1618
1579 1742
1745 880
1263 67
490 909
1104 1236
1664 284
851 825
1721 275
171 1578
1115 1499
258 206
636 692
1340 958
231 814
482 1178
1609 1547
901 1242
1530 362
40 260
163 43
1593 728
455 354
1326 1107
576 1325
324 1333
455 697
1375 82
1528 1455
1274 312
1397 1432
1212 780
1744 843
1672 1632
1241 1741
71 48
1384 719
1208 442
1691 1582
623 1598
1569 1111
1665 881
142 208
251 1602
1036 1398
1387 1479
253 1057
12 498
1070 1598
543 359
20 678
1234 1426
824 489
1733 1472
1708 1595
422 1247
1246 1173
313 542
968 1212
1339 1574
984 1396
1469 855
1561 1465
1399 216
1016 754
828 270
1186 1696
923 1018
1567 876
1218 906
1648 52
1501 1074
1470 1272
1667 584
1351 45
782 172
1006 372
1276 227
451 1386
518 432
328 1607
974 221
1063 768
761 895
636 1296
552 1264
464 1157
1325 897
963 1681
250 291
1321 1626
1633 266
785 613
939 62
1163 1399
649 130
822 1324
1024 672
1657 54
1143 633
1469 1274
41 1508
187 1154
1480 875
1541 1665
1450 628
200 286
1327 1269
1168 1333
147 459
523 300
793 1192
1165 242
249 255
836 208
1385 815
1020 297
1098 1361
260 1228
442 285
739 220
613 314
1398 796
832 1584
1259 1169
609 108
1122 489
434 568
1439 1169
357 735
1218 1220
1535 690
822 1480
630 1604
485 713
1348 820
188 24
967 1205
934 627
1257 1394
484 754
1087 633
1015 1399
1613 1256
872 245
1698 706
1413 1212
964 1063
879 311
695 660
595 1680
1006 1047
74 978
850 1549
983 1736
779 1318
1505 1177
703 377
1560 1525
1657 1710
385 93
325 136
1228 1415
1507 453
1693 1257
994 801
558 1324
167 148
206 1647
201 156
1128 1040
1330 544
1605 1739
1279 960
1286 105
1690 825
515 1349
1581 379
1631 1528
676 23
461 283
527 982
45 1533
1222 1007
888 1338
256 1465
751 1251
1559 1579
1524 269
698 857
1172 870
796 798
39 1722
1585 621
14 269
1196 1170
742 887
532 254
193 522
219 1365
1537 51
989 304
636 1455
907 1250
332 365
213 51
331 1098
775 865
1229 1181
341 1047
1161 1479
391 1545
1325 355
1545 437
1085 374
995 116
530 253
596 1705
642 1030
1199 1254
1534 1632
254 603
1094 1549
1715 1150
1478 1340
207 931
688 1703
1361 231
1261 1360
499 991
224 1648
1553 1020
354 360
231 1717
745 1299
503 1452
998 807
950 1278
956 129
391 82
802 1704
1624 160
543 383
1170 1595
861 1687
910 347
266 1075
1442 574
1037 1408
1722 297
1514 220
440 85
136 112
182 664
1188 1529
600 0
178 1090
957 614
501 1640
1706 805
1551 1420
1468 412
341 400
874 1119
1376 8
176 1017
1497 268
1106 923
327 77
1112 1136
110 35
715 50
1667 806
2 1433
470 875
532 169
77 394
198 146
758 144
1273 1567
1561 732
255 1531
1001 469
1657 1260
297 1035
1659 770
1383 296
1420 1221
1181 1714
1687 1682
1302 1703
1424 488
1488 653
1010 1449
369 807
108 888
1062 877
367 950
29 1446
934 723
948 350
987 884
1078 557
1012 486
1124 1317
1106 724
708 1573
78 1679
1219 1503
73 1238
1476 337
476 317
1296 1359
575 140
613 746
1306 1303
1700 1133
878 341
1278 1544
1388 636
238 597
529 321
88 1598
1483 1557
93 1333
545 1214
972 666
98 288
1233 994
183 407
1674 1323
579 1355
605 1305
1656 1446
1700 284
600 159
208 546
454 1261
383 181
776 370
198 70
1429 266
757 1387
1046 1636
1683 884
159 1164
1418 1403
1374 530
1457 997
1179 1373
989 1020
949 844
136 454
1455 375
344 514
1315 1641
628 563
855 1188
1206 786
374 1514
462 73
576 895
1404 1484
652 310
784 1714
1358 373
1597 1511
1055 852
1100 146
1076 194
987 552
580 1437
832 1314
1465 590
783 1187
1406 485
74 1286
1252 1741
1484 1389
1744 254
1220 376
259 880
1116 715
983 1350
1151 902
239 1575
1071 1037
73 1000
599 1687
65 86
870 1497
98 1234
1427 877
1121 347
42 663
907 537
854 1092
784 1421
542 521
1248 1601
1616 297
557 56
321 1622
767 672
867 378
934 599
823 1508
525 942
274 1622
356 1677
31 140
322 1710
592 66
62 1253
730 1164
1150 481
819 472
509 1484
1189 112
1070 1624
722 583
184 1393
1414 976
697 1019
782 1544
299 1671
1163 1172
685 729
661 822
1547 504
219 218
1279 96
617 541
1637 751
1356 658
140 8
1186 146
1060 14
1233 450
84 565
378 720
656 17
1095 548
1377 449
135 1067
76 456
696 1178
631 72
956 618
976 1697
828 472
224 60
712 58
536 1066
814 1282
811 1267
1152 1396
1310 1561
1211 1159
1204 1665
1545 232
24 1159
369 760
641 1624
1627 409
960 1742
1613 970
228 696
1533 1128
32 1058
350 908
1111 1357
97 1714
307 949
1034 1423
1257 689
1539 815
1369 1231
585 1591
6 1395
1241 1637
861 1106
420 639
984 420
325 1500
240 269
1520 926
1436 1200
917 1337
137 944
1710 118
613 40
885 1591
732 707
1151 1561
685 1412
689 1442
976 1268
339 898
1716 870
1728 497
174 1465
344 1056
728 1740
251 1012
1659 541
1579 674
1112 683
1481 845
1456 1729
1612 51
240 937
919 1518
350 669
898 1016
1429 1179
802 1695
675 1454
1279 623
150 840
429 279
1670 1269
1544 35
1636 1594
1256 724
70 495
1315 138
425 365
783 769
1281 18
1244 1743
1129 996
906 1136
1616 1472
588 1375
869 1488
416 838
727 419
1443 1659
981 650
113 665
437 874
603 1495
1726 668
675 245
1325 1231
1211 997
1683 448
174 1338
1538 761
987 1597
767 895
331 478
1304 1302
414 686
998 1402
1705 1312
596 345
410 264
1288 878
1463 508
1739 903
493 121
754 423
1208 411
375 1080
1031 1686
1363 1375
1216 1260
1707 1349
385 1661
1526 321
1682 1282
107 416
754 1115
388 400
857 26
316 962
1708 459
968 1039
201 1414
320 198
1721 1332
894 854
125 1254
707 914
140 454
1165 1324
1304 693
1671 1254
1394 273
714 57
840 1001
1021 1499
634 1616
1542 31
463 681
1199 804
503 467
344 722
581 509
396 375
1378 805
501 1558
235 0
221 55
1164 431
516 875
1408 1444
1714 527
1241 393
1599 1312
1089 323
1520 446
169 876
943 1460
1059 1604
156 229
1426 1682
573 1050
1661 929
200 579
1710 275
16 84
859 1095
141 842
107 828
303 761
989 101
1217 906
795 172
1074 1265
1193 161
1038 1671
708 796
1003 18
1344 1293
1185 1016
304 1059
1707 352
1241 1556
1159 1053
1182 235
1549 1612
948 1064
435 1582
588 894
849 1047
445 416
930 524
214 29
1075 1740
176 270
1439 1180
1401 518
214 850
760 314
1050 1444
342 92
1011 947
565 1385
1042 258
682 263
677 662
665 595
808 678
1082 1702
403 1614
239 844
1096 85
1646 1730
0 1643
1260 998
580 348
1199 128
1169 31
414 1265
1182 536
1013 531
83 636
1184 42
41 112
325 48
1369 160
0 1741
1612 1330
404 1630
979 1311
205 511
186 1321
150 1494
994 422
295 485
861 905
1141 1540
218 531
1123 479
4 121
1632 890
172 1257
479 1714
1662 436
543 619
1446 426
1447 1250
1218 151
1159 1225
1469 1542
1085 707
263 1021
684 610
501 1555
89 1504
1444 109
775 1169
1027 1624
197 1437
178 637
1541 791
1406 393
1171 405
831 148
154 942
347 669
1191 125
393 760
1482 621
1068 838
376 541
1519 59
38 986
396 181
1235 841
164 95
567 352
1129 15
333 1412
1476 1132
743 802
1474 1420
223 1382
17 359
499 1357
867 1339
733 570
1221 947
267 1121
152 1151
277 1742
1386 540
1655 201
1616 744
119 1259
250 1476
1285 285
47 1102
197 772
595 356
832 1264
1144 839
1733 60
706 699
1041 957
347 1476
567 270
1250 972
1575 66
1334 1097
729 891
1262 1625
1325 117
804 567
1132 670
1030 1474
1530 476
1321 636
1006 15
1598 1568
1558 1233
1470 538
1296 1282
168 631
722 413
377 1007
1068 484
592 1404
1005 1052
651 290
1115 725
958 12
1708 1526
1151 337
1541 738
107 349
1476 104
1058 1739
1504 205
533 963
950 1428
1162 1343
1548 1036
730 1212
1066 459
1363 927
614 154
40 1137
586 1450
1633 1479
10 6
132 280
542 531
980 170
43 932
1694 160
1644 364
540 1101
1096 1033
335 287
553 857
58 152
53 120
965 1597
71 149
1740 1419
174 841
82 1385
1424 678
1731 1358
497 499
171 559
1470 1701
1178 1599
1144 1078
493 44
536 678
1652 1024
650 601
1182 1729
1205 1142
1427 1170
1461 521
235 448
215 1420
1513 1433
422 824
327 615
89 1105
406 303
579 164
1615 416
1381 1525
890 435
1637 979
132 1129
282 1121
996 749
1652 1337
525 1731
1554 1672
643 1189
910 861
470 699
152 73
347 807
849 898
85 1282
579 1669
304 832
75 887
580 1548
314 492
609 1446
1520 227
654 613
82 1316
655 937
1191 371
740 1739
1261 502
1505 122
476 1544
1302 1379
985 343
107 46
55 1371
391 753
352 343
123 739
1391 516
1194 1269
388 299
206 352
232 186
1589 1562
929 190
547 1222
252 936
1145 783
1237 11
1529 310
794 691
901 659
1568 248
121 1378
1293 17
390 1107
1053 1095
192 259
1557 1108
1494 619
1017 346
1589 412
78 1098
651 1647
1534 151
666 192
399 796
1141 395
301 1670
606 319
776 165
1626 659
1527 1613
1460 1098
126 522
753 878
979 1390
1517 1726
1516 435
941 748
32 1037
262 1374
67 1037
39 534
1646 633
80 1687
1420 1358
266 296
804 1088
1521 614
605 1533
33 787
1179 755
1624 1468
708 1413
1174 832
1575 1299
1664 1625
1678 715
707 302
356 785
739 965
380 100
254 233
589 801
1633 1098
1173 1390
527 804
1730 909
365 172
15 1197
219 937
1217 1055
996 309
1127 1078
833 1440
899 950
950 131
1226 1236
8 791
1738 262
302 784
794 1025
29 1666
1001 1596
1663 1535
196 431
326 1442
224 978
1728 817
363 1277
325 986
911 1512
712 892
687 1413
546 509
1008 1282
125 1119
1362 1233
1517 408
952 1375
386 814
1346 1680
1362 105
477 1095
618 1010
1551 418
349 559
1309 1458
645 1637
308 1199
1675 518
1079 1069
397 778
939 1243
802 1433
1409 31
232 686
952 1496
1471 521
371 1329
550 1233
1323 1611
405 1347
522 1149
1441 1052
1657 373
1148 573
307 1342
595 787
1090 1434
357 1350
490 521
441 514
808 1360
1035 1393
180 109
1736 343
306 575
1706 529
1109 769
862 498
1270 222
1693 817
645 1410
311 1531
1106 1272
353 741
388 1739
896 489
1574 949
1321 764
321 1197
55 743
1096 734
1169 850
425 558
1426 933
206 332
423 678
1395 930
188 1706
515 588
1725 1579
799 1296
881 1652
587 1442
1309 682
168 200
380 1057
976 695
299 1707
1540 233
1032 0
1073 108
1094 1490
1440 153
88 1688
1019 1744
1358 1638
349 1127
349 1484
618 595
1089 552
905 1694
560 835
1607 1735
602 698
1374 1457
165 1078
759 283
582 353
281 949
1577 492
1035 1223
798 1027
1589 1147
1040 1628
703 956
822 925
1481 1457
1215 1022
120 1443
261 1092
750 1471
592 781
492 383
1332 134
1033 1647
1063 865
1085 5
1635 1450
495 1561
517 1613
718 1636
234 1708
1722 213
78 657
1725 487
1588 213
71 46
986 251
973 1038
1610 1646
266 62
185 1242
1712 146
182 1081
363 1526
1178 1300
372 154
996 742
175 873
663 430
399 112
1522 1011
200 78
1691 1491
1661 164
515 1520
698 1436
1170 1527
602 692
345 981
709 1249
1002 1441
45 1297
1112 1526
879 1461
1415 1172
1649 1413
1319 520
921 1067
840 2
214 86
520 89
521 1580
557 1040
1231 209
962 30
285 1116
194 622
1694 1730
1692 1132
869 643
396 1276
359 518
1117 1679
49 1464
1205 141
1575 486
637 1644
977 424
1541 1473
1578 1116
20 1019
589 1312
198 60
1054 1632
1231 1672
241 283
1265 1593
793 1710
446 347
1592 1530
1078 1137
1037 318
811 952
1006 1250
883 749
84 818
589 217
237 547
1376 914
793 501
1509 620
689 1431
644 1336
1426 911
822 231
1189 1152
1514 1293
631 690
415 221
1213 873
947 1484
605 1407
1348 259
15 1730
1332 1290
1177 248
987 513
1272 1637
290 680
1745 52
1570 1268
1365 1605
840 1068
728 1466
534 1280
216 301
561 320
1554 391
1595 383
1238 1098
1391 1212
1350 569
1045 1399
1061 1327
1161 986
843 1702
975 1000
1337 1061
691 470
493 1396
83 319
1145 1184
498 562
540 428
31 666
1440 749
668 1614
1697 2
1669 1386
822 529
1045 1285
598 1249
15 340
1276 367
117 100
598 754
826 1171
249 1270
506 426
1012 745
1712 691
1466 843
1002 795
813 1014
1044 1128
291 833
1246 535
321 79
777 255
1045 59
429 557
1662 758
1520 302
857 497
595 1641
145 208
518 587
1090 339
1275 356
1744 461
849 1273
1041 287
384 417
676 1035
1636 1038
135 1123
823 388
1468 137
1311 893
1205 1069
1648 784
1705 902
912 1132
179 589
1590 955
1387 1497
1156 809
685 1607
161 620
490 853
519 443
1523 1477
342 34
1202 626
1234 1356
1077 908
1128 1721
100 603
1644 198
375 529
491 890
920 1182
1228 422
1728 298
1076 94
1668 1353
315 356
586 748
359 1553
799 142
1290 211
868 531
66 137
842 79
436 1147
535 1693
402 1676
1149 947
9 671
303 1498
913 1713
908 1069
508 670
570 108
665 1195
1130 1535
1690 1622
391 545
856 1225
1600 617
186 1264
467 1514
964 1071
1209 961
1066 1714
407 298
1541 613
1080 130
199 1668
643 221
689 1240
1137 12
1272 1309
1213 1593
948 1225
1220 273
794 268
241 261
489 696
1355 1351
1549 1530
1242 664
578 211
1715 1258
254 1367
965 1140
378 1329
34 1591
1296 1512
1461 1111
281 1139
1594 807
1603 569
1227 446
1739 559
1324 805
1231 1144
1085 588
1694 210
852 788
873 1029
1302 50
385 1721
771 1227
536 821
346 859
341 1413
1109 427
1402 711
386 103
1020 1067
1648 1150
806 27
525 1340
839 1503
304 1513
137 299
590 1698
1181 615
758 161
959 960
1216 1431
235 1370
287 327
485 1095
1318 1428
539 1099
690 1734
1083 789
1350 1342
675 1197
598 927
942 561
94 811
303 1225
1363 358
1496 1253
386 1264
103 490
1396 1599
1135 1666
1367 1091
1222 1310
944 1440
1607 254
986 438
935 1599
855 77
1153 378
1301 520
532 1095
1113 1540
615 1508
1294 1329
1416 397
526 1353
761 612
1044 340
1127 1608
803 1159
1446 1252
272 213
1702 941
574 526
687 1127
876 988
939 1273
1181 1441
1712 208
216 727
1657 814
288 1381
1622 542
1723 747
1083 1327
385 686
866 1722
1382 1474
1717 1688
363 764
1334 318
1474 559
1008 1103
1043 349
1603 676
1500 470
1050 1719
1538 143
1253 495
811 1493
1321 1460
544 1381
1440 1042
682 1244
1608 825
927 1074
90 1692
1391 794
1463 847
532 360
1214 283
460 299
492 1356
1595 1251
1433 427
1481 1601
1442 558
1405 1250
1567 48
286 1650
1723 243
1537 148
1032 1673
985 119
1181 860
1291 1376
720 1665
1273 1554
728 835
295 296
1295 816
790 1026
116 1307
1442 535
1299 468
1567 1183
1511 652
1708 624
728 861
1583 1369
80 2
1118 1598
1301 535
831 308
1348 745
878 1605
1462 987
1366 1316
859 1063
1480 474
1716 1279
7 423
460 1396
486 611
1609 1151
102 53
1363 626
528 1005
179 1502
1503 1462
1180 103
714 990
332 780
1133 573
1128 1560
494 1527
1693 1071
753 1137
356 1006
291 609
1555 1466
564 162
764 1332
1267 277
469 695
1317 264
568 882
1503 825
740 1405
160 1694
1362 923
1396 218
192 417
353 151
868 934
761 834
1100 1015
140 185
635 1661
1177 308
1551 637
627 1102
535 1164
1009 520
620 1403
1587 1158
1081 1393
1435 448
1723 1344
1013 887
1509 206
1189 336
756 1262
470 714
1085 1389
784 149
1087 743
1290 408
736 384
922 341
1380 513
1275 1374
546 1614
515 1342
952 1588
1636 1005
1311 660
1101 462
1704 968
893 978
906 1673
625 37
850 362
576 1134
753 721
1593 1583
227 370
933 1263
713 782
1365 634
241 1450
167 582
376 1628
1403 1387
836 834
1657 411
846 564
1169 96
1710 40
1047 490
755 5
530 1445
1620 1028
1015 954
1723 1725
420 916
1377 719
1036 488
1169 37
302 1104
851 474
1642 1141
976 1699
619 124
422 37
900 1597
1138 385
845 195
291 1122
640 127
927 403
676 1230
366 476
1638 1362
1394 153
84 1211
814 709
1695 430
1192 1468
17 1600
17 823
575 999
1244 970
831 1098
1703 964
245 482
574 1121
1147 1344
585 766
1319 984
1742 699
1273 1713
971 1578
1484 1672
463 919
1567 1670
842 1019
1481 880
1526 479
83 1191
1059 1500
74 892
248 1416
529 1331
828 857
1126 780
130 699
1233 59
846 986
956 543
1121 1170
1513 31
886 240
1027 1278
976 105
599 757
52 1323
1188 582
677 1570
1234 1605
950 1037
1442 149
578 10
1511 146
973 635
1380 436
1724 897
1249 642
283 1483
681 27
1173 1601
566 498
181 963
47 353
242 1344
618 1609
539 1524
636 1193
1694 304
1367 683
697 882
1178 1730
399 1023
842 1649
1323 363
1395 62
1588 1043
1155 1688
1107 1217
1445 1246
1081 1626
1694 1497
1492 341
886 1265
964 1581
1351 493
78 1026
84 1349
875 173
424 1201
377 1047
24 1327
991 219
302 903
1115 1215
1486 583
1304 1307
326 373
1060 1012
937 1538
1227 1674
1271 1305
1410 1245
735 1351
1593 273
173 853
488 1626
341 1115
184 945
997 981
386 416
908 1448
381 943
1356 913
654 1249
1555 1097
702 1365
322 1655
273 1269
1428 942
1471 224
1587 440
768 1729
127 498
1665 1373
973 770
1711 1573
1060 1043
942 856
1427 1042
1019 310
1035 1230
1701 1607
47 1745
440 685
592 1555
896 414
1004 587
1113 15
128 962
536 360
1491 710
941 715
1443 1670
719 874
964 1056
461 709
1169 634
1220 1189
450 671
1040 455
1743 304
1426 317
429 771
199 1175
121 1689
1097 1426
436 1006
850 382
458 874
526 159
1010 92
1219 1531
1623 1603
173 1444
826 539
1559 1434
1655 339
1294 1461
792 309
1547 763
343 793
1546 451
651 1003
1198 1578
1022 28
1612 981
1718 755
662 1495
1571 884
1508 408
824 1398
1320 877
388 1423
884 733
553 1089
194 482
964 1552
389 483
1286 613
1131 103
954 109
1563 360
1115 966
1621 677
833 832
472 72
842 588
447 211
1177 1740
268 206
714 564
216 890
573 1016
688 1736
1084 1424
1064 653
493 918
434 870
230 168
629 1075
378 1135
871 1285
980 759
1468 1005
1721 1446
1324 472
189 1731
773 239
1731 1637
1195 935
1694 427
443 330
237 829
1664 36
1490 1012
221 1192
79 1281
960 396
19 287
1093 1016
762 450
1564 1725
1683 670
1597 1158
18 871
446 426
1186 145
655 569
1332 300
1745 211
862 524
375 1186
1001 851
714 552
525 312
1618 718
1585 369
792 417
679 460
1326 1722
878 478
477 972
1522 1667
841 975
1191 22
718 548
786 973
35 1587
360 714
1722 1449
1470 537
1378 386
904 56
758 1715
51 717
492 588
1027 730
653 585
42 1536
1037 588
603 254
166 1018
1305 1253
181 405
1532 204
404 671
1458 145
23 1439
28 1726
544 578
663 869
546 1621
595 927
1550 844
1088 594
1345 574
919 1617
277 736
843 1410
794 656
1 1156
1095 197
449 1294
1137 24
193 954
102 732
471 1118
1649 233
318 587
1556 1204
1262 357
1011 1567
1712 331
404 702
199 469
59 1651
1556 925
1682 1058
654 1073
1117 1114
422 1402
1603 1172
752 196
1503 1482
263 936
1496 283
745 1544
372 639
653 348
890 1238
34 848
177 773
506 571
676 1028
1313 558
110 1017
608 827
1577 86
1410 709
747 1133
1583 1389
1001 1125
421 1155
130 509
355 1435
879 958
173 1737
620 1276
1310 936
102 1012
404 832
1464 324
157 394
1050 906
984 1208
992 319
1311 399
1116 1220
464 916
1144 1524
11 465
1645 668
1483 248
321 862
564 1284
1686 830
1383 232
879 685
135 1738
1593 915
180 1208
284 1205
941 1154
1363 218
1467 1237
760 646
163 819
1582 163
1148 307
698 1193
1220 445
1582 658
976 247
1009 1739
442 1403
1073 426
303 415
1269 631
1719 1561
1621 1125
1387 800
571 251
150 538
446 270
10 562
1316 401
765 318
94 577
1017 626
1306 1238
466 1469
1018 1205
66 597
1322 1551
897 44
212 592
402 1175
903 1113
1105 37
418 1043
88 1596
1720 380
1539 1265
778 1337
508 963
464 1094
373 403
1687 1198
936 1192
850 509
270 1630
1091 548
894 193
1178 1720
431 941
542 726
290 1474
1555 334
452 724
559 1003
1365 1355
950 1168
1094 111
1297 1189
1222 513
1571 513
1161 718
74 907
1410 871
808 734
680 173
1228 1510
427 738
397 761
1071 1363
519 168
209 1384
