1744 33
1169 646
1151 1499
1407 772
1197 85
1659 690
1185 375
978 1430
119 76
1699 461
1400 1109
1716 820
251 1413
768 990
679 1570
5 1221
564 1188
131 568
1657 187
1483 661
961 91
131 279
1175 397
1140 1127
867 1538
1469 645
1330 823
391 324
840 867
1047 743
443 885
1187 1090
879 899
557 1325
1203 33
55 275
801 1538
555 849
167 1123
621 1381
266 360
682 1015
713 1513
785 1645
68 765
969 37
99 6
847 435
747 400
1425 583
1631 950
726 1101
123 437
299 712
1311 1518
29 1724
1422 972
789 659
428 570
1280 377
1427 1031
374 1405
1279 1256
852 628
588 1258
1705 1700
695 971
791 1033
627 695
770 1077
1214 302
818 594
582 688
1677 750
709 860
1024 818
368 1509
246 1365
820 985
1677 1092
707 349
1322 416
1427 981
97 788
518 67
33 1578
146 1303
138 1238
1616 22
441 1458
944 494
608 77
385 1544
394 59
1242 1624
692 43
837 1140
926 1588
1468 942
1397 871
1550 1491
668 1004
825 1666
1001 823
811 1399
217 299
587 479
611 911
2 64
616 603
569 1705
1695 705
410 1010
1401 883
431 110
1725 696
916 1326
932 842
981 454
389 436
1511 917
1104 732
1355 791
1165 1712
281 508
1573 19
858 18
297 306
1557 30
340 762
329 1593
449 297
1393 60
694 395
1615 1182
770 579
1241 992
118 1081
101 887
1355 1632
420 1099
1111 897
661 1533
385 363
1437 1262
411 224
418 499
1430 130
1518 1244
1687 875
876 866
792 1325
1081 942
1277 1512
157 978
1525 1165
1735 1150
581 1647
238 591
759 267
424 1063
1713 712
1601 1086
371 624
64 351
1436 357
1445 1605
1640 1422
683 1544
89 182
992 995
724 1622
1436 1470
1160 914
541 800
1347 685
579 1510
144 1030
1587 1468
1623 362
840 439
1452 457
480 1531
1714 1241
1277 584
966 1181
1416 444
1389 1505
543 1594
652 522
419 995
1215 765
207 572
487 938
626 296
348 1217
925 1336
616 1609
1659 1398
736 1288
192 200
135 69
1324 333
23 581
1111 1536
225 1601
447 23
844 696
1339 485
924 427
1012 857
1189 1174
608 943
1340 1041
833 1175
1439 620
1268 464
978 1451
247 174
1433 957
946 702
186 214
339 648
955 1570
112 1439
974 1741
507 1595
643 429
1084 488
133 1018
1131 882
1283 797
886 1592
57 194
1270 330
1375 489
172 788
11 1340
400 685
77 788
712 943
219 1455
956 1128
736 61
887 450
406 494
1721 1343
1436 1637
252 1723
1620 1291
321 178
735 1402
739 653
1113 342
1462 134
1726 563
871 433
656 1356
793 233
92 1547
499 538
646 617
578 1148
1167 1003
354 1391
162 1559
169 1027
514 1402
594 1538
82 370
414 722
983 779
578 388
1673 999
1694 1165
829 1557
784 1425
378 1273
665 173
731 922
1164 1561
1237 616
1496 152
1593 882
1697 97
1495 1527
297 1490
1347 745
1000 695
1378 1512
1302 363
1456 1260
456 501
821 388
20 1040
1282 862
901 1466
420 1614
881 495
636 563
1449 962
609 384
1282 323
1595 317
28 1365
31 73
1033 1453
173 383
171 1094
1506 1273
445 721
198 1729
1232 664
1362 770
1334 427
553 1499
1060 1330
1713 343
208 450
189 1255
1151 1487
166 195
1131 324
1723 434
427 1618
1000 1507
164 1020
1695 751
846 368
267 1392
1709 1431
1003 1261
380 1390
905 1061
1108 1668
529 271
835 1518
895 588
815 1418
1579 36
1452 76
1543 976
579 566
1371 583
876 718
1707 460
1338 1260
497 1595
1233 445
809 1485
821 886
1456 1475
1026 1195
1305 52
1517 492
1382 1105
24 1417
1698 450
1082 1524
766 1293
447 546
1102 1592
356 908
476 647
1308 1081
1137 466
1556 1609
555 1115
24 435
1506 896
1194 343
650 803
26 1129
1141 1733
1315 547
1470 8
629 685
1384 1229
1648 653
1092 251
151 754
1068 1457
1033 1327
914 1604
159 1383
1354 140
747 1706
1695 1434
1618 1338
1566 1142
217 968
569 920
1536 997
216 646
726 1241
1305 294
1410 1009
568 151
1283 344
1048 296
26 1595
890 686
500 317
1734 183
330 1191
221 46
972 1041
1270 1236
675 1464
627 1727
66 147
861 855
973 1071
91 537
496 1510
328 501
683 1654
326 184
496 502
1155 977
1142 985
1409 1442
1059 192
1476 418
626 796
1393 1431
1402 590
189 1099
399 1509
876 481
1402 1586
1502 1557
828 239
109 1559
896 336
1738 979
1431 907
542 1634
442 798
1603 1114
1543 78
409 557
1376 112
1146 1260
236 347
431 184
622 384
956 1565
820 644
1027 446
648 460
1619 1112
1354 797
1386 1657
426 1263
848 320
1595 702
1019 1584
604 1589
1209 298
361 1439
1037 131
736 514
95 679
1092 799
1156 238
182 305
13 939
607 716
504 534
1605 1462
1550 1169
920 1270
464 89
34 1729
69 574
737 778
1232 623
540 22
1338 1391
1448 1368
928 755
261 403
914 752
782 618
1587 1134
1184 1577
18 991
279 809
292 1038
1294 938
1110 1232
668 107
1492 1657
473 1431
885 725
236 1541
427 643
1112 1022
1605 1134
672 1279
113 409
609 666
21 1360
183 411
1590 78
441 1019
243 1377
1644 1453
1406 44
606 1594
1090 740
1702 1153
159 929
1604 699
547 1450
906 806
125 182
475 204
1435 1624
471 94
1663 737
1043 782
1435 1100
670 479
1354 170
429 1620
1303 1608
65 142
497 775
285 404
1169 77
1468 418
1238 445
1389 531
1253 470
256 1040
926 1329
505 69
1574 13
1262 1520
1511 1712
1266 1741
1515 1439
523 4
2 1268
679 1685
512 903
1470 1415
526 1332
992 685
1036 74
72 1316
1313 165
1100 1369
175 301
661 1534
250 1738
360 610
1429 658
890 701
1607 1256
510 941
644 1447
169 171
928 344
1690 1590
448 734
881 1103
1501 1532
85 1531
760 1056
29 461
1024 280
1009 861
980 1500
1058 359
1084 1321
761 1598
677 1162
1638 1168
693 1549
1504 1352
1591 367
244 376
126 585
83 1059
426 198
1312 696
1573 1413
924 1740
1689 1247
615 897
218 1619
1183 1382
694 1440
1485 739
117 25
1200 1322
294 122
1071 541
1353 706
1225 723
538 1547
780 613
1686 315
1343 198
135 1174
1690 1185
1133 418
41 1324
609 492
1711 264
1322 576
1541 1422
1221 1374
256 713
417 112
14 1564
1535 333
1597 58
5 1438
1259 265
623 190
690 1077
250 208
382 1130
839 887
209 1092
999 1405
1132 934
283 356
1713 1445
1425 24
892 145
239 1700
916 1067
1165 1568
368 692
1008 90
354 255
966 796
765 1263
592 139
502 833
357 222
10 966
1109 1049
1004 1166
1186 275
237 1629
1642 1191
633 1187
375 1538
1583 396
1063 126
410 505
897 1607
154 292
1395 1289
119 1255
103 1249
1712 176
1045 1026
1732 194
578 113
1555 1105
190 874
1037 992
1006 1039
1078 333
1488 680
670 383
1213 750
1581 1339
428 1261
702 1315
1190 861
677 990
1118 122
488 1700
1645 826
1419 958
1094 365
140 609
126 1738
1675 1083
337 1499
640 239
971 141
1215 1474
1633 937
555 1404
690 397
200 574
881 897
8 778
886 947
229 828
939 1005
42 379
1459 475
56 709
1315 163
282 1160
808 97
232 1424
1040 187
389 1537
1725 337
161 126
877 536
34 1299
413 1113
840 698
1182 1308
363 76
1178 1108
644 230
1077 985
50 950
1560 445
1175 1693
833 837
641 1110
713 1442
541 989
898 1653
565 954
1345 1607
1639 1323
1711 569
1581 1413
85 859
952 733
1190 187
1582 1180
1394 40
1703 271
798 796
514 432
24 689
623 1424
89 1704
589 859
209 550
1063 319
1171 1109
394 434
498 387
591 1651
1144 1666
146 1535
1306 47
1205 827
541 147
1012 604
954 247
1309 473
1072 831
1063 100
601 1582
500 301
580 245
589 46
1267 850
603 1065
218 1206
285 1051
833 890
1577 1175
380 314
1541 909
1457 890
1086 1713
521 561
251 1245
75 250
580 674
378 501
1151 357
1688 1534
1453 1536
872 1648
1400 1640
1162 259
1022 373
1224 315
1104 1401
557 926
1270 942
1204 1223
472 109
770 1447
289 1720
1439 529
1376 618
1388 900
1080 564
696 1503
885 1015
843 1416
1626 1336
635 460
46 1604
1155 179
1459 1193
338 0
183 1284
182 565
576 1085
890 1477
978 1130
421 1669
322 1513
1135 1602
1129 96
883 948
283 468
176 1655
1647 621
1530 745
839 628
1436 1380
165 130
1739 1336
1233 1339
1618 1686
549 170
134 1167
871 1184
339 479
1275 255
961 446
773 46
1229 419
1500 894
1278 1047
1377 974
873 970
830 216
1626 234
296 417
706 667
97 1107
1701 1229
1620 1427
86 1011
624 1446
767 246
1621 1498
701 153
229 422
1409 990
1044 538
1371 308
860 1164
1745 1571
1381 560
440 106
634 259
1564 180
908 14
1033 928
1657 1218
95 1022
892 945
5 1289
1180 918
140 1088
240 324
1575 1191
888 501
1275 1191
286 1248
1074 1601
294 1224
842 1670
807 1053
1689 912
1390 1125
830 919
156 960
1562 1418
1577 1252
566 1450
968 1049
691 795
357 1559
1487 1434
796 137
1487 113
1743 562
867 848
329 1459
1449 527
1333 76
393 74
92 1281
1590 678
1387 372
1204 769
322 351
870 1148
264 1477
1503 1630
209 1468
383 901
215 1154
92 797
531 722
973 5
1400 1677
1070 1194
1023 7
1115 285
1709 1401
1504 1672
691 1005
1077 139
847 1220
1292 988
784 376
955 1547
751 1742
1618 906
1046 1045
331 1095
1108 1670
1524 1024
336 159
281 1431
1248 32
1459 1010
259 161
1275 55
802 364
1268 1018
637 793
1600 761
623 660
1461 436
1457 1545
1228 859
801 326
1243 1199
1401 817
27 815
1399 1738
729 1551
817 194
1702 782
532 1071
328 168
846 425
88 28
861 636
1269 1611
1017 397
1287 263
1641 269
936 55
1294 1506
1735 1084
1709 1363
1143 431
342 1051
1370 99
279 1320
1278 917
59 870
1001 409
649 1620
586 326
231 542
1520 936
1483 196
254 1330
1121 1505
631 410
942 1041
19 156
130 1651
920 1058
82 1693
1120 1038
376 681
1149 1209
517 158
1036 1631
816 972
1366 1406
291 1669
284 855
576 189
243 1339
280 782
114 1593
116 789
1507 1305
1494 1241
1676 880
482 1599
1295 1672
264 1152
329 1172
827 918
1096 1339
43 1157
111 1521
964 1741
1393 572
1086 829
1722 188
1582 63
1268 873
462 1509
202 1190
1156 1218
568 896
1538 818
1141 1143
1399 288
291 990
886 454
570 141
1463 542
1576 492
739 614
635 908
29 1016
1181 1704
972 702
967 227
1121 774
988 38
1180 1305
253 1346
1444 1706
217 264
98 1213
1554 161
963 1432
1381 83
229 1290
1533 275
975 508
624 1340
445 1427
687 304
1311 532
672 1078
492 1040
1565 1704
1244 1657
684 98
189 253
1476 1012
1702 151
1223 828
694 1028
353 1059
407 1254
229 260
1119 999
1647 1362
1162 1406
562 572
1735 1248
249 455
1729 1696
833 1271
110 965
281 951
512 588
234 310
665 737
471 81
998 1733
1348 941
757 249
1201 90
1129 393
14 763
1160 1728
1482 1600
590 790
852 1591
1719 524
35 1533
1124 383
264 866
283 368
255 656
116 66
1572 1406
514 714
951 493
161 1561
1409 1483
835 1455
0 1026
1249 439
1516 1132
569 1566
1416 785
1388 1532
1426 1504
851 844
927 1450
482 1729
1614 440
1423 108
170 413
938 916
1592 161
1198 375
206 1536
696 499
453 851
85 1199
1295 618
1517 303
766 1615
760 82
297 1739
452 1588
858 761
44 884
864 1727
251 859
752 875
1070 412
575 720
46 620
1634 1019
301 382
304 1307
1155 701
1120 1079
945 1008
1543 1003
15 1472
1063 1682
1257 269
1592 501
1335 1327
170 636
750 1238
892 419
740 721
280 1266
925 1408
780 256
476 607
1246 1467
1089 1712
29 158
135 222
1490 1440
1671 228
1725 1637
1574 386
1397 635
1275 674
53 909
1001 287
1448 1498
37 1067
1485 857
1285 837
1206 264
365 770
69 1178
31 1675
1144 142
1213 1533
589 327
191 1288
1122 915
1672 845
1665 1567
102 1411
393 209
468 957
1423 290
1492 1633
1182 758
1025 1630
1624 1420
111 1393
358 382
1595 61
858 741
1328 621
1701 1623
126 1408
260 252
246 198
318 1110
510 1014
604 1617
169 810
480 1050
11 555
971 110
252 92
1666 1626
1515 1501
64 414
1584 978
205 1395
3 729
893 968
186 1112
1731 1705
1190 1632
1015 1494
543 1574
1127 1183
841 974
176 1032
1457 267
1527 1073
1524 1653
1375 159
322 658
1240 1003
1388 268
179 806
1703 1045
215 580
170 941
1326 404
1062 1679
1404 1667
1154 1516
1695 371
1462 988
1278 1026
407 1315
1235 734
1363 1536
609 787
673 1610
1275 1223
1533 331
1654 709
35 182
225 714
1285 161
780 1710
64 1375
91 85
393 832
997 1429
312 733
707 174
806 583
345 1217
1118 1605
329 1240
1482 1620
523 960
691 1541
63 1220
361 553
435 1131
543 26
909 480
1019 1158
1481 1129
41 964
1342 1652
289 1221
610 225
102 50
640 1330
1288 958
1693 346
1001 638
1217 145
810 1116
1194 1632
318 1714
1266 75
1103 888
1732 1241
511 627
1328 1459
720 609
1478 20
871 71
512 182
1246 520
1111 1101
1608 1336
1402 361
949 304
1198 444
480 1628
1208 330
16 607
1732 1153
1432 538
967 1069
1623 1339
476 912
432 1364
1729 1325
206 1151
159 645
953 1384
1355 1095
666 518
309 1
1393 1688
11 886
1582 1651
1504 1386
993 1375
1330 885
1569 1446
513 452
452 468
535 633
1030 1533
594 538
319 957
641 1401
1141 1537
1641 385
1295 829
1072 1300
461 1718
1158 1574
1388 1263
1690 547
850 1557
1477 1346
612 614
843 1178
1036 1568
1613 670
515 218
1145 231
1712 247
471 905
110 1091
306 641
565 514
1509 1579
955 596
753 1644
1377 708
388 1512
989 1375
117 734
1435 1606
551 263
138 953
902 866
1130 45
480 533
316 1315
830 1464
994 1073
940 737
1268 580
71 1177
1233 870
1225 305
1314 1078
52 1307
1591 383
1453 1697
619 788
604 633
387 1480
634 334
1315 1650
370 201
1656 118
716 197
588 1585
255 1619
215 233
1722 1700
1339 905
418 969
942 1234
487 15
367 1183
397 521
1695 1561
797 76
272 789
1091 1208
442 109
1207 260
253 440
261 339
717 1137
450 861
763 352
1458 1170
924 1490
1398 432
1556 234
1016 1542
1590 1310
577 1122
1432 1506
1492 1518
697 1733
764 618
699 149
1050 1150
637 1657
1345 1379
662 191
973 1671
571 1166
1564 264
384 1737
841 1498
413 258
690 1490
1297 1617
1004 1271
1007 415
897 735
256 1332
1732 309
1744 893
1283 1482
778 531
1452 1615
650 558
1114 1192
1322 1214
1490 1028
1408 99
1326 174
904 71
826 1649
941 1140
74 939
1484 297
600 2
424 1138
1461 779
187 557
1654 616
1523 1274
1046 840
1009 1099
263 1625
284 1327
689 281
427 1721
1561 268
1337 88
373 460
328 1394
57 946
445 1074
487 473
1513 1683
326 1040
215 1448
683 957
405 324
1567 1346
167 222
1364 1639
357 1732
482 785
148 1504
103 944
962 373
531 658
1733 1720
431 1242
1028 1247
914 1376
590 601
1700 388
1380 1245
1222 977
846 264
1484 87
1250 628
1175 1122
180 1184
579 43
1281 1742
720 99
894 1692
537 30
197 995
265 1184
805 282
1025 1452
908 1268
1253 83
1550 1420
1256 1569
353 1451
454 609
794 1609
407 913
907 532
27 36
1178 1341
1598 1433
1670 810
857 1391
365 553
94 1363
588 1322
593 1237
1080 358
395 1451
1649 1663
659 382
984 1674
1498 1693
1096 614
1294 1168
1701 1382
469 1042
276 1649
1069 56
1059 852
1489 443
553 181
750 430
292 1016
1011 102
721 202
942 790
164 996
450 1623
207 1713
263 129
1051 946
329 485
450 1313
1325 43
271 436
597 573
388 35
1188 355
1404 474
375 380
990 1608
1384 1719
651 1573
1184 1333
573 1420
827 986
938 1218
916 1500
633 792
1590 19
1228 341
495 1579
734 463
886 35
496 707
1456 1566
939 763
1104 417
1376 1074
266 1703
421 855
950 288
1345 719
2 912
1453 1299
927 1407
20 581
162 74
615 733
1030 410
742 1169
1300 1321
1417 208
1413 1223
1264 33
1422 790
1235 1272
497 947
1744 826
201 1588
1713 1598
408 1599
1479 1474
478 56
1501 623
174 380
777 325
1040 189
1338 284
143 1112
1266 620
530 108
431 1223
941 1452
665 990
173 1215
683 973
1190 701
1255 1194
837 1443
1117 644
1692 595
100 978
1600 584
827 1719
335 1375
930 1471
1643 161
965 1099
1334 201
1541 882
1462 683
1703 637
1129 1536
1377 877
1020 1468
189 1044
77 757
1467 981
55 1250
564 18
1186 1391
668 1498
556 30
406 1527
194 724
512 944
1409 653
208 778
1054 676
173 700
996 436
1221 1247
1643 1272
1071 1169
244 85
884 250
286 1462
527 792
35 772
347 1025
244 334
713 496
403 1291
1677 596
757 351
1703 83
1617 555
1695 16
1002 1585
593 971
673 152
512 1631
799 1609
1315 1085
1106 989
730 692
364 205
1351 1110
63 144
814 1042
667 888
743 200
885 1150
1501 355
797 1158
870 47
280 1023
1536 1455
102 1445
905 906
412 257
1246 935
135 54
676 1371
1644 1592
1418 1227
531 1009
1537 1238
1461 951
1258 905
643 1466
1311 224
1491 103
1306 832
536 294
1260 959
221 1320
1605 1027
4 524
699 1490
1665 176
1042 675
1170 233
448 1173
1745 1480
1699 170
689 1341
1121 1745
738 189
207 564
685 1465
21 817
400 1039
1253 1293
163 724
1409 278
108 1336
1348 743
1456 1269
1738 873
464 1244
1091 1328
730 423
1387 158
1296 246
102 723
360 963
929 1195
1606 502
193 80
125 1396
984 1407
1291 1707
827 400
172 448
964 891
1708 242
1178 1088
830 211
1539 637
781 1657
936 363
175 329
107 844
191 1438
227 594
647 455
1452 845
819 1008
14 679
1342 433
1404 16
1030 490
1291 46
162 460
1033 933
606 1007
565 36
1090 1218
13 424
259 1362
886 755
581 460
257 989
63 1683
243 1584
776 436
1738 114
522 534
708 806
961 941
1698 502
884 691
1237 795
881 874
46 557
552 427
948 816
792 1098
784 1387
437 492
855 663
423 752
226 1363
919 894
107 1450
423 1357
487 1450
935 821
85 1176
1680 44
64 521
902 806
1709 84
767 1287
528 483
1081 1139
948 1220
1693 572
969 601
1360 600
935 959
1333 482
784 1458
1687 1590
1504 1526
1151 1611
457 997
653 757
1119 1296
444 1087
18 1393
1570 477
176 622
811 1742
978 1162
1377 903
793 1557
440 50
1130 884
280 1272
776 910
1354 814
1112 1740
1293 550
990 341
625 1350
63 1643
884 1741
542 1328
1526 867
312 427
286 1069
58 762
401 332
70 1447
1542 1721
1460 139
118 755
325 1132
306 302
583 1279
181 1660
1458 271
800 712
204 1497
106 1625
797 1730
7 714
1351 795
752 1574
1185 1144
595 789
1216 298
1605 765
303 652
1444 338
946 1044
977 1008
1248 794
971 947
1116 415
279 1736
180 438
1619 1187
834 1660
1571 963
1185 1707
903 561
1470 655
1238 155
1108 423
765 1424
640 1059
328 53
1587 477
1155 1158
1672 1522
1133 1540
1529 1245
1579 1564
44 321
98 1050
108 373
1119 646
1646 1074
525 1440
1158 925
862 528
1245 1519
1391 1537
467 356
1442 42
997 1149
1269 1715
664 841
891 1567
567 1216
682 830
55 1321
542 1551
889 923
404 725
1209 1196
1670 311
995 692
815 1099
55 1472
63 1040
956 1574
428 675
1309 1719
466 1137
710 1607
533 458
937 1516
1371 1381
580 1301
1262 688
635 1322
1241 1139
345 121
395 251
604 866
754 928
495 376
722 158
502 1185
574 694
507 581
419 1118
942 1110
1681 87
1114 111
1117 632
1647 1219
759 1098
1300 969
845 698
1023 1321
1148 157
211 959
392 1540
936 740
421 820
1609 159
1330 273
345 377
476 1657
870 948
942 1605
1534 1195
96 91
266 1236
59 124
1048 373
1362 69
929 1731
1116 1260
1601 849
1315 1734
910 845
1332 493
697 1168
1088 1256
1334 1701
740 347
1332 206
290 549
1362 295
448 107
83 1449
995 861
398 1381
956 571
893 1347
694 771
1401 754
82 1282
707 12
1250 1158
1016 555
1268 212
1565 1655
140 435
1508 307
454 1335
965 1372
27 1426
931 295
192 1680
1612 727
282 742
150 91
1743 970
561 1211
1015 190
751 1719
103 1519
1243 1445
550 651
1349 312
211 719
954 1581
1186 470
291 1558
1729 35
1322 773
1701 1016
1631 49
600 2
1237 527
767 1709
1338 1620
314 1446
854 687
597 1109
522 1
305 518
1454 322
1004 196
1187 1209
1137 1717
1354 1150
1323 27
1578 624
207 266
370 855
1169 781
231 1212
980 144
1151 838
974 1450
1144 695
150 920
1567 1534
716 290
209 596
1177 1641
891 934
758 730
1314 1407
401 827
814 1643
1656 808
403 360
1159 1592
1262 1476
886 579
924 1238
1003 1728
1121 248
1543 1737
1048 701
1613 788
165 1062
52 433
997 855
506 346
126 315
51 1609
1372 839
83 600
1640 830
1220 233
894 421
561 171
939 103
1468 63
1314 574
1461 754
1542 1119
906 1227
360 662
981 871
1151 1534
843 995
1004 555
1081 355
1418 893
1355 338
1320 164
1359 1307
1378 1075
1410 959
131 6
1388 1203
745 51
1321 723
1286 1196
1435 824
1540 107
1149 55
1467 508
1672 1535
604 1043
80 1246
783 1218
1310 1342
1357 1058
722 242
1663 418
1224 187
1589 928
621 1626
514 1233
676 824
328 204
1069 732
70 1043
713 734
528 1093
1364 447
1521 886
374 1079
450 1363
592 673
917 501
1267 1425
1533 575
429 636
1223 366
136 1174
868 1117
1671 38
618 1663
993 1401
138 158
1526 778
1077 968
1490 934
1346 289
354 657
1143 1657
1271 535
140 713
1148 1418
1329 773
1725 341
941 855
1192 1716
1639 475
996 142
626 1568
1266 704
516 824
540 174
21 929
719 611
1110 93
1126 114
1598 1444
817 278
191 571
797 517
1415 1001
662 473
1304 1278
381 973
128 1187
742 645
1221 64
1400 1113
1368 71
1482 791
604 504
1625 400
214 569
1166 480
350 324
1505 627
1156 841
1250 567
968 510
651 959
1051 1531
274 29
1008 168
15 520
1666 1593
1148 190
1283 952
1101 1423
1088 1121
1306 69
461 900
991 1176
486 1573
1338 1158
1180 1571
1145 142
666 1046
82 434
659 1448
776 1331
1510 1344
737 892
1098 775
281 96
1447 1565
148 770
1676 1239
1478 54
1380 33
1223 879
1038 567
1686 1176
258 687
1387 1342
1418 443
1743 457
1061 1311
750 712
445 1680
1090 1157
204 1362
416 746
1458 330
253 954
1645 1636
1078 730
541 110
1162 645
1124 205
1478 1001
237 1738
1016 1473
953 1627
550 1412
747 1455
404 1392
1507 1515
1159 1092
475 1485
1248 393
730 1564
849 436
557 1603
1264 1481
606 599
22 1501
1662 932
197 288
811 971
510 1445
861 684
340 1353
350 553
146 1722
154 1204
849 301
664 1381
546 952
1590 281
293 636
1203 415
568 9
680 370
621 168
943 1060
613 516
566 774
1533 1
768 69
1394 493
261 1502
1099 1677
1275 716
436 1086
416 1620
1535 105
850 1737
1347 797
39 1374
1506 981
748 384
1708 1061
359 698
1462 755
677 1644
694 1369
1085 4
1470 1444
424 1361
1029 190
131 703
300 1568
1276 530
1112 266
53 1705
198 1408
389 818
1452 1335
1533 266
1176 281
471 1444
700 496
1456 68
561 1287
528 65
193 1177
231 1004
1005 85
33 1278
1214 453
1349 1346
1188 770
122 1179
1608 41
1549 70
1213 1321
1570 1184
612 1486
1044 548
778 580
1420 515
762 185
1006 1583
285 468
1486 452
1642 1120
1405 209
548 773
1114 786
382 319
68 1186
884 1099
1466 746
869 943
1023 479
373 535
1296 62
1096 1076
210 679
505 907
1627 880
477 1553
1276 676
322 592
1026 1381
1079 526
974 1141
1640 446
1006 1434
906 483
1474 1606
492 1289
909 395
332 581
998 1433
99 1581
702 32
1486 345
561 1581
1650 1623
21 492
751 1480
489 257
1215 956
1122 95
846 543
326 1544
381 224
948 302
1630 1511
603 1207
834 1468
571 728
1518 123
1516 1265
1433 901
1504 1077
953 1254
872 195
1699 444
1099 671
834 1692
388 1551
1427 232
371 813
1069 831
700 999
79 975
1150 950
1391 150
762 988
1417 1711
770 1669
1163 537
1627 1341
1087 786
1298 959
33 1596
213 156
1652 1207
714 18
1001 1338
635 1706
453 1127
1617 706
153 1022
456 609
1205 1245
1687 1027
581 236
568 246
463 340
1211 1002
1403 1551
1671 414
820 1482
1106 578
215 737
193 1604
75 1206
609 79
1165 614
54 736
1104 486
541 154
1056 1390
1086 1280
1376 645
162 441
931 685
305 1073
266 883
257 738
648 1462
928 289
722 1288
1248 1691
858 703
218 1323
36 1133
475 1377
199 1451
940 819
458 128
956 694
1053 1706
988 1650
1130 1081
821 240
1447 99
342 159
36 736
1669 243
1320 847
730 1425
848 1038
439 379
559 1103
191 1128
788 315
1004 668
680 210
1359 903
1131 1335
849 1301
875 1037
148 640
1150 1523
155 91
1161 332
622 916
420 1057
331 726
969 1038
761 1160
642 1262
1477 726
307 62
1707 918
1171 711
807 1376
411 1691
1271 375
893 137
174 1037
1093 67
1305 198
1697 1058
842 353
1072 683
1096 650
347 622
1477 36
911 1547
17 1015
461 241
159 1361
840 1211
401 58
1375 55
55 770
885 1147
174 1390
58 365
161 848
1108 1357
1364 146
1305 1136
935 1310
1443 1495
881 516
1386 1113
122 718
115 1349
152 249
1009 930
716 1587
1407 1213
591 248
786 444
197 988
1562 1718
755 603
637 1148
206 147
317 575
306 456
1459 7
1202 891
67 672
1022 451
1611 667
477 1523
4 1710
556 579
1357 630
266 1611
1479 431
1609 245
1272 1175
669 162
1244 54
621 787
982 1380
640 1481
97 1573
460 1045
1735 1722
1147 35
511 712
363 1572
55 743
1535 1467
915 1669
107 1737
1153 789
1670 311
452 507
1632 986
205 1290
71 355
358 935
828 1403
1289 882
814 1272
411 1523
890 949
447 136
252 1432
499 1299
1056 1511
836 165
432 961
630 438
1272 580
850 889
67 1531
534 897
217 1396
1332 215
1215 894
21 128
1230 310
535 1685
704 606
1177 1312
1068 628
1308 409
1728 592
774 1592
653 1190
50 918
1541 1161
1611 352
1708 1435
469 45
928 1097
638 596
96 950
1284 1080
1515 878
663 753
1280 1102
1508 795
242 912
344 422
141 40
642 1698
1057 448
1569 507
1147 1450
1403 1615
1327 804
1329 1334
446 654
436 56
1513 1627
1106 1102
843 488
652 1258
279 868
844 971
1540 1369
408 1087
517 960
975 1255
205 1527
694 1281
206 363
734 1120
570 813
1713 307
1316 144
494 648
1076 1664
1496 1441
1139 951
429 44
1291 267
181 379
864 1220
714 384
155 754
319 9
372 1268
846 989
1236 953
539 960
858 1313
1586 1195
953 1327
262 1037
1337 937
1441 449
826 918
773 996
89 506
1666 649
1476 1320
1271 1405
1344 929
793 72
329 251
265 733
1553 582
1434 1547
1381 1472
1614 1744
729 392
1469 975
1260 791
1060 120
1644 644
614 827
835 1396
860 1521
720 187
643 723
184 1343
611 241
462 508
1381 366
1461 581
1053 322
1558 88
857 565
1663 373
1402 1267
1675 756
702 263
114 442
1709 1151
1389 234
888 862
1518 1045
747 311
1303 510
630 1301
404 982
645 97
593 944
165 459
205 1373
432 856
1000 1434
1251 1431
1128 944
971 1478
149 1202
700 90
1086 524
477 1288
380 1044
578 342
1584 1668
1290 1696
84 1681
83 941
271 1362
494 1436
869 266
429 1661
1686 824
1728 1490
1457 1327
1340 1095
53 59
1389 812
161 1691
690 1231
952 1592
1716 261
911 1345
52 447
1395 1329
595 1376
148 1181
1605 708
1652 992
1569 589
455 1674
257 1555
1397 757
1493 1358
545 1432
1478 1603
460 680
1010 294
581 925
1642 380
1629 1183
1088 743
1124 253
622 823
208 1445
1609 133
1255 28
625 999
846 907
751 1226
1523 1170
962 967
731 435
1143 1584
402 953
832 338
769 386
1620 1418
256 389
1667 1605
406 130
723 1246
1101 1563
1288 779
1362 354
977 937
1399 1701
434 1175
187 1065
1114 1560
1373 1592
1635 756
492 1348
803 1282
1004 1043
745 1605
777 792
1396 268
1294 548
1345 959
356 1356
820 1702
70 1186
806 1128
630 564
834 188
285 507
1302 1185
522 1499
1742 764
146 786
822 1723
642 1685
1226 1638
322 80
68 496
1322 916
388 684
1394 1249
519 1127
653 1381
5 544
582 228
1323 1434
531 1057
823 307
854 753
264 936
1512 871
1469 332
462 482
665 866
1047 510
217 354
862 564
640 1270
930 1599
262 1679
427 1250
1363 1051
838 251
151 1286
677 1422
1389 567
719 407
1050 311
381 111
595 1434
1295 1715
1064 994
956 952
492 57
514 1406
1298 285
609 554
1577 1348
890 1341
600 1491
751 263
525 662
982 1222
432 1722
335 415
1189 564
402 213
1472 801
1709 70
1264 1271
709 1722
1741 1243
129 1382
1529 236
234 850
849 117
564 916
670 1579
778 1633
1469 532
1002 1031
919 1573
41 764
1525 1214
638 497
1356 1714
626 966
116 1169
712 1118
1033 118
1538 970
146 1169
108 1541
1208 728
1381 457
1261 1549
313 1378
110 966
1546 504
1235 728
371 679
298 719
488 1445
18 1103
1280 1297
755 979
1155 600
1108 1629
1026 546
1374 510
1681 455
1682 722
1197 236
653 1624
1459 877
666 1036
679 859
515 1311
903 633
1621 276
591 1710
7 544
865 444
899 139
109 1126
475 1241
1390 637
293 278
915 1705
395 787
616 1103
1288 687
476 381
185 942
563 437
209 1100
1149 1358
768 1617
1455 1161
633 1648
749 223
384 374
1112 906
133 1728
599 1454
416 1418
425 705
211 1377
229 1694
893 564
1719 1236
145 228
386 417
947 565
870 1362
588 754
1388 1053
1464 1118
1416 376
1528 742
1152 26
1649 413
1094 113
1185 476
1580 6
1358 660
129 1224
868 1656
1360 1170
842 398
1729 1695
1715 224
1292 1066
806 677
1704 319
1658 711
1563 406
207 485
27 824
173 757
426 1681
1328 681
949 425
1521 159
365 860
51 255
1543 821
295 394
1547 1176
1371 946
838 990
774 645
851 1703
1429 1388
780 198
156 1085
564 1710
249 932
1084 5
993 850
1369 281
1511 1467
1381 379
1390 1433
75 202
899 72
538 1076
784 649
157 1298
179 770
612 792
1195 390
531 683
920 452
160 899
1130 1240
1219 483
1411 563
839 733
60 1418
603 1640
507 1024
1122 447
1492 145
143 1149
1137 36
217 19
1529 536
104 1713
1698 815
1705 1644
1433 775
1267 82
971 735
954 1191
1685 305
686 505
1392 357
1048 248
745 651
1269 836
1726 1419
322 1258
1630 603
1639 1048
500 893
1368 1222
436 42
1067 84
508 1241
1672 1437
1012 1073
268 1328
310 1523
1745 389
791 783
918 146
767 18
1177 589
589 1661
1638 1370
728 267
1399 121
170 402
186 308
693 890
1378 715
1666 1333
492 1579
677 799
777 1343
701 1202
1184 335
1277 507
764 82
421 1545
1630 462
1718 1638
703 580
1115 1413
784 604
899 851
504 53
134 1210
283 1305
1729 1433
965 631
1230 1405
854 1390
75 442
20 759
692 1691
1236 210
719 729
1503 82
1009 1195
835 1621
935 1506
44 549
1353 1743
851 1475
1248 827
620 1138
1698 667
1549 1367
1406 22
1654 1181
1428 879
1499 717
1616 57
376 1568
100 730
775 1393
984 129
1588 259
628 1686
292 664
1404 1662
1159 1115
1504 700
489 5
1100 1595
266 1437
1411 1114
1402 1506
1738 30
777 342
1342 1687
474 1482
483 987
1333 1210
1146 1225
380 1435
1745 463
1611 647
726 1454
1656 744
486 1466
424 922
1720 426
733 1530
461 1199
1512 4
589 135
954 625
605 682
200 635
58 1439
1569 1517
33 14
1231 774
238 958
496 1442
157 1720
213 455
868 150
1016 1570
11 1553
711 53
760 297
412 322
413 793
47 184
696 261
38 214
1231 1093
424 1292
77 1702
738 1340
1253 209
1387 598
1069 694
909 927
1168 1077
501 1305
806 1456
766 191
444 1211
1047 389
172 1239
1713 845
1178 166
559 1110
1507 1367
228 1529
1695 1585
753 303
996 1005
1551 849
1622 731
1239 1137
1573 71
304 1475
678 324
1010 659
1239 630
1437 1431
1656 832
139 779
700 774
1700 103
1142 889
908 626
158 1347
30 624
1036 1112
952 11
523 901
159 828
620 1038
455 1484
854 277
1001 1145
1186 362
591 921
167 1526
1448 531
340 713
1446 92
289 221
709 550
1709 116
895 1729
328 340
530 1464
677 1446
88 427
141 908
1063 1508
1162 751
1197 1505
1575 1595
338 516
1132 1490
770 1021
1561 1347
85 527
1721 561
1152 1042
1199 239
789 799
860 445
340 143
847 300
777 1235
1170 1538
206 892
778 1110
981 1171
1138 408
164 794
1038 147
1402 259
35 93
1364 1642
1651 1047
535 502
1481 1251
1552 1706
380 598
1444 151
782 368
326 1324
607 885
240 1151
179 1040
1630 570
716 899
761 228
898 926
1581 1622
490 47
1221 1415
1359 241
1721 1442
85 337
452 1367
1325 1155
334 1276
219 1549
71 1442
445 660
471 991
131 1446
257 1141
1578 1187
832 1701
662 1663
432 1562
76 102
1550 276
1281 1188
1454 259
3 870
1655 83
101 56
1118 842
1487 179
1076 1184
252 317
673 178
1298 25
1231 1112
168 1615
1164 1147
1405 1615
72 1185
1038 124
104 630
456 581
1297 886
384 756
1273 1225
1412 605
739 1071
689 887
1196 45
907 622
913 1444
990 1096
890 726
920 1544
1194 357
45 507
31 135
1455 1732
733 1210
6 1346
1693 88
1426 1165
316 1185
21 1460
635 888
1297 1325
288 825
1097 364
320 576
687 1394
1681 555
386 827
533 159
1404 1406
447 871
969 1371
750 508
1187 1296
1599 357
262 1703
1027 1424
128 480
783 68
1158 1667
399 396
519 373
1573 393
893 276
199 12
1601 1066
740 1743
1017 1698
1339 1201
926 1272
666 80
842 1614
1150 911
539 1055
423 53
1155 1384
995 1239
972 1263
478 1546
1404 71
1726 525
1663 859
1589 403
164 1027
1131 559
652 552
1396 701
1366 454
1555 891
330 1034
916 177
1436 781
795 1063
578 1269
344 1620
1600 646
1243 1053
1536 603
1304 1610
172 1027
1684 665
1743 15
1484 1387
359 120
1667 133
150 364
1634 1317
1339 360
969 849
179 123
552 1415
1032 1158
1321 278
1221 1180
731 524
1264 521
1337 1367
53 829
919 1692
587 1319
657 717
974 793
1386 203
970 1221
1181 268
1574 1391
511 326
1031 161
1343 205
849 449
1220 908
1349 1326
609 670
781 1179
4 1090
92 1445
819 810
1264 708
485 890
670 590
412 1490
1590 353
156 709
433 1401
755 1077
1257 1474
282 101
1027 645
1314 1548
1084 1597
158 319
278 321
1648 147
1342 738
263 170
541 466
274 1523
1021 623
244 116
1123 1059
1203 137
1269 1525
241 446
243 1002
815 249
169 1024
102 1577
1465 1547
998 804
940 358
1142 6
418 1604
147 1391
166 62
212 1346
672 548
1460 67
1568 358
252 554
747 74
1699 544
1096 1312
200 462
371 630
767 186
1546 810
1524 464
1204 450
487 732
404 933
1194 1598
795 1389
473 1373
1397 653
1572 256
267 209
634 872
289 484
602 1724
151 76
1385 1650
509 811
965 984
1441 584
1742 206
766 1722
1557 1114
445 1103
256 141
24 401
1267 693
664 867
99 480
985 1642
1643 1532
1264 329
1197 1581
1206 1412
1437 1081
1596 1062
1338 692
266 58
911 1369
1401 420
877 30
638 429
1178 1419
165 780
556 645
929 183
1435 0
79 1206
152 1131
404 1045
1407 71
1719 1377
422 978
297 1701
980 1731
357 655
1390 1082
1219 124
550 824
221 1229
434 1156
1434 566
127 1470
1002 495
649 551
1657 533
1588 1490
1508 224
1593 143
869 1164
47 824
486 828
1187 622
1504 636
756 1371
1173 13
1277 1684
1653 1521
746 742
679 1186
996 1155
1381 1703
290 1044
798 1173
1663 1150
350 234
302 849
485 527
988 1680
519 187
772 814
1161 1370
1157 125
220 538
958 1045
853 5
106 1136
481 1110
285 1394
1025 1316
119 275
1681 740
557 513
1461 667
1004 1029
1270 719
314 1221
1481 712
86 1314
317 1091
1006 1058
652 990
201 1440
320 682
683 946
395 755
1588 1600
1199 1313
949 1058
1696 1178
1536 802
1437 1396
612 294
1581 1237
587 928
1176 955
193 137
1266 1452
1635 142
643 791
312 1146
429 134
1571 1059
1007 1291
41 871
1381 322
1420 321
1334 722
1488 327
625 57
748 1209
726 4
654 151
1347 505
653 1578
1438 1400
597 301
1253 257
294 383
1465 1631
546 727
706 828
364 752
31 288
1514 536
86 1146
1288 1051
1412 1482
1350 1137
992 1148
539 916
1455 1146
695 1353
480 740
1138 178
1420 777
349 291
307 777
1318 1577
1694 874
23 564
808 450
1075 1436
475 92
1044 1688
1 639
153 228
650 1514
1485 289
24 507
1202 1712
1422 62
1474 1344
134 387
820 836
527 720
1399 162
1488 914
670 593
1495 1577
392 1586
231 12
1097 588
550 925
500 261
1339 1275
1389 627
682 934
578 280
191 1539
1433 1418
1466 1176
1335 1099
1128 771
834 1498
199 1053
399 957
126 1064
141 1702
1486 10
1651 1303
212 443
1724 710
1285 1323
1327 385
1351 1188
1385 526
516 1320
521 1388
711 1077
1163 1569
803 119
1216 855
1600 1169
1733 1466
48 1650
812 38
521 877
916 1213
398 1658
1567 758
673 73
814 632
130 1679
713 1072
1713 289
380 491
1128 1571
1675 1319
1736 430
1049 1512
1018 1094
303 1576
0 949
982 1568
621 831
1387 284
675 200
640 53
136 73
1103 594
1429 1365
1124 1633
16 1601
419 242
1051 1063
854 944
436 743
291 630
902 1499
961 971
508 1042
1503 460
949 1672
578 938
749 1195
1636 659
1333 1734
842 332
354 1294
1514 285
482 705
1510 1270
4 1368
602 391
1318 1526
438 1394
956 998
170 950
698 822
938 396
1032 1473
1350 1215
436 714
691 1142
823 1020
1232 1242
247 1060
293 278
1701 460
1488 869
820 1577
978 1598
741 1246
509 1066
1304 1558
441 508
1568 704
711 316
477 1354
1107 1468
1014 786
359 57
892 831
1475 478
1389 592
1080 668
1445 1373
1386 281
1154 359
207 1398
21 731
1135 1311
1629 1704
287 1410
1349 569
1213 1738
708 1398
866 1210
1211 307
1589 1638
157 191
826 1434
233 931
231 693
1657 1128
57 1284
1038 1428
1633 32
1483 441
1342 759
1507 1484
1608 723
901 689
1683 139
454 1073
109 20
1423 554
1098 614
253 1062
1492 785
1127 1241
796 1600
501 1160
1419 241
1313 601
1745 70
1206 138
1707 1365
215 714
698 1143
971 92
148 1622
1002 49
65 1019
1640 416
464 117
749 160
579 1745
966 935
323 1076
1406 407
1145 1737
687 325
376 7
216 926
378 502
420 1200
207 73
1219 332
744 1157
1598 785
1357 592
627 88
1509 497
17 770
690 215
1074 1191
562 965
27 1529
1414 367
874 1106
545 1422
1336 602
742 115
1592 1066
1670 633
439 694
728 449
1072 434
1513 1433
1179 659
1580 1654
1670 658
200 741
1461 1520
89 240
1626 6
877 1218
1307 270
1153 1397
452 485
561 126
259 803
418 1739
723 628
224 1171
1686 1223
638 284
494 1240
172 4
454 1310
1490 1205
713 749
1095 458
1591 1343
1253 481
485 742
882 932
1403 98
1322 1671
1110 472
220 369
1372 906
1731 324
1434 1197
804 1454
1607 348
1238 1278
1663 1208
1140 1080
755 1658
1086 288
1476 513
1155 1350
218 542
1464 1683
1006 1088
599 1669
1560 92
194 554
1441 1556
1280 412
692 1674
766 503
349 269
609 1556
1038 542
1445 1408
1385 1387
138 1648
1469 560
85 275
1292 1137
1474 1456
1278 1338
1540 1222
1718 155
495 983
1326 412
1374 350
342 760
1030 1200
377 1206
1226 1038
291 324
634 962
77 527
453 443
741 231
1000 1044
1528 24
623 1038
490 212
1072 637
1010 1132
1342 1000
1428 693
1534 197
400 543
1298 1616
578 1539
125 255
149 551
1163 1524
166 1682
1229 944
768 881
1745 287
1516 49
497 50
1462 70
462 1329
1537 727
1233 570
866 1063
1404 1248
1244 865
714 123
1021 1440
1434 345
1549 964
199 962
1156 1263
504 1137
1096 1466
1651 405
926 857
471 749
827 1398
967 375
810 1632
1126 130
584 30
1643 1156
727 1523
1039 1151
1482 464
162 1034
647 1482
427 1352
61 1720
593 225
1499 1467
981 804
1249 456
318 825
550 1333
227 728
1532 14
488 602
1488 1396
848 585
1573 1159
1202 785
1705 1187
278 284
300 865
1543 1679
1076 1095
457 642
1484 473
1389 1410
505 1680
1207 247
181 540
143 477
5 1600
1447 53
708 317
383 878
557 235
1292 1539
1416 707
323 576
558 659
935 324
853 1422
399 1260
1090 678
299 437
159 254
1095 1172
117 458
1595 211
359 1590
440 727
380 1216
439 804
571 168
1258 1252
878 508
523 913
1057 323
949 1569
229 386
1228 484
393 837
1157 1573
155 1474
1213 935
301 537
831 1713
71 1240
1221 1595
841 1310
516 82
1286 1513
1108 1559
195 494
1227 1040
1192 1242
1080 751
507 594
1663 1548
1327 191
1496 332
163 942
1382 862
481 1364
134 520
972 1068
1009 656
353 1140
1699 1467
1610 549
64 1210
767 876
1122 1380
668 1540
1149 87
1003 1662
432 660
999 1709
1474 824
1008 682
42 1141
488 786
524 554
1045 700
1200 1083
1629 1185
1151 1099
1222 959
1414 1251
617 539
1400 1087
285 454
943 1125
1170 1521
998 633
923 352
157 1217
288 1351
1261 107
1638 404
1551 1020
438 1432
1140 803
1223 745
1444 15
28 638
1502 1198
1378 1739
559 949
1185 634
665 1469
86 1530
189 110
284 856
800 1634
592 742
1590 724
140 1066
276 1153
990 1587
1553 816
1000 1165
834 825
8 1475
1295 1441
1457 49
875 971
855 681
615 809
383 174
707 84
474 1288
1157 1626
1196 934
120 1309
945 1128
1255 670
837 199
1161 381
817 1216
1412 989
371 331
621 610
1312 453
1239 1339
233 1636
1243 673
849 1128
68 314
508 1319
133 270
1112 242
1301 1181
878 899
1049 125
430 1115
794 1322
286 166
1515 682
847 944
564 997
379 1556
1427 1447
1452 480
1632 493
653 1287
1458 629
1591 736
625 654
795 1357
2 460
1525 1348
307 673
1720 392
492 73
68 86
1700 1141
903 815
512 1010
131 1484
535 860
1578 779
1612 1332
1596 1261
589 1311
1328 200
1740 1188
59 951
20 1670
4 76
1467 1623
1340 1731
18 1555
1431 1087
1480 259
230 867
401 575
740 84
156 324
437 1359
1168 446
981 64
981 338
1038 29
694 671
1190 275
888 1562
1281 781
1695 1352
1102 605
1165 1294
394 196
1011 1241
1348 1510
728 1359
960 916
402 272
1344 1127
204 962
566 1193
650 345
1726 1518
270 894
1423 351
376 359
989 1415
1557 1312
1111 711
1504 1105
702 1648
1576 1424
1497 1703
1691 1535
1713 271
432 766
477 822
107 106
870 118
1334 1545
489 322
1173 48
640 294
553 182
1160 956
233 1231
623 1299
1154 1369
322 1487
63 357
762 71
1140 1427
1016 1479
400 894
1396 1696
1298 1492
1301 1358
183 879
1667 325
1027 1570
1263 607
966 518
741 296
456 1016
676 1129
117 73
1470 976
1181 907
851 797
1496 724
380 421
494 259
1004 414
1031 848
804 1740
341 706
591 114
1238 1470
627 1592
1022 1577
90 501
476 526
1028 1121
762 158
987 1217
723 1145
209 873
889 692
990 146
1126 983
152 957
3 1633
1648 872
829 1065
820 1542
482 194
750 833
1459 637
120 1212
841 8
47 1432
681 657
1434 242
1325 909
1707 550
149 382
47 1198
718 409
717 966
27 588
875 1242
1169 608
1570 1633
1147 61
210 1118
1313 524
217 102
232 101
955 34
1660 547
734 506
934 1005
1436 212
1520 1718
1696 475
330 1365
347 1704
692 1114
1523 936
