218 1045
383 1283
1331 1738
344 1037
295 154
1625 537
678 463
1538 1480
850 1579
427 264
1127 879
154 780
361 477
312 1331
574 155
1398 1536
1421 798
997 73
1002 1117
715 314
1268 1488
454 1309
694 489
820 177
1542 1609
1712 1468
1216 274
1001 1525
899 1373
1137 916
690 841
1426 878
1564 267
1240 582
482 1728
609 885
1455 33
1560 1411
202 600
126 759
421 1219
285 643
1193 1238
1674 416
1054 1651
99 1065
931 52
1158 1152
1052 61
714 1689
434 1455
1110 664
645 280
231 674
301 967
561 1729
1297 839
1134 1475
147 829
1309 397
1296 434
916 1356
1162 100
1263 1163
298 1745
825 874
1037 244
776 38
436 632
525 913
59 369
1712 1347
833 981
638 1407
1313 8
51 376
1604 1534
1389 561
654 793
35 217
1486 695
1626 1222
502 1241
894 11
945 1269
132 319
1573 44
182 1191
603 1019
449 857
641 1217
1519 1349
1615 802
544 1193
1418 1249
1252 925
455 1577
1142 648
1336 1038
920 0
760 406
215 337
419 859
475 1123
190 33
1296 1646
23 401
362 106
1114 358
431 74
857 1304
563 31
745 1547
76 178
325 1309
966 493
1714 1440
1283 1576
310 1588
1448 999
1227 148
110 1592
1053 1411
140 1208
1572 716
747 738
1193 80
83 1659
914 571
246 951
262 549
1660 286
1238 1662
1450 174
613 257
729 432
708 846
393 1269
1700 1570
1271 1256
1076 613
299 178
1004 469
134 1270
1259 246
1031 1707
1224 1688
451 1089
941 1029
1534 441
1132 1004
495 1001
8 1725
290 155
1380 742
383 129
1665 1016
1099 1031
1068 159
1120 58
1269 1197
1500 1665
413 68
140 1362
1015 776
1096 1245
398 247
1260 1649
215 1191
1187 1083
575 126
1125 540
1179 515
939 414
1401 359
180 651
1137 1520
297 930
424 1097
1727 1149
363 1671
1526 179
1278 1010
678 1227
1632 989
2 275
74 778
583 642
1004 1141
889 913
1734 623
257 122
264 354
25 60
0 283
1721 951
1163 88
1018 726
740 645
267 186
1473 1203
1649 706
1558 1081
1742 1218
1163 118
1531 752
258 1545
292 1050
377 1462
840 175
28 1584
103 837
951 1132
216 660
142 342
534 913
388 800
1608 342
747 1262
866 1638
1587 559
1438 1211
594 1039
520 886
1209 501
740 1713
156 1637
379 344
1462 1061
859 1607
1516 941
1592 1216
417 1229
813 599
1356 276
613 238
1077 318
1704 1068
544 945
527 1641
1448 1085
743 353
96 1121
1001 1476
181 79
95 1378
7 1383
304 1693
399 988
953 893
148 815
851 950
1377 796
214 1585
98 235
932 1306
231 437
1431 1078
794 525
732 11
1195 972
936 585
1717 1182
918 432
74 199
1346 968
1534 773
1326 611
1701 1290
456 652
367 173
479 615
1600 429
814 1650
57 1316
347 226
415 853
983 574
821 380
316 440
1443 665
704 1648
1027 476
85 331
1413 1272
360 719
267 1705
1427 615
1658 582
1088 1138
160 993
976 266
101 628
207 195
134 1112
613 1379
95 1089
133 1316
932 1279
1279 1621
363 606
1179 1282
180 209
1630 1288
1300 216
905 653
641 1434
1728 1241
747 424
988 910
1149 65
1150 1247
1135 814
882 797
1466 766
901 987
171 1445
305 754
825 495
74 774
1678 89
80 1188
1579 815
1110 1637
304 741
636 975
1005 1235
1626 1618
1034 1026
1135 1056
543 171
792 430
1287 188
212 1726
1045 514
483 1160
1281 1491
458 1250
1618 1606
1221 659
1205 1677
271 1487
267 1325
582 1138
1731 588
1594 477
1716 1223
320 878
839 947
1228 646
1465 1361
499 763
1449 383
478 571
900 1216
1083 219
1205 1457
1287 782
693 1202
857 1649
156 853
208 235
1561 921
425 299
640 1512
490 347
235 316
1033 1603
636 1511
312 783
1449 1502
989 95
1510 1543
490 1084
1714 839
702 1431
367 1534
311 689
1533 8
103 991
675 956
781 41
1407 158
573 116
481 561
1213 864
1312 1038
1663 352
1303 204
1405 263
1121 970
1122 615
649 1549
1111 371
589 1179
1281 1027
541 1255
1035 1047
877 627
743 1145
383 970
1407 1206
1350 293
1354 1063
1574 1526
1178 1207
402 120
1121 267
1468 1070
1654 1600
752 357
529 1279
1224 1126
1223 1421
835 1103
383 246
1102 1460
66 863
763 1047
708 844
643 652
594 142
1434 1530
887 1336
1733 133
244 321
1142 94
1724 679
1468 179
1699 1037
296 809
98 834
168 239
701 1691
157 1175
446 1035
762 389
103 98
1439 1745
1067 1630
896 1294
699 951
960 1457
1447 1567
1249 698
1538 1101
1357 1251
447 721
93 66
1347 151
1173 558
748 344
724 494
348 251
431 1079
1140 1507
318 1564
1616 1147
821 1622
96 618
356 23
1166 1167
1108 1651
1524 57
1686 1567
275 203
46 500
1555 662
642 1287
1489 483
959 682
1374 1038
159 59
1071 73
270 87
281 1177
788 1317
816 711
1701 1643
204 1046
1615 87
907 113
678 1177
1216 836
1698 701
1652 205
584 1471
874 100
1665 252
1278 769
1258 271
532 1359
532 783
1535 236
655 1
889 1572
1583 496
1694 914
1207 1273
876 881
863 1727
319 1677
804 179
1539 1304
1165 880
1150 1616
1508 754
938 23
1127 835
62 60
671 641
218 463
1347 1539
723 1603
1133 1106
919 500
1198 312
688 646
804 323
62 38
719 1306
1545 243
915 1529
1109 661
1541 464
790 54
163 1272
1607 1064
914 320
1028 1333
58 803
1196 41
586 122
406 110
384 720
268 1305
1248 1006
1420 1268
1298 259
1388 786
729 657
1025 782
1271 1667
1251 1648
1131 387
288 331
689 340
1343 141
589 639
1046 835
315 1032
899 1518
835 925
1112 1326
1653 936
1701 963
1699 1709
1488 1234
1649 1686
867 768
2 556
1637 1394
674 1296
386 125
527 463
393 1118
1245 502
266 1674
771 1635
618 779
867 541
903 533
963 761
169 409
653 451
1244 541
189 439
1419 200
1731 242
947 4
768 682
518 1670
544 35
1090 1609
523 27
703 726
717 1665
1187 381
1470 1558
1247 284
614 343
561 883
682 1198
1488 704
750 719
1627 417
1492 697
337 393
1318 949
706 851
860 649
545 714
119 1668
728 1406
143 1199
563 1022
1452 886
1220 293
1640 1739
1688 896
777 1128
288 71
1233 1519
876 337
528 1257
1352 296
1507 1689
926 274
415 263
1322 1736
1401 1527
1659 1590
151 280
184 343
1176 1079
296 659
1256 1629
610 806
755 215
169 1259
883 992
1378 4
1534 1705
963 1337
453 131
1549 1177
1380 767
179 34
1380 793
16 170
962 1372
768 881
1675 1168
384 660
810 639
674 1136
1301 389
774 414
1566 319
483 1740
1276 889
1173 398
558 956
1141 102
967 563
220 1742
908 1317
1524 73
260 509
116 794
393 674
392 225
241 568
604 134
225 747
831 1021
1459 58
788 1155
851 894
1234 929
925 697
1673 1467
704 85
1674 1161
1172 496
1683 1455
1600 1292
1099 294
1057 1541
1729 166
1251 272
476 1349
867 802
420 735
740 544
488 1466
494 533
627 669
787 1382
1134 1243
498 1303
660 940
529 1573
1353 533
1535 1024
1243 1189
1515 1005
1138 1537
504 1326
1050 1741
1562 1416
1192 889
1123 385
733 1727
67 1699
613 181
516 84
1209 1330
1582 860
1381 54
989 915
1296 277
1701 565
452 920
364 1059
291 339
50 903
609 332
791 1582
865 124
1186 1291
258 387
800 1697
1672 275
996 1201
199 698
569 178
1332 477
1659 1455
1028 247
750 838
269 1113
508 128
277 1374
74 84
349 562
1485 938
1660 402
711 743
670 565
370 678
431 982
925 673
69 681
1005 366
63 1309
501 1710
659 1176
442 633
63 270
997 1232
1607 518
1077 1036
1428 1732
1151 329
1311 430
1413 1449
463 1309
71 1696
1484 1555
1368 636
237 1514
934 1490
609 1334
1229 1716
1488 1
992 1334
1319 71
10 998
1465 692
119 586
139 938
1514 942
737 1250
1473 446
1347 1706
89 1015
684 1135
1111 158
1583 1218
1466 144
1656 981
484 1408
357 782
453 1655
418 990
232 664
1289 319
1069 1605
1148 330
350 198
708 489
1328 1681
80 1506
744 183
1375 912
805 143
509 587
1473 391
363 574
487 644
77 751
872 182
995 1155
518 728
1605 1369
265 56
1734 751
462 971
746 1243
223 1203
622 1270
740 1284
1448 1537
1008 1508
1518 336
173 287
211 1140
625 676
1524 156
439 1095
875 1547
229 421
636 1129
740 251
927 18
453 1632
638 1423
1543 574
783 73
523 1475
528 1176
1039 1619
640 1130
863 1055
513 1094
888 561
1445 317
1063 1613
1495 394
1391 855
100 1553
1037 1466
1543 1464
374 140
1380 435
1182 1294
388 1107
224 912
1056 638
730 195
188 1511
136 594
531 535
13 1233
580 0
1631 1561
34 9
1660 1320
954 1681
586 137
1072 534
1524 1079
1499 39
454 923
1354 1079
24 825
1220 1301
779 92
1190 264
806 1197
623 144
1244 373
857 1169
713 730
934 803
794 961
3 1682
813 436
1200 919
1005 197
1662 792
5 301
884 964
1344 115
251 904
1422 1741
1108 1712
261 72
266 873
285 906
148 706
361 990
975 507
1017 446
1003 429
761 960
1548 1124
1727 122
1722 756
445 1675
1071 816
959 469
593 729
1481 1699
989 1245
177 869
314 348
487 113
126 1537
1019 1525
75 1272
636 600
721 950
679 1417
1253 1168
446 94
333 1515
1133 168
1011 277
363 1286
221 452
1607 29
955 135
1304 616
812 1640
104 308
770 726
474 804
861 1246
1682 332
1658 1413
1412 846
1337 1373
1615 1356
507 216
1372 1192
1491 575
1653 1442
1536 68
1042 213
740 352
1503 1377
1602 510
728 919
1528 1152
435 1483
481 1254
1289 1032
164 972
893 656
400 983
928 679
698 727
742 1251
85 578
1552 1455
15 83
368 68
909 1075
1007 697
537 1509
742 245
1642 213
1519 556
294 232
841 27
1370 1717
645 284
245 239
378 1249
523 300
1100 1046
1581 526
1641 117
192 671
111 1509
1736 972
203 1497
1662 327
158 1584
865 845
1654 1379
687 404
520 1266
1072 616
1536 5
691 1634
716 991
722 477
500 108
979 1330
806 799
16 557
1205 732
887 590
45 277
607 103
528 102
854 1565
64 563
1250 523
294 178
1504 981
1133 411
749 38
569 1361
1008 884
938 852
1595 1484
243 494
1422 732
254 1516
231 309
1469 1435
1080 1119
674 878
1681 191
776 690
531 1514
496 870
253 653
891 941
890 1705
1657 1596
103 508
743 1068
323 138
707 613
849 719
657 607
299 1177
155 604
226 835
1231 465
18 471
411 1463
1482 1478
776 319
93 1540
339 1191
1424 1446
366 666
1666 1531
1595 868
786 307
1046 1519
478 469
333 95
919 1147
46 1466
289 573
1155 1138
656 1270
1338 285
239 1043
226 735
205 1154
614 145
885 741
1092 44
569 197
38 915
2 733
68 367
823 789
1242 810
841 1682
1322 1548
1717 764
1042 1107
964 1539
1506 625
1500 1583
39 262
1732 1723
916 1448
124 1655
329 105
845 1683
1278 162
1004 1165
1133 847
846 115
198 1438
282 827
54 1019
884 1094
1711 1487
1131 792
1433 87
796 25
710 870
398 601
1040 782
233 1523
645 1128
109 1708
1021 474
375 47
198 214
368 513
146 1473
1306 205
1581 53
72 181
837 1463
208 1078
1650 408
1344 1007
86 390
1157 1143
1402 1632
409 484
1126 1179
889 211
1325 797
1570 254
43 13
1719 1630
1099 1196
912 1336
1282 315
910 1036
605 195
1055 938
871 909
468 506
775 1052
1250 228
1296 1334
248 1285
141 908
1536 774
1132 346
1515 1250
1412 538
1008 659
1062 1737
808 625
1192 570
1451 1503
991 486
413 550
324 829
812 1053
1450 1340
651 1372
434 922
1459 1669
817 693
642 1602
134 1575
1254 798
807 359
505 72
387 640
1704 992
1187 684
1642 922
671 1464
64 330
1532 1435
340 128
733 1251
706 1288
1532 155
1674 305
1241 1034
1338 417
232 184
1227 608
978 1304
38 949
1022 42
1675 97
1007 890
727 988
1153 650
676 1502
313 806
1614 1565
62 701
960 1435
474 601
1049 1727
1246 329
1715 1315
1111 757
75 502
965 424
1057 562
276 566
408 236
921 575
73 94
1278 167
416 395
555 1314
1283 765
1577 1392
905 360
481 1623
556 1435
95 535
789 1543
822 13
643 803
82 542
1140 1143
939 267
972 1284
852 1655
484 831
687 1366
1729 994
1141 175
179 496
1495 826
1110 1545
1231 1176
431 567
170 1279
838 944
199 1698
1438 193
1721 94
1643 1404
1742 1062
489 262
1634 1474
169 1402
1603 1531
1319 974
359 444
288 715
763 915
1357 1124
1077 640
1609 1395
1431 947
1038 1598
918 755
758 251
332 695
192 1642
547 1073
763 3
1524 621
1367 1164
1337 985
577 458
672 875
1608 171
378 639
1355 1567
1173 527
854 1144
476 413
388 605
749 1269
973 723
1333 1255
517 355
1076 1197
1002 741
694 8
1528 1678
259 326
49 1052
1117 535
490 1309
1664 1402
418 1730
372 1080
1711 974
705 878
135 598
332 706
1154 140
950 981
1112 1456
1280 901
1536 893
1496 1617
1318 294
1634 1134
1695 1177
1407 1312
1673 426
693 1100
898 499
161 960
1538 349
413 531
1135 86
867 1377
165 852
1146 166
1416 1338
903 1402
1046 1498
606 1152
212 364
527 889
881 1700
548 848
1109 1375
194 1546
590 436
447 154
1467 449
503 16
370 229
1600 693
306 999
1281 186
161 1712
1717 781
356 19
70 639
1130 1738
360 677
1413 1398
460 300
39 617
1487 124
1350 626
686 431
822 771
192 858
1355 1359
965 1485
874 968
1255 1676
562 253
984 401
1516 1190
1559 22
1709 156
761 697
507 1594
1298 1605
1146 1285
1197 874
709 352
408 674
1357 1215
1603 1054
584 1150
440 1458
412 576
215 1113
66 1132
1632 1664
56 1620
1279 217
685 491
1092 284
447 1070
1358 716
742 1331
696 551
1338 1150
1477 1743
1574 1674
129 1147
1128 8
1534 753
582 813
153 1178
15 357
1059 1504
1027 1358
871 558
79 1659
1477 1045
507 1475
1197 594
1336 1356
1046 1427
500 1180
1640 808
296 992
982 725
925 1650
1163 954
1350 1191
951 703
404 1062
1121 603
1558 557
1497 1103
651 630
1386 790
10 397
842 1097
708 1017
814 837
344 1023
72 521
1516 122
1291 1339
451 1015
768 295
636 553
574 380
631 547
505 1401
314 1705
886 30
1493 715
125 303
83 1164
1258 712
1075 1601
1508 841
768 662
801 760
1296 739
1720 225
705 1098
1548 1220
311 306
1571 1539
942 991
30 131
889 364
143 575
1349 250
1288 231
1169 1707
1186 1089
1325 1396
1555 1041
848 880
150 1439
470 1184
940 904
469 383
1082 487
1472 604
992 1397
725 358
1510 656
1735 1505
1217 1649
1050 245
1139 861
272 1152
1278 940
94 988
874 647
1243 1186
220 880
1270 202
805 890
603 1644
1725 373
1510 1231
707 1073
508 1569
330 967
301 723
200 825
216 491
1474 882
1113 956
760 1694
840 1170
1715 719
638 405
186 452
1195 524
1578 138
459 1575
189 286
1525 290
1073 204
1509 1110
1031 1654
1256 1486
318 524
549 288
1586 1705
1735 1230
393 448
817 815
1597 549
889 386
257 1078
1265 839
664 1176
1056 1638
1483 1484
820 604
996 1037
1205 1319
1305 542
977 1566
382 1000
366 492
1507 1252
1066 1676
885 998
534 259
559 739
1430 878
424 1228
1271 1211
1303 769
586 796
1253 456
259 231
1662 1594
505 1433
514 1192
1123 1318
1502 1638
254 1346
1682 754
842 43
1387 632
285 653
1055 643
770 670
1649 1673
329 281
1197 1468
712 841
1652 1090
28 651
1232 270
560 1466
975 199
999 283
1643 1219
562 1221
1507 1595
1692 51
1193 922
1194 1505
661 385
1643 924
457 280
163 1665
1366 682
1563 1070
1404 736
213 1610
376 285
782 181
873 595
1103 124
1258 33
1290 247
783 1252
394 960
897 293
860 18
229 144
1555 1700
312 711
1088 1242
319 1657
1358 1375
135 1545
783 1319
1433 903
1733 486
1337 1224
806 411
369 410
968 1645
114 659
1139 1436
1057 1136
1162 1278
868 919
1170 471
49 521
1032 780
900 1555
625 1704
38 247
881 548
191 742
142 572
110 337
17 7
362 354
1063 354
1206 555
287 121
178 792
899 153
1126 1509
275 940
637 1206
1506 342
204 814
789 1329
226 111
1267 1031
1465 1615
372 323
657 465
587 1473
794 1221
1047 1517
1451 182
1155 838
1067 1577
1421 303
785 1708
218 240
634 68
987 1411
906 729
768 1139
888 1135
670 27
1639 846
231 200
477 376
1696 1191
1490 1725
624 828
1256 744
335 514
675 1665
629 1666
1361 1648
1413 937
1072 1364
1688 341
770 1155
1232 428
661 1243
433 521
767 504
447 1414
1547 258
1557 347
684 1548
778 347
226 542
1478 1663
651 1675
1444 199
1463 1059
857 1191
1183 1356
1023 1177
227 393
1676 1017
1048 223
1124 943
1641 1536
1374 85
1003 1111
84 858
1022 927
335 384
485 7
1011 1226
761 166
1119 1089
879 456
244 1065
476 340
1731 722
1377 882
1627 612
393 907
1207 398
892 728
1337 1014
1420 275
1013 775
690 553
56 51
657 175
1416 1112
612 906
394 490
556 378
1529 1097
904 1481
107 16
1434 969
880 709
1557 309
1650 1471
1153 424
250 1249
373 264
1376 418
116 667
223 865
1293 134
860 1001
1321 1568
333 803
1502 7
1735 430
724 114
825 723
324 1375
1671 748
890 972
1443 138
1173 1648
847 1245
1313 246
285 739
648 212
1710 1303
1363 1720
1370 1641
417 1354
513 482
920 415
58 1270
971 894
1400 1570
1729 1364
1572 1185
296 743
1371 588
1644 967
755 647
294 46
1550 807
1510 15
1514 296
386 1548
851 308
137 337
1670 205
1472 290
616 1307
103 460
1297 640
1125 601
1432 281
1060 700
1561 1599
44 762
143 1700
1303 1701
545 741
1695 1665
585 1557
1418 528
1405 139
504 754
782 702
1713 124
438 1375
302 197
1505 1223
717 1629
1734 1742
705 89
167 636
1356 1474
14 312
1300 739
73 153
1313 1362
1718 1350
753 718
826 1125
836 1203
104 967
1393 415
1317 930
1242 1067
150 1325
578 1466
872 1316
1401 1521
163 1295
825 529
924 211
1530 1202
1109 1080
65 117
147 436
414 754
191 105
541 975
1338 83
47 953
1543 305
1228 292
1417 497
555 1733
1234 430
1729 302
610 802
408 573
542 1365
1733 1114
1743 782
1240 1388
482 1518
601 320
702 1113
912 930
1677 357
1333 872
987 958
8 1316
129 76
170 674
786 546
807 635
968 1564
677 627
1275 1409
118 894
1247 139
139 87
1609 1726
1370 472
1079 262
459 653
114 206
1141 1578
228 1175
527 633
233 406
41 1067
287 590
152 669
877 54
598 486
854 681
748 244
1668 615
922 1275
287 1067
837 1390
1052 770
35 165
1412 1043
1304 251
1429 1019
467 789
641 742
688 1210
1360 46
378 451
1735 1100
1357 256
1019 1510
362 1455
602 1274
1193 1446
1581 510
120 1606
54 1686
142 765
23 458
1306 1084
1441 1495
1610 377
79 527
1114 552
1204 1105
1217 1183
910 349
1498 1251
224 445
69 1736
192 1602
1027 720
293 1036
1352 345
1507 253
1447 1489
296 1514
345 717
863 827
730 228
955 1046
857 789
1561 375
1585 730
220 1664
1530 299
601 876
484 1426
1123 423
411 662
1513 374
6 1665
927 1629
1654 1390
602 451
729 1667
1110 598
18 1523
624 1682
1664 786
1233 304
796 168
1655 702
489 388
841 1093
793 562
985 1659
390 1393
990 84
1152 1507
288 1033
946 478
512 1127
55 308
344 1263
924 1304
1252 1441
135 1393
769 737
714 730
1119 974
552 943
1656 1522
718 486
274 1417
1582 1702
14 1015
1668 1063
1670 706
647 1344
542 1501
62 1356
490 246
1502 1727
949 1684
1062 281
763 1407
731 89
1706 87
1352 1112
1033 930
604 1036
614 431
938 1079
1694 510
1156 1259
1429 1710
47 548
549 1276
823 23
1719 608
43 1088
952 874
80 1171
522 267
1210 1650
194 978
1702 623
387 1259
898 1232
694 1211
367 349
740 1687
387 1226
261 149
758 1273
1445 1336
1490 336
252 323
1477 436
1592 799
1237 719
944 1299
808 1593
1531 524
44 85
941 1504
918 1432
131 504
47 690
419 916
920 531
1103 1138
352 57
1741 1431
876 324
180 913
1700 444
1514 1201
700 452
44 772
325 1163
910 345
1164 111
1022 1180
310 259
614 656
1737 1562
490 472
1354 1490
589 851
125 210
719 166
1365 1302
14 1402
1330 1296
1007 332
508 47
1378 213
485 1364
822 203
1027 1534
102 1224
76 1607
268 382
1077 1299
435 1277
1688 566
693 1618
299 343
620 1124
1126 1479
578 1582
561 1226
1496 1389
999 808
1325 921
1021 1334
1272 1537
1191 380
29 1022
1070 1243
1346 1170
1178 1270
781 1287
4 289
1029 1070
1198 1381
1561 1423
1679 1021
341 1577
131 1100
1584 348
833 74
796 363
1712 1041
662 1569
1292 80
1252 912
1004 1327
1697 315
75 1555
1146 174
1028 423
1318 133
1379 490
692 775
533 1111
1485 771
522 178
85 232
1625 1356
541 1343
445 1362
441 1440
606 1074
1616 58
396 1207
1200 435
1476 1738
1694 32
1669 39
194 729
1679 432
556 337
1077 752
1279 487
1224 49
1593 6
1352 1170
261 1045
1174 199
479 1519
1124 427
1656 140
1719 839
1584 1409
1547 1204
1041 1471
644 1229
1108 443
325 1179
30 678
958 1645
1616 299
1533 683
149 56
1072 74
159 1421
408 60
1475 182
757 1660
1221 733
491 22
1064 959
715 1687
242 1591
650 529
169 1173
1285 1216
450 836
838 1221
1707 1371
1051 919
942 7
138 404
398 1440
351 433
419 357
1221 1519
58 975
329 1489
1335 1621
1445 166
1207 1563
1216 1186
95 297
476 466
207 1066
1105 1508
1560 298
1682 1560
693 948
1040 1726
1598 1440
671 172
1483 242
1738 947
898 1244
1466 1169
1032 758
198 420
1560 847
320 707
1019 266
705 1479
279 189
65 664
225 89
1493 448
1521 674
1553 136
66 561
1224 1532
683 1535
362 1258
1213 1725
403 886
1314 50
80 356
354 185
853 1675
782 1261
1409 323
1563 1200
127 1584
355 362
436 75
153 1324
747 1523
747 759
717 259
1562 509
27 30
378 562
1071 698
1403 1497
937 1485
196 1511
1719 1429
1094 1197
102 307
329 1294
993 1471
1295 783
70 369
1112 1019
954 206
945 114
653 266
585 589
1233 1330
1432 1460
1269 1228
1719 1629
1148 1676
546 1000
473 1072
1551 1026
740 595
1687 60
1133 300
1230 107
924 496
872 250
1331 1181
441 1603
1163 105
837 1597
1315 1203
1128 1678
1522 1114
735 1491
629 870
45 1643
1692 466
1038 878
516 1099
1095 1028
1555 153
869 870
370 790
174 470
138 19
1121 741
1069 1370
409 847
574 94
262 1095
1485 66
791 154
300 1413
316 549
1322 839
352 81
453 758
940 1172
421 159
160 852
1129 1013
1072 72
1304 972
548 320
842 1196
1172 239
873 570
1461 343
1189 1699
1091 1580
110 631
87 264
67 257
1462 1214
187 1350
158 518
1385 1680
1442 673
438 2
233 1008
931 863
1434 1019
1743 979
1690 979
756 1580
1466 25
48 637
138 1680
1428 991
1020 199
130 1660
1421 1665
103 1024
511 1654
389 231
66 1416
909 1077
1688 1469
1569 501
888 682
267 1674
853 1571
987 1407
1521 968
988 1120
1584 786
1499 389
283 751
256 1571
361 941
371 1047
976 1037
915 1252
1405 0
83 375
565 683
755 1021
1483 178
59 686
630 535
432 197
1488 1170
9 752
1113 749
1678 466
604 1078
521 1031
757 1666
893 723
750 523
1207 26
1534 1599
887 935
245 1665
916 66
1257 229
1215 1730
1564 326
1616 377
898 756
145 1048
1367 831
1657 1159
1232 354
249 785
1512 1146
1250 1473
70 408
341 1500
1074 1669
1699 1039
373 84
1060 1741
1586 1061
48 1035
311 183
1238 795
1693 1268
1257 693
1622 1188
1199 1064
952 1589
1651 117
790 347
1455 1443
330 821
1000 436
186 988
1319 1059
356 100
877 872
542 1573
1126 1121
390 2
944 1424
1557 181
790 1199
96 1018
492 827
1202 961
1699 1126
1646 1528
266 395
971 1386
672 193
590 409
572 240
163 1660
1267 260
1334 748
737 699
550 1364
466 673
1121 1230
1494 1161
33 768
1645 1721
1476 243
17 386
540 1190
856 62
1657 860
632 108
1116 743
210 549
1613 902
116 1574
20 448
198 1000
931 365
414 804
1435 811
1281 1462
1045 1278
1216 1433
153 1088
69 300
748 1525
301 457
550 1627
1109 369
741 1366
1729 163
277 495
881 345
285 865
1638 960
1278 240
177 0
361 778
1550 710
1278 1301
552 1705
181 336
1465 1490
1175 723
1487 1105
897 373
1559 1243
1365 288
262 1745
499 387
1515 1013
444 997
468 164
984 1608
1321 642
93 516
1433 230
830 699
1405 1004
1369 1545
1422 1358
316 1406
185 1405
439 1257
34 349
1644 182
1357 631
785 306
1378 345
1160 873
996 2
1550 1098
720 1732
866 1126
545 827
1243 298
522 1586
208 1588
1066 1687
1195 1559
690 1415
342 120
562 1223
696 940
347 501
849 108
692 181
1376 1339
127 626
1018 1388
233 61
271 449
1568 1426
100 199
1642 1087
1549 326
140 224
1277 85
384 896
32 53
295 536
1482 1285
1732 1264
796 153
1029 613
1728 1598
1592 332
402 479
648 226
855 94
775 1275
362 165
381 1130
1490 32
1720 222
108 1154
942 545
1184 827
103 851
766 890
48 1602
1004 1376
390 1589
1557 1677
1055 358
1684 1126
1138 1413
241 1509
775 1305
361 1221
972 1084
1158 1064
991 210
130 1082
381 1082
337 995
718 1300
468 942
1000 1149
199 1739
495 1723
1040 474
204 35
328 229
1572 563
68 305
139 1058
148 824
260 1242
321 1722
1108 1011
174 362
666 575
762 112
1020 1391
831 1069
769 531
1215 551
265 652
855 843
1368 633
1650 1440
1201 666
1415 457
54 635
421 355
891 483
1607 1718
455 1200
851 559
642 557
44 1097
252 384
925 299
1218 1124
105 1376
69 1292
157 25
869 396
293 1229
348 172
566 190
1352 1144
1095 1403
1023 196
585 627
764 455
658 1463
74 21
577 166
318 506
371 796
926 1198
1531 596
11 399
1600 1646
1219 1505
397 1657
1326 167
175 1347
913 1664
126 403
940 1278
1695 993
1123 11
1486 769
346 1080
1517 1506
334 843
1483 906
1109 782
564 695
266 1117
696 229
1195 1609
1276 1648
720 1398
18 1491
196 386
1628 483
1282 657
1206 1667
745 575
1734 1535
520 1646
398 1363
1280 950
1526 873
1720 713
1313 893
1650 1526
408 1169
971 948
159 914
1371 890
609 838
1577 1407
657 1273
399 560
203 612
606 1458
611 1531
764 14
1114 843
1278 1021
802 890
233 1576
610 391
346 729
519 5
49 835
1547 1308
1125 1631
693 656
43 940
217 232
981 52
1394 1595
248 1014
58 1336
365 561
1616 1716
146 1443
523 1049
529 920
290 1129
583 998
857 766
549 957
96 1103
312 176
1722 1238
1312 1031
1220 1232
1691 1250
471 895
859 43
208 710
177 1438
30 1640
1663 1007
1498 815
390 36
1339 596
1345 1164
295 26
522 1271
47 317
726 1397
817 1607
1364 145
433 1109
1608 942
498 304
725 265
1049 1112
512 530
930 1279
1049 64
727 547
640 1619
1219 707
1378 23
568 15
1362 695
36 205
884 493
793 500
318 1733
177 587
542 322
1425 955
274 133
1410 1237
1018 1623
1259 1497
1245 820
559 887
1243 901
334 285
1655 731
1150 435
933 960
1481 907
1253 1350
496 1001
1105 1022
837 822
865 1045
132 863
349 63
76 700
1367 626
1396 763
596 366
810 1126
175 943
1129 264
602 1589
994 1197
606 864
1412 1680
356 990
984 1217
931 1198
1220 49
1210 1510
126 305
580 473
1667 972
564 1291
1321 495
896 528
1585 219
1191 692
1282 294
356 756
1730 1338
191 520
811 385
1703 1745
388 845
1111 1027
327 314
1589 677
44 745
730 1340
780 426
1371 985
439 1085
464 112
973 505
137 982
896 1114
1216 404
1741 762
287 671
1479 271
1691 75
1210 1333
1103 1139
944 758
103 162
1320 801
685 556
162 1665
1339 1057
491 1378
1636 1225
1731 727
835 565
990 950
825 1725
10 922
819 857
677 890
691 1384
737 1043
17 702
224 227
1319 570
595 484
546 930
412 547
611 410
716 1244
473 1566
188 1416
1435 1131
850 1605
1455 569
1672 1409
1312 758
675 50
49 1392
122 1549
1222 806
512 109
1606 1228
199 317
1577 744
720 594
756 1638
268 709
1067 734
788 546
1027 1651
898 1015
453 420
1364 673
756 383
345 1719
459 1687
1518 682
167 1677
1281 126
1606 1129
1088 1293
536 1216
854 106
907 809
1212 9
256 1225
1447 927
1449 1298
210 207
1383 1
100 56
104 860
443 679
795 250
165 692
788 1188
648 187
938 1606
184 680
559 29
590 314
1201 1302
975 1236
367 810
1174 1217
1628 1643
376 1041
1186 490
925 1582
1538 372
1591 1578
53 421
928 1107
790 380
807 56
442 1252
748 1318
32 774
1474 725
179 460
1254 886
1279 1004
973 699
840 1689
270 46
768 596
32 1080
1117 735
344 442
1485 1681
986 768
1381 1394
1648 860
1103 931
1020 1576
1420 664
573 87
1696 171
835 515
481 479
897 1287
765 1241
131 557
1579 409
1677 1684
1745 541
1638 706
1395 143
456 950
786 566
880 377
675 1299
63 755
442 1643
1198 1537
7 1162
1584 1648
62 1143
1472 376
1581 825
393 15
1316 50
1342 1295
186 228
1606 1049
484 1543
1659 444
582 840
1089 994
1678 1646
578 307
389 533
386 1337
680 909
1552 229
1616 1644
66 825
695 1132
401 689
984 1034
1314 1653
1012 1366
698 1734
504 437
74 446
161 1216
1307 299
1415 1549
1742 1409
1554 1386
1361 1666
647 1663
100 1202
667 473
520 1341
1604 444
572 1644
1143 305
627 1123
1384 816
1014 997
1097 1431
1515 1105
231 1567
1545 1244
1334 142
503 292
1730 1148
712 314
155 585
298 107
1731 1590
759 1081
1437 929
1281 455
252 738
1280 951
297 1195
713 863
1137 11
1441 619
1397 1006
543 257
1369 1537
1483 91
741 1441
1737 1268
876 1483
1510 919
1399 576
78 1703
1494 718
1026 861
1533 1402
1481 822
1114 1707
1285 789
1073 47
364 1185
1384 338
843 1178
348 1503
143 1318
476 690
1088 834
830 884
191 1319
1643 1146
1321 658
80 525
1406 1340
710 714
1588 123
1328 616
1586 1463
144 441
1742 830
724 260
797 985
370 181
1724 180
32 1536
999 662
1091 1194
479 1200
983 642
1014 213
211 1181
1270 162
349 748
1238 177
41 251
902 1594
1408 502
110 1221
952 1535
106 883
511 72
86 83
880 1072
1548 1029
979 1286
836 1687
1022 789
1439 893
698 407
1594 46
1194 592
1698 1157
1482 239
612 763
820 1346
1152 242
1240 1054
203 806
569 505
1608 664
837 45
963 730
459 493
559 202
616 355
977 1261
1510 462
1497 334
395 705
819 405
850 1125
919 1644
1041 641
1361 1727
559 627
584 716
440 772
1331 403
1038 302
314 404
798 800
313 1141
327 1487
1015 1285
971 361
630 404
580 599
1039 1088
1473 1430
574 1382
511 286
267 890
1044 821
370 680
267 119
187 659
660 1231
1039 197
626 1641
1437 1476
622 872
1419 1174
523 81
1682 1311
134 501
477 1580
1111 1099
849 1620
1675 916
1320 1650
799 1536
475 523
986 1226
1262 1636
388 624
1326 216
1070 473
1688 774
682 1679
790 1540
1189 1521
811 83
1122 49
1290 1323
453 566
926 1336
506 467
378 815
241 360
652 919
1040 433
796 1065
1149 1506
1323 1251
450 626
794 656
19 1018
763 689
674 268
1615 18
1125 338
317 1737
1270 1090
548 1542
1644 521
984 1536
1088 1178
91 437
3 448
755 761
447 1283
1213 802
260 1718
169 891
1107 1582
592 142
642 319
653 847
1275 918
634 1696
1038 1157
1707 971
1348 1666
642 573
133 966
1275 393
1508 1145
1357 551
1283 21
551 67
1021 1557
537 1236
506 621
370 962
1702 747
914 900
1198 49
1145 936
604 1299
210 1078
680 148
1007 1299
830 1159
1370 916
257 589
428 963
1585 3
581 160
759 1275
107 1215
44 839
1136 74
1135 1121
1321 1181
523 1604
518 433
1259 460
1056 1376
1567 979
1307 1137
1073 1347
326 654
892 1253
133 1654
917 468
1037 1653
1025 371
397 452
1595 1317
591 1393
1658 1142
1336 578
918 1229
1561 1291
1705 358
1385 700
1271 1577
705 846
921 760
1061 757
1538 1682
1585 1569
682 590
202 373
1664 1270
1718 175
1457 1512
1087 1251
1265 436
599 1651
972 339
107 1447
367 731
385 1307
1271 90
1487 28
133 1118
315 281
1666 1317
1116 30
774 618
1742 416
133 1651
906 738
546 54
260 361
653 1259
1545 1643
1185 1220
593 362
407 1518
708 1528
1123 1525
1180 817
0 1725
568 340
1622 1502
453 1670
983 392
893 1699
1023 229
337 601
1432 1012
446 56
872 212
893 1193
1616 905
166 1727
1144 459
1744 796
1585 1142
1537 382
469 1654
1496 350
341 1505
325 1272
816 624
700 735
964 969
1632 561
783 1678
254 245
467 1007
774 514
1121 1258
111 507
1683 932
354 1461
443 1562
1244 327
1350 1116
874 293
618 1500
364 667
1739 796
861 1453
491 1600
322 614
958 900
1670 1400
521 34
468 72
779 148
639 257
771 840
1176 24
349 66
1181 688
118 1578
1239 1531
799 1474
244 1268
876 792
1583 188
568 1201
1191 822
1638 116
1013 371
1642 769
1620 1509
815 1688
859 572
1266 1516
252 1501
525 818
1579 1504
1292 138
1117 958
1410 1457
676 833
1231 251
443 1311
625 1614
1170 595
551 343
1041 315
648 1152
1458 1523
741 157
674 1671
88 1582
775 1334
1129 1228
1308 1314
1225 301
84 568
1277 477
1079 827
1595 808
1339 95
1163 1416
1280 280
676 220
940 1577
12 1260
1343 114
515 1436
977 1310
234 712
397 449
174 777
722 789
59 45
975 1649
1463 53
798 1074
1175 681
1266 1649
1314 8
1736 548
1207 1705
43 380
452 866
319 1398
1308 1711
97 1571
430 1327
76 1744
1222 1286
450 707
809 597
1030 1056
211 339
651 1086
1529 1696
244 1300
1554 173
736 347
1486 977
1489 906
843 942
404 1533
1604 1391
1215 1516
985 73
512 1086
1329 960
1086 262
1012 1009
657 1636
1076 1553
117 1701
545 655
852 124
971 799
559 199
196 1384
872 629
913 1456
1668 487
1034 1197
1457 1299
856 891
520 242
1569 1542
1094 257
314 1694
375 1737
1425 559
185 1467
225 607
937 159
1197 789
601 986
1055 1373
79 37
1149 276
6 624
1327 1493
496 991
1561 1744
1533 114
1389 1695
1403 840
1306 1606
648 570
1624 1088
580 254
1070 1240
135 347
1327 272
560 508
913 122
469 1455
1264 882
1467 841
592 730
1392 185
890 1479
1366 370
425 1133
364 1586
1172 583
139 225
313 633
1566 309
1364 179
59 1252
1261 777
1465 263
1541 1525
243 370
1583 330
917 215
759 1306
646 183
1306 712
1265 287
139 1558
1667 1056
617 1700
1429 749
644 1482
999 160
536 98
592 1040
728 1339
1601 908
144 559
345 1271
433 430
499 1499
1328 1177
540 1356
1058 912
1446 1375
556 1352
799 396
540 1598
819 561
16 1560
1097 290
1497 1167
859 1389
1212 1067
1183 464
552 528
596 1653
1031 1057
63 831
869 1680
619 164
564 1669
92 1303
468 1513
331 1113
1314 1589
1501 1735
519 1564
928 1248
1084 1073
1207 1318
258 687
1015 1657
1074 53
916 378
410 958
1647 1467
385 1174
1014 1535
1555 48
944 410
1546 103
958 1099
194 409
23 749
1634 377
1402 972
854 1266
1057 85
590 1096
1050 168
1362 615
1633 1044
1157 1402
1743 655
278 673
1674 1713
1693 1567
156 589
1243 1742
461 1240
660 38
1292 1071
289 1127
43 1045
203 305
378 643
789 928
1273 34
195 1160
878 1245
942 957
856 682
1204 688
1085 1466
1331 426
828 191
1095 556
425 564
164 644
1197 824
167 1392
1432 50
1202 634
1259 203
593 1311
709 899
644 113
1387 1110
962 1685
839 92
1371 262
1061 267
602 1557
1430 1613
578 161
11 1039
33 73
121 673
1354 1088
499 630
788 371
343 1134
963 1292
1292 877
1020 736
120 1132
803 1096
1138 1345
1296 278
1032 11
1153 1009
1083 25
601 1124
845 1005
881 928
1102 959
952 149
1583 336
1235 101
1148 1002
1706 61
1453 1217
769 1288
1436 492
116 1613
995 1312
135 637
60 1421
1120 1005
171 1696
549 1063
83 308
40 1538
322 1125
146 1573
89 1093
1182 694
166 510
1558 1343
822 124
1094 1047
1272 917
367 804
1238 754
906 386
1635 1585
791 827
871 1232
647 899
590 1328
833 1128
344 1016
970 719
955 1193
1631 167
869 1251
276 1533
2 595
1337 1728
126 1427
1736 233
884 210
1569 271
75 643
1433 1673
671 417
1381 1680
769 1636
1311 4
939 390
992 86
140 815
315 944
1559 600
939 1216
764 167
1304 86
1614 1553
1349 122
511 160
457 1196
908 1009
361 137
1388 1363
1005 409
1580 122
1219 97
228 1105
112 1208
1337 1246
486 1036
1524 1410
528 1354
555 1542
378 644
650 658
1604 990
1456 1023
993 1096
343 496
1457 567
428 1236
18 535
436 1492
585 194
85 496
5 314
377 340
1316 931
854 1215
16 499
1052 3
726 310
780 1564
1291 290
888 645
1203 1522
336 1031
317 790
498 1211
346 617
817 757
868 1576
1565 794
809 48
1567 650
471 9
432 1293
312 1302
1408 950
262 1673
1499 1235
1269 1416
1732 1176
1688 1493
312 285
1007 172
599 1648
1109 1459
969 899
976 890
64 306
468 1125
1165 1246
1495 1212
430 40
813 1173
7 896
1 544
489 1165
1177 1126
386 1646
904 209
784 691
1706 383
794 480
1093 1344
475 966
1525 1133
848 1444
253 1490
321 465
11 404
695 860
861 311
645 333
1283 477
540 930
39 1566
89 1034
762 656
358 1357
621 1355
1060 657
782 1166
1032 329
935 295
1513 49
304 325
1509 1629
77 1669
1105 47
1636 110
641 1516
1112 144
1554 1166
321 936
158 976
525 343
51 59
1308 746
1113 398
1342 712
504 581
269 774
839 97
874 1266
715 407
1666 327
842 990
1710 692
1067 415
255 1491
947 1082
1326 725
299 1284
580 78
574 389
1638 427
655 1122
1415 989
650 1359
621 1616
1541 48
931 398
650 1513
1566 1633
1363 286
1083 444
1546 238
1038 1348
265 107
714 705
783 1021
605 1338
1728 367
1421 615
1607 1051
1178 177
991 1012
1275 1188
1608 770
1325 21
994 1146
121 648
910 347
286 70
775 353
413 773
236 1744
994 1633
153 1326
392 1414
1362 506
1368 418
32 1328
1456 272
1561 1326
413 1315
1605 1523
1308 1411
851 541
1744 1045
1177 993
512 1558
746 1345
1488 934
862 543
1623 798
597 233
1444 1663
1575 125
19 1101
1179 1488
1133 1639
451 1139
1294 1293
1208 1047
1228 781
1035 1702
1160 1131
719 1700
99 902
499 1169
364 640
1352 24
1406 1147
513 952
1715 603
705 171
1301 659
1061 967
1719 1067
1446 26
389 397
858 885
59 510
813 988
928 1433
926 219
27 1618
147 1094
1157 309
1044 469
400 700
712 544
1159 547
164 702
1678 946
1267 321
534 958
949 730
564 1490
1699 1315
636 1509
1085 37
467 420
261 960
171 1698
1039 35
30 1576
1384 580
1671 570
1700 660
1299 1598
529 413
232 509
1554 828
566 233
1645 1001
59 995
1597 1598
1476 240
144 971
1059 225
1413 365
711 895
1163 699
626 451
1576 8
398 1232
1403 1492
1477 256
273 1431
988 240
1008 1321
1735 1199
990 844
1742 603
1283 39
839 1263
1217 1506
1086 84
816 909
76 537
1032 1543
1515 478
1717 908
1187 1371
703 649
1071 588
289 99
451 1530
1102 37
121 1506
1483 1730
316 813
497 1083
1659 1542
1146 935
407 1376
193 293
244 544
450 1014
366 909
907 1650
829 586
1730 1655
401 1124
24 1057
892 1612
876 809
1523 758
1431 1081
321 1566
846 1737
1721 1537
590 503
944 1720
1398 69
1111 1079
427 1143
1191 320
843 95
743 1018
1127 1743
847 1624
409 442
1480 1318
643 174
766 1530
1666 1355
237 606
615 1726
1050 278
918 119
377 1426
791 1674
728 1461
686 1014
1487 927
1216 855
1581 1725
797 1148
1074 14
1299 1400
411 1240
782 867
1435 1141
395 306
1284 640
1333 932
1142 714
1423 1356
1406 1461
1226 577
74 787
235 1679
696 1065
798 142
223 1540
68 1677
257 1572
799 1132
1373 1238
1257 1474
495 477
594 736
202 1323
326 647
333 479
1627 1128
231 1425
428 1296
917 978
826 1516
659 1161
623 1692
1013 656
277 222
40 1536
1116 47
851 1551
557 535
788 652
1380 35
110 1001
210 420
1450 767
479 1386
1505 866
771 1339
648 76
855 368
1717 408
200 712
137 1469
189 113
1026 430
1371 1358
762 729
448 1537
1388 1167
1631 1479
795 1485
176 29
749 775
37 680
1128 791
1456 886
345 1434
1109 1301
1142 1508
1705 606
699 321
1621 493
1144 1381
219 1537
775 907
1500 1106
976 910
610 945
420 1342
1466 412
1332 1113
170 83
474 1740
1674 652
796 626
173 581
1100 461
268 1471
742 1723
825 623
1291 997
1438 150
417 1709
447 244
7 1017
724 901
1403 1077
1251 1395
1573 1414
778 1682
912 1522
592 1093
817 43
845 56
219 1491
1470 887
1703 1316
765 1145
186 344
760 1414
185 1516
878 995
1132 349
190 1705
315 1090
37 821
427 607
1537 888
805 796
316 333
1434 1013
1535 445
379 542
1224 989
658 1070
1575 195
215 1489
350 1036
730 558
1081 1258
3 1409
1222 888
1601 848
176 1176
1034 1105
1242 1032
269 1496
1370 763
1325 642
910 23
1186 772
1106 1051
114 1530
102 964
146 45
1613 653
1553 702
867 1566
234 1248
1503 251
1483 1203
1522 554
1081 1674
332 515
687 546
1476 22
182 1305
1376 1735
613 1255
366 1254
1524 746
316 942
1246 165
749 1057
1370 738
160 1139
344 751
675 1405
12 904
1477 847
1246 382
389 305
1480 819
56 1173
1193 1452
1654 175
70 10
1460 387
1141 367
441 956
695 1009
927 1304
215 35
1583 503
546 970
1060 378
781 1551
1717 799
1722 425
534 1369
1437 973
1109 324
616 1638
1524 1144
1548 111
1266 822
209 1043
1739 128
853 290
1226 28
725 1563
1514 364
1485 338
468 1007
22 724
1127 337
219 177
179 592
1255 959
5 1289
299 692
1571 1201
848 442
1187 1131
1150 1465
1049 583
274 1693
250 745
1190 51
1045 1661
1441 269
984 155
1720 1690
1281 887
1 195
1516 300
537 1269
1738 1712
139 632
1700 12
1742 1455
136 150
386 1292
1728 101
1172 497
608 1598
125 310
1562 606
421 1651
845 160
36 1668
814 1174
1704 1677
1073 644
1606 1232
1544 553
1437 423
1642 1679
1504 1418
591 1142
1269 542
118 970
940 611
883 737
1575 808
1732 1639
1427 1423
1068 578
1195 676
544 651
1476 585
1419 111
88 620
531 389
556 128
651 1530
941 1072
542 1611
1271 1619
126 668
1070 423
812 1213
872 260
701 415
167 1338
1631 1369
830 249
1434 635
920 1500
994 210
681 299
185 18
252 553
59 1653
925 276
1236 1584
593 1192
59 1000
1634 1232
1222 692
1432 1586
1376 1466
537 1038
1286 214
1664 56
728 1089
1076 424
1177 1120
309 1369
360 270
827 1336
1545 1483
1420 1568
407 1239
412 755
1570 1446
162 157
1111 352
1697 613
1284 228
899 1371
42 111
1243 1301
358 1216
1131 945
1207 172
997 798
194 1542
492 1193
687 1633
125 811
1144 561
1166 1350
455 1474
703 539
1624 194
1286 219
952 1593
78 66
764 471
823 1448
1447 839
941 521
1419 152
14 97
143 717
563 1111
1255 1096
699 1455
1271 1314
1483 1501
220 79
794 450
255 1225
423 128
990 1465
165 260
929 532
1076 199
1729 336
1320 124
965 218
287 1065
1193 346
802 1152
931 347
1333 1284
888 90
406 1387
1688 1319
1446 860
491 438
899 1230
1566 70
856 89
1063 980
1712 1162
1205 1623
1693 1010
699 1545
1521 1672
1368 1574
