719 1505
83 677
1573 496
571 690
194 341
271 1359
1717 880
268 285
1356 93
7 924
214 31
753 807
234 1593
363 1632
1581 270
670 410
898 1255
947 275
1374 1017
343 1254
1049 23
9 1359
16 577
1078 445
398 206
1551 719
1012 1027
122 705
1097 1645
1035 543
1031 644
118 88
307 1096
758 544
1073 404
1683 1714
698 1707
1230 1714
698 917
1728 921
951 1355
925 1186
1132 1295
238 1053
663 1174
138 1710
617 1197
1074 547
287 1344
703 911
1579 1148
400 884
1014 938
521 68
1457 1201
1378 1275
1558 1033
257 957
551 688
919 1504
740 1024
806 626
660 1462
643 1087
45 286
795 528
1165 265
675 1464
1440 455
401 1437
1654 514
572 1598
1482 890
646 1134
1216 804
234 190
932 257
131 1648
1544 1515
590 1706
1639 665
1507 1132
347 18
20 1326
1012 766
1529 509
1737 1196
337 1076
511 1413
1450 537
1545 69
452 1718
921 284
503 1688
1701 463
1394 241
1053 711
129 949
866 1227
709 613
182 464
1052 604
318 284
1709 91
540 1014
791 1536
436 1520
1445 383
764 284
76 290
785 582
288 212
13 1139
288 530
253 330
731 87
1242 364
1295 495
900 1603
360 1112
538 1511
1497 1581
1609 1416
67 1685
647 436
1013 1214
702 69
1072 1431
22 188
1195 1372
959 1674
1419 1238
681 1068
905 808
1132 1274
1074 1705
461 819
328 444
340 1458
1244 1082
1601 596
408 201
249 891
1220 328
273 1524
431 1274
283 185
1069 413
1431 703
722 37
846 1090
683 1035
525 257
1292 1196
1335 814
27 397
1743 1078
548 293
539 1027
983 1123
844 247
574 1468
265 1322
1318 1618
1350 297
41 966
1234 1420
1350 1715
139 1259
1720 877
1647 7
155 1636
264 64
1026 268
128 879
1608 1445
100 403
1029 1403
860 268
1378 141
1441 190
1394 1232
1080 748
240 914
375 359
978 1488
845 1525
1020 1284
1074 298
629 315
1644 235
538 1258
347 415
1358 1392
1447 1164
598 1314
23 663
732 882
398 128
874 1083
1116 997
174 1011
981 142
1549 914
962 1216
759 845
679 1223
184 643
1382 89
1705 51
1668 995
1592 1664
1393 99
546 160
504 456
979 939
263 1421
1157 459
693 746
1155 359
310 840
818 124
1089 1419
188 335
257 1043
359 300
647 84
12 462
516 771
188 719
605 1258
201 1392
1697 535
1101 754
762 9
1175 746
1723 345
1252 347
1007 453
295 521
633 1373
1275 55
1541 570
1700 1548
1683 339
1160 93
513 1356
1390 968
845 327
492 1697
640 1639
1541 1476
1621 1252
1510 829
518 1509
1413 875
107 360
1620 49
1509 853
1588 562
1213 375
328 714
1450 1353
1596 13
10 1358
1447 1543
178 247
1484 537
974 843
658 824
971 1506
1627 1538
1418 344
953 1371
1413 575
1623 1032
1324 1579
981 1257
449 1545
1333 1026
681 1103
580 1228
1506 900
111 1275
1603 1368
243 1597
1077 1457
793 301
756 1355
156 464
637 172
1265 1204
180 1032
396 1234
1292 261
1104 1663
1100 1476
427 1461
113 1440
1535 507
559 1281
546 735
1123 118
217 1668
1705 1531
1084 1515
1567 224
353 193
624 333
1273 1148
1561 715
1028 927
274 677
1180 627
1160 1596
1473 1497
1605 680
666 686
1184 868
1567 1145
313 1439
1021 1723
86 193
1690 1436
844 1684
424 594
985 1310
500 1120
98 547
1144 526
854 1306
237 974
1379 479
862 545
149 1008
484 388
221 697
198 921
1744 1489
365 990
306 1423
1733 227
1647 1442
997 1045
1390 362
1155 1413
178 1424
630 911
1193 799
515 883
1609 960
587 1330
310 285
1627 389
1682 1650
4 98
1027 905
175 534
198 724
575 322
90 1655
1086 972
1738 1058
56 1090
175 86
830 963
301 467
883 239
124 1234
1065 802
505 1085
1529 33
706 560
546 1554
30 568
101 261
373 1591
418 842
1694 508
404 1507
125 1207
520 42
1119 1000
1141 508
1658 342
860 1548
341 310
894 106
534 67
1029 47
1540 1422
472 706
685 1341
775 1430
1724 204
909 1581
1299 428
169 1327
412 1742
1485 591
1288 311
1281 1288
376 1288
1402 315
1325 95
1088 1057
1217 812
78 112
449 124
72 1706
588 1195
1257 181
452 1416
580 30
1674 714
1303 1349
903 750
1135 791
386 1704
1596 1356
1009 485
346 1301
689 532
420 1523
1637 1055
984 829
538 440
1315 788
321 1078
918 1060
72 531
243 577
1064 629
713 1281
1743 928
879 1079
183 1261
1641 121
8 287
1248 325
1449 748
1175 33
269 1731
927 1277
889 389
1679 1197
963 980
1080 1482
1670 1618
1714 1471
240 203
1467 485
1255 61
1456 1630
1352 461
185 1665
920 773
1588 824
1210 426
174 509
1240 124
1209 1190
1017 1314
1656 1717
794 610
90 108
1703 1109
685 1631
289 131
198 1330
1202 984
1370 1280
1190 487
1339 857
473 1109
895 850
1699 955
1546 1202
479 637
1177 1033
365 1141
405 1289
419 985
430 1498
365 660
577 246
1631 287
948 1177
360 434
1171 1504
586 267
667 112
1384 39
1544 487
1251 1276
1239 535
1663 1665
1232 1385
1308 787
237 1279
706 1657
391 1193
30 461
1345 567
119 291
1508 725
1269 1434
1343 1182
1247 947
517 341
797 79
1259 825
917 64
493 1409
857 596
1435 257
1107 1144
562 163
1201 1022
195 1118
89 1337
835 948
1376 681
88 49
1121 299
1612 807
199 1403
1287 818
1359 263
1220 1002
983 743
918 795
643 1325
1202 708
767 820
1090 1506
142 235
237 1292
947 5
716 171
1333 1542
164 104
453 569
3 582
1069 1106
177 892
618 804
589 258
1150 1061
1578 1015
1193 974
65 867
671 1085
97 25
93 1116
1446 238
1439 945
1318 1086
506 159
1483 1604
704 1705
1361 971
526 142
432 925
323 658
1597 352
1200 991
1266 739
726 892
238 509
1688 359
1059 1613
62 459
1334 566
1435 730
443 1593
8 1351
1005 719
69 628
1738 445
938 108
1141 1554
329 649
1104 534
1516 1259
230 780
1091 1531
846 233
767 515
285 915
688 348
32 902
1251 1534
1685 1034
50 333
534 1641
310 935
860 889
235 1649
654 1701
1723 381
533 895
33 1475
159 145
102 610
586 1282
1471 1680
1141 835
1107 1721
1131 1588
204 190
111 746
940 367
1288 703
597 423
933 858
90 720
412 1014
504 961
25 63
359 319
322 846
1280 749
341 986
49 1570
960 1659
1228 304
1650 637
464 1211
997 998
226 733
1303 561
1243 558
454 1214
952 390
281 1244
763 1455
839 998
1694 507
1313 1295
1551 1502
1728 1341
169 1128
1057 829
1361 1098
814 45
485 1121
1297 149
186 515
904 1495
921 783
1260 1021
880 7
1570 708
71 646
1604 1011
428 1254
662 564
165 1191
445 1494
505 736
149 236
537 1285
251 1270
1001 877
1018 219
1276 512
699 1667
433 91
1127 1161
757 1553
459 212
1567 100
152 491
1254 1630
529 553
1033 134
249 926
334 138
779 910
1030 288
1557 1539
551 197
1141 97
1141 558
816 368
167 425
1599 812
1229 876
1089 445
1601 957
1638 106
1629 1506
620 1008
408 646
1733 1139
25 698
25 859
1250 576
463 981
834 640
1533 1056
354 223
919 1674
139 768
1626 1116
624 40
1131 1420
672 110
167 808
1554 1447
1523 910
1549 1669
948 710
504 1533
635 433
1055 929
462 1426
973 834
84 624
1172 127
1399 962
1548 116
388 603
62 1384
652 849
388 211
1465 1583
1310 890
763 987
1466 1052
156 1730
124 343
1241 605
415 464
1029 1379
232 1205
601 896
1011 748
414 1264
204 1529
690 1267
1488 1185
168 1336
508 870
1434 346
1439 755
618 1620
463 840
1461 1350
1446 124
923 1561
758 1689
654 978
621 800
1483 846
1215 292
1336 1586
479 1142
1218 385
536 116
711 271
1665 784
988 780
842 1050
333 1123
538 1263
305 1121
246 1449
398 350
422 1323
1014 965
1273 81
28 175
1719 91
1463 27
276 1340
1533 830
1373 1102
106 1243
693 116
126 1658
1087 1136
168 1057
39 1453
643 1234
736 1188
311 382
662 865
832 1522
954 1725
1463 1325
1665 1378
1640 601
419 172
1007 798
898 678
675 177
1647 1638
665 452
777 750
738 1677
226 419
1270 1629
884 1488
1679 1343
165 1281
918 80
1287 229
5 1352
524 1558
1122 1615
1040 263
176 1312
28 912
669 946
504 1720
1388 792
281 1271
380 1576
911 1098
559 1686
462 1362
1492 1167
1666 1452
560 1255
819 1122
468 1319
635 146
458 333
1224 1046
340 653
394 1474
1585 863
416 589
1268 1474
1513 1056
617 857
1520 1273
416 643
1670 90
1695 252
56 413
563 1201
408 1102
39 247
1322 623
946 555
1580 808
1686 845
126 1578
304 610
88 1484
1426 1742
1083 684
818 982
22 1498
1184 1497
1664 1101
290 1098
140 1293
531 78
252 752
758 1629
1429 722
1280 726
1511 1021
427 1603
672 571
941 1012
1122 1456
653 209
487 596
1237 111
1527 1709
480 45
724 384
1146 446
735 1617
71 518
1052 1680
366 1108
1036 1003
1101 1414
843 1692
1174 641
406 290
379 1103
661 945
1552 702
136 402
1026 302
679 806
1693 1047
850 1104
183 1527
1314 1679
274 555
1134 376
554 1372
290 569
1263 609
1602 612
551 687
234 835
1402 210
833 709
1415 1115
1486 615
1486 310
1652 162
745 1263
64 814
935 62
87 565
1153 307
1453 313
1726 1671
1355 1028
1358 326
408 22
117 572
1219 525
684 64
446 1322
61 1120
977 816
323 1591
1730 304
1608 1313
1159 63
638 682
508 1013
912 623
1516 1199
47 1503
1618 1591
212 119
1467 88
1423 748
1733 1467
1418 1267
856 551
727 51
533 133
1268 1414
1518 1628
465 983
1053 297
95 422
1174 219
614 1573
1314 1395
1561 120
222 118
958 1613
1085 1208
1434 970
809 980
1461 226
1023 993
266 661
716 1465
615 1489
158 460
917 1409
1101 1482
1672 1519
1233 51
1598 942
455 12
1518 71
1138 398
1105 822
861 138
553 1270
1608 792
40 138
523 1153
1113 456
1038 560
1743 132
538 144
450 1631
1088 103
380 776
905 1236
173 646
1224 1724
504 847
774 375
994 866
792 1616
10 306
1383 478
1711 188
791 1066
70 916
1387 0
1680 1599
96 313
860 1604
393 406
1721 895
1087 1557
655 1023
1062 1392
1351 737
1281 1162
127 70
1425 1066
1555 163
84 1021
1440 1266
348 1312
1224 410
1714 1365
1741 118
813 500
166 931
54 854
393 1041
310 896
141 1421
1193 1625
664 85
1194 539
1033 1506
767 188
117 128
562 54
1196 1091
61 985
919 691
960 1353
1334 363
1139 284
431 1160
987 134
1589 487
638 1157
1701 1693
773 804
1693 398
1530 544
792 1700
281 1495
1718 798
1311 1553
360 462
718 140
1697 176
825 737
290 1732
794 296
201 1351
1033 98
897 271
690 1495
830 220
930 288
1006 1127
425 1123
1740 688
1504 999
1234 890
1731 1590
1518 180
1158 1628
860 1207
1047 1110
804 1180
216 1047
1725 1723
1706 1442
214 334
241 1231
462 745
1395 242
1631 120
728 845
1449 712
1550 621
1604 1280
1290 893
1311 108
770 1061
1187 1453
1233 940
682 1361
365 1688
1138 1169
659 276
1352 932
1442 915
389 500
517 484
1110 270
956 1656
1063 1316
370 975
1696 975
504 770
1421 1432
1162 683
1083 1380
1577 848
603 536
177 589
782 1735
1357 860
1197 676
1405 305
745 189
1103 651
1083 436
1420 422
266 1014
741 1245
895 1583
687 152
1293 485
576 713
1426 1723
1450 1330
416 956
1069 825
1041 886
491 650
1415 685
1165 1236
995 657
1572 583
403 1022
1106 1459
708 1606
581 73
1571 1117
1279 1384
236 1453
578 1221
1146 873
389 1351
697 31
970 63
741 367
341 868
1334 1703
1147 165
1029 1432
773 0
123 571
853 431
1543 774
1456 306
999 599
610 1163
880 1561
1552 1431
154 1416
336 1634
37 1138
325 1393
1326 1262
693 1507
1254 208
163 1605
1606 1466
1136 709
1286 1178
840 1717
659 1577
1679 1673
789 1063
1507 1459
707 1041
855 902
967 1024
12 672
1491 932
924 27
164 299
1664 1712
873 391
121 168
1202 48
1088 1404
127 480
265 1448
884 223
746 1602
866 1112
958 482
959 871
342 155
724 1645
1179 654
1102 206
602 1203
117 1631
1279 1335
1681 1457
381 765
446 455
745 598
527 382
802 332
229 268
865 996
163 1672
129 1346
1499 1572
1020 987
614 521
672 1264
1624 160
1101 1139
68 29
1614 1324
1040 914
150 35
1078 169
196 814
1105 77
543 158
483 1577
960 640
1429 1515
648 1409
1302 610
261 1265
68 675
1644 1201
1279 699
558 902
901 1396
540 680
222 1007
288 977
168 885
892 1058
112 533
1042 1301
840 421
1280 177
323 597
1277 1230
264 404
177 1077
67 118
1127 632
620 1657
1568 901
792 33
947 1063
160 569
826 860
112 1701
13 177
481 1266
1299 1657
124 1240
1125 1088
11 1443
433 1221
1592 1066
1147 702
683 1496
1150 1352
1353 974
540 602
1064 336
1262 333
220 1312
1480 1632
486 569
896 1260
1276 997
202 955
1595 1344
848 919
1006 673
560 1104
861 997
1662 1392
242 27
135 1326
579 434
1222 552
1226 771
1180 1081
431 226
722 1449
280 1618
1666 1649
497 1301
954 732
397 309
1568 257
1223 10
250 1035
119 565
1255 1133
779 1457
187 1564
106 1129
454 862
656 1625
212 1653
1413 82
802 405
344 310
1556 106
8 1265
1437 839
589 42
872 1306
1653 1251
835 931
897 496
530 1531
329 23
667 683
528 27
642 748
1310 1278
244 66
346 1017
585 470
464 321
891 338
429 985
1011 1606
1414 645
1479 1132
105 1135
1310 1302
1301 510
636 835
445 1156
30 535
201 278
26 471
1352 595
1693 160
74 139
90 647
1351 143
1497 1150
832 1315
456 701
600 345
793 1331
940 173
1616 1134
581 942
639 111
1480 1634
544 1158
592 1639
448 1444
1448 1690
459 1436
525 1135
1636 1065
1339 266
1463 1277
317 595
1488 370
248 1022
94 481
1561 821
960 1389
917 1602
903 128
1578 1539
714 1039
1310 1705
952 1374
340 270
1273 1719
598 845
782 1322
1062 470
295 487
996 792
165 121
1190 1558
456 1014
305 1631
1028 1390
739 959
1184 534
1040 999
1561 616
1033 564
1656 697
639 1397
97 379
1299 584
306 989
883 535
921 670
134 1572
307 789
903 211
348 1453
1435 167
1285 791
571 1112
221 1203
167 1590
668 1396
1640 1360
234 318
536 1611
16 1145
1072 894
363 1628
1094 1423
57 1718
1394 659
634 1663
889 1123
362 594
1515 75
1415 1048
129 945
1718 250
1387 858
864 718
1409 893
189 698
1316 178
147 825
47 1395
265 1514
600 977
605 526
696 49
204 1704
912 1390
1317 1520
296 832
866 626
72 302
1493 283
141 55
404 1417
1447 1090
1579 649
536 1294
1423 1066
845 866
523 781
1646 551
952 1690
616 1039
538 875
313 181
1383 1353
1207 596
1331 1472
1721 456
1611 173
103 896
823 491
487 411
165 162
1410 1513
99 819
1715 30
519 1488
774 345
1022 286
358 292
1559 832
994 294
1170 596
1421 41
1027 1238
1528 1597
1112 946
639 1667
547 1018
395 1715
944 515
1404 142
1723 985
489 639
467 629
1468 954
1581 1700
1038 1501
229 665
808 1619
38 1573
690 481
390 40
1741 135
803 1524
831 1648
911 1151
493 486
1196 453
277 1634
466 480
782 86
17 463
189 307
679 1315
50 1502
759 63
707 1731
314 48
78 742
793 1366
1661 826
1224 235
1696 55
18 1604
1542 108
407 161
749 815
569 424
258 1402
322 1050
745 913
731 948
1535 1236
205 1740
423 1672
1339 1690
187 421
1114 1405
443 957
606 524
877 1278
583 1611
435 1244
793 351
546 1439
1074 98
1337 483
967 1199
541 1058
490 914
12 1738
1013 388
445 97
1217 760
1505 1658
1151 1705
1517 796
606 1145
908 380
1237 39
17 134
1727 948
1229 245
375 12
129 1708
1087 353
850 323
1369 1398
574 1521
1525 1367
524 1262
810 1496
1530 979
329 10
1568 1690
940 1645
1499 161
946 299
349 981
416 599
1561 1690
1379 879
174 1621
254 1029
103 1682
167 337
140 937
1075 292
1208 1374
221 537
1140 1219
536 1364
1109 857
1098 949
325 757
263 530
838 1720
1126 1142
249 1070
1486 311
109 1419
32 286
765 302
443 878
549 1383
1117 620
410 1316
564 211
281 741
1126 944
248 450
1157 1668
969 1472
762 995
83 1726
1548 434
435 557
1515 1632
34 975
4 997
434 1044
903 522
1277 1417
1499 1020
459 288
56 1021
876 1144
1671 1241
807 1300
760 960
938 284
1570 85
263 385
1181 150
1338 293
1721 1703
1495 1485
669 618
1201 790
167 1742
1294 1434
838 1104
566 1426
1205 636
1194 905
1035 578
1179 977
1431 1094
601 1537
761 1674
1081 342
846 624
389 1577
1138 364
367 1416
1278 403
1540 732
1536 212
1499 741
762 456
1123 81
1301 1669
668 619
467 1341
1 532
706 176
1445 1660
141 818
861 1608
448 1535
410 474
1439 1301
1426 1392
1714 951
619 1624
1234 165
736 449
368 1011
1620 336
133 170
648 597
403 386
1665 1073
148 504
804 336
601 1258
1561 495
699 1005
715 1499
1647 796
339 1191
422 181
1364 706
925 981
1247 1422
600 589
1235 353
429 1131
240 1289
485 730
623 175
545 867
1060 157
642 1278
1517 103
500 1408
1722 1302
1233 341
779 1661
1090 710
1065 61
833 668
1499 51
1624 1692
1130 1732
1012 389
1035 1218
653 328
1530 34
1497 1681
1574 1056
1461 1256
1133 1623
247 871
611 1117
1003 136
99 268
68 728
1256 1360
1269 1100
204 797
611 1137
217 486
1351 212
193 803
169 675
966 690
884 21
710 354
961 1127
1717 66
1336 628
920 697
747 284
1050 273
1 1114
914 971
58 1597
1090 1695
1107 1386
1598 1233
880 1169
1445 1291
183 360
881 1591
891 98
1232 1142
1382 428
1308 1017
1466 1014
371 1559
1675 1382
1064 944
1635 1066
380 198
992 945
638 848
607 1572
471 1451
898 41
467 1309
831 1719
1597 134
61 458
1346 1620
1212 1057
798 404
1727 18
1448 1632
209 263
990 283
549 738
794 304
107 850
1176 102
859 201
1328 1627
117 802
7 373
129 372
1158 1530
123 165
606 966
1126 308
962 1682
1535 211
1224 431
1589 1537
368 461
1687 1714
1485 1712
855 473
640 446
60 606
630 1032
438 1457
456 1188
873 56
916 207
1411 557
907 142
940 1016
550 743
474 827
1538 825
626 755
43 805
649 838
1175 1014
1028 858
735 58
1441 1732
1692 1128
628 936
151 539
1734 1508
527 92
1504 867
584 1601
1043 240
1281 1621
903 1159
1558 509
337 239
832 592
216 589
138 102
1278 1176
138 1323
627 1667
1543 828
692 536
374 1735
453 508
705 423
7 97
576 1033
1281 110
1492 277
1081 1478
1242 1232
1317 420
192 1512
484 878
966 600
401 637
305 1730
610 1211
883 108
445 1313
201 129
46 640
1104 1034
1122 1462
1293 1644
1669 1399
608 125
1271 596
1095 834
794 843
1514 1248
970 729
1697 347
710 1542
852 927
1524 653
1472 1598
374 1729
401 623
585 1013
698 885
564 134
1130 1216
326 943
1424 385
568 1227
1136 935
1225 438
1599 168
805 1687
415 246
231 1358
651 301
317 533
747 1086
1552 930
965 1155
32 1523
636 328
454 398
91 1696
1596 995
463 1006
851 917
244 59
1199 1281
353 1425
1635 565
194 1148
314 900
272 750
1745 679
1184 140
1651 818
1510 1182
1307 1155
108 105
455 991
1629 1708
444 1471
963 688
1415 1452
1318 53
871 56
1272 1107
866 954
1535 244
344 1461
1691 764
1250 609
1433 1112
468 147
1309 545
1739 904
1420 928
1432 15
246 1241
806 948
1679 215
343 978
1601 357
600 446
957 540
307 1029
861 760
300 602
210 826
490 1283
1729 420
414 393
1200 751
1046 405
1174 548
147 874
1525 684
439 391
478 318
1180 268
1667 541
749 284
734 521
1637 1206
154 1160
306 456
726 1660
259 1423
1052 721
1546 799
775 1002
949 625
437 608
834 853
488 1563
535 328
1162 1541
686 591
1678 499
445 1540
545 713
258 718
1334 1468
800 533
787 1565
683 1396
204 584
567 428
903 38
450 66
1152 1014
348 183
297 1159
872 1190
1689 576
1049 893
1070 250
223 883
136 1520
440 1521
943 1222
1237 1734
881 1704
495 1125
499 1026
4 790
16 432
708 1690
398 558
151 389
1651 638
1681 670
1278 797
602 614
802 1241
569 1715
898 954
653 1372
1200 261
467 1401
615 1360
580 845
1054 273
1279 203
83 814
1669 679
1722 587
655 821
44 485
913 1598
303 964
98 660
486 152
1670 1508
1312 924
737 997
875 60
246 1743
578 1324
620 1424
1281 840
310 1416
470 1540
766 1220
1559 1342
1165 1655
230 596
135 182
1311 1420
1386 339
509 257
1570 1641
564 1441
1611 525
850 920
1479 1654
1040 276
228 1359
135 827
427 1531
551 1204
58 510
88 423
1329 733
1425 275
1331 1275
691 462
1509 448
1104 305
306 1046
691 1074
622 1447
490 1696
1501 348
1653 1472
356 134
743 209
1716 106
789 762
985 603
1325 48
1250 205
883 972
982 176
1621 1455
1467 1345
673 346
765 904
1647 710
548 517
767 1222
513 105
469 809
1742 124
835 1456
229 129
1549 1596
542 727
266 219
755 1601
1220 460
224 1137
504 154
951 256
1140 685
534 1213
1246 998
731 1188
1537 712
1554 730
74 1073
646 1001
572 1649
1131 1004
744 23
627 55
1357 896
1128 539
481 709
897 1077
326 4
1414 910
206 1154
1043 498
749 442
1597 1342
81 648
641 11
965 1192
600 1680
1194 776
190 1467
1334 1444
1305 1685
518 477
1204 464
915 312
1395 1499
266 1544
315 1080
462 201
1067 1145
1687 1092
1079 1717
705 535
1581 279
1688 1212
1039 389
847 1668
442 515
891 385
557 868
992 362
1147 1469
1381 1590
180 1701
881 960
715 247
447 385
1248 1743
121 86
1621 1543
209 123
1500 1228
450 476
1388 1204
547 1038
1499 27
856 529
837 535
1068 1576
220 1129
1083 509
1502 1623
1055 693
1349 1071
1639 248
190 140
399 1128
1615 1012
944 1368
95 114
1575 1554
792 955
1546 901
1128 194
282 510
181 605
755 121
137 1287
1581 448
1315 685
1547 909
721 196
1494 342
1093 1291
710 1574
1652 1696
986 663
1281 426
748 820
759 591
648 738
162 118
943 78
1720 469
888 370
1232 1266
969 1570
582 878
1685 718
1038 495
1673 1578
1412 1685
1666 1395
360 1543
734 1741
380 69
548 532
1565 21
1566 1356
1429 1092
1542 192
213 1668
1353 317
600 1551
1563 296
1425 1214
1141 1393
457 943
265 1242
1067 1113
1621 1068
932 188
213 291
43 913
1556 1406
1126 1700
113 149
793 1017
899 1481
1364 867
1451 682
1383 1448
776 1588
203 1115
1077 1574
18 849
259 256
815 639
1409 24
740 1463
1132 356
643 1554
1132 658
851 61
20 524
882 231
741 666
340 1663
1700 1594
815 699
459 627
48 617
1474 506
48 173
1149 266
1697 389
1028 978
440 1120
1004 567
686 1190
1236 339
1558 217
1506 254
1161 792
1474 1699
706 1079
1466 1429
1019 377
1252 651
1547 428
1133 356
613 764
460 102
782 1212
565 746
980 1217
1311 631
1695 1743
47 114
1692 1339
643 583
329 809
1647 436
1553 1078
943 53
611 69
1370 474
84 244
780 1136
50 1734
1224 682
1448 1214
240 1527
1073 639
92 57
688 957
732 1448
661 1643
1072 132
1734 319
1171 113
508 673
1497 1619
1617 1416
200 965
1570 1579
1377 1735
258 1192
1305 987
673 1419
167 1338
706 1744
1359 1344
1560 863
1121 212
1041 234
514 168
1078 1320
592 759
283 1435
485 480
631 79
612 1082
1199 880
1440 795
384 1517
1439 1024
1002 588
1581 1157
1569 1346
1393 48
12 229
1035 1628
730 674
563 356
463 1591
423 154
1581 96
1456 1380
1251 1284
1033 1200
980 1652
540 701
802 425
769 1323
1046 1327
337 1498
947 1305
789 1172
484 897
702 745
793 1481
217 839
1702 401
22 704
225 1004
1101 660
1391 411
870 1060
860 829
746 1722
861 238
88 453
1113 247
90 501
788 1162
451 749
803 421
593 1607
183 692
1236 1167
590 100
1732 733
558 1299
1697 1086
74 827
1339 946
909 345
1015 278
1604 634
59 1663
1541 1297
778 1432
234 1696
1141 951
1001 1715
357 663
148 1524
1030 249
885 426
811 305
361 602
999 1032
97 1025
1450 229
651 409
902 959
1053 1733
696 802
128 1503
1169 940
524 808
670 936
417 1689
1550 505
1398 1421
357 297
1073 666
1335 477
1298 1171
1636 253
1454 208
1564 250
221 360
466 210
27 957
527 66
900 1601
535 1032
1247 1631
3 663
37 463
401 1329
829 1569
555 118
1100 1167
459 1010
850 550
716 150
811 1499
596 521
1321 1582
666 783
1375 8
1464 482
1475 67
893 810
678 315
799 306
824 527
1134 1608
528 1326
1429 1641
65 484
190 891
152 450
58 1016
936 1376
427 1634
938 1109
994 1690
227 941
1369 1164
1573 100
1451 859
1325 1588
806 1210
619 157
103 990
1 1414
448 1057
288 214
1691 805
189 843
357 1205
1525 946
1537 1192
795 1292
991 190
938 1449
26 697
634 1099
723 184
101 1633
204 1296
364 97
1638 453
1125 1591
1065 1735
1218 623
1244 491
829 1743
750 959
1244 1099
1640 1319
336 131
988 205
540 277
174 513
99 873
13 513
1658 1046
645 1484
1327 343
789 827
643 652
697 130
11 1607
1596 492
445 442
136 108
1123 229
1414 1025
283 1361
296 1618
788 128
828 1738
1640 82
1024 640
1349 915
695 1365
1055 571
1253 1103
715 1555
90 116
84 681
274 873
694 1495
325 200
356 237
541 762
1109 1033
1715 1494
1496 1365
1410 1031
1553 1014
1240 532
996 286
1367 613
316 796
175 1448
46 1043
1718 974
1584 133
1061 1073
1692 570
1655 643
523 1178
156 1337
669 705
1478 605
956 181
476 540
1318 703
388 1560
1714 127
424 160
943 304
1258 693
341 1491
1431 151
318 194
402 466
864 1600
217 325
80 280
1332 151
310 731
935 1344
624 875
1342 1377
1139 909
548 11
1421 1309
878 1246
1666 1365
1143 1500
1620 527
608 1351
1161 687
1604 349
1361 1191
904 1101
1044 232
341 513
1214 605
309 316
1173 1014
1408 1089
282 598
1729 1312
263 1129
1628 235
531 113
30 718
91 254
1624 570
181 1528
1170 905
274 1173
497 741
172 885
1450 1621
55 1632
1110 241
565 161
1147 797
363 311
1097 851
1690 1513
1541 912
317 1742
1557 1076
446 1068
756 331
929 1352
615 597
58 1018
739 8
120 257
211 771
1646 695
165 298
1385 807
1246 399
656 1437
1729 50
1645 473
1720 1563
526 1160
676 653
1615 1375
1238 566
644 950
657 34
24 723
1157 52
1433 478
877 590
539 587
346 430
49 1508
1084 810
747 903
1723 797
929 323
823 282
602 1294
396 1337
799 449
526 1252
437 1541
794 1629
1408 480
583 27
51 1554
1074 342
143 389
832 354
47 1365
1396 1252
133 366
411 179
569 204
929 1708
1367 1485
28 1577
1215 50
864 186
8 704
756 555
905 1267
873 629
842 277
952 643
1405 1065
1425 292
969 1162
1335 1000
1321 1643
1573 1083
1316 1146
548 542
97 1457
723 161
706 1311
729 1341
1692 834
1503 52
149 1051
1303 437
1605 810
285 1094
841 146
1199 111
69 1595
256 66
660 1567
139 130
673 926
376 1095
1421 1328
439 1119
1546 1024
1699 1620
832 1405
452 352
1261 1318
207 1192
776 274
1623 983
1388 1599
1332 667
991 655
242 64
1641 92
1464 216
1723 1290
1686 1612
120 1723
1281 280
930 743
835 20
1139 20
51 640
605 567
691 225
325 627
153 146
483 1410
1682 545
1401 546
1325 432
1296 1063
395 464
1511 797
1092 531
1397 894
1688 714
998 919
434 829
1393 1259
1424 527
1580 217
462 472
1147 301
906 571
716 1722
1140 515
1659 1499
399 251
939 1143
752 807
128 1050
596 1075
1181 1184
417 1163
18 907
758 1195
1510 858
1704 64
936 1635
1367 50
1334 1690
333 563
1484 406
1424 1732
1516 445
114 1112
20 1140
330 394
751 245
679 1087
307 390
1485 652
776 499
28 1661
129 1516
398 1648
756 988
356 1717
1390 1319
1030 374
108 1348
901 892
878 605
1634 1240
813 464
143 1392
21 5
276 1451
940 943
4 260
1166 315
741 872
565 1551
1108 1640
1315 913
1195 1161
749 1454
1193 435
1173 160
950 728
824 554
1676 1073
1305 1382
194 599
314 189
1071 1208
979 571
489 1334
1173 223
34 557
1552 1381
1595 1026
1059 206
1147 27
427 339
1017 1422
1277 309
1663 1207
1003 1111
415 1130
1066 1164
985 1685
260 132
1302 761
38 1384
166 76
602 1149
1670 1113
805 1096
465 234
668 126
789 584
674 685
1662 80
1531 1573
314 1352
1352 1214
1325 265
322 717
337 1695
1352 635
1126 1111
1447 377
1449 641
846 1241
589 96
478 525
857 577
1275 1485
498 668
665 547
1480 1423
1190 1711
1375 790
554 501
618 1438
412 1711
466 1220
634 215
1019 187
1736 199
1279 457
1448 545
1587 756
1169 835
8 428
1564 347
1158 762
512 1506
1237 460
1255 1324
1434 958
747 749
6 979
1273 939
748 160
825 141
238 1639
1310 1185
372 305
326 183
672 857
458 1708
1552 779
225 287
1223 799
863 1268
1287 947
541 547
328 94
1507 42
427 698
807 1577
1367 1052
508 804
100 673
995 1155
93 1333
1237 221
374 1023
822 560
1240 712
20 599
670 221
732 835
1013 89
962 112
540 373
230 1012
1623 870
811 396
821 1224
652 1137
1397 1019
1123 1426
1063 1505
730 1218
498 1149
1521 1661
1276 1742
1402 327
1243 889
889 1241
364 1568
64 1272
496 462
1676 663
1647 1609
1053 1713
222 474
93 980
1097 169
1479 1347
1723 1743
136 1615
1572 146
804 450
386 908
106 1559
787 439
833 1479
1254 106
1411 1702
608 324
1726 168
705 891
1673 772
1027 457
770 1601
1006 632
494 1352
246 202
1658 281
1503 1212
1064 1676
288 1377
805 1174
151 1647
717 1114
1728 1298
1128 313
224 474
1646 1251
4 702
672 1253
529 850
1382 1118
924 217
1137 1736
1491 1368
224 1329
1715 1179
629 21
187 1295
537 1437
756 1523
799 1709
1479 1604
310 34
214 220
630 845
154 254
793 829
1518 832
1387 1613
395 870
213 1731
1529 5
1241 1548
255 573
599 1149
782 905
543 1408
770 589
615 42
25 204
1489 1414
678 1320
1472 893
591 205
1657 371
834 689
1318 4
671 920
788 1612
417 1058
789 773
1183 1622
317 1241
469 342
1252 257
1149 1232
1544 470
1243 1000
166 801
1201 52
1415 1121
288 755
1661 533
857 1726
412 387
786 361
604 385
1278 1012
1672 692
802 472
1641 1418
1297 846
1661 477
789 677
1675 340
707 1631
1320 735
1329 73
1478 38
836 483
879 368
692 1625
1003 782
1700 157
683 256
459 316
420 949
398 1031
1548 534
1440 786
529 257
447 173
907 1136
797 1043
1249 1354
1583 748
1430 1040
535 27
290 727
271 218
1313 1185
711 404
1330 1394
1625 281
1266 744
398 267
1235 1236
1142 997
1113 1426
201 964
206 335
1738 1214
886 442
705 983
262 1359
122 1595
640 1085
782 1347
1393 1382
691 855
58 696
272 805
1474 133
1495 1113
668 225
8 396
1213 543
1388 1389
397 1145
852 415
1643 290
1223 34
1287 317
289 1581
357 1024
941 813
620 32
536 221
784 1187
1587 1408
1221 597
950 1558
1458 565
1557 1396
961 703
419 161
609 604
1144 500
1530 231
598 1331
63 1612
381 1634
1219 1717
1202 1554
88 1631
1174 725
957 784
393 1461
110 287
993 93
555 1325
623 1570
46 946
484 518
1701 886
1564 1104
1036 1289
196 1541
668 217
1183 1585
1422 1358
600 1081
1375 648
1177 347
1249 399
210 352
1207 342
785 703
688 369
1511 769
319 339
994 3
1522 1408
841 1006
909 1610
1386 32
1337 801
139 1470
691 911
453 1179
437 1274
1214 1643
558 1640
319 1277
1084 1344
163 443
1516 983
1633 303
1334 1206
1454 1065
773 266
1560 834
667 1621
436 1604
1392 1731
1000 179
746 1358
534 23
1584 1089
532 1632
1602 86
961 1571
825 1730
280 723
543 1021
366 1336
139 870
183 624
1050 534
1514 1190
704 568
446 784
1088 988
777 1138
131 1427
1348 1238
205 1234
103 1087
1417 982
242 101
1724 1375
407 1178
280 922
1557 262
415 1224
495 99
370 849
277 782
1459 1080
979 945
502 495
1443 412
670 145
457 1479
1470 981
1186 1049
224 1167
1675 1019
1267 158
1254 1199
1343 1163
73 167
1506 406
216 842
1063 102
735 1441
651 1652
721 797
730 1185
891 401
1520 211
1233 200
1529 649
461 1345
1389 642
1334 377
1617 1725
1536 1367
1336 382
826 1195
1525 1191
653 1165
1340 337
286 870
1361 1525
277 819
1736 1067
746 978
1168 946
593 1442
1745 1031
1677 1624
626 7
293 897
1167 640
1026 765
1530 729
363 1507
1253 76
1594 167
27 359
1638 223
1712 574
184 282
796 1483
347 1637
814 1411
391 1018
905 1616
934 148
448 1468
1198 1304
1642 24
998 1429
275 742
1624 732
1168 883
328 1445
1342 241
712 244
1610 521
528 405
1441 1006
13 171
1376 1692
1647 140
1155 1308
975 401
1037 720
1535 719
1108 893
235 102
853 1710
1327 1118
1352 1426
241 8
480 640
1688 290
338 769
869 1209
1359 1565
1272 861
1744 593
1505 1385
396 1423
1546 1509
12 512
254 1658
1378 1377
438 1520
1357 1097
1277 309
624 681
171 422
280 999
715 619
1232 1485
1064 1182
1513 397
594 1603
1695 1699
1174 228
111 391
570 820
41 376
1298 694
1253 1593
208 832
1370 50
98 645
1079 851
1718 309
1382 1000
592 1280
1313 318
741 1333
87 1104
1578 1152
1367 320
1346 1018
765 676
1117 1240
1089 1319
1441 1085
695 339
1133 890
951 257
232 562
569 1128
1338 1528
1160 237
784 67
1387 1515
1685 1171
174 702
188 401
988 220
959 728
1404 1594
1420 485
1518 1242
476 208
574 554
1707 1486
756 486
401 1543
1067 734
1044 1116
1011 1059
1070 1720
19 1008
18 47
581 80
646 998
255 1092
4 1123
350 1266
1403 837
704 1444
1626 547
1373 83
315 285
1682 803
1621 53
1058 349
48 477
1414 1263
497 422
123 1139
1082 1404
675 989
1702 725
1705 185
1408 215
698 1341
409 667
65 1458
13 656
272 646
507 202
214 152
735 702
1214 1384
589 888
1349 828
392 574
1456 1481
1355 934
1323 221
1343 1452
22 1143
293 1189
748 1135
332 85
1024 964
1221 692
922 344
320 562
924 252
599 1445
37 967
522 1511
311 948
580 173
1545 1268
1382 292
265 111
65 823
1125 713
989 275
912 1008
820 1058
1634 605
39 911
1404 783
410 398
213 866
1484 281
1347 138
1076 1106
687 993
1682 632
662 420
29 1005
947 319
779 882
912 1623
1122 1683
698 1726
1185 715
595 339
93 177
704 678
1144 565
364 1320
137 1069
1387 775
29 1112
723 529
247 1259
1660 265
944 206
938 1447
561 1104
784 1018
841 1265
552 1005
880 1700
689 1565
366 1498
825 908
734 99
629 223
1190 229
502 977
361 550
1113 447
688 891
941 1720
1570 1059
705 934
719 507
489 1706
734 1249
30 1446
1613 1417
843 1722
694 775
1592 1551
1071 1223
1444 747
1128 1302
999 232
807 1159
126 1393
1137 1139
1569 1107
211 1167
41 163
1494 925
1527 1082
261 656
1158 190
184 939
438 1300
1200 350
585 78
384 817
479 260
178 315
1242 380
607 316
358 1456
68 1340
1295 978
288 1625
1553 402
817 1154
1208 1110
1018 764
1627 557
626 398
1464 8
1153 100
346 1683
800 831
969 1188
784 1014
1120 256
693 637
1048 498
763 1063
1410 1647
1323 107
670 294
61 1469
581 1328
1025 1398
1500 100
248 1390
902 1529
937 1287
1484 1224
1279 641
701 557
1471 685
1697 839
257 896
1109 810
81 398
1424 590
1093 211
159 136
1254 1353
1250 11
1532 86
800 446
1639 1490
1414 786
566 1698
1389 652
1191 84
1183 796
1227 922
472 627
1026 764
1317 272
1667 567
895 1409
274 1016
377 1390
451 1464
1587 508
1495 627
1534 1035
1212 63
550 431
786 1400
430 342
289 99
1589 1037
457 1128
436 1343
735 92
1384 608
1118 720
566 114
695 41
200 466
262 1130
679 242
991 798
1419 251
1334 1254
961 427
1244 1594
1678 101
782 1272
1082 516
1615 534
1379 391
337 140
828 1677
1320 681
575 857
567 134
503 220
1707 553
867 819
1357 1654
693 1449
364 1697
395 130
1532 1309
677 63
61 1071
1422 789
387 1222
947 349
1556 1454
1295 1529
1514 943
1737 878
1131 598
1060 1029
350 1687
990 102
682 248
1285 974
1026 1262
840 896
504 814
981 375
1734 634
1097 336
1052 380
1658 572
517 192
1201 85
101 472
35 1006
425 750
559 865
1300 1545
1197 275
850 485
468 723
1434 711
1388 396
1040 877
1475 344
393 680
75 1622
909 868
1410 573
788 49
684 1692
1588 1070
1702 1012
172 875
1450 1196
1416 946
1223 674
533 1084
1432 1334
1256 149
1696 726
1030 158
529 1675
1513 438
1684 1178
859 932
1490 1504
1431 1280
1204 1045
154 568
361 441
1595 707
1192 1347
887 1258
752 1584
196 712
1563 1096
85 882
1297 1392
892 1689
689 115
796 294
1635 1341
142 1251
485 1609
795 1575
967 805
767 1028
258 897
333 1641
250 1361
1423 1092
1050 475
1737 1313
1580 1587
678 1094
1270 1180
240 191
382 331
483 310
1270 576
1348 663
1541 1268
738 635
242 1618
713 620
1743 472
1436 1662
1495 1396
678 262
31 339
247 703
1438 1323
1023 1543
1599 908
895 951
1717 199
207 6
1067 875
982 1090
403 174
729 30
1063 33
857 1635
981 551
139 589
629 384
816 1569
1673 540
1344 1085
809 634
811 1682
252 631
925 688
352 1287
1252 752
713 620
1452 756
1046 1657
855 98
815 1501
1309 652
1596 535
315 597
550 1690
622 357
1379 277
964 1356
377 1176
326 412
1463 1260
1411 602
966 253
114 1562
1531 366
960 747
517 616
80 808
595 1683
814 971
1512 976
1354 429
1404 1568
1624 421
1365 1088
1721 1358
23 745
1184 455
1734 1274
1110 510
594 1344
1026 967
733 847
1121 1395
1724 1403
929 1350
1543 1451
983 721
1131 834
1296 337
1025 1532
853 794
110 759
1275 57
1718 1397
1466 311
730 187
1224 334
620 1252
1217 665
627 1101
598 497
1285 136
249 729
1067 1579
993 152
1186 742
629 1234
41 53
1038 34
387 1101
1537 1043
1628 1136
1299 1099
625 298
1342 1741
1030 749
1315 1448
840 1295
1673 926
1669 1430
256 944
1177 876
1713 535
1654 734
507 587
1405 128
1076 314
274 478
326 471
1573 277
858 826
1590 178
1262 961
1342 690
296 882
443 985
110 1739
1589 623
1491 896
1652 761
384 1464
945 191
875 143
1265 245
1139 1350
420 1173
523 596
571 1064
956 610
1703 126
928 86
1423 191
917 983
135 383
1379 613
210 1212
1643 325
1738 1142
1493 1325
751 1595
1118 155
802 1577
926 36
1522 1304
1470 726
142 599
976 1198
1683 1449
611 773
1139 1224
1223 201
246 365
12 740
651 1156
1715 88
759 117
35 559
280 1281
805 728
1326 1550
89 1210
203 125
1380 227
1502 39
1398 1283
365 547
1132 1495
821 78
633 649
1540 1668
204 1611
1436 260
1296 1276
186 1506
72 427
835 1109
1529 74
181 90
417 537
287 971
442 1667
484 810
1569 1482
1572 176
1151 1429
1205 1358
328 1217
414 473
1102 528
1352 1651
75 400
100 1050
1579 947
133 649
893 1297
1444 897
177 640
780 857
956 1104
820 734
1487 1673
1232 122
65 1596
754 1250
156 714
428 1251
1510 855
1615 964
174 1201
1011 1217
544 984
481 1361
193 1716
595 733
864 921
767 19
767 1424
1714 480
1213 332
578 826
1338 913
586 180
1394 1274
1589 1077
934 234
125 1231
829 653
1152 1427
1536 1495
928 1644
1001 591
905 250
814 1200
1114 1194
1197 95
1589 988
387 510
528 976
1086 276
600 546
1719 634
1265 942
1472 58
1306 1200
1515 751
497 1145
1353 531
1059 414
123 356
1429 1147
1266 433
104 1726
936 1435
1132 426
722 1571
1106 275
1563 869
874 1132
1136 745
1541 1288
1740 968
88 31
842 1314
1277 766
734 454
1289 1350
1402 1568
705 355
350 1455
464 758
798 835
816 1017
903 83
1687 841
215 720
1682 653
92 121
311 265
380 195
1564 42
719 1447
832 220
360 1273
555 120
566 1733
1369 1190
1038 591
599 372
1216 1484
493 417
180 330
209 891
1393 632
812 538
1412 677
651 899
332 1298
821 1468
1725 984
805 426
1212 1629
703 794
746 841
934 547
26 724
507 311
438 899
1131 974
188 965
965 245
1539 1358
1542 1693
430 1708
731 1083
147 133
613 701
195 1246
1721 1203
364 1683
41 260
212 747
1722 302
374 1410
1444 270
1724 1430
435 8
1446 834
1377 515
966 99
1355 1050
565 127
1500 771
1581 549
1420 1
1127 1095
763 1510
404 526
1368 1177
581 500
507 207
1477 1530
1208 1031
477 311
1465 946
1535 878
312 524
54 1632
687 807
539 1124
523 215
1208 617
1258 406
702 1726
527 1648
352 196
1388 81
11 779
912 690
1736 1272
293 845
227 1659
627 945
271 263
758 1139
1218 1333
571 1329
1440 647
1035 218
1716 538
1131 1352
1137 696
389 577
1380 720
490 544
202 64
671 694
1710 1325
726 1533
315 721
1572 1118
804 192
632 1603
935 1502
1312 804
52 425
370 325
915 328
209 71
113 1115
1193 1504
1549 625
1154 1349
769 551
174 1132
320 1743
1501 723
954 1336
178 974
927 926
1723 751
698 76
464 908
713 1694
1033 119
133 868
426 771
1032 836
318 726
501 821
1528 1237
1199 1205
965 846
404 652
182 1506
1145 962
287 932
215 1393
432 853
669 679
9 494
100 1258
378 1668
1237 985
595 167
795 672
918 899
580 304
351 464
700 1666
759 526
1164 420
1118 526
445 557
1232 391
19 1370
1197 1250
266 355
1549 1597
666 1656
1549 678
958 223
850 1633
1524 551
998 374
1233 1298
1719 1606
42 77
1279 724
1483 1143
906 756
760 1625
1037 1722
381 1030
1398 532
1041 1684
553 1704
348 894
1648 609
1075 1699
773 892
944 225
62 497
1036 1745
1098 1400
1158 1202
107 1575
269 1583
537 512
1517 786
38 1041
625 1239
1705 584
338 1686
1141 1396
1641 1298
1345 592
661 781
976 312
1448 312
1108 949
1671 756
833 1325
524 860
345 107
646 946
825 1382
1239 301
1247 382
1247 191
1566 188
567 931
678 312
1428 1009
749 1698
1200 1446
1209 317
1664 775
1550 1049
458 666
3 1193
6 884
1405 1107
1212 1151
514 1380
1559 1507
1465 1479
1490 1148
266 152
783 217
968 198
1409 946
489 408
1176 997
1275 576
1723 287
753 598
191 245
1032 1516
1687 1211
1584 1496
1541 1456
630 1688
276 1228
1306 1383
294 711
448 176
249 854
591 507
36 1403
1459 684
1576 24
581 438
562 1019
1592 548
1449 1661
602 1077
89 1078
1727 1126
962 33
1731 113
1084 931
556 997
1324 187
803 904
250 448
64 183
1566 480
1274 817
1426 1522
376 815
1670 201
179 1340
85 1678
1422 1097
134 59
663 1147
1314 634
979 1365
459 1065
250 925
344 636
1055 1379
1037 608
1004 1559
667 747
1101 40
951 328
751 150
946 218
1614 1743
845 446
1284 1522
1340 726
653 1614
1721 3
1551 609
1365 52
1720 1530
1088 600
1470 638
643 1442
714 234
1107 1471
670 1159
71 1356
171 1028
943 1115
1158 715
1663 836
183 1515
6 1323
1597 236
101 1202
222 468
1634 593
342 52
1145 1534
1460 1692
1016 1201
1461 123
861 1152
689 470
1231 1392
44 1447
1168 1662
1704 159
837 1413
1212 464
419 1061
796 902
381 794
1383 465
822 895
1450 696
475 400
655 536
1699 1320
316 465
545 98
1744 1086
1167 1402
1455 933
347 1355
969 1224
769 1190
1571 347
169 753
