635 1631
170 757
1680 712
970 674
1051 1149
50 584
921 602
754 636
592 357
1033 1329
1740 844
451 1575
867 1037
1381 858
814 200
1336 1072
1082 713
1606 861
244 1196
1333 449
266 248
309 1499
1220 1153
1257 772
414 999
1634 703
167 828
964 878
1371 631
746 263
1723 973
909 530
1637 914
517 845
1309 1549
660 453
633 918
1551 778
535 681
984 1368
710 912
1201 1704
917 1661
164 715
1078 807
1128 1143
48 777
809 1179
1585 1043
634 949
428 370
999 490
1057 156
985 417
349 615
1612 1231
1564 1352
1286 536
381 1636
139 1293
1013 277
184 1096
126 1354
1475 439
1018 1053
985 305
860 396
870 267
1627 1531
1698 612
1194 693
1692 1537
1159 63
1188 462
811 1026
1063 1728
458 1050
1051 695
448 708
1737 195
395 1435
140 741
256 861
1153 14
1481 376
440 1054
339 59
751 73
1379 454
1279 198
1552 869
342 1286
229 1520
1385 251
698 1653
851 639
1221 630
301 345
511 1020
1369 1656
227 78
369 909
1246 940
1014 1343
5 55
750 801
1549 313
911 1083
1358 1736
522 1537
764 917
423 625
813 1057
614 1145
585 162
1247 1050
650 1563
483 752
715 1441
636 1351
657 1492
966 1725
456 1282
1350 635
413 851
1617 1730
102 1377
335 506
472 1481
1523 197
1260 1286
299 1688
407 1303
499 1522
766 97
421 1101
1607 154
331 1545
1020 842
570 91
1472 1696
1280 1066
664 7
257 388
695 268
1569 691
256 0
1319 1375
201 181
1494 364
1219 1555
518 1204
1210 1403
191 1432
80 354
671 740
433 1155
22 677
442 971
1039 574
1475 990
1526 1153
493 731
3 1512
358 219
1721 13
455 193
168 1283
645 1604
795 1693
881 608
157 713
258 834
620 110
829 1195
1153 1302
1288 822
1284 53
913 201
1587 1744
1685 1321
1550 1418
1538 507
1529 787
195 392
1506 1103
1691 1489
1127 1535
1250 463
447 1635
494 244
1638 513
893 1234
1651 547
34 292
1426 1476
112 780
745 806
921 218
1382 524
225 0
368 1554
1584 1021
1158 585
571 446
1309 964
641 783
1559 826
1523 1675
633 428
1710 412
813 495
1266 887
1221 1444
642 526
1694 278
467 334
640 1704
126 1674
508 1169
1453 1469
169 140
1318 1569
388 687
1251 1013
1241 331
1160 1283
649 1377
1708 1585
300 617
649 311
1175 1033
1427 11
1102 339
1204 957
1658 681
1686 326
782 508
1469 1220
451 316
1393 1525
944 945
182 470
865 660
1643 1019
520 1479
1126 1681
1041 954
1328 677
1437 1398
1482 1554
1416 673
1667 753
1357 1274
1189 1181
260 1332
170 942
411 832
1440 975
1278 877
492 1099
45 859
880 551
485 1274
1034 488
899 955
277 1737
1505 420
1199 935
1160 941
1460 280
1231 84
558 1195
1507 1329
1448 1459
637 1211
200 1203
1163 1720
623 1304
696 1379
1678 217
1548 555
774 349
1678 1092
226 205
194 966
679 59
1632 756
361 786
1196 975
991 1239
627 1182
1240 1449
1391 680
249 156
1593 860
580 1627
28 354
428 1700
708 1274
589 723
295 928
1644 330
886 750
936 1017
926 1071
843 117
128 1294
473 345
1573 164
903 545
1660 1225
1278 1431
1076 418
325 849
491 82
1392 559
587 1412
1500 361
1702 430
909 1721
1519 1122
686 780
1330 1338
1173 923
1129 1522
919 1328
954 1738
345 271
8 136
1560 844
1339 1434
849 998
828 501
144 1151
1490 61
1356 264
135 1003
1289 380
748 975
886 1260
326 1096
172 116
1513 544
1347 711
960 919
17 909
1015 91
554 728
1196 1357
455 1434
461 1111
1090 1196
6 700
1265 1533
287 280
1526 523
885 589
1183 187
1170 407
422 426
1514 1006
1486 722
691 617
1321 552
1197 431
441 1459
545 1267
82 434
635 132
673 167
1271 143
83 434
1308 675
1116 658
1706 1350
236 1350
1051 1041
1007 1294
155 1732
277 298
1200 1283
224 1619
625 219
550 686
208 1738
30 323
1100 1695
30 1129
1465 179
319 1026
265 442
674 1288
1101 1177
1392 761
1225 242
1641 1498
69 1301
508 1239
1466 714
394 834
1562 1697
646 502
351 201
1424 556
1174 920
711 1357
1215 1217
1568 1692
1425 1463
941 1029
825 1577
1076 1024
856 1677
39 312
50 239
1014 184
1028 488
94 633
543 398
131 537
1122 599
864 159
982 1080
676 845
1616 282
1641 1388
1606 221
345 1275
1481 796
1085 1490
1654 43
1280 940
521 195
1219 1412
886 1720
1131 886
690 5
1159 595
261 1725
550 691
1087 559
1122 916
83 1524
1412 108
1102 758
121 1150
585 1403
1177 1564
1254 776
421 1491
1259 384
70 764
1020 567
843 1607
804 1634
66 550
243 203
1559 209
479 1595
1398 907
1616 1279
806 795
936 1439
455 531
740 1646
934 362
387 521
922 114
109 807
1550 1540
356 843
655 257
639 154
271 426
1259 1041
1687 1110
1684 1673
1545 552
784 1697
34 739
378 499
206 930
730 1546
1228 73
38 1244
839 1143
1482 445
759 1283
1305 1180
755 1679
1443 421
839 41
1218 1518
268 390
927 67
839 690
419 964
1000 1627
1548 489
795 1288
49 609
601 705
1112 158
1600 1415
628 1049
60 420
231 1400
828 348
1436 6
287 856
812 1560
5 1003
1542 1649
1425 344
1683 150
15 266
915 1436
1089 53
1013 1065
207 354
964 829
693 178
752 503
334 55
776 658
804 285
569 740
1235 868
98 492
1123 1319
1608 1671
1667 690
165 408
752 378
1444 264
1496 439
1511 678
1253 665
1244 1050
1276 1228
1195 1205
1051 660
980 612
531 1139
1097 1195
382 6
866 312
1380 497
829 1323
299 124
1176 451
1597 1546
1155 361
657 1600
243 1253
690 96
173 775
1477 691
1679 1573
736 794
1669 32
992 821
1614 645
947 622
1579 758
1530 1442
1028 1115
525 1187
815 240
593 753
1144 1578
1581 1183
1221 316
1159 1011
962 1207
237 1453
1296 613
212 204
1532 1162
1644 910
461 1408
141 145
425 1271
113 294
95 164
1135 885
59 1344
284 162
971 891
1634 384
166 1685
1217 890
767 1488
730 1473
1054 536
1342 415
1235 864
1284 1433
1543 202
65 1582
1098 1034
1260 1696
1260 837
495 1441
566 638
518 740
1562 1659
903 850
1478 1357
1080 786
1019 40
967 497
295 650
506 1661
1480 361
1253 8
60 405
730 1092
1553 209
1520 1028
813 1256
1658 1581
1695 986
1248 319
1002 398
1174 1382
785 215
1305 1586
259 391
534 1078
611 1028
312 11
1629 1487
1603 1525
509 368
735 173
622 1716
1350 385
238 235
1005 380
566 1038
621 901
1478 897
23 1239
449 1079
148 273
632 1516
726 69
749 210
19 1715
622 1547
1711 747
1402 1204
1742 1545
254 1659
316 1647
359 824
1188 1655
442 654
1391 1666
1115 1407
1264 1142
877 1258
1740 49
1559 1735
1124 997
1744 113
461 1673
6 363
1459 8
1032 873
476 167
1493 1063
648 940
497 1359
1604 48
607 1111
448 132
307 1083
778 1102
1177 1456
343 1632
58 1511
1645 1014
905 1336
1402 495
807 277
1400 11
1360 887
564 368
1391 1745
1398 850
1743 137
151 272
1225 798
1742 675
1290 852
558 1349
755 1046
52 883
1019 54
1204 1474
424 1115
1280 475
390 1207
1367 963
1499 1349
148 748
36 829
1222 1689
728 398
212 1540
393 1004
1575 780
710 133
1202 1561
670 1050
1300 578
1441 333
535 1256
1473 130
1424 1080
1627 675
1170 805
902 336
468 1618
812 1003
205 1064
1700 1516
1121 1093
1294 696
1646 42
114 159
1303 669
1144 1737
1469 1384
750 882
1466 1023
1472 763
1097 1743
1692 1160
449 841
1137 1565
618 386
198 1640
400 1090
1703 1203
1016 1322
1696 1665
1199 1396
1350 1704
288 40
1563 758
1437 53
439 972
1194 1072
1200 703
1182 347
1499 1675
1393 778
233 364
1694 192
579 499
625 466
781 1643
1113 602
808 226
1385 1316
372 1638
374 113
810 1306
741 1592
10 1391
307 286
752 373
732 10
624 1143
816 856
1316 1032
993 561
796 1640
148 1433
147 912
656 117
124 1710
1003 1454
1634 1487
672 1181
1199 1451
431 1445
1645 92
1492 542
1558 793
1664 1388
450 1650
560 14
553 805
1330 1624
884 1471
694 1127
1089 1470
895 841
420 537
907 1688
1727 1520
835 1022
70 1401
1501 71
206 1405
1506 1113
1188 235
1701 23
718 747
344 1224
1597 1280
641 1337
1314 664
1017 866
1036 443
53 916
1299 1496
163 185
27 461
1219 1392
213 356
802 1323
419 1696
1174 61
192 135
1464 1050
1439 68
199 1084
769 1092
434 709
985 128
667 1674
54 495
565 1358
1306 603
253 1565
222 1055
261 1423
1600 794
915 860
1697 253
1611 1612
296 1057
999 1734
910 652
1615 1737
1238 930
1321 1125
960 122
431 50
762 1645
1494 1117
15 1631
1106 1402
1697 1592
1592 1584
842 147
119 1720
23 517
1667 1384
1439 606
930 1670
1536 1151
1442 1645
391 1671
1513 1699
750 113
1449 1265
1497 115
856 1242
83 398
1572 864
1678 1386
45 675
74 1729
250 670
694 45
254 359
522 1458
1 334
1209 569
933 1383
354 1547
1253 383
528 1260
1482 522
915 269
1176 680
430 530
801 1391
1458 320
953 1225
1315 1093
42 57
1399 520
1191 1238
914 1393
1368 1
911 45
1122 1618
1600 251
949 219
1432 1377
1529 1074
554 1032
756 1219
577 279
794 1504
13 778
1510 1325
1150 949
1259 821
36 275
867 1676
51 211
102 612
27 469
538 1087
1511 1665
68 1514
669 1605
1088 67
448 1586
1599 802
218 1332
736 513
847 825
932 1367
1152 816
128 197
1 246
190 759
622 357
196 459
405 523
226 1064
1007 841
283 709
1605 80
1626 585
864 1479
239 1394
1364 1347
1630 581
285 1263
798 958
930 526
103 1690
22 521
332 1675
646 979
1379 556
706 1554
185 182
1594 1341
1224 320
672 582
1166 901
1211 395
949 1196
884 909
1368 639
1207 1743
1365 1513
615 713
959 1123
1655 1579
385 1681
827 1246
843 837
1358 80
1396 374
1140 1427
1638 356
648 772
323 360
181 212
1644 1462
1260 1379
1136 1206
871 78
898 436
433 1012
1125 196
1319 604
1093 866
1740 993
670 1595
373 255
1060 1682
237 1030
535 45
1666 1632
1588 41
1196 1022
1536 1745
1646 658
218 1560
1428 1207
786 1271
1452 1283
1462 729
1381 1116
265 1199
925 1017
160 759
120 1272
645 1374
133 650
911 551
1445 1479
144 1441
885 1129
811 1654
1260 470
1547 471
216 781
820 476
423 777
1408 148
161 183
711 1689
900 431
1733 1247
1423 1112
697 1092
1542 992
1178 1730
963 280
267 188
1123 1368
1252 898
871 815
446 326
1112 899
378 1724
627 1066
77 259
995 614
870 591
1134 98
1532 1232
1543 862
1513 1375
992 621
1364 781
1712 377
633 1569
0 417
981 40
884 552
364 1299
548 1152
1035 1259
558 1467
585 386
261 865
1034 956
1371 969
959 1469
488 230
208 930
1386 577
905 1568
1100 112
882 1374
653 428
638 259
1475 211
373 485
158 798
883 1551
1362 488
235 1446
79 288
1574 823
1339 1446
1587 1194
63 480
1463 1035
222 1322
1240 1394
604 1653
385 491
786 1453
726 402
250 719
595 1616
1331 491
1602 1231
58 1386
191 130
1581 1603
529 367
1551 1584
1158 199
461 1654
1437 1510
903 412
791 449
650 692
1038 844
837 489
995 1706
297 891
1318 583
824 318
1555 51
1181 495
488 1643
1739 962
614 818
46 248
988 1683
966 800
230 500
910 1365
1309 1439
255 1455
326 369
776 149
1213 1224
1697 83
151 1248
763 1331
285 566
914 604
813 1731
1438 523
323 643
302 1124
173 1418
1475 1427
380 224
24 1729
193 1016
1446 845
357 1441
328 1629
857 632
202 1576
868 2
732 691
1071 1543
722 336
1166 1442
163 414
1329 953
1585 1711
666 1243
712 632
281 137
499 1201
1345 825
594 533
990 625
1116 1310
1193 316
1728 1175
1359 1562
1591 1225
1736 157
475 857
329 903
1427 512
82 50
1429 821
1022 74
887 736
423 399
114 590
1244 878
301 777
1560 1513
124 1283
1182 167
279 744
1491 1184
955 572
1535 1037
33 1079
1301 814
1398 931
1117 1333
1367 825
1340 1033
733 1592
1247 1241
698 704
746 1619
1733 1682
600 208
730 191
364 229
1741 1377
150 536
1096 1050
1474 1418
1605 822
812 1008
653 1380
596 689
1323 990
1501 1061
669 651
592 1660
334 655
1258 734
77 485
1625 1059
499 89
1309 1366
875 1019
1158 988
485 822
515 1647
1105 245
1392 1120
828 1183
672 937
789 65
355 1476
734 756
600 1406
575 690
93 518
1209 1549
908 159
1580 1551
1626 218
664 129
1313 410
664 1537
1200 474
1280 315
757 1742
1483 1687
239 309
551 348
423 859
288 1644
535 1713
1271 23
1031 1500
262 1691
91 1437
1032 650
815 1711
463 139
1567 1307
948 1668
242 79
1594 410
1640 864
612 1684
1000 1228
1335 1636
482 284
408 499
857 414
908 1736
118 628
1740 122
962 525
490 1738
1422 309
775 224
345 1415
466 439
772 942
810 1027
806 352
850 909
1107 1363
888 440
1024 1140
206 844
19 1487
778 304
276 1453
1673 191
1697 649
1255 480
822 1470
983 1734
1720 228
1355 707
1399 1413
1112 1427
1511 1118
70 111
146 813
1695 147
907 1315
819 1082
878 1649
800 449
456 1002
142 41
163 367
617 440
1474 1065
473 990
137 1074
370 1024
1284 575
1126 689
489 55
714 1476
1587 603
477 729
279 1139
1051 1706
860 1141
234 1619
544 1467
739 1167
1375 1455
1524 875
1218 166
354 352
1520 671
421 713
568 790
307 1163
775 587
1136 1129
221 789
1644 1204
464 341
1402 1101
881 741
789 0
251 1325
638 656
1697 430
1116 234
543 207
728 601
1706 250
1154 794
1510 1529
992 50
1425 614
1222 1250
705 565
994 1375
1055 1161
807 493
998 774
873 913
1493 617
1532 413
588 1139
1436 997
1594 270
1418 1317
1370 238
700 1727
370 745
1614 300
1059 775
246 687
40 1017
43 1624
174 1739
1544 1143
466 812
1017 1736
1673 1336
821 1470
766 467
932 1559
587 197
1672 787
1225 130
863 1697
782 167
462 1094
239 1194
332 1386
1286 1156
608 119
1549 390
166 310
959 159
1478 323
803 821
190 477
1528 809
1662 1436
807 55
759 1395
1311 587
1090 1113
200 86
24 1010
949 480
1032 836
1008 154
1070 727
1437 843
1603 1022
1313 1297
1318 1360
1579 416
824 219
153 1302
982 1734
558 1546
1216 1321
1483 316
1199 849
890 497
1741 469
675 1562
687 1193
365 1362
10 706
76 665
1282 1139
968 1292
241 395
1054 122
1119 787
176 44
882 1557
1202 1360
1040 101
105 438
227 402
1322 667
254 1233
1022 1014
747 860
306 236
480 1006
1273 617
621 666
1435 7
1568 1013
745 562
641 1026
913 375
362 1167
1552 900
695 1641
928 71
404 1477
681 200
1115 216
251 1263
385 262
1280 880
1032 1323
671 792
1114 1466
699 1440
75 806
1633 586
367 1059
1744 590
2 75
14 49
1480 1144
921 195
1623 49
1082 182
106 1690
661 1284
1689 1321
958 577
1699 1534
1430 873
462 1465
641 1378
846 951
1169 1042
836 1334
1726 834
1186 1135
1470 1736
1629 449
392 697
1399 956
1454 733
758 1427
415 341
786 300
1205 162
971 1506
527 268
1408 1314
567 461
999 197
843 1292
533 734
1041 1576
1216 322
256 225
1350 1078
752 1454
5 1683
1488 269
183 813
109 509
243 181
129 1333
199 1029
1066 88
1651 1074
554 604
801 1268
475 1549
1596 8
508 480
1166 1139
512 395
1012 956
1564 1540
1678 562
367 1051
910 1275
1727 1487
1227 97
1503 904
739 135
683 679
1376 905
754 1051
1682 954
541 1627
1416 1628
1644 1315
263 453
1221 979
1506 72
930 1046
1250 1732
1427 351
547 805
993 960
896 359
1549 1355
650 631
910 307
1659 67
1527 1085
1690 1188
226 74
3 1140
512 1423
130 948
1075 279
794 1150
50 1008
904 1134
177 594
374 1131
1732 699
843 1067
349 1596
1280 966
998 1327
884 1315
1119 720
1613 161
425 661
884 1153
134 575
1359 298
753 291
1658 1562
218 1267
5 1736
1239 1717
1453 945
461 518
811 76
787 572
706 209
1277 1738
519 673
640 187
723 35
956 522
1469 1268
572 686
819 866
1118 721
1258 460
406 411
325 1744
589 1097
1169 1484
574 1334
1150 663
491 565
386 666
1640 259
621 900
1705 1067
1445 712
1557 275
760 931
886 925
1002 1177
1415 1613
1629 515
658 157
1631 910
1116 475
668 868
664 272
146 1442
1458 1639
879 741
1168 1274
998 1609
1450 849
1404 917
818 1422
1087 803
512 120
575 1665
419 512
249 508
1667 22
50 1573
989 762
364 1427
1489 673
1716 45
464 1682
207 413
860 1127
118 392
949 240
1694 559
1022 764
1015 1028
1145 400
1560 387
94 1707
609 159
1597 282
304 644
379 887
1107 1427
1602 1366
940 1640
1088 1209
484 186
763 891
119 1552
1661 1264
902 1597
760 820
1373 359
1525 806
108 357
1245 369
996 1025
1126 826
1176 370
476 914
550 965
1640 349
1618 1074
171 26
494 947
1647 1316
1128 612
944 1529
807 442
224 1659
262 1546
1372 66
542 917
579 744
578 599
530 635
1393 1320
546 923
1582 587
29 1293
1251 97
1504 1029
275 62
1518 868
239 132
1318 1084
305 1635
1662 1100
1627 1341
84 485
14 1735
1530 1378
951 1059
1110 506
1524 998
1554 103
1688 1734
58 1337
757 1313
370 1493
583 593
1517 850
255 1174
365 1028
183 1519
1297 782
1674 56
2 1589
699 947
1537 60
218 1268
620 1745
815 1025
640 1117
780 100
140 405
1430 891
1711 697
398 430
662 1433
467 1276
476 1094
933 1006
215 292
101 502
886 1350
326 176
1227 1324
1228 1356
1705 1711
1522 347
929 1097
413 1470
1685 1456
144 901
1138 222
633 1724
1157 540
1062 1388
355 492
1738 880
854 1250
1199 1192
459 848
635 1436
31 319
1569 324
1325 1056
1703 763
203 35
1691 586
260 1190
1323 511
1444 251
1420 144
588 1223
381 1076
1135 145
1085 383
1000 1118
1591 141
1019 575
119 364
770 1074
1179 842
1403 821
119 962
1536 1154
388 997
840 701
647 958
957 772
1004 1403
254 1409
1684 1169
1600 1518
362 1741
1332 263
152 1150
55 915
1465 117
565 395
967 690
574 1133
1095 638
523 668
1325 995
1187 899
515 1080
220 244
151 1319
1666 969
544 954
469 100
1028 1489
1594 198
847 969
1379 821
1341 472
1265 1571
152 319
1327 579
255 1691
1419 1109
545 484
917 170
71 814
132 1697
658 713
546 744
1346 69
245 1269
300 819
434 681
142 1526
330 340
1058 1696
20 1583
637 1145
105 1283
356 1039
1488 370
728 357
1162 1597
1300 1277
378 148
1484 1251
582 218
560 1652
1181 444
1366 677
1169 1586
1548 363
1736 1406
188 743
673 1048
1652 387
1364 811
22 81
603 1326
1338 1588
819 1275
290 297
82 721
996 1120
635 1736
168 1680
263 140
343 1634
1554 234
666 414
340 775
467 263
1154 1259
568 1328
722 1518
60 854
1166 1324
1502 1313
1303 1579
1244 558
1340 283
1038 0
1570 600
937 275
1457 781
1705 894
1289 142
1683 144
1609 599
577 17
469 898
219 580
964 1586
47 1707
1726 992
890 460
1430 1096
683 1540
375 1520
164 1024
1235 231
1334 1626
1059 1383
203 567
1431 898
397 1121
987 976
879 140
1550 140
789 1239
642 1376
1336 1183
62 1467
1656 1136
162 177
339 1238
153 1614
1285 300
779 1301
754 690
1073 1731
1318 1032
975 1285
1215 1721
836 1
970 516
1287 90
353 715
576 923
1234 311
1396 1105
416 1583
1469 2
875 1474
1294 611
468 211
806 1328
1384 283
673 1220
631 1696
166 1425
1193 66
535 1429
468 808
1300 1209
276 734
1262 1237
1125 989
588 114
655 8
1401 922
1392 72
481 302
1661 550
912 595
83 186
1463 247
1075 101
1459 1294
1031 117
513 167
1716 1207
280 1655
910 1368
911 1171
227 85
1486 1277
1137 557
208 335
1731 1176
744 1573
877 1015
324 233
1078 1628
374 420
595 261
686 774
1051 824
1477 1663
160 867
1332 227
1569 592
1028 1207
1668 586
1232 1083
168 1551
1587 43
1292 1201
1454 719
1297 1256
349 963
64 1513
292 798
1048 1349
438 983
875 1119
4 1506
660 215
190 869
4 120
735 335
1606 1465
361 997
1624 641
1222 1148
271 220
146 12
1277 825
580 1674
88 344
1632 1671
1279 29
124 1495
672 432
531 364
1732 1731
1670 1395
681 378
1021 560
565 323
927 836
1442 1377
1641 448
1717 606
1501 651
211 1112
1411 974
566 1225
221 66
1156 311
853 38
1603 537
890 1625
262 444
405 1321
18 1376
1315 1489
1192 417
476 1639
1108 1243
226 740
207 1200
1100 1041
791 557
746 1356
375 760
897 323
1497 613
696 403
1429 1319
1593 103
1015 452
1044 282
430 385
639 163
1259 933
1639 1289
771 687
609 1734
1210 749
352 863
280 610
1502 766
1203 526
1664 321
716 597
1551 1071
1572 126
51 7
1506 331
1624 1518
441 1690
91 319
725 1438
1335 222
1476 624
623 539
1448 812
226 1432
1527 1617
109 823
1541 73
834 12
1462 938
328 1112
1741 1437
1578 1625
813 1547
1116 520
282 677
1436 1174
538 1603
593 698
1357 1316
1629 469
494 222
205 1419
86 1448
605 1714
442 1422
1214 740
625 187
1544 921
139 868
786 782
1730 535
871 1067
382 598
202 664
328 590
621 1679
1646 688
1661 27
1678 1655
526 384
1060 1570
999 1700
1208 1692
38 1635
167 1548
824 1
8 398
848 517
1734 954
142 315
1145 441
563 623
270 1672
316 735
548 199
1418 273
1134 375
1058 1284
1053 246
1395 1594
1632 1666
694 412
1216 527
1160 1095
906 509
820 1741
1014 765
1248 1476
201 1259
1544 1040
104 252
83 814
1537 106
688 494
880 572
636 647
140 1302
731 836
1470 741
1309 847
1420 890
1637 233
1623 469
1588 1571
1256 486
1012 32
773 776
82 673
1405 794
933 1400
1291 1193
1577 1285
1220 1045
1576 445
912 143
1218 726
1292 232
1481 487
1126 922
1090 151
1381 1364
1397 67
883 1617
643 1080
239 30
1263 782
1529 685
661 313
811 362
276 979
1686 391
1584 558
254 1067
1331 394
298 412
876 174
1469 314
1742 63
408 741
1266 24
834 1201
211 1304
498 465
1700 1023
1279 494
57 959
1083 813
1540 967
540 1098
237 1480
1251 126
1723 1280
1252 760
1548 96
1500 724
279 636
1224 874
306 1053
882 15
1427 257
1021 197
490 1559
524 69
1417 315
1175 890
213 49
1729 1708
732 225
928 810
318 1362
1205 1659
1238 1183
1687 686
525 915
277 950
1137 1216
1295 89
1224 1475
195 205
590 867
1575 353
957 1314
1542 1265
1 626
813 313
712 485
896 261
14 324
89 665
987 957
304 1743
353 1542
837 337
904 1591
989 1451
713 828
548 459
974 1720
1246 180
1545 1058
704 231
550 1430
279 1643
1607 1046
1464 1061
778 367
1183 794
1109 649
873 1609
1315 1582
896 1612
1352 1108
1093 291
1305 1605
1124 314
750 507
296 1392
1005 1034
1029 1041
562 1548
386 1067
1661 94
1504 727
931 1247
164 1322
642 302
1604 1430
649 1248
1261 66
949 1310
1539 1344
1394 768
659 318
1114 1077
1377 143
778 1127
618 1738
609 1525
869 327
1203 985
1042 1288
876 393
287 1159
669 1162
567 1347
819 484
144 895
1107 1036
261 1544
689 206
1087 702
398 217
1029 1656
1613 117
1435 1496
1242 399
533 1038
386 959
1503 397
1729 936
518 1071
989 1095
602 451
810 212
103 736
1308 1545
72 60
678 192
236 1718
1129 1164
208 1430
423 1156
1540 173
517 1692
960 1159
116 1318
456 1628
1053 517
1480 53
447 1556
1536 1724
578 820
570 799
1529 1679
800 1597
653 1611
544 609
1375 1525
703 973
1379 1637
36 620
571 487
767 1006
974 118
199 658
1558 373
832 1427
1166 1060
1524 7
506 883
1550 269
1407 400
1121 448
866 1255
943 593
1163 1612
346 205
1236 1472
862 951
1478 541
759 1378
1434 112
1160 1156
843 376
287 366
1140 343
1017 1511
624 119
493 1742
715 166
959 1209
179 472
673 1047
670 966
1645 1064
462 510
211 1385
1320 1463
1110 1276
1137 1284
178 925
1097 251
1733 68
1590 1214
1298 650
884 179
111 854
1338 1213
1253 82
1473 1170
1109 978
189 1676
1607 842
1730 1077
397 1324
816 1018
440 1537
529 758
426 95
97 1369
312 682
1644 648
970 1670
280 372
601 1619
697 193
1551 1337
1029 725
558 1485
57 929
981 997
894 790
434 588
648 702
926 185
441 1108
763 330
1502 395
331 1061
1644 405
1691 1654
159 1275
546 1274
1399 781
1661 310
476 414
1208 320
997 1638
1238 1672
1341 1018
1114 1201
1144 747
1319 1262
1575 597
195 1089
951 790
560 153
1323 1399
1233 1108
1480 1625
322 1027
1562 118
634 932
1246 127
850 77
1042 676
1176 1125
73 68
635 28
467 1626
921 1224
301 14
1672 1678
340 683
1720 67
1239 1005
366 1430
1512 1273
143 262
1726 1214
1363 1503
1502 927
110 709
1691 39
1386 573
1618 291
58 1719
1193 73
14 1604
178 940
657 1445
343 129
282 466
1354 487
814 402
744 1424
127 806
23 135
1505 291
102 979
389 648
555 336
1382 1345
463 1283
1700 233
511 684
1380 10
5 1474
1195 384
1027 394
637 542
674 424
773 726
506 1643
1472 1552
964 1173
1099 1161
1137 453
682 658
1134 701
542 980
1059 381
157 576
877 1304
1198 30
1345 1320
395 394
363 1406
567 215
624 450
580 982
1225 1372
784 416
1328 64
292 658
40 1120
1040 293
1044 1286
802 1632
527 979
1076 403
1259 1437
1512 232
198 936
677 209
1107 362
1694 150
1377 298
607 1071
257 591
1257 1136
63 719
519 1453
1422 320
1266 319
496 1201
1716 1528
1609 768
899 1483
1152 1109
1486 1254
1171 53
742 1632
1440 1229
1445 1450
1423 1453
597 298
971 1573
1486 1498
82 239
1549 1212
146 809
276 658
1003 315
1224 485
742 1394
1174 216
579 1657
412 166
362 56
212 324
890 995
905 1646
1530 1558
1121 359
1316 1500
496 1423
1411 1059
693 711
246 1026
508 1086
975 454
977 1294
1578 1672
7 452
436 1251
1143 1310
1410 1162
76 1456
1276 389
1718 1089
854 786
854 1022
325 728
295 168
1641 497
1623 174
1445 1244
632 687
1469 660
1734 103
319 1195
232 962
613 120
375 832
712 726
1158 1051
1352 1399
1373 118
524 983
853 1008
1633 1015
500 117
725 1207
1198 788
1711 1538
908 612
589 1359
1429 444
41 1729
564 1699
820 591
1020 549
434 410
914 387
406 1556
1249 1582
1062 1214
292 1090
675 183
167 1095
529 1437
379 735
119 498
1315 846
131 635
1349 1517
1267 713
1608 685
1474 858
78 1093
1028 593
1009 640
604 1734
1638 943
1616 386
907 1614
1359 481
1210 642
1733 29
842 1547
366 1704
1267 640
499 509
785 588
694 1201
170 1198
6 101
244 896
1476 1243
1581 697
1281 1452
820 1526
283 395
1501 1142
1368 1047
1701 1529
158 1574
398 554
915 244
948 67
1341 1014
790 1655
1742 1627
1700 491
307 122
259 239
199 1289
591 1682
741 1428
1302 1595
1422 921
1437 1673
718 1726
1159 489
1519 948
519 626
1016 562
1711 1430
2 765
872 120
1005 1205
1211 1064
1231 1665
967 1521
8 372
847 1717
1414 1329
999 1660
543 521
1237 251
1169 811
1305 547
1385 283
1409 1311
263 987
389 529
600 304
1556 1358
1200 1474
1399 1331
873 175
1591 1231
921 150
1212 867
1598 168
1377 1335
835 81
239 296
203 1517
1655 1151
858 561
230 724
1117 1033
1043 1317
1 4
1287 933
63 1155
1164 1497
771 278
1635 746
802 628
810 983
465 21
1542 950
447 1424
1082 406
870 568
206 1549
535 1239
515 89
1098 3
1101 173
250 1250
320 528
577 920
530 1131
1562 1697
855 395
118 1630
1508 1603
649 99
1153 1512
752 456
1359 1697
1519 1685
1722 1566
975 1471
962 1132
1415 955
1222 854
854 683
1253 368
413 1147
694 174
1444 1152
920 1469
1300 1047
1563 1390
598 341
969 1173
1 910
962 1451
1615 1295
1503 1061
1700 373
1700 250
91 1594
1029 1193
1400 820
632 1689
929 472
1589 1653
308 1171
1707 1719
1697 237
764 327
754 840
1431 4
50 882
1595 710
1107 336
1511 1134
1364 54
1656 1739
304 957
737 1070
858 1043
624 1417
791 11
1286 1244
475 831
1491 1360
421 20
150 892
244 1549
1288 1170
392 178
1694 1476
315 1499
866 77
986 1513
659 496
74 1520
845 121
1166 841
419 789
1171 249
1136 1253
1272 142
1461 1711
983 771
992 1398
663 178
391 250
294 1683
1470 1398
206 1205
694 81
629 556
1117 1121
934 911
592 1105
1461 967
561 414
1657 834
43 442
1176 881
145 715
85 1717
950 160
384 169
304 506
278 332
101 1651
1329 758
441 764
442 1088
123 942
1167 319
122 507
179 462
1710 1120
11 7
671 597
461 647
979 176
1554 1014
1343 1596
962 666
1724 680
1513 762
996 1257
734 583
1520 238
544 1166
552 1433
905 1594
425 580
222 468
1289 667
1280 770
382 1640
1734 858
664 1220
673 1350
1520 1664
135 1183
1258 995
373 831
1089 914
327 457
1548 1591
979 1364
1522 446
875 1552
1001 445
450 1564
1605 432
307 778
1700 556
1526 1199
579 1078
951 43
1043 1345
1593 97
1150 511
461 899
1677 897
1549 456
710 898
352 669
820 952
366 936
18 1049
288 963
157 879
165 782
849 453
1068 1195
190 1637
1330 1516
556 1612
1183 184
1591 684
1349 1411
466 925
311 1599
27 275
1230 174
527 226
946 346
1526 1345
1136 666
333 654
511 1010
658 422
480 817
1528 458
1741 194
704 181
1013 1337
1586 1576
1556 780
1309 433
965 523
584 503
1565 126
1722 1536
202 1201
151 1514
900 843
577 1259
637 331
1151 1507
1069 1293
630 1571
992 605
251 1145
722 1282
1464 1690
830 512
1579 1307
357 409
1108 1294
246 568
1342 627
1201 1495
895 297
932 993
665 305
1613 699
533 908
687 818
1152 433
1048 125
1717 955
954 1025
1204 916
1108 555
848 209
651 1114
878 460
1141 338
1710 1487
1323 1082
167 408
402 1129
1261 675
1147 397
1266 216
577 1703
834 709
424 86
1704 27
1672 1229
1705 1213
491 1087
163 864
1698 1470
1196 1366
1449 1374
1277 66
1722 472
1285 759
250 1137
866 564
130 1585
919 1454
591 1306
1429 1483
1538 1503
1280 10
645 1421
974 415
1202 1673
203 1296
721 1446
988 1033
798 1434
1265 150
999 1699
1549 1043
888 428
1320 604
1645 1364
486 636
1616 818
1506 509
666 747
1299 1031
491 974
132 1160
1642 1613
1352 393
1434 878
1471 1433
1302 271
502 599
743 1132
1704 577
1729 370
1035 244
501 1265
1046 1131
1256 1087
789 1305
1454 1260
1442 1088
935 134
247 1106
1147 889
474 1095
396 632
1548 1076
1157 818
1718 963
250 543
1211 1313
215 1597
47 1742
1357 157
1685 1106
1622 1672
1629 999
1528 422
1442 1693
1155 1059
1026 19
1117 1127
1652 792
1228 1671
1606 1605
397 1458
1429 897
1304 121
419 563
957 1027
1473 1551
245 372
873 957
663 1555
1379 518
568 1023
1686 1473
1185 1526
757 1300
1008 1421
781 23
1349 1651
23 1703
358 1296
488 1559
1580 1364
1070 1550
481 838
646 1731
1419 1063
171 374
1655 1001
1113 211
861 659
1103 23
1067 721
832 128
947 1709
327 1023
1256 1627
560 1100
1694 1477
1691 1016
528 1736
123 286
1556 64
158 491
82 442
436 705
853 264
770 1011
600 1379
1035 575
424 834
345 418
1397 1597
983 188
270 1708
645 37
1191 944
379 1022
1097 828
1685 1456
878 604
994 502
1392 1030
1416 1364
712 597
15 1628
694 250
578 972
301 1035
47 906
475 1305
572 1487
1379 865
99 761
361 929
851 1664
202 325
960 580
483 1557
171 1131
1466 783
267 290
1075 725
119 612
1635 814
56 1520
523 104
1025 1388
843 318
316 908
1187 59
1353 1049
1660 747
892 145
495 959
333 490
1125 700
1714 439
753 408
419 630
1189 357
887 1278
374 1689
1042 16
8 247
1506 1094
12 1713
1172 1589
121 682
921 36
1443 1458
923 932
1433 1441
1331 597
292 593
756 740
566 434
325 1551
1164 1468
1315 373
107 1033
1609 550
1622 777
1117 26
784 502
1571 71
433 906
1434 186
1350 1147
435 161
1320 880
1334 1112
738 493
1054 581
114 1442
569 55
662 1193
949 340
12 579
1563 1086
578 348
1094 463
1694 1226
838 88
614 537
1444 1159
1464 1017
842 105
142 1606
1649 1464
258 1470
1216 28
352 499
288 797
1392 878
1070 22
517 420
300 1259
1174 1506
435 1650
19 1554
1684 381
790 465
522 1722
927 1343
72 1007
1724 1447
1602 227
1547 644
364 1659
1522 1722
1655 1618
1469 1642
462 30
1042 1336
1061 948
204 1131
56 1110
1535 68
1145 1558
1030 837
49 80
1641 573
590 1275
149 266
911 1470
1386 1016
1546 1621
9 924
246 342
754 1205
1708 1714
395 1626
1632 1032
1678 1703
749 1404
1463 1496
1270 1247
1375 1036
1028 390
1691 1663
1262 1525
1133 770
547 175
708 561
1403 1252
102 1368
463 50
1281 1382
999 274
1132 1541
1223 1721
707 1048
1497 612
82 1384
1527 1741
6 903
1354 693
22 1378
1624 1136
135 685
1224 346
597 258
1700 1409
726 1027
411 1094
661 268
895 1423
598 1170
1290 509
654 1302
1117 1692
646 657
1292 198
852 826
948 849
359 294
368 1319
691 948
994 1050
2 263
411 1445
331 27
1281 1638
1331 1443
1725 1680
1047 1087
372 1009
1398 1704
452 1536
264 48
1593 619
1658 386
607 20
812 808
738 20
236 439
116 1428
1336 989
378 385
1440 1287
1669 1563
983 908
900 1493
633 1218
719 269
500 302
1682 1294
39 1681
823 1650
161 1245
54 991
1742 912
1061 18
689 314
1640 1385
793 1629
452 1092
40 96
966 913
552 1691
1125 592
1574 474
216 25
820 1417
1676 87
135 773
42 1588
628 408
1315 1443
1599 642
1517 472
298 1213
48 1708
1574 443
1703 823
892 922
299 1577
340 1249
565 285
1468 1015
525 393
229 724
889 1250
1067 896
134 873
1333 942
282 988
894 651
688 1333
538 1621
859 1654
394 558
1064 90
1503 621
1557 129
710 1619
961 268
1284 600
108 503
94 709
4 866
658 1723
714 258
1101 1406
388 496
1042 796
1278 66
40 381
270 1337
856 788
171 955
1567 256
1549 1324
967 659
571 1638
1034 303
1543 417
1394 142
147 939
626 1727
717 775
281 1103
1126 397
796 1632
1583 568
1058 428
1727 636
712 1016
622 1172
1529 1383
1277 1422
1487 1649
839 889
1577 89
677 1424
452 1200
391 115
1673 757
1107 53
393 1344
397 911
985 880
1056 1704
1696 1742
991 1078
1709 1244
214 944
12 1259
134 1246
235 683
1725 390
118 1095
1136 1566
675 1566
79 1405
1379 1044
1682 337
810 1596
1012 574
651 1439
150 834
1048 513
58 1180
192 829
1580 160
1515 38
1387 231
246 1061
126 149
1347 1720
41 810
326 502
640 1535
710 599
1549 796
395 375
1524 802
388 741
1435 501
15 1266
1035 1180
1193 1676
580 1088
544 619
1619 1631
729 1354
1655 300
180 926
1742 427
926 1726
70 1177
856 926
1725 1494
531 900
163 550
920 707
626 1345
607 816
186 943
766 1013
1582 1135
1230 166
478 849
661 1561
218 1058
117 833
1525 383
201 1111
1087 26
326 1226
36 1069
258 571
572 4
620 141
759 519
262 542
1367 895
1418 1427
730 380
508 1171
642 1038
1019 1557
930 451
1528 1308
185 1349
718 561
990 1273
1545 636
1126 537
581 990
1658 1024
510 1529
1287 414
728 534
1430 827
274 1260
1671 63
1500 1071
1062 266
772 1690
1209 453
1131 969
45 978
1618 1508
808 1549
980 852
1240 709
395 1448
1259 1599
324 178
1531 660
1366 953
76 206
1182 103
132 1104
1507 10
1026 1613
1617 1216
923 1670
567 78
608 1051
1640 622
901 1351
823 1007
558 1502
717 303
792 698
1268 1009
1418 1519
1426 1410
1325 341
1364 161
998 520
542 266
593 1057
723 1417
250 689
693 1126
968 692
415 777
208 716
765 663
1739 1571
1686 952
655 501
346 1476
1742 1571
571 1363
680 776
1244 713
1149 1343
1330 33
546 1603
761 1206
1251 1096
527 1616
492 7
564 1205
1487 1640
1569 1596
353 1095
1105 1286
1627 161
1053 976
240 1520
1240 1507
614 328
306 599
535 27
494 1299
635 1064
1587 537
1121 176
1333 106
1668 1414
270 1726
1159 1410
351 1500
17 308
849 1400
927 440
738 1661
732 1623
896 719
1101 944
737 1040
341 622
139 1221
446 576
68 1161
641 1133
1165 1131
548 142
470 37
404 1285
1465 1249
1116 248
881 441
295 290
1309 715
1656 1258
557 1073
154 715
98 1630
1522 634
873 1030
1668 140
1166 907
1254 1728
1316 954
387 723
13 32
1437 492
1411 850
782 1066
938 1139
875 363
1090 1262
802 731
648 59
1095 1309
470 892
1004 486
885 447
95 1024
1735 32
891 845
1524 26
29 1293
713 477
326 139
1178 1229
1102 532
568 1595
1180 1503
543 62
1684 1111
1702 688
218 233
1240 560
390 937
381 1594
1028 1521
1322 121
300 231
547 1745
1694 1523
228 372
1184 1495
126 1729
1070 676
1370 1346
1279 1664
528 1434
177 827
1550 572
43 998
1350 661
1469 1538
920 590
1647 650
279 1078
1261 1412
1220 740
858 383
697 534
479 216
748 1397
1680 647
703 1041
576 837
1704 1215
1533 524
333 69
1568 18
716 111
847 194
47 131
1295 653
1637 1396
603 43
322 412
317 510
1517 946
1398 307
771 1220
1273 1087
1362 670
371 1126
484 577
904 763
833 1207
1373 126
189 336
757 1041
207 1634
17 1552
184 1456
425 1614
263 54
778 1147
1325 1637
289 13
1232 848
646 994
535 1509
1275 1562
619 58
1386 1612
45 1628
730 254
1048 1184
709 1679
1000 1138
1725 1168
642 688
1473 1163
919 1455
150 1373
1631 1623
950 503
305 1320
916 1738
290 1478
301 1285
415 927
27 1686
369 8
607 434
666 630
1062 305
1632 1293
403 1742
254 1080
415 27
737 1064
1596 1
435 925
1498 266
980 1325
1542 1738
764 979
1554 920
155 916
1166 908
1431 1581
1498 1192
229 857
1356 203
1512 1105
1325 1219
800 978
1 651
1293 1153
38 1063
406 726
141 1737
1541 420
147 165
998 98
532 1436
610 735
1270 1504
1669 335
1286 140
1600 1258
762 1732
403 1081
1536 29
274 563
755 571
415 1002
1557 1324
1120 353
600 832
253 1166
1378 596
855 138
428 253
23 1049
665 1059
1192 420
352 154
835 678
1529 1144
1549 57
1343 709
537 1285
400 927
766 712
598 370
1565 1129
467 1524
634 1730
436 1264
423 560
1121 238
140 1173
1060 621
1062 1175
636 1717
1278 192
1373 1118
1329 831
1402 1295
1445 612
794 671
721 1242
1243 1091
785 1498
464 855
1579 1567
91 1458
1429 997
247 274
1044 372
1697 1635
191 214
232 370
547 1050
1617 811
1084 847
92 1461
1119 538
1354 1411
1655 1204
1299 1288
454 595
1671 723
634 576
1481 1170
137 666
1528 1426
412 183
204 158
120 345
216 402
1557 1586
1509 1015
1684 1051
1325 1551
83 1648
1486 1007
1048 916
1569 343
877 1642
103 141
1451 334
237 1281
811 34
1663 597
1370 1017
1139 312
61 717
227 343
1023 229
267 761
147 1352
1154 1480
190 1711
638 1035
789 48
1364 1523
0 1472
149 1642
216 705
1374 439
1060 20
1115 678
922 1529
1025 1404
515 1389
801 435
529 443
351 1273
1724 66
1378 306
1564 1340
616 484
1527 999
414 232
967 1460
10 48
1664 1339
53 219
1205 1113
47 705
174 1723
1170 1382
41 55
601 956
1178 880
892 1444
1533 465
1076 860
736 460
1488 1009
1392 775
977 504
1739 440
562 1435
539 752
570 1648
1256 335
640 1575
1461 695
932 771
1323 1219
306 1202
1587 1074
1224 1236
627 1037
867 121
493 828
165 976
1150 395
1548 867
468 733
272 581
260 76
1430 1693
1089 742
982 1619
1606 308
104 49
359 977
177 629
133 743
1286 792
809 701
1449 660
1180 618
642 1080
1528 1082
1228 607
1161 1102
1412 1441
1108 1152
1599 1539
1132 933
443 270
209 1445
722 1624
841 433
1115 1331
771 206
360 1102
1012 388
77 585
1322 1453
740 1070
1283 597
1052 1314
1320 1532
953 90
1278 776
1064 778
534 346
1364 1727
1291 1150
761 1079
1717 1461
354 1675
158 1398
1390 1540
728 1608
678 1587
1542 1227
1045 1217
1111 805
17 163
146 1564
1178 433
441 134
211 1038
1545 28
134 431
798 411
55 1669
623 1687
911 460
1113 1711
1328 858
1127 1559
314 174
1298 612
1511 476
746 1486
94 1283
1407 1665
502 467
1026 1246
135 196
1493 774
107 1389
1054 1163
1451 1680
1414 1361
1593 257
204 355
183 110
3 427
223 1448
432 682
368 1295
883 32
13 163
357 547
1692 839
1459 454
1266 815
246 517
1238 338
259 612
394 1666
551 821
1686 1739
276 1466
1038 1462
1078 300
368 1002
445 725
1504 82
1411 1272
1262 1144
922 50
562 464
702 1597
1442 994
931 615
1495 1176
655 294
1566 133
852 1102
638 728
1282 1589
662 21
1123 966
565 69
1379 1320
1271 982
1028 130
1707 1553
633 731
288 1252
418 127
986 153
230 1254
475 1219
792 1416
511 1549
995 501
709 1065
1447 271
332 820
542 826
912 1056
603 1238
557 592
349 265
1097 1220
1456 1119
1328 723
341 1384
1312 1629
1070 829
663 1404
657 1508
749 377
484 14
513 1337
1280 1658
1563 1501
655 696
530 879
1562 847
1241 381
1448 679
877 1188
1093 700
1685 771
1676 1006
1216 1449
674 1593
1331 371
1300 1494
1220 171
766 1401
719 1118
326 644
1478 1268
936 659
121 662
351 89
191 1401
714 1234
1227 631
411 1082
1454 847
609 1456
571 1007
335 1080
498 240
1232 903
730 47
697 1060
357 1392
617 716
319 1055
308 1017
1039 627
1606 1375
647 896
1610 345
562 891
307 111
593 1249
331 1643
23 1349
347 1031
1272 782
167 1619
1001 220
680 432
1167 632
1726 951
1619 9
97 319
870 1398
547 1348
819 1355
768 793
41 1698
1609 1090
1556 694
1206 4
336 1191
1106 495
1566 1410
906 718
291 384
1718 1122
1334 1040
972 495
758 854
384 163
354 1664
1047 313
992 1700
1337 895
479 1619
626 963
602 1539
505 1315
958 508
1642 223
1476 970
904 310
319 364
227 595
135 21
1368 87
1681 1063
266 119
66 766
685 487
1579 1642
345 52
1703 461
392 1316
39 760
86 1118
1055 102
811 1700
1416 915
533 690
393 615
448 1445
1507 885
947 457
899 1524
1015 1560
910 160
363 4
450 1158
669 1215
1466 134
1349 395
725 1701
1683 977
1057 709
384 187
1106 1276
1715 1048
446 547
1460 1579
992 1425
160 1294
641 218
357 966
31 1456
27 650
0 126
1567 821
417 1046
568 745
1003 239
1107 663
34 774
404 1509
804 676
1711 159
1338 1079
1445 1496
1202 898
550 888
180 1191
639 914
1587 66
1410 1227
772 587
500 981
1260 1239
478 997
621 1231
1226 324
1152 1437
494 417
439 39
988 834
505 717
854 1723
579 884
555 686
809 228
23 363
996 1568
303 413
1701 1386
1395 552
194 711
1571 252
346 812
1535 863
68 155
1179 1681
251 279
1071 1251
1456 109
771 75
1370 5
797 165
266 1039
662 374
236 595
1462 365
717 912
1256 1247
794 1648
935 1170
1259 1174
1062 688
502 77
1138 1469
176 504
491 829
47 711
721 921
908 1609
1353 253
1440 1171
230 612
581 418
1345 98
1374 611
1235 23
368 1680
262 375
1520 43
1163 174
1295 67
1108 201
1637 890
934 909
1463 1688
935 70
533 652
485 202
1669 1706
558 50
152 196
514 503
727 984
1373 1138
1413 502
579 1642
823 1309
1075 1565
14 386
505 134
47 659
608 201
900 122
1276 1060
601 1647
955 173
216 1651
1099 1508
1590 810
943 913
1655 114
1031 1102
5 590
145 833
116 1366
1155 1402
971 90
1024 216
669 205
1673 469
14 1187
