893 1163
884 1082
679 1260
1054 387
1151 565
1603 1658
473 1647
1 1121
1407 166
1341 274
174 1061
1478 1621
778 472
1145 946
831 1602
747 655
1263 1551
1142 433
1103 700
867 1339
1717 358
820 1168
1179 542
270 1188
1325 1509
636 874
352 648
1248 501
1207 1720
739 864
1589 1080
304 139
907 188
576 794
935 1696
592 485
1638 1241
525 109
1628 1589
213 1306
1702 485
1712 1508
116 1410
997 746
1405 187
633 1332
1648 1265
235 1425
1485 1668
1522 650
741 515
216 1255
586 502
443 891
1572 1498
1185 957
1165 1100
1558 317
526 1146
419 437
62 42
1300 1521
613 72
735 906
166 784
166 467
552 455
1660 931
476 520
1673 555
1465 1164
222 585
108 350
1506 861
772 760
241 1626
1174 48
339 557
1006 143
890 1149
1695 714
1436 1293
1315 160
281 1582
572 1304
726 266
656 316
894 648
732 410
378 775
899 1247
482 679
1429 10
487 1613
835 1214
648 1561
310 670
1698 447
575 1572
1693 386
258 599
801 238
1532 1255
22 866
1041 220
1650 1138
410 874
658 739
111 379
1410 294
247 752
555 1453
894 448
304 776
274 1070
274 1341
1119 826
217 188
195 79
1283 1640
897 913
565 1694
1126 214
1171 569
1408 143
1372 1163
230 961
1604 0
141 500
1597 301
798 754
1060 307
787 1683
587 724
1218 6
1460 1207
1196 964
475 185
99 297
522 236
1134 1062
1682 1521
1258 939
1543 956
1051 1122
1326 1579
1449 789
145 1259
297 1397
511 1174
769 1023
1263 1301
910 1104
274 1733
1673 375
1545 738
1211 352
1060 1299
532 979
606 1380
1477 1267
690 520
585 1213
1251 603
873 1555
1545 934
1475 1455
36 566
690 11
1140 993
159 1236
1525 1088
1259 297
251 323
357 11
1422 563
551 512
538 676
1117 242
1367 386
793 834
382 1000
1012 682
1670 1462
659 449
15 290
647 1232
200 915
1643 1697
1325 1682
8 1404
1156 580
1333 64
384 1673
582 92
961 1740
1103 178
591 1425
1680 798
338 1708
709 14
17 1598
1021 1635
226 368
1410 712
135 482
231 1559
1471 234
261 1121
1058 971
545 611
1237 959
807 183
875 962
1395 999
579 205
134 1095
614 1050
660 389
1646 45
62 1526
668 549
1728 1613
924 263
1730 719
170 1070
677 1651
306 489
1549 1042
505 1508
1176 309
195 1655
971 1482
1122 1284
1031 1153
829 496
522 1442
1204 784
159 234
197 1325
1473 1203
1021 1113
1044 889
604 470
1450 1398
963 198
691 92
1388 1500
242 95
1533 1461
768 550
413 416
1317 1155
349 517
284 1651
405 343
1313 1071
1066 797
1587 680
1023 526
928 1139
1619 1581
1269 162
383 1115
1308 1340
201 1405
119 1518
463 1419
622 647
548 47
1459 1422
1587 466
102 1472
1513 1196
970 611
560 197
261 809
867 1693
351 295
825 1315
398 1289
962 500
1343 19
123 504
1662 466
1208 135
890 997
636 1006
842 1101
766 94
391 1443
1496 1025
137 649
590 467
1546 546
1581 1148
1379 109
1510 1705
1400 1706
2 259
1055 852
1416 446
1143 511
1493 508
1043 1400
1547 49
192 1554
744 644
466 788
1117 539
168 539
69 825
361 1373
1545 546
1521 374
71 631
304 1106
180 1301
1547 101
1106 1495
141 1493
1585 1158
1086 963
337 550
1485 290
947 983
123 766
49 985
162 424
1736 1399
140 1575
1678 713
631 722
131 282
653 612
457 174
313 133
280 1515
938 1208
318 315
1167 967
505 1464
1492 725
1663 317
399 1228
1228 649
242 161
63 674
60 295
1460 83
1269 1729
1707 360
1675 91
1489 723
1508 1109
732 349
392 1254
406 571
721 532
1116 1630
1562 193
530 1315
162 1447
4 689
317 431
1103 1613
822 983
309 567
1124 165
1321 561
694 221
1320 1687
845 1075
836 1144
601 930
1003 886
1439 998
1125 1374
282 638
1713 1009
347 869
944 596
55 415
1328 1315
410 815
661 1553
580 416
990 1232
1602 1472
1630 1185
677 1451
1354 699
481 1248
1312 654
1051 693
277 1214
1447 1168
676 235
725 520
31 103
645 890
1473 1465
1239 1009
1730 353
1671 672
721 1361
901 670
140 1227
336 1314
818 348
1283 816
249 637
482 1712
1331 164
1322 526
376 573
127 956
453 1733
724 92
12 1280
1404 1340
213 1381
394 1265
534 270
528 971
1189 1530
849 530
1318 548
240 337
10 1088
1360 308
43 896
451 295
1386 943
35 1484
511 1492
1495 1031
542 147
743 79
1003 506
1511 262
459 1605
968 165
1148 196
1563 1688
1253 603
722 867
1329 976
639 869
1212 534
1517 1306
131 1683
821 488
759 1218
339 1716
114 649
871 1112
720 1414
956 1671
1382 1075
745 1721
911 779
508 702
836 981
279 527
379 1627
1236 150
268 815
111 418
573 1404
1406 1155
1523 323
230 654
1497 1394
1456 911
274 905
1607 1106
379 531
114 1541
460 270
535 466
889 91
1317 644
744 30
131 814
1548 1028
1384 403
590 1566
1695 1214
1597 522
1221 271
689 67
1344 960
555 1350
663 453
987 1321
251 1535
164 1308
1037 204
70 1028
76 1621
1235 177
1147 1617
1711 636
483 1734
1550 1141
777 881
228 1123
316 1684
1581 592
580 882
505 742
602 134
266 414
1663 100
302 900
147 1111
1438 545
349 1242
600 559
1032 964
1661 736
308 795
1534 278
917 1341
704 1670
1714 505
741 1579
1339 1032
86 1106
885 206
1293 326
676 1563
822 149
1473 874
331 1214
1652 95
677 478
1588 846
1424 606
1106 1462
518 450
424 494
71 1742
1271 277
719 550
367 926
1658 1550
205 733
46 1600
1654 510
490 270
674 1710
32 419
395 551
1250 631
1424 1298
314 200
1355 1268
766 1371
1668 119
1307 916
36 808
1322 1482
1463 556
1383 163
425 1406
211 512
733 834
1265 130
1620 433
1163 1002
1244 1731
1668 1418
812 194
1649 782
688 1098
389 1306
428 267
40 1731
933 1684
315 390
909 302
1233 348
1486 1048
1107 1674
525 363
1563 317
599 1494
1287 1390
570 422
332 232
1727 1361
767 1094
338 1714
712 762
500 111
733 97
392 77
1170 1696
1454 38
536 366
547 646
1259 935
322 1068
494 433
526 1290
1494 1064
562 681
431 547
528 1014
1330 1403
412 1306
660 1103
1182 267
1316 1381
242 1160
1126 290
1019 1461
627 1732
695 1688
488 159
1740 228
1637 1493
346 1702
1299 1591
797 990
89 393
465 693
1245 1237
1096 1352
618 1467
631 569
915 1350
296 1452
1152 1524
1370 328
242 19
754 1635
1315 162
1651 723
261 1545
1163 437
385 782
351 608
278 1649
217 1332
1402 1740
19 1514
605 254
782 8
245 1012
1379 510
1396 428
185 1685
804 1613
1645 734
1651 121
1658 269
61 1599
1562 1631
528 228
773 935
637 1404
846 401
1260 1441
1607 1003
529 0
394 803
1099 708
1699 896
55 278
206 1168
1077 426
170 90
330 1409
393 707
129 1206
1112 529
1291 978
1655 892
1351 1131
803 2
619 317
901 987
1313 244
602 1297
556 668
1479 573
1584 869
1132 1284
444 1219
897 1566
674 1384
950 1462
192 1394
508 539
42 1700
1216 1649
692 770
515 401
182 416
1561 1124
68 1435
106 346
1727 153
414 788
378 80
673 363
1093 1692
1460 1138
622 1489
1569 433
1735 9
902 952
1384 166
695 905
1038 678
1614 1121
1177 157
1549 277
773 699
1246 500
992 206
1622 370
1157 397
1331 1372
415 1335
149 1350
129 519
402 1742
829 740
906 1339
852 1126
1255 1403
624 851
1526 1097
821 1243
785 116
1016 589
131 946
1554 1245
500 1377
1610 1266
564 7
1564 421
999 666
649 732
9 1555
177 1484
1518 1438
34 706
1598 673
93 530
122 1585
846 356
1384 1402
641 1205
102 963
701 204
1590 1404
71 1589
1104 1394
54 222
82 596
658 15
664 1672
1043 921
157 1268
1092 1254
1291 202
984 534
1141 1123
158 893
1226 656
500 1050
1102 1571
388 435
633 406
821 880
1586 846
734 1068
54 185
38 597
1113 1204
948 618
1208 1191
527 1101
384 1613
1207 682
136 1589
1643 409
1277 1287
774 437
1038 1481
59 731
1285 1732
250 1419
1084 1422
1403 726
307 562
1494 511
1491 238
110 836
583 280
1248 1535
1452 165
59 1417
1659 468
885 507
892 1659
858 763
603 1243
1071 1113
730 1144
1053 255
225 1237
558 50
1042 48
107 626
1520 1270
1071 1227
1631 754
376 1537
276 1607
1474 1018
892 1660
1515 878
955 1672
775 669
248 871
1342 885
104 472
1466 789
693 35
1239 1413
513 767
355 677
797 1360
1418 476
320 1388
1459 1329
667 46
48 1145
1184 184
1709 966
718 221
1581 1250
658 1211
53 685
1485 730
698 1618
572 862
1051 32
729 1261
1269 1199
1677 1349
355 432
413 28
1267 749
1607 562
481 1696
770 1070
1159 1246
437 336
1338 75
383 1334
54 369
1093 871
841 1241
76 223
577 1569
1499 336
1689 12
1653 937
33 669
682 497
1051 918
476 751
892 1086
1103 853
491 175
1511 340
686 203
717 1689
1117 397
113 218
854 882
1698 1369
1281 1115
874 1201
1605 16
474 1000
1698 1534
118 99
483 1336
313 75
1149 748
1290 1296
1368 1403
129 1003
849 1389
635 1197
513 527
631 714
1015 1059
1659 485
714 177
406 1282
723 1359
350 1296
302 516
438 1509
1482 1384
397 1298
1496 455
1041 1118
562 172
13 616
1345 903
1004 1600
1226 953
1532 406
704 1056
748 398
624 903
951 171
1714 1405
1642 1639
962 749
634 504
1315 323
1722 329
466 929
138 269
1284 1231
723 49
219 705
551 1152
1459 1493
964 419
1276 1038
1724 884
1595 93
100 1405
743 1094
1084 1323
1433 1236
1632 211
403 1069
1000 1218
708 919
458 1558
876 466
177 1497
597 1146
166 69
989 1215
436 1517
1066 1424
945 1115
778 1215
966 668
870 253
443 1144
1546 363
1528 1301
266 961
598 444
1332 999
68 863
345 463
86 903
264 1699
178 1300
322 474
1520 289
460 1090
1151 71
527 1178
1641 1672
1433 679
709 224
229 124
13 627
1681 417
1674 28
766 1008
1269 6
943 410
855 1331
686 1557
1497 279
999 714
1701 245
1012 274
527 58
774 1434
481 1191
1575 1488
915 344
1297 1412
1677 984
892 988
281 940
1281 1118
33 573
1281 293
1132 95
664 1222
924 292
947 847
1374 1335
110 1510
42 762
1685 584
355 855
1301 61
1146 1031
70 1709
1304 1206
1145 1131
120 694
236 1348
727 557
637 494
1389 185
1384 917
379 1013
487 1385
817 1692
308 1468
1255 1446
875 1285
672 1402
294 885
76 111
596 1591
537 824
1459 764
405 651
276 822
1505 129
1369 567
1012 668
981 208
622 49
496 255
104 1349
1628 116
1397 1339
1661 952
1110 950
957 1359
1105 696
575 12
1694 1427
63 1539
1502 837
746 12
449 151
341 982
1353 39
1725 1186
1557 519
247 1370
436 17
1606 1408
361 794
538 362
1060 938
102 313
1146 514
413 851
1544 1128
1042 568
1657 1395
397 72
578 277
519 33
153 489
1650 623
431 860
859 324
702 451
1568 508
960 723
1584 1210
436 209
1124 889
1131 41
537 1430
792 1619
1153 1710
7 302
46 510
552 566
351 1346
1264 1397
1288 102
423 969
577 46
1467 219
139 875
301 699
977 307
7 453
445 167
950 115
783 329
590 1639
1125 452
146 391
350 137
401 1043
163 1688
1417 98
1374 1710
757 1670
739 126
431 1365
688 398
1593 1659
1104 1657
1379 720
468 411
998 1037
70 1010
415 86
1197 433
768 481
832 160
173 1578
866 920
1699 467
1249 878
751 1320
229 1367
1261 1053
387 1396
1384 84
404 1180
659 919
1578 1705
935 994
1422 779
593 1068
483 1613
947 23
628 526
232 578
579 360
1563 1067
1332 1120
475 214
1659 301
829 8
1283 566
427 742
225 1381
637 1000
1446 925
1308 970
1011 1640
766 1691
1656 1079
159 766
1105 1021
164 1176
999 449
689 725
1508 944
490 655
1344 1318
1420 558
715 1237
1476 762
745 1247
396 1044
1668 420
1037 173
586 359
1008 1368
1609 1184
1701 1311
270 1262
161 220
63 626
1509 1639
333 845
842 1304
132 1560
1065 1416
1067 916
180 690
333 621
1222 858
63 880
973 606
982 765
391 704
312 1587
1639 890
939 920
562 1542
1395 837
1371 714
1168 267
1317 1037
963 449
1635 827
168 591
1319 1533
749 1602
1326 839
657 1305
637 660
1627 417
1271 1719
1264 271
1603 1142
87 1037
227 1094
273 402
1104 795
68 1072
893 66
159 653
598 729
675 117
150 1368
1615 1658
1515 1064
1039 222
418 1662
611 1206
1366 1322
1265 727
617 1714
1734 1235
1158 1479
1241 444
1587 1482
1422 1393
1386 1620
1081 474
1359 170
1379 1471
322 704
499 789
1354 1523
1300 1524
1709 55
1256 1465
971 1149
778 52
1097 1270
518 163
1100 1653
1389 396
382 599
398 396
289 580
787 755
1463 1306
180 1620
921 599
187 27
3 1378
1316 1163
735 867
22 519
1543 1133
636 1628
417 1429
1257 7
342 258
1456 144
1235 942
786 1105
219 694
143 1397
164 644
136 1501
26 1710
363 1182
389 986
401 1525
1142 1540
1467 711
2 1065
1261 460
693 90
1424 1659
431 758
285 393
1298 283
632 16
132 849
364 1181
147 778
957 1628
876 640
225 1181
1043 80
319 946
871 750
1177 1541
1247 1669
1127 205
1069 1422
964 1677
654 869
216 448
1138 1320
1291 118
71 365
32 61
28 1596
844 1258
795 160
534 561
852 349
673 510
285 925
1302 146
441 451
129 188
1405 274
611 750
152 1659
141 124
1382 124
1312 237
1289 31
566 1437
1231 197
1494 219
1265 1719
887 762
535 966
1478 913
8 1525
1314 1600
39 1073
1019 1493
1341 1567
928 419
292 1170
757 242
1555 1057
1160 1612
1309 984
214 1243
165 418
1629 304
1047 1377
665 74
1437 1302
15 847
1363 1262
1394 597
1347 1545
1108 1458
1084 265
788 81
538 1330
1259 711
496 716
1453 1214
54 1106
1248 1142
656 568
969 325
1711 1736
1216 283
1219 303
626 268
1287 1401
581 1716
753 694
1522 155
606 1680
226 156
911 378
1288 1724
1561 553
952 171
305 806
1615 1253
415 122
379 1022
1163 1595
1663 904
1668 298
500 1555
869 1669
570 812
794 753
1570 355
518 1516
948 344
382 471
1229 257
1202 845
865 1095
1111 1089
4 1529
1687 432
249 141
1186 1042
271 615
1595 1557
1537 680
838 135
1098 1472
1028 985
163 800
845 384
1653 877
537 616
1434 462
1514 1025
424 1082
1132 78
544 826
161 1346
396 1739
559 1169
293 1047
1134 224
375 150
1585 740
1621 1465
485 165
1110 601
1578 229
736 733
706 1321
1254 444
705 202
1363 287
584 222
1405 997
158 845
1309 1599
1129 301
1361 1501
1469 1000
1489 988
982 819
990 1365
736 713
1416 1304
281 861
1478 1577
120 1268
919 343
620 249
1035 1468
835 674
1354 66
1521 391
355 193
1377 1243
778 1075
1169 325
897 640
185 1699
893 523
1596 347
1728 916
1537 463
1351 442
1560 254
837 1491
1588 1649
930 295
452 1398
814 928
1514 296
301 1669
262 32
76 230
717 915
881 4
1740 1318
602 1089
794 1462
1468 583
306 33
1431 188
1553 1383
43 398
362 95
70 657
1051 261
560 1236
605 1172
129 419
481 217
225 398
731 1068
851 247
824 877
1336 1234
464 1614
802 1323
934 1399
732 1291
1065 786
400 858
498 1175
955 483
564 969
1466 798
166 1513
849 832
712 172
146 380
560 785
557 116
1366 378
498 1352
1732 693
1469 376
1106 1041
1204 903
578 24
1018 1700
1005 133
863 1635
1164 1203
964 1084
1377 659
1615 1652
70 849
1294 1305
98 670
1665 9
1273 1357
853 483
583 108
1581 1097
230 338
1210 1307
7 60
632 758
860 988
309 665
336 27
496 359
424 920
1087 1385
1063 1450
1216 1690
578 915
610 1230
1140 90
1712 161
398 1109
1406 1222
576 123
473 601
1714 1209
1531 674
78 355
1300 1177
1561 229
129 1194
594 410
987 107
16 184
808 541
4 839
287 1623
1562 1314
845 498
1205 1634
1195 289
1090 1538
1504 272
471 421
1549 1490
1660 419
1420 28
752 71
111 1111
1289 120
292 952
592 435
715 599
15 144
296 801
167 1343
847 10
1278 311
1622 1643
1078 944
1050 761
720 1582
500 252
1086 714
1481 1662
542 775
839 1092
1482 129
1078 53
487 505
705 1214
1707 50
1357 50
577 1547
708 712
1056 415
1619 581
396 684
1587 115
30 280
1012 793
356 1315
1626 138
1412 181
1737 626
298 1673
763 472
660 1541
1475 181
1482 1411
1612 557
1329 1677
1223 1496
1392 999
1424 42
1376 94
1482 158
10 1412
1013 610
552 1591
37 786
1463 364
911 1243
617 259
865 1645
689 503
101 141
494 872
1738 434
833 1112
1668 1165
116 1495
913 380
1473 1064
354 965
820 1350
1603 936
556 810
1206 629
523 1097
1367 386
1293 1158
128 1574
977 1081
50 158
24 314
1438 695
785 445
1087 483
1635 303
1138 721
406 513
1529 1326
453 603
1701 1215
447 549
1710 1644
1413 1412
638 75
1686 151
459 1720
439 1016
925 693
134 233
251 1631
1560 446
525 432
766 388
323 53
374 1187
573 103
27 1252
1204 314
378 835
512 1542
614 1660
1409 1289
862 497
1405 151
606 449
442 1254
173 153
867 430
1058 1484
1593 643
553 1717
652 1050
219 1656
1474 575
562 784
411 311
304 37
500 1488
1317 1398
774 322
1096 225
1600 837
1483 1054
1311 641
183 1100
48 480
1630 1534
348 1686
565 1706
795 1196
1278 1541
1402 1171
562 1165
87 230
633 1408
630 1392
516 341
228 859
227 1171
1173 684
903 139
1028 874
280 1571
690 1334
1245 376
216 736
1353 1501
21 152
104 447
812 400
1281 860
162 25
1113 430
749 710
1666 1388
750 897
1680 966
966 1314
572 1107
570 492
27 784
1194 1511
1080 679
1062 1020
1178 1114
616 1140
768 1305
630 1600
1271 1720
1367 1573
794 840
537 1676
216 917
1261 1236
60 449
1535 393
1343 1330
1252 821
1087 1637
1642 1109
992 1401
1604 1468
719 1415
1004 1676
643 1295
1729 714
692 653
894 1316
109 984
1091 1120
1255 79
626 1037
1340 1558
966 880
1706 152
413 126
1582 595
114 1307
811 120
100 504
1335 1201
1736 408
894 429
376 1618
1218 90
1641 1656
1471 99
1387 1632
366 1314
1055 1257
727 1112
194 717
746 940
560 1122
904 977
433 269
601 679
1410 313
576 513
1439 1135
26 863
1557 1232
1628 59
1210 688
79 1743
682 1202
1038 625
585 1068
1407 1242
1504 559
1443 1044
203 3
1194 757
1306 1184
1542 460
1284 750
1030 1
1312 715
1484 391
984 356
916 1659
1056 364
1573 59
1272 1423
1213 1634
1034 975
1177 1210
226 533
341 1681
942 1465
553 765
1535 378
881 1429
1505 591
1493 835
377 783
1089 1029
400 257
1742 1367
1336 148
1113 741
1231 347
606 1175
627 790
523 1312
1096 1035
1029 1175
274 809
423 1271
1249 876
1352 55
237 194
437 1723
1233 1438
357 1396
435 1170
941 1707
768 1490
1627 1153
1159 64
9 795
1291 317
167 1089
1336 1215
116 1636
1541 557
1423 1283
725 101
770 776
455 162
85 1070
106 377
532 442
827 1590
897 516
1110 529
238 485
1710 436
1361 1622
608 702
1190 283
1494 201
843 813
1171 1298
690 199
893 21
431 858
942 1326
266 929
506 1214
227 1468
1390 306
323 1154
892 643
86 1520
1019 1646
1370 1002
1435 1499
237 908
1161 657
537 564
390 860
1188 952
837 464
1203 1630
655 1694
999 868
126 90
1376 1500
1108 1593
1159 769
747 696
896 1543
1722 1350
638 375
328 175
116 313
1222 778
352 1004
191 336
1574 906
1425 1724
727 58
345 457
566 1114
18 1179
995 481
1581 1067
110 1363
948 1231
431 1602
1103 834
1201 519
581 516
1619 1704
768 1290
1603 1041
54 864
1437 1715
872 901
1427 244
1476 1126
266 1482
489 1072
303 1611
79 1389
724 192
1639 1472
528 789
131 1695
1696 731
1563 323
687 600
631 1462
1235 364
1493 803
540 773
190 486
1079 453
1086 669
586 1315
425 407
695 865
1467 1583
1685 1645
968 752
1641 970
912 986
72 454
1375 1484
984 1498
716 1455
634 432
1599 871
1197 100
542 1201
1366 679
387 722
1148 654
455 611
1079 1048
904 240
1416 832
1745 1689
635 303
1026 816
1503 1147
1028 920
1352 1564
13 1384
1588 466
1586 1626
483 1465
998 566
1051 1062
1137 1704
1204 796
321 80
1716 689
1273 1570
810 649
1570 133
1169 152
1412 771
275 1081
908 1519
953 232
682 32
65 1308
1261 89
1038 391
1394 1543
14 810
662 1464
1059 1598
1181 302
826 1447
245 959
438 1081
912 320
1406 357
910 1182
1064 1113
1524 448
1373 514
1297 1307
193 503
138 392
62 1117
75 813
855 831
310 631
375 1441
305 178
108 1248
1474 1219
168 1037
1653 1286
649 1643
643 522
209 1045
954 1297
203 179
635 606
568 678
336 544
452 1177
71 1124
695 1321
941 841
663 202
867 1684
145 591
1128 265
801 270
654 670
954 63
489 58
1543 1143
1224 1256
1212 807
164 1103
884 357
1666 1379
822 1466
895 78
331 1013
952 1523
719 1729
1007 199
1476 858
241 660
648 1097
1527 1037
1533 360
1021 1598
1515 350
1138 801
836 927
1725 123
483 489
362 1445
533 418
1172 1310
639 995
1509 71
1425 383
1044 1616
997 1409
1615 705
1240 613
1028 1340
961 501
1272 138
1024 165
1283 1198
427 1404
43 91
741 1443
696 1340
170 885
504 1212
984 522
1217 301
1099 1369
747 534
1308 565
947 1299
743 1629
314 866
441 1116
343 505
1515 1308
1531 640
1045 1318
777 801
1120 1270
1140 891
106 1583
284 1661
404 47
584 1390
548 1068
270 1534
1255 755
1665 1523
1385 1587
1725 331
404 127
419 669
1453 770
86 1504
276 1131
228 773
632 1175
182 1015
1035 1331
1673 1217
430 1404
1012 1119
978 789
183 1616
416 606
429 390
1673 214
1101 1251
468 345
449 209
148 443
1472 1143
108 1358
754 1662
64 1388
1526 1349
1581 512
84 1125
525 416
21 1653
1508 1309
681 732
1057 1274
1624 422
240 906
425 1395
717 1540
1029 608
1701 1468
985 1622
541 1515
1307 770
761 1694
1363 171
382 602
1357 389
1390 591
48 248
86 45
1089 1210
896 1150
1216 304
1278 1047
544 387
271 262
659 287
525 1565
329 900
1510 1281
994 256
1381 132
1123 1115
1162 8
766 1008
1703 362
1017 1583
1282 1065
222 989
87 975
750 479
1367 364
1625 1349
1608 1531
102 1631
886 1687
649 1378
1517 1144
726 1359
442 993
948 1742
1607 5
1278 1213
1374 233
292 1698
798 114
1333 1506
1016 1558
49 1598
1320 1208
540 701
1246 943
640 809
1123 1733
374 1247
1402 377
1623 1100
1510 306
495 1196
1498 897
375 1209
58 532
1068 522
590 1443
1444 1016
93 199
63 1596
91 1358
1350 635
289 1450
6 821
411 658
1122 1473
739 1367
966 447
572 1100
111 1092
355 591
323 691
551 440
1195 279
966 795
933 284
77 339
941 176
505 1537
49 346
682 1298
1497 1547
1041 1195
582 1070
405 861
442 1452
1625 1552
87 1452
981 23
256 826
1684 1592
1317 477
1585 375
674 177
1166 1209
674 278
171 423
825 768
1468 93
918 1255
120 305
582 234
1329 521
17 1606
1012 982
804 391
132 1004
1605 1080
32 1482
1130 1586
1200 935
1117 1227
272 1506
586 1380
944 1578
93 951
1292 818
1707 1056
1570 1593
953 666
651 1339
27 1444
1158 1301
61 93
345 440
1697 833
1466 817
686 1474
1114 430
1433 649
381 543
461 1244
1379 190
862 1476
915 109
42 614
717 1588
332 860
405 462
718 471
969 1674
1456 1736
185 221
3 394
1646 1390
660 191
1393 13
152 884
910 150
236 1160
44 901
1349 221
1152 453
209 1020
1348 1300
846 1528
1562 1089
49 663
995 194
1411 1673
866 1499
838 1729
769 453
828 1096
1251 1449
1642 1697
829 1041
743 758
707 1244
863 1312
1499 738
1667 18
1082 1310
307 1246
634 1080
1397 1454
1443 1262
551 1220
1104 1084
408 1454
1107 1058
196 1205
590 1696
574 1419
393 1484
223 1716
751 1699
514 901
946 232
1324 725
1065 86
941 534
1603 608
612 1500
496 1340
1247 357
1189 771
1343 768
913 900
725 178
594 1022
849 1153
318 1510
590 297
845 516
455 751
114 1305
1708 1636
1262 1620
1590 1439
281 1733
1462 728
462 264
1152 1353
450 1048
485 1566
345 951
1620 1410
1299 1523
946 1310
1432 1312
654 1721
1039 20
1090 911
888 702
585 800
393 1035
876 733
116 1163
370 322
453 1672
153 1553
1024 1587
478 853
1687 938
700 119
1095 7
462 176
829 1068
1223 1128
838 789
696 1367
1007 140
1465 1439
514 1126
1004 448
562 360
894 1539
1502 1127
915 1016
1478 1098
1068 607
939 1609
631 270
321 995
1029 1253
1634 473
639 917
1406 211
180 663
961 839
694 1682
1322 634
958 406
1235 172
141 724
803 1232
307 891
1300 1650
1508 85
134 5
1354 209
1138 494
167 1408
1646 1603
1619 1019
957 1263
1660 736
1716 55
1363 875
1488 1329
1488 1067
279 952
402 1152
39 1241
1101 1083
1612 1009
1460 1677
624 1182
893 794
762 434
369 126
1055 750
400 1390
90 1517
825 205
1246 928
1090 117
1643 1687
566 381
1620 834
1399 521
765 127
1055 140
667 299
1005 643
403 1079
1728 336
551 158
1301 538
169 786
442 83
1566 94
103 1526
913 1075
24 670
784 1532
1382 800
986 540
363 1119
1307 1611
1523 1599
865 1249
1389 1495
1253 1092
1003 537
761 136
557 1667
666 858
942 681
411 1147
615 529
1252 79
939 1598
445 1467
617 1243
1679 1385
670 969
137 78
1661 488
1618 1086
214 480
328 384
545 150
1293 1145
1308 431
1288 1660
1354 390
833 1733
237 695
364 1673
1134 508
969 661
581 821
753 425
1242 1699
1481 502
933 1296
378 550
1323 106
183 583
539 549
1725 101
1104 61
957 797
207 1156
1543 1131
1312 410
1317 740
1356 766
1702 1427
513 320
848 1130
1316 97
229 1529
623 684
1342 632
1055 591
496 1375
1693 1150
462 235
659 908
531 1031
412 1498
1090 925
1575 477
1324 153
1048 810
1512 68
1284 1535
1521 596
1514 1248
384 1338
963 555
138 1721
723 64
1443 1014
912 461
1695 604
310 20
0 200
486 167
1126 56
1490 608
386 904
339 9
1348 1088
1584 1638
831 597
723 1549
254 660
967 1533
654 1527
552 1378
822 1625
126 1447
121 1524
578 1340
568 537
297 1040
1482 1277
710 1427
1673 964
368 82
970 1470
204 1724
1700 1564
1469 324
1602 1125
620 754
1735 1092
1616 499
1650 752
583 1484
154 1315
102 1699
256 1452
1692 356
1015 846
1122 563
1298 317
399 45
298 312
816 543
74 1520
1642 719
959 868
112 840
685 1378
1507 608
1237 513
1121 335
1073 491
700 1128
264 1724
749 652
2 963
1579 921
997 1278
597 1540
1650 570
1087 1422
387 61
490 1483
542 19
206 1514
222 612
751 347
1074 1023
653 297
234 1154
689 1655
1060 730
1658 1096
1187 1626
393 544
579 1224
1148 1046
506 1641
777 1722
565 820
509 1236
432 699
1147 1202
1067 607
160 1408
49 903
390 1202
1381 850
809 1190
1586 117
968 891
345 1442
13 1544
418 1582
1676 1733
533 1346
1278 894
891 278
1371 876
203 151
1289 6
1443 993
258 466
924 1103
1154 1221
452 1132
1562 1524
1126 1700
1134 319
123 864
1493 7
102 476
642 1086
1061 965
1012 417
1316 1027
853 567
1129 95
482 1143
245 34
687 847
602 116
1441 274
683 1325
1371 419
953 212
394 740
289 131
1539 320
1121 87
969 32
1514 1327
1033 175
795 386
496 946
547 60
401 406
621 1226
982 184
1504 1477
1555 1603
589 171
1007 1493
835 1039
137 585
333 689
339 1318
1108 940
1542 1129
467 968
80 386
1012 458
1418 58
1335 431
44 570
535 163
1430 525
435 876
378 723
326 624
1644 748
1521 93
661 802
976 151
1663 649
956 743
692 868
549 741
356 1114
791 1025
1171 506
1670 1055
201 1315
1719 545
800 566
1308 229
294 471
1271 857
560 114
1204 1131
363 1283
1653 842
595 519
1073 221
138 1220
932 1686
418 1624
1617 1024
440 187
975 1663
1399 1314
1494 1025
659 1329
247 1122
491 1184
1204 242
1177 1463
1363 1271
711 233
808 1581
797 579
845 49
1608 854
504 547
1492 559
1388 867
500 237
5 364
495 1331
860 1016
1599 924
1093 814
459 882
934 2
526 1262
1279 204
1412 1297
850 1412
1671 749
1358 495
469 965
1533 1695
1274 1368
359 1431
965 1003
1507 958
346 481
1283 244
1199 1507
557 399
1294 914
447 224
1108 907
534 948
662 898
389 973
1091 864
120 1560
1255 1695
1113 632
180 1369
1463 87
857 1552
790 1103
677 1484
994 752
948 1160
1363 1483
361 714
888 1234
1168 1444
1506 1275
1320 271
1115 230
459 1306
204 1082
150 1567
891 1652
938 389
47 1173
311 1569
846 268
436 948
1204 96
1381 1027
1048 1026
1215 1619
565 1587
1573 1213
716 622
763 1299
613 495
1201 1487
463 96
914 1246
659 1155
1615 1264
1275 1380
1175 760
1146 924
943 190
1531 1527
753 1706
114 1082
1584 682
344 1041
762 1463
645 1073
1039 936
506 74
536 497
1333 700
1361 937
1060 1117
1711 119
1032 1287
1342 896
1413 701
276 1517
138 479
821 980
131 86
810 1084
1556 1108
1388 48
1511 1060
1638 807
75 814
214 491
578 1519
12 761
125 681
601 405
733 47
815 450
1400 1322
349 904
1532 474
864 1603
1678 923
439 107
1676 1227
323 508
178 1010
120 177
711 134
195 1192
1663 26
1353 1082
1502 1478
377 566
1561 145
1174 1433
174 1028
361 1218
188 1581
878 227
709 1558
337 1533
420 784
290 240
63 746
764 1264
137 1615
1045 1019
378 1217
1315 1029
1727 1522
1474 838
1136 334
608 1649
377 986
514 709
894 1626
543 1142
1625 1063
842 682
962 756
211 1405
70 803
693 184
1037 1153
1622 454
958 303
1545 787
417 1708
890 425
963 926
374 1237
671 382
277 433
538 1486
207 190
906 801
633 915
1025 978
549 702
297 1059
1479 1257
893 1584
264 1009
1125 1081
153 515
545 645
1611 1372
593 227
1173 648
723 944
1372 1270
677 1358
1010 840
813 819
64 1174
1137 525
1521 1274
687 575
1496 593
715 60
109 1405
1013 31
408 718
563 753
84 601
1440 50
361 1686
1044 348
144 1162
579 605
1171 228
1330 692
367 1650
1450 1008
299 360
959 1182
139 1517
973 21
1464 699
587 533
635 545
1355 834
641 470
243 888
553 440
44 1247
1542 353
1302 780
1132 709
1526 1677
1046 1503
629 1343
1135 716
1451 1364
544 1061
651 1670
815 1476
1551 1645
516 1528
871 919
202 1592
1606 848
137 1022
1085 1340
872 838
1370 310
1092 101
1494 393
1282 1703
846 1421
756 702
1711 319
595 553
1132 247
665 841
1242 457
558 1518
1318 618
724 349
854 39
338 828
131 674
1463 475
1724 994
8 1269
1048 987
1603 795
1363 878
1724 729
865 1486
178 539
124 1405
849 155
207 1420
484 873
1207 634
668 190
1391 1154
1476 1613
1541 195
29 107
1400 1092
412 346
582 744
878 399
521 1319
1321 716
324 1664
765 1615
777 687
257 1185
366 1230
53 141
1258 214
1701 720
1309 87
1106 1319
851 1287
1547 1083
1226 251
1627 1459
1732 1341
291 645
58 723
339 597
997 827
69 1129
568 1532
1662 1298
1103 93
142 1023
1354 383
1238 1483
656 929
1122 49
1319 1578
1380 710
808 476
1172 429
1263 1633
576 998
410 0
342 1713
800 786
1540 748
1556 1593
643 1193
1249 230
384 644
1387 460
296 823
1212 1483
52 1360
330 574
1167 1236
905 289
910 1421
1378 1016
590 357
673 181
1269 753
1359 678
249 541
1010 354
661 522
1436 1070
698 168
1413 1338
1022 1579
1213 1222
424 990
15 1261
328 199
1512 1717
1509 1712
340 1667
1366 573
317 0
929 40
157 112
1414 34
715 672
608 1599
1071 554
867 637
1588 126
747 1001
234 1
154 803
439 182
53 242
925 1495
992 634
1581 1302
1097 329
1241 85
1718 1611
1542 56
1139 1652
1316 1607
598 1541
970 278
285 55
1643 1308
667 362
1294 1037
72 911
1538 1485
1376 303
1301 1192
477 416
1616 1701
335 911
838 1225
1382 1570
1066 664
906 75
1454 1470
309 202
1427 1157
424 427
1248 0
386 1239
597 1027
1611 1613
1378 1315
912 293
646 1383
421 376
224 1574
1728 44
1457 901
400 3
958 1030
906 794
1474 306
1005 766
437 1044
869 1029
1567 391
159 296
1496 268
79 836
435 347
226 1087
649 599
1383 736
781 676
1311 129
463 1231
966 1320
1714 1245
1276 1611
998 1224
141 411
52 1564
604 1535
1243 1368
718 1287
1596 1561
1570 49
1258 472
47 133
774 1742
1200 65
133 421
620 36
690 551
1349 421
714 1495
128 1599
1696 1460
275 1580
1008 890
466 1031
860 1242
1556 58
1104 27
430 1407
1461 1631
1687 31
1686 1537
39 1330
982 1381
461 273
1212 1306
393 755
866 1504
907 465
895 702
258 1547
836 758
1426 281
1189 1324
1563 760
1024 596
1440 1097
432 1103
845 180
1451 326
682 1306
726 1310
482 1131
587 354
1609 1693
1454 456
80 1292
738 951
1430 84
649 59
307 1233
703 325
475 457
928 410
215 1095
353 851
1690 308
769 268
1672 697
1281 784
679 699
737 1144
758 1439
929 1371
42 39
34 395
913 316
732 904
937 1447
242 644
944 557
1093 422
590 551
1574 519
1297 1743
206 500
158 1702
811 714
119 882
1480 1238
88 423
1032 1637
1541 314
510 495
478 89
141 665
132 426
1044 1126
874 1650
1128 244
483 793
268 1679
1196 811
1119 709
601 1728
1176 1699
431 1198
1115 128
756 1190
1374 1353
259 1546
869 726
548 287
715 1390
487 717
1148 1397
741 812
1540 734
359 1559
1587 621
1596 1048
1103 1349
1124 1517
373 1338
1105 962
1033 261
1402 1594
1627 1299
1057 972
1639 318
1663 675
290 240
1075 1355
246 1039
1465 1450
621 31
1051 1619
1155 1089
246 340
826 1079
946 122
760 514
518 1145
220 1026
147 1493
1093 165
1637 843
1067 1257
971 633
871 1335
156 551
1027 205
561 424
154 1253
1714 595
74 241
752 644
1230 1562
277 1149
1547 327
501 324
1117 939
1402 1169
93 1539
1537 1247
422 1499
1442 1025
264 588
683 635
423 806
1197 848
1289 1395
1555 817
18 816
169 1333
320 309
577 1128
693 456
450 923
640 1556
411 1593
922 478
134 102
1152 733
234 1070
66 87
989 747
1708 1186
1032 113
267 1587
427 1476
585 229
1021 1180
109 729
422 1565
125 1154
75 1238
723 1050
1462 1390
674 892
837 616
866 1683
492 1213
174 909
1658 898
1034 1544
1188 53
1458 1514
1381 1083
1180 1711
1164 669
1417 277
1058 638
163 1137
578 575
43 1313
46 999
758 818
1015 1157
1131 468
395 1586
1694 1613
1165 954
1669 1314
613 1385
610 695
1086 160
1493 45
663 486
1023 1604
425 286
1569 1407
1463 1228
712 885
1109 1360
89 1531
805 1203
1043 506
251 1126
1355 1446
43 317
125 672
421 1008
179 1067
152 1655
1583 1149
1401 477
871 983
1659 802
193 1583
626 1252
139 122
1628 524
660 76
1679 633
265 1709
1473 299
1547 1537
1443 1627
1108 1689
1589 559
1528 657
1481 1298
937 322
506 928
389 1060
1116 1530
1047 891
106 1029
1389 213
1236 1518
918 1215
853 273
208 1659
1605 705
968 528
226 620
1638 146
434 1425
1122 1366
493 381
1573 1483
372 1388
94 1462
173 538
683 1131
1458 445
712 530
1438 307
1548 1267
1306 19
371 52
1505 363
1725 7
1301 333
1315 1087
1402 1072
779 181
1382 1484
313 1134
1081 509
1563 487
277 88
12 622
412 1356
517 1122
1643 1666
66 599
1649 341
1112 168
736 792
978 1208
580 1371
521 315
1374 1017
522 1608
1658 1280
890 1474
1495 1674
122 1218
1402 1122
1347 1340
827 1635
700 120
1630 1342
1513 479
848 513
279 1723
1520 947
24 189
265 240
706 1532
590 1132
1089 821
59 822
1258 94
417 1206
1414 824
244 1164
762 208
1580 1026
1105 1661
210 1233
1500 244
1112 982
864 263
375 852
1020 1359
581 709
773 680
1663 1647
825 1181
702 1033
1701 787
1032 46
193 1480
271 558
1435 1563
1712 1309
1333 696
1730 104
765 198
1245 157
450 1186
1529 169
606 1429
1215 416
1064 1242
1066 1101
1237 484
1003 86
323 788
1144 1559
1147 1550
1741 1655
1460 464
121 881
76 962
1164 888
156 235
587 408
696 1236
814 304
791 116
1050 1651
1001 788
766 141
586 204
1361 1197
1337 1596
1242 895
764 1566
150 187
1370 1681
1103 715
291 614
557 1737
1408 49
1726 773
638 190
1631 1622
23 1717
857 850
1628 1270
171 743
763 818
1035 1068
1471 780
720 654
1703 1736
1062 166
653 1526
1179 151
1627 1655
1143 269
1402 1743
1099 1192
816 341
1293 484
654 225
315 98
1074 1047
129 884
804 117
1664 124
966 1290
852 1357
929 216
1663 1552
1319 949
1530 450
937 1243
955 1713
864 630
973 411
1201 1160
549 114
148 355
623 663
59 1564
928 246
225 973
997 94
175 1640
61 1011
182 625
111 744
539 1707
272 395
1438 1296
608 1675
882 1269
1089 1647
551 1438
1333 1012
1454 515
879 1330
692 1659
820 306
859 465
1663 331
697 667
494 483
1286 325
223 1612
378 77
467 1700
1587 967
1602 719
917 1620
1555 122
132 1598
1000 83
1712 1224
762 1453
661 351
373 283
1524 945
1705 1070
765 1153
1158 405
1678 1179
467 1142
1245 512
884 1149
940 65
274 1144
1379 503
1080 1318
1224 1592
1427 917
204 1301
955 269
909 520
1664 53
1719 811
1627 1613
1001 1269
1712 465
44 1150
553 901
667 997
1646 1033
1128 476
807 1208
1053 1210
590 563
503 113
130 762
829 711
1358 138
519 471
943 154
1311 1549
521 1175
1251 1319
526 504
795 1065
559 166
1590 1380
1567 1468
31 1193
1713 192
1417 1590
1310 1424
731 490
1219 52
1028 58
590 452
481 942
397 787
992 262
1253 1665
230 660
1351 1402
443 1066
1339 1139
600 981
971 74
1451 834
121 1360
1650 1160
240 871
1374 144
518 1571
1136 1139
122 1508
1683 762
557 687
1416 1637
1343 1505
276 277
1250 661
1659 1698
1477 645
641 780
1544 390
501 895
1175 1062
248 493
403 1413
1413 1555
851 1483
656 1366
104 1341
206 1068
998 765
1623 305
1224 1054
810 1622
16 87
263 83
1699 1481
1092 317
413 76
1363 1269
693 1559
1318 464
427 114
672 1527
946 449
296 943
92 737
734 1363
300 988
1128 1744
144 1402
889 1330
1250 163
1332 709
1578 1696
1364 63
727 1601
1133 345
1679 1234
1611 1669
686 1277
1583 1340
796 1023
1667 359
1201 1490
86 26
1615 469
1634 974
1355 712
985 251
1569 1213
492 1518
1323 122
528 407
780 1051
919 1697
214 1693
1296 758
1513 593
761 502
26 116
780 1598
72 160
1673 173
1366 654
55 1391
741 1390
1657 1613
380 787
736 907
1608 772
151 1047
743 73
205 1131
366 848
1673 1740
452 656
253 1538
1043 1384
946 638
456 87
401 507
200 1204
704 57
1569 467
323 980
231 573
949 1223
744 510
344 760
1508 909
1531 1345
378 1488
835 1223
662 243
615 932
1437 1069
38 1650
3 840
913 980
1366 1218
1064 196
1598 970
874 259
38 1201
1412 545
1138 424
645 1039
1105 72
1223 1086
1189 925
1179 842
97 1200
84 919
136 1674
626 863
1125 87
839 161
841 831
1201 1017
1468 89
687 878
1695 1347
556 1691
1455 1116
1711 1660
667 543
1334 191
489 1310
585 1703
366 516
339 1713
566 680
1384 1557
1521 662
1124 631
1278 1729
355 870
643 539
486 973
547 889
1585 124
566 1100
185 868
850 532
1189 307
1031 1676
1282 383
1713 1606
1203 480
129 1097
801 1085
275 402
102 130
646 1063
564 628
1603 756
913 502
254 675
265 172
218 692
1590 601
1611 315
498 1586
0 1069
846 1231
1052 1045
130 362
1267 884
1743 671
202 1020
206 386
1654 1662
1246 1202
549 1686
925 1212
1610 760
714 1582
1360 822
888 584
250 1695
960 648
1566 504
1300 414
1097 1726
800 1353
1132 1560
905 744
254 643
469 1049
1017 1317
770 1411
1543 1134
962 127
1060 264
1285 1673
499 841
174 1718
440 916
1681 463
379 1600
288 1732
125 340
1432 1712
1671 640
1339 694
1222 1526
455 1354
211 1146
520 262
341 849
219 498
811 1121
1615 1594
987 598
169 848
398 423
1178 1389
178 806
514 1545
379 130
705 846
1032 1036
779 1571
954 1271
139 975
297 601
1325 1338
934 310
95 1221
89 49
1141 704
826 209
419 1175
157 1534
1034 546
995 1226
1581 1447
788 1557
248 171
69 1125
1683 509
1545 466
1610 1044
1296 1021
318 1411
629 524
1538 366
1379 1433
1625 1323
1521 395
458 1194
1706 492
548 1349
1458 92
1402 168
1407 1577
938 1094
1271 758
568 1056
247 110
465 472
1162 783
835 95
1581 1131
439 1516
1182 299
1210 261
1059 865
1086 1335
155 743
1599 437
160 592
1185 1302
585 432
1186 318
577 282
1694 713
1251 1354
1169 1706
1703 234
246 105
1172 573
1038 932
1491 207
70 64
1387 136
489 263
1153 964
1042 447
1305 323
1170 64
1162 1076
1288 40
557 857
1633 1541
462 485
312 302
148 253
340 1451
1192 801
303 103
1448 1533
1630 158
822 142
888 1056
502 760
643 611
1702 142
670 1648
1452 1336
241 368
180 1668
1689 33
277 1358
1519 856
1188 723
1188 1009
209 452
459 180
1401 943
920 716
321 807
1534 1248
864 1504
1462 656
1420 1031
502 0
877 1716
1431 662
129 111
303 56
297 138
1231 669
337 141
1594 1622
314 724
581 1256
1639 1609
888 1343
776 1045
1098 438
1684 409
741 77
125 162
439 219
903 1635
1283 1145
785 1343
1020 1120
1482 1172
504 188
545 364
1376 38
1429 860
1527 305
484 1676
140 867
1185 580
748 579
1693 673
1382 282
74 183
1316 497
79 1362
859 645
917 357
222 1490
1199 0
841 674
1678 868
817 1223
1308 220
622 1434
960 942
880 1524
99 474
858 1324
449 192
1174 356
322 1374
571 374
1368 126
1555 745
848 558
1502 841
1027 444
916 435
1272 738
670 828
1262 767
728 138
241 1231
517 1269
840 1619
1199 877
1151 876
1579 133
1619 1674
850 702
1106 609
991 822
433 1186
1171 120
45 745
759 1632
1070 1376
1349 1098
724 799
1610 292
17 434
1117 1357
516 1392
661 1468
1564 1361
1534 96
133 1535
1264 278
1539 1168
1272 765
1576 391
1265 1131
650 1598
1472 839
69 1676
53 607
1465 323
394 270
1670 1063
1286 152
1677 640
326 917
1279 834
720 423
1641 1307
215 499
814 1224
498 409
812 1096
945 1517
1053 1343
1675 1660
531 878
1441 1343
700 48
654 1356
639 222
260 319
162 1289
1285 1359
104 394
1384 1118
55 682
1733 921
612 518
18 1236
1692 9
827 589
1060 679
741 870
1290 1709
1485 334
1724 396
1074 1508
844 1180
1615 859
1488 1458
616 976
1509 415
1039 1094
1034 1473
661 226
92 1184
1321 273
713 1412
801 1148
68 234
1737 826
902 1025
755 1683
971 249
858 966
1164 1320
1041 679
1600 1678
1135 1303
65 1239
1468 700
113 1001
1271 88
96 533
888 380
113 44
293 499
471 252
190 574
203 889
1661 147
686 518
1242 851
1710 1142
244 1478
403 1280
489 81
11 426
1413 767
1649 459
808 1669
38 963
679 568
1388 66
1137 762
1176 1086
21 355
733 1631
737 640
82 1734
185 398
464 873
94 1279
1360 1119
1406 1243
1439 110
244 392
1702 42
1213 53
1123 1291
1099 1310
193 947
771 1273
1445 752
1640 1453
1117 1530
174 1106
298 1625
672 1018
484 1026
1403 1078
1095 573
1732 308
547 1483
290 1056
1176 1584
1174 176
58 1045
210 801
915 1661
456 561
1643 696
890 606
359 1028
835 939
1596 735
180 608
1231 958
223 962
858 346
