1426 862
1252 561
1566 427
530 1288
720 1342
1496 6
138 428
846 964
110 805
706 96
1054 289
878 839
1166 1091
518 1149
1689 1103
792 1414
292 35
1027 1130
285 268
258 1223
339 309
1434 1705
1360 1717
1628 1124
949 779
1545 435
763 145
714 514
374 381
1644 508
566 1012
1026 912
7 647
1552 107
1614 1206
232 419
1147 467
622 1354
349 1576
1305 117
1132 1001
1264 1292
1033 30
373 1059
200 871
12 979
1400 1524
591 1465
1466 1007
935 1509
296 4
1391 309
1083 1160
866 155
370 45
468 1671
213 294
268 151
1086 203
1491 326
696 1066
156 1106
376 984
449 1059
1395 1032
1387 1216
560 251
209 755
1714 628
1608 648
1434 1522
1729 1737
101 1146
381 473
1274 1289
1590 313
86 495
1332 36
994 1723
81 1317
1527 730
1396 1399
1631 998
788 1224
1363 1631
1105 625
1275 28
1555 384
753 794
989 361
895 289
1671 49
520 217
396 680
1022 762
1216 737
672 1599
177 691
1096 552
1672 162
1652 465
223 1
1004 1133
803 928
1243 665
901 452
735 209
1414 20
176 1572
1506 353
109 486
500 990
1380 929
438 1612
224 542
1508 1115
1365 1290
312 1684
1517 1374
899 267
1011 14
997 758
871 1356
233 323
1683 361
48 1310
1264 1081
403 158
1346 536
405 1207
376 1478
1269 266
42 211
1712 604
603 27
101 282
1508 159
1243 535
354 1572
1185 543
415 1445
128 892
1326 1009
562 1510
339 140
344 1193
1690 1190
632 1538
551 1323
1393 345
1724 683
1731 642
1479 1624
1335 1697
872 119
1389 355
786 454
735 1450
939 1476
600 412
153 714
744 417
41 731
66 773
825 1433
1208 1458
1129 1728
1566 630
759 645
636 1703
570 1038
1381 666
473 1138
857 1441
1007 1308
201 1258
889 944
559 1598
300 702
334 1005
1659 694
508 523
1257 810
20 1681
1625 717
1412 1406
738 1705
278 920
573 793
716 1126
762 21
1376 1125
933 1608
860 214
1162 1496
1376 707
1533 467
796 968
433 1661
639 1013
1150 1343
1486 667
1004 1477
552 1555
1263 1065
683 758
1600 594
1322 1263
1089 270
789 236
668 493
1701 945
631 261
1483 385
67 923
1344 1368
1462 983
591 979
418 1011
331 1329
825 1582
1691 1202
959 173
1250 647
587 568
1223 1326
853 1121
1693 1729
1507 455
639 45
128 630
326 184
1608 336
1224 719
1037 324
79 1405
105 715
1378 440
1092 1168
439 1093
508 654
886 941
1631 873
1111 359
1271 1191
113 648
1394 1065
1407 362
567 664
527 146
594 1736
942 920
1126 771
471 1063
1016 1435
421 1560
690 1076
701 206
1243 919
207 47
646 1521
1655 1558
1695 1588
1290 1425
654 597
1574 653
1695 1516
143 1455
281 304
161 1039
1352 1365
1131 1196
346 813
605 503
132 831
203 943
521 668
686 841
1213 103
1250 970
1108 1291
147 111
410 1527
1126 245
1547 548
674 1018
128 1063
1272 1366
1596 1306
609 232
1489 302
803 750
1299 1679
723 362
1722 1199
1019 89
290 1470
52 907
474 425
1119 1524
898 1480
958 1642
1580 1703
659 480
1167 347
477 983
938 169
1731 613
645 244
319 1001
1251 800
1079 1527
195 655
565 7
1362 1221
234 137
1627 283
173 47
1046 910
1443 585
236 589
38 1225
1624 1534
461 221
1443 948
197 1729
168 282
668 1352
706 978
1550 1647
1692 715
22 247
204 1576
155 425
774 1594
967 239
922 1048
1680 342
1369 1078
1404 872
299 790
777 72
627 985
1616 566
407 774
55 73
1689 742
1357 616
708 731
1361 1200
1416 1686
467 1147
477 729
1259 1205
737 795
39 1402
883 307
609 1672
1641 338
370 369
370 432
740 551
1310 1190
881 508
703 221
132 1648
907 807
163 1581
917 835
104 1527
338 1536
532 1171
1468 1398
421 1684
1637 791
184 125
1405 1155
35 555
1742 529
156 26
778 1402
907 1501
1310 1493
675 1253
1064 290
633 17
494 718
411 417
45 992
593 1305
370 355
1593 1251
580 216
638 1740
1140 1654
603 189
1556 870
1133 800
640 213
1264 962
271 865
1497 456
687 441
103 420
340 1338
983 1728
803 830
1595 1023
87 1542
722 443
631 1644
1735 713
64 1365
194 1712
519 806
1544 538
903 837
121 1097
455 1085
837 1703
1114 1325
697 131
236 597
911 319
1708 1428
1055 659
1702 846
1314 1724
1023 590
79 767
831 1475
1289 1454
265 374
1410 1600
181 483
867 342
1146 450
502 406
1416 10
768 624
1293 382
258 1305
184 1357
619 232
953 1235
1147 592
1233 1047
145 131
29 10
1184 683
1261 1616
1252 1287
1496 1375
379 435
1125 650
1614 627
979 1055
320 426
467 1005
1537 245
1010 230
818 955
1325 482
50 531
258 1422
622 1
1287 1404
926 1086
90 1548
1170 1620
1364 156
778 815
944 1272
346 1405
920 937
479 204
1439 772
793 671
1380 1280
653 592
1008 178
867 1273
1276 839
950 731
778 1504
1249 1132
515 794
882 755
414 924
170 357
916 285
816 386
792 742
306 928
613 342
1494 1313
467 935
552 532
659 521
813 571
1419 1736
307 1329
1642 1235
745 1183
1170 1293
749 1538
408 1570
66 257
254 168
715 535
1456 1576
596 651
1468 754
1527 237
1309 598
502 1113
773 1550
1443 1517
231 1148
847 885
1344 1042
1166 1665
892 317
801 583
1375 1440
1526 637
306 1649
765 598
1131 889
1414 689
468 728
1427 37
551 886
1337 333
1422 1687
805 1666
1567 489
748 242
778 1237
1338 1348
718 747
897 49
874 945
653 577
129 241
302 1689
645 1616
242 1256
344 1115
781 1585
1427 1248
1459 681
532 159
77 1213
1331 678
1242 599
1614 1070
203 825
922 914
829 347
1227 1007
878 1716
1155 464
1650 1310
456 845
988 1643
755 1661
435 935
300 111
834 843
1225 894
1318 917
987 279
1222 1015
226 1048
503 202
215 14
285 879
274 799
1082 1311
880 1225
1728 78
1122 1316
387 1050
199 360
1429 1014
1167 425
892 1680
1627 831
1499 86
14 233
1591 734
989 194
80 588
299 1174
1444 1196
1744 609
595 1669
600 216
1199 1352
1348 1549
57 1529
307 561
398 839
1606 984
1691 247
1465 1155
750 1487
505 1543
1592 286
388 1229
166 1256
507 926
1398 590
178 924
1148 1261
24 1010
1081 407
239 468
839 1597
1469 1132
874 210
867 1043
326 242
513 506
524 1069
1310 1164
672 1000
664 593
1277 111
172 690
1713 1203
414 281
465 1620
177 380
1515 387
1713 431
90 839
34 561
1516 1268
231 3
479 831
948 1462
115 956
823 395
156 405
1100 605
1680 105
1640 1487
1202 1051
1479 795
1148 1306
319 124
969 1516
1425 1206
990 1114
34 1438
421 372
762 1408
1469 452
719 863
1692 1145
1500 304
814 928
1180 401
710 132
815 1734
597 885
1134 420
564 668
312 1382
1722 1644
505 1251
125 805
682 55
723 471
1471 1682
1320 1445
749 1183
852 262
51 1162
1170 311
459 1156
1476 307
329 595
1506 571
390 350
595 1617
1615 124
1304 1166
1362 300
416 921
180 1535
998 520
381 546
89 1434
354 1591
410 134
1589 1412
1385 1530
1041 1709
1066 126
13 931
702 618
1531 616
738 1681
413 1149
434 484
600 624
1619 1361
781 600
1259 1209
730 570
842 1479
259 1235
973 776
535 816
79 555
138 1380
101 605
886 873
590 1240
1167 36
1325 175
1328 147
383 1046
1546 912
1289 1137
47 976
1355 1057
192 1383
878 1735
1390 755
1180 1211
797 1683
736 75
1503 1454
1616 493
365 129
1301 1439
1103 692
717 1428
1465 122
510 1348
147 349
1034 76
1398 963
891 1731
1673 1379
1567 1740
731 1496
191 605
1579 788
127 360
367 612
1609 1363
1287 623
1026 845
1079 253
1051 1283
449 621
157 785
27 164
863 1016
146 665
989 1132
747 1599
1412 666
549 902
341 222
1471 231
1438 1007
1009 877
1519 21
885 1278
289 617
1185 646
1358 369
1132 1120
306 1482
488 506
731 372
552 508
884 1569
1474 836
1606 1566
1422 1451
266 884
44 1138
1476 852
518 228
321 1444
1086 509
1623 840
522 26
1626 955
758 1355
1127 58
378 923
1735 398
1499 958
1400 165
132 1386
50 218
1661 1317
131 160
1621 1022
1455 734
1523 1685
594 1085
411 1407
1275 640
711 1724
375 976
560 825
805 190
134 983
1036 599
776 462
614 1284
1607 319
306 55
1605 715
1276 546
1637 1600
583 821
388 691
1202 535
194 855
636 1050
699 978
389 323
703 755
298 888
1277 354
1157 482
648 179
270 681
509 506
1661 751
1603 895
492 1191
499 1154
802 81
675 943
246 1618
1277 59
1287 543
1322 746
39 1394
1317 11
278 1192
921 312
676 1519
793 636
1545 1085
1562 1033
460 621
1636 1231
600 718
1609 116
469 861
565 642
776 580
170 539
1513 983
818 1740
1339 18
1269 788
99 633
478 551
370 60
783 526
540 835
645 519
1436 592
330 945
122 1417
1404 190
1056 770
28 67
1688 1666
309 1366
563 533
391 1336
602 1453
1682 1267
1338 942
250 1177
1048 852
1727 729
773 94
1622 1141
1642 614
1494 22
472 831
139 1155
497 1301
510 98
400 746
949 477
693 1015
1321 281
84 702
497 1117
1166 36
1302 1447
596 312
1304 172
1440 1145
1136 1708
1470 1465
1236 923
1630 442
392 505
676 1561
1408 1299
1549 1492
1142 995
1173 827
477 915
1302 1249
1215 319
336 1230
343 1255
182 1550
4 1561
1093 150
275 1164
1053 1517
1140 9
526 801
892 317
768 736
944 1731
1262 194
1007 382
1031 1332
77 1506
695 1232
924 1587
127 667
1322 1269
5 447
1513 619
811 1392
1460 1152
1164 1177
314 439
789 930
48 1428
574 1130
1044 739
357 715
563 1440
1586 549
1037 866
8 688
1652 1435
1508 1023
793 562
569 584
903 1313
474 898
660 618
1056 596
812 1513
648 172
408 1535
16 152
590 1164
1003 658
1010 1557
1331 569
448 705
129 534
663 1536
1689 6
875 1127
221 1521
1565 25
1383 803
1695 72
1076 606
1040 246
925 988
998 1184
642 743
46 1507
927 1005
1672 1183
1616 976
1029 1660
458 1199
599 1073
379 112
1399 673
1041 1646
191 391
1117 253
138 58
468 1171
1371 910
1623 474
693 400
295 761
1163 1364
470 1019
1405 53
938 1486
407 806
967 353
434 1197
1013 1200
1738 1177
604 270
1699 103
963 322
262 1532
1100 877
1612 1259
1680 914
6 798
843 1157
211 390
1089 686
533 1252
1197 835
184 496
1695 400
845 103
848 1658
997 1629
713 806
413 561
84 725
1013 1457
1598 24
1360 1343
991 362
71 469
45 1241
1529 347
1196 890
615 1309
1668 599
513 24
1719 36
245 1523
859 742
1368 651
1650 961
1326 350
1047 974
852 182
1560 703
112 77
430 361
878 1374
1718 1175
953 136
1344 196
1487 938
658 1068
1333 580
186 1426
414 85
916 1017
46 228
157 91
326 654
149 105
347 1160
1445 1736
1065 534
1093 1739
719 1686
941 133
560 1029
939 409
879 1538
762 195
501 380
740 865
1737 1598
241 583
1534 298
1265 1735
516 1132
1687 43
570 70
782 518
1718 1508
1572 418
399 1511
522 1683
1332 1254
491 1664
1058 370
785 827
77 1493
1700 110
116 1667
40 1467
1054 1396
824 815
682 644
878 1355
996 1681
759 1100
906 1274
1037 1492
26 429
88 246
209 403
1511 1521
1343 382
338 251
90 155
581 1224
828 491
125 230
1287 1000
555 782
1707 991
1625 854
341 804
980 691
75 672
849 127
1050 1192
122 1579
27 225
644 602
445 948
1080 980
605 941
1125 1419
1265 1318
1074 594
334 1513
103 804
1456 1100
1716 23
1108 626
556 70
1544 113
1056 1114
740 575
441 284
54 855
1694 1174
298 1690
1447 603
94 957
1137 676
1420 731
829 198
138 884
1658 1274
1192 1328
663 818
1208 55
294 843
9 919
1563 1060
587 488
1668 1698
1707 882
1684 180
1688 1432
324 297
1102 1173
922 1115
1673 231
312 1254
1565 1213
59 1293
752 288
463 1290
316 329
1716 1544
1244 692
56 1012
1579 1380
1495 398
1145 1305
0 410
229 347
710 536
212 1506
318 416
561 446
1077 1343
807 1709
225 34
1699 1421
564 77
505 1355
1140 926
405 321
787 1466
921 853
1466 622
1145 393
1649 191
1043 1480
1014 1355
575 365
1688 965
1422 645
524 127
1630 1704
1466 889
934 903
521 581
455 1048
1426 609
1377 159
1245 5
883 1249
853 77
1202 1115
1152 822
1204 1026
1397 277
510 198
73 620
885 326
929 102
1455 1437
1127 1675
1728 1249
848 332
1334 1586
480 104
1636 579
1656 1251
267 424
1355 1540
1568 1110
601 141
1532 793
964 1464
1698 61
1151 154
1405 1525
1577 901
1376 449
686 595
1 714
1166 128
1119 738
965 1298
241 1114
183 1480
431 1252
751 1141
851 1470
1219 993
701 1198
1176 729
1145 608
376 1109
932 1185
1151 862
16 1096
1546 1640
1427 1576
938 201
1664 1191
473 1675
1294 869
1674 368
625 438
429 731
1201 1703
1396 867
1064 93
625 128
1496 211
482 1232
619 225
188 1084
1553 227
416 29
748 120
1569 1604
1317 1038
1632 359
1511 413
989 1310
885 1225
1487 1310
627 1675
217 534
966 967
637 483
544 1463
580 1099
796 717
214 298
506 391
811 51
389 1297
74 554
223 404
1088 495
733 453
1643 943
521 1353
14 1301
1350 284
566 499
933 1125
315 780
1252 1127
60 869
97 188
1431 810
879 968
1613 1381
1442 171
1437 185
1080 689
1546 205
1633 667
1710 398
685 1231
349 1430
1242 47
1386 1586
493 684
701 830
832 559
1510 1221
348 216
952 1535
513 505
60 692
181 1228
1207 1107
1337 1624
328 1175
92 1329
287 1375
1148 1669
1188 1599
1004 1534
1487 1449
252 141
193 551
430 1555
814 1061
1607 526
68 1064
1433 19
1699 1348
1274 876
1708 688
1500 1151
526 1338
1140 279
1023 66
428 1537
208 119
1325 1178
484 591
307 10
273 779
1192 271
714 84
73 422
363 1171
1061 1461
830 576
320 1593
417 1564
672 220
1535 44
950 679
1427 1029
122 528
1037 1257
328 578
711 306
10 679
960 1031
857 760
975 856
560 621
1030 320
1537 131
1533 359
714 1418
224 133
935 1301
1388 412
1691 1496
1415 896
561 1272
1349 1200
1424 1206
570 1485
203 1057
1213 682
1442 1213
1039 748
540 782
800 1710
792 1036
674 1008
735 870
1462 586
1570 339
780 362
1655 37
94 737
565 1594
731 1052
1375 163
728 526
1121 37
6 1478
912 712
974 1530
1234 866
830 254
817 330
1661 1657
90 86
567 1532
774 357
1725 73
541 262
937 310
151 68
429 433
748 760
1585 1295
196 1721
1072 988
1410 762
1214 684
1110 830
1041 1170
582 1056
1128 44
1481 1486
984 547
1673 1214
1650 75
646 974
1289 779
1422 1676
1619 1148
1037 211
137 666
0 1659
887 221
447 1132
1637 48
1564 465
552 930
840 1451
1530 891
1629 742
1140 381
100 1143
527 410
1314 1076
613 180
1062 563
1129 1567
1400 668
618 321
58 1536
688 188
398 1679
968 304
140 871
759 784
238 183
1525 89
405 1669
1045 2
881 736
501 953
121 776
1690 1634
737 984
187 238
1505 47
1544 1618
1128 1081
1395 555
828 1628
1052 938
54 287
957 1153
32 1290
411 1505
1047 349
700 1648
0 1188
1542 502
1174 110
782 403
1625 1071
1236 363
383 1221
875 452
400 734
1491 1519
1425 1376
1048 1493
1248 1677
1625 703
1335 128
424 1039
1583 1384
562 479
1114 629
1025 1607
459 1673
1735 1264
173 216
1259 1061
1578 509
1404 1300
1251 271
1035 1557
581 1182
1433 976
798 979
1037 990
60 1233
971 231
1372 927
206 387
1019 679
266 867
821 484
1123 432
957 1417
289 964
980 1704
382 1458
1378 1585
1423 258
965 236
1052 534
1327 232
528 1546
118 987
1699 244
167 370
1046 1098
1438 419
1512 75
1428 919
765 293
1610 1399
55 135
1258 1072
180 1468
1640 169
165 1010
1636 420
669 207
186 343
1572 877
683 510
987 848
925 1138
410 613
480 1367
407 785
1717 494
605 968
422 1606
199 1342
347 1559
461 1227
544 122
1449 1067
467 1429
1586 1695
512 1525
1050 1241
411 28
1246 1202
980 773
1361 915
677 1221
230 1219
287 198
1614 21
387 591
1029 1172
1137 1291
1643 421
590 1495
1700 770
1199 1085
894 1105
1641 1388
329 1061
266 777
286 972
1469 78
371 1141
1088 985
1279 861
1673 896
941 386
92 1142
964 1563
1660 1669
1309 227
742 221
482 1374
84 1286
1417 1481
1382 1161
1508 907
839 777
665 1482
1320 1175
1031 916
775 470
1552 1101
201 544
1068 81
178 914
920 1619
1590 293
293 197
786 132
446 568
962 969
1537 727
340 91
818 394
167 51
533 1558
1721 114
397 1376
670 346
839 1598
1220 566
1447 565
1145 890
873 659
656 946
1053 1290
459 564
964 1111
1470 293
1346 1067
449 1378
767 85
1146 865
1445 1676
632 614
1532 1276
1707 561
1285 456
1597 957
304 1515
1066 857
435 385
1439 1233
704 1272
173 1207
57 911
75 13
1626 42
443 590
184 1589
1400 88
565 411
60 797
554 329
717 78
1078 1619
134 699
406 16
575 563
817 182
912 1646
440 918
1336 561
711 1353
245 998
1221 1471
1081 1131
4 810
99 1070
641 75
289 1733
239 1516
1445 316
1245 493
20 668
877 800
1367 1477
1471 1624
1262 1549
72 310
1630 154
871 914
491 624
1732 208
38 293
883 500
460 622
1084 308
591 216
998 1091
990 318
38 988
1228 1143
501 591
837 1175
1190 778
918 890
849 150
922 1449
294 147
156 126
1441 1454
530 1221
1417 311
1176 799
1478 1056
566 99
1171 122
575 1088
1242 216
842 1607
406 195
570 1287
61 1406
1018 502
206 1130
1015 1616
1654 72
926 359
1625 239
1573 686
259 1043
454 1441
1395 951
540 823
1592 1169
548 121
665 1358
902 1542
90 1461
655 3
1281 803
591 1220
68 1420
171 826
1028 486
264 15
1670 1459
696 89
661 275
681 1281
849 261
146 1289
295 60
1560 1541
871 1139
243 1594
1442 452
1271 437
1298 42
30 1469
1178 204
1734 190
319 123
585 1743
408 1559
907 1152
1069 703
1187 379
1590 66
1552 236
264 814
1727 992
811 90
915 1060
1450 814
568 1341
1042 795
1569 23
1126 807
1254 589
1278 509
124 1506
621 1574
1739 225
613 401
979 1116
430 774
81 1482
343 552
467 157
1013 1147
875 327
983 1403
821 756
628 760
1603 911
756 846
305 1645
685 1173
1000 353
334 1469
1342 577
1112 508
527 375
1553 241
1684 1261
22 865
1590 536
1114 770
247 305
831 1723
380 442
1018 675
383 888
802 1119
968 692
784 140
445 761
46 1012
1280 339
775 1373
122 846
336 1731
395 1002
1520 1488
1545 155
640 1047
388 850
754 197
478 757
1496 762
313 1169
1373 24
1588 128
987 1072
1204 1113
1017 1676
133 455
1222 1745
1144 965
13 117
682 1074
937 1666
1604 1388
978 1369
498 67
1461 422
943 1130
452 1259
336 321
605 817
550 546
543 1112
1582 494
577 771
1335 438
298 780
492 263
49 840
1051 0
1532 752
438 1681
841 559
832 1081
800 1563
1454 555
442 1539
178 855
1496 955
1435 1374
1328 403
461 1704
1440 1054
532 1531
792 1414
500 546
922 409
1002 1743
827 60
412 1026
1076 1508
1059 1350
868 729
118 245
1157 433
1370 1184
5 730
444 530
346 1316
25 233
821 1040
289 495
1640 773
318 1153
915 36
1643 78
256 1629
1056 1631
1445 332
395 43
700 479
723 866
334 405
717 972
415 943
1261 1324
1184 1368
842 485
1263 1641
889 1529
792 157
144 982
63 1124
184 1477
492 405
1224 171
1292 55
1587 1449
656 867
751 199
998 942
593 619
241 613
839 595
1652 377
387 419
1032 1476
897 1235
1214 830
864 1145
310 1477
763 542
524 1724
840 731
1674 939
197 899
1655 1469
1039 1224
1735 1426
1245 1451
12 1128
101 508
1319 754
334 295
463 833
1503 1293
77 1025
700 131
756 231
810 779
1644 566
913 1505
1574 1518
570 828
490 1715
1491 173
532 1612
980 1096
84 459
80 1069
655 1708
1381 364
723 1159
200 1040
726 1220
797 286
540 1680
112 1247
431 1310
267 1490
63 461
1721 88
810 481
1264 836
1019 1637
1419 1721
238 1736
1706 165
692 1693
139 382
1584 1474
1360 1009
334 519
453 897
338 1233
1451 1045
764 975
1458 539
1608 484
237 1145
1669 1257
278 1377
1670 1237
1321 1483
978 992
1744 1082
419 1349
1339 1670
825 1190
448 1526
250 603
210 1460
1084 100
1459 486
1358 1562
1016 1037
1342 130
1136 1045
1081 516
388 796
398 850
41 993
299 1579
689 200
879 1481
957 1217
376 1076
1715 1339
1216 1159
184 614
375 772
169 1281
1277 967
778 908
1449 978
1408 144
461 280
1484 392
1396 579
1316 528
4 609
262 71
1744 342
1463 1716
811 1710
215 853
1352 8
414 768
514 1680
593 1369
1430 1727
1053 1399
559 382
1619 492
910 185
1529 1167
146 1249
252 1518
1312 145
1108 790
287 1686
592 887
355 332
53 84
516 510
1574 1336
261 1735
457 1627
132 677
311 1665
251 869
409 67
10 932
1390 1704
364 1462
811 434
588 380
1229 826
1565 13
249 1712
1672 218
912 1160
1073 968
496 1271
1543 145
1428 3
42 510
924 909
1177 887
1100 1184
691 1053
838 94
1578 241
652 100
1721 1015
100 1126
1569 771
1653 1598
276 4
1405 1478
1361 696
879 961
750 1188
505 1446
1182 422
964 1353
559 86
1588 6
526 599
1582 1474
287 216
626 188
1030 1374
1683 721
366 1074
374 1571
832 1447
7 1733
1466 1408
147 607
1469 1343
155 1293
833 204
697 1314
440 97
843 148
1077 1098
321 1523
1125 444
428 695
1527 457
604 1091
1106 178
937 579
1086 102
1709 633
758 1305
679 147
686 484
1733 175
1585 80
92 1177
42 910
707 1380
359 251
1611 1741
906 1093
666 174
985 525
1099 524
1 1429
400 783
1501 1177
1046 1377
770 530
867 272
1110 197
1224 1051
163 943
1709 1245
750 989
262 438
1299 47
1554 371
442 127
1040 429
685 469
23 1016
1617 1552
710 1626
1231 879
1514 523
1269 1370
1440 928
910 0
1655 437
1532 357
737 248
394 1248
860 1519
978 297
1501 1392
1177 138
461 1322
143 863
1047 491
187 536
1208 1362
1127 1354
446 177
1407 1692
835 1070
1671 129
1636 1059
1183 968
459 157
213 763
1564 645
975 483
1189 297
549 345
996 169
823 999
1496 140
1400 395
682 1268
149 1672
1317 753
1571 460
1013 1743
310 993
753 93
1326 968
1166 33
94 1116
1338 425
464 440
1575 1122
103 550
1100 69
496 913
834 622
1579 201
553 1669
1071 1062
309 1013
970 594
1288 1394
1124 1589
324 405
403 729
604 858
1402 8
445 1085
1175 1027
1603 1595
1202 1607
1020 170
276 298
1257 1094
1743 884
1689 1612
1254 231
640 319
1670 842
128 427
670 1684
1161 1216
584 359
374 395
1015 641
274 959
1537 633
536 249
474 440
1189 811
976 38
873 984
147 998
179 447
1123 121
1294 78
1155 1036
1600 53
667 706
255 1615
1239 994
368 1135
207 89
1249 400
1574 361
1089 1548
1340 506
1432 1582
631 73
1468 1304
1432 135
1574 1531
725 492
865 344
1729 1542
1425 997
454 1517
764 1439
843 526
777 914
888 404
29 1594
1041 1192
1234 1588
1568 1339
501 772
1520 1139
860 386
138 988
1522 809
196 1353
694 1159
829 358
44 1651
1486 450
1261 1121
1096 583
148 228
336 246
881 484
198 821
1040 1004
1481 935
13 1338
1073 1579
807 1335
1658 1660
980 340
1197 701
10 1142
1103 1307
1096 1277
1361 888
1444 868
1563 740
1323 857
1080 1354
863 1711
1389 96
1697 1206
575 1522
1174 1138
48 432
171 999
745 1344
293 867
1666 1701
1484 1526
1264 1063
1188 1089
1497 161
921 1490
1338 196
1667 1534
24 1203
230 45
246 333
1059 1381
209 627
500 949
1166 1161
81 1312
708 1034
936 915
934 1001
1536 299
1558 1306
609 418
1564 1008
1334 881
334 185
316 1510
1668 1333
1619 71
1181 1060
995 881
323 258
124 55
1028 877
101 1491
83 77
1577 758
972 1639
503 642
1460 1409
600 1231
657 453
394 579
716 650
945 1280
1409 1564
840 1146
520 46
617 415
895 1532
1244 1363
1351 1172
599 1077
1426 1374
1446 1060
263 1358
165 719
1496 236
1277 533
401 317
673 1178
517 659
25 512
929 265
5 69
1163 461
722 1336
1208 1255
988 592
971 341
243 649
133 1062
619 197
38 311
397 341
209 604
1304 207
897 566
278 325
524 1188
1687 1108
175 1428
1043 333
890 1462
1377 631
11 276
714 834
1422 1262
1679 1724
961 396
1553 1581
781 385
1163 1606
1535 592
1441 566
598 1267
876 590
593 1099
1087 1527
157 642
403 1138
52 88
327 689
1150 525
100 1009
1223 260
1570 1683
1072 477
1069 781
63 556
134 1737
906 1312
635 1
1216 378
498 1584
986 14
461 945
1268 278
1120 908
15 1678
163 54
687 643
1684 1562
1673 884
1275 669
911 934
58 853
255 689
1335 668
686 1161
1087 759
1100 42
1173 1389
1346 784
1388 1353
1359 120
432 51
1237 901
414 148
638 801
999 109
1670 346
1037 1449
1543 424
486 266
743 385
1509 285
1644 2
261 48
219 665
1024 757
1292 299
1092 1452
692 493
1696 435
1266 495
471 558
367 460
168 65
958 1320
941 573
1228 1477
1329 1662
197 478
556 1698
1259 1533
694 198
1527 999
67 878
136 1
1226 327
698 387
1205 1309
732 125
341 1615
1038 369
695 729
705 287
1675 741
1223 662
1684 1257
746 11
1429 1239
1652 428
953 539
937 629
754 759
573 1383
617 94
890 1260
1258 1695
942 1596
527 1390
439 880
944 482
1483 533
573 1121
532 1691
1541 412
1190 1412
1103 437
176 150
896 1014
1636 1288
214 1710
396 1261
952 400
672 1639
984 627
226 427
1406 371
6 124
1372 764
1059 1647
1697 313
603 579
896 812
280 1071
634 998
1719 582
1671 1309
996 543
177 1142
71 389
1418 1592
303 16
977 1565
1370 604
313 404
309 871
552 1229
881 335
273 893
237 1251
974 1694
1387 373
1284 490
344 276
785 1252
1674 1241
816 969
1481 596
279 673
1686 1461
108 1663
983 295
921 56
349 765
17 120
1108 536
623 86
1525 1668
1696 1653
366 881
642 1634
472 371
1011 453
115 522
1180 1674
1443 1709
954 1464
1418 1007
1080 677
1215 1176
350 133
1368 1099
253 1552
197 257
0 1720
833 143
510 487
87 1070
1152 1639
1564 292
888 1448
354 797
1639 1098
1409 1198
644 1733
444 474
727 1000
631 817
251 1345
1408 586
693 340
1186 1008
1699 485
1622 433
965 1727
1258 822
1129 1305
97 828
1338 97
1042 870
75 978
1600 1125
609 204
977 106
213 158
1633 1621
505 532
1520 813
1654 1296
1415 32
1334 1528
1551 778
97 1636
1147 1199
417 218
177 559
266 286
656 1649
1022 1219
694 1500
945 1042
1607 67
326 1701
1272 580
320 1397
737 1405
305 421
1320 635
400 1389
1680 1381
761 383
318 1521
1282 472
517 837
648 1267
1284 363
1718 1733
169 1206
900 1095
847 789
1317 280
612 315
1681 719
290 1211
702 1046
1513 1535
1718 1525
1511 984
1707 728
1085 1340
385 1446
1206 1156
1291 548
874 957
856 1464
392 537
229 226
1619 388
676 336
1056 1420
894 6
1509 673
196 821
217 523
121 605
1026 104
387 1000
1643 127
245 1688
1495 591
718 443
1100 600
392 107
1732 1742
1279 572
1570 551
1579 1498
707 648
986 559
290 105
664 948
1037 372
876 1532
654 1241
106 1256
339 309
877 462
1468 547
1598 1302
291 1011
9 879
1007 129
619 149
843 854
1720 197
1245 97
1268 1461
677 1640
1073 683
845 54
1328 997
1581 1387
134 1698
1278 881
554 83
37 1011
244 431
1167 713
739 254
320 1109
454 439
956 757
630 1442
1146 127
263 1456
1213 1499
1745 962
319 1608
432 1541
8 434
1376 65
1130 965
501 473
255 1715
1155 532
886 1015
959 805
1373 1483
312 216
196 74
496 285
1465 254
589 446
646 350
296 391
90 1041
1474 1727
129 953
624 658
205 1500
1224 191
963 773
954 1666
1078 1657
913 1007
1007 1730
296 811
125 1428
1514 1570
1215 170
1643 756
1212 1567
115 1492
68 103
1317 998
1241 885
112 1103
503 1280
727 1588
1341 494
33 601
1284 1154
1328 1500
332 1558
1331 319
822 1713
348 1641
1096 762
1542 1513
1101 813
1186 1594
1592 24
1260 934
837 582
391 877
970 1330
1292 113
356 1559
179 282
379 1615
915 678
1236 470
111 1533
1248 859
1020 480
393 859
1302 206
229 846
179 1455
734 1202
589 641
417 1147
81 180
873 1251
140 1381
1473 649
778 1419
1167 1719
1468 488
93 823
706 43
1067 1247
188 697
830 749
1098 1357
555 573
1530 920
255 1215
581 122
76 575
612 1019
418 1707
1036 1418
1302 1104
280 211
1049 350
680 1194
594 1408
1600 298
454 1252
1370 28
830 990
794 1313
444 844
1233 14
346 1642
631 1129
729 1196
772 570
1347 852
1239 960
1004 1463
1223 1070
1348 112
1477 1178
28 481
907 1025
1602 1021
1292 1696
535 1223
55 1037
1361 908
723 558
1124 32
1054 972
1361 977
1630 923
541 1517
1421 1202
1154 1044
1399 337
251 836
1244 721
1120 654
440 1651
683 169
1527 413
1386 1461
153 1114
519 1577
121 1007
785 467
1620 457
1217 961
1027 1131
464 1018
42 1486
1596 153
869 286
787 1009
502 100
5 1739
1128 1516
862 449
181 1339
810 237
1521 1172
462 887
675 805
461 311
1083 333
576 244
1614 488
336 705
174 1443
846 1359
1412 1442
372 792
187 304
755 121
1615 205
928 416
1318 1485
1050 790
1427 904
1127 966
1641 1387
512 220
1632 236
937 1359
1619 107
1164 1495
19 1399
904 733
1398 434
967 1541
1279 1540
1177 293
1538 1388
583 1152
1651 875
736 607
1282 1647
998 1111
1453 1565
778 222
203 429
235 985
1679 523
298 129
1606 1204
960 1345
340 1045
352 1507
2 635
336 1654
799 719
700 1365
1600 424
1709 896
249 690
625 394
1729 41
736 743
425 194
1524 9
1163 1388
1656 231
1640 1143
784 1289
688 37
174 819
417 750
324 107
223 1218
606 668
470 1537
320 284
1163 969
1491 179
291 928
1121 1718
857 826
953 203
741 1214
832 642
228 1369
743 154
362 1388
1077 1448
888 149
1528 765
45 1240
1168 96
180 129
583 1475
252 837
1166 1513
1201 49
600 1562
694 117
834 772
985 881
809 84
1521 920
355 985
204 1448
310 1390
1103 389
286 1299
1139 916
1433 1723
17 548
1479 58
801 771
1390 1098
471 23
1062 1365
1556 727
236 722
1331 765
308 647
748 427
1388 1176
45 60
1068 1457
1086 240
1304 1429
1139 1726
1463 217
926 1428
402 208
70 1173
266 315
916 495
1549 960
85 1407
160 1683
1462 1550
93 833
53 632
1669 266
1619 167
1218 7
1618 1424
231 901
1708 379
767 1067
663 688
1139 1699
1696 1185
1381 1589
539 1397
1179 1159
1057 295
207 1153
1377 667
166 466
1139 1314
1339 488
108 472
382 1231
1626 418
77 500
1150 542
177 164
178 160
1725 1377
304 1506
1522 932
317 1270
882 1146
1016 1617
466 810
494 1728
1519 627
73 1228
545 199
676 1605
1392 393
257 1193
417 380
142 897
942 522
485 513
1491 1236
1364 386
1582 131
1464 1472
341 1595
1124 163
1580 1144
1144 1405
191 805
1629 297
842 841
65 1268
1565 963
1216 272
966 1743
999 1499
1159 1458
14 234
1582 1223
207 1177
841 150
401 980
566 372
244 1628
41 68
1196 237
183 1401
431 906
493 1374
836 639
1472 682
207 1463
1057 478
687 39
556 1716
1066 36
10 1423
361 1425
1031 669
1478 286
1603 1406
359 1104
1263 1205
17 846
873 781
1709 1175
1520 1177
458 282
1630 1249
1342 326
1381 130
1684 69
1466 1400
1058 418
1444 1243
112 179
445 1098
1470 482
756 1229
685 807
959 1108
654 1470
322 1381
1351 744
156 418
336 375
579 913
298 263
465 704
770 1193
1173 1642
1608 1540
170 1274
354 1191
1675 1702
126 196
887 835
229 1166
284 380
1257 1209
702 1716
172 413
1048 1534
1693 313
1353 1406
299 619
248 711
274 1382
317 859
607 1172
333 753
504 794
1492 1601
751 1428
1485 1385
84 689
827 895
1093 1706
944 1263
1562 1333
1054 776
121 781
1689 0
495 1477
1433 1363
74 1537
1195 1582
136 1553
559 674
1443 717
1151 1422
806 1050
1031 307
738 1301
497 380
1477 1150
1736 695
984 753
572 931
1103 225
1337 1643
161 569
1341 1418
1468 1676
1732 1672
1651 271
1040 911
1482 1258
1167 1557
546 712
326 457
1659 1606
131 1677
142 173
722 246
1326 1668
1386 1186
1209 1112
1076 641
201 333
345 459
739 1549
267 1336
79 744
1312 924
1021 377
1193 91
864 1592
356 1685
907 940
776 855
591 1606
571 289
173 379
1055 170
1673 811
276 1413
665 1023
806 41
1196 1415
794 157
262 832
776 1408
93 830
1121 1070
622 626
848 1401
123 1499
1573 202
1662 862
1135 1417
835 826
601 1258
1107 537
379 963
758 1670
1473 1426
458 719
1599 654
1109 770
958 3
808 1482
1273 498
1275 52
1266 1116
1723 1006
1127 399
1110 1011
986 807
1486 814
1289 1316
874 684
1587 196
1616 693
629 615
525 1507
1538 1361
557 946
1594 1507
685 1523
598 394
1727 722
742 535
1433 1557
516 521
550 596
1583 1140
123 786
554 1116
1250 389
747 1494
578 34
919 1307
957 1281
1525 1654
786 1039
652 1363
1591 710
1336 1067
578 516
20 1420
214 1031
1214 269
582 605
42 567
913 1498
1525 1365
500 42
477 1268
1646 920
32 846
1127 822
1676 379
1208 856
1373 757
1599 1732
297 1123
1559 1494
1429 1685
621 215
271 441
1705 676
317 1261
907 1141
1079 1494
460 584
442 1702
1228 926
1493 329
661 1543
1451 1157
290 174
1516 600
1542 1006
651 973
671 645
1029 1502
939 574
1086 250
8 496
1019 719
86 719
1439 485
670 1247
1212 507
357 1264
244 997
1407 804
651 1004
245 587
1660 747
1515 1064
222 1288
1158 1066
930 114
1536 253
177 354
19 833
879 252
1521 686
544 739
1615 1068
1031 969
113 277
968 1415
1316 219
77 883
1350 1187
1211 1560
786 1318
471 1722
1056 1028
627 1717
25 660
1120 881
1463 1145
473 61
1046 264
701 342
272 623
891 818
1646 1206
416 1429
410 1541
43 574
1102 351
528 970
311 1358
1721 1209
1646 328
985 111
635 257
1512 521
1397 857
692 1233
1181 1582
249 1165
1583 84
1490 1116
1183 1461
1069 317
862 183
1549 424
817 1057
118 683
869 751
303 894
955 1531
124 1689
477 1465
537 793
720 721
1396 593
1415 1516
136 235
416 1479
361 701
952 1132
899 233
1208 1068
131 1503
994 437
1527 758
1197 235
282 750
113 1020
1357 404
1085 52
309 1517
1709 1480
72 711
755 1404
646 1079
1683 281
705 1688
1737 1318
1482 951
304 820
1488 42
422 1218
1186 1631
1176 649
1367 218
97 1061
1231 1343
497 239
1675 1028
1264 1479
1199 68
873 259
1742 1353
1167 93
1138 1372
105 862
921 854
1704 1480
969 1108
1268 485
439 1723
966 906
1355 847
748 286
771 447
1154 1275
428 391
371 729
427 188
395 225
442 1455
1402 1053
1314 1542
1239 1106
1004 499
43 708
1545 1011
108 589
1488 393
996 1732
535 603
1008 1223
1038 20
1731 1594
328 1594
1691 803
68 114
901 1166
1146 1347
303 1510
14 687
1306 65
1623 1102
1451 658
1416 944
1383 563
1218 1186
361 1188
1494 1621
654 740
36 1461
1015 937
571 68
163 1436
1129 1162
1722 1721
1652 936
1671 293
817 306
932 414
833 8
1589 11
306 252
1219 1463
896 1521
324 1561
1371 204
283 397
1005 418
1148 8
1295 1638
1253 777
1454 1357
770 1373
394 1072
895 79
519 1036
341 754
44 1666
950 972
1346 216
1658 274
20 6
568 1325
737 866
1617 1424
1344 416
1083 767
6 219
1304 1044
936 277
67 1356
99 662
1079 841
94 604
1532 886
759 756
303 1222
1693 1342
592 706
486 259
207 997
583 1136
125 1686
283 1409
739 62
641 795
131 1462
1667 530
716 982
186 844
46 11
111 238
1455 717
1683 1346
248 807
1205 1269
1156 642
505 831
107 1575
1162 121
1536 847
1480 1274
1687 1596
560 1113
1138 1436
1428 286
1148 1707
1292 720
1670 1194
581 1
1358 1591
1050 328
1721 499
1321 1170
1040 1255
1080 1413
1622 1042
1276 1398
760 1697
921 651
318 1456
1443 444
1487 1525
396 1396
537 1520
205 1655
1225 1139
1430 603
493 54
671 865
756 250
399 1318
1278 237
591 7
527 1620
556 587
376 77
1583 899
1475 1203
542 322
1738 756
430 1206
471 54
610 1542
1453 928
507 1575
456 1725
1716 1192
1368 1111
697 139
587 229
159 133
287 1020
437 178
197 1707
1164 654
1631 1679
883 34
337 986
1539 335
1392 1479
1044 817
1685 1080
257 749
152 1057
1292 1255
54 719
614 780
794 518
368 1015
589 997
1491 566
1592 3
1630 1398
783 35
289 341
978 1728
194 1450
472 1689
871 818
1322 28
154 626
808 495
1176 144
1122 1620
679 646
702 302
894 931
128 657
1153 628
6 392
306 470
1686 1554
609 70
89 1239
1289 312
1127 1738
1377 1460
685 1181
990 471
77 473
103 1099
793 1594
1735 406
27 1456
388 131
1608 1591
667 1388
467 359
657 1154
1717 1404
1196 1056
183 150
708 294
1351 1618
141 1303
23 320
206 606
338 870
321 106
717 474
980 600
1290 817
1184 1274
0 933
611 341
0 718
251 1425
1184 291
1138 971
1466 1204
1317 1233
938 583
1487 883
897 90
1403 151
1240 1233
675 1216
1215 187
1550 284
1457 142
1470 719
369 1575
1712 94
1546 738
999 1475
1199 766
819 41
1302 571
1681 490
1251 1428
592 568
329 969
20 1156
882 1674
521 1594
903 1249
664 1584
1386 1462
1710 1535
111 1713
167 632
1004 243
157 687
1710 575
1033 674
1185 365
473 1167
968 816
345 105
954 366
1413 1657
1161 1616
1707 513
239 1186
345 1177
1111 509
536 1552
1249 520
128 1617
915 818
771 1103
561 1068
641 7
1436 1621
161 269
443 1084
588 1100
253 1609
190 1609
622 1577
963 42
1384 515
733 1364
1053 116
1630 489
1168 1694
1099 193
758 1364
562 714
929 1244
1128 11
139 1017
603 256
134 72
1417 888
1644 323
873 505
1396 1215
496 639
577 1405
1288 241
138 475
481 510
87 855
1351 1514
1227 520
751 237
99 1631
171 1717
575 615
640 1209
1142 1683
1031 981
580 1469
1690 1658
371 110
1571 1220
986 1659
238 483
865 707
1372 1711
1431 1580
1025 1530
726 238
475 564
402 1259
1666 684
339 197
478 507
584 1326
1442 1247
571 1197
1657 1324
574 888
1126 1460
1295 1497
2 616
208 714
833 316
1624 99
574 546
870 1375
969 494
1725 196
736 166
1496 201
638 1393
701 817
870 769
785 274
1411 781
873 1725
453 938
113 268
975 205
288 200
1446 920
140 669
781 637
1242 1422
535 1199
255 426
1071 898
188 646
953 1457
1344 1673
304 510
691 373
702 166
670 500
509 1628
1700 320
1385 1312
615 1009
1380 864
1412 447
107 1135
1634 256
818 1454
984 376
1004 944
1665 545
400 425
254 265
558 1535
383 1616
1202 551
972 182
1327 1698
231 452
880 1729
861 406
1463 1339
1034 1225
1724 934
577 972
1639 1234
397 668
1392 1114
678 261
324 1323
816 329
7 842
696 280
1019 118
449 1712
505 1418
1702 1254
584 1696
981 797
877 1114
1027 1317
1620 1140
903 749
162 1465
1086 964
71 542
1707 1447
148 245
1497 1530
1656 873
935 1545
1283 1187
728 300
898 1029
339 431
1274 695
1528 1265
51 240
577 304
273 666
1207 734
726 989
1429 309
607 216
337 1254
1399 556
352 1171
42 1741
889 257
1532 1345
456 539
849 919
801 1451
158 1000
927 1585
413 385
179 1415
569 1435
1132 1545
574 802
1236 395
1188 1153
298 1737
652 1156
1205 1648
777 427
718 1536
1311 133
1392 967
515 1670
95 1578
432 917
1646 1438
401 1394
1457 1381
143 355
1003 1713
307 197
254 854
1655 943
1048 1534
577 598
1232 248
502 259
866 1058
762 1529
1096 18
119 927
144 1369
102 1037
1566 132
1447 758
608 163
1277 461
419 356
296 544
1677 1234
27 1554
1305 1601
999 673
430 860
1627 491
981 1460
1263 840
1610 954
412 263
162 547
226 276
1668 531
1675 729
583 1250
947 1104
1477 1397
288 125
39 1183
830 63
572 900
600 363
143 549
426 990
1730 375
212 497
1538 76
1732 207
2 86
1507 1561
1095 999
1740 710
795 704
1492 1446
1120 557
1465 1438
1250 1192
102 320
853 1511
997 1344
1714 634
457 215
445 777
188 1649
1400 1510
544 1176
1638 464
1063 1430
1299 1009
1490 576
226 126
1423 793
1078 969
54 417
131 1542
1290 1074
1000 1455
9 380
1056 1714
25 475
1495 445
698 575
521 667
579 160
1727 171
1624 1660
18 549
93 1120
123 147
939 506
972 447
752 789
929 366
1619 844
1346 973
293 751
139 1347
799 482
663 309
1199 795
1040 261
151 867
292 1535
985 1118
1405 250
502 1513
1237 133
969 619
695 114
551 1208
1606 738
1690 855
1194 1128
962 473
672 160
145 1619
1163 1733
419 1655
1672 941
961 249
1341 1344
434 1114
38 974
424 155
858 577
499 1673
965 839
458 87
524 651
1699 826
1138 228
469 323
802 1602
265 1436
450 1675
510 150
1091 1183
240 461
654 897
217 1704
916 773
801 42
223 1223
14 1071
804 1431
79 701
848 1448
1014 1507
60 715
268 996
165 1324
731 116
671 1579
1541 803
241 1056
1240 510
593 1266
645 1666
1738 87
446 1621
831 468
637 1233
845 1284
1144 1553
10 1372
1537 1463
1670 239
943 483
1692 1634
1262 1485
1394 1175
1224 400
201 1702
902 811
458 1197
50 1074
919 703
1571 760
550 1250
1654 959
1356 1242
146 900
450 1712
1114 1526
409 1285
1517 1077
652 664
1349 1105
817 120
706 508
580 1394
347 480
1444 86
1492 1558
1285 1278
1455 1463
1303 795
205 1391
1195 11
1214 716
999 881
1406 371
1178 1474
292 1352
1044 884
1391 1697
1604 892
1470 1269
1252 675
1493 55
963 610
616 1165
969 369
1139 786
1630 1042
494 517
240 180
953 1282
479 1463
1183 1698
81 775
4 870
1253 83
105 1089
289 1140
1445 1151
541 1288
1576 171
307 875
1605 1226
775 1223
160 1440
1518 1437
128 1318
1278 1424
750 821
1120 1536
895 340
1425 260
240 1091
1482 532
795 1342
1102 318
1567 708
148 1720
1250 986
1116 1597
64 4
934 858
1605 228
1290 1124
204 1088
495 1086
1449 141
795 830
873 204
1395 1490
1470 1242
422 201
348 1187
430 677
1596 712
1000 19
1166 1732
405 966
1286 1724
408 926
366 1424
1177 129
438 1153
427 76
1102 281
1487 158
450 292
1290 333
362 1072
78 147
1265 144
820 130
1007 248
1421 1679
779 1631
1098 1342
576 272
701 826
373 733
45 714
1295 641
958 191
395 1727
565 1328
1567 507
142 274
1725 1610
1455 1162
1362 1552
70 901
1593 1484
675 28
355 1067
1704 294
1346 1183
1252 823
331 1042
454 446
1402 548
687 261
312 61
458 440
1347 1247
1001 974
501 1139
423 544
1373 1704
67 1275
1644 615
1283 362
1604 236
1409 261
533 1150
254 866
1173 84
1198 692
1416 832
1643 467
3 1696
637 1027
1680 1366
1595 1573
1186 408
1277 502
1696 1260
741 980
729 79
28 402
1197 1020
735 1510
860 1164
262 724
1437 387
196 52
925 61
877 1476
1721 1392
730 1160
1161 691
306 1201
203 236
1405 1671
1663 197
820 965
1703 667
590 1343
373 857
1591 134
130 1414
476 697
829 1482
362 1739
1689 1179
948 1449
300 935
1108 1667
1097 481
208 1378
458 1462
1135 664
1670 1593
701 1367
1193 1082
1022 1030
312 229
