0 7 0
1 121 1
1 131 1
1 163 1
121 7 0
163 7 1
3 7 1
4 7 1
6 14 1
6 35 1
14 7 1
8 7 1
10 2 0
10 7 1
10 104 1
10 171 1
10 36 0
10 46 0
104 7 1
12 7 0
13 7 0
15 7 1
16 7 1
17 7 1
18 7 1
19 7 0
20 7 0
22 7 1
23 7 1
24 7 1
27 7 1
30 166 0
166 7 1
31 7 0
31 46 1
31 91 1
31 36 1
31 128 0
31 0 1
31 104 1
31 106 0
32 7 1
33 7 1
34 123 1
123 7 1
37 7 1
38 7 1
39 41 1
39 86 1
41 7 1
86 130 0
40 7 1
42 7 1
43 7 0
43 71 0
43 134 1
71 7 1
44 106 1
106 7 1
47 98 1
47 170 1
98 7 1
48 7 1
48 60 1
48 128 0
48 2 1
48 0 1
48 91 1
48 46 1
49 115 1
49 140 1
140 7 1
50 7 1
51 7 1
52 7 1
52 36 1
52 171 1
52 2 0
52 0 1
52 175 1
52 104 1
52 46 0
52 128 1
52 91 1
171 7 1
54 7 0
54 106 1
54 60 1
54 0 1
54 46 1
55 7 1
55 106 1
55 60 1
55 0 1
55 46 0
56 7 1
58 7 1
59 7 0
61 7 1
63 7 1
64 7 1
64 60 1
64 128 1
64 2 1
64 0 1
64 91 1
64 46 1
65 7 1
65 143 1
65 174 1
143 7 1
67 7 1
70 7 1
70 46 1
70 91 1
70 36 1
70 128 1
70 0 0
70 104 1
70 106 1
72 7 1
73 7 1
74 7 1
75 7 1
75 95 1
75 118 1
118 7 0
76 7 0
77 7 1
78 7 1
80 7 1
82 7 1
83 7 1
84 7 1
85 71 1
85 134 1
130 7 1
130 41 1
130 86 1
87 7 0
88 7 1
90 7 1
92 7 1
93 7 1
93 95 1
93 118 1
96 7 1
97 7 1
99 7 1
99 114 1
99 199 1
114 7 1
199 7 1
100 7 0
101 0 1
101 7 0
101 175 1
101 128 1
101 91 1
101 2 1
101 104 1
101 36 1
101 106 1
101 60 0
175 7 1
102 7 1
107 100 1
109 7 1
110 7 1
111 7 1
112 7 1
116 7 1
117 98 1
117 170 0
119 7 1
120 7 0
120 36 1
120 171 1
120 2 1
120 0 1
120 175 1
120 104 1
120 46 1
120 128 1
120 91 1
122 93 1
124 7 0
124 56 1
124 126 1
126 156 0
156 7 1
127 7 1
127 56 0
127 126 1
132 7 1
132 115 1
132 140 1
133 7 1
136 93 1
137 58 1
137 131 0
137 163 1
138 149 1
149 7 1
139 7 1
142 14 1
142 35 1
144 2 1
144 7 1
144 104 1
144 171 1
144 36 1
144 46 1
146 7 1
148 7 0
151 7 1
152 7 0
153 7 1
154 7 1
157 7 1
158 7 0
159 114 0
159 199 0
160 7 0
162 7 1
164 7 1
165 7 0
168 7 1
169 7 0
176 7 1
178 7 0
179 7 1
180 7 0
181 7 0
182 7 0
183 7 1
185 7 1
186 7 1
187 0 1
187 7 0
187 175 1
187 128 0
187 91 0
187 2 1
187 104 1
187 36 1
187 106 1
187 60 1
188 7 1
190 7 1
192 7 1
193 7 1
194 7 0
196 7 1
197 7 1
197 143 1
197 174 1
