3 213 0
4 213 1
5 69 1
5 213 1
5 322 1
5 143 1
5 113 1
5 298 1
5 77 0
5 256 1
5 85 1
69 213 1
322 213 1
6 213 1
7 114 1
7 126 1
114 213 1
9 144 1
9 280 1
280 213 1
10 213 1
11 85 0
11 113 0
11 213 1
11 256 1
11 69 0
11 168 1
11 298 1
11 322 1
85 213 0
113 213 0
13 69 0
13 213 1
13 322 0
13 143 1
13 113 1
13 298 1
13 77 1
13 256 1
13 85 1
14 213 1
15 168 1
15 213 0
15 256 1
15 85 1
15 77 1
15 322 0
15 113 0
168 213 1
18 213 1
21 213 1
22 213 1
23 213 0
24 77 1
24 143 1
24 213 1
24 113 0
24 322 1
24 298 1
24 69 1
24 85 1
24 256 1
25 213 0
27 118 1
27 213 1
27 349 1
349 213 1
349 217 1
28 213 1
28 244 1
244 22 1
244 122 1
244 213 1
29 213 1
30 213 0
31 213 0
36 78 1
36 213 1
36 298 1
36 168 1
36 256 1
298 213 1
37 213 1
38 213 1
38 281 1
38 351 1
281 213 1
351 159 1
351 213 1
39 42 1
39 359 1
359 213 1
40 213 1
41 133 1
41 187 1
41 213 1
43 114 0
43 126 1
43 213 0
44 213 1
44 242 1
44 324 0
242 29 1
242 213 0
324 213 1
49 62 0
49 213 1
49 321 1
49 341 1
62 213 1
321 213 1
341 213 1
50 213 0
51 213 0
52 213 1
52 237 1
52 358 1
358 213 1
53 213 1
57 213 1
58 213 1
65 213 1
65 237 1
65 358 0
66 213 1
70 213 0
71 196 0
71 305 0
305 213 1
72 133 1
72 187 0
72 213 1
74 22 0
74 122 1
75 102 1
75 213 1
75 264 1
102 213 1
76 213 0
82 213 1
84 137 1
84 289 1
137 213 1
87 213 1
88 370 1
88 378 0
370 213 1
378 213 1
91 213 1
92 85 1
92 113 1
92 213 1
92 69 1
92 168 1
92 256 1
92 298 1
92 322 1
93 158 0
93 238 0
94 213 1
95 213 1
97 149 1
97 213 1
97 214 1
149 213 0
99 14 0
99 213 1
100 213 0
100 287 1
100 330 0
330 213 1
103 83 1
103 213 1
103 331 1
104 213 0
107 48 1
107 213 0
107 248 1
108 213 1
110 58 1
110 96 1
110 213 0
111 213 0
115 213 1
116 111 1
116 213 1
116 285 1
285 213 1
119 213 1
119 268 1
119 348 1
120 213 1
121 213 1
124 60 0
124 213 0
124 326 1
127 213 1
128 213 1
129 213 0
129 279 1
129 381 1
130 213 1
132 213 1
135 213 1
135 243 1
135 360 1
243 213 0
136 48 1
136 248 1
139 307 1
139 338 0
307 213 1
141 174 1
141 199 1
174 213 1
145 213 1
148 64 0
148 197 1
148 213 1
151 213 1
152 213 0
153 51 1
153 82 1
154 158 0
154 213 1
154 238 1
156 288 1
156 301 1
288 213 1
159 213 1
160 213 1
161 213 1
162 213 1
162 307 1
162 338 1
163 213 1
163 221 0
163 361 1
164 213 0
164 292 1
166 243 1
166 360 1
167 213 0
169 213 1
173 213 1
176 91 0
176 213 1
176 354 1
176 364 1
354 213 1
178 213 1
180 213 1
181 213 1
181 376 1
181 385 1
182 198 0
182 213 1
182 275 0
198 82 1
198 213 1
275 213 0
183 213 1
184 279 0
184 381 1
185 196 0
185 213 1
185 305 1
186 213 0
189 213 1
190 102 1
190 264 1
191 213 1
192 288 1
192 301 1
193 5 0
193 213 0
194 123 1
194 213 1
194 388 1
195 213 1
200 376 1
200 385 0
201 213 1
202 213 1
207 47 1
207 204 1
210 213 1
212 213 1
215 113 1
215 168 1
215 213 1
215 256 1
215 85 0
215 77 1
215 322 1
217 213 1
218 213 1
218 292 0
219 222 1
219 312 0
222 213 1
220 183 1
220 213 1
220 293 1
223 213 1
225 213 1
227 213 1
228 213 1
229 213 0
230 213 0
231 77 0
231 143 1
231 213 1
231 113 1
231 322 0
231 298 1
231 69 1
231 85 1
231 256 1
232 65 0
232 213 1
240 213 1
241 213 1
246 213 0
250 80 1
250 271 1
252 78 0
252 213 0
252 298 1
252 168 1
252 256 1
255 287 1
255 330 1
257 325 1
257 397 1
258 213 0
259 213 1
261 213 0
262 213 1
265 47 1
265 204 1
265 213 1
266 121 1
266 159 1
267 246 1
267 332 1
269 123 1
269 213 1
269 388 1
270 121 1
270 159 1
272 206 0
272 240 1
273 80 1
273 271 0
274 213 1
276 59 1
276 172 1
276 213 1
278 64 1
278 197 1
282 59 1
282 172 1
282 213 1
284 213 0
284 221 1
284 361 1
286 213 1
290 149 0
290 213 1
290 214 0
294 206 1
294 213 0
294 240 1
296 213 1
297 174 1
297 199 1
297 213 1
299 213 0
300 213 0
302 213 1
303 144 1
303 280 1
304 213 1
306 325 1
306 397 1
309 370 1
309 378 1
310 213 1
314 213 0
316 51 1
316 82 1
317 213 1
318 213 1
319 213 1
320 58 0
320 96 1
323 111 1
323 213 1
323 285 1
329 242 1
329 324 0
334 213 1
335 213 1
336 205 1
336 213 1
336 371 0
337 213 1
339 213 1
340 137 0
340 213 0
340 289 0
343 213 1
344 183 1
344 293 1
347 213 1
352 213 1
355 60 1
355 326 1
363 222 0
363 312 1
365 354 0
365 364 1
366 258 1
366 382 1
368 213 0
369 258 1
369 382 1
373 83 1
373 213 1
373 331 0
375 213 1
379 213 1
380 205 1
380 213 0
380 371 1
384 213 0
387 118 1
387 349 0
389 246 1
389 332 1
390 213 1
391 213 1
392 268 0
392 348 0
393 42 1
393 213 1
393 359 1
395 281 1
395 351 1
396 198 1
396 275 1
399 62 1
399 213 0
399 321 1
