0 502 0
1 502 1
4 621 0
4 653 0
4 215 1
4 709 1
4 558 1
4 670 0
4 349 0
4 586 0
4 352 0
4 406 0
4 23 0
4 297 0
621 502 0
6 502 0
9 502 1
11 502 0
13 502 0
18 23 0
18 297 0
18 215 0
18 709 0
18 349 0
18 586 0
18 1 1
18 698 0
19 141 0
19 482 0
19 195 1
19 548 0
19 352 0
19 406 0
19 616 0
19 675 1
19 396 0
19 646 1
19 621 0
19 653 0
482 502 0
20 215 0
20 502 0
20 709 0
20 23 0
20 297 0
20 558 0
20 670 0
20 195 0
20 548 0
20 141 0
20 482 1
215 502 0
709 502 0
21 502 0
22 502 0
24 396 0
24 646 0
24 1 0
24 698 0
24 215 0
24 709 1
24 621 0
24 653 0
27 616 0
27 675 0
27 215 1
27 709 0
27 396 1
27 646 0
27 141 0
27 482 1
27 349 0
27 586 0
27 558 0
27 670 0
30 502 0
31 502 0
33 502 0
34 195 0
34 548 0
34 349 0
34 586 0
34 141 0
34 482 1
34 23 0
34 297 0
34 558 0
34 670 0
34 352 1
34 406 1
35 502 0
35 558 0
35 670 0
35 396 0
35 646 0
558 502 0
670 502 1
36 349 1
36 586 0
36 558 0
36 670 0
36 23 1
36 297 0
36 215 1
36 709 0
36 396 0
36 646 0
586 502 0
37 352 0
37 406 0
37 1 0
37 698 0
37 349 0
37 586 0
37 195 0
37 548 0
37 141 1
37 482 0
37 621 0
37 653 0
39 502 0
39 517 0
39 624 0
624 502 0
41 502 0
42 237 0
42 499 0
43 502 0
44 502 0
45 442 0
45 690 0
46 502 0
46 777 1
46 778 0
777 502 0
778 502 0
50 404 0
50 418 0
404 502 1
53 502 0
55 502 0
57 502 0
60 502 0
62 502 0
63 241 1
63 796 0
241 502 0
65 163 1
65 389 0
389 502 0
67 252 1
67 502 0
252 502 0
69 502 0
71 12 0
71 351 0
71 502 0
73 502 0
74 502 0
75 312 0
75 471 0
76 502 1
77 441 0
77 540 0
441 502 0
78 502 0
78 710 0
78 780 0
710 502 0
780 502 1
81 502 0
82 472 0
82 762 0
472 502 0
762 502 0
85 623 1
85 629 0
623 502 0
87 248 0
87 332 1
332 502 0
88 215 0
88 709 0
88 23 1
88 297 0
88 558 0
88 670 0
88 195 0
88 548 0
88 141 0
88 482 0
89 502 0
90 220 0
90 798 0
798 502 0
92 502 0
93 145 0
93 502 0
93 570 0
94 502 1
96 502 0
97 502 0
101 502 0
102 606 0
102 614 0
103 502 0
104 265 0
104 608 1
265 502 0
105 241 0
105 502 0
105 796 0
106 502 0
109 502 0
111 502 0
112 502 1
113 502 0
115 502 0
122 710 1
122 780 0
125 502 1
126 502 0
129 502 0
130 502 0
131 58 0
131 320 0
131 502 0
320 502 1
132 48 1
132 76 0
133 502 0
133 610 0
610 156 1
610 502 0
610 634 0
134 556 0
134 775 0
556 502 0
135 502 1
137 502 0
138 171 0
138 217 0
138 502 0
217 502 0
139 558 0
139 670 0
139 396 1
139 646 1
142 149 0
142 344 0
149 502 0
344 502 1
143 243 0
143 465 0
143 502 0
465 502 0
147 502 0
150 643 0
150 774 0
153 502 0
154 278 0
154 429 0
154 502 0
155 221 0
155 604 0
157 463 0
157 502 0
157 552 0
157 776 0
463 502 0
552 502 1
776 502 0
158 62 1
158 539 0
159 349 0
159 502 0
159 586 0
159 558 1
159 670 0
159 23 0
159 297 0
159 215 0
159 709 0
159 396 0
159 646 0
160 502 0
161 502 0
162 198 1
162 313 0
166 205 0
166 502 1
166 797 1
797 502 0
168 501 1
168 697 1
501 502 0
697 502 1
170 502 0
172 125 0
172 502 0
172 747 0
747 502 0
173 502 0
175 502 0
177 175 0
177 432 1
432 502 0
178 270 0
178 550 0
550 502 0
179 502 0
181 502 1
181 619 1
181 740 0
619 502 1
182 193 0
182 502 0
182 533 0
193 502 0
533 502 0
183 444 1
183 502 0
444 502 0
444 694 1
444 702 1
184 348 0
184 420 0
348 502 0
185 502 0
192 502 1
192 619 0
192 740 0
199 460 0
199 659 0
659 502 0
201 474 0
201 502 0
201 726 0
726 502 1
203 387 0
203 518 1
387 502 0
206 502 1
207 193 0
207 533 0
208 144 0
208 152 0
212 173 0
212 259 0
212 502 0
213 210 0
213 502 1
213 626 0
214 502 1
218 118 0
218 140 0
219 502 0
223 255 0
223 369 0
255 502 0
226 12 0
226 351 1
226 502 0
228 126 0
228 526 0
526 502 0
229 171 1
229 217 1
231 502 0
232 502 0
233 47 1
233 306 0
233 502 0
234 67 0
234 502 0
234 682 1
235 502 0
236 242 0
236 732 0
732 502 0
238 502 0
239 502 0
240 502 0
245 243 1
245 465 0
245 502 0
247 502 0
247 609 0
247 695 0
609 502 0
249 205 0
249 797 0
251 502 0
251 589 0
251 654 1
654 502 0
253 206 0
253 485 1
254 502 0
256 67 0
256 682 1
257 352 1
257 406 0
257 1 0
257 698 0
257 349 0
257 586 0
257 195 0
257 548 1
257 141 0
257 482 0
257 621 1
257 653 1
260 502 0
260 508 0
260 534 0
508 502 0
261 502 1
262 240 0
262 502 0
262 515 0
515 502 1
264 502 0
267 53 0
267 502 0
268 502 0
268 516 1
268 625 0
269 502 0
272 599 0
272 639 0
273 271 0
273 473 0
275 290 1
275 793 0
276 502 0
280 502 0
281 502 1
282 502 1
283 502 1
284 239 0
284 408 1
292 47 0
292 306 0
293 146 0
293 430 0
294 502 1
296 488 0
296 574 0
574 502 0
300 290 0
300 793 0
301 118 0
301 140 0
305 502 0
305 606 0
305 614 1
307 387 0
307 502 1
307 518 0
308 502 1
310 502 1
310 621 0
310 653 0
310 215 0
310 709 0
310 558 0
310 670 0
310 349 0
310 586 0
310 352 0
310 406 1
310 23 0
310 297 0
314 128 0
314 433 0
433 502 1
315 441 0
315 540 0
316 439 0
316 491 1
439 502 0
317 91 0
317 100 0
319 502 1
321 467 0
321 779 1
322 276 0
322 502 0
322 571 0
571 502 0
325 86 0
325 503 0
503 502 0
326 502 0
327 502 0
328 278 0
328 429 0
328 502 0
329 346 1
329 502 1
329 617 1
346 502 0
333 502 0
333 676 0
333 782 0
676 502 0
782 502 0
334 502 0
337 502 0
338 488 0
338 502 1
338 574 1
339 137 0
339 783 0
341 439 0
341 502 1
342 502 0
343 502 0
347 54 0
347 791 0
791 502 0
350 502 0
355 502 0
356 502 0
358 412 0
358 502 1
412 348 0
412 420 0
412 502 0
360 266 0
360 640 0
362 502 0
365 457 0
365 622 1
457 502 0
366 204 0
366 667 0
367 128 0
367 433 0
371 502 1
373 502 0
374 502 0
378 599 0
378 639 1
380 502 0
381 502 0
388 502 0
390 335 0
390 363 0
391 255 0
391 369 0
391 502 0
392 271 0
392 473 0
395 502 0
397 399 0
397 598 0
399 502 0
401 502 0
402 502 0
402 694 0
402 702 0
403 616 0
403 675 0
403 215 0
403 709 0
403 396 0
403 646 0
403 141 0
403 482 1
403 349 0
403 586 0
403 558 0
403 670 0
407 502 0
409 1 0
409 698 0
409 141 0
409 482 0
409 349 1
409 586 0
409 616 1
409 675 0
409 23 0
409 297 1
409 621 0
409 653 0
698 502 0
698 538 0
410 137 1
410 783 1
411 668 0
411 781 0
781 502 0
414 502 0
415 502 1
417 266 0
417 502 0
417 640 0
421 502 0
422 502 0
423 457 0
423 502 1
423 622 0
426 502 0
428 126 0
428 526 0
435 11 0
435 121 1
435 502 1
436 227 1
436 705 0
705 502 0
437 59 0
437 502 0
437 678 0
438 472 0
438 762 0
440 112 0
440 596 0
443 502 0
447 204 0
447 502 0
447 667 0
448 246 0
448 334 0
449 467 0
449 779 0
453 119 0
453 151 0
453 502 0
454 384 0
454 477 0
477 502 0
456 62 1
456 502 0
456 539 0
458 502 0
458 589 0
458 654 0
461 404 0
461 418 0
461 502 0
464 145 0
464 570 1
466 224 0
466 500 0
468 57 0
468 72 0
468 502 1
469 53 1
469 502 1
475 120 0
475 258 0
478 502 0
480 244 0
480 380 1
480 502 0
483 248 0
483 332 0
483 453 0
483 502 1
484 502 1
486 502 0
487 502 0
487 668 0
487 781 1
492 502 0
493 502 1
494 516 0
494 625 0
495 502 1
497 416 0
497 691 0
498 396 0
498 646 0
498 1 0
498 698 0
498 215 0
498 709 1
498 621 0
498 653 0
504 502 0
506 463 0
506 776 0
510 270 1
510 550 0
511 502 0
513 86 0
513 502 0
513 503 0
514 221 0
514 604 0
521 517 0
521 624 0
524 502 1
524 609 0
524 695 0
527 169 0
527 605 1
605 502 0
528 502 0
529 431 0
529 583 0
583 502 0
530 312 0
530 471 0
530 502 0
532 219 0
532 644 0
535 502 1
538 59 0
538 502 0
538 678 0
541 502 0
543 1 0
543 502 0
543 698 1
543 141 0
543 482 0
543 349 0
543 586 1
543 616 0
543 675 0
543 23 0
543 297 0
543 621 0
543 653 1
545 99 0
545 523 0
546 502 0
547 244 1
547 380 0
549 169 0
549 605 0
551 618 0
551 648 1
618 232 0
618 502 0
554 502 0
557 195 0
557 502 0
557 548 0
557 349 0
557 586 0
557 141 1
557 482 0
557 23 0
557 297 0
557 558 0
557 670 0
557 352 0
557 406 0
560 149 0
560 344 1
562 508 1
562 534 0
564 173 0
564 259 0
564 502 0
565 242 0
565 732 0
566 216 0
566 772 0
567 502 1
568 502 1
572 112 0
572 596 1
573 502 0
575 502 1
576 407 0
576 655 1
655 502 0
579 502 0
580 502 0
581 216 0
581 502 0
581 772 0
582 384 0
582 477 0
584 502 1
587 200 0
587 755 0
588 502 0
588 511 1
588 663 0
591 502 1
594 502 0
595 120 0
595 258 0
600 200 0
600 755 0
602 23 0
602 297 0
602 215 1
602 709 1
602 349 0
602 586 0
602 1 0
602 698 0
603 556 0
603 775 1
607 57 1
607 72 0
634 502 1
611 535 0
611 689 1
612 442 0
612 690 0
613 502 1
613 643 0
613 774 0
615 502 0
620 220 0
620 798 0
627 502 0
630 502 1
633 175 0
633 432 1
638 96 0
638 146 0
638 430 0
638 502 0
642 502 0
645 502 0
647 48 0
647 76 0
647 502 1
649 502 1
651 502 0
652 240 1
652 502 0
652 515 0
656 502 0
657 502 0
658 239 0
658 408 1
661 502 0
661 676 1
661 782 1
662 237 0
662 499 0
665 91 0
665 100 1
671 502 0
672 439 0
672 491 0
673 156 0
673 502 0
673 634 0
674 502 0
680 399 0
680 598 0
681 141 1
681 482 0
681 502 0
681 195 0
681 548 0
681 352 0
681 406 0
681 616 0
681 675 0
681 396 0
681 646 0
681 621 0
681 653 0
683 219 1
683 644 0
685 431 0
685 502 1
685 583 0
687 276 0
687 502 1
687 571 0
688 265 0
688 502 1
688 608 0
693 502 0
693 623 0
693 629 1
696 502 0
699 618 0
699 648 0
700 227 1
700 502 1
700 705 1
701 535 0
701 689 0
703 460 0
703 502 0
703 659 1
704 502 1
704 748 0
704 784 1
748 502 0
706 163 1
706 389 1
706 502 0
707 416 1
707 691 0
712 119 0
712 151 0
712 502 0
713 224 1
713 500 0
713 502 0
715 502 0
715 777 0
715 778 0
716 502 0
717 144 0
717 152 0
719 748 0
719 784 0
720 502 0
721 95 0
721 502 1
721 632 0
723 263 0
723 394 0
723 502 0
724 183 0
724 388 1
724 502 0
725 502 1
728 502 0
729 95 0
729 632 1
730 335 0
730 363 0
731 183 0
731 388 1
735 407 1
735 655 0
736 502 0
741 303 0
741 684 0
742 263 0
742 394 0
743 346 0
743 617 0
745 198 0
745 313 0
745 502 0
749 502 1
751 502 1
753 99 0
753 502 0
753 523 0
754 125 0
754 747 0
756 54 0
756 791 0
757 206 0
757 485 0
757 502 0
759 502 0
759 511 0
759 663 0
760 501 0
760 697 0
761 246 0
761 334 0
761 502 1
763 210 0
763 439 0
763 502 0
763 626 0
764 373 0
764 561 0
765 502 1
766 502 1
768 502 0
770 303 0
770 502 1
770 684 0
771 373 0
771 561 0
773 502 0
785 474 0
785 726 0
786 58 1
786 320 0
786 502 0
786 581 1
787 502 0
789 502 0
790 11 0
790 121 0
799 502 0
