0 535 0
1 244 1
1 535 1
244 535 0
244 595 0
244 717 1
3 535 1
6 180 1
6 360 1
6 102 1
6 535 1
6 399 0
6 520 0
6 93 1
6 403 1
6 305 1
6 543 1
180 535 0
7 535 0
8 535 1
9 535 1
10 535 1
13 535 1
15 535 0
16 366 1
16 460 1
16 233 1
16 592 1
16 102 1
16 535 1
16 45 1
16 549 1
16 180 0
16 360 1
17 445 1
17 535 1
445 535 1
18 535 1
19 535 1
20 399 0
20 520 1
20 35 1
20 53 1
20 233 1
20 592 1
20 45 0
20 549 1
20 180 1
20 360 1
520 181 1
520 535 0
21 535 1
22 535 1
23 35 0
23 53 1
23 535 1
23 399 1
23 520 1
23 180 1
23 360 1
23 102 1
23 93 1
23 403 1
23 366 1
23 460 1
23 305 1
23 543 1
35 252 0
35 535 1
53 535 1
25 233 1
25 592 1
25 45 1
25 535 1
25 102 1
25 549 1
26 305 1
26 543 1
26 399 1
26 520 0
26 233 1
26 592 1
26 35 1
26 53 0
26 102 1
26 535 1
29 535 1
30 535 1
31 535 0
32 535 0
33 535 1
34 535 1
252 535 1
36 93 1
36 403 1
36 535 1
36 53 1
36 102 1
36 45 1
36 366 0
36 460 0
93 535 1
403 535 1
37 535 1
38 535 0
41 230 1
41 535 0
41 588 1
230 535 1
588 36 1
588 535 1
42 535 1
43 535 1
44 535 0
45 535 1
46 102 0
46 198 1
46 535 1
46 668 1
46 35 1
46 53 1
46 45 0
46 549 1
46 180 1
46 360 1
198 535 0
668 535 1
48 535 1
49 535 1
50 156 1
50 763 1
156 535 1
56 535 0
59 122 1
59 141 0
59 535 1
122 535 1
141 535 1
60 156 1
60 535 1
60 763 1
61 535 0
62 535 1
63 535 1
63 669 1
669 535 1
64 535 0
64 754 1
754 535 1
66 241 1
66 535 1
66 780 1
67 535 1
68 45 1
68 535 1
68 549 1
68 102 1
68 366 0
68 460 1
68 305 1
68 543 1
68 35 0
68 53 1
68 233 1
68 592 1
549 535 1
69 61 0
69 148 1
69 535 1
70 535 0
72 535 0
73 535 1
74 5 1
74 375 1
75 535 1
76 535 1
77 535 1
78 535 1
79 535 1
80 133 1
80 321 1
80 535 1
133 535 0
81 535 1
82 535 1
85 78 1
85 469 1
85 535 1
469 535 1
86 535 0
88 535 1
89 535 1
90 535 0
95 427 1
95 664 1
427 137 1
427 535 1
96 535 1
97 535 1
97 745 1
745 115 1
745 219 1
745 535 1
98 535 1
99 535 1
101 535 1
103 94 0
103 590 1
105 535 0
106 535 0
109 535 1
111 535 1
114 535 1
115 535 1
117 535 0
118 535 1
119 167 1
119 535 0
119 718 1
718 535 1
120 491 0
120 535 0
120 760 1
491 535 1
124 535 1
126 535 0
128 535 1
129 270 1
129 535 1
129 674 1
130 535 1
131 535 1
132 535 1
134 69 1
134 535 1
135 395 1
135 535 1
135 556 1
136 535 0
137 535 1
139 535 1
140 535 0
142 154 1
142 715 1
715 535 1
144 535 1
149 323 1
149 535 1
149 670 1
323 535 1
670 535 0
150 535 1
152 535 1
153 535 1
155 535 1
157 535 0
160 535 1
162 535 1
163 102 1
163 535 1
163 668 0
163 35 1
163 53 1
163 45 0
163 549 1
163 180 1
163 360 1
164 535 1
165 535 1
166 535 1
168 535 1
169 535 1
170 535 1
171 535 1
172 199 0
172 535 1
172 770 1
770 535 1
173 535 1
176 535 1
178 535 1
178 572 1
572 535 1
179 535 1
179 595 0
179 717 1
595 535 1
717 535 0
181 535 0
187 535 1
188 515 1
188 535 1
188 660 1
660 535 1
189 535 1
191 535 1
192 535 1
194 535 1
195 535 1
196 535 1
200 535 1
201 535 0
203 627 1
203 659 1
627 535 1
659 535 1
204 535 1
205 515 0
205 535 0
205 660 1
206 535 1
209 535 1
211 535 1
212 153 1
212 535 1
212 785 0
785 535 1
213 535 1
214 535 1
215 535 1
216 535 0
217 199 0
217 535 1
217 770 1
218 495 1
218 535 1
495 535 1
219 176 1
219 535 0
220 535 0
223 535 1
224 72 1
224 738 1
738 535 0
226 121 1
226 535 1
226 712 1
712 535 1
228 301 1
228 535 1
228 788 1
229 535 1
232 367 1
232 535 1
367 535 1
234 505 1
234 535 1
505 193 1
505 340 1
505 535 1
235 535 1
236 535 1
237 535 1
238 535 1
240 535 1
242 385 1
242 535 1
242 687 1
385 535 0
687 535 1
245 535 1
247 535 1
248 535 0
249 535 0
250 535 1
253 535 0
254 100 1
254 249 1
254 535 1
255 535 1
258 283 1
258 315 1
258 535 1
258 701 1
283 535 1
315 45 0
315 535 1
315 549 1
315 102 1
315 366 1
315 460 1
315 305 1
315 543 1
315 35 1
315 53 0
315 233 1
315 592 1
259 366 0
259 460 1
259 535 0
259 233 1
259 592 1
259 102 1
259 45 1
259 549 1
259 180 1
259 360 1
260 168 1
260 419 1
260 535 1
261 94 1
261 535 1
261 590 1
264 535 1
265 535 1
266 535 1
268 535 1
269 395 0
269 535 1
269 556 1
271 535 1
272 535 1
272 581 1
581 535 0
273 535 1
274 535 1
275 5 1
275 375 1
275 535 0
276 535 0
277 35 1
277 53 1
277 93 1
277 403 1
277 305 1
277 543 1
277 399 1
277 520 1
279 115 1
279 219 1
279 535 1
280 535 1
281 535 1
282 535 1
285 535 0
286 535 1
287 535 1
288 535 1
291 535 1
292 535 1
293 535 1
294 535 0
296 535 1
298 535 1
299 535 1
300 535 1
302 535 1
303 535 1
304 535 0
307 535 1
308 535 0
309 133 1
309 321 0
309 535 1
310 535 1
311 535 1
312 416 0
312 535 1
312 695 1
416 535 1
695 535 1
313 535 0
316 535 1
317 535 1
318 4 1
318 714 0
714 535 1
319 140 1
319 496 1
496 535 1
322 535 1
324 535 1
325 535 1
327 535 1
331 535 1
338 535 0
339 535 0
340 535 1
341 535 1
342 381 1
342 624 1
381 535 0
624 535 1
343 535 1
345 128 1
345 322 1
345 535 1
346 82 1
346 498 1
346 535 0
498 535 1
347 535 1
348 535 1
349 88 1
349 684 1
684 535 0
351 535 1
351 767 1
767 121 1
767 535 1
767 712 1
352 535 1
353 535 1
354 535 1
356 535 1
357 535 1
361 535 1
362 535 1
362 627 1
362 659 1
362 785 0
364 491 1
364 535 1
364 760 1
365 535 1
368 161 1
368 188 1
368 535 0
368 580 1
580 535 0
369 92 0
369 704 1
371 535 0
374 93 1
374 403 0
374 53 1
374 535 1
374 102 1
374 45 1
374 366 1
374 460 1
376 535 1
377 535 1
378 535 1
380 535 1
382 57 1
382 286 1
382 535 1
384 535 0
386 535 1
387 367 1
387 535 1
388 535 1
389 535 1
390 535 1
392 270 1
392 535 1
392 674 1
394 535 1
396 576 0
396 774 1
774 535 1
397 535 1
398 535 0
400 535 1
401 535 0
402 535 1
404 535 0
406 535 1
407 535 1
409 535 1
410 535 1
413 535 1
415 535 1
417 409 1
417 535 1
417 773 1
773 53 0
773 535 1
773 399 1
773 520 1
773 180 0
773 360 1
773 102 0
773 366 1
773 460 1
773 305 0
773 543 0
418 535 1
418 670 1
420 100 1
420 249 1
421 535 1
422 92 1
422 535 1
422 704 0
423 535 1
424 535 1
426 535 1
428 535 1
430 535 1
434 535 1
436 535 1
437 535 1
438 111 1
438 344 1
439 535 1
442 151 1
442 509 1
442 535 0
509 201 1
509 535 1
447 252 1
447 436 1
448 535 0
449 535 1
451 535 1
452 535 1
456 72 1
456 535 1
456 738 1
457 409 1
457 535 1
457 773 1
458 535 1
461 535 1
462 535 1
463 469 1
463 535 1
464 535 1
468 535 1
471 535 0
472 111 1
472 344 1
472 535 1
473 98 0
473 544 1
544 535 1
474 145 1
474 397 0
474 535 0
475 535 1
476 535 1
477 535 1
478 535 1
479 535 1
481 324 1
481 535 1
482 290 1
482 535 0
482 650 1
483 51 1
483 303 1
483 535 1
484 535 1
485 154 1
485 715 0
486 535 1
487 535 1
489 82 1
489 498 0
489 535 1
490 535 1
494 535 1
497 431 1
497 535 1
497 569 1
569 535 1
499 535 1
500 201 0
500 535 1
501 152 1
501 621 1
506 535 0
506 584 1
506 781 1
584 535 1
507 535 1
516 222 1
516 386 1
517 535 1
521 535 1
522 241 1
522 535 1
522 780 0
524 535 1
526 535 1
527 535 1
529 535 1
529 649 1
649 535 1
531 535 0
532 535 1
536 535 1
537 535 0
538 351 1
538 535 1
538 778 1
778 535 1
539 122 0
539 141 1
540 535 1
541 535 1
542 294 0
542 535 1
542 587 1
545 283 0
545 535 1
545 701 0
546 535 0
547 535 1
548 535 1
551 576 1
551 774 1
553 359 1
553 686 1
554 535 1
555 597 1
555 709 0
597 535 1
709 535 1
560 287 1
560 535 1
560 709 1
560 790 1
790 535 1
561 258 1
561 535 1
562 180 1
562 360 1
562 535 0
562 102 1
562 399 1
562 520 1
562 93 1
562 403 0
562 305 0
562 543 1
563 427 1
563 664 1
564 535 1
566 535 0
567 164 1
567 499 1
567 535 1
568 119 1
568 535 0
570 301 1
570 535 1
570 788 1
571 535 1
573 264 1
573 535 1
574 535 1
575 431 1
575 535 1
575 569 1
577 535 1
578 535 1
579 323 1
579 670 1
583 535 1
585 535 1
586 385 1
586 535 1
586 687 1
589 535 1
593 535 0
596 535 1
598 416 1
598 535 1
598 695 0
599 535 0
600 161 0
600 535 1
600 580 1
602 450 1
602 467 1
603 535 1
604 535 0
606 437 1
606 535 1
606 607 1
607 535 1
608 57 1
608 286 1
609 535 0
611 535 1
613 535 1
614 535 1
615 535 1
618 88 1
618 535 1
618 684 1
619 153 1
619 785 1
623 128 1
623 322 1
625 535 1
626 535 1
628 222 1
628 386 1
628 535 1
629 152 1
629 285 1
629 535 1
629 621 1
630 140 1
630 496 0
631 164 1
631 499 0
633 535 1
634 145 0
634 397 1
634 535 1
636 535 1
637 167 1
637 718 1
638 305 0
638 535 1
638 543 1
638 399 1
638 520 1
638 233 1
638 592 1
638 35 0
638 53 1
638 102 1
639 535 1
640 535 0
641 535 0
643 535 1
644 535 0
645 535 0
647 287 1
647 535 1
647 790 1
652 535 1
653 535 1
654 399 1
654 520 0
654 535 1
654 35 1
654 53 1
654 233 1
654 592 1
654 45 1
654 549 1
654 180 1
654 360 1
655 233 1
655 592 0
655 45 1
655 535 1
655 102 1
655 549 1
656 535 1
657 535 1
658 535 1
661 535 1
662 535 1
665 535 1
666 535 1
667 176 1
667 535 0
667 754 1
671 535 1
673 535 1
675 535 1
676 535 1
677 535 1
678 535 1
679 535 1
680 4 1
680 535 1
680 544 1
680 714 1
685 535 0
689 193 1
689 340 1
689 535 1
690 437 1
690 535 1
690 607 1
691 359 0
691 387 0
691 535 1
691 686 1
693 535 0
694 377 0
694 461 1
694 535 1
697 535 1
698 61 1
698 148 1
698 535 1
699 535 1
699 647 1
702 535 1
703 535 1
707 535 1
710 535 1
711 535 1
713 98 0
713 535 1
713 544 0
716 535 1
719 168 0
719 419 1
719 535 0
722 535 1
723 535 1
723 584 1
723 781 1
726 535 1
727 597 1
727 709 0
729 450 1
729 467 1
730 535 0
731 535 1
733 535 1
733 756 1
756 535 1
734 535 1
735 252 1
735 436 1
736 535 0
737 51 1
737 303 0
737 535 1
740 535 1
741 490 0
741 535 1
743 287 1
743 535 1
744 535 1
746 535 0
748 535 1
749 535 0
750 351 1
750 535 1
750 778 0
752 535 1
753 535 0
755 490 1
755 510 1
755 535 1
757 535 1
758 78 1
758 469 1
758 535 1
761 290 1
761 535 1
761 650 1
762 535 1
764 535 1
765 535 0
766 377 1
766 461 1
766 535 1
768 294 1
768 587 1
771 535 1
772 535 1
775 535 1
776 535 1
777 535 1
779 535 1
782 381 0
782 535 1
782 624 1
783 535 1
784 151 1
784 509 1
784 535 1
786 535 1
792 490 1
792 510 1
792 535 1
793 535 1
794 535 0
795 535 1
796 535 0
797 535 1
798 535 1
799 535 1
