0 414 0
1 414 1
2 414 0
3 59 1
3 414 1
3 627 0
3 486 1
3 207 1
3 355 0
3 918 1
3 0 1
59 414 1
627 414 0
4 414 1
4 486 0
4 918 1
4 627 1
4 0 0
4 8 1
4 355 0
4 59 1
4 207 1
6 207 1
6 355 1
6 414 1
6 59 1
6 627 1
6 8 1
6 486 1
6 0 0
6 918 0
207 85 0
207 414 1
7 414 1
8 414 1
8 456 0
456 414 1
9 414 1
10 414 1
11 414 0
13 414 1
14 414 1
16 414 1
17 414 0
18 414 1
19 414 1
19 809 1
19 945 1
945 414 1
21 414 1
22 414 0
25 414 0
27 414 1
29 414 0
30 47 1
30 414 0
47 36 1
47 414 1
47 631 0
31 414 1
33 255 1
33 825 1
825 414 1
34 414 0
35 414 1
36 414 1
38 414 1
39 414 1
40 414 1
42 414 1
44 414 1
45 414 1
45 626 1
45 729 0
626 414 1
729 414 1
631 414 1
48 414 1
49 414 1
49 643 0
643 414 1
50 414 0
52 414 1
53 414 1
54 66 1
54 159 0
54 414 1
54 753 1
66 414 1
159 414 1
753 414 0
56 338 1
56 414 0
56 472 0
472 414 0
60 414 1
61 414 1
62 414 1
64 414 1
69 414 1
70 414 0
71 414 1
72 414 0
73 414 1
76 414 1
78 83 0
78 337 1
83 414 1
337 414 1
79 414 1
81 414 1
82 414 1
84 414 1
85 414 1
86 213 1
86 414 1
86 667 1
213 414 1
87 414 1
89 261 1
89 282 1
89 414 1
261 414 1
282 414 1
282 739 1
90 414 1
91 414 1
92 414 0
93 414 1
93 945 1
95 414 0
96 414 1
97 414 1
98 414 0
99 414 0
100 414 0
101 98 1
101 414 0
101 952 1
952 414 1
102 414 0
103 414 1
104 414 1
105 414 1
106 184 1
106 414 1
106 981 1
184 414 1
981 414 1
108 414 0
108 812 1
812 414 1
112 414 1
114 414 1
115 414 1
117 414 1
118 414 1
118 531 0
118 671 1
119 414 1
122 414 1
125 414 0
128 414 0
130 414 1
132 414 1
134 414 1
135 52 1
135 376 1
376 414 1
136 414 0
138 414 0
139 414 1
141 414 1
146 370 0
146 498 1
498 414 1
150 414 0
151 414 0
151 576 1
151 774 1
576 414 0
774 414 1
152 414 0
153 414 1
154 414 1
155 414 1
156 414 1
157 414 1
160 303 0
160 564 1
303 414 1
564 414 0
161 414 0
162 216 1
162 414 1
162 660 1
660 414 1
163 414 1
163 468 1
163 902 1
468 414 1
902 414 1
164 414 0
165 414 1
166 216 1
166 660 1
168 414 1
169 414 1
170 414 1
171 414 1
172 414 1
173 180 1
173 414 1
173 763 0
175 414 1
177 414 0
178 414 1
181 414 1
183 414 1
185 414 0
186 414 1
187 414 1
187 617 1
187 859 0
617 414 1
859 414 1
188 168 1
188 414 1
188 828 0
190 414 1
191 414 1
193 414 1
194 414 1
195 414 1
196 414 1
196 576 1
196 774 1
197 414 1
198 414 0
198 684 1
684 414 1
199 414 1
202 414 1
203 414 1
204 414 1
205 8 1
205 414 1
205 988 1
205 207 1
205 355 1
205 59 1
205 918 0
205 627 1
205 0 1
206 380 1
206 414 1
206 484 1
380 414 1
484 414 1
208 414 0
210 414 1
211 414 1
212 414 1
214 414 1
215 414 0
217 61 1
217 136 0
217 414 1
217 694 1
694 414 1
219 212 1
219 438 1
438 414 1
220 414 1
220 583 1
583 414 0
221 414 0
222 414 1
223 414 1
224 338 1
224 414 0
224 472 0
226 52 1
226 414 1
226 608 1
608 414 0
227 174 1
227 695 0
229 414 1
230 414 1
232 414 1
233 414 1
233 421 1
421 414 1
234 345 1
234 414 1
234 797 1
345 414 1
797 414 1
237 414 1
238 414 1
239 414 1
240 414 1
242 414 1
243 414 1
244 414 1
244 595 1
244 917 1
917 414 1
245 515 1
245 668 1
668 414 0
247 414 1
248 414 1
249 254 0
249 398 1
249 414 1
251 414 1
252 414 1
253 414 1
257 414 1
259 414 1
263 414 0
265 414 1
266 414 1
267 414 1
268 414 1
269 414 1
270 414 1
271 414 1
272 180 1
272 414 0
272 763 1
273 414 0
277 414 1
277 835 1
835 414 1
279 414 1
279 570 0
279 854 1
570 414 0
854 414 0
739 414 1
284 414 1
285 414 1
287 414 0
289 8 1
289 414 1
289 988 0
289 207 1
289 355 1
289 59 1
289 918 0
289 627 1
289 0 0
290 414 1
291 414 1
293 414 1
293 941 1
941 414 1
294 79 0
294 414 0
294 942 1
942 414 0
295 414 1
296 414 1
297 356 1
297 769 1
356 414 1
298 548 1
298 842 1
299 414 1
300 414 1
302 414 1
305 193 0
305 414 0
305 540 1
540 414 0
306 360 1
306 414 1
360 319 1
360 414 0
360 562 1
312 414 0
313 414 1
314 90 0
314 414 0
314 570 1
314 854 1
315 414 1
318 414 1
319 414 0
320 145 1
320 620 1
322 223 1
322 414 1
322 545 1
323 184 1
323 981 1
328 149 1
328 259 1
328 414 0
329 414 1
330 414 1
331 414 1
333 414 1
334 414 1
336 414 1
339 414 1
340 414 1
341 414 0
341 659 1
341 817 1
659 414 1
817 414 0
342 785 1
342 915 1
785 414 0
915 414 1
343 414 1
344 414 1
348 414 1
350 819 0
350 974 1
819 414 1
974 414 1
351 414 1
351 513 1
351 738 1
513 414 1
738 414 1
352 414 1
353 212 1
353 438 0
354 37 1
354 414 1
354 718 1
718 414 0
357 414 1
562 414 0
361 414 1
363 414 1
365 414 1
366 91 1
366 377 1
366 414 0
377 414 1
367 414 1
368 414 1
369 414 1
371 414 1
372 414 1
373 104 1
373 414 0
373 617 1
373 859 1
374 414 1
378 414 1
379 414 1
381 316 1
381 414 1
381 742 1
382 414 1
384 414 1
385 414 1
386 414 1
387 79 1
387 414 1
387 942 1
391 414 1
392 60 1
392 910 0
393 414 1
394 414 1
395 414 1
396 414 1
397 414 1
399 414 1
399 770 0
399 773 1
773 414 1
400 414 1
401 66 1
401 414 1
402 414 1
403 414 1
404 414 0
405 61 1
405 414 0
405 562 1
405 694 1
409 414 0
410 414 1
412 414 1
413 414 1
415 414 1
416 414 1
417 414 1
418 380 1
418 484 1
419 414 1
420 414 0
423 35 0
423 414 1
423 653 1
653 414 0
424 414 1
426 414 1
430 414 1
430 696 1
430 997 0
696 414 1
431 361 1
431 414 1
431 882 1
432 414 1
433 414 1
434 414 1
435 414 1
436 414 1
436 872 1
872 414 1
439 414 1
440 414 1
442 185 1
442 287 1
442 414 0
444 414 1
446 414 1
447 155 1
447 887 1
448 414 1
450 26 1
450 414 0
451 83 1
451 337 0
451 414 1
453 414 1
454 414 0
455 414 1
457 414 1
457 809 1
457 945 1
458 133 1
458 414 1
458 692 1
692 414 1
459 414 1
460 414 1
461 414 1
461 822 1
822 414 1
462 317 1
462 414 1
462 875 1
875 414 1
463 414 1
466 241 1
466 980 1
470 456 1
470 832 1
832 414 1
471 414 1
473 414 1
473 607 1
607 414 1
474 414 1
475 414 1
478 414 1
479 414 1
479 588 1
588 414 1
480 414 1
481 414 0
482 414 1
483 414 1
485 414 1
487 414 1
488 414 1
489 414 1
489 586 1
489 835 0
586 414 1
490 207 1
490 234 0
490 355 1
490 414 1
490 59 1
490 627 1
490 8 1
490 486 0
490 0 1
490 918 1
491 303 1
491 414 1
491 535 1
491 564 0
535 414 0
492 414 0
494 261 1
494 282 1
494 414 1
495 112 1
495 414 1
495 979 0
979 414 1
497 414 0
499 167 1
499 414 1
499 687 1
687 414 1
500 254 1
500 398 1
500 414 1
501 414 1
502 414 1
503 414 1
503 515 1
503 668 0
504 414 1
506 414 1
511 414 0
511 672 1
511 920 0
920 414 1
514 414 1
516 414 1
517 414 1
518 414 1
519 329 1
519 414 0
519 616 0
616 414 1
520 414 1
522 414 1
522 607 1
522 659 1
522 817 1
523 414 1
523 549 1
523 584 1
549 414 1
584 414 1
524 414 1
525 414 1
526 414 0
527 414 0
528 414 0
529 414 1
530 414 1
532 414 1
536 414 1
537 414 1
538 414 0
541 409 1
541 414 1
542 414 1
543 319 1
543 414 1
543 562 1
544 414 0
544 672 1
544 920 1
550 75 1
550 95 1
550 414 1
551 414 1
552 414 1
553 414 1
553 535 1
554 223 1
554 414 0
554 545 1
555 414 1
556 275 1
556 582 0
557 414 1
558 269 1
558 367 1
560 414 1
561 414 1
563 414 1
565 414 1
566 414 1
567 37 1
567 718 1
568 226 0
568 967 1
967 414 1
569 414 1
573 414 0
574 414 1
575 36 1
575 631 1
577 414 1
578 513 1
578 738 1
579 595 0
579 917 1
589 414 1
592 414 1
593 414 1
594 414 1
596 414 1
597 820 1
597 927 0
820 414 1
927 414 1
599 145 1
599 414 1
599 620 1
600 414 1
604 414 0
606 414 0
609 414 1
611 414 1
612 414 1
613 414 0
614 414 1
615 414 1
618 414 1
619 60 0
619 414 1
619 910 1
623 414 1
623 736 1
736 414 1
624 316 0
624 742 1
628 414 0
628 586 0
628 835 1
629 414 1
632 414 1
632 641 1
641 414 1
633 414 1
634 414 1
635 414 1
636 414 1
637 538 1
637 605 1
638 105 0
638 343 1
638 414 0
642 414 0
644 414 1
645 414 1
646 468 1
646 902 1
647 414 1
648 414 1
649 414 1
650 414 1
651 414 1
651 456 1
651 832 1
651 905 0
905 414 0
656 213 1
656 414 1
656 667 0
657 399 1
657 414 0
658 414 1
661 414 0
662 414 1
664 414 1
665 414 1
666 414 0
669 356 1
669 414 1
669 769 1
670 414 1
670 549 0
670 584 1
674 345 1
674 797 1
676 48 1
676 414 1
677 35 1
677 414 1
677 653 1
678 414 1
679 414 1
683 414 1
685 269 1
685 367 1
685 414 1
689 414 0
690 414 1
691 414 1
693 603 1
693 836 1
836 414 1
698 414 0
698 541 1
699 414 1
700 414 1
701 168 1
701 828 1
704 169 1
704 414 1
704 822 1
705 414 0
706 414 0
707 414 1
708 414 1
709 414 1
709 530 1
709 820 1
709 927 1
711 414 0
712 414 1
715 414 1
716 414 1
717 414 1
717 626 1
717 729 1
719 414 0
720 414 1
721 52 1
721 376 1
722 241 0
722 414 1
722 980 1
723 414 1
724 75 1
724 95 0
726 414 1
727 414 1
731 414 0
732 414 0
733 414 1
734 414 1
735 91 1
735 377 1
735 414 1
737 414 0
740 329 0
740 616 0
741 414 1
743 414 1
746 414 1
750 414 1
752 414 1
754 370 1
754 498 1
755 250 1
755 290 1
756 255 1
756 825 1
757 414 1
762 414 1
764 414 1
765 414 1
765 930 1
930 414 1
766 414 1
767 404 1
767 414 0
768 414 1
771 414 1
772 414 1
775 275 0
775 414 1
775 582 1
776 414 1
776 804 1
804 414 1
779 414 0
780 893 1
780 949 1
893 414 1
782 414 1
783 414 0
783 684 1
784 414 1
786 80 1
786 760 1
788 414 1
788 819 1
788 974 0
790 155 1
790 887 1
791 414 1
792 159 1
792 414 1
792 560 1
792 753 1
793 414 1
794 26 1
794 414 1
795 414 1
796 414 1
799 414 1
800 414 0
801 414 1
802 414 1
802 461 0
802 867 1
867 414 1
803 414 1
805 414 1
805 893 1
805 949 0
807 414 1
808 414 1
810 414 1
811 414 1
815 414 1
816 112 0
816 414 1
816 979 1
821 139 1
821 866 1
866 414 1
823 414 1
824 414 0
826 105 1
826 343 0
827 414 1
829 98 1
829 414 1
829 952 0
833 414 1
834 133 0
834 414 1
834 692 1
837 414 1
838 414 0
840 414 1
844 414 1
845 414 0
846 187 1
846 414 0
848 414 1
849 0 0
849 414 1
849 968 1
849 8 1
849 486 1
849 207 1
849 59 1
968 414 1
850 361 1
850 882 1
851 414 1
852 414 1
855 201 0
855 414 1
855 476 1
856 317 1
856 414 1
856 875 0
857 178 1
857 382 1
857 414 0
857 436 0
858 414 1
860 50 1
860 363 1
860 414 1
861 414 1
862 414 1
864 174 1
864 695 0
865 414 1
869 414 1
869 461 1
869 867 1
870 414 0
873 167 1
873 414 1
873 687 1
874 414 1
874 538 1
874 605 1
876 414 1
877 414 1
878 414 1
879 414 1
881 414 0
883 414 1
884 414 1
885 414 1
885 785 1
885 915 1
886 382 1
886 436 1
888 149 1
888 259 1
888 414 1
889 193 0
889 414 1
889 540 1
890 50 0
890 363 1
890 414 1
891 414 1
891 486 1
891 918 1
891 627 1
891 0 1
891 8 1
891 355 0
891 59 0
891 207 1
892 414 1
895 414 1
896 414 1
896 555 1
897 414 0
898 414 1
899 414 0
901 414 1
904 414 1
907 414 1
908 414 1
909 414 1
909 548 1
909 842 0
911 414 1
912 226 0
912 414 1
912 967 1
913 0 1
913 414 0
913 8 1
913 486 1
913 207 0
913 59 1
919 414 1
921 80 1
921 760 1
923 414 1
926 414 1
926 531 1
926 671 1
928 414 1
929 250 0
929 290 1
929 414 1
934 414 1
938 414 1
940 414 1
944 414 1
944 603 0
944 836 1
946 414 1
947 414 1
948 414 1
951 139 1
951 414 1
951 866 1
953 414 1
954 414 1
955 414 0
956 414 1
957 414 1
958 414 1
960 414 1
961 0 0
961 968 1
962 59 0
962 414 1
962 627 1
962 486 0
962 207 1
962 355 0
962 918 1
962 0 1
963 414 1
964 169 1
964 414 1
964 822 1
965 414 1
966 414 0
969 414 1
970 414 1
971 414 1
972 770 1
972 773 0
973 414 1
975 414 1
978 201 1
978 414 1
978 476 1
982 414 1
983 414 1
984 414 1
986 185 1
986 287 1
986 414 0
989 414 1
992 696 1
992 997 1
994 414 0
996 414 1
999 414 1
