1 580 0
2 333 0
2 599 0
2 184 1
2 607 0
2 746 1
2 530 0
2 187 1
2 580 1
333 176 0
333 580 0
3 358 1
3 687 1
3 187 0
3 188 0
3 580 0
3 400 0
3 668 0
3 184 1
3 607 0
687 580 0
4 216 1
4 973 0
4 400 0
4 580 1
4 668 1
4 187 0
4 188 1
4 746 1
4 530 1
4 333 0
4 599 0
5 530 0
5 580 1
5 746 0
5 333 1
5 599 1
5 668 1
5 187 1
530 580 0
6 187 1
6 188 0
6 580 1
6 400 0
6 668 1
6 333 0
6 599 1
6 184 0
6 607 1
6 216 0
6 973 1
6 746 1
6 530 0
6 358 1
6 687 1
187 580 0
188 580 0
8 580 1
9 184 0
9 607 0
9 187 0
9 188 1
9 358 0
9 687 0
184 580 1
607 580 1
11 400 0
11 580 0
11 668 0
11 187 1
11 746 1
11 530 0
11 333 0
11 599 1
11 216 1
11 973 0
11 184 1
11 607 1
11 358 0
11 687 0
11 188 1
12 853 1
12 880 1
853 580 1
16 146 0
16 381 1
146 580 0
18 580 1
21 119 1
21 580 1
21 672 1
22 580 0
23 580 1
24 7 1
24 580 1
24 690 0
690 580 0
26 580 1
28 49 0
28 231 0
28 580 0
29 296 1
29 410 0
296 580 0
30 154 1
30 580 0
30 872 0
154 580 0
31 580 1
32 580 1
33 272 1
33 577 1
33 580 1
36 436 1
36 721 1
436 580 1
37 580 0
39 580 1
40 299 0
40 432 1
40 580 1
41 173 0
41 254 1
254 580 0
42 109 0
42 414 1
414 580 0
46 615 0
46 921 1
921 580 0
47 580 1
51 580 1
52 525 1
52 760 0
525 580 1
54 580 0
55 580 1
57 140 0
57 248 0
140 580 1
248 580 1
58 580 1
59 580 1
60 258 0
60 580 0
60 750 0
62 190 0
62 580 1
62 756 0
756 580 1
63 232 1
63 580 1
232 580 1
64 580 0
65 580 1
66 221 0
66 534 0
221 580 1
221 657 0
534 580 1
67 542 1
67 912 0
912 580 0
68 580 1
69 580 0
71 140 0
71 248 0
72 296 1
72 410 0
74 959 0
74 972 1
75 376 1
75 907 1
907 580 1
76 195 1
76 491 1
195 580 1
491 580 0
78 580 0
79 580 0
80 580 0
83 580 0
84 580 1
85 580 0
87 580 0
88 580 1
89 580 0
90 49 0
90 231 0
91 580 0
93 580 0
94 567 1
94 580 0
94 957 1
567 580 1
957 580 0
97 580 1
98 580 1
99 55 0
99 397 0
101 580 0
103 418 1
103 705 0
105 580 0
107 290 1
107 294 0
290 580 0
108 376 0
108 580 1
108 907 1
110 322 0
110 580 1
110 838 0
322 580 1
838 580 1
112 580 0
113 220 1
113 264 1
115 580 1
115 679 0
115 800 0
679 580 0
117 580 0
121 580 1
122 580 0
123 118 0
123 655 0
655 580 0
124 249 1
124 580 1
249 580 1
125 580 1
127 580 0
128 270 1
128 978 0
270 580 0
129 580 1
129 634 0
129 945 0
634 580 1
945 580 1
130 440 0
130 781 1
781 580 1
131 580 1
132 580 0
133 580 1
134 580 0
141 377 0
141 580 1
141 874 1
377 580 1
143 783 0
143 829 0
145 580 1
148 187 1
148 188 0
148 580 1
148 400 1
148 668 1
148 333 1
148 599 1
148 184 1
148 607 1
148 216 0
148 973 0
148 746 0
148 530 0
148 358 0
148 687 1
150 580 1
151 106 1
151 204 1
151 580 0
204 580 0
152 580 0
153 418 1
153 580 0
153 705 1
155 236 0
155 956 0
956 580 0
157 580 0
158 189 1
158 580 0
158 761 1
189 580 0
159 154 0
159 872 1
162 59 1
162 580 1
162 846 0
846 580 0
163 580 0
164 171 1
164 193 1
164 580 1
165 457 1
165 580 0
165 665 1
457 580 1
166 580 1
167 580 0
168 580 0
174 580 1
175 580 1
176 580 0
176 864 0
177 78 1
177 453 1
453 580 1
181 580 1
183 233 0
183 580 1
183 747 1
233 580 1
747 580 1
185 258 1
185 750 0
191 580 0
194 580 1
197 580 0
197 658 0
197 925 1
658 384 1
658 580 0
198 580 1
199 559 1
199 726 1
726 580 1
202 580 0
205 580 1
205 701 1
205 870 1
701 580 1
870 242 0
870 580 1
207 580 1
208 580 1
210 450 0
210 913 1
450 580 0
913 580 0
212 580 0
214 18 0
214 488 0
215 272 1
215 577 1
215 580 1
215 853 0
217 144 0
217 354 1
218 139 1
218 580 1
218 891 0
657 580 1
223 104 0
223 200 1
224 580 0
225 580 1
226 580 0
234 145 0
234 169 0
234 580 0
237 580 1
239 580 0
240 580 0
241 510 1
241 580 0
241 883 1
510 580 1
883 580 1
242 580 1
245 580 1
250 580 1
251 580 0
252 580 0
253 580 0
257 567 0
257 580 0
257 957 0
259 450 1
259 580 0
259 913 0
260 580 0
261 91 0
261 404 0
404 580 1
262 580 1
269 326 0
269 839 1
273 580 1
273 679 0
273 800 0
276 580 1
281 207 1
281 268 1
282 580 0
283 580 1
285 580 0
288 580 0
289 580 0
291 580 0
295 580 1
295 803 1
295 910 1
803 580 0
297 485 0
297 580 1
297 588 0
588 580 1
298 358 0
298 687 0
298 187 1
298 188 1
298 580 1
298 400 0
298 668 0
298 184 0
298 607 1
300 106 0
300 204 1
300 580 0
301 580 1
303 580 1
304 580 1
305 351 0
305 580 0
305 678 1
351 580 0
308 580 0
312 320 1
312 950 0
950 580 0
313 307 1
313 580 1
313 749 1
314 580 0
315 580 1
316 580 0
318 580 0
319 580 1
319 959 1
319 972 0
323 580 0
324 593 0
324 966 0
593 580 0
325 225 1
325 265 0
327 580 0
328 65 0
328 330 1
328 580 0
329 580 1
331 125 1
331 338 1
332 580 1
336 643 1
336 960 0
337 580 1
339 580 1
340 827 0
340 986 1
986 580 1
343 580 0
344 259 1
344 580 1
346 580 1
347 246 1
347 537 1
537 580 1
349 530 1
349 746 0
349 333 1
349 599 0
349 580 1
349 668 0
349 187 0
352 216 0
352 580 0
352 973 1
352 400 1
352 668 1
352 187 1
352 188 0
352 746 1
352 530 0
352 333 0
352 599 0
355 302 0
355 580 1
355 911 1
911 580 1
356 23 1
356 580 1
356 809 1
809 580 1
809 831 0
357 485 1
357 580 0
357 588 0
360 580 0
361 580 0
361 884 1
884 287 0
884 580 1
884 926 0
362 766 1
362 892 1
364 580 0
365 55 0
365 397 1
365 580 0
370 368 0
370 804 1
804 580 1
371 341 1
371 671 0
372 0 1
372 580 1
372 621 1
621 580 0
374 580 1
375 580 1
379 580 0
380 580 1
382 245 1
382 898 1
898 580 0
383 228 1
383 394 1
383 580 1
384 580 0
385 580 0
386 172 1
386 393 1
386 453 1
386 580 0
389 580 1
390 580 0
391 580 0
392 580 0
395 580 0
398 580 1
401 580 1
402 207 1
402 580 1
403 58 1
403 435 1
405 83 1
405 323 0
406 580 0
408 580 0
415 580 1
416 580 1
420 580 1
420 658 0
420 925 1
421 580 1
423 23 0
423 809 0
424 457 1
424 665 0
425 476 0
425 580 1
425 900 1
476 580 0
900 580 1
427 580 0
428 580 0
429 542 0
429 580 0
429 912 0
430 580 1
433 580 1
437 593 1
437 966 1
438 459 1
438 580 1
438 768 1
768 580 0
439 353 0
439 563 0
441 580 0
442 580 0
446 580 0
447 580 0
449 361 0
449 580 0
449 692 0
692 580 0
451 580 1
452 416 1
452 639 1
639 580 1
454 580 0
455 580 0
462 77 1
462 770 0
463 64 0
463 317 0
464 58 1
464 435 0
465 17 0
465 987 0
466 416 0
466 580 1
466 639 0
468 580 1
469 580 1
470 580 0
471 580 0
472 436 1
472 721 0
474 580 1
475 580 1
482 580 0
483 580 1
484 341 0
484 580 0
484 671 0
486 242 1
486 758 1
489 320 1
489 950 0
492 580 0
494 178 1
494 580 0
494 736 1
736 580 0
495 580 0
496 580 1
496 801 1
801 172 0
801 393 1
801 580 1
497 580 0
498 580 0
500 580 1
502 580 0
504 783 0
504 829 1
506 580 0
508 580 1
508 616 1
508 970 1
509 580 1
512 83 0
512 323 1
513 222 0
513 841 1
841 580 1
841 928 1
514 580 0
515 580 1
516 591 0
516 646 0
517 476 0
517 900 0
518 580 1
519 580 1
520 580 1
521 580 0
523 580 0
527 163 1
527 391 1
527 580 1
528 65 0
528 330 1
528 580 1
529 580 1
532 580 1
535 772 1
535 824 1
772 580 1
538 580 0
539 322 1
539 838 0
540 580 1
540 605 0
540 934 0
605 580 1
934 580 0
545 580 1
548 580 1
548 803 1
548 910 0
549 580 1
551 580 1
551 611 0
551 983 1
611 580 1
553 580 0
555 580 1
556 580 0
560 580 0
561 580 1
565 701 1
565 870 0
571 580 0
574 333 0
574 580 0
574 599 1
574 184 0
574 607 0
574 746 1
574 530 0
574 187 1
575 18 0
575 488 0
575 580 1
578 245 1
578 898 0
581 580 1
582 580 0
583 616 0
583 970 0
585 125 0
585 338 1
585 580 0
587 78 1
587 453 0
589 96 1
589 202 0
589 580 1
590 17 1
590 987 0
592 580 0
596 580 0
598 580 1
600 580 0
601 580 0
602 580 0
604 580 0
609 184 0
609 580 1
609 607 1
609 187 0
609 188 0
609 358 1
609 687 0
610 580 0
612 580 1
613 502 1
613 789 1
789 580 1
614 207 0
614 268 1
614 402 0
614 580 0
617 580 1
619 580 0
620 580 0
622 580 1
624 190 0
624 756 0
625 96 0
625 202 1
626 502 1
626 580 0
626 789 0
628 396 0
628 499 0
630 580 1
631 580 0
632 580 1
633 580 1
635 580 0
636 580 1
637 580 1
638 509 0
638 520 0
640 469 1
640 498 1
644 580 0
645 580 1
647 580 0
648 580 1
649 91 0
649 404 0
650 580 0
652 377 0
652 874 0
653 580 1
656 580 0
659 580 1
659 634 1
659 945 1
660 580 0
661 580 1
662 201 1
662 996 1
664 451 1
664 698 1
698 580 1
666 299 0
666 432 0
667 580 0
675 580 1
676 580 0
677 580 1
680 474 1
680 580 0
683 307 1
683 749 1
684 580 0
685 141 0
685 580 1
686 146 0
686 381 0
686 580 1
688 580 0
689 580 1
691 288 0
691 532 0
691 580 1
693 580 0
695 580 0
696 580 0
697 580 1
699 580 1
700 580 0
702 580 0
704 580 0
707 580 0
708 580 1
709 580 1
712 580 0
713 580 1
714 271 1
714 580 1
714 797 0
797 580 1
716 580 0
717 580 1
718 368 1
718 804 0
719 221 0
719 534 1
720 568 1
720 709 1
724 178 0
724 580 0
724 736 1
725 580 0
727 400 1
727 580 1
727 668 0
727 187 0
727 746 1
727 530 0
727 333 0
727 599 1
727 216 0
727 973 1
727 184 1
727 607 0
727 358 0
727 687 0
727 188 1
730 35 0
730 385 0
732 59 1
732 580 0
732 846 0
733 7 1
733 690 0
734 468 1
734 570 1
734 580 1
735 580 0
737 580 0
739 242 1
739 580 0
739 758 0
740 580 1
741 353 1
741 563 0
742 580 0
742 827 1
742 986 1
744 580 1
745 580 1
752 118 1
752 580 0
752 655 1
754 478 1
754 580 0
754 670 0
755 580 0
762 580 1
763 580 0
764 580 1
765 580 0
765 615 0
765 921 1
767 580 0
769 580 1
771 361 1
771 580 0
771 692 0
774 459 0
774 580 1
774 768 1
775 440 0
775 580 1
775 781 1
776 109 0
776 414 0
778 551 0
778 580 0
779 287 0
779 926 0
780 580 0
782 580 0
784 580 0
785 580 0
787 236 0
787 580 0
787 956 1
788 222 1
788 841 1
791 523 0
791 580 0
794 580 0
795 580 1
796 580 1
802 580 1
805 163 0
805 391 0
806 580 0
807 119 0
807 672 1
808 396 0
808 499 1
831 580 0
811 580 0
815 526 0
815 571 1
815 580 1
816 580 0
818 271 0
818 797 1
819 580 1
820 580 0
822 233 0
822 580 0
822 747 0
823 580 1
825 469 1
825 498 1
830 580 0
832 525 1
832 580 0
832 760 0
834 509 1
834 520 0
834 580 0
835 580 0
836 580 0
837 580 1
928 580 1
842 526 1
842 571 0
843 451 1
843 698 1
844 580 0
845 580 0
845 777 0
845 935 1
847 160 0
847 580 1
847 836 0
850 580 1
850 853 0
850 880 0
851 580 1
852 580 0
855 580 1
857 173 0
857 254 1
859 580 1
860 580 0
861 478 0
861 580 0
861 670 0
862 580 0
865 220 0
865 264 0
865 580 0
866 189 0
866 580 1
866 761 0
867 246 0
867 537 0
867 580 0
868 27 0
868 635 0
869 559 1
869 726 0
871 326 1
871 839 1
873 643 1
873 960 0
875 160 1
875 580 0
875 836 0
876 201 0
876 996 1
878 77 1
878 770 0
882 20 1
882 196 1
882 580 1
885 580 1
886 171 1
886 193 1
887 64 0
887 317 1
887 580 1
888 580 0
889 20 0
889 196 1
889 580 1
893 228 0
893 394 0
895 580 1
895 864 1
897 568 0
897 580 1
897 709 0
901 580 0
902 195 0
902 491 1
902 580 0
903 580 1
903 611 0
903 983 1
904 580 0
906 270 1
906 978 0
908 591 1
908 646 0
909 580 0
914 580 0
915 302 1
915 580 1
915 911 1
917 580 0
918 144 0
918 145 0
918 354 0
918 580 1
919 290 0
919 294 0
919 580 1
922 580 0
923 580 1
930 14 0
930 483 0
931 580 1
932 580 1
936 777 0
936 935 0
937 580 0
938 605 0
938 934 0
939 225 1
939 265 1
939 580 1
940 580 0
940 772 0
940 824 1
942 580 1
943 580 1
944 104 0
944 200 1
944 580 0
946 580 1
947 351 0
947 580 1
947 678 0
949 580 0
951 510 1
951 580 0
951 883 1
953 766 1
953 892 1
954 288 0
954 532 1
955 580 1
958 580 0
961 580 1
963 580 1
964 580 0
965 580 0
968 26 1
968 198 1
968 509 0
968 580 1
969 580 0
974 580 1
976 580 1
980 0 0
980 621 1
981 139 0
981 891 0
982 35 1
982 385 1
982 580 1
985 580 1
988 580 0
992 26 0
992 198 0
992 580 0
994 27 1
994 635 1
995 145 1
995 169 1
995 580 0
997 468 0
997 570 0
998 580 1
999 14 1
999 483 1
999 580 1
