1 24 0
1 38 0
1 45 1
1 171 1
1 5 0
24 38 0
2 38 0
3 38 0
3 68 1
68 38 0
5 38 1
5 45 1
5 171 1
5 24 0
45 38 1
45 144 0
171 38 0
6 5 1
6 38 0
6 86 1
6 109 0
6 187 0
6 188 1
6 171 0
6 24 0
6 45 0
86 20 1
86 38 1
86 71 0
86 167 1
109 38 0
187 38 1
187 41 0
188 38 1
7 34 1
7 38 1
34 38 0
8 99 1
8 196 0
99 45 0
99 93 1
99 133 0
99 145 0
196 38 0
9 38 1
10 12 0
10 38 0
10 184 0
12 38 1
184 38 1
11 20 0
11 38 0
11 141 0
20 12 1
20 35 0
20 38 1
141 38 0
13 25 1
13 38 1
13 39 0
13 136 1
25 38 1
39 38 1
39 91 0
136 38 1
15 38 1
15 55 0
15 72 0
15 86 0
15 140 0
15 177 0
55 18 0
55 38 0
55 83 0
72 38 0
72 43 0
72 87 1
72 115 0
140 38 1
177 38 0
177 104 0
16 38 0
16 91 0
91 38 0
18 38 0
35 38 1
21 38 0
22 38 1
22 55 1
22 119 1
22 172 0
119 38 1
119 128 1
172 38 1
172 140 1
23 38 1
23 168 0
23 177 1
168 9 1
168 38 0
26 38 1
26 186 0
186 38 0
186 119 1
186 140 0
27 38 0
27 111 1
111 38 0
28 38 1
28 99 1
28 196 1
31 38 0
31 115 0
31 198 0
115 38 1
115 45 1
115 151 0
115 5 0
198 9 1
198 38 0
198 130 0
198 158 0
33 72 1
33 177 1
36 38 0
36 173 1
36 188 0
36 191 0
173 38 0
191 38 0
37 13 0
37 38 1
37 39 1
37 147 0
147 38 1
147 39 1
147 78 0
147 92 1
147 151 1
40 34 0
40 38 0
40 83 1
83 38 0
41 38 1
41 63 0
63 38 0
42 38 0
43 38 1
43 73 1
43 136 1
73 38 0
73 66 0
144 38 0
46 38 0
46 153 1
153 38 0
47 38 1
47 100 0
47 172 1
47 195 0
100 38 0
100 152 0
100 170 0
100 173 0
195 38 1
195 158 1
195 197 1
49 38 0
49 62 0
49 154 1
49 197 0
62 2 0
62 38 1
62 5 0
62 45 1
154 38 1
154 198 0
197 38 0
50 10 0
50 59 1
59 38 1
59 149 1
51 38 0
51 91 0
52 38 1
52 140 0
52 176 1
52 185 1
176 38 0
185 9 0
185 38 0
185 125 0
185 138 0
53 73 0
53 136 1
54 38 0
54 147 0
54 193 0
193 38 0
193 62 0
57 18 0
57 38 0
57 165 0
57 193 1
165 38 0
58 38 1
58 144 0
58 198 1
149 38 1
149 130 0
61 16 0
61 38 1
64 38 1
65 5 0
65 38 0
65 150 1
65 171 1
65 24 0
150 20 1
150 38 0
66 38 1
66 161 0
66 189 0
161 38 1
161 51 1
161 52 0
69 39 0
69 126 0
126 38 0
126 73 0
70 38 0
70 64 0
70 194 0
194 16 1
194 38 1
194 128 0
71 38 1
71 39 0
71 126 1
87 38 0
87 97 0
87 136 0
74 38 0
74 149 1
76 38 0
78 38 1
82 38 1
82 41 0
84 91 0
84 158 1
84 180 0
84 195 0
158 16 1
158 38 1
158 161 1
158 189 0
180 38 1
180 64 0
180 167 0
85 38 1
85 41 1
167 38 1
97 38 0
88 38 0
88 70 1
88 147 0
90 38 0
90 71 1
90 107 0
90 119 1
92 38 1
93 5 1
93 38 0
93 46 0
93 24 1
93 171 1
93 2 0
93 45 1
94 38 0
94 168 1
96 12 1
96 38 1
133 23 0
133 38 1
133 58 1
145 18 0
145 38 0
145 76 1
145 137 0
152 38 1
152 117 0
170 11 0
170 12 1
170 38 0
170 171 1
170 5 0
170 24 1
101 3 0
101 38 0
101 70 0
101 119 1
103 38 1
103 55 0
103 177 1
104 38 0
104 165 0
105 24 0
105 38 0
105 78 0
105 139 0
105 151 0
105 45 1
105 171 1
105 5 1
139 38 1
139 128 1
139 183 0
151 38 0
106 23 0
106 38 0
106 70 1
106 178 0
110 35 1
110 38 1
110 177 1
112 38 1
113 38 1
113 107 1
113 119 0
114 85 0
114 136 0
114 148 1
114 171 0
148 2 0
148 38 0
148 109 0
148 177 0
148 187 0
148 188 0
148 5 1
148 45 1
117 38 0
117 39 1
118 38 1
128 38 0
128 70 0
128 178 1
128 185 1
120 38 0
120 63 0
120 153 0
122 72 0
122 97 0
122 139 0
122 172 0
124 38 1
125 38 0
127 38 1
127 147 0
127 171 1
127 5 1
127 24 0
129 34 0
129 38 1
129 165 1
130 38 0
131 38 0
131 125 1
131 138 1
131 180 0
138 12 1
138 38 0
138 167 1
132 38 0
134 38 0
137 38 0
183 38 0
146 38 0
146 125 0
146 141 0
159 38 0
160 10 0
160 38 0
160 59 1
160 184 1
160 191 1
163 38 0
166 38 1
166 152 0
169 5 0
169 38 1
169 91 0
169 184 0
169 171 1
169 24 1
169 2 1
169 45 0
174 38 1
174 168 1
181 38 1
182 20 0
182 38 1
182 128 1
192 38 1
192 115 1
199 38 0
199 128 1
