0 37 0
0 166 0
0 199 1
0 2 1
37 78 0
37 80 0
37 166 0
2 166 1
2 199 1
2 37 1
199 166 1
3 95 0
3 149 0
3 166 1
3 199 1
3 37 1
95 166 1
149 166 0
4 82 1
4 163 0
4 166 0
82 135 0
82 164 0
82 166 1
163 23 0
163 112 1
163 166 0
6 21 1
6 166 1
21 166 1
7 156 0
7 166 1
156 8 0
156 166 1
8 166 1
8 193 1
193 101 1
193 154 1
193 166 1
9 0 0
9 166 1
9 193 1
9 37 0
9 2 1
11 9 1
11 166 0
11 171 1
11 190 1
171 86 0
171 166 0
190 77 1
190 96 1
190 166 0
12 89 0
12 166 0
89 51 0
89 166 1
13 154 0
13 166 1
154 136 1
154 166 0
16 80 0
16 86 1
16 166 0
80 120 1
80 134 0
80 166 0
86 166 1
17 166 0
18 146 1
18 164 0
18 166 0
18 178 0
164 166 1
178 84 0
178 166 1
19 166 1
20 9 1
20 190 0
22 63 1
22 81 0
22 85 1
22 166 1
63 37 1
63 71 0
63 166 1
63 199 0
63 0 1
63 2 1
81 85 1
81 107 1
81 166 0
85 166 1
23 166 1
24 90 1
24 166 0
90 166 0
25 166 1
26 112 1
26 166 1
112 25 0
112 44 0
112 52 1
112 166 1
28 146 0
28 166 0
28 178 0
29 166 1
30 161 1
30 166 0
161 166 1
32 2 1
32 22 1
32 156 0
32 166 0
32 199 0
32 37 0
33 23 0
33 58 0
33 95 1
33 149 0
33 166 1
58 166 1
34 24 1
34 58 1
34 166 1
78 71 1
78 166 0
78 178 1
38 58 1
38 166 1
38 181 0
38 184 1
181 166 0
181 195 1
184 29 1
184 42 1
184 86 0
184 166 1
41 28 0
41 56 1
41 166 0
41 179 1
56 166 1
179 121 1
179 166 0
179 192 1
42 166 0
43 17 0
43 166 1
43 194 1
194 54 1
194 108 1
194 166 1
44 85 1
44 134 0
44 166 1
134 166 0
134 194 0
45 150 0
45 166 1
150 166 1
46 101 1
46 154 0
101 29 0
101 166 1
48 2 0
48 3 1
48 166 0
48 37 0
48 199 0
50 107 1
50 132 1
50 142 1
50 166 0
107 166 1
132 44 0
132 52 0
132 166 0
142 166 0
51 166 1
54 24 1
54 166 1
55 4 1
55 161 0
55 166 0
59 136 0
59 166 1
59 183 1
136 166 0
183 166 1
60 166 1
61 102 1
61 129 1
61 166 1
102 136 0
102 144 1
102 166 1
129 23 1
129 95 0
129 199 0
71 166 0
66 166 1
69 8 0
69 86 1
69 182 1
69 199 0
182 166 1
70 173 1
70 177 1
177 51 0
177 69 0
177 166 0
72 56 1
72 151 0
72 166 1
151 166 1
73 166 0
74 48 0
74 135 1
74 164 0
74 166 1
135 85 0
135 166 1
75 166 0
76 18 1
76 37 0
76 166 1
76 2 0
76 199 1
77 166 0
77 171 1
79 129 0
79 166 1
120 166 0
83 61 0
83 92 1
83 166 1
92 51 1
92 166 0
84 21 1
84 166 0
87 99 0
87 166 0
87 179 1
99 166 1
88 22 1
88 129 1
88 166 0
88 181 0
88 184 1
88 193 0
91 96 1
91 123 1
91 129 1
91 166 1
96 166 0
123 89 0
123 166 1
94 102 1
94 129 0
97 129 1
97 166 0
144 166 1
144 178 0
103 89 1
103 166 1
108 166 0
108 179 0
110 82 1
110 166 1
111 4 0
111 107 1
111 166 0
111 190 0
116 166 1
118 157 1
118 166 0
157 60 1
157 166 0
157 182 1
119 37 0
119 166 1
119 199 0
119 2 1
121 166 1
124 166 1
131 60 1
131 166 0
131 182 1
133 154 1
133 166 1
137 8 0
137 166 1
140 18 1
140 166 0
143 123 1
143 154 1
143 166 0
143 193 0
145 134 0
145 166 1
148 134 0
148 166 0
152 116 0
152 131 0
152 166 1
153 166 1
155 51 1
155 136 1
155 166 1
160 166 0
162 30 0
162 78 0
162 80 0
162 116 1
162 166 0
167 166 0
168 85 1
168 153 0
168 166 0
169 166 1
170 89 0
170 155 0
170 166 1
172 42 1
172 134 0
172 166 0
175 8 0
175 34 1
175 86 1
175 137 0
175 166 0
176 166 0
192 166 0
195 8 1
195 137 0
195 166 0
185 51 0
185 153 0
185 166 0
186 166 1
186 173 0
186 177 1
186 196 0
196 166 1
187 0 0
187 85 1
187 166 0
187 37 0
187 2 0
189 166 0
191 136 0
191 166 0
197 2 1
197 51 1
197 110 0
197 121 1
197 166 0
197 192 1
197 199 1
197 37 0
198 166 1
