0 125 1
0 222 0
0 88 0
0 69 0
0 182 0
0 95 0
125 69 0
125 392 1
222 69 0
222 207 1
222 217 0
2 69 0
2 134 1
2 88 1
2 95 0
2 195 1
134 69 0
3 69 0
3 95 0
3 182 0
3 88 0
3 195 0
3 134 0
3 125 0
3 222 0
95 69 0
4 69 0
6 69 1
8 69 1
8 88 0
8 195 1
8 125 0
8 222 0
8 134 0
8 95 1
195 69 0
9 139 1
9 355 0
139 69 0
139 78 0
355 69 0
10 69 0
11 209 0
11 260 0
260 69 1
13 69 0
14 69 0
16 69 0
18 69 0
18 178 0
18 346 1
19 69 0
22 69 0
22 75 0
22 169 0
75 69 0
169 69 0
23 65 1
23 131 0
65 69 0
24 69 0
24 96 0
96 69 0
96 172 0
96 256 1
27 69 0
28 69 0
28 178 0
28 346 0
29 75 1
29 169 1
31 69 0
33 80 0
33 149 0
80 61 0
80 69 0
34 69 1
34 95 0
34 125 0
34 222 0
34 88 0
34 195 1
34 134 0
34 182 0
37 69 1
38 69 0
40 69 0
40 148 1
40 221 0
148 69 0
221 61 0
221 69 0
41 69 0
42 69 0
43 69 0
44 69 0
45 69 0
48 27 1
48 69 0
48 87 1
87 69 1
49 69 0
50 69 0
51 342 0
51 345 0
342 69 0
345 69 0
345 110 0
52 63 0
52 69 0
63 69 0
53 69 0
53 142 0
142 69 0
54 69 0
55 69 0
57 69 0
57 286 1
286 69 0
58 69 0
59 69 0
60 69 1
61 69 0
66 69 0
66 166 0
66 172 0
166 69 0
172 69 1
68 148 0
68 221 0
70 69 0
71 164 0
71 326 0
164 69 0
72 69 0
73 139 0
73 355 1
74 173 0
74 335 0
76 69 0
78 37 0
78 69 0
78 321 0
79 69 0
82 69 1
85 69 1
86 69 1
86 294 0
294 69 0
294 102 0
294 329 0
89 69 1
89 391 0
391 69 0
90 69 0
91 69 0
93 69 0
256 69 0
97 69 0
97 90 0
97 293 0
293 69 0
293 198 0
99 69 0
100 69 0
101 37 0
101 69 0
101 307 0
101 321 0
307 69 0
102 69 0
105 69 0
105 133 0
133 69 0
106 69 0
107 56 0
107 69 0
107 95 0
107 241 0
107 125 1
107 222 0
107 134 0
107 182 0
107 195 1
107 88 1
241 69 0
108 69 0
108 231 0
108 245 0
109 322 0
109 353 1
110 69 0
111 69 1
112 52 0
112 69 0
112 241 1
112 244 0
244 69 0
113 69 0
113 334 0
334 69 1
334 134 1
334 366 0
334 88 0
334 95 0
334 125 0
334 222 1
334 195 0
114 69 1
115 43 0
115 69 0
115 301 0
115 313 0
301 69 0
116 69 0
117 236 0
117 253 0
236 8 0
236 69 0
118 285 0
118 323 0
285 69 0
120 69 0
120 231 0
120 245 0
120 311 0
311 69 1
121 69 1
123 69 0
123 241 0
124 69 0
124 284 0
124 352 0
284 69 0
392 69 0
132 69 0
136 69 0
137 69 0
137 88 0
137 195 0
137 125 0
137 222 1
137 134 0
137 95 0
138 69 0
141 69 0
144 214 0
144 317 0
214 69 0
146 69 0
146 297 0
297 69 0
147 69 0
150 160 0
150 183 1
160 69 0
152 69 0
154 46 0
154 302 0
155 69 0
156 69 0
156 248 0
248 69 1
157 322 0
157 353 0
158 27 0
158 69 0
158 87 0
159 69 1
159 90 0
159 293 0
162 69 1
163 69 1
165 69 0
165 295 1
295 69 0
295 166 0
295 206 0
295 391 0
168 69 0
170 69 0
171 69 1
176 69 0
177 69 0
179 121 1
179 192 0
192 69 0
180 69 1
180 164 0
180 326 0
181 184 0
181 238 0
184 69 0
185 69 0
185 284 0
185 352 1
186 175 0
186 377 0
377 69 0
187 69 1
188 69 0
188 394 0
394 69 0
394 166 0
394 206 0
193 46 0
193 69 0
193 302 0
196 69 0
196 85 0
196 216 1
197 69 0
198 44 0
198 69 0
199 69 0
199 160 1
199 307 0
199 342 0
199 345 0
200 18 0
200 69 0
200 213 0
200 244 0
213 69 1
202 69 0
203 69 0
204 69 1
205 69 0
207 69 0
208 69 1
210 69 0
211 60 0
211 168 0
212 69 0
215 19 0
215 69 1
215 145 0
217 69 0
218 69 0
218 251 0
251 4 0
251 69 0
220 69 1
220 190 0
220 289 0
220 364 1
220 368 0
289 69 0
289 172 0
289 256 0
364 69 1
368 69 0
368 297 1
224 56 0
224 241 0
227 69 0
227 381 0
381 69 1
228 69 1
230 69 0
232 69 0
237 69 1
240 69 1
243 69 1
243 78 0
243 134 1
243 366 0
243 88 0
243 195 0
243 125 1
243 222 0
243 95 0
366 69 0
247 69 1
249 214 0
249 317 1
250 132 0
250 247 0
254 69 0
254 125 0
254 222 1
254 381 0
254 88 0
254 182 0
254 95 0
255 69 1
255 160 0
255 183 0
258 69 0
259 69 0
259 273 0
259 341 0
273 69 0
341 69 0
261 102 0
261 329 0
329 69 0
329 90 1
263 19 1
263 69 1
263 145 1
265 69 0
266 69 1
266 396 1
396 69 0
267 22 1
267 69 0
270 69 0
270 173 1
270 335 0
272 5 1
272 324 0
274 69 0
274 175 0
274 377 0
276 285 0
276 323 0
278 69 0
279 69 0
280 14 0
280 69 0
282 190 0
282 364 0
283 20 0
283 58 0
287 69 0
287 187 1
287 341 0
292 20 0
292 58 1
292 69 1
298 69 0
299 69 1
299 172 0
303 69 0
310 69 1
312 69 0
315 69 1
318 69 0
319 69 0
320 69 0
325 69 0
325 195 0
325 260 0
330 69 0
331 95 0
331 182 0
331 88 0
331 69 1
331 134 0
332 52 0
332 244 0
333 69 1
336 69 0
337 69 0
339 69 0
344 69 0
344 164 0
347 69 0
348 65 1
348 69 0
348 131 0
349 69 0
354 69 0
357 209 1
357 260 0
360 69 1
360 85 0
360 216 0
360 237 0
361 239 0
361 316 0
362 80 0
362 149 0
363 69 0
370 69 0
371 69 0
371 163 0
372 69 1
374 69 1
374 320 1
375 69 1
376 69 0
378 132 0
378 247 0
383 69 1
385 239 0
385 316 0
386 5 0
386 69 0
386 315 0
386 324 0
387 69 0
389 43 0
389 69 0
389 313 0
390 38 0
390 69 0
390 184 1
390 238 1
395 69 0
395 236 0
395 253 0
397 69 0
397 121 0
397 192 0
399 60 1
399 69 0
399 168 1
