0 125 0
0 183 0
0 222 0
0 182 1
0 28 0
0 95 0
1 183 0
2 183 0
3 95 0
3 182 0
3 183 0
3 125 0
3 222 1
3 307 0
3 28 0
95 183 1
182 183 1
4 28 0
4 183 0
4 307 0
4 125 0
4 222 0
4 182 0
28 178 0
28 183 1
28 346 0
307 183 0
5 183 1
7 183 0
8 88 0
8 195 1
88 28 0
88 183 0
88 125 0
88 222 0
88 307 0
88 182 0
195 183 0
9 139 1
9 183 0
9 355 1
139 19 0
139 44 0
139 183 0
355 183 0
355 307 0
355 182 0
355 125 0
355 222 0
11 209 1
11 260 0
260 183 1
12 183 0
13 183 0
13 195 0
14 177 0
14 183 0
177 24 1
177 183 0
15 183 0
17 183 0
18 178 0
18 183 1
18 319 1
18 346 0
319 183 0
346 183 0
346 195 0
19 183 0
20 183 0
21 183 0
22 75 0
22 167 0
22 169 0
22 183 0
167 183 1
169 14 0
169 183 0
23 48 0
23 65 0
23 131 0
23 183 1
48 183 1
65 111 0
65 183 0
131 183 1
24 183 0
27 183 1
29 75 1
29 169 0
30 153 0
30 183 0
153 183 0
31 183 0
32 183 0
33 23 0
33 80 0
33 149 0
33 183 0
80 183 0
80 217 0
80 395 0
149 183 0
149 234 1
35 183 0
35 279 1
279 183 0
37 183 0
38 183 0
38 230 1
38 235 0
230 183 0
235 183 0
40 148 1
40 183 0
40 221 0
40 269 0
221 183 0
269 183 0
269 336 0
42 164 0
42 183 0
164 183 0
44 183 0
45 183 0
45 320 0
320 183 0
47 183 0
47 252 1
252 183 0
51 342 0
51 345 1
342 183 0
345 183 0
54 183 1
54 274 0
274 175 0
274 183 0
274 377 0
55 183 1
57 183 1
57 337 0
337 183 0
58 183 0
60 183 0
61 183 0
111 183 0
66 183 0
67 183 0
67 318 0
318 183 0
68 148 0
68 221 0
69 183 1
70 183 0
70 237 0
237 183 0
71 60 0
71 164 0
71 183 0
71 326 1
71 347 0
347 183 0
73 139 0
73 355 0
74 173 0
74 335 0
76 183 0
77 183 0
78 37 0
78 183 0
78 321 0
79 183 0
79 395 1
395 183 0
395 236 0
395 253 0
217 183 0
82 165 0
82 183 1
165 168 0
165 183 0
83 183 0
84 183 0
85 80 0
85 183 0
85 279 0
86 183 0
87 183 1
89 27 1
89 183 0
91 183 0
93 183 0
94 183 0
96 183 0
96 245 0
245 183 0
97 90 0
97 293 1
98 17 0
98 183 0
98 342 1
99 183 0
99 290 0
290 183 0
100 183 0
100 259 0
259 183 1
101 37 1
101 183 0
101 321 0
102 183 1
104 183 1
104 312 0
312 183 0
105 19 1
105 183 1
108 183 1
108 185 1
108 231 0
108 245 1
185 183 0
185 284 0
185 352 1
109 183 0
109 322 0
109 353 1
322 183 1
353 183 0
112 52 0
112 183 0
112 244 0
244 183 0
244 323 0
113 183 0
113 185 0
113 244 0
113 312 0
115 43 1
115 183 0
115 313 1
116 183 0
117 183 0
117 236 1
117 253 0
236 183 0
253 183 1
253 195 1
118 183 0
119 183 0
120 154 0
120 183 0
120 231 1
120 245 0
154 46 0
154 182 1
154 183 0
154 302 0
154 125 1
154 222 1
154 28 0
121 183 0
124 284 0
124 352 0
126 99 0
126 183 0
128 136 0
128 183 0
136 60 1
136 183 0
130 183 0
132 183 0
133 183 0
135 183 0
137 88 0
137 182 0
137 183 0
137 195 0
137 307 0
137 125 0
137 28 0
138 183 0
140 141 0
140 183 1
141 183 0
142 183 0
144 183 0
144 214 0
144 317 1
214 183 0
317 183 0
317 198 0
147 183 0
234 183 0
150 160 0
150 183 1
160 183 0
155 183 0
156 183 0
156 395 1
157 183 0
157 322 0
157 353 1
158 183 1
159 90 0
159 183 0
159 232 0
159 293 0
232 183 0
162 19 0
162 183 0
163 183 0
163 256 0
256 183 0
168 183 0
166 183 1
170 183 0
172 183 0
174 183 0
174 237 1
179 121 0
179 192 0
192 183 0
180 164 0
180 183 0
180 326 0
181 184 0
181 238 0
184 183 0
186 175 0
186 377 0
187 183 0
191 183 0
193 46 0
193 183 0
193 302 1
196 183 0
197 183 0
198 183 0
199 183 0
199 342 0
199 345 0
201 183 0
202 183 0
205 164 0
205 183 0
207 183 1
208 183 1
210 183 0
211 60 1
211 168 0
211 183 0
212 183 0
212 244 0
213 183 0
215 19 0
215 145 0
215 183 0
216 183 0
220 166 0
220 183 1
220 190 0
220 364 0
364 183 0
223 183 0
225 183 0
227 183 0
233 183 0
240 183 0
243 134 0
243 183 0
243 366 0
366 150 0
366 183 0
323 183 0
249 183 0
249 214 0
249 276 0
249 317 0
276 183 0
250 132 0
250 158 1
250 167 0
250 183 0
250 247 0
250 389 0
389 43 1
389 167 1
389 183 0
389 313 0
251 183 0
251 290 0
254 125 0
254 183 1
254 222 0
254 182 0
254 28 0
254 95 0
255 160 1
255 183 0
258 183 1
258 211 0
261 102 0
261 329 0
329 183 0
262 5 0
262 183 0
263 19 0
263 145 1
263 183 0
263 260 0
264 153 0
264 183 0
265 183 0
267 183 0
336 119 0
336 183 0
336 260 0
336 311 0
270 93 0
270 173 1
270 183 0
270 335 0
271 183 0
272 5 0
272 324 0
273 183 0
273 237 0
275 183 0
275 317 0
277 183 0
278 183 0
280 183 0
281 183 0
281 317 1
282 183 1
282 190 0
282 364 0
283 20 0
283 58 1
286 183 1
287 183 0
292 20 1
292 58 1
292 183 0
294 102 1
294 329 0
295 166 0
295 183 0
295 206 1
297 183 1
297 366 1
298 183 0
300 2 0
300 183 0
301 183 0
301 240 0
303 183 0
306 69 0
306 183 0
310 28 1
310 183 1
310 254 0
310 307 1
310 182 0
310 125 0
310 222 1
311 183 1
314 167 0
314 183 0
315 183 0
315 215 1
316 35 0
316 142 1
316 183 0
327 183 1
331 95 0
331 182 0
331 183 0
331 307 0
331 28 0
331 125 0
331 222 1
332 52 0
332 244 0
334 134 0
334 183 0
334 348 0
334 366 0
334 395 0
348 65 0
348 131 0
348 183 1
349 183 1
350 183 0
351 183 0
354 183 0
357 209 0
357 260 1
361 183 0
362 80 0
362 149 0
362 183 0
363 18 0
363 183 0
363 201 1
369 183 0
370 183 0
370 320 0
371 183 1
372 183 0
372 260 1
373 183 0
373 225 1
375 183 0
378 132 0
378 247 0
382 183 0
383 183 0
385 183 0
386 5 0
386 183 0
386 324 0
388 183 0
390 183 0
390 184 0
390 238 0
391 183 0
392 183 0
394 166 0
394 183 0
394 206 0
397 121 0
397 183 0
397 192 0
398 183 1
398 336 0
399 60 1
399 168 1
399 183 1
399 318 0
399 323 0
