0 313 0
1 313 0
3 95 0
3 182 0
3 313 0
3 399 0
3 20 0
3 23 0
3 0 0
95 313 0
95 399 1
95 23 0
95 0 0
182 23 0
182 144 0
182 313 0
182 20 1
182 0 0
182 95 0
182 399 0
4 313 0
6 20 0
6 155 0
6 313 1
6 23 0
6 399 0
6 95 0
6 0 0
6 182 0
20 313 0
155 36 0
155 313 1
7 109 0
7 313 1
109 313 0
8 88 0
8 195 0
88 101 0
88 313 0
195 272 0
195 313 1
9 313 0
11 209 0
11 260 0
209 313 1
260 75 0
260 100 0
260 313 0
14 313 0
16 135 0
16 313 0
135 313 0
17 47 0
17 313 0
47 146 0
47 313 0
18 178 0
18 313 0
18 346 0
18 366 0
178 23 0
178 136 0
178 313 0
178 0 0
178 95 0
346 41 0
346 167 1
346 313 0
366 313 0
19 23 0
19 285 1
19 313 0
23 65 0
23 131 0
23 313 1
285 313 0
21 313 0
22 313 0
24 123 1
24 313 0
24 369 1
123 313 0
369 313 1
25 63 0
25 137 1
25 313 0
63 313 0
137 88 0
137 195 1
137 313 0
28 178 0
28 346 0
29 313 0
32 313 0
33 56 0
33 63 0
33 80 0
33 149 0
33 313 1
56 313 0
80 313 0
149 156 0
149 313 0
34 313 1
35 108 0
35 169 0
35 171 0
35 313 0
108 36 0
108 313 0
169 313 1
171 313 0
36 313 0
36 392 0
392 313 0
37 83 0
37 112 1
37 313 0
83 313 0
112 52 0
112 244 0
112 313 0
38 313 0
38 399 1
38 95 0
38 23 0
38 0 0
399 313 0
39 201 0
39 313 1
201 313 0
40 148 0
40 221 0
40 283 0
40 313 0
148 313 0
283 20 0
283 58 0
283 313 1
283 0 1
283 95 0
283 182 0
283 23 1
41 201 0
41 313 0
42 313 1
43 184 0
43 313 0
184 313 0
44 132 0
44 313 0
132 313 0
45 313 0
46 204 0
46 313 1
204 313 0
146 313 0
48 245 0
48 313 0
245 313 0
49 313 0
50 313 0
51 313 0
53 313 0
53 392 0
54 313 0
55 72 0
55 313 0
72 313 0
57 313 0
58 256 0
58 313 0
58 394 0
256 313 0
394 166 0
394 206 0
394 313 0
60 313 0
61 137 0
61 313 1
62 94 0
62 313 0
94 313 0
66 313 0
66 324 0
324 313 1
67 84 1
67 239 0
67 349 0
67 377 0
84 256 1
84 313 0
239 313 0
349 313 1
377 313 0
68 148 0
68 221 0
68 313 0
69 219 0
69 313 1
219 313 0
70 313 1
71 313 0
73 212 0
73 293 1
73 313 0
212 313 0
293 313 0
74 173 1
74 255 0
74 313 0
74 335 0
173 137 1
173 313 1
255 313 0
75 313 0
77 313 0
78 37 1
78 321 0
321 313 1
79 135 0
79 313 0
82 167 0
82 313 0
167 285 0
167 313 0
86 313 1
87 313 0
101 37 0
101 255 0
101 313 0
101 321 1
101 386 0
90 313 0
92 285 0
92 313 1
93 313 1
97 90 0
97 293 1
99 313 0
100 313 0
386 5 0
386 209 0
386 231 0
386 313 0
386 324 0
102 304 1
102 313 0
304 313 0
304 327 0
103 230 0
103 313 0
103 333 0
103 369 0
230 236 1
230 313 0
333 313 0
104 313 0
104 340 0
340 298 0
340 313 0
105 313 1
106 169 1
106 313 0
107 313 0
110 313 0
244 313 0
113 245 0
113 313 1
113 384 0
384 74 0
384 313 0
384 392 0
115 43 0
115 313 0
116 313 0
117 313 0
118 313 1
119 36 0
119 313 0
120 3 0
120 171 0
120 238 0
120 313 0
238 313 0
121 313 0
122 23 0
122 313 1
122 329 0
329 313 0
126 20 0
126 313 0
126 376 1
126 23 0
126 399 1
126 95 0
126 0 1
376 313 0
376 324 0
127 163 0
127 313 0
127 326 1
163 313 0
326 132 1
326 313 0
133 313 0
134 236 0
134 299 1
134 313 0
236 313 0
299 313 0
136 313 0
139 313 0
140 313 0
142 219 0
142 285 0
142 313 0
143 32 1
143 313 0
144 313 0
145 313 1
145 322 0
322 313 0
147 24 0
147 61 0
147 313 1
156 313 0
150 313 0
153 44 0
153 119 1
153 313 1
153 399 0
154 46 0
154 302 0
157 313 0
159 56 0
159 90 0
159 293 0
159 313 1
162 313 0
162 329 0
164 284 0
164 313 0
284 313 0
165 204 0
165 313 0
166 313 0
168 313 0
170 313 1
170 394 0
174 313 0
175 56 0
175 313 0
175 318 0
318 14 1
318 69 0
318 259 0
318 313 0
176 313 0
177 208 0
177 313 0
208 313 0
179 121 0
179 192 0
179 313 0
192 313 1
192 331 0
181 184 1
181 238 0
183 313 0
185 240 1
185 313 0
240 144 0
240 244 1
240 348 0
186 61 0
186 175 0
186 284 0
186 313 0
186 324 0
186 377 0
187 313 0
188 285 0
188 313 0
188 340 0
189 272 0
189 313 0
189 399 1
272 5 0
272 23 0
272 92 0
272 280 0
272 313 0
272 324 0
272 20 0
272 95 1
272 399 0
190 313 0
190 327 0
190 370 1
327 313 0
370 313 0
191 313 0
331 95 0
331 182 0
331 313 1
331 399 0
331 23 0
331 20 0
331 0 0
193 46 0
193 302 1
194 313 1
196 313 0
197 56 0
197 313 0
198 38 1
198 212 0
198 295 1
198 313 0
295 20 0
295 25 0
295 100 0
295 166 1
295 206 0
295 313 0
200 157 0
200 313 0
200 326 0
200 359 0
359 25 0
359 95 0
359 313 0
359 368 0
359 23 1
359 20 0
359 0 0
202 313 0
203 313 0
203 326 1
206 313 1
210 176 0
210 313 1
211 313 1
213 313 1
215 313 1
216 7 0
216 234 0
216 313 0
234 313 0
234 399 0
220 190 1
220 364 0
364 72 0
364 313 0
222 313 0
222 334 0
334 134 0
334 245 1
334 313 0
334 366 0
223 202 1
223 313 1
225 50 0
225 209 0
225 313 0
227 313 0
227 392 0
228 136 0
228 313 0
228 399 0
229 285 1
229 313 0
231 313 0
232 115 1
232 313 0
233 313 0
235 254 0
235 313 0
235 367 0
254 240 0
254 313 0
367 197 0
367 313 1
237 313 0
348 47 0
348 65 0
348 131 1
348 313 0
242 313 0
243 134 0
243 313 0
243 366 0
248 263 0
248 313 1
263 313 0
249 313 1
250 284 0
250 313 0
252 71 0
252 313 0
257 313 1
257 392 1
258 208 1
258 313 0
259 313 1
261 83 0
261 102 0
261 313 0
261 329 0
262 103 0
262 295 1
262 313 0
262 316 0
316 313 0
264 0 0
264 313 0
264 20 0
264 23 0
265 313 0
267 73 0
267 263 1
267 301 0
267 313 0
301 36 0
301 313 0
270 105 0
270 173 0
270 313 0
270 335 0
271 44 1
271 51 0
271 313 1
280 56 0
280 313 0
274 136 0
274 175 1
274 255 0
274 313 0
274 377 0
275 133 0
275 173 0
275 313 0
276 24 1
276 313 0
277 313 0
279 313 0
281 72 0
281 166 0
281 313 0
281 339 1
339 227 0
339 313 0
282 190 0
282 313 0
282 364 0
286 313 0
287 313 0
289 120 0
289 313 0
290 313 0
290 330 0
330 313 0
291 313 1
292 20 0
292 58 1
292 313 1
294 102 0
294 313 0
294 329 0
296 20 0
296 313 0
297 313 0
298 313 0
300 100 0
300 210 0
300 313 0
303 215 0
303 233 0
303 313 0
305 38 0
305 313 0
307 301 0
307 313 0
308 40 0
308 313 0
309 313 0
310 236 0
310 313 0
311 284 0
311 313 0
311 366 0
314 164 0
314 313 0
314 341 0
341 313 0
315 144 0
315 256 0
315 313 1
319 313 0
320 66 1
320 82 0
320 313 0
323 0 0
323 166 0
323 313 0
323 20 0
323 23 0
325 313 1
325 348 0
328 148 1
328 313 0
328 339 0
332 52 0
332 244 0
336 204 0
336 313 0
337 313 0
338 38 0
338 254 0
338 280 0
338 313 0
343 215 0
343 307 1
343 313 0
344 313 0
345 313 0
345 360 0
360 313 0
360 376 0
347 1 0
347 24 0
347 92 0
347 313 0
353 313 0
355 90 0
355 313 0
356 189 0
356 298 1
356 313 0
357 79 0
357 209 0
357 260 0
357 313 0
357 374 0
374 313 1
358 313 1
368 313 0
361 313 0
362 58 0
362 80 0
362 149 0
362 237 0
362 313 0
371 134 0
371 283 0
371 313 0
375 313 0
378 313 1
379 67 0
379 73 0
379 313 1
380 55 1
380 209 0
380 313 0
385 313 0
387 112 0
387 216 1
387 313 0
388 313 0
389 20 0
389 43 0
389 55 0
389 313 1
390 184 0
390 238 0
390 313 0
391 62 0
391 313 1
395 313 0
396 313 0
397 121 0
397 192 0
397 285 0
397 313 0
398 249 0
398 313 1
398 325 0
