0 491 1
3 306 1
3 595 1
3 38 1
3 491 1
3 168 0
3 421 1
306 491 1
595 102 1
595 491 1
4 491 1
4 549 1
549 491 1
8 491 0
10 491 0
11 168 0
11 292 1
11 421 1
11 491 1
11 306 1
11 595 1
11 38 1
11 472 1
11 8 0
292 348 0
292 458 1
292 491 1
12 491 1
14 38 1
14 472 1
14 491 1
14 168 1
14 595 1
14 292 0
14 421 1
14 8 1
14 306 1
38 491 0
472 491 1
15 491 1
16 491 1
19 491 1
21 491 1
22 491 1
23 491 0
24 94 1
24 491 1
94 102 1
94 129 0
94 491 0
27 108 1
27 491 1
108 491 1
28 178 1
28 491 1
28 546 1
178 491 1
29 491 1
30 491 1
31 491 1
32 326 0
32 491 1
326 491 1
33 491 1
34 491 1
35 491 1
37 49 0
37 344 1
37 491 1
49 491 1
344 486 1
344 491 0
39 491 0
41 458 1
41 491 1
458 491 0
42 491 1
44 342 1
44 491 0
342 491 0
45 491 1
46 491 1
47 491 1
48 226 1
48 491 1
226 491 1
51 491 1
52 108 1
52 491 0
56 491 0
57 284 1
57 401 1
57 491 1
284 491 0
59 491 1
61 400 0
61 491 1
400 491 1
62 491 1
63 491 1
66 491 1
67 491 0
69 491 1
71 491 1
74 335 1
74 364 1
76 24 1
76 56 1
77 491 1
78 491 1
79 491 1
80 491 1
81 491 1
84 54 0
84 200 1
84 491 1
85 491 0
86 491 1
88 491 1
90 277 1
90 491 0
90 533 1
277 491 1
533 491 1
91 491 0
102 491 1
95 491 1
96 491 1
97 491 1
98 491 1
99 491 1
100 491 1
103 491 0
104 491 1
105 242 1
105 491 1
242 491 1
106 491 1
112 491 1
113 189 1
113 491 0
113 515 0
114 491 1
115 260 1
115 491 1
115 531 1
531 491 1
120 382 1
120 491 1
382 491 0
122 309 1
122 431 1
309 292 1
309 491 0
309 168 0
309 38 0
309 472 1
309 8 1
309 421 1
309 595 1
124 189 1
124 515 1
125 491 1
130 491 1
131 491 0
135 332 1
135 450 1
135 491 0
450 61 1
450 491 1
136 8 0
136 491 1
136 595 1
136 168 0
136 421 1
137 491 1
138 491 1
139 491 1
140 491 0
142 491 1
143 491 1
144 491 1
146 185 0
146 269 1
146 491 0
185 491 0
269 491 1
148 491 1
149 306 0
149 491 1
149 595 1
149 38 1
149 168 1
149 421 1
149 472 1
149 292 1
151 491 1
152 491 1
154 300 0
154 307 1
154 310 1
154 491 0
307 47 0
307 491 1
307 534 1
310 491 1
157 491 1
157 523 1
157 558 1
158 451 1
158 491 1
451 491 1
160 491 1
161 39 1
161 316 1
316 491 1
163 491 0
164 491 1
165 491 0
166 243 1
166 406 1
166 491 0
166 595 1
166 292 1
166 306 1
166 421 0
166 38 1
166 472 1
166 8 0
243 491 1
167 491 1
169 87 0
169 405 1
169 491 1
170 491 0
172 41 0
172 491 1
172 507 1
507 491 0
175 24 1
175 491 1
176 491 1
179 283 1
179 318 1
283 491 0
318 491 1
180 491 1
181 491 1
183 491 0
184 461 1
184 491 1
184 534 0
184 547 1
184 590 1
461 491 0
534 491 1
547 491 0
186 491 1
187 94 1
187 491 0
188 491 1
190 101 1
190 491 1
190 584 0
191 491 0
194 491 1
195 137 1
195 381 1
195 491 1
196 491 1
202 198 1
202 490 1
490 491 0
203 491 1
204 199 1
204 278 1
204 491 1
205 21 1
205 272 1
205 491 0
272 491 1
207 491 1
209 491 1
210 491 1
211 260 1
211 531 1
212 491 1
213 491 0
214 49 0
214 344 1
216 196 1
216 360 1
218 178 1
218 546 1
219 491 0
220 209 1
220 390 1
390 491 0
390 595 1
390 292 1
390 421 0
390 306 1
390 168 1
390 8 1
221 491 1
227 221 1
227 491 1
227 509 1
227 523 0
227 558 1
509 491 1
228 491 1
229 75 1
229 491 1
229 589 1
230 491 0
232 491 1
234 491 1
235 331 1
235 491 1
331 491 0
237 78 1
237 501 1
501 491 1
238 534 1
238 590 1
240 12 1
240 348 1
240 458 1
240 491 1
241 491 0
244 41 1
244 491 1
244 507 1
248 87 1
248 405 0
248 491 1
250 491 1
251 420 1
251 539 1
539 491 1
253 71 0
253 126 1
254 491 1
255 491 1
259 491 1
261 102 1
261 129 1
261 491 1
263 155 1
263 219 1
264 491 0
265 159 1
265 491 0
265 497 1
270 43 1
270 45 1
271 491 1
275 387 1
275 425 1
275 491 1
276 491 1
279 491 1
280 491 1
281 491 1
282 335 1
282 364 1
285 323 1
285 454 1
285 476 1
285 491 0
323 491 0
454 491 1
476 491 1
287 206 1
287 236 0
287 383 1
287 491 1
383 55 1
383 150 1
383 491 1
288 137 1
288 381 1
288 491 1
289 491 1
290 18 1
290 20 1
291 491 0
293 491 1
295 331 0
295 403 0
295 491 1
296 144 1
296 372 1
296 474 0
296 491 1
372 491 1
474 491 1
297 277 1
297 491 1
297 533 0
298 491 1
299 277 1
299 491 1
302 491 1
302 539 1
303 491 0
304 491 1
308 309 1
308 431 1
308 491 1
311 491 1
312 44 1
312 52 1
315 491 0
319 384 1
319 402 1
384 44 1
384 491 0
320 491 1
324 58 0
324 151 1
324 152 1
324 491 0
325 54 0
325 200 0
329 323 1
329 476 1
330 491 1
333 491 0
337 491 0
339 491 1
486 491 1
345 366 1
345 399 1
345 491 1
366 491 1
399 491 1
349 331 1
349 403 1
353 51 0
353 494 1
356 491 1
357 491 1
358 491 1
359 8 1
359 208 0
359 383 1
359 491 1
359 595 1
359 168 0
359 421 1
361 491 0
362 491 1
363 185 1
363 491 1
365 491 1
367 491 1
368 185 0
368 269 1
368 491 1
369 300 1
369 307 1
369 491 1
370 491 1
371 491 1
373 131 1
373 491 0
373 586 1
586 491 1
375 241 1
375 491 1
378 52 1
378 491 1
379 491 0
380 55 0
380 150 1
380 491 1
385 58 1
385 152 1
385 491 1
388 491 1
391 491 0
392 491 1
393 302 1
393 354 1
393 491 0
394 163 0
394 491 0
395 491 1
396 491 1
397 491 1
398 198 1
398 490 1
398 491 1
409 155 0
409 219 1
409 491 1
410 491 1
411 209 1
411 390 1
411 491 0
412 491 0
413 138 1
413 491 0
414 199 1
414 278 1
414 491 1
417 491 1
418 284 0
418 401 0
418 491 1
419 491 0
422 168 1
422 421 1
422 491 1
422 306 0
422 595 1
422 38 1
422 8 1
422 472 0
422 292 1
424 38 1
424 269 1
424 330 1
424 472 0
424 491 1
424 168 1
424 595 1
424 292 1
424 421 1
424 8 1
424 306 1
427 8 1
427 208 1
428 491 1
430 491 1
432 482 1
432 491 1
482 491 1
435 491 1
436 117 1
436 395 1
438 491 0
439 422 1
439 491 1
439 519 1
519 491 1
440 51 1
440 494 1
442 491 1
444 384 1
444 402 1
445 491 0
446 78 0
446 501 1
447 117 1
447 395 1
447 491 1
448 101 1
448 584 1
449 491 1
452 491 1
455 387 1
455 425 1
456 24 0
456 56 1
457 368 1
457 491 1
460 428 0
460 491 1
460 557 1
557 491 0
462 372 1
462 491 1
463 491 1
464 491 1
464 524 1
524 391 0
524 491 1
466 491 1
468 21 1
468 272 1
468 491 0
469 491 1
470 131 1
470 491 1
470 586 1
471 491 1
473 420 1
473 539 1
475 95 0
475 491 1
477 105 1
477 230 1
477 422 1
477 491 1
480 162 0
480 433 1
480 491 0
481 137 1
481 491 1
483 18 1
483 20 1
483 491 1
484 491 0
485 491 1
487 491 1
488 86 0
488 491 1
489 372 0
489 474 0
492 491 1
493 159 1
493 491 1
493 497 1
495 23 1
495 566 1
566 491 1
496 491 1
499 491 1
500 491 1
502 302 0
502 354 1
503 382 1
503 482 1
503 491 0
504 491 1
505 491 1
506 491 0
506 503 1
508 491 1
510 491 1
511 491 0
512 491 0
513 206 0
513 236 0
516 95 1
516 491 1
517 332 0
517 450 1
520 43 0
520 45 1
521 162 1
521 433 1
521 491 1
525 391 1
525 491 1
527 400 0
527 491 1
527 496 0
532 44 1
532 52 1
532 491 1
537 491 1
540 491 0
541 491 1
542 366 1
542 399 0
544 71 1
544 126 1
544 491 1
545 46 1
545 215 1
545 491 1
548 23 1
548 566 1
550 491 0
551 491 1
555 382 1
555 482 1
555 491 1
556 491 1
559 491 1
560 283 1
560 318 1
560 491 1
564 105 1
564 230 1
567 491 1
568 491 1
569 75 1
569 491 1
569 589 1
574 491 1
575 103 1
575 248 1
575 274 1
575 408 1
575 463 1
575 491 1
577 274 0
577 408 1
577 491 0
579 321 1
579 392 1
580 491 1
582 428 1
582 557 0
583 196 1
583 360 1
583 491 1
585 39 1
585 316 1
585 491 1
588 491 1
592 46 1
592 215 0
592 491 1
593 491 1
594 243 1
594 406 1
596 491 1
597 321 1
597 392 1
598 491 1
599 491 1
