0 91 0
0 113 1
91 95 1
91 113 0
1 113 1
2 113 1
3 113 1
5 113 1
5 452 1
452 113 1
6 113 0
7 113 1
9 113 1
10 3 1
10 113 1
10 138 1
10 338 0
10 465 1
10 561 1
10 394 0
10 17 1
10 104 1
10 21 1
138 113 1
338 113 1
338 241 1
465 113 1
11 113 0
12 113 1
13 12 1
13 113 0
13 460 1
460 113 1
460 446 1
460 561 1
460 17 0
460 104 0
460 21 1
460 465 1
460 138 1
460 13 1
460 394 1
14 113 1
16 113 1
16 134 1
134 113 0
17 113 1
18 113 0
20 113 1
21 113 0
22 113 1
25 90 1
25 113 1
25 394 1
25 17 1
25 104 1
25 561 1
25 13 0
90 113 1
394 113 1
26 113 1
27 113 1
28 39 1
28 542 1
39 113 1
39 267 0
29 71 1
29 113 1
29 563 1
71 82 0
71 113 1
563 113 0
30 34 1
30 113 1
34 27 1
34 113 1
34 492 1
31 113 1
31 290 1
31 325 1
290 113 1
290 137 1
290 458 0
325 113 0
32 113 1
33 113 0
33 234 1
234 113 0
35 113 0
37 113 0
38 113 0
267 113 1
40 113 0
40 390 1
40 410 0
390 113 0
390 298 1
410 113 0
41 113 1
41 288 1
288 113 1
42 113 1
42 168 0
42 226 1
42 261 1
42 448 1
168 77 1
168 86 1
168 113 1
168 157 1
261 113 0
448 113 0
43 50 1
43 113 1
50 113 1
44 113 1
44 519 1
519 113 1
45 113 1
46 113 0
46 449 1
46 598 1
449 113 1
598 113 1
47 113 1
48 113 1
49 113 1
54 113 0
56 113 1
56 257 1
257 113 1
57 113 1
58 113 1
59 113 0
59 377 0
59 477 0
377 113 0
477 13 1
477 113 1
477 503 1
477 138 1
477 394 1
61 113 1
62 113 1
64 113 1
64 467 1
64 520 1
467 113 1
520 113 1
65 113 1
65 255 0
65 374 1
255 113 1
255 420 1
374 113 1
66 27 1
66 113 1
66 182 1
66 314 1
314 113 0
68 113 0
68 140 1
140 113 1
70 113 1
82 113 1
72 113 0
73 113 1
73 570 1
570 113 1
74 56 1
74 113 1
74 401 1
401 113 1
75 113 1
76 113 1
77 113 0
78 113 1
79 113 1
79 187 0
187 113 1
80 113 1
81 113 1
81 467 1
81 493 0
493 113 1
83 113 0
84 113 1
85 70 1
85 113 1
85 480 1
480 113 1
480 446 1
87 309 0
87 373 1
309 113 1
309 229 1
373 113 1
95 113 0
92 21 1
92 113 0
92 233 1
92 138 1
92 394 0
92 465 1
92 13 1
233 113 1
94 113 1
94 115 1
115 113 1
96 113 1
96 178 0
96 517 1
178 113 1
97 56 1
97 401 0
98 113 1
99 113 1
101 113 1
101 250 1
101 371 1
250 113 1
371 113 0
102 113 1
103 102 1
103 113 1
103 120 1
103 152 0
120 113 1
152 113 1
104 113 1
104 474 1
104 573 1
474 113 1
474 328 1
573 113 1
105 113 0
105 234 1
106 113 0
106 232 1
232 113 0
107 113 1
107 564 1
564 113 1
564 308 1
564 388 1
108 113 1
108 371 1
108 534 1
534 113 1
109 113 0
109 373 0
110 113 1
110 236 1
110 288 1
236 113 1
111 113 1
111 230 1
111 520 1
230 113 1
114 113 1
116 113 1
116 368 0
116 389 1
116 485 1
116 516 1
368 113 1
368 377 1
368 592 0
389 113 1
389 394 1
389 17 0
389 104 1
389 561 1
389 13 0
485 113 1
516 113 1
117 113 1
118 113 1
119 113 1
119 442 0
442 113 1
442 551 1
121 41 1
121 113 1
121 155 0
155 113 0
155 301 1
124 113 1
125 113 0
125 454 1
454 113 0
126 50 1
126 113 0
126 247 0
126 376 1
247 113 1
376 113 1
127 113 1
129 113 1
129 389 1
130 113 1
130 385 1
385 113 1
132 113 1
133 74 0
133 113 1
133 228 1
133 344 0
228 58 1
228 84 1
228 113 1
344 113 1
136 113 1
137 68 1
137 113 1
137 138 1
137 465 1
137 561 1
137 17 1
137 104 1
137 21 0
137 394 0
137 13 1
141 113 1
142 113 1
143 70 0
143 113 0
143 569 1
569 113 1
569 369 1
144 113 1
145 113 1
145 234 1
146 113 1
147 113 1
148 75 0
148 113 1
148 160 1
160 113 1
160 251 1
150 113 1
151 113 1
153 113 1
154 113 1
301 113 0
156 113 1
156 293 1
156 340 1
156 395 1
340 44 1
340 86 1
340 113 0
340 157 0
340 392 1
395 113 1
158 113 1
158 203 1
203 113 1
159 113 1
251 113 0
161 113 0
162 35 1
162 113 1
162 292 1
292 113 1
163 75 0
163 113 1
163 264 1
264 113 0
164 113 0
165 113 1
165 583 0
583 113 1
166 113 1
170 113 1
170 228 1
171 45 1
171 113 1
171 539 1
539 113 1
172 57 1
172 113 1
172 411 1
172 545 1
411 113 1
545 113 1
173 2 1
173 113 0
173 203 1
174 113 1
174 467 1
174 493 1
176 113 1
177 113 1
179 113 1
179 223 1
179 258 1
223 113 0
258 113 1
180 113 1
184 75 1
184 264 1
185 113 1
189 113 1
190 113 1
191 113 1
192 113 1
193 113 1
193 156 1
194 113 1
194 222 1
222 113 1
195 113 1
195 258 1
195 382 1
195 561 1
195 17 0
195 104 1
195 21 1
195 465 1
195 138 1
382 113 1
561 113 1
561 596 1
196 110 1
196 113 1
196 567 1
567 113 1
567 576 1
197 113 0
198 43 1
198 113 1
198 280 1
199 137 1
199 458 1
201 113 0
201 571 1
571 113 0
205 113 0
205 258 1
205 561 1
206 113 1
206 427 1
427 113 0
207 113 1
209 113 0
210 113 1
212 113 1
213 84 1
213 113 1
215 113 1
216 113 1
216 158 1
219 113 0
220 113 1
221 113 1
221 225 1
221 423 0
224 113 1
224 506 0
506 113 1
227 113 1
227 186 1
227 257 1
227 316 1
229 41 1
229 113 0
229 155 1
231 113 1
231 256 0
231 407 1
256 113 1
256 333 1
256 353 1
256 531 0
407 113 1
237 113 1
237 553 0
553 113 1
553 120 1
553 152 1
239 113 0
239 176 0
239 379 1
379 113 1
240 113 1
241 113 1
241 429 1
241 442 1
429 113 0
429 219 1
242 113 1
242 367 1
367 113 1
243 113 1
243 252 1
252 113 1
252 186 1
252 316 1
245 113 1
248 113 1
249 27 1
249 492 1
253 113 1
254 113 1
254 247 1
420 113 0
420 117 0
420 164 0
420 479 1
333 113 1
531 113 1
259 113 1
260 113 1
260 539 1
262 113 1
262 560 1
560 113 1
265 113 1
265 371 0
265 534 1
270 113 1
271 113 1
271 561 1
273 113 1
273 117 1
273 255 1
273 479 1
273 561 1
273 13 1
273 138 0
273 394 0
275 113 1
275 513 0
275 520 1
513 113 1
276 113 0
276 161 1
276 228 1
276 344 1
277 113 1
278 113 1
279 113 1
281 113 1
281 310 1
310 113 1
282 113 1
283 113 0
284 113 1
284 336 1
336 113 1
285 113 1
286 17 1
286 104 1
286 113 0
286 138 1
286 561 0
286 21 1
286 394 0
287 9 0
287 61 1
287 113 1
287 185 1
289 113 1
289 473 1
473 46 1
473 113 1
291 113 1
291 429 1
291 442 0
295 113 0
295 236 1
295 426 1
426 113 1
297 113 1
298 27 0
298 113 0
299 113 1
300 113 1
302 113 1
304 58 1
304 113 1
306 113 1
307 113 1
307 461 1
461 113 1
308 98 1
308 113 1
308 178 1
311 113 1
313 113 1
313 450 1
450 113 1
315 113 1
315 548 1
548 113 1
548 261 1
317 113 0
317 369 1
369 113 0
319 113 1
319 323 1
323 113 1
323 564 1
320 113 0
320 426 1
321 113 1
321 251 1
322 113 1
322 140 1
324 113 1
327 113 1
328 113 0
329 113 0
329 571 1
330 113 1
330 581 0
581 113 1
332 113 1
335 113 1
337 113 1
337 121 1
339 113 0
339 365 1
339 427 1
365 113 1
392 113 1
341 113 1
343 113 1
345 113 1
345 138 1
345 465 1
345 561 1
345 394 1
345 17 1
345 104 1
345 13 1
346 113 1
350 113 0
351 113 1
352 113 1
352 234 1
352 560 1
354 113 0
355 113 0
356 113 1
357 99 0
357 229 1
357 376 1
357 513 1
358 113 1
358 229 1
360 113 1
360 596 1
596 113 0
596 178 0
596 517 1
362 113 1
363 113 1
363 146 1
363 534 1
363 588 1
588 113 1
364 113 1
366 113 0
592 35 0
592 113 1
592 292 0
370 113 1
370 513 0
372 27 1
372 113 1
375 113 0
375 286 1
380 113 1
380 228 1
383 113 1
384 80 0
384 113 0
388 82 1
388 113 1
391 113 1
391 232 1
393 113 1
396 61 1
396 113 1
396 584 1
584 113 1
584 223 1
584 353 0
584 531 1
399 113 1
399 596 1
402 113 1
403 113 0
404 113 0
404 308 0
404 388 0
405 113 1
406 113 1
406 146 1
406 519 1
409 14 1
409 43 1
409 113 1
409 280 1
409 297 1
412 113 1
412 146 1
412 439 1
439 113 0
413 113 0
414 113 1
414 506 1
414 561 1
415 109 1
415 113 1
416 113 1
416 293 1
416 395 1
417 61 1
417 113 1
419 113 1
424 113 0
424 255 1
425 113 1
425 525 1
525 108 1
525 113 1
525 267 1
428 113 1
433 113 0
433 225 1
433 423 1
435 113 1
438 113 1
438 236 1
438 426 1
440 21 1
440 113 1
440 402 0
440 138 1
440 394 1
440 465 1
440 13 1
551 113 1
551 209 1
443 54 1
443 61 0
443 90 0
443 113 1
443 253 1
443 394 1
444 113 1
444 178 1
444 365 0
444 427 1
445 113 1
446 113 0
451 113 1
451 152 1
453 113 1
455 32 1
455 113 1
456 113 1
457 113 1
457 182 1
457 314 1
457 506 1
466 113 1
468 106 0
468 113 1
469 113 1
469 407 1
470 113 1
470 166 1
472 113 0
475 13 1
475 113 1
475 503 1
475 555 0
475 138 0
475 394 1
555 80 1
555 113 1
555 206 1
476 113 1
476 136 1
481 113 0
481 146 1
481 226 0
481 261 1
482 113 1
483 113 1
486 113 1
486 270 1
487 113 0
488 34 1
488 113 1
489 113 1
490 113 1
491 113 1
491 121 1
494 113 1
496 44 1
496 113 0
497 113 1
498 113 1
499 113 0
499 457 1
501 113 1
501 477 1
502 113 1
502 449 0
502 598 1
504 113 1
504 151 1
507 70 1
507 569 1
508 113 1
508 292 1
509 113 1
510 113 1
510 411 1
510 545 1
511 113 1
511 114 1
511 242 1
511 323 1
512 113 0
512 146 1
515 94 1
515 113 1
518 113 1
521 113 1
522 113 1
522 377 1
527 113 1
527 470 1
528 39 0
528 113 1
528 520 1
528 542 1
529 113 1
529 389 0
530 113 1
530 190 1
530 527 1
532 113 1
535 113 0
536 113 0
543 76 1
543 113 1
544 113 1
544 373 1
546 113 1
549 113 1
549 474 1
549 556 0
556 113 0
550 113 1
552 113 1
558 113 1
559 113 1
559 382 1
559 485 1
559 516 1
562 113 0
562 187 1
562 365 1
565 113 1
565 279 1
576 113 1
572 113 0
572 539 0
574 113 1
574 309 1
574 373 1
575 113 1
577 17 1
577 104 1
577 138 1
577 113 1
577 561 1
577 21 0
577 394 1
586 113 1
587 45 0
587 113 0
587 187 0
587 415 1
589 113 1
589 309 0
593 32 1
593 113 1
593 457 1
594 113 1
597 113 1
599 74 1
599 113 1
