0 92 1
1 92 0
2 92 0
3 92 0
3 320 1
3 573 0
3 739 0
3 662 0
3 758 0
3 404 0
3 11 0
3 644 0
573 92 0
573 410 0
739 92 1
4 92 0
5 92 0
5 404 0
5 758 0
5 739 0
5 662 1
5 320 0
5 573 1
404 92 0
7 92 0
8 92 0
9 92 0
9 561 0
561 92 0
11 92 1
12 92 0
12 662 1
12 573 0
12 11 0
12 320 1
662 92 1
13 92 1
15 92 0
15 657 0
16 92 0
17 92 0
17 462 1
462 92 0
18 92 0
18 154 0
18 480 0
154 92 0
480 69 0
480 92 0
480 407 0
19 92 0
20 92 0
21 92 0
22 92 0
22 460 0
22 467 0
467 92 0
23 92 1
24 92 0
26 428 1
26 495 1
428 92 1
495 92 1
27 92 0
28 476 0
28 487 1
476 52 0
476 92 1
476 644 0
29 92 0
31 92 0
32 92 1
33 92 0
34 92 1
34 545 0
34 591 0
545 92 0
545 372 1
545 438 0
591 92 1
591 287 1
591 708 1
35 92 0
36 92 0
36 428 0
36 495 0
37 92 1
38 92 0
39 92 0
41 48 0
41 92 0
41 164 0
41 703 0
48 92 0
703 92 0
42 92 0
42 214 0
214 92 1
43 92 0
46 49 0
46 398 0
47 92 1
50 92 0
50 593 0
593 92 0
593 662 0
593 671 0
593 573 0
593 11 0
593 320 0
51 92 0
52 92 1
53 92 0
55 92 0
56 92 1
56 289 1
56 430 0
289 92 0
430 92 1
57 92 1
58 92 1
60 92 0
61 42 1
61 92 0
61 281 0
281 92 1
62 92 1
64 184 0
64 475 0
65 92 0
66 105 0
66 288 1
105 92 0
67 92 0
68 182 0
68 409 0
182 92 0
409 92 0
409 754 0
69 92 0
70 92 1
73 92 0
75 34 0
75 92 0
76 92 0
77 92 0
79 92 0
80 92 0
80 459 1
459 92 0
81 92 0
82 92 0
82 779 0
779 92 0
83 92 0
84 92 0
85 92 1
86 92 0
87 92 0
88 92 0
88 347 1
347 92 1
347 441 1
347 729 0
90 58 1
90 92 0
90 146 0
90 481 0
90 737 0
146 92 0
481 92 0
481 267 0
481 293 1
737 92 0
737 520 0
91 92 0
94 92 0
96 92 1
98 69 0
98 92 1
98 305 1
98 465 0
305 92 0
305 263 0
305 385 0
465 92 0
465 134 0
465 571 0
99 92 1
101 92 0
101 337 0
337 76 0
337 92 0
337 698 0
102 49 0
102 398 0
104 92 0
107 92 0
107 156 1
156 89 0
156 92 0
156 339 0
108 134 1
108 571 0
571 92 0
109 92 0
110 92 0
111 92 0
114 57 0
114 502 0
117 20 1
117 195 0
195 92 0
120 92 1
120 303 0
120 563 0
303 92 1
121 92 1
121 755 1
121 769 0
755 92 0
755 195 1
769 92 0
122 92 0
122 314 0
314 92 0
124 92 0
125 92 1
126 92 0
127 92 0
127 432 0
127 742 0
432 92 0
742 92 0
128 92 1
130 92 0
132 92 0
132 762 0
762 16 0
762 92 1
133 92 0
133 531 0
531 92 1
135 92 1
136 92 1
136 440 0
136 700 1
440 92 0
138 92 0
139 92 0
140 92 0
141 92 0
141 129 1
141 272 0
142 92 0
142 344 1
142 674 1
142 728 0
344 92 0
344 230 0
674 92 0
674 179 0
728 92 0
144 92 0
144 459 1
145 178 0
145 185 0
185 92 0
185 574 0
151 47 0
151 92 0
151 792 0
153 92 0
155 92 0
157 92 1
157 109 0
158 92 0
158 263 1
158 385 0
263 92 0
263 722 0
159 92 1
159 198 1
159 485 0
485 92 0
160 92 0
160 755 0
161 92 0
162 435 0
162 692 0
435 92 0
692 92 0
692 471 0
163 92 0
163 779 0
165 32 1
165 92 0
165 315 1
165 343 0
168 92 0
168 157 0
168 686 0
169 92 0
169 625 0
625 10 0
625 92 0
625 745 1
172 92 0
173 92 0
174 92 0
174 267 0
174 293 0
293 22 0
293 92 1
175 92 0
176 92 0
176 746 0
746 92 1
177 217 0
177 378 0
217 92 0
179 92 0
180 34 0
180 92 0
180 432 1
180 742 0
183 92 0
574 92 1
574 192 1
574 493 0
574 756 0
187 92 0
187 175 0
189 92 0
192 92 1
192 435 1
192 692 0
194 92 0
196 92 0
196 496 0
496 92 1
197 92 0
197 553 1
553 92 1
200 92 0
201 92 1
202 92 0
204 92 0
205 92 0
205 161 0
205 658 0
658 92 0
208 92 1
208 233 0
208 550 0
233 92 1
550 92 0
209 92 1
210 50 0
210 570 0
211 92 0
211 519 1
519 92 0
212 92 1
213 92 0
213 669 0
669 92 0
669 306 0
215 92 0
216 92 0
221 92 0
223 92 0
226 87 0
226 92 0
226 774 0
774 92 0
227 92 1
227 710 0
710 92 0
228 92 0
229 92 0
229 671 1
671 92 0
230 92 0
230 182 0
232 92 0
234 92 1
237 60 0
237 92 0
237 340 0
237 472 0
237 624 0
340 92 1
624 92 0
238 92 0
239 92 0
239 674 0
239 728 0
241 92 0
241 229 0
241 242 0
243 92 0
244 92 0
244 500 1
500 92 1
245 92 1
246 92 0
247 92 0
247 718 0
718 92 1
248 92 0
249 92 0
252 92 0
254 92 0
254 289 0
255 92 0
256 92 0
259 92 0
261 92 0
261 325 0
325 92 1
325 312 0
325 544 0
262 92 0
722 35 0
722 92 0
264 152 0
264 789 0
789 92 0
265 92 0
266 57 0
266 92 1
266 502 0
268 92 0
269 92 0
270 92 0
274 92 1
275 92 0
275 315 0
275 343 1
275 425 0
275 628 0
425 92 1
628 92 0
628 266 0
628 334 0
628 629 0
276 92 1
276 586 0
586 92 0
586 673 0
277 92 0
277 589 0
589 92 0
278 92 1
278 473 1
278 513 0
473 92 0
279 92 0
279 727 0
727 92 0
280 92 1
282 92 0
282 129 0
282 272 0
283 92 0
283 286 0
286 92 0
285 92 0
285 289 0
287 92 0
287 261 0
290 227 0
290 425 0
292 92 0
294 92 0
297 92 0
297 493 1
297 756 1
493 92 1
756 92 0
298 92 0
299 92 0
300 92 0
301 92 0
302 92 0
302 471 0
302 539 0
471 92 0
304 92 0
306 92 0
307 92 0
308 92 0
309 87 0
309 92 0
309 774 1
310 50 0
310 92 0
310 570 0
311 92 1
312 92 0
313 92 0
313 320 1
313 573 0
313 662 0
313 758 0
313 404 1
313 11 0
313 739 0
313 644 0
317 92 0
317 396 0
317 466 1
317 696 1
466 92 0
696 92 0
318 92 0
319 92 1
323 92 1
323 312 0
323 544 0
324 92 0
324 730 1
730 92 0
327 92 0
328 92 1
330 92 0
331 33 0
331 92 0
332 92 0
333 92 0
334 92 0
334 233 0
334 718 0
335 92 0
336 327 0
336 360 0
360 92 1
698 92 0
338 92 0
341 92 0
341 460 1
341 467 0
341 625 0
345 92 0
345 657 1
441 92 1
441 389 0
729 92 0
348 92 0
349 92 0
353 92 1
353 644 1
353 739 1
353 320 0
353 11 0
353 662 0
353 573 0
353 758 0
353 404 0
644 77 0
644 92 0
354 92 0
354 609 0
609 92 0
355 92 0
355 333 0
356 92 0
357 92 0
359 42 0
359 92 0
361 135 0
361 376 0
376 92 0
362 92 1
363 92 0
364 92 0
365 92 0
365 421 0
365 433 0
365 500 0
421 92 0
433 92 0
366 92 0
368 92 0
368 662 0
371 92 0
372 92 0
373 476 0
373 487 1
375 92 0
375 604 0
604 92 0
604 175 0
377 92 0
379 92 0
380 92 0
381 92 1
382 92 0
382 671 0
383 92 0
383 165 0
384 92 0
386 553 0
386 652 0
652 92 0
389 92 0
391 92 0
393 92 0
395 92 0
395 161 0
395 658 1
397 92 1
397 152 0
397 789 0
401 92 0
401 97 1
401 243 1
403 92 0
407 92 0
408 92 0
408 125 0
754 92 0
410 92 0
411 92 0
411 372 1
411 438 0
413 92 0
414 92 0
414 545 0
414 748 0
748 92 0
416 92 1
417 92 1
418 92 0
418 380 0
422 92 0
422 787 0
787 92 0
787 182 0
787 409 0
423 92 0
423 421 0
423 433 0
423 536 1
536 92 0
536 155 0
536 550 0
424 92 0
426 92 0
427 279 0
427 490 0
429 92 0
434 92 0
439 217 0
439 378 0
442 92 1
442 605 0
605 92 1
605 683 0
443 92 0
443 209 0
443 710 0
445 92 1
445 524 0
445 669 0
524 92 1
447 92 0
450 92 0
450 259 0
453 92 0
454 92 0
455 92 0
455 688 1
688 92 0
456 92 0
456 97 1
456 243 0
457 92 0
461 92 0
463 92 0
464 92 0
464 698 1
468 92 1
469 186 0
469 499 0
499 92 0
470 11 0
470 92 0
470 628 1
470 758 0
470 404 0
470 320 1
470 573 0
470 16 0
474 184 0
474 475 0
477 164 0
477 703 0
478 92 0
478 701 0
701 92 0
701 189 0
701 331 0
479 92 0
479 396 0
479 696 0
482 92 0
482 155 0
482 550 0
483 92 0
484 92 0
486 13 0
486 104 0
488 92 0
491 92 0
494 92 0
497 92 0
498 92 0
498 334 0
498 629 0
629 92 0
501 92 0
504 92 0
504 484 0
506 92 0
506 174 0
507 92 0
507 569 0
507 670 0
569 92 0
670 92 0
508 92 0
508 683 0
683 92 0
509 92 1
510 92 0
511 76 0
511 92 1
511 698 0
512 92 1
512 287 0
512 357 0
512 708 0
514 92 0
515 92 1
516 92 0
516 553 1
516 652 0
517 92 0
517 135 0
517 376 1
518 92 0
520 92 1
521 92 0
523 92 0
525 92 0
526 92 1
526 259 0
527 92 0
529 92 1
529 527 1
532 92 0
532 233 1
533 11 0
533 16 0
533 739 0
533 92 0
533 320 1
533 662 0
534 92 0
537 92 1
538 10 0
538 92 0
538 745 0
745 92 0
540 157 0
540 686 0
543 92 0
543 569 0
543 670 0
546 92 0
548 92 0
551 92 0
552 92 0
554 92 0
557 92 0
562 47 0
562 792 0
564 92 0
564 471 0
564 539 0
565 92 0
567 92 0
576 92 0
577 140 1
577 201 0
582 92 0
582 488 1
583 440 0
583 700 1
585 92 0
585 638 0
638 92 0
673 20 0
673 92 0
673 195 0
587 92 0
588 92 0
590 92 0
594 92 0
594 227 0
594 425 0
594 683 0
595 92 0
595 407 0
597 61 0
597 92 0
598 92 0
599 92 0
601 92 0
602 92 0
603 92 1
606 69 1
606 92 0
607 92 0
612 92 0
612 407 1
613 92 0
614 92 0
614 623 0
623 92 0
615 92 0
616 92 0
618 92 1
618 371 0
619 92 0
620 92 0
621 92 0
626 186 0
626 499 0
627 92 0
627 644 0
627 739 0
627 11 0
627 320 0
627 573 0
627 662 0
627 758 0
627 404 0
630 92 0
632 92 0
633 92 1
634 27 0
634 92 1
634 492 0
635 92 1
636 20 0
636 92 1
640 92 0
641 92 0
641 755 0
641 769 0
642 92 0
643 92 0
643 628 0
645 92 0
647 92 0
647 327 0
647 360 0
648 92 1
648 178 0
648 185 0
649 27 0
649 92 0
649 492 0
650 92 0
655 92 1
656 92 0
656 244 0
659 92 0
663 92 0
665 42 0
665 281 0
666 92 0
667 92 0
667 754 0
668 92 0
672 92 0
675 13 0
675 92 0
675 104 0
676 92 0
678 92 0
679 92 1
680 209 0
680 710 0
682 92 1
682 391 0
684 92 1
685 92 1
685 309 1
689 92 0
691 92 0
691 229 1
691 242 0
694 92 1
702 92 0
702 335 0
704 92 0
704 263 0
705 92 0
705 779 1
706 92 0
706 154 0
706 480 0
707 89 0
707 339 0
709 92 0
709 319 0
712 92 0
714 92 0
714 105 0
714 288 0
716 198 0
716 485 1
717 92 0
720 92 1
720 777 0
777 92 0
721 92 0
721 553 0
723 92 0
723 516 0
724 92 0
725 92 1
725 211 0
725 618 0
731 256 0
731 384 0
733 92 0
735 92 0
736 92 0
738 92 1
741 92 0
744 11 0
744 16 0
744 92 0
744 739 0
744 320 0
744 758 0
744 404 0
744 573 0
744 662 0
747 92 0
749 92 1
751 92 0
751 472 0
751 624 0
752 92 1
752 303 0
752 563 0
753 80 1
753 92 1
759 92 0
761 92 0
764 92 1
765 92 0
766 92 0
770 92 1
770 379 0
771 92 1
771 473 1
771 513 0
773 92 0
775 92 0
776 92 1
776 375 0
780 92 0
780 383 0
781 92 0
781 662 1
782 256 0
782 384 0
783 140 0
783 201 0
784 92 1
784 485 1
786 92 0
788 404 0
788 758 0
788 739 1
788 92 0
788 662 1
788 320 0
788 573 0
790 92 0
791 92 0
794 92 0
796 92 0
796 279 0
796 490 0
798 92 1
799 58 0
799 92 0
799 737 0
