0 598 1
1 598 0
2 363 0
2 567 1
2 598 1
2 843 1
2 825 1
2 884 0
2 216 1
2 971 1
2 546 1
2 131 1
2 431 0
2 347 1
2 506 1
2 648 1
567 598 1
3 598 0
3 825 1
3 843 1
3 546 0
3 884 1
825 598 1
4 598 1
7 598 1
9 598 1
11 216 1
11 971 1
11 347 1
11 506 1
11 598 1
11 884 0
11 131 1
11 431 1
11 843 0
11 825 1
11 567 1
971 598 1
12 546 1
12 598 0
12 884 1
12 363 1
12 843 1
12 825 1
12 648 1
12 347 1
12 506 1
15 131 1
15 431 1
15 598 1
15 648 1
15 546 1
15 216 1
15 971 1
15 843 0
15 825 1
15 347 0
15 506 1
131 598 1
431 598 1
16 598 0
16 648 0
16 363 1
16 567 1
16 546 1
16 884 0
16 216 1
16 971 1
16 131 1
16 431 1
648 598 1
19 347 1
19 506 1
19 598 0
19 648 1
19 567 1
19 216 1
19 971 1
19 884 1
347 598 1
20 598 1
21 598 1
23 598 1
25 598 1
26 598 0
28 221 1
28 598 1
28 706 1
221 598 0
29 598 0
31 336 1
31 598 1
336 290 1
336 598 0
336 650 1
32 230 0
32 289 0
32 573 1
32 598 1
230 598 0
573 598 1
34 732 1
34 859 1
732 598 1
732 846 1
859 598 0
35 598 1
37 195 1
37 566 0
37 598 1
195 598 1
38 598 1
39 598 1
41 598 1
42 598 0
42 801 1
801 598 1
44 598 0
45 598 1
46 261 1
46 598 0
46 811 1
261 598 1
47 598 0
48 598 1
49 137 1
49 598 1
49 925 1
137 598 1
50 282 1
50 524 1
282 598 1
51 598 1
54 131 0
54 431 1
54 598 1
54 648 1
54 546 0
54 216 0
54 971 1
54 843 1
54 825 1
54 347 1
54 506 1
56 534 0
56 598 1
56 913 1
534 598 1
913 598 1
57 598 0
58 598 1
59 598 0
61 107 1
61 193 1
193 598 1
62 96 1
62 454 0
62 598 1
62 730 1
96 72 0
96 202 1
96 262 1
96 598 1
96 867 1
64 598 1
65 4 1
65 598 1
66 598 0
67 501 0
67 598 1
67 682 1
682 598 0
68 254 1
68 598 0
254 598 1
69 598 1
71 144 1
71 412 1
71 598 0
144 598 1
412 598 0
72 598 0
73 598 1
74 290 1
74 598 1
74 650 1
650 203 1
650 598 1
75 598 1
79 221 1
79 706 0
80 598 0
81 598 1
82 598 1
83 598 1
85 598 1
86 598 1
88 298 1
88 598 0
88 818 1
818 598 1
89 517 1
89 598 1
517 598 1
90 598 1
91 522 0
91 598 1
91 651 1
522 598 1
651 598 1
92 598 1
94 598 1
262 598 1
867 598 1
97 184 1
97 428 1
97 459 0
97 598 0
184 398 1
184 598 1
428 598 1
459 598 1
98 598 1
101 598 1
103 598 1
105 598 1
106 598 1
106 745 1
745 598 1
108 598 1
109 598 1
110 598 1
111 598 0
111 648 1
111 363 1
111 567 1
111 546 0
111 884 1
111 216 1
111 971 1
111 131 1
111 431 1
112 598 1
114 598 0
115 598 1
116 598 0
117 192 1
117 264 0
117 598 0
264 598 1
119 598 1
120 220 1
120 392 1
120 598 1
392 598 1
121 598 1
121 732 0
121 859 1
122 454 1
122 598 0
122 730 1
124 598 1
125 598 1
127 598 1
128 397 0
128 598 1
128 919 1
919 598 1
129 598 1
130 598 1
132 598 0
133 51 1
133 252 1
133 598 1
134 598 1
136 586 1
136 598 1
136 794 1
586 67 1
586 598 0
794 598 1
139 598 1
140 598 1
141 598 1
142 100 1
142 657 1
143 825 1
143 843 1
143 546 1
143 884 1
143 598 1
146 598 0
146 649 0
649 598 1
649 775 1
649 955 0
147 598 1
148 598 1
149 598 1
150 134 1
150 598 1
151 598 1
152 598 1
157 186 1
157 598 1
157 916 0
186 598 1
158 598 1
159 598 1
160 598 0
160 681 1
681 598 1
161 598 1
162 31 0
162 69 1
162 598 0
163 598 1
165 598 1
166 598 0
167 261 1
167 811 1
168 598 1
169 502 0
169 908 1
502 598 0
908 598 1
170 598 1
171 598 1
172 598 1
173 733 1
173 787 1
787 598 1
174 598 1
176 42 0
176 796 1
796 598 1
178 598 1
178 991 1
991 598 1
179 206 1
179 598 1
206 598 1
181 598 0
398 598 1
188 598 1
189 598 1
190 598 1
191 598 1
191 851 1
191 977 1
851 598 1
977 598 1
197 598 1
203 598 0
207 598 1
208 210 1
208 864 0
210 598 1
864 598 1
209 598 0
211 598 1
211 630 1
630 598 1
212 598 0
213 468 1
213 521 1
521 598 1
214 598 1
217 93 0
217 598 0
217 893 1
893 598 1
222 598 1
224 598 1
227 598 1
228 598 1
229 598 1
231 598 1
233 598 1
234 163 1
234 598 1
236 48 1
236 271 1
236 598 1
236 807 1
271 598 1
807 598 1
237 598 1
239 598 0
240 598 1
241 346 1
241 598 1
241 837 1
243 366 1
243 598 1
366 598 1
245 598 1
246 368 1
246 429 1
368 598 1
247 220 1
247 392 1
247 598 1
248 598 1
249 48 1
249 598 0
251 269 1
251 598 0
269 368 1
269 429 1
269 598 0
269 641 1
253 502 1
253 598 1
253 908 0
255 598 1
255 626 1
255 871 1
626 552 1
626 598 1
256 598 1
257 87 1
257 779 1
779 598 1
258 598 1
260 400 1
260 598 1
400 363 1
400 567 1
400 598 1
400 843 1
400 825 1
400 884 1
400 216 1
400 971 1
400 546 1
400 131 1
400 431 0
400 347 1
400 506 1
400 648 1
263 309 1
263 598 1
263 982 0
309 598 1
265 598 1
266 100 1
266 598 0
266 657 1
268 598 1
641 598 0
270 598 1
270 613 1
270 757 1
757 386 0
757 598 0
757 848 1
272 598 1
273 598 1
275 598 1
275 895 0
895 598 1
280 598 0
284 598 1
287 598 1
288 598 1
292 598 1
293 444 1
293 598 1
444 598 1
294 598 1
295 57 1
295 277 1
295 598 1
297 598 1
299 626 1
299 871 1
300 598 1
300 981 0
981 598 0
301 598 1
302 535 0
302 695 1
303 598 0
303 897 0
303 917 1
304 598 1
305 598 1
307 114 0
307 598 1
307 609 1
308 324 1
308 460 0
460 598 1
310 598 1
311 364 1
311 598 1
364 598 1
312 598 0
313 598 1
314 598 1
314 948 1
948 598 1
315 598 1
318 598 1
320 598 1
321 598 1
322 598 1
323 107 0
323 193 1
323 598 1
325 485 1
325 739 1
485 598 0
739 598 0
326 598 1
327 598 0
328 598 1
330 598 1
331 598 0
333 598 0
334 598 1
335 598 1
339 520 1
339 875 0
520 598 1
875 598 1
341 598 1
342 598 1
342 599 1
342 956 1
599 598 1
343 598 1
344 331 1
344 598 1
348 598 1
349 192 0
349 264 1
349 598 1
350 311 0
350 472 0
472 80 1
472 598 0
472 904 1
355 598 1
356 598 1
357 598 1
360 598 1
361 598 1
362 31 0
362 69 1
362 598 1
365 598 0
365 731 1
731 598 1
367 598 0
367 620 1
367 939 0
370 598 0
373 598 1
374 598 1
376 424 1
376 592 1
592 598 1
377 598 1
379 703 1
379 892 1
892 598 1
380 598 1
381 598 0
381 963 1
963 598 1
382 598 1
383 598 1
383 599 1
383 956 1
384 598 1
385 598 0
385 619 1
619 564 1
619 598 1
386 315 1
386 598 1
386 989 1
989 598 0
388 598 1
389 598 1
393 182 1
393 598 1
393 675 1
675 598 1
394 515 1
394 598 1
394 633 0
394 666 0
394 831 1
633 598 1
831 598 1
395 598 1
399 238 1
399 598 1
399 881 1
881 598 1
401 598 0
403 598 1
404 598 0
405 598 1
406 238 1
406 374 1
406 598 1
406 881 0
408 598 1
409 57 1
409 277 0
410 598 1
411 598 1
413 851 0
413 977 1
414 598 1
415 598 1
416 598 1
417 598 1
418 134 0
418 203 0
419 598 1
420 598 1
421 598 1
422 598 1
423 598 1
423 822 1
423 847 1
847 598 1
425 598 1
426 598 0
427 598 1
432 598 1
433 598 1
433 820 0
433 973 0
820 598 1
973 598 1
436 598 0
437 30 1
437 371 0
437 598 1
438 598 1
439 598 1
440 598 1
441 598 0
442 268 1
442 583 1
442 598 1
445 598 1
445 733 1
445 787 1
446 598 1
447 322 1
447 598 0
448 598 0
449 598 1
451 598 1
452 598 1
455 598 1
461 598 1
462 598 0
463 598 0
464 598 1
467 458 1
467 477 1
467 598 1
469 364 1
469 598 1
470 598 1
471 49 0
471 598 1
904 301 1
904 598 0
473 598 1
476 598 1
478 598 1
479 598 1
479 716 1
716 598 0
480 598 1
480 684 1
480 959 1
482 598 1
483 598 0
486 598 1
486 684 1
486 959 1
487 598 1
489 598 1
490 598 1
492 598 1
493 309 1
493 598 1
493 982 1
494 598 0
495 598 1
496 598 1
498 144 0
498 412 1
498 598 1
499 598 1
504 768 1
504 991 1
768 598 1
505 324 1
505 328 1
505 460 1
505 598 1
508 598 1
509 598 1
511 598 1
513 598 1
518 598 1
523 598 0
525 276 1
525 516 1
526 598 1
531 152 1
531 598 1
532 820 0
532 973 1
533 282 1
533 524 1
533 598 0
536 598 1
537 598 1
538 214 1
538 688 1
688 598 1
539 83 0
539 444 1
539 598 1
539 655 1
655 598 1
540 598 1
541 598 0
542 598 1
544 598 0
545 598 1
549 108 0
549 598 1
550 598 0
552 598 1
553 92 1
553 598 0
554 598 0
556 598 0
558 424 1
558 592 1
558 598 1
559 146 1
559 410 0
559 598 1
562 598 1
563 598 0
563 694 1
563 835 0
694 598 1
835 598 0
564 598 1
565 214 0
565 688 1
568 598 1
569 598 1
570 139 1
570 438 0
571 51 1
571 252 1
571 598 1
572 598 1
576 237 0
576 598 1
577 245 1
577 598 1
577 870 1
578 598 1
579 598 1
580 42 0
580 598 1
580 796 0
581 598 1
582 245 1
582 870 1
584 598 0
585 501 1
585 598 1
585 682 1
588 598 1
589 598 1
590 598 1
591 159 1
591 598 1
593 598 1
594 397 1
594 598 1
594 919 1
595 105 1
595 598 1
595 776 1
776 598 1
596 195 1
596 566 1
596 598 1
597 515 1
597 598 1
597 666 1
600 361 1
600 488 1
600 598 1
600 972 1
972 598 1
601 347 1
601 506 0
601 598 1
601 648 1
601 567 1
601 216 1
601 971 1
601 884 0
604 598 1
605 598 1
606 598 1
606 793 0
793 68 0
793 598 1
793 750 1
610 598 1
611 598 1
612 598 0
615 598 1
616 374 1
616 598 1
616 817 1
617 598 1
621 598 1
622 485 1
622 739 0
623 598 1
624 598 1
625 598 1
627 598 1
628 361 1
628 488 1
628 598 1
631 598 1
632 598 0
635 598 1
635 864 1
636 598 1
637 598 0
638 598 1
642 598 1
643 586 1
643 794 1
644 598 1
644 605 1
645 326 1
645 598 1
647 239 1
647 598 1
775 248 1
775 598 1
654 598 1
656 598 1
658 598 0
659 598 1
663 598 1
664 598 1
667 598 1
668 598 1
670 114 0
670 609 1
671 598 1
672 202 1
672 262 1
672 598 1
673 598 1
676 598 0
677 146 0
677 410 0
677 509 0
677 598 1
678 374 0
678 817 0
680 598 1
683 598 1
686 311 1
686 355 0
686 472 0
686 598 1
690 598 1
691 598 0
692 66 1
692 598 1
693 598 1
696 105 0
696 598 1
696 776 1
697 598 1
699 598 0
701 360 0
701 513 1
701 598 1
702 346 0
702 598 1
702 837 1
705 598 1
707 520 1
707 598 1
707 875 0
709 598 1
710 598 0
711 598 1
712 710 1
712 720 1
715 598 1
715 865 1
865 598 1
718 598 1
719 598 0
721 598 0
722 598 1
723 329 1
723 709 0
724 598 1
724 847 1
725 268 1
725 583 1
725 598 1
727 598 1
728 210 1
728 864 1
729 598 1
846 598 1
735 598 0
736 598 1
737 364 1
737 598 1
738 468 0
738 521 1
738 598 1
740 489 1
740 522 0
740 598 1
740 651 1
741 598 1
742 408 1
742 598 1
743 598 1
744 598 1
747 598 0
748 598 1
749 534 1
749 913 1
750 598 1
751 598 1
752 598 1
754 186 0
754 598 1
754 694 1
754 916 0
755 580 1
755 584 1
755 598 1
756 182 1
756 675 1
848 598 1
848 841 1
758 598 1
760 598 1
761 598 1
762 598 0
763 598 1
764 598 1
765 298 1
765 818 1
766 598 1
767 514 1
767 598 1
767 638 1
770 598 1
773 598 1
774 598 0
774 694 1
774 835 1
780 276 1
780 516 0
780 598 1
781 98 1
781 589 1
783 137 1
783 598 1
783 651 1
783 925 1
784 598 1
786 598 1
788 598 1
789 598 1
791 598 1
795 598 1
797 92 1
797 598 1
798 598 1
799 598 1
800 598 1
800 822 1
800 847 1
802 598 1
803 598 1
804 436 1
804 598 1
805 598 1
806 598 1
808 598 1
809 590 0
809 598 0
810 30 1
810 371 1
810 598 1
812 598 0
813 360 1
813 513 1
813 598 1
814 598 1
815 248 1
815 588 0
815 598 1
815 836 1
836 598 1
816 598 1
819 598 1
821 598 0
823 598 1
827 598 1
830 315 0
830 598 0
830 989 0
832 598 0
833 87 1
833 779 1
834 134 0
834 203 1
834 598 1
838 598 1
841 598 1
845 598 0
850 53 1
850 660 1
854 98 1
854 589 1
855 598 1
855 601 1
857 514 0
857 598 1
857 638 0
861 598 0
862 598 1
866 598 1
868 521 0
868 598 1
872 268 1
872 598 1
873 53 0
873 598 1
873 660 1
876 507 1
876 581 1
876 598 1
878 535 1
878 695 0
879 598 1
882 598 1
883 598 1
883 806 1
885 598 1
886 598 0
887 598 1
888 598 0
891 598 1
894 598 1
894 758 1
896 44 1
896 598 1
898 289 1
898 573 1
900 598 1
901 598 0
903 598 1
905 598 1
906 598 0
906 897 1
906 917 1
907 598 1
909 275 1
909 598 0
909 790 1
910 598 1
912 598 0
914 356 1
914 598 0
915 380 0
915 598 1
918 598 0
921 710 0
921 720 1
923 598 1
923 937 1
937 216 1
937 598 1
937 971 1
937 347 0
937 506 0
937 884 1
937 131 1
937 431 1
937 843 1
937 825 0
937 567 1
924 598 0
927 598 1
928 598 1
929 598 1
929 767 0
930 48 0
930 807 1
931 68 1
931 598 0
931 750 1
934 598 1
935 598 1
936 598 0
936 613 1
936 757 1
938 507 1
938 581 1
938 598 1
940 275 1
940 598 1
940 790 0
942 598 1
943 598 1
944 598 1
946 598 1
947 598 1
949 139 0
949 438 0
949 598 0
950 598 1
952 598 1
958 598 1
958 703 1
958 892 1
964 598 1
964 768 1
964 991 1
966 598 1
969 598 1
970 588 1
970 598 1
970 836 1
974 598 1
975 598 1
976 598 0
978 83 1
978 655 1
979 93 1
979 893 0
983 775 1
983 955 0
984 598 1
986 598 1
987 329 1
987 709 1
992 470 1
992 598 0
994 598 1
996 458 1
996 477 1
997 546 1
997 598 1
997 884 1
997 363 1
997 843 1
997 825 1
997 648 1
997 347 1
997 506 1
999 598 1
999 620 1
999 939 1
