0 598 1
1 598 0
2 363 1
2 567 0
2 598 0
2 843 0
2 825 0
2 884 0
2 216 1
2 971 0
2 546 1
2 131 1
2 431 0
2 347 0
2 506 0
2 648 0
567 598 0
3 598 1
3 825 0
3 843 0
3 546 1
3 884 1
825 598 1
4 598 0
7 598 0
9 598 0
11 216 0
11 971 0
11 347 0
11 506 0
11 598 0
11 884 1
11 131 0
11 431 0
11 843 1
11 825 0
11 567 0
971 598 0
12 546 0
12 598 1
12 884 1
12 363 0
12 843 0
12 825 0
12 648 0
12 347 1
12 506 1
15 131 0
15 431 0
15 598 0
15 648 1
15 546 0
15 216 1
15 971 0
15 843 0
15 825 0
15 347 0
15 506 0
131 598 0
431 598 0
16 598 0
16 648 1
16 363 1
16 567 0
16 546 0
16 884 0
16 216 0
16 971 1
16 131 0
16 431 0
648 598 1
19 347 0
19 506 1
19 598 0
19 648 1
19 567 0
19 216 0
19 971 1
19 884 0
347 598 1
20 598 0
21 598 0
23 598 0
25 598 0
26 598 1
28 221 0
28 598 0
28 706 0
221 598 0
29 598 0
31 336 1
31 598 0
336 290 0
336 598 0
336 650 1
32 230 0
32 289 0
32 573 0
32 598 0
230 598 0
573 598 0
34 732 0
34 859 0
732 598 0
732 846 0
859 598 1
35 598 0
37 195 0
37 566 0
37 598 1
195 598 0
38 598 0
39 598 0
41 598 0
42 598 0
42 801 0
801 598 0
44 598 0
45 598 0
46 261 0
46 598 0
46 811 0
261 598 0
47 598 0
48 598 0
49 137 0
49 598 1
49 925 0
137 598 0
50 282 0
50 524 0
282 598 0
51 598 1
54 131 0
54 431 0
54 598 0
54 648 1
54 546 0
54 216 0
54 971 0
54 843 0
54 825 0
54 347 0
54 506 0
56 534 0
56 598 0
56 913 1
534 598 0
913 598 0
57 598 0
58 598 0
59 598 0
61 107 0
61 193 0
193 598 0
62 96 1
62 454 0
62 598 0
62 730 0
96 72 0
96 202 0
96 262 0
96 598 0
96 867 0
64 598 0
65 4 0
65 598 0
66 598 0
67 501 0
67 598 0
67 682 0
682 598 0
68 254 0
68 598 0
254 598 0
69 598 0
71 144 0
71 412 0
71 598 0
144 598 0
412 598 0
72 598 0
73 598 0
74 290 0
74 598 0
74 650 0
650 203 0
650 598 0
75 598 1
79 221 0
79 706 0
80 598 1
81 598 0
82 598 0
83 598 0
85 598 0
86 598 1
88 298 1
88 598 0
88 818 0
818 598 0
89 517 0
89 598 1
517 598 0
90 598 0
91 522 1
91 598 0
91 651 0
522 598 0
651 598 0
92 598 0
94 598 0
262 598 0
867 598 1
97 184 0
97 428 0
97 459 0
97 598 0
184 398 0
184 598 0
428 598 0
459 598 1
98 598 0
101 598 0
103 598 0
105 598 0
106 598 0
106 745 0
745 598 1
108 598 0
109 598 0
110 598 0
111 598 0
111 648 0
111 363 0
111 567 0
111 546 0
111 884 0
111 216 1
111 971 0
111 131 0
111 431 0
112 598 0
114 598 0
115 598 0
116 598 0
117 192 0
117 264 0
117 598 0
264 598 0
119 598 1
120 220 0
120 392 1
120 598 0
392 598 0
121 598 0
121 732 0
121 859 0
122 454 0
122 598 0
122 730 0
124 598 0
125 598 1
127 598 1
128 397 0
128 598 0
128 919 0
919 598 0
129 598 0
130 598 0
132 598 0
133 51 0
133 252 1
133 598 0
134 598 0
136 586 0
136 598 0
136 794 1
586 67 0
586 598 0
794 598 0
139 598 0
140 598 0
141 598 0
142 100 0
142 657 0
143 825 0
143 843 0
143 546 1
143 884 0
143 598 1
146 598 1
146 649 0
649 598 0
649 775 0
649 955 0
147 598 1
148 598 0
149 598 0
150 134 0
150 598 1
151 598 0
152 598 1
157 186 0
157 598 0
157 916 0
186 598 0
158 598 1
159 598 0
160 598 1
160 681 0
681 598 0
161 598 0
162 31 0
162 69 0
162 598 0
163 598 1
165 598 0
166 598 1
167 261 0
167 811 0
168 598 0
169 502 0
169 908 1
502 598 0
908 598 0
170 598 0
171 598 0
172 598 0
173 733 0
173 787 0
787 598 0
174 598 0
176 42 0
176 796 1
796 598 1
178 598 0
178 991 0
991 598 1
179 206 0
179 598 0
206 598 0
181 598 0
398 598 0
188 598 0
189 598 0
190 598 0
191 598 1
191 851 1
191 977 0
851 598 0
977 598 0
197 598 1
203 598 0
207 598 0
208 210 0
208 864 0
210 598 0
864 598 1
209 598 0
211 598 1
211 630 0
630 598 1
212 598 1
213 468 0
213 521 1
521 598 0
214 598 0
217 93 0
217 598 1
217 893 0
893 598 0
222 598 0
224 598 0
227 598 0
228 598 1
229 598 0
231 598 0
233 598 0
234 163 0
234 598 1
236 48 1
236 271 0
236 598 0
236 807 1
271 598 0
807 598 0
237 598 0
239 598 0
240 598 0
241 346 0
241 598 0
241 837 0
243 366 0
243 598 0
366 598 1
245 598 0
246 368 0
246 429 0
368 598 0
247 220 0
247 392 0
247 598 0
248 598 0
249 48 0
249 598 0
251 269 0
251 598 0
269 368 0
269 429 0
269 598 0
269 641 0
253 502 0
253 598 0
253 908 0
255 598 0
255 626 0
255 871 1
626 552 1
626 598 0
256 598 0
257 87 0
257 779 0
779 598 1
258 598 0
260 400 0
260 598 0
400 363 0
400 567 0
400 598 0
400 843 0
400 825 0
400 884 0
400 216 0
400 971 0
400 546 0
400 131 0
400 431 0
400 347 0
400 506 1
400 648 0
263 309 0
263 598 0
263 982 1
309 598 0
265 598 0
266 100 0
266 598 1
266 657 1
268 598 0
641 598 0
270 598 0
270 613 1
270 757 0
757 386 0
757 598 0
757 848 0
272 598 0
273 598 1
275 598 0
275 895 0
895 598 0
280 598 0
284 598 1
287 598 0
288 598 0
292 598 0
293 444 1
293 598 0
444 598 0
294 598 0
295 57 0
295 277 0
295 598 1
297 598 1
299 626 0
299 871 1
300 598 0
300 981 1
981 598 0
301 598 0
302 535 0
302 695 0
303 598 0
303 897 0
303 917 0
304 598 0
305 598 0
307 114 0
307 598 1
307 609 1
308 324 0
308 460 0
460 598 0
310 598 0
311 364 0
311 598 0
364 598 0
312 598 0
313 598 1
314 598 0
314 948 0
948 598 0
315 598 1
318 598 0
320 598 0
321 598 1
322 598 0
323 107 0
323 193 1
323 598 0
325 485 0
325 739 1
485 598 1
739 598 0
326 598 0
327 598 0
328 598 0
330 598 1
331 598 1
333 598 0
334 598 0
335 598 0
339 520 0
339 875 0
520 598 0
875 598 0
341 598 1
342 598 0
342 599 1
342 956 0
599 598 0
343 598 0
344 331 0
344 598 0
348 598 1
349 192 0
349 264 0
349 598 0
350 311 0
350 472 0
472 80 0
472 598 0
472 904 0
355 598 0
356 598 0
357 598 0
360 598 0
361 598 0
362 31 0
362 69 0
362 598 0
365 598 1
365 731 0
731 598 0
367 598 1
367 620 1
367 939 1
370 598 0
373 598 0
374 598 0
376 424 0
376 592 1
592 598 1
377 598 0
379 703 1
379 892 1
892 598 0
380 598 0
381 598 0
381 963 1
963 598 0
382 598 1
383 598 0
383 599 0
383 956 1
384 598 0
385 598 1
385 619 0
619 564 0
619 598 0
386 315 0
386 598 0
386 989 0
989 598 0
388 598 0
389 598 0
393 182 1
393 598 0
393 675 1
675 598 0
394 515 0
394 598 0
394 633 0
394 666 0
394 831 0
633 598 0
831 598 1
395 598 0
399 238 0
399 598 0
399 881 0
881 598 0
401 598 0
403 598 0
404 598 0
405 598 1
406 238 0
406 374 0
406 598 0
406 881 0
408 598 0
409 57 0
409 277 0
410 598 0
411 598 0
413 851 0
413 977 1
414 598 1
415 598 0
416 598 0
417 598 0
418 134 0
418 203 0
419 598 0
420 598 0
421 598 0
422 598 0
423 598 1
423 822 0
423 847 0
847 598 0
425 598 0
426 598 0
427 598 1
432 598 0
433 598 1
433 820 0
433 973 0
820 598 1
973 598 0
436 598 0
437 30 0
437 371 0
437 598 0
438 598 1
439 598 0
440 598 0
441 598 0
442 268 0
442 583 0
442 598 0
445 598 0
445 733 0
445 787 0
446 598 0
447 322 0
447 598 1
448 598 0
449 598 0
451 598 1
452 598 0
455 598 0
461 598 1
462 598 0
463 598 0
464 598 0
467 458 0
467 477 0
467 598 0
469 364 0
469 598 1
470 598 1
471 49 0
471 598 0
904 301 0
904 598 0
473 598 0
476 598 0
478 598 0
479 598 0
479 716 0
716 598 0
480 598 0
480 684 0
480 959 0
482 598 0
483 598 0
486 598 0
486 684 0
486 959 0
487 598 0
489 598 0
490 598 0
492 598 0
493 309 0
493 598 0
493 982 0
494 598 0
495 598 0
496 598 0
498 144 0
498 412 0
498 598 0
499 598 0
504 768 0
504 991 1
768 598 0
505 324 0
505 328 0
505 460 1
505 598 0
508 598 0
509 598 1
511 598 0
513 598 1
518 598 0
523 598 1
525 276 1
525 516 0
526 598 0
531 152 0
531 598 1
532 820 0
532 973 0
533 282 0
533 524 0
533 598 0
536 598 1
537 598 0
538 214 0
538 688 0
688 598 1
539 83 0
539 444 0
539 598 0
539 655 0
655 598 0
540 598 0
541 598 0
542 598 0
544 598 1
545 598 1
549 108 0
549 598 1
550 598 0
552 598 0
553 92 0
553 598 0
554 598 0
556 598 0
558 424 1
558 592 1
558 598 0
559 146 0
559 410 0
559 598 0
562 598 1
563 598 0
563 694 0
563 835 0
694 598 0
835 598 0
564 598 0
565 214 0
565 688 0
568 598 1
569 598 0
570 139 0
570 438 0
571 51 0
571 252 0
571 598 0
572 598 1
576 237 0
576 598 0
577 245 0
577 598 1
577 870 0
578 598 1
579 598 0
580 42 0
580 598 0
580 796 0
581 598 0
582 245 0
582 870 1
584 598 0
585 501 0
585 598 0
585 682 0
588 598 1
589 598 0
590 598 0
591 159 0
591 598 0
593 598 0
594 397 0
594 598 0
594 919 0
595 105 0
595 598 0
595 776 1
776 598 0
596 195 0
596 566 0
596 598 0
597 515 1
597 598 0
597 666 1
600 361 1
600 488 1
600 598 0
600 972 0
972 598 0
601 347 1
601 506 0
601 598 0
601 648 1
601 567 0
601 216 0
601 971 1
601 884 0
604 598 0
605 598 1
606 598 1
606 793 0
793 68 0
793 598 0
793 750 0
610 598 0
611 598 0
612 598 0
615 598 1
616 374 0
616 598 0
616 817 0
617 598 1
621 598 0
622 485 1
622 739 0
623 598 0
624 598 0
625 598 1
627 598 0
628 361 0
628 488 0
628 598 0
631 598 0
632 598 0
635 598 0
635 864 0
636 598 1
637 598 0
638 598 0
642 598 0
643 586 0
643 794 1
644 598 0
644 605 0
645 326 0
645 598 0
647 239 1
647 598 1
775 248 1
775 598 0
654 598 0
656 598 1
658 598 0
659 598 0
663 598 0
664 598 0
667 598 0
668 598 0
670 114 0
670 609 0
671 598 0
672 202 0
672 262 0
672 598 0
673 598 0
676 598 1
677 146 0
677 410 0
677 509 0
677 598 0
678 374 0
678 817 0
680 598 1
683 598 0
686 311 1
686 355 0
686 472 0
686 598 0
690 598 0
691 598 1
692 66 1
692 598 0
693 598 1
696 105 0
696 598 0
696 776 1
697 598 0
699 598 0
701 360 1
701 513 0
701 598 0
702 346 0
702 598 0
702 837 0
705 598 1
707 520 0
707 598 0
707 875 0
709 598 0
710 598 0
711 598 1
712 710 1
712 720 0
715 598 0
715 865 0
865 598 0
718 598 0
719 598 1
721 598 1
722 598 0
723 329 0
723 709 0
724 598 0
724 847 0
725 268 0
725 583 1
725 598 1
727 598 0
728 210 0
728 864 0
729 598 0
846 598 0
735 598 0
736 598 0
737 364 0
737 598 0
738 468 0
738 521 0
738 598 0
740 489 0
740 522 0
740 598 0
740 651 0
741 598 1
742 408 0
742 598 0
743 598 1
744 598 0
747 598 0
748 598 0
749 534 1
749 913 0
750 598 0
751 598 0
752 598 0
754 186 0
754 598 0
754 694 0
754 916 0
755 580 0
755 584 0
755 598 0
756 182 0
756 675 0
848 598 0
848 841 0
758 598 0
760 598 0
761 598 0
762 598 0
763 598 1
764 598 0
765 298 0
765 818 0
766 598 0
767 514 0
767 598 0
767 638 1
770 598 0
773 598 0
774 598 0
774 694 0
774 835 0
780 276 0
780 516 0
780 598 0
781 98 0
781 589 0
783 137 0
783 598 1
783 651 0
783 925 0
784 598 0
786 598 0
788 598 0
789 598 0
791 598 0
795 598 0
797 92 0
797 598 0
798 598 0
799 598 0
800 598 0
800 822 0
800 847 0
802 598 0
803 598 0
804 436 0
804 598 0
805 598 0
806 598 0
808 598 0
809 590 1
809 598 0
810 30 0
810 371 0
810 598 0
812 598 1
813 360 0
813 513 0
813 598 0
814 598 1
815 248 0
815 588 1
815 598 0
815 836 0
836 598 0
816 598 0
819 598 0
821 598 0
823 598 1
827 598 0
830 315 0
830 598 1
830 989 1
832 598 0
833 87 0
833 779 1
834 134 0
834 203 0
834 598 0
838 598 0
841 598 0
845 598 0
850 53 0
850 660 0
854 98 1
854 589 0
855 598 0
855 601 1
857 514 1
857 598 0
857 638 0
861 598 0
862 598 0
866 598 0
868 521 0
868 598 0
872 268 1
872 598 1
873 53 0
873 598 1
873 660 0
876 507 0
876 581 0
876 598 0
878 535 0
878 695 0
879 598 1
882 598 0
883 598 0
883 806 0
885 598 0
886 598 0
887 598 0
888 598 0
891 598 0
894 598 0
894 758 0
896 44 0
896 598 0
898 289 0
898 573 0
900 598 0
901 598 0
903 598 0
905 598 0
906 598 0
906 897 0
906 917 1
907 598 0
909 275 0
909 598 0
909 790 0
910 598 1
912 598 0
914 356 1
914 598 0
915 380 1
915 598 0
918 598 0
921 710 0
921 720 0
923 598 0
923 937 0
937 216 0
937 598 0
937 971 0
937 347 0
937 506 0
937 884 0
937 131 0
937 431 0
937 843 0
937 825 1
937 567 0
924 598 0
927 598 1
928 598 0
929 598 0
929 767 0
930 48 0
930 807 0
931 68 0
931 598 0
931 750 0
934 598 1
935 598 0
936 598 0
936 613 0
936 757 0
938 507 0
938 581 0
938 598 0
940 275 0
940 598 0
940 790 0
942 598 0
943 598 0
944 598 1
946 598 1
947 598 0
949 139 0
949 438 0
949 598 0
950 598 0
952 598 1
958 598 0
958 703 0
958 892 1
964 598 0
964 768 1
964 991 0
966 598 1
969 598 0
970 588 0
970 598 0
970 836 0
974 598 0
975 598 0
976 598 0
978 83 0
978 655 1
979 93 0
979 893 0
983 775 0
983 955 0
984 598 1
986 598 0
987 329 0
987 709 0
992 470 0
992 598 0
994 598 0
996 458 0
996 477 0
997 546 0
997 598 0
997 884 1
997 363 0
997 843 0
997 825 1
997 648 1
997 347 0
997 506 0
999 598 0
999 620 0
999 939 0
