0 757 1
0 865 1
0 947 0
0 874 1
0 606 1
0 3 1
0 650 0
0 337 1
757 436 1
757 865 1
757 650 1
757 874 1
757 337 1
757 3 1
947 865 1
947 874 1
947 606 1
947 3 1
947 337 0
947 650 0
1 865 1
2 865 1
3 865 1
4 650 0
4 865 1
4 947 1
4 874 1
650 865 1
6 130 0
6 477 1
6 606 1
6 865 1
6 3 1
6 650 1
6 874 1
130 213 1
130 645 1
130 865 1
477 807 1
477 865 1
477 3 0
477 874 1
477 650 1
606 865 1
7 865 1
8 865 1
9 337 1
9 865 1
9 3 0
9 606 1
9 807 1
9 874 0
337 865 0
10 483 1
10 865 1
483 865 1
11 441 1
11 535 1
11 865 1
441 865 1
535 865 0
12 865 1
13 865 0
14 865 1
16 768 1
16 865 1
16 971 1
768 758 0
768 865 1
971 354 0
971 865 1
18 865 1
19 865 1
22 865 1
22 979 1
979 865 1
23 3 1
23 456 1
23 865 1
23 436 1
23 874 1
23 337 1
456 865 1
24 595 1
24 856 0
24 865 1
24 946 1
595 431 1
595 865 1
856 54 1
856 865 1
946 632 1
946 865 1
946 927 1
946 942 0
25 865 0
26 299 0
26 865 1
299 865 0
27 240 1
27 555 1
27 865 1
27 879 1
240 377 1
240 865 0
555 865 1
879 6 0
879 865 0
879 890 1
28 865 1
29 243 0
29 865 1
243 865 0
30 865 1
31 37 1
31 276 1
31 656 0
31 865 0
37 502 0
37 865 1
276 865 1
656 91 0
656 851 0
656 865 0
32 865 1
33 446 1
33 700 1
33 865 1
446 865 1
700 865 1
700 876 0
34 272 1
34 372 1
34 865 0
272 606 1
272 865 0
272 3 0
272 650 1
272 874 1
372 865 1
36 865 1
502 865 1
39 242 0
39 830 1
830 865 1
40 865 1
41 792 1
41 865 1
792 67 0
792 856 1
792 865 1
42 684 1
42 847 0
42 865 1
684 329 1
684 395 0
684 865 0
847 865 0
43 865 1
44 865 1
45 595 0
45 865 1
46 865 0
46 876 1
876 865 1
47 371 1
47 654 0
47 865 0
371 865 1
371 978 0
654 865 1
48 149 1
48 779 1
48 865 0
149 865 1
779 865 1
49 865 0
50 416 1
50 865 1
416 865 0
51 865 1
52 865 0
54 865 1
55 865 1
56 392 1
56 865 1
392 865 1
57 105 1
57 865 1
57 976 1
105 865 1
976 865 0
58 412 1
58 865 1
412 865 1
60 865 1
62 865 0
62 916 1
916 865 1
63 468 1
63 865 1
468 865 1
64 71 1
64 296 1
64 382 1
64 865 1
71 51 1
71 499 1
71 709 1
71 936 1
296 341 1
296 710 1
296 844 1
296 865 1
382 267 1
382 865 1
65 865 1
66 865 1
67 865 1
70 865 1
70 982 0
982 865 1
499 37 1
499 812 1
499 865 1
709 865 1
936 830 1
936 865 1
72 291 1
72 865 1
291 865 1
73 865 1
74 302 1
74 865 1
302 865 0
75 865 0
76 137 0
76 865 0
137 865 1
77 865 1
80 865 1
81 749 1
81 865 1
81 988 1
988 865 1
988 948 1
82 529 1
82 865 0
529 865 1
83 865 1
84 436 0
84 676 0
84 759 1
84 865 1
84 650 1
84 874 1
84 337 1
84 3 1
436 865 1
676 865 1
759 865 1
86 632 1
86 865 1
632 865 1
87 342 1
87 491 1
87 865 1
342 865 1
491 865 1
88 457 1
88 536 1
88 865 1
536 865 1
90 865 1
91 865 1
92 363 1
92 416 1
92 865 1
363 617 0
363 749 0
363 865 1
363 988 1
93 865 1
94 91 1
94 851 0
94 865 1
851 865 1
95 208 1
95 865 1
95 925 1
925 265 0
925 326 1
925 865 1
96 586 1
96 865 1
586 865 1
97 865 1
99 865 1
100 865 1
101 865 1
101 942 1
942 451 1
942 865 0
102 166 1
102 411 1
102 865 1
102 903 1
166 865 1
411 48 1
411 568 1
411 693 1
411 865 1
903 865 1
103 240 1
103 865 1
104 189 0
104 542 1
104 865 1
189 28 1
189 865 1
542 865 1
106 494 1
106 865 1
494 865 0
107 865 0
107 974 1
974 865 1
108 710 1
108 865 1
710 865 1
109 865 1
110 865 1
112 865 0
113 555 0
113 865 1
114 865 1
115 201 1
115 422 1
115 768 1
115 865 0
201 865 0
422 408 1
422 590 1
422 865 1
116 865 0
117 865 1
118 430 1
118 865 1
430 468 1
430 865 1
120 865 0
121 865 0
122 865 1
124 865 1
125 281 1
125 865 1
125 901 1
281 865 1
281 980 1
901 575 1
901 664 0
901 865 1
901 874 1
901 931 1
901 3 1
127 586 1
127 865 1
128 758 1
128 865 0
758 865 0
129 865 1
213 638 1
213 865 1
645 318 1
645 376 1
645 865 1
131 673 1
131 709 1
131 865 1
673 865 1
132 865 1
133 403 1
133 602 1
133 865 1
403 865 0
403 904 1
602 865 1
134 865 1
135 865 1
135 900 1
900 424 1
900 865 1
136 865 1
136 900 0
138 195 1
138 865 1
195 773 1
195 865 1
139 97 1
139 241 1
139 261 1
139 865 0
241 80 1
241 257 1
241 865 1
241 946 1
261 865 0
141 65 0
141 865 0
142 865 1
143 778 1
143 865 0
143 900 1
143 960 1
778 63 1
778 236 1
778 865 0
960 169 1
960 494 1
960 865 1
144 865 1
145 865 1
145 997 1
997 287 1
997 756 1
997 800 1
997 865 1
146 274 1
146 623 1
146 865 0
274 865 1
623 366 1
623 505 0
623 865 1
147 865 1
148 865 1
151 153 1
151 865 1
153 865 1
152 865 1
154 120 0
154 236 1
154 651 1
154 865 0
236 865 1
651 77 0
651 324 0
651 865 1
155 291 1
155 865 1
156 611 1
156 865 1
611 865 1
157 200 1
157 865 1
200 311 1
200 767 1
200 865 1
158 865 1
159 865 1
160 865 0
161 116 1
161 691 1
161 865 1
161 936 1
691 865 1
162 211 1
162 261 1
162 267 1
162 290 1
162 865 1
211 498 1
211 865 1
267 250 1
267 865 1
290 795 1
290 865 1
163 525 1
163 722 1
163 865 1
525 865 1
722 692 1
722 865 1
164 865 1
165 865 1
167 865 1
168 865 1
169 865 1
170 806 1
170 865 1
806 865 1
171 670 1
171 776 1
171 788 1
171 865 1
171 897 1
670 865 1
788 709 0
788 865 0
897 865 1
172 865 1
173 865 1
174 865 1
175 758 1
175 865 1
176 3 1
176 865 1
176 807 1
176 874 0
176 337 1
177 665 0
177 865 1
177 986 1
665 865 1
665 982 1
986 435 1
986 559 1
986 865 0
179 865 0
179 895 1
895 865 0
182 560 1
182 865 1
182 871 1
560 865 1
871 865 1
183 865 0
185 865 1
186 865 1
186 932 0
932 865 0
187 865 1
188 527 0
188 531 1
527 865 1
531 865 1
190 6 1
190 435 1
190 461 0
190 734 1
190 890 0
190 956 1
435 865 0
461 83 1
461 865 1
734 372 1
734 865 1
890 865 0
956 810 1
956 865 1
191 865 1
192 865 0
193 709 0
193 724 1
193 865 1
724 865 1
194 191 1
194 627 1
194 865 1
627 75 0
627 865 0
773 865 1
196 865 0
197 395 1
197 865 1
395 865 1
198 865 1
199 383 1
199 865 1
199 946 1
383 865 1
311 371 1
311 654 0
311 865 1
767 178 1
767 270 0
767 865 0
203 865 1
204 865 1
205 865 1
206 865 1
206 948 1
948 865 1
207 208 1
207 865 1
207 925 1
209 728 0
209 865 1
728 665 1
728 865 1
728 986 0
498 865 0
212 697 1
212 865 1
697 865 1
638 551 0
638 865 1
638 877 0
214 865 1
215 865 1
217 865 1
218 312 1
218 349 1
218 865 1
312 865 0
312 947 1
312 874 1
312 606 1
312 3 1
312 650 0
312 337 1
349 865 1
219 501 1
219 544 1
219 865 1
501 865 0
544 332 0
544 443 1
544 865 0
220 409 1
220 432 1
220 445 0
220 530 1
409 865 1
432 865 1
432 892 1
445 812 1
445 865 1
530 865 1
221 3 1
221 865 1
221 436 1
221 807 1
221 337 1
221 874 1
222 737 1
222 865 1
222 902 1
737 741 1
737 865 1
902 473 1
902 865 1
223 108 1
223 865 1
223 932 1
224 728 1
224 865 1
225 865 1
226 865 0
227 402 1
227 478 1
227 865 1
402 865 0
478 865 1
229 865 1
231 229 1
231 237 1
231 865 1
237 564 1
237 865 1
232 341 1
232 444 1
232 865 1
341 314 1
341 668 1
341 865 1
444 865 0
233 865 1
235 778 1
235 900 1
564 54 1
564 865 1
238 865 1
239 237 1
239 865 1
377 865 0
257 622 0
257 865 1
244 865 1
245 865 1
245 965 1
965 434 1
965 865 1
246 865 0
248 865 1
250 865 1
251 103 0
251 780 1
251 805 1
251 865 1
780 865 0
805 865 0
252 865 1
255 331 1
255 444 1
255 865 1
331 406 1
331 865 1
256 137 1
256 517 1
256 865 1
517 122 1
517 865 0
622 630 1
622 798 1
622 865 1
258 865 0
259 865 1
260 617 1
260 865 1
617 865 1
262 532 1
262 865 1
532 865 1
532 943 1
264 865 1
265 117 1
265 865 1
266 543 0
266 859 1
266 865 1
543 472 1
543 865 1
859 865 0
268 670 0
268 865 1
270 865 0
273 226 1
273 865 0
275 865 1
278 51 1
278 865 1
279 865 1
279 910 1
910 865 1
980 865 1
282 865 1
283 865 1
284 406 0
284 808 1
284 865 1
406 865 0
808 118 1
808 865 1
285 808 1
285 865 1
285 879 0
286 865 1
287 865 0
288 865 1
289 865 0
795 677 1
795 865 1
293 865 1
294 167 1
294 400 1
400 865 1
844 865 0
297 597 1
297 865 1
597 865 0
300 865 1
303 865 1
304 865 1
305 806 1
305 865 1
306 139 1
306 342 1
306 865 1
307 865 1
308 274 1
308 651 0
308 865 1
308 921 1
921 865 1
309 865 1
313 865 1
314 865 1
315 233 1
315 865 1
317 865 0
318 656 1
318 865 1
320 55 1
320 489 0
320 746 1
320 859 1
489 865 1
746 571 0
746 865 1
322 787 1
322 865 1
787 602 1
787 865 0
323 261 1
323 372 1
323 865 1
324 865 1
325 448 1
325 865 1
325 868 1
448 865 1
868 122 1
868 865 1
326 67 1
326 566 1
326 856 1
326 865 1
566 865 0
327 865 1
329 476 1
329 865 1
476 865 1
330 703 1
330 865 1
703 861 1
703 865 0
332 865 1
333 865 1
334 304 1
334 865 1
335 865 1
336 46 1
336 157 1
336 585 0
336 865 1
585 168 1
585 865 1
338 618 1
338 865 1
618 812 1
618 865 1
339 50 1
339 865 1
668 865 1
343 865 1
344 865 1
345 865 1
346 341 0
346 865 1
347 865 1
348 609 1
348 865 1
609 478 1
609 865 0
351 389 1
351 865 1
351 885 0
389 252 1
389 640 1
389 865 1
885 766 1
885 865 1
352 25 1
352 656 1
352 865 1
352 976 0
353 865 1
354 865 1
356 865 1
357 431 1
357 865 1
431 865 1
358 536 1
358 865 1
359 865 1
360 338 1
360 546 1
360 865 1
546 865 1
361 691 1
361 773 1
361 865 1
361 936 1
364 167 0
364 400 1
364 865 1
365 411 1
365 865 1
365 903 0
366 825 1
366 865 0
825 865 1
367 865 1
369 63 1
369 865 1
370 77 1
370 664 1
370 865 0
370 874 1
370 606 0
370 337 1
370 3 0
370 650 1
664 865 1
874 794 1
874 865 0
978 865 1
373 28 1
373 865 0
374 865 0
375 154 1
375 473 1
375 865 1
473 865 1
376 865 1
378 710 1
378 844 1
378 865 1
379 865 1
381 865 1
381 876 0
384 100 1
384 865 0
385 865 0
386 424 1
386 865 0
424 865 0
387 865 0
388 469 1
388 865 1
388 904 1
469 865 1
904 865 1
640 865 0
390 198 1
390 314 1
390 865 1
391 865 0
393 865 1
394 865 1
396 865 1
397 865 0
398 160 1
398 865 1
399 865 0
401 674 0
401 865 1
674 73 1
674 865 1
404 120 1
404 865 1
408 77 1
408 865 1
410 865 1
568 865 1
693 603 1
693 865 1
413 13 0
413 865 0
414 865 0
415 865 1
417 865 0
418 329 1
418 395 0
418 865 1
421 865 1
590 570 1
590 865 1
423 527 1
423 531 1
423 856 1
423 865 1
425 865 1
426 133 1
426 865 1
427 94 1
427 121 1
427 865 1
428 865 1
892 100 1
892 303 1
892 865 1
433 768 0
433 865 1
434 865 1
437 865 1
438 154 1
438 446 1
438 811 1
438 865 1
811 865 1
442 56 0
442 332 1
442 865 1
442 993 0
993 526 1
993 865 0
443 865 0
812 865 1
447 865 1
449 856 1
449 865 1
450 337 1
450 865 1
450 3 0
450 606 1
450 807 1
450 874 0
451 317 0
451 628 0
451 865 1
628 865 0
452 865 1
453 426 0
453 865 1
454 555 1
454 865 0
455 865 0
458 865 1
459 570 1
459 865 1
570 865 1
460 865 1
462 865 0
463 865 1
464 865 0
464 980 1
465 166 1
465 865 0
465 932 1
466 417 1
466 763 1
466 865 1
466 911 1
763 601 0
763 865 1
911 497 0
911 865 1
467 865 1
470 103 1
470 865 1
470 971 1
471 426 1
471 865 1
472 173 1
472 812 1
472 865 1
474 865 1
475 865 0
475 869 0
869 865 1
807 865 1
480 865 1
481 56 1
481 332 1
484 746 1
484 865 1
485 430 1
485 865 1
486 865 1
487 476 1
487 731 1
487 865 1
731 865 1
488 304 0
488 865 1
488 929 1
929 55 1
929 320 1
929 865 1
492 120 1
492 865 1
493 637 1
493 865 1
637 272 1
637 489 1
637 865 1
495 865 1
497 865 1
500 865 1
505 865 0
508 865 1
509 1 1
509 82 1
509 843 0
509 865 1
843 476 0
843 731 0
843 865 1
510 259 1
510 865 1
510 942 1
512 865 1
513 865 1
514 865 1
515 865 0
516 865 1
518 865 1
519 414 1
519 817 1
519 865 0
817 865 0
521 265 1
521 865 1
522 590 1
522 865 0
523 400 1
523 865 0
526 865 1
528 359 1
528 865 1
528 948 0
943 756 0
943 865 1
533 416 1
533 865 1
534 468 1
534 865 0
537 705 1
537 865 1
705 709 1
705 865 1
538 398 1
538 588 1
538 865 0
588 865 1
540 865 0
540 975 1
975 865 1
541 313 1
541 457 1
541 536 1
541 550 1
541 865 1
550 865 1
545 802 1
545 865 1
802 865 1
547 865 1
548 865 1
549 561 1
549 865 1
561 654 1
561 865 1
551 51 0
551 865 1
552 334 1
552 421 0
552 865 1
554 865 0
557 116 1
557 865 1
558 865 1
559 865 0
562 93 1
562 865 1
563 865 1
565 865 1
567 865 1
571 865 1
572 865 0
573 122 0
573 424 0
573 865 1
575 445 0
575 865 0
576 865 1
578 246 1
578 648 0
578 709 1
578 865 1
648 441 0
648 865 0
581 865 1
583 22 1
583 751 1
583 865 1
751 865 1
584 865 0
589 865 0
592 529 1
592 865 1
594 185 0
594 865 1
594 913 1
913 557 1
913 865 1
596 723 1
596 865 0
723 865 1
598 211 1
598 865 1
600 363 0
600 710 0
600 865 0
601 865 1
603 865 0
605 424 1
605 865 0
607 865 0
608 372 1
608 489 1
608 865 1
608 992 1
992 104 1
992 694 1
992 801 1
992 865 1
610 865 0
612 260 1
612 865 0
613 865 1
614 378 1
614 383 0
614 398 1
614 865 1
615 448 1
615 865 1
616 408 0
616 865 1
619 703 1
619 865 1
620 865 1
621 865 1
621 876 1
630 865 1
798 25 0
798 865 1
624 865 1
626 528 1
626 565 0
626 865 1
626 928 1
928 865 1
629 865 0
631 670 0
631 776 1
631 865 1
633 337 0
633 865 0
634 93 1
634 201 1
634 514 1
634 638 1
636 865 1
877 334 0
877 421 1
877 865 0
877 996 1
639 865 1
641 250 1
641 865 1
642 418 1
642 865 1
643 865 1
644 865 1
647 865 1
649 195 1
649 341 1
649 865 1
652 865 1
653 739 1
653 865 1
739 640 1
739 741 1
739 835 1
739 865 1
655 83 0
655 158 1
655 865 1
657 865 0
658 865 1
659 414 1
659 462 0
659 865 1
661 865 1
662 36 1
662 384 1
662 865 1
662 999 1
999 865 1
666 865 1
667 676 1
667 759 1
667 865 1
669 865 1
671 800 1
671 865 1
800 865 0
672 88 0
672 528 1
672 865 1
675 865 1
677 865 1
678 431 0
678 709 1
678 811 1
678 935 1
935 376 1
935 865 1
679 865 1
681 741 1
681 865 1
741 865 1
682 865 1
683 529 0
683 865 1
685 469 1
685 865 1
686 865 1
686 897 1
687 565 1
687 865 1
687 930 1
930 865 1
688 424 0
688 865 1
689 865 1
690 865 0
692 865 1
694 284 1
694 655 1
694 865 1
695 865 0
695 916 1
696 28 0
696 865 1
696 911 1
698 211 1
698 290 1
698 865 1
701 693 1
701 803 1
701 865 1
803 865 0
803 979 1
702 865 1
702 995 0
995 865 1
861 274 1
861 865 1
861 921 1
704 865 1
706 620 0
706 865 1
708 865 1
711 142 1
711 465 1
711 865 1
712 104 1
712 113 1
712 801 0
712 865 1
801 654 1
801 865 1
714 469 1
714 865 1
715 865 1
716 833 0
716 865 0
833 347 1
833 590 0
833 865 0
717 122 1
717 833 0
717 865 1
718 31 0
718 165 1
718 450 1
718 471 1
718 865 1
719 28 1
719 242 1
719 265 1
719 515 1
719 830 1
719 865 1
720 620 0
720 865 1
721 865 0
725 865 1
726 865 1
727 255 1
727 287 1
727 865 1
729 17 1
729 64 1
729 398 1
729 865 1
730 865 1
732 865 1
733 865 1
735 865 0
736 865 1
738 865 1
835 195 1
835 844 1
835 865 1
740 723 0
740 865 1
740 910 1
743 397 1
743 865 1
744 406 1
744 865 1
747 865 1
748 865 1
750 865 1
752 865 1
753 80 1
753 231 1
753 767 1
753 865 1
755 865 1
756 865 1
760 865 1
761 865 1
762 654 1
762 865 1
764 865 1
764 998 0
998 865 1
765 865 1
766 77 0
766 865 1
769 168 1
769 865 0
772 164 1
772 281 1
772 865 1
774 333 1
774 865 1
774 930 1
775 573 1
775 620 0
775 865 1
781 865 1
782 656 1
782 865 1
783 865 1
784 865 1
785 865 0
786 865 1
789 865 1
790 400 1
790 865 1
793 617 1
793 865 1
794 865 1
796 865 1
799 476 1
799 865 1
804 290 1
804 865 1
809 865 1
810 164 1
810 861 1
810 865 1
813 448 1
813 865 1
814 865 1
815 737 1
815 902 1
816 359 1
816 628 1
816 865 1
818 54 0
818 865 1
819 865 1
820 501 1
820 544 1
821 734 1
821 865 1
823 149 0
823 171 1
823 489 1
823 865 0
824 499 1
824 536 1
824 632 1
824 865 1
826 173 1
826 812 1
827 272 1
827 372 1
827 786 1
827 865 1
831 596 1
831 865 1
834 414 0
834 462 1
837 289 1
837 865 1
838 865 0
839 55 1
839 865 1
840 865 1
841 191 0
841 627 1
842 865 1
845 865 1
848 865 1
849 865 1
853 169 1
853 341 1
853 865 1
854 557 1
854 865 1
858 331 1
858 865 1
862 865 1
864 865 0
866 304 1
866 929 1
867 709 1
867 865 1
870 256 1
870 865 1
872 865 0
875 158 0
875 272 1
875 480 0
875 865 0
996 865 1
878 300 1
878 650 1
878 865 1
878 947 1
878 874 1
881 203 1
881 865 1
882 865 0
883 639 1
883 865 1
886 865 0
887 865 1
888 424 1
888 565 1
888 865 1
889 464 0
889 865 0
893 93 1
893 596 1
893 738 1
893 865 1
894 794 0
894 865 1
896 317 1
896 628 0
896 865 1
898 865 1
899 300 1
899 865 1
931 865 0
905 514 1
905 865 1
907 166 0
907 756 0
907 865 0
908 865 1
909 103 1
909 384 0
909 865 1
912 656 1
912 865 1
914 17 1
914 64 1
914 865 1
915 865 1
915 895 0
917 865 1
918 329 1
918 865 1
919 865 1
919 940 0
919 962 1
940 120 0
940 865 1
962 178 1
962 270 1
962 274 1
962 437 1
962 554 0
962 865 0
920 689 1
920 865 0
922 341 1
922 523 1
922 528 1
922 669 1
923 865 1
924 865 1
927 865 1
933 865 0
934 13 0
934 730 1
934 865 1
937 865 1
938 723 1
938 807 1
938 865 1
938 3 1
938 874 0
938 650 1
939 865 1
941 865 0
944 865 1
949 392 1
949 865 1
950 865 1
951 865 1
953 131 1
953 865 0
954 865 0
955 865 1
957 865 1
958 865 1
961 165 1
961 450 1
963 307 1
963 865 1
968 710 1
968 865 1
972 787 1
972 865 1
972 981 1
981 865 1
973 103 1
973 384 1
973 865 1
977 622 0
977 865 1
984 122 0
984 628 1
984 786 1
984 865 1
985 865 0
987 865 1
989 865 1
990 865 1
991 865 1
994 865 1
