0 757 0
0 865 0
0 947 0
0 874 1
0 606 0
0 3 0
0 650 1
0 337 0
757 436 0
757 865 0
757 650 0
757 874 1
757 337 0
757 3 0
947 865 0
947 874 0
947 606 0
947 3 0
947 337 0
947 650 1
1 865 0
2 865 0
3 865 1
4 650 0
4 865 0
4 947 1
4 874 1
650 865 1
6 130 0
6 477 0
6 606 0
6 865 0
6 3 0
6 650 1
6 874 0
130 213 1
130 645 1
130 865 0
477 807 0
477 865 0
477 3 1
477 874 1
477 650 0
606 865 1
7 865 1
8 865 1
9 337 1
9 865 1
9 3 1
9 606 1
9 807 0
9 874 0
337 865 0
10 483 0
10 865 0
483 865 0
11 441 1
11 535 1
11 865 1
441 865 1
535 865 1
12 865 1
13 865 0
14 865 1
16 768 1
16 865 1
16 971 0
768 758 1
768 865 1
971 354 1
971 865 1
18 865 0
19 865 1
22 865 1
22 979 1
979 865 0
23 3 1
23 456 1
23 865 0
23 436 0
23 874 1
23 337 0
456 865 1
24 595 1
24 856 1
24 865 0
24 946 1
595 431 0
595 865 0
856 54 0
856 865 1
946 632 1
946 865 0
946 927 1
946 942 1
25 865 1
26 299 0
26 865 0
299 865 1
27 240 0
27 555 1
27 865 1
27 879 0
240 377 0
240 865 1
555 865 1
879 6 0
879 865 0
879 890 1
28 865 1
29 243 1
29 865 1
243 865 0
30 865 0
31 37 1
31 276 1
31 656 0
31 865 1
37 502 0
37 865 0
276 865 0
656 91 1
656 851 1
656 865 0
32 865 0
33 446 1
33 700 0
33 865 1
446 865 0
700 865 1
700 876 1
34 272 1
34 372 0
34 865 0
272 606 0
272 865 1
272 3 0
272 650 1
272 874 0
372 865 1
36 865 1
502 865 0
39 242 1
39 830 0
830 865 1
40 865 1
41 792 1
41 865 0
792 67 0
792 856 1
792 865 1
42 684 0
42 847 1
42 865 1
684 329 1
684 395 0
684 865 0
847 865 0
43 865 0
44 865 0
45 595 1
45 865 1
46 865 0
46 876 1
876 865 0
47 371 1
47 654 0
47 865 1
371 865 1
371 978 0
654 865 0
48 149 0
48 779 0
48 865 1
149 865 0
779 865 0
49 865 1
50 416 0
50 865 0
416 865 0
51 865 0
52 865 0
54 865 1
55 865 0
56 392 0
56 865 1
392 865 1
57 105 0
57 865 1
57 976 0
105 865 1
976 865 1
58 412 1
58 865 1
412 865 1
60 865 1
62 865 0
62 916 1
916 865 0
63 468 0
63 865 0
468 865 1
64 71 1
64 296 0
64 382 1
64 865 0
71 51 0
71 499 0
71 709 0
71 936 1
296 341 1
296 710 0
296 844 1
296 865 1
382 267 0
382 865 0
65 865 0
66 865 1
67 865 1
70 865 1
70 982 0
982 865 1
499 37 1
499 812 1
499 865 1
709 865 0
936 830 1
936 865 1
72 291 1
72 865 0
291 865 0
73 865 1
74 302 1
74 865 0
302 865 0
75 865 0
76 137 1
76 865 0
137 865 1
77 865 0
80 865 1
81 749 0
81 865 1
81 988 1
988 865 1
988 948 0
82 529 1
82 865 1
529 865 0
83 865 1
84 436 0
84 676 1
84 759 1
84 865 1
84 650 0
84 874 1
84 337 1
84 3 0
436 865 1
676 865 1
759 865 1
86 632 1
86 865 1
632 865 0
87 342 1
87 491 1
87 865 0
342 865 0
491 865 1
88 457 0
88 536 0
88 865 1
536 865 0
90 865 0
91 865 0
92 363 0
92 416 1
92 865 1
363 617 1
363 749 1
363 865 1
363 988 1
93 865 0
94 91 0
94 851 1
94 865 0
851 865 1
95 208 0
95 865 0
95 925 0
925 265 0
925 326 1
925 865 1
96 586 0
96 865 1
586 865 1
97 865 1
99 865 1
100 865 0
101 865 0
101 942 1
942 451 1
942 865 1
102 166 1
102 411 1
102 865 0
102 903 1
166 865 1
411 48 1
411 568 1
411 693 1
411 865 0
903 865 1
103 240 1
103 865 1
104 189 1
104 542 1
104 865 0
189 28 0
189 865 1
542 865 1
106 494 0
106 865 1
494 865 1
107 865 0
107 974 0
974 865 1
108 710 0
108 865 0
710 865 0
109 865 0
110 865 1
112 865 1
113 555 1
113 865 1
114 865 1
115 201 0
115 422 1
115 768 0
115 865 1
201 865 0
422 408 1
422 590 1
422 865 1
116 865 0
117 865 0
118 430 0
118 865 1
430 468 0
430 865 0
120 865 1
121 865 0
122 865 0
124 865 1
125 281 0
125 865 0
125 901 1
281 865 1
281 980 1
901 575 0
901 664 1
901 865 1
901 874 1
901 931 1
901 3 1
127 586 0
127 865 1
128 758 1
128 865 1
758 865 1
129 865 1
213 638 0
213 865 0
645 318 0
645 376 0
645 865 0
131 673 1
131 709 1
131 865 0
673 865 0
132 865 1
133 403 0
133 602 1
133 865 1
403 865 1
403 904 1
602 865 1
134 865 0
135 865 0
135 900 0
900 424 0
900 865 1
136 865 0
136 900 1
138 195 1
138 865 0
195 773 1
195 865 0
139 97 1
139 241 0
139 261 0
139 865 1
241 80 0
241 257 0
241 865 0
241 946 1
261 865 1
141 65 1
141 865 0
142 865 0
143 778 0
143 865 0
143 900 1
143 960 1
778 63 1
778 236 1
778 865 0
960 169 1
960 494 1
960 865 0
144 865 0
145 865 1
145 997 0
997 287 0
997 756 1
997 800 1
997 865 0
146 274 1
146 623 1
146 865 0
274 865 1
623 366 1
623 505 0
623 865 1
147 865 0
148 865 0
151 153 1
151 865 0
153 865 0
152 865 1
154 120 1
154 236 0
154 651 0
154 865 1
236 865 0
651 77 1
651 324 0
651 865 1
155 291 1
155 865 0
156 611 0
156 865 0
611 865 1
157 200 1
157 865 0
200 311 0
200 767 1
200 865 0
158 865 0
159 865 1
160 865 1
161 116 0
161 691 1
161 865 0
161 936 0
691 865 1
162 211 0
162 261 0
162 267 1
162 290 1
162 865 1
211 498 1
211 865 0
267 250 1
267 865 1
290 795 1
290 865 1
163 525 1
163 722 0
163 865 0
525 865 1
722 692 0
722 865 1
164 865 1
165 865 1
167 865 0
168 865 1
169 865 1
170 806 0
170 865 1
806 865 0
171 670 0
171 776 0
171 788 0
171 865 1
171 897 1
670 865 0
788 709 0
788 865 0
897 865 0
172 865 1
173 865 0
174 865 1
175 758 0
175 865 0
176 3 1
176 865 0
176 807 0
176 874 1
176 337 0
177 665 0
177 865 1
177 986 0
665 865 0
665 982 0
986 435 1
986 559 0
986 865 1
179 865 1
179 895 1
895 865 0
182 560 1
182 865 0
182 871 0
560 865 1
871 865 1
183 865 0
185 865 1
186 865 1
186 932 1
932 865 0
187 865 0
188 527 0
188 531 0
527 865 0
531 865 1
190 6 0
190 435 1
190 461 0
190 734 0
190 890 1
190 956 1
435 865 0
461 83 0
461 865 1
734 372 0
734 865 1
890 865 0
956 810 1
956 865 0
191 865 1
192 865 1
193 709 1
193 724 0
193 865 0
724 865 0
194 191 0
194 627 0
194 865 1
627 75 1
627 865 0
773 865 1
196 865 1
197 395 1
197 865 1
395 865 0
198 865 1
199 383 0
199 865 1
199 946 0
383 865 0
311 371 1
311 654 0
311 865 1
767 178 0
767 270 1
767 865 1
203 865 1
204 865 0
205 865 0
206 865 0
206 948 1
948 865 1
207 208 0
207 865 0
207 925 1
209 728 0
209 865 0
728 665 0
728 865 0
728 986 0
498 865 1
212 697 1
212 865 0
697 865 1
638 551 1
638 865 1
638 877 1
214 865 0
215 865 1
217 865 0
218 312 1
218 349 1
218 865 0
312 865 0
312 947 1
312 874 1
312 606 1
312 3 1
312 650 1
312 337 1
349 865 1
219 501 0
219 544 0
219 865 1
501 865 1
544 332 0
544 443 0
544 865 0
220 409 0
220 432 1
220 445 0
220 530 0
409 865 1
432 865 1
432 892 1
445 812 1
445 865 0
530 865 0
221 3 1
221 865 0
221 436 1
221 807 1
221 337 0
221 874 0
222 737 1
222 865 1
222 902 1
737 741 1
737 865 1
902 473 1
902 865 1
223 108 1
223 865 0
223 932 1
224 728 1
224 865 0
225 865 0
226 865 0
227 402 1
227 478 0
227 865 1
402 865 0
478 865 1
229 865 1
231 229 0
231 237 1
231 865 0
237 564 0
237 865 0
232 341 1
232 444 0
232 865 1
341 314 1
341 668 1
341 865 0
444 865 1
233 865 0
235 778 1
235 900 0
564 54 1
564 865 0
238 865 1
239 237 1
239 865 0
377 865 1
257 622 0
257 865 1
244 865 1
245 865 0
245 965 1
965 434 1
965 865 1
246 865 0
248 865 0
250 865 1
251 103 1
251 780 0
251 805 1
251 865 1
780 865 0
805 865 0
252 865 0
255 331 1
255 444 0
255 865 0
331 406 0
331 865 0
256 137 1
256 517 1
256 865 0
517 122 0
517 865 0
622 630 0
622 798 0
622 865 0
258 865 1
259 865 0
260 617 1
260 865 0
617 865 1
262 532 1
262 865 0
532 865 0
532 943 0
264 865 1
265 117 1
265 865 0
266 543 0
266 859 1
266 865 0
543 472 0
543 865 0
859 865 1
268 670 1
268 865 1
270 865 1
273 226 0
273 865 1
275 865 1
278 51 1
278 865 1
279 865 0
279 910 1
910 865 0
980 865 0
282 865 1
283 865 0
284 406 1
284 808 1
284 865 1
406 865 0
808 118 1
808 865 0
285 808 1
285 865 0
285 879 1
286 865 1
287 865 0
288 865 0
289 865 1
795 677 1
795 865 1
293 865 0
294 167 1
294 400 0
400 865 0
844 865 0
297 597 0
297 865 1
597 865 1
300 865 1
303 865 1
304 865 0
305 806 0
305 865 0
306 139 1
306 342 1
306 865 0
307 865 1
308 274 0
308 651 0
308 865 1
308 921 1
921 865 1
309 865 1
313 865 0
314 865 0
315 233 0
315 865 1
317 865 1
318 656 0
318 865 1
320 55 1
320 489 0
320 746 1
320 859 1
489 865 1
746 571 1
746 865 1
322 787 0
322 865 1
787 602 0
787 865 0
323 261 0
323 372 0
323 865 1
324 865 0
325 448 0
325 865 1
325 868 0
448 865 0
868 122 1
868 865 0
326 67 0
326 566 1
326 856 0
326 865 1
566 865 0
327 865 1
329 476 1
329 865 1
476 865 0
330 703 1
330 865 1
703 861 1
703 865 1
332 865 1
333 865 1
334 304 0
334 865 1
335 865 1
336 46 1
336 157 0
336 585 1
336 865 0
585 168 0
585 865 0
338 618 0
338 865 0
618 812 0
618 865 0
339 50 0
339 865 0
668 865 1
343 865 1
344 865 0
345 865 1
346 341 1
346 865 0
347 865 0
348 609 1
348 865 0
609 478 1
609 865 0
351 389 1
351 865 0
351 885 1
389 252 0
389 640 1
389 865 1
885 766 0
885 865 1
352 25 0
352 656 0
352 865 0
352 976 0
353 865 0
354 865 0
356 865 0
357 431 1
357 865 1
431 865 1
358 536 0
358 865 0
359 865 0
360 338 0
360 546 0
360 865 1
546 865 0
361 691 0
361 773 0
361 865 1
361 936 0
364 167 1
364 400 0
364 865 1
365 411 0
365 865 0
365 903 0
366 825 0
366 865 1
825 865 1
367 865 0
369 63 1
369 865 0
370 77 0
370 664 0
370 865 1
370 874 0
370 606 1
370 337 0
370 3 0
370 650 1
664 865 1
874 794 0
874 865 0
978 865 1
373 28 1
373 865 0
374 865 1
375 154 0
375 473 0
375 865 0
473 865 0
376 865 1
378 710 0
378 844 0
378 865 1
379 865 0
381 865 1
381 876 0
384 100 1
384 865 0
385 865 0
386 424 0
386 865 0
424 865 0
387 865 1
388 469 1
388 865 1
388 904 1
469 865 0
904 865 1
640 865 0
390 198 1
390 314 0
390 865 1
391 865 0
393 865 1
394 865 1
396 865 0
397 865 0
398 160 1
398 865 1
399 865 0
401 674 0
401 865 0
674 73 1
674 865 1
404 120 1
404 865 1
408 77 1
408 865 0
410 865 1
568 865 0
693 603 1
693 865 1
413 13 0
413 865 1
414 865 0
415 865 1
417 865 0
418 329 1
418 395 1
418 865 0
421 865 1
590 570 1
590 865 0
423 527 1
423 531 1
423 856 0
423 865 1
425 865 1
426 133 1
426 865 1
427 94 1
427 121 1
427 865 0
428 865 1
892 100 0
892 303 1
892 865 1
433 768 0
433 865 0
434 865 0
437 865 1
438 154 1
438 446 1
438 811 0
438 865 1
811 865 0
442 56 0
442 332 0
442 865 1
442 993 1
993 526 1
993 865 0
443 865 0
812 865 1
447 865 0
449 856 0
449 865 0
450 337 0
450 865 0
450 3 1
450 606 1
450 807 1
450 874 1
451 317 1
451 628 1
451 865 1
628 865 0
452 865 1
453 426 1
453 865 1
454 555 0
454 865 0
455 865 0
458 865 0
459 570 1
459 865 1
570 865 1
460 865 0
462 865 0
463 865 1
464 865 1
464 980 1
465 166 1
465 865 0
465 932 1
466 417 0
466 763 1
466 865 0
466 911 0
763 601 0
763 865 0
911 497 1
911 865 0
467 865 1
470 103 1
470 865 0
470 971 1
471 426 0
471 865 1
472 173 0
472 812 1
472 865 1
474 865 0
475 865 1
475 869 0
869 865 1
807 865 0
480 865 1
481 56 0
481 332 1
484 746 1
484 865 0
485 430 0
485 865 0
486 865 1
487 476 1
487 731 0
487 865 0
731 865 0
488 304 0
488 865 1
488 929 0
929 55 0
929 320 0
929 865 0
492 120 1
492 865 1
493 637 0
493 865 1
637 272 1
637 489 0
637 865 1
495 865 0
497 865 1
500 865 1
505 865 0
508 865 1
509 1 0
509 82 0
509 843 0
509 865 1
843 476 1
843 731 0
843 865 1
510 259 0
510 865 1
510 942 1
512 865 1
513 865 0
514 865 1
515 865 0
516 865 0
518 865 0
519 414 1
519 817 1
519 865 1
817 865 0
521 265 0
521 865 0
522 590 0
522 865 0
523 400 1
523 865 1
526 865 1
528 359 0
528 865 0
528 948 1
943 756 1
943 865 0
533 416 1
533 865 1
534 468 0
534 865 1
537 705 1
537 865 1
705 709 1
705 865 1
538 398 0
538 588 0
538 865 1
588 865 1
540 865 0
540 975 0
975 865 1
541 313 1
541 457 0
541 536 1
541 550 1
541 865 1
550 865 0
545 802 0
545 865 1
802 865 1
547 865 0
548 865 1
549 561 0
549 865 1
561 654 1
561 865 1
551 51 1
551 865 0
552 334 1
552 421 1
552 865 1
554 865 1
557 116 1
557 865 0
558 865 1
559 865 1
562 93 1
562 865 0
563 865 1
565 865 0
567 865 0
571 865 1
572 865 1
573 122 0
573 424 1
573 865 0
575 445 1
575 865 1
576 865 0
578 246 1
578 648 0
578 709 0
578 865 1
648 441 1
648 865 0
581 865 1
583 22 0
583 751 1
583 865 1
751 865 1
584 865 0
589 865 0
592 529 0
592 865 1
594 185 0
594 865 1
594 913 1
913 557 0
913 865 1
596 723 1
596 865 1
723 865 0
598 211 0
598 865 1
600 363 0
600 710 1
600 865 1
601 865 0
603 865 0
605 424 0
605 865 1
607 865 1
608 372 1
608 489 1
608 865 0
608 992 0
992 104 1
992 694 0
992 801 1
992 865 1
610 865 0
612 260 1
612 865 0
613 865 1
614 378 1
614 383 0
614 398 0
614 865 0
615 448 0
615 865 1
616 408 1
616 865 1
619 703 1
619 865 1
620 865 1
621 865 1
621 876 1
630 865 1
798 25 1
798 865 0
624 865 1
626 528 0
626 565 1
626 865 0
626 928 0
928 865 1
629 865 1
631 670 0
631 776 1
631 865 1
633 337 1
633 865 1
634 93 0
634 201 0
634 514 0
634 638 0
636 865 1
877 334 0
877 421 1
877 865 0
877 996 0
639 865 1
641 250 0
641 865 1
642 418 1
642 865 1
643 865 1
644 865 1
647 865 0
649 195 0
649 341 0
649 865 1
652 865 1
653 739 1
653 865 0
739 640 0
739 741 1
739 835 0
739 865 0
655 83 0
655 158 0
655 865 0
657 865 0
658 865 1
659 414 0
659 462 0
659 865 0
661 865 0
662 36 1
662 384 0
662 865 0
662 999 1
999 865 0
666 865 1
667 676 0
667 759 0
667 865 1
669 865 0
671 800 0
671 865 1
800 865 1
672 88 0
672 528 0
672 865 1
675 865 1
677 865 0
678 431 0
678 709 0
678 811 1
678 935 1
935 376 1
935 865 1
679 865 0
681 741 0
681 865 1
741 865 0
682 865 1
683 529 0
683 865 0
685 469 0
685 865 0
686 865 0
686 897 0
687 565 0
687 865 0
687 930 1
930 865 0
688 424 0
688 865 0
689 865 1
690 865 1
692 865 1
694 284 0
694 655 0
694 865 0
695 865 0
695 916 0
696 28 1
696 865 0
696 911 0
698 211 1
698 290 1
698 865 1
701 693 0
701 803 0
701 865 0
803 865 1
803 979 1
702 865 1
702 995 0
995 865 1
861 274 0
861 865 0
861 921 1
704 865 1
706 620 0
706 865 0
708 865 0
711 142 0
711 465 1
711 865 0
712 104 1
712 113 0
712 801 1
712 865 1
801 654 1
801 865 0
714 469 1
714 865 0
715 865 1
716 833 1
716 865 1
833 347 1
833 590 0
833 865 1
717 122 1
717 833 0
717 865 1
718 31 1
718 165 1
718 450 0
718 471 1
718 865 0
719 28 1
719 242 1
719 265 0
719 515 1
719 830 1
719 865 0
720 620 0
720 865 0
721 865 0
725 865 0
726 865 1
727 255 1
727 287 0
727 865 0
729 17 1
729 64 1
729 398 0
729 865 0
730 865 0
732 865 1
733 865 0
735 865 0
736 865 0
738 865 1
835 195 0
835 844 1
835 865 0
740 723 1
740 865 0
740 910 1
743 397 1
743 865 1
744 406 0
744 865 1
747 865 1
748 865 0
750 865 0
752 865 1
753 80 1
753 231 0
753 767 0
753 865 0
755 865 0
756 865 0
760 865 1
761 865 1
762 654 0
762 865 1
764 865 0
764 998 0
998 865 1
765 865 0
766 77 1
766 865 0
769 168 1
769 865 1
772 164 1
772 281 1
772 865 1
774 333 0
774 865 0
774 930 1
775 573 0
775 620 1
775 865 1
781 865 0
782 656 1
782 865 0
783 865 1
784 865 0
785 865 1
786 865 0
789 865 1
790 400 1
790 865 0
793 617 1
793 865 1
794 865 0
796 865 0
799 476 0
799 865 1
804 290 1
804 865 0
809 865 1
810 164 1
810 861 1
810 865 0
813 448 1
813 865 1
814 865 0
815 737 1
815 902 0
816 359 0
816 628 1
816 865 0
818 54 1
818 865 0
819 865 0
820 501 0
820 544 0
821 734 1
821 865 0
823 149 0
823 171 1
823 489 0
823 865 0
824 499 1
824 536 0
824 632 0
824 865 1
826 173 0
826 812 1
827 272 1
827 372 0
827 786 1
827 865 0
831 596 1
831 865 0
834 414 1
834 462 1
837 289 0
837 865 0
838 865 0
839 55 0
839 865 0
840 865 0
841 191 0
841 627 1
842 865 1
845 865 1
848 865 1
849 865 0
853 169 0
853 341 0
853 865 1
854 557 0
854 865 1
858 331 1
858 865 1
862 865 1
864 865 0
866 304 1
866 929 0
867 709 1
867 865 1
870 256 1
870 865 0
872 865 0
875 158 1
875 272 0
875 480 0
875 865 1
996 865 1
878 300 0
878 650 1
878 865 1
878 947 0
878 874 1
881 203 0
881 865 1
882 865 0
883 639 0
883 865 0
886 865 0
887 865 0
888 424 1
888 565 0
888 865 1
889 464 0
889 865 0
893 93 1
893 596 0
893 738 0
893 865 1
894 794 0
894 865 0
896 317 1
896 628 1
896 865 1
898 865 0
899 300 0
899 865 0
931 865 0
905 514 1
905 865 0
907 166 0
907 756 1
907 865 0
908 865 1
909 103 0
909 384 0
909 865 1
912 656 1
912 865 1
914 17 0
914 64 1
914 865 0
915 865 0
915 895 0
917 865 0
918 329 0
918 865 1
919 865 0
919 940 1
919 962 1
940 120 0
940 865 1
962 178 1
962 270 0
962 274 1
962 437 1
962 554 1
962 865 0
920 689 1
920 865 0
922 341 0
922 523 0
922 528 1
922 669 1
923 865 1
924 865 0
927 865 0
933 865 0
934 13 1
934 730 1
934 865 0
937 865 0
938 723 1
938 807 0
938 865 0
938 3 1
938 874 0
938 650 1
939 865 1
941 865 0
944 865 0
949 392 0
949 865 0
950 865 0
951 865 0
953 131 0
953 865 1
954 865 1
955 865 0
957 865 0
958 865 1
961 165 0
961 450 1
963 307 0
963 865 1
968 710 1
968 865 1
972 787 1
972 865 0
972 981 1
981 865 0
973 103 1
973 384 1
973 865 0
977 622 1
977 865 0
984 122 0
984 628 1
984 786 1
984 865 0
985 865 0
987 865 1
989 865 1
990 865 1
991 865 0
994 865 0
