1 111 1
2 41 1
2 61 0
2 111 1
2 154 1
2 177 1
2 1 0
2 27 1
2 191 1
2 24 1
41 1 0
41 24 1
41 27 1
41 31 1
41 111 1
41 184 1
41 191 1
41 154 1
41 177 1
61 74 0
61 111 1
61 121 1
61 194 1
154 111 1
177 38 1
177 111 1
177 194 0
3 111 1
3 154 1
3 178 1
3 27 1
3 191 0
3 24 1
178 79 1
178 111 1
4 111 1
4 141 1
141 111 1
5 111 1
6 3 1
6 11 1
6 111 0
11 7 1
11 111 1
11 165 0
7 111 1
7 171 1
171 47 0
171 79 1
171 111 1
8 67 0
8 95 1
67 3 0
67 111 1
67 141 1
95 38 1
95 62 1
95 111 0
9 75 1
9 111 1
75 111 1
12 34 1
12 111 0
34 1 1
34 72 1
34 111 1
34 172 1
34 191 1
34 154 1
34 27 1
34 24 0
34 41 1
13 17 1
13 64 1
13 111 1
17 72 1
17 76 0
17 111 1
17 172 1
64 111 1
64 161 1
14 59 1
14 192 1
59 4 1
59 57 1
59 94 1
59 106 1
59 111 1
59 113 0
192 62 1
192 102 1
192 107 1
192 111 1
16 111 1
16 154 1
72 11 1
72 111 1
72 130 1
72 131 0
72 156 1
72 184 1
76 111 1
172 3 1
172 45 0
172 111 0
172 114 1
18 56 1
18 102 1
18 111 1
18 157 1
18 195 0
18 196 1
56 51 1
56 75 0
56 91 1
56 111 1
102 111 1
157 111 1
196 58 1
196 111 0
19 38 1
19 43 1
19 68 1
19 75 1
19 111 0
19 188 1
38 111 1
38 122 0
43 45 1
43 64 0
43 111 1
43 184 1
68 30 0
68 64 1
68 102 0
68 111 1
188 111 0
188 154 1
20 111 1
21 111 1
21 178 1
23 1 1
23 34 1
23 111 1
23 167 1
23 154 1
23 27 0
23 177 1
167 70 1
167 96 1
167 111 0
24 111 1
25 111 1
25 117 1
25 177 0
25 183 0
25 1 1
117 109 1
117 111 1
117 173 1
183 111 0
26 111 1
27 3 1
27 64 0
27 111 1
27 113 1
27 143 1
27 161 0
113 80 1
113 111 1
143 111 1
161 111 1
28 70 1
28 96 1
70 111 1
70 120 1
70 130 1
70 166 1
30 111 0
31 25 1
31 111 1
31 144 1
144 111 1
32 20 0
32 69 1
32 91 1
32 111 1
32 131 1
69 111 0
69 161 1
91 31 1
91 111 1
91 171 1
131 75 1
131 111 1
131 194 1
33 3 1
33 54 1
33 141 0
33 144 0
33 171 1
54 111 1
36 79 1
36 111 0
36 184 1
79 111 1
184 24 1
184 75 1
184 109 1
184 111 1
184 171 1
184 173 1
184 183 1
184 41 1
184 191 1
184 154 1
122 111 1
39 30 1
39 42 0
42 79 1
42 85 1
42 111 1
42 154 1
42 177 1
42 1 0
42 24 1
42 27 0
42 191 1
40 45 0
40 51 1
40 111 1
40 125 1
45 111 1
45 141 1
45 156 1
45 160 1
51 111 1
125 45 1
125 67 1
125 95 1
125 111 1
125 131 1
125 152 1
125 192 1
191 78 1
191 111 1
191 116 1
191 119 1
85 46 1
85 111 1
85 154 0
44 111 0
44 144 1
44 156 1
44 194 0
156 111 1
194 27 1
194 67 1
194 111 1
194 191 1
194 154 1
194 41 1
194 1 0
194 24 1
194 177 1
160 111 0
160 144 1
46 64 1
46 111 0
48 111 1
50 61 1
50 75 1
50 111 1
52 12 1
52 34 1
52 111 1
52 193 1
193 45 1
193 46 1
193 111 1
193 157 1
193 174 1
55 46 1
55 76 1
55 89 1
55 111 1
55 144 1
55 183 1
89 102 1
89 111 1
89 194 0
57 38 1
57 111 1
57 144 0
58 11 0
58 107 1
58 111 1
107 11 1
107 102 1
107 111 1
94 4 1
94 51 1
94 91 1
94 103 1
94 111 1
106 41 1
106 71 1
106 76 0
106 90 1
106 105 1
106 111 1
106 1 1
106 177 1
60 104 1
60 111 1
60 116 1
60 134 1
104 38 1
104 48 1
104 111 1
116 48 1
116 77 0
116 111 1
134 38 1
134 111 1
62 47 1
62 111 1
63 111 1
63 144 0
66 104 1
66 129 1
129 111 1
120 111 1
120 152 1
120 171 1
130 111 1
166 111 0
166 183 0
71 25 0
71 111 1
73 3 1
73 80 1
73 111 1
73 158 1
80 111 1
80 117 1
158 11 0
158 107 0
158 111 1
77 111 0
78 30 1
78 111 1
83 111 0
84 102 0
84 195 1
88 104 1
88 129 1
90 48 0
90 91 1
90 111 1
90 174 1
174 4 1
174 46 0
174 69 1
174 111 0
174 191 1
93 13 1
93 54 1
93 111 1
93 183 1
103 7 1
103 31 1
103 79 0
103 111 1
103 165 1
97 111 1
97 114 1
97 161 1
97 184 0
114 0 1
114 64 0
114 111 1
98 4 0
98 67 0
98 111 0
99 42 1
99 111 1
99 171 1
100 111 1
105 111 1
105 167 1
108 38 1
108 48 1
108 54 1
108 74 0
108 121 0
108 154 1
108 178 1
110 111 1
110 194 1
112 63 1
112 68 0
112 107 0
112 111 1
173 4 1
173 76 1
173 111 0
173 196 0
119 30 1
119 42 1
119 111 1
152 34 0
152 100 1
152 111 1
123 105 1
123 111 1
123 134 0
123 156 1
123 183 0
126 59 0
126 192 0
127 31 0
127 111 1
127 134 1
127 197 1
197 16 1
197 111 1
197 166 0
136 67 0
136 111 1
136 139 1
136 172 1
136 184 0
139 2 1
139 3 1
139 111 0
137 43 1
137 44 1
137 68 1
137 111 1
137 120 1
137 187 0
187 20 1
187 111 1
187 113 0
187 131 1
138 45 1
138 46 1
138 79 1
138 111 0
142 30 1
142 111 1
142 114 1
142 129 0
142 134 1
142 183 1
145 30 1
145 64 1
145 111 1
146 50 0
146 63 1
146 73 1
146 111 1
146 161 1
147 38 1
147 111 1
147 171 1
148 34 1
148 111 1
153 4 1
153 24 1
153 55 1
153 111 1
153 174 1
159 76 1
159 80 1
159 111 1
159 134 1
159 178 1
162 76 1
162 178 0
164 0 1
164 64 1
164 111 1
179 73 1
179 111 0
179 123 1
181 3 1
181 38 1
181 76 1
181 111 1
