2 46 1
2 124 0
2 7 0
2 165 1
2 127 1
2 189 1
46 124 0
5 124 1
6 124 0
8 67 0
8 95 0
8 124 1
8 189 0
10 124 1
10 189 0
10 67 1
10 95 0
10 127 1
10 7 0
10 165 0
189 124 0
11 7 1
11 165 0
11 67 1
11 95 1
11 124 0
11 127 1
11 46 0
11 189 1
12 26 1
12 124 0
12 127 1
12 136 0
12 189 0
12 46 0
12 67 0
12 95 0
26 124 0
26 127 0
26 189 0
26 46 1
127 124 0
136 124 1
136 131 0
136 189 1
136 67 0
136 95 0
136 127 1
136 7 0
136 165 0
14 59 1
14 192 0
192 46 0
192 124 0
192 131 1
192 189 1
192 7 1
192 165 1
192 127 1
15 124 1
16 124 1
17 45 1
17 72 1
17 124 1
17 152 1
17 172 1
45 124 0
152 21 0
152 124 1
152 134 0
152 177 0
172 124 1
172 126 1
18 102 0
18 195 0
19 43 0
19 144 1
20 90 1
20 101 1
90 29 0
90 39 0
90 124 1
21 124 1
22 15 1
22 124 1
22 161 1
23 124 0
23 127 1
23 132 0
23 189 1
23 46 1
24 124 1
25 124 0
28 70 0
28 96 1
70 69 1
70 124 0
29 124 0
31 6 0
31 176 0
34 72 0
34 124 1
34 172 0
35 143 0
35 177 1
143 89 0
143 114 1
143 124 1
143 150 0
177 124 0
38 12 1
38 17 0
38 124 0
38 129 1
129 124 0
39 30 1
39 42 1
39 124 1
41 27 1
41 191 0
191 124 0
191 150 0
191 158 1
47 69 0
47 124 1
47 177 0
69 124 1
48 26 0
48 124 1
50 15 1
50 161 1
51 124 1
51 127 0
54 26 1
54 136 1
55 124 1
56 10 1
56 21 0
56 51 0
56 91 0
56 124 1
91 124 0
61 74 1
61 121 1
74 25 1
74 124 0
74 135 1
62 47 1
62 111 1
63 104 1
63 124 1
104 124 1
65 118 0
65 128 0
128 124 1
66 104 1
66 129 1
68 98 0
68 124 0
68 128 0
98 25 0
98 124 0
98 127 0
98 132 1
98 189 1
98 67 0
98 95 1
71 124 1
71 152 0
71 157 1
157 124 1
135 124 0
75 124 0
75 193 1
193 69 0
193 124 1
193 129 1
77 21 0
77 22 0
77 124 0
77 134 0
78 124 1
78 158 1
158 124 0
79 6 1
79 176 1
81 1 0
81 149 0
82 124 1
84 55 1
84 102 0
84 124 0
84 181 1
84 195 1
181 124 0
87 44 1
87 131 1
131 124 1
88 103 0
88 104 0
88 124 1
88 129 0
103 6 0
103 7 0
103 124 1
103 165 0
103 67 0
103 95 0
103 127 1
103 46 0
103 189 1
89 124 0
93 124 0
94 51 1
94 91 1
94 124 1
100 124 1
100 143 1
100 177 1
105 46 0
105 88 1
105 124 1
105 126 1
105 7 1
105 165 0
105 189 0
105 127 0
126 59 1
126 124 1
126 192 0
108 74 1
108 121 1
110 44 1
110 124 1
110 131 0
112 1 0
112 149 0
114 0 0
114 22 0
114 64 1
114 124 1
117 109 0
117 173 1
173 77 1
173 93 1
173 124 1
119 30 1
119 42 1
125 67 1
125 95 1
125 124 0
125 189 1
133 23 1
133 124 1
133 136 1
133 189 0
133 127 0
133 7 0
133 165 1
133 67 1
133 95 0
137 23 1
137 113 1
137 122 1
137 124 0
138 124 1
141 57 0
141 188 0
142 16 1
142 77 1
142 124 1
142 129 1
150 124 1
147 124 0
148 124 0
148 128 0
148 185 1
185 17 0
185 124 0
185 129 1
151 82 1
151 124 0
155 113 1
155 122 1
156 93 1
156 124 0
159 76 0
159 178 0
162 76 1
162 178 1
163 57 1
163 124 1
163 188 1
164 0 0
164 64 0
167 70 1
167 94 0
167 96 0
167 124 1
169 82 0
169 124 0
170 43 0
170 144 0
171 47 1
171 111 1
182 55 1
182 124 1
182 147 0
184 109 1
184 124 0
184 173 1
186 118 0
186 128 0
190 90 1
190 101 1
194 27 1
194 191 0
196 124 0
198 124 1
