0 239 1
3 239 0
4 239 0
8 239 0
10 239 1
12 239 0
14 1 0
14 239 0
14 337 0
15 239 0
17 239 0
19 153 0
19 165 1
19 239 0
19 291 0
19 8 1
19 43 0
19 140 0
19 246 0
153 239 0
165 239 0
20 239 1
21 239 0
23 239 0
24 239 0
25 239 1
26 239 0
27 239 0
29 239 0
30 239 0
31 239 0
31 246 0
31 291 0
31 43 1
31 8 0
31 153 0
31 91 0
31 165 0
31 0 0
31 114 0
291 239 0
32 239 0
33 239 0
34 211 0
34 239 0
34 294 0
211 239 1
294 239 0
35 142 0
35 206 0
142 239 0
36 120 0
36 252 1
38 220 0
38 239 0
38 43 0
38 153 0
38 140 0
220 239 0
39 86 0
39 241 0
241 239 0
40 239 0
41 111 0
41 162 0
41 239 0
111 239 0
162 239 0
43 239 1
47 239 0
48 0 0
48 114 0
48 239 1
48 165 0
48 140 0
48 8 0
48 246 1
48 220 0
114 239 0
49 91 0
49 140 0
49 239 1
49 165 0
49 0 0
49 114 0
49 43 0
91 239 0
51 239 0
52 239 0
53 239 0
55 239 0
56 239 0
56 293 0
56 392 0
392 239 0
57 239 1
58 239 0
59 239 0
60 43 0
60 171 0
60 239 0
60 220 0
60 291 1
60 140 1
60 165 0
171 239 0
62 239 0
64 239 0
65 239 0
66 99 1
66 321 0
99 239 0
321 239 0
67 239 0
68 239 0
69 239 0
71 239 0
72 239 1
74 121 1
74 194 0
121 239 0
194 239 0
75 239 0
76 239 1
77 239 0
78 239 0
79 239 0
81 239 1
83 239 0
84 239 0
87 239 0
88 239 0
90 239 0
92 239 0
93 239 0
96 239 0
97 239 0
98 47 0
98 174 0
174 239 0
100 239 0
102 239 0
103 239 0
104 239 0
105 239 0
106 239 1
107 239 0
109 211 0
109 294 0
110 239 0
112 239 0
115 65 0
115 197 1
115 239 0
197 239 1
116 239 0
117 43 1
117 171 0
117 239 0
117 220 0
117 291 0
117 140 0
117 165 0
118 128 0
118 239 0
118 334 0
119 77 0
119 80 0
119 239 0
122 239 0
123 239 0
124 239 0
126 124 0
126 239 0
126 330 0
330 239 0
127 239 1
129 239 0
130 86 0
130 239 0
130 241 1
131 243 1
131 285 1
243 239 0
285 239 0
132 91 1
132 140 1
132 239 0
132 165 1
132 0 0
132 114 0
132 43 0
133 239 1
134 243 1
134 285 1
137 239 0
138 239 0
139 8 0
139 151 0
139 239 1
139 220 0
139 91 0
139 153 0
151 239 0
141 239 0
143 65 1
143 197 0
143 239 0
145 239 0
146 239 0
149 239 0
152 239 0
154 239 0
155 239 0
156 239 0
157 239 0
158 239 0
160 239 0
163 1 1
163 337 0
164 239 0
166 239 0
168 239 0
169 239 1
170 47 0
170 174 0
172 239 0
173 239 0
175 239 0
176 239 0
179 239 0
181 239 1
182 176 1
182 183 1
183 239 1
184 0 0
185 239 0
186 239 1
187 239 0
188 239 0
189 239 0
190 239 0
191 239 0
192 239 0
193 239 0
195 239 0
196 239 0
198 239 0
199 239 0
200 239 0
201 239 1
202 239 0
203 239 0
205 239 1
207 239 0
208 239 0
209 239 0
210 202 0
210 375 0
213 239 0
215 239 0
216 239 0
217 239 0
218 153 0
218 165 0
218 239 0
218 291 0
218 8 0
218 43 0
218 140 1
218 246 0
222 239 0
223 239 0
224 398 0
398 227 0
225 239 0
226 239 0
227 239 0
228 239 1
229 121 0
229 194 0
230 239 0
232 239 0
233 239 0
235 239 0
237 239 0
240 239 0
244 239 0
245 239 0
247 220 1
247 239 1
247 43 0
247 153 0
247 140 0
248 128 0
248 334 1
249 239 0
250 239 0
251 70 1
251 239 0
251 305 1
305 239 0
253 239 0
254 239 0
255 7 0
255 239 1
255 254 1
256 159 0
256 239 0
256 299 0
258 239 0
259 239 1
260 239 1
260 265 0
260 340 0
340 239 0
261 147 0
261 239 0
261 322 0
322 239 0
263 239 0
264 239 1
264 265 0
264 340 0
266 239 0
267 110 0
268 239 0
270 239 0
270 246 1
270 291 0
270 43 1
270 8 1
270 153 0
270 91 0
270 165 1
270 0 0
270 114 0
271 93 0
271 275 0
273 239 0
274 239 0
277 239 0
279 239 1
280 239 0
282 239 0
283 239 0
284 239 0
286 7 0
286 239 0
286 254 0
287 239 0
288 239 1
290 176 0
290 183 0
292 239 0
295 93 0
295 239 0
295 275 0
298 239 0
300 239 0
301 0 0
301 114 0
301 239 0
301 165 0
301 140 0
301 8 0
301 246 1
301 220 1
303 239 1
304 239 0
306 99 0
306 239 0
306 321 0
307 228 0
308 239 0
309 239 0
310 239 0
311 239 0
312 239 0
315 239 0
316 4 0
316 239 0
316 323 1
316 140 0
316 91 0
316 246 0
316 8 0
316 43 0
316 0 0
316 114 0
317 239 0
319 239 0
320 231 0
320 304 0
326 239 0
327 124 0
327 239 0
327 330 0
329 4 0
329 239 0
329 323 0
329 140 0
329 91 0
329 246 0
329 8 0
329 43 0
329 0 0
329 114 1
331 239 0
332 239 0
333 239 0
335 239 0
336 239 1
338 239 0
339 239 0
342 239 0
343 239 0
344 231 0
344 239 0
344 304 1
346 239 0
347 239 1
350 239 0
351 239 0
353 239 0
354 239 1
355 239 0
356 239 0
357 8 0
357 151 0
357 239 0
357 220 1
357 91 0
357 153 0
358 239 1
359 120 1
359 239 0
359 252 0
360 239 0
364 239 0
368 239 1
370 239 0
371 70 0
371 239 0
371 305 0
372 239 0
374 142 0
374 206 0
376 239 0
377 293 0
377 392 1
378 239 0
379 239 0
381 239 0
382 239 0
383 239 0
384 239 0
385 239 0
386 239 0
387 202 0
387 375 0
389 239 0
390 239 0
391 239 0
393 147 0
393 239 0
393 322 1
394 239 0
395 239 0
396 77 0
396 80 1
396 239 0
397 111 0
397 162 0
399 159 0
399 299 0
