0 296 1
2 7 1
2 164 0
2 296 0
2 25 0
2 54 1
2 173 0
2 255 1
2 0 1
2 179 1
2 347 1
2 123 1
2 239 0
2 307 1
7 296 0
3 25 1
3 54 1
3 173 1
3 255 0
3 0 1
3 296 0
3 7 0
3 164 0
25 70 1
25 296 0
25 173 0
25 255 0
25 239 1
25 307 0
25 164 1
25 7 1
54 296 1
6 239 1
6 307 0
6 164 0
6 296 0
6 0 0
6 179 1
6 173 1
6 255 0
6 123 1
6 347 1
6 70 1
307 296 1
12 173 1
12 255 0
12 239 1
12 307 1
12 0 1
12 296 0
12 25 1
12 54 0
173 296 1
255 123 0
255 222 1
255 296 0
255 347 1
255 70 0
255 0 0
255 7 0
13 296 1
13 347 0
13 0 0
13 179 1
13 7 0
13 164 1
347 296 1
14 140 0
14 202 1
14 296 0
16 296 0
17 127 1
17 296 1
127 296 0
127 378 0
18 296 0
19 296 1
24 38 0
24 70 1
24 115 0
24 232 0
24 296 1
24 173 0
24 255 0
24 239 1
24 307 1
24 164 1
24 7 1
70 296 0
70 317 1
232 296 0
232 309 0
26 296 1
31 296 0
32 17 1
32 393 1
34 124 1
34 296 0
124 296 0
124 348 0
35 18 0
35 283 0
35 296 1
35 347 1
35 0 1
35 179 0
35 7 0
35 164 1
37 0 0
37 179 1
37 296 1
37 239 1
37 307 0
37 25 1
37 54 1
37 7 1
37 164 1
37 173 0
37 255 0
37 347 0
37 70 0
179 296 0
41 296 0
41 376 0
376 296 0
42 296 1
42 348 0
348 88 1
348 296 1
348 306 0
43 296 1
45 125 0
45 185 0
125 296 1
46 88 0
46 296 0
46 306 1
47 145 0
47 292 1
47 296 1
48 108 0
48 296 1
48 329 1
49 270 1
49 296 0
270 296 0
50 22 1
50 43 0
50 296 1
56 91 0
56 345 1
345 296 0
345 365 1
57 296 0
58 175 0
58 215 1
58 296 1
215 296 1
60 93 0
60 228 1
93 269 1
93 296 0
228 296 0
61 296 0
62 296 0
67 296 1
67 311 0
67 359 0
359 296 1
68 296 1
69 129 1
69 296 0
69 317 0
129 176 0
129 177 0
129 296 1
129 304 1
317 296 0
71 296 0
72 296 1
76 13 1
76 296 0
78 94 1
78 315 0
315 296 0
79 159 0
79 196 1
79 296 1
79 379 1
196 296 1
379 121 0
379 296 0
379 396 1
80 69 0
80 296 0
80 326 1
326 142 0
326 296 1
82 296 1
83 296 1
84 121 0
84 396 1
85 296 1
89 178 0
89 296 0
178 296 1
269 296 1
269 317 1
96 59 1
96 334 0
334 296 0
97 68 1
97 242 1
97 296 1
97 301 1
242 296 1
99 101 0
99 195 0
195 296 1
103 296 1
105 95 1
105 377 1
111 311 1
111 359 1
112 62 0
112 232 0
113 16 1
113 44 1
113 296 1
113 348 0
114 296 0
116 145 0
116 292 1
118 296 1
118 378 1
378 90 0
378 172 0
378 296 0
123 296 0
123 388 0
388 10 1
388 296 1
388 349 1
176 296 0
177 296 0
130 125 0
130 185 1
131 242 0
131 301 1
132 296 1
134 38 0
134 115 1
134 296 1
134 392 1
392 213 1
392 296 0
392 298 1
135 71 1
135 290 1
135 296 1
135 358 0
136 296 0
136 341 0
136 371 0
142 296 0
144 4 0
144 100 1
144 296 1
146 213 1
146 298 0
298 296 0
147 10 0
147 349 0
349 296 0
152 103 0
152 163 1
152 296 1
163 296 1
154 296 0
154 341 0
154 371 0
158 21 1
158 150 1
161 137 1
161 253 0
166 173 0
166 255 1
166 239 1
166 307 1
166 0 0
166 296 0
166 25 0
166 54 0
168 220 1
168 296 0
220 239 1
220 296 1
220 307 1
220 164 0
220 0 0
220 179 1
220 173 1
220 255 1
220 123 0
220 347 0
220 70 0
170 296 1
171 16 1
171 44 1
174 26 0
174 368 0
368 296 1
180 296 0
182 118 0
182 347 1
183 1 0
183 156 1
189 296 0
190 149 1
190 261 1
261 296 1
191 91 1
191 296 0
191 297 1
191 345 0
297 296 0
193 330 0
193 390 0
330 296 0
194 0 0
194 179 0
194 296 1
194 239 1
194 307 0
194 25 1
194 54 1
194 7 0
194 164 1
194 173 0
194 255 1
194 347 1
194 70 1
197 21 0
197 150 0
199 142 0
199 160 0
199 296 0
200 189 0
200 296 0
203 61 1
203 257 0
257 135 0
257 277 0
257 296 1
205 19 1
205 248 1
248 296 1
206 92 0
206 266 0
206 296 0
207 41 0
207 274 0
274 296 1
274 315 1
208 296 1
208 372 0
372 296 1
209 176 1
209 338 1
210 19 1
210 248 0
212 90 1
212 172 1
212 227 1
212 296 1
227 296 1
214 118 0
214 347 1
216 4 0
216 100 0
217 26 1
217 368 0
218 69 1
218 296 0
218 326 0
219 296 0
221 296 0
222 123 0
222 176 0
222 278 0
222 296 1
222 338 1
222 347 1
222 70 0
222 0 1
222 7 0
278 296 1
224 59 1
224 334 1
225 154 0
225 296 1
226 296 1
230 43 1
230 62 0
230 127 0
230 232 0
230 296 1
230 324 0
324 296 0
309 296 1
235 272 0
235 364 0
237 103 0
237 285 0
237 296 0
237 376 0
285 71 1
285 175 1
285 196 0
285 215 1
285 296 1
240 296 0
240 342 0
342 296 1
241 313 0
241 316 1
313 219 0
313 296 1
316 57 0
316 296 1
245 103 1
245 163 0
249 86 0
249 294 1
294 296 0
250 272 0
250 364 0
251 296 1
254 149 0
254 261 0
256 296 0
277 296 0
258 296 1
259 296 0
259 365 1
259 382 1
365 17 0
365 296 0
365 393 1
382 296 0
382 378 1
260 7 0
260 164 1
260 296 1
260 25 1
260 54 1
260 173 0
260 255 0
260 0 0
260 179 0
260 347 1
260 123 0
260 239 1
260 307 1
262 296 1
268 41 0
268 274 1
275 94 1
275 315 0
276 5 0
276 309 0
279 101 0
279 195 0
281 303 0
281 350 1
303 296 0
350 296 1
286 154 0
286 296 0
287 18 1
287 283 0
287 286 1
287 296 0
288 296 0
289 33 0
289 252 0
291 119 0
291 151 1
291 296 0
300 107 0
300 167 0
305 296 0
308 107 1
308 167 0
310 61 0
310 257 1
318 22 0
318 43 1
318 296 0
320 137 1
320 253 0
321 296 1
322 95 1
322 377 1
332 177 0
332 304 0
335 262 1
335 296 1
335 303 0
335 350 1
336 1 0
336 156 1
336 296 1
339 15 0
339 31 1
340 296 0
344 5 1
344 309 0
352 25 0
352 54 0
352 173 0
352 255 1
352 0 0
352 296 1
352 7 0
352 164 1
353 296 1
354 93 0
354 228 0
355 157 1
355 383 1
383 296 0
356 92 0
356 266 1
357 296 0
357 330 1
357 390 1
360 313 0
360 316 0
361 86 1
361 294 0
362 296 0
362 382 1
363 108 1
363 329 1
366 142 1
366 160 1
369 15 1
369 31 0
373 119 0
373 151 1
374 296 0
375 140 1
375 202 1
375 296 1
380 296 1
381 159 0
381 196 1
384 157 0
384 383 1
385 189 0
385 296 0
386 136 1
386 296 1
389 33 1
389 252 0
389 296 1
394 290 1
394 358 0
398 296 0
