0 3 0
2 3 1
4 3 0
5 3 0
5 30 1
5 105 1
5 335 1
5 54 0
5 202 1
5 193 1
5 26 0
5 177 0
5 113 0
30 203 1
7 3 0
7 146 1
7 149 1
146 3 0
149 3 0
8 3 1
8 113 0
8 193 1
8 272 0
8 30 1
8 105 0
8 177 0
113 3 0
193 3 0
9 3 1
10 3 1
11 3 0
11 121 0
11 156 1
121 3 1
156 3 1
13 3 1
14 3 0
16 3 0
17 3 1
18 3 1
18 345 1
18 357 1
19 345 1
19 357 1
20 3 0
22 3 1
23 3 0
24 3 1
25 3 0
26 3 1
27 3 0
27 202 1
27 335 1
27 113 1
27 30 0
27 54 0
27 52 0
27 177 0
27 193 1
27 105 0
335 3 1
28 3 0
29 3 1
203 3 1
32 3 0
34 3 1
35 3 0
36 3 1
37 3 0
38 3 0
39 359 1
359 3 0
40 3 1
41 3 1
43 3 1
43 177 1
43 105 0
43 113 1
43 52 1
43 54 0
177 3 0
44 3 1
44 113 0
44 193 1
44 272 0
44 30 1
44 105 0
44 177 0
45 3 0
45 26 1
45 52 0
45 335 1
45 193 1
45 105 0
45 177 0
45 113 0
45 202 0
45 30 1
46 3 1
47 59 0
47 60 1
48 3 0
49 3 1
50 3 1
51 3 1
53 3 1
54 127 1
127 3 1
55 3 1
55 272 0
55 297 0
55 30 1
55 113 1
56 3 0
58 3 1
61 3 0
61 54 1
61 275 0
61 113 1
61 202 1
61 105 1
61 193 1
275 3 0
62 35 0
62 86 1
62 344 1
344 3 0
344 198 1
344 353 1
64 3 1
66 3 1
67 3 1
68 3 1
69 3 0
70 3 0
71 3 1
71 59 0
71 60 1
72 3 1
73 3 1
74 3 1
75 3 1
76 3 0
77 3 1
78 3 1
79 36 0
79 87 0
87 3 1
81 3 0
83 3 1
84 3 0
84 272 0
84 297 1
84 30 1
84 113 0
85 3 0
91 3 1
92 3 0
93 3 1
94 3 0
95 3 0
95 177 0
95 105 1
95 113 1
95 52 1
95 54 0
96 3 1
97 3 1
97 278 1
97 285 1
285 3 1
98 3 1
100 43 0
101 3 0
103 3 1
104 232 1
104 273 1
232 3 0
107 3 0
108 3 0
108 256 1
108 271 0
256 3 1
271 3 1
109 3 0
111 3 1
111 202 1
111 335 1
111 113 0
111 30 1
111 54 1
111 52 0
111 177 1
111 193 0
111 105 0
112 3 1
114 3 1
115 3 0
116 3 0
118 3 1
119 3 1
120 3 0
122 3 1
123 3 1
124 3 0
124 134 0
124 144 0
134 3 0
144 3 1
125 3 0
126 3 0
128 3 0
129 3 0
131 334 0
334 3 0
132 3 1
133 3 0
135 3 0
136 3 1
138 3 1
139 3 0
140 3 1
142 3 0
142 232 0
142 273 1
145 3 0
147 3 1
148 3 1
150 3 0
151 3 0
152 3 1
153 3 1
154 3 0
155 3 0
158 3 1
159 3 0
160 388 0
388 3 1
161 3 1
162 3 1
162 36 0
162 87 0
164 3 0
165 3 1
166 3 0
167 3 1
168 3 1
169 3 0
170 3 1
171 3 1
173 3 1
174 3 1
175 3 1
178 3 0
180 3 1
181 3 1
182 3 1
183 3 1
184 3 0
185 3 1
185 83 1
185 212 0
212 3 1
186 3 1
187 3 1
190 3 1
191 3 1
194 3 1
195 269 1
269 3 0
196 3 1
197 3 0
198 3 0
200 3 1
201 134 0
201 144 0
204 3 1
204 278 1
204 285 0
205 3 1
208 3 1
209 3 1
210 3 1
213 3 0
217 3 1
218 112 0
218 374 1
374 178 1
221 3 1
222 3 1
223 197 0
223 253 1
224 3 1
225 3 0
226 3 1
228 368 0
368 3 1
229 93 0
229 147 0
229 183 0
230 3 1
230 196 0
230 308 1
308 3 1
231 3 1
233 3 0
234 3 1
235 3 1
237 3 1
238 3 0
241 3 1
242 3 1
244 3 0
244 35 1
244 86 0
245 3 1
245 200 1
245 298 0
298 3 0
246 3 1
247 3 0
248 3 1
249 3 1
250 3 1
252 3 0
254 3 0
255 3 0
257 3 0
258 3 1
260 3 1
261 3 1
262 3 1
262 88 1
262 373 0
373 3 0
264 3 0
264 88 1
264 373 1
265 3 0
266 3 0
267 3 1
268 3 0
268 83 0
268 212 1
270 3 0
270 197 0
270 253 0
274 3 0
274 30 0
274 105 0
274 335 1
274 54 1
274 202 0
274 193 0
274 26 1
274 177 0
274 113 1
277 3 0
279 3 0
280 3 1
281 3 1
283 3 0
284 3 1
286 3 1
287 3 1
288 3 1
289 146 0
289 149 1
290 3 0
291 3 0
292 3 1
293 3 1
293 26 0
293 52 1
293 335 1
293 193 1
293 105 1
293 177 1
293 113 0
293 202 1
293 30 1
294 3 1
295 3 1
296 3 0
300 3 1
301 3 0
302 3 1
303 3 1
305 3 0
306 3 1
307 3 0
311 93 0
311 147 0
311 336 1
336 3 1
312 3 0
313 3 1
314 3 1
315 3 1
317 3 1
318 3 0
320 3 1
321 3 1
323 3 1
324 3 0
325 3 1
326 3 0
327 165 1
328 3 0
330 3 0
331 3 0
333 3 1
333 256 0
333 271 1
337 200 1
337 298 1
339 3 1
340 3 0
341 3 1
342 3 0
343 3 0
353 3 1
346 3 1
347 3 0
348 3 0
349 3 1
354 3 0
355 3 1
356 3 0
358 3 0
360 3 1
361 3 1
362 3 1
363 3 0
364 3 1
365 196 1
365 308 1
366 3 0
367 3 1
369 3 0
370 3 0
370 54 0
370 275 1
370 113 0
370 202 1
370 105 0
370 193 0
371 3 1
376 3 1
377 3 1
378 3 1
380 3 1
381 3 0
383 3 1
384 3 0
385 3 1
386 121 1
386 156 0
387 3 1
390 3 0
391 3 1
392 112 1
392 374 1
393 225 0
394 175 1
395 3 0
396 3 0
398 198 1
398 353 0
399 3 1
