1 461 1
1 462 0
461 462 0
3 462 0
4 462 0
5 462 0
5 511 0
511 136 1
511 462 0
6 462 0
6 631 0
6 736 0
631 99 1
631 462 0
631 524 0
631 544 1
631 427 0
631 497 0
631 16 0
736 427 0
736 462 0
736 251 1
736 497 0
736 16 0
736 544 1
7 462 0
8 462 0
11 251 0
11 462 0
11 497 1
11 16 0
11 544 0
11 427 0
11 478 0
251 462 0
497 462 0
12 462 0
13 462 1
13 478 0
13 544 0
13 16 0
13 251 1
13 497 0
478 462 0
14 462 1
15 462 1
16 462 0
17 462 0
18 462 0
18 654 0
654 99 1
654 174 0
654 462 0
19 462 0
20 427 0
20 462 0
427 462 0
21 462 0
22 328 0
22 407 0
22 462 0
328 426 0
328 462 0
407 160 0
407 428 1
407 462 0
23 462 1
24 112 1
24 352 0
24 359 1
24 462 0
24 778 0
112 462 0
352 462 0
359 462 0
778 462 0
25 311 1
25 429 0
25 462 1
311 462 0
429 462 0
27 462 0
28 301 0
28 462 0
301 160 0
301 428 0
301 462 0
29 462 0
29 701 0
29 734 0
701 462 1
31 462 0
31 476 1
476 443 0
476 462 0
32 462 0
33 462 0
34 462 0
36 462 1
37 462 0
38 339 0
38 462 0
339 462 0
39 409 0
39 462 0
409 165 0
409 413 0
409 462 0
40 486 0
40 626 0
486 462 0
626 91 0
626 126 1
626 140 0
626 462 0
41 462 0
41 616 1
41 656 0
656 462 0
42 462 0
43 388 0
43 462 0
388 148 0
388 462 0
45 83 0
45 462 0
83 462 0
83 540 0
83 740 0
83 782 0
47 19 0
47 21 0
48 462 1
48 517 1
48 713 0
517 462 1
713 70 1
713 462 0
49 462 0
49 609 1
609 462 1
50 18 0
50 462 0
51 462 0
52 45 0
52 462 0
53 462 0
55 462 1
55 772 0
772 462 0
56 462 0
58 46 0
58 462 0
58 514 0
58 568 0
58 705 0
514 462 0
568 462 0
705 462 1
59 462 0
60 173 0
60 283 0
60 462 0
173 462 0
283 462 0
283 510 0
283 719 1
61 462 0
63 462 0
65 236 1
65 314 0
65 462 0
236 462 0
314 462 0
66 462 0
67 462 0
68 189 0
68 334 0
68 462 0
189 462 1
334 134 0
334 350 1
334 462 1
334 558 1
69 187 1
69 296 0
69 297 0
69 462 0
69 697 1
69 746 1
296 462 0
297 279 0
297 462 0
697 462 0
746 462 1
70 462 0
70 616 0
70 656 0
71 462 0
73 462 1
74 462 1
75 447 0
75 462 0
447 443 0
447 462 0
76 2 0
76 304 0
304 462 0
78 462 0
79 32 0
79 462 0
81 12 0
81 462 0
540 462 0
740 462 0
782 462 0
84 462 0
85 137 0
85 462 0
85 573 0
137 462 0
573 462 0
86 45 0
86 184 0
86 462 1
86 698 1
87 429 1
87 462 0
87 465 0
465 462 0
88 287 0
88 462 0
287 462 0
89 134 0
89 576 0
134 462 0
91 462 0
91 542 0
542 18 0
542 199 0
542 421 0
542 462 1
92 462 0
92 556 0
556 78 0
556 462 0
93 129 0
93 677 0
129 462 0
129 738 0
94 357 0
94 462 1
357 462 0
95 535 0
95 702 1
702 377 0
702 462 0
96 462 0
96 601 0
601 462 0
98 462 1
99 462 0
100 462 0
103 462 0
104 388 1
104 462 0
104 584 0
584 278 0
584 462 0
105 51 0
105 250 0
105 453 0
105 462 0
105 519 0
105 733 0
250 462 0
453 65 0
453 462 0
519 462 1
733 462 1
733 618 0
106 462 0
107 329 0
107 339 0
329 462 0
108 462 1
110 316 0
110 462 0
110 579 1
110 772 0
316 462 0
579 153 1
579 262 0
579 462 0
111 462 0
111 483 0
483 83 1
483 462 0
113 103 0
113 175 0
113 462 0
175 462 1
114 329 0
114 462 0
115 229 1
115 230 0
115 462 0
229 462 0
230 462 0
116 131 1
116 148 1
116 462 0
116 640 0
131 462 0
148 462 0
640 462 1
640 653 1
118 249 1
118 298 0
118 462 0
249 462 0
298 343 0
298 462 0
298 643 0
119 462 1
120 447 0
120 462 0
121 462 0
123 462 0
124 119 0
124 462 0
124 757 0
757 462 1
125 468 1
125 742 1
742 462 0
126 462 0
127 148 0
127 462 0
128 462 0
738 462 0
132 462 0
133 462 0
135 462 0
136 462 0
138 462 0
140 462 0
141 462 0
142 462 0
143 176 0
143 462 1
176 462 0
144 462 0
144 707 0
707 462 1
149 314 1
149 462 0
150 462 0
152 462 0
153 462 1
154 158 0
154 289 0
154 462 0
158 2 0
158 304 1
158 462 0
289 462 0
289 705 0
155 462 0
155 515 0
155 706 0
515 224 0
515 462 0
706 104 0
706 462 0
156 462 1
156 482 0
156 763 0
159 462 0
159 719 0
719 462 0
160 462 0
163 34 0
163 462 0
164 79 0
164 255 0
164 462 0
255 462 0
165 462 1
166 462 1
167 462 0
168 462 1
168 697 0
169 462 1
169 791 1
791 462 1
172 462 0
172 723 0
723 164 0
723 462 1
174 462 0
178 462 0
180 187 0
180 462 0
180 697 0
181 462 0
182 235 0
182 414 0
182 462 0
186 296 0
186 462 0
188 462 0
190 209 0
190 281 0
190 454 0
190 462 0
209 339 0
209 462 0
281 462 0
454 400 0
454 462 0
191 462 0
191 504 0
191 505 0
504 462 0
192 462 0
193 462 0
194 462 0
198 462 0
199 462 0
200 462 0
201 462 0
201 567 0
567 462 1
203 150 0
203 159 0
203 388 0
203 445 0
203 462 1
203 584 0
445 462 0
204 261 0
204 462 0
261 395 1
261 462 0
261 797 1
205 131 0
205 462 0
205 550 0
550 211 0
550 462 0
550 536 0
206 67 0
206 462 0
208 261 0
208 462 0
210 462 0
211 462 1
213 185 0
213 435 0
213 462 0
213 599 0
435 462 0
214 259 0
214 427 0
214 462 0
214 251 0
214 497 0
214 544 0
259 462 0
259 468 0
259 742 0
215 462 1
216 123 0
216 319 0
319 462 0
217 462 0
217 534 0
534 329 0
534 339 0
534 462 0
218 462 0
220 462 0
220 485 0
220 780 0
221 409 0
221 462 0
223 310 0
223 358 0
223 462 1
223 486 1
310 462 0
358 462 1
224 462 1
225 462 0
226 131 0
226 640 0
227 462 1
228 462 0
228 517 1
228 713 0
232 163 0
232 462 0
234 462 1
237 218 0
237 341 0
237 462 0
341 462 0
238 462 0
239 462 0
241 462 1
243 462 1
245 462 0
246 184 0
246 698 0
247 98 0
247 269 0
247 462 0
269 148 0
269 462 0
269 779 0
252 462 0
253 123 0
253 319 0
254 462 1
256 224 0
256 462 0
257 103 0
257 462 0
257 544 0
257 729 0
544 462 1
729 462 1
258 7 0
258 59 0
258 430 0
258 462 0
430 462 0
260 405 1
260 462 0
405 29 0
405 358 0
405 462 0
395 462 0
395 632 0
395 779 1
797 462 0
797 544 1
262 462 0
262 574 1
574 462 0
263 462 1
264 302 0
264 462 0
302 462 0
266 462 0
267 462 0
779 462 0
270 462 0
271 462 1
273 462 1
274 16 0
274 90 0
274 359 0
274 462 1
274 538 0
274 544 1
274 497 0
274 427 0
274 251 0
538 462 0
275 99 0
275 174 0
277 462 0
278 251 1
278 269 0
278 462 0
278 497 1
278 16 0
278 544 1
278 427 0
278 478 0
279 343 1
279 462 1
279 643 1
343 462 0
280 189 0
280 211 0
280 462 1
280 536 1
282 462 0
510 206 1
510 407 0
510 462 1
284 462 1
285 32 0
285 462 0
286 462 1
288 462 0
290 462 0
291 462 0
293 462 0
294 153 0
294 262 0
295 462 0
295 588 0
295 770 0
588 462 0
299 462 0
299 705 0
428 198 0
428 462 0
428 494 1
306 462 0
312 134 0
312 576 0
315 462 0
315 596 1
596 462 1
596 786 0
320 28 0
320 449 0
449 135 0
449 462 0
323 462 0
324 462 0
325 426 0
325 462 0
426 462 1
326 462 0
326 766 1
326 777 0
766 462 0
777 462 0
327 462 0
330 94 0
330 462 0
330 502 0
330 687 0
502 462 0
350 462 0
558 462 0
337 83 0
337 462 0
338 462 0
340 462 1
340 588 0
340 770 0
344 279 1
344 462 0
345 462 0
346 462 0
346 722 0
722 350 1
722 462 0
722 558 0
347 462 0
348 462 0
348 707 1
349 462 0
351 462 0
353 462 0
354 462 0
360 462 0
362 462 0
362 779 0
364 66 0
364 70 1
364 462 1
367 462 0
367 482 0
367 763 1
371 137 1
371 239 0
371 462 0
371 573 1
371 600 0
371 632 1
600 462 0
632 462 0
372 199 0
372 280 0
372 421 0
372 462 0
372 574 0
373 462 0
374 16 0
374 90 0
374 281 0
374 462 0
374 749 0
374 544 0
374 497 1
374 427 0
374 251 0
749 462 0
375 462 0
376 18 0
376 306 0
376 462 0
376 666 0
666 462 0
377 462 0
377 601 0
378 45 0
378 59 0
378 462 0
378 540 0
379 462 0
382 462 1
383 462 1
384 462 0
385 44 1
385 750 0
386 129 0
386 462 0
386 677 1
389 462 0
389 703 0
703 462 1
390 81 0
390 426 0
390 462 0
391 462 0
391 502 0
391 725 0
725 453 1
725 462 0
725 733 0
392 462 0
393 462 0
393 573 0
393 592 0
393 635 0
592 462 0
635 41 0
635 462 1
394 51 0
394 462 0
397 285 1
397 416 0
397 462 1
416 135 0
416 462 0
399 462 0
400 462 0
401 462 0
404 462 0
406 401 0
406 462 0
408 462 0
413 462 0
410 462 0
411 462 0
412 428 1
412 462 1
415 462 1
415 589 0
415 791 0
589 462 0
589 544 0
589 567 0
589 729 0
589 427 0
589 497 0
589 16 0
417 462 0
418 462 1
420 462 0
422 462 1
422 533 0
533 462 0
533 761 0
423 462 0
424 67 0
424 462 0
425 462 0
494 119 0
494 462 0
494 749 0
494 757 1
432 462 1
432 701 0
437 269 1
437 347 0
437 462 1
439 462 0
440 420 0
440 462 1
441 462 0
443 462 0
444 462 0
444 562 0
562 462 0
446 383 1
446 462 0
446 471 0
446 647 0
446 787 0
471 462 1
647 462 0
647 478 0
647 544 0
647 16 0
647 251 1
647 497 1
787 462 0
787 504 0
787 505 0
448 339 0
448 462 0
451 445 0
451 462 0
452 462 0
452 493 1
493 462 0
457 326 0
457 462 0
457 510 0
457 719 0
463 285 0
463 416 0
463 462 0
464 218 0
464 462 1
464 629 1
464 656 0
464 794 0
629 462 0
466 462 0
466 569 0
569 462 1
569 540 0
569 740 0
467 462 1
467 470 0
470 462 0
469 462 0
474 462 0
475 19 0
475 21 1
477 339 0
477 462 0
480 462 0
481 454 0
481 462 0
481 766 0
484 135 0
484 462 0
487 399 0
487 462 0
488 462 0
489 462 0
489 725 0
490 462 0
491 462 0
492 462 0
495 462 0
496 4 1
496 462 0
498 462 0
499 485 0
499 780 0
503 462 0
503 694 0
694 462 0
507 247 0
507 462 0
508 156 1
508 462 0
508 467 0
508 636 0
636 462 1
509 462 0
512 435 0
512 462 0
512 470 1
512 723 0
513 462 0
520 185 0
520 462 0
520 599 1
521 462 0
522 16 1
522 462 0
522 567 0
522 710 0
522 544 0
522 497 0
710 462 1
523 462 0
524 462 0
524 493 0
524 651 0
525 462 0
527 493 1
527 651 0
530 462 0
531 462 0
532 462 1
761 427 0
761 462 1
761 16 1
537 462 0
541 462 1
543 462 0
546 462 0
547 462 1
547 684 0
684 462 0
548 535 0
548 702 0
549 462 0
551 454 0
551 462 0
552 46 0
552 705 0
554 456 0
554 462 0
554 582 0
582 241 0
582 462 1
557 462 0
559 94 0
559 462 0
559 687 0
560 462 0
561 462 0
566 38 0
566 664 0
570 352 0
570 778 0
572 41 0
572 462 0
575 462 0
577 462 0
580 462 0
581 462 0
585 108 0
585 310 1
585 358 0
585 462 0
585 790 0
790 239 0
790 462 0
590 201 0
590 225 0
590 400 0
590 462 1
591 311 0
591 462 0
594 462 0
786 462 1
786 716 0
598 462 0
602 462 0
602 549 0
603 462 0
604 38 0
604 389 0
604 462 0
604 664 0
605 462 1
610 44 0
610 750 0
611 462 0
612 241 0
612 462 0
612 520 0
613 462 0
614 462 1
615 462 0
615 581 0
617 462 1
618 462 0
618 497 1
618 251 0
618 544 0
618 427 1
618 16 1
619 462 0
620 486 0
620 626 0
621 18 0
621 666 1
623 462 0
624 269 1
624 462 1
625 176 0
625 728 0
627 239 0
627 462 0
628 462 1
628 617 0
628 694 0
630 462 0
633 156 0
633 462 0
637 462 0
638 462 0
639 462 0
653 462 0
642 462 0
644 462 0
645 462 0
646 462 0
648 425 0
648 462 0
648 703 0
649 462 0
650 462 0
652 181 0
652 462 0
655 165 0
655 413 0
659 462 1
659 476 0
660 462 0
661 471 0
661 647 0
663 173 0
663 443 0
663 462 0
665 348 0
665 462 0
667 462 0
668 462 0
669 316 0
669 462 0
670 462 1
671 462 0
672 462 0
672 773 1
773 235 0
773 261 0
773 414 0
773 462 1
673 462 0
673 705 0
674 134 0
674 462 0
674 749 0
675 154 0
675 462 1
675 540 0
679 462 1
681 462 0
682 368 0
682 436 0
688 120 0
688 462 0
688 601 0
689 88 0
689 462 1
689 558 0
690 462 0
690 772 0
692 462 0
693 462 0
695 462 1
695 705 1
695 720 0
720 462 0
696 462 0
696 701 0
696 734 0
699 420 0
699 435 0
699 462 0
704 462 1
708 79 0
708 255 0
709 462 1
711 462 0
711 619 0
715 462 0
716 462 0
717 462 0
721 154 0
721 462 0
724 462 0
726 462 0
727 462 0
730 462 0
732 462 0
735 282 0
735 462 0
737 28 0
737 449 0
737 462 0
741 176 0
741 230 1
741 462 0
741 469 0
741 728 1
744 462 0
748 462 1
753 395 0
753 462 0
753 489 0
753 797 0
755 462 0
756 261 1
756 462 0
758 462 0
759 176 1
759 462 0
760 462 0
762 462 0
762 469 0
765 106 0
765 462 0
767 462 0
769 462 0
769 777 1
771 31 0
771 462 0
776 629 0
776 794 0
781 201 1
781 400 1
781 462 0
783 462 0
785 220 0
785 368 0
785 436 1
785 462 0
785 465 0
789 462 0
792 462 0
793 377 0
793 405 1
793 456 1
793 462 0
793 582 0
793 594 0
795 367 0
795 462 1
796 462 0
796 530 0
798 462 0
