0 132 0
0 636 1
0 277 0
0 720 0
0 66 0
0 133 0
0 16 0
0 755 0
0 256 0
0 13 0
0 313 0
132 54 1
132 755 0
1 755 0
3 66 0
3 133 0
3 256 0
3 330 0
3 597 1
3 712 0
3 277 0
3 720 0
3 1 0
3 75 0
66 755 0
133 755 0
4 755 0
7 755 0
12 4 1
12 597 1
12 712 1
12 755 1
12 256 0
12 16 0
13 445 0
13 755 1
445 755 0
15 13 1
15 313 1
15 256 0
15 755 0
15 142 0
15 544 0
15 394 0
15 277 0
15 720 1
16 755 0
18 755 0
19 277 1
19 720 0
19 597 0
19 712 0
19 66 1
19 133 0
19 142 0
19 544 0
19 13 0
19 313 0
19 256 0
19 330 0
277 755 0
720 755 0
20 755 0
21 256 0
21 330 0
21 277 1
21 720 0
21 755 1
256 755 0
330 394 1
330 755 0
330 1 0
330 75 0
330 66 0
330 133 0
330 597 0
330 712 0
330 256 0
330 277 0
330 720 0
330 142 0
330 544 0
22 142 0
22 544 0
22 755 0
22 256 1
22 597 0
22 712 0
22 16 0
22 13 0
22 313 0
22 394 0
22 330 0
22 66 0
22 133 1
544 755 1
24 755 0
25 755 0
26 16 1
26 124 0
26 290 0
26 591 0
26 755 0
26 394 0
26 142 0
26 544 1
26 1 1
26 75 0
26 256 1
26 13 0
26 313 0
290 755 0
591 755 0
27 755 0
28 146 0
28 316 1
28 755 0
30 247 1
30 310 0
247 755 1
34 264 0
34 755 0
264 755 1
36 755 1
38 247 0
38 310 1
38 755 1
39 7 0
39 755 0
39 789 0
41 115 0
41 424 0
424 755 0
42 755 0
44 755 0
45 755 0
46 143 0
46 161 1
46 755 0
161 755 0
47 755 0
48 84 1
48 459 0
48 755 0
84 755 0
459 755 0
49 37 1
49 361 1
49 755 0
361 755 1
51 755 0
54 755 0
55 755 0
56 755 0
57 755 0
58 755 0
59 629 0
59 727 0
59 755 1
629 755 0
727 755 1
60 755 0
61 357 1
61 589 0
61 755 0
589 755 0
62 132 0
62 362 0
62 636 0
62 755 0
62 277 1
62 720 0
62 66 0
62 133 0
62 16 1
62 256 0
62 13 0
62 313 1
362 755 1
64 491 0
64 755 0
491 755 1
65 755 0
67 755 0
68 376 0
68 448 0
68 755 0
70 755 0
71 305 0
71 608 0
72 249 0
72 284 1
72 341 1
72 755 0
249 755 1
284 529 1
284 755 0
341 118 0
341 755 1
74 755 0
75 755 0
77 755 0
78 666 0
78 734 0
666 755 1
734 755 1
82 243 0
82 755 0
243 755 0
83 175 1
83 256 0
83 330 0
83 755 0
83 277 0
83 720 0
83 132 1
83 636 0
83 16 0
175 755 0
86 755 1
87 420 0
87 475 0
88 755 0
89 755 0
96 755 0
97 755 1
98 755 1
99 236 0
99 755 0
236 326 1
236 755 1
236 779 1
100 322 0
100 755 0
322 264 0
322 725 0
322 755 0
101 136 0
101 492 0
136 755 0
102 755 0
103 367 0
103 436 1
367 398 0
367 755 0
436 755 0
104 755 0
105 229 1
105 753 0
229 24 0
229 755 0
753 755 0
107 153 1
107 359 0
359 755 0
109 755 0
110 755 0
113 51 0
113 468 0
114 755 1
118 755 1
119 7 0
119 789 0
120 755 1
122 77 0
122 209 0
122 302 0
122 755 0
209 434 0
209 755 0
123 82 0
123 421 0
123 755 1
421 755 0
125 521 0
125 755 0
521 197 1
521 517 0
521 755 0
521 769 0
126 755 0
127 130 0
127 280 0
280 755 0
128 755 0
131 472 0
131 755 1
472 755 0
138 755 0
139 755 1
140 755 0
144 755 0
148 51 0
148 468 0
150 287 0
150 446 1
151 755 1
152 755 0
154 755 0
156 755 0
157 416 0
157 530 0
416 96 0
416 755 0
530 460 0
530 755 0
158 558 1
158 621 1
558 755 0
621 755 0
163 755 1
164 11 0
164 233 0
165 755 1
168 209 0
168 755 0
171 172 0
171 761 0
173 755 0
173 796 0
796 755 0
174 472 0
174 516 0
516 661 0
516 755 0
177 755 0
178 755 0
180 34 0
180 755 0
181 755 0
182 755 0
184 629 1
184 727 0
184 755 0
185 346 1
185 418 0
187 125 0
187 755 0
187 773 0
188 128 0
188 757 0
189 755 0
191 416 0
191 530 0
191 755 0
193 755 0
194 755 1
195 256 0
195 755 0
195 132 0
195 636 0
195 16 0
197 701 0
197 755 0
701 163 0
701 585 1
701 755 0
200 510 0
200 639 0
510 755 1
639 755 0
201 755 1
202 420 1
202 475 0
202 755 0
203 755 0
204 286 0
204 504 0
204 755 0
504 755 0
205 184 0
205 755 1
434 755 0
210 32 1
210 154 1
210 755 0
211 182 0
211 480 1
211 563 0
211 755 1
563 755 0
212 649 0
212 653 1
212 755 1
215 755 1
216 755 0
218 755 0
219 755 0
220 32 0
220 154 1
220 755 0
222 755 0
223 182 0
223 480 0
226 86 0
226 351 0
226 720 0
226 755 0
351 755 1
227 755 0
228 668 0
228 755 0
668 755 0
230 213 0
230 755 0
230 763 0
763 755 0
231 755 0
234 197 0
234 755 0
234 769 0
779 755 0
237 755 0
238 593 0
238 602 0
239 37 0
239 361 0
239 755 0
240 755 1
241 59 1
241 755 0
242 755 1
245 755 0
246 8 0
246 308 1
246 319 0
246 447 0
246 755 0
319 755 0
447 755 0
250 284 1
250 341 0
250 755 0
251 90 0
251 179 0
253 24 0
253 618 0
254 346 1
254 418 0
254 755 0
255 349 0
255 755 0
349 755 0
257 755 0
258 597 0
258 712 0
258 256 1
258 755 0
258 16 0
259 277 1
259 720 0
259 597 0
259 712 0
259 66 0
259 133 1
259 142 0
259 544 0
259 13 0
259 313 0
259 256 0
259 330 0
260 755 0
262 444 0
262 752 0
263 121 1
263 502 0
263 755 0
266 604 1
266 755 0
267 11 0
267 233 1
267 347 0
267 755 1
347 755 0
268 755 0
269 755 0
270 755 0
271 652 0
271 772 0
272 755 1
275 491 0
275 606 0
275 755 0
606 345 1
606 755 0
276 222 0
276 576 1
278 755 1
281 542 0
281 755 0
542 80 0
542 755 0
542 762 1
529 394 0
529 396 0
529 755 0
529 1 0
529 75 0
529 66 0
529 133 0
529 597 0
529 712 0
529 256 0
529 330 0
529 277 1
529 720 0
529 142 0
529 544 0
285 755 0
293 176 1
293 338 0
293 558 0
293 755 0
338 755 1
294 398 0
294 625 0
294 755 0
398 755 0
625 755 0
295 755 0
296 755 0
297 755 0
299 1 0
299 75 1
299 755 0
299 66 0
299 133 0
299 16 1
301 312 0
301 755 0
301 787 0
787 755 0
306 142 1
306 544 0
306 256 1
306 755 0
306 597 0
306 712 0
306 16 0
306 13 0
306 313 0
306 394 1
306 330 0
306 66 0
306 133 0
307 81 1
307 273 1
307 755 1
309 312 0
309 755 0
309 787 0
311 85 0
311 491 0
311 755 0
323 43 0
323 479 0
324 498 1
324 632 0
498 44 1
498 755 0
632 755 0
325 168 0
325 713 0
327 755 1
329 755 1
394 755 0
332 594 0
332 788 0
333 755 0
335 755 0
336 128 0
336 757 1
337 121 0
337 502 0
339 84 0
339 459 0
342 755 0
345 755 1
348 755 0
352 376 1
352 448 0
353 755 0
354 755 1
356 219 0
356 370 0
370 254 0
370 466 1
370 755 0
363 755 0
365 125 0
365 755 0
365 773 1
366 66 0
366 133 0
366 256 0
366 330 0
366 597 0
366 712 0
366 277 0
366 720 0
366 1 0
366 75 0
368 755 0
369 286 1
369 504 1
466 80 1
466 755 1
466 762 0
373 102 0
373 751 1
377 755 0
379 755 0
380 755 0
381 367 0
381 436 0
381 755 0
383 755 0
385 229 0
385 755 0
387 6 0
387 217 0
389 143 0
389 161 0
391 163 0
391 585 0
391 755 1
585 755 0
392 146 0
392 316 0
392 755 0
395 344 0
395 393 0
396 755 1
397 532 0
397 715 0
397 755 0
532 755 1
715 755 0
401 748 0
401 755 0
748 24 0
748 618 1
748 755 0
402 277 0
402 755 0
403 755 1
404 344 0
404 393 0
405 755 1
406 755 1
407 102 1
407 751 0
408 47 0
408 669 0
669 755 0
409 755 0
410 755 0
411 419 0
411 744 0
744 755 0
412 755 0
414 91 1
414 255 0
417 755 0
422 755 1
423 755 1
426 90 0
426 179 1
428 111 0
428 182 0
428 579 0
428 755 1
579 755 0
430 755 0
431 755 0
432 6 0
432 217 0
435 755 1
437 532 0
437 755 0
438 755 0
439 361 0
439 755 1
440 63 0
440 224 1
441 755 0
443 755 0
449 79 0
449 139 1
449 755 0
450 129 0
450 165 0
450 612 0
450 755 1
452 118 0
452 557 0
452 755 0
557 755 0
454 124 0
454 591 0
455 755 1
456 755 0
457 326 0
457 779 0
458 755 0
460 510 1
460 639 1
460 755 0
465 755 0
469 67 0
469 372 0
471 755 0
473 123 0
473 755 0
476 82 0
476 421 1
477 419 0
477 744 1
478 755 1
485 755 0
487 755 0
488 755 0
489 1 1
489 75 0
489 66 0
489 133 0
489 16 1
489 755 0
493 755 0
495 13 0
495 313 0
495 755 0
495 256 1
495 142 0
495 544 0
495 394 0
495 277 0
495 720 0
496 755 1
497 755 0
499 102 0
499 172 0
499 755 0
499 761 0
503 755 0
507 668 0
507 739 0
507 755 0
508 755 0
509 190 0
509 221 1
511 755 0
512 755 1
513 510 0
513 652 0
513 755 0
513 772 1
514 755 0
661 359 1
661 755 0
517 755 1
522 136 0
522 492 0
522 755 0
523 755 0
524 755 0
525 229 0
525 753 0
531 649 0
531 653 1
533 496 0
533 755 0
534 190 0
534 221 1
534 755 0
535 305 0
535 608 0
535 755 0
536 131 0
536 409 0
536 734 0
536 755 0
539 755 0
540 666 0
540 734 0
543 755 0
546 755 0
547 755 0
548 86 0
548 351 0
548 755 1
550 47 0
550 669 0
550 755 1
550 782 1
782 755 1
552 76 0
552 304 0
552 755 0
553 85 0
553 491 0
554 209 1
554 302 0
554 755 0
555 342 1
555 755 0
559 79 0
559 139 0
560 755 0
561 755 0
562 755 1
565 278 0
565 755 0
566 176 0
566 338 0
568 755 1
569 50 0
569 710 0
569 755 0
710 755 0
570 249 0
570 689 0
570 755 0
689 755 1
571 166 1
571 646 0
646 755 0
572 593 0
572 602 0
572 755 0
573 131 1
573 409 1
574 755 0
575 755 0
577 755 1
578 498 0
578 632 1
581 755 1
582 496 0
582 562 0
582 755 0
583 430 0
583 755 1
584 213 0
584 755 0
584 763 0
586 755 0
587 755 0
590 81 0
590 273 0
592 755 0
595 36 0
595 667 0
595 711 0
595 755 0
711 755 1
598 604 0
598 755 0
600 755 0
601 686 0
601 755 0
686 755 1
603 755 0
607 755 1
609 394 1
609 396 0
609 755 0
611 472 0
611 516 1
613 76 0
613 304 0
613 755 0
614 755 0
615 532 0
615 715 0
616 496 0
616 562 0
616 755 0
617 219 0
617 370 1
617 755 0
619 755 0
620 462 0
620 600 1
622 755 0
623 755 0
624 50 0
624 710 0
624 755 0
630 755 0
631 16 0
631 755 0
631 394 1
631 142 0
631 544 1
631 1 0
631 75 0
631 256 0
631 13 1
631 313 0
637 264 1
637 725 0
637 755 0
638 63 0
638 224 0
641 755 0
642 84 0
642 755 0
643 542 0
643 755 1
645 755 0
647 67 0
647 372 0
647 755 1
650 755 0
651 755 1
654 755 1
655 539 0
655 692 0
655 755 0
656 755 0
657 755 0
658 755 0
660 31 0
660 358 0
663 755 0
665 287 0
665 446 0
670 667 0
670 711 1
672 755 0
673 755 0
674 755 0
675 755 0
676 755 0
678 558 1
678 621 0
678 755 0
679 189 0
679 673 0
679 755 0
680 755 0
681 466 0
681 755 0
687 311 0
687 755 0
688 91 0
688 255 1
690 59 0
690 755 1
691 755 0
695 755 0
698 8 1
698 308 0
698 755 0
699 115 0
699 424 0
700 357 1
700 589 0
703 166 0
703 646 0
703 755 0
705 755 0
707 129 0
707 612 0
708 755 1
709 249 1
709 689 0
709 755 1
714 444 0
714 752 0
714 755 0
716 755 1
717 755 0
719 594 0
719 755 1
719 788 1
722 755 0
723 153 0
723 359 1
724 755 0
726 31 0
726 358 0
728 755 0
729 222 1
729 576 0
730 755 0
731 539 0
731 692 0
731 755 0
732 755 1
733 755 0
735 755 0
736 755 1
737 668 0
737 739 1
738 118 0
738 557 0
738 755 1
742 130 0
742 280 0
742 755 0
747 755 1
750 54 0
750 755 0
754 111 0
754 579 0
756 755 0
760 755 0
765 755 0
766 43 0
766 479 0
770 168 0
770 713 0
770 755 0
771 755 0
774 365 0
774 755 0
776 755 0
783 755 0
784 462 0
784 600 1
785 755 0
786 755 0
790 755 0
793 755 0
795 156 0
795 755 0
