0 245 0
0 570 0
0 935 0
0 110 1
0 255 0
0 756 1
0 13 0
0 752 1
0 637 1
0 507 0
0 588 0
935 570 0
4 270 0
4 398 0
4 110 0
4 255 1
4 507 0
4 588 1
4 570 0
4 637 0
4 245 0
4 935 0
270 570 0
8 570 0
10 570 0
12 507 0
12 588 0
12 13 0
12 752 0
12 270 1
12 398 0
12 110 1
12 255 0
12 637 0
12 756 1
12 570 0
12 496 0
12 562 0
507 570 0
588 570 0
13 570 0
14 110 0
14 255 0
14 13 1
14 752 1
14 245 1
14 935 1
14 270 0
14 398 0
14 637 0
14 756 1
14 570 0
110 29 0
110 570 0
255 570 0
16 496 0
16 562 0
16 13 0
16 752 0
16 110 1
16 255 0
16 245 0
16 935 0
16 570 0
16 756 1
16 507 0
16 588 0
496 570 0
17 570 0
19 570 0
19 637 0
19 756 0
19 110 1
19 255 0
19 245 0
19 13 0
19 752 1
19 507 0
19 588 1
19 496 1
19 562 0
19 935 0
637 491 0
637 570 0
20 570 0
20 571 0
20 899 1
571 570 0
899 570 0
22 395 1
22 529 1
395 570 0
529 570 1
23 570 0
23 757 0
23 927 0
757 570 0
25 570 0
27 570 0
29 570 0
30 570 0
30 680 1
30 782 1
782 570 0
32 410 0
32 570 0
32 774 0
410 570 0
774 570 0
36 379 0
36 726 1
379 570 0
38 408 0
38 570 0
38 667 1
408 570 0
408 862 0
39 570 0
39 895 0
895 570 0
41 329 0
41 515 1
41 570 1
515 570 1
42 570 0
45 570 1
46 570 1
49 129 0
49 336 0
49 498 0
49 570 0
129 454 0
129 570 0
498 570 0
50 570 0
51 570 0
53 403 0
53 570 0
403 570 0
54 570 0
56 570 0
57 379 0
57 726 0
58 455 0
58 570 0
58 797 0
455 570 0
59 400 1
59 460 0
61 300 0
61 570 0
61 767 0
62 570 1
65 251 0
65 481 0
251 570 0
481 570 1
66 409 1
66 686 0
686 570 1
67 570 0
70 206 0
70 570 0
70 911 1
206 435 0
206 570 0
911 312 1
911 570 0
72 284 1
72 341 0
72 570 0
284 570 0
73 570 0
75 2 0
75 651 0
76 325 0
76 570 0
76 576 0
325 570 0
576 570 0
77 570 0
81 378 1
81 570 0
378 570 0
86 570 0
87 2 0
87 651 0
88 570 0
89 570 0
92 131 0
92 531 0
131 570 0
131 665 0
531 570 0
94 570 0
95 570 0
96 570 0
97 570 1
98 570 0
99 570 0
101 276 0
101 912 1
102 570 0
103 570 1
104 39 0
104 175 1
104 570 0
175 570 0
105 570 1
106 570 1
111 85 0
111 491 0
111 570 0
491 475 1
491 570 0
112 435 0
112 570 0
435 570 0
113 342 0
113 466 0
342 570 0
114 152 0
114 844 0
844 570 0
115 278 0
115 940 0
278 570 0
940 570 0
116 468 1
116 570 0
468 570 1
118 589 1
118 644 0
644 309 0
644 570 0
121 570 0
122 570 1
126 570 0
128 570 1
454 570 0
130 570 1
665 287 0
665 446 0
665 570 1
132 202 0
132 570 0
132 736 0
202 570 0
736 570 0
133 570 1
134 570 0
135 201 0
135 490 0
201 570 0
136 476 0
136 923 1
476 570 0
137 570 1
138 570 0
139 684 0
139 816 0
684 570 0
816 570 0
142 570 0
144 570 0
145 570 0
146 454 0
146 570 0
147 570 0
148 18 1
148 570 0
148 646 0
148 835 0
835 570 0
149 541 0
149 916 0
541 570 1
150 570 0
150 735 0
150 871 0
151 389 0
151 475 1
151 564 0
151 570 0
389 570 0
475 570 0
564 56 0
564 570 0
153 356 0
153 570 0
356 570 0
155 570 0
157 570 1
158 570 0
163 54 0
163 570 0
163 841 1
841 570 0
164 156 1
164 570 0
164 674 0
674 134 0
674 570 0
165 173 0
165 725 0
173 570 1
173 613 0
725 570 0
166 570 0
166 774 0
167 70 0
167 570 0
169 351 0
169 352 0
352 570 0
170 570 0
171 251 1
171 481 1
172 276 0
172 570 0
172 912 0
613 570 0
174 570 0
176 68 0
176 952 0
952 570 0
177 195 0
177 570 1
195 559 0
195 570 0
195 993 1
178 570 1
179 570 1
180 570 0
182 570 0
187 217 0
187 663 0
663 570 1
188 570 0
189 570 0
190 570 0
190 657 0
657 570 0
191 363 0
191 942 0
363 570 0
942 570 0
192 245 1
192 570 1
192 935 0
192 110 0
192 255 0
192 756 0
192 13 0
192 752 0
192 637 0
192 507 0
192 588 0
194 9 0
194 570 0
194 926 0
926 570 0
559 570 0
196 185 1
196 570 0
196 834 0
197 500 1
197 570 0
500 570 0
199 230 0
199 514 1
199 542 1
199 570 0
230 213 0
230 302 0
230 570 0
514 570 0
200 193 0
200 436 0
200 570 0
436 570 1
203 570 0
204 86 1
204 704 0
209 570 0
209 576 0
209 863 1
209 953 0
863 570 0
953 85 0
953 491 0
953 570 0
211 680 1
211 782 1
212 380 0
212 570 1
212 977 1
380 570 0
977 570 0
213 570 0
215 150 0
215 570 0
216 570 0
218 570 0
219 570 0
220 570 0
221 570 0
221 784 0
221 886 0
784 570 0
784 799 0
886 570 0
224 190 0
224 570 0
224 710 0
225 570 0
228 316 0
228 570 0
228 822 0
228 946 0
822 142 0
822 420 0
822 570 0
822 630 0
302 570 0
233 570 1
234 570 0
235 570 0
238 131 0
238 531 1
238 570 0
240 217 0
240 570 0
240 663 0
242 151 1
242 570 0
243 729 1
243 820 0
729 570 0
820 570 1
244 160 0
244 182 0
244 570 0
248 570 1
250 235 0
250 570 1
250 720 0
720 570 1
720 987 1
253 570 0
254 908 0
254 991 0
257 570 0
261 570 0
262 570 0
262 729 0
262 820 0
263 322 0
263 570 1
263 721 0
263 902 0
322 570 0
902 570 0
265 570 0
266 153 0
266 570 0
266 915 0
267 411 1
267 433 1
433 570 0
271 570 0
272 142 0
272 420 0
273 570 0
274 570 0
280 570 0
280 928 0
928 570 0
282 429 0
282 570 0
429 570 0
283 570 0
285 570 0
286 559 0
286 570 0
286 993 0
288 570 0
292 322 1
292 701 0
294 570 0
295 218 0
295 415 0
295 570 0
296 570 0
298 102 1
298 769 0
303 167 1
303 570 1
303 636 1
636 570 0
304 570 0
305 570 1
305 609 0
305 629 0
609 570 1
307 229 1
307 570 1
307 868 0
868 570 1
309 570 0
310 837 0
310 961 0
837 158 0
837 570 1
312 570 0
313 218 1
313 415 0
314 570 0
315 174 1
315 570 0
318 570 0
319 817 0
319 989 1
817 570 1
989 570 1
320 570 1
320 760 0
760 570 0
321 351 1
321 352 0
327 541 0
327 916 0
330 570 0
331 253 0
331 933 0
933 570 0
332 142 0
332 215 0
332 570 0
332 597 0
332 757 0
597 535 0
597 570 0
337 721 0
337 902 1
338 185 0
338 834 0
339 570 1
345 570 0
346 570 0
346 980 0
980 570 0
980 605 1
349 570 0
350 570 0
354 48 0
354 678 0
678 570 0
678 661 0
355 270 0
355 398 0
355 110 1
355 255 0
355 507 1
355 588 0
355 570 1
355 637 1
355 245 0
355 935 0
357 322 1
357 701 1
358 260 0
358 570 1
358 638 0
359 475 0
359 564 1
360 570 0
361 282 0
361 408 0
361 570 0
361 667 0
362 342 1
362 466 0
364 411 0
364 433 0
365 570 0
366 570 1
368 570 0
369 570 0
370 570 0
371 570 0
372 269 0
372 570 0
372 647 0
647 570 0
373 751 0
373 793 0
751 570 0
751 766 0
374 570 0
376 570 0
377 570 1
382 496 0
382 562 0
382 570 0
382 13 0
382 752 0
382 110 0
382 255 0
382 245 0
382 935 0
382 756 0
382 507 0
382 588 0
383 570 0
384 570 0
384 757 0
384 927 0
385 570 1
388 570 0
391 570 1
391 777 0
777 42 0
777 266 0
777 570 0
777 719 0
394 434 0
394 506 0
394 570 0
434 570 0
397 380 0
397 570 0
401 570 0
401 924 0
924 570 0
404 279 0
404 553 0
407 102 0
407 570 0
407 769 0
862 152 0
862 570 0
862 844 0
412 570 0
413 385 0
413 498 0
413 570 1
414 570 0
416 391 0
416 850 0
417 570 1
418 387 0
418 454 0
418 570 0
422 570 0
423 570 0
426 24 0
426 324 0
426 401 0
426 570 0
431 260 0
431 638 1
432 206 0
432 570 1
432 911 1
437 570 0
438 24 1
438 324 0
439 570 0
439 817 0
439 989 0
441 570 0
442 570 0
445 570 0
446 570 0
447 110 0
447 255 0
447 570 0
447 13 0
447 752 1
447 245 0
447 935 1
447 270 1
447 398 1
447 637 1
447 756 0
449 837 0
449 961 0
450 284 0
450 341 0
451 570 0
451 579 0
451 890 0
890 570 0
452 150 0
452 570 0
453 570 0
456 570 0
459 73 1
459 990 0
990 498 1
990 570 0
461 570 0
462 279 1
462 553 0
469 516 0
469 800 1
516 570 0
800 158 1
800 570 0
800 583 0
800 886 0
470 570 0
472 107 0
472 570 1
472 939 0
939 570 1
473 570 0
477 395 1
477 529 0
477 570 0
479 570 0
480 570 0
482 219 0
482 570 0
482 647 0
485 570 0
486 570 0
487 570 0
493 570 1
494 570 1
497 570 0
499 329 0
499 515 1
499 570 0
499 929 0
929 507 0
929 570 0
929 588 0
929 13 0
929 752 0
929 270 0
929 398 0
929 110 0
929 255 0
929 637 0
929 756 0
929 496 1
929 562 1
502 570 0
504 570 0
504 930 0
930 81 0
930 570 0
505 570 0
505 678 0
508 570 0
509 691 0
509 889 1
691 45 0
691 570 0
889 570 0
510 421 0
510 859 0
511 428 1
511 570 1
511 709 0
513 271 1
513 984 1
519 434 0
519 506 1
519 570 0
522 213 0
522 302 1
522 570 0
524 323 0
524 978 0
978 570 0
525 570 0
526 570 0
528 570 1
530 508 1
530 630 0
630 570 1
533 570 0
534 368 0
534 954 0
535 570 0
535 613 0
536 570 0
538 68 0
538 952 0
539 570 0
543 570 0
543 589 0
543 644 1
544 106 0
544 157 0
546 570 0
551 13 0
551 570 0
551 752 0
551 245 1
551 935 1
551 270 0
551 398 0
551 496 0
551 562 0
551 756 0
752 570 1
552 570 0
554 570 0
554 609 0
554 629 0
557 391 0
557 850 0
558 570 1
560 570 0
563 6 0
563 546 0
563 570 0
565 508 0
565 630 0
566 123 0
566 808 0
569 86 0
569 570 0
569 704 1
572 452 0
572 570 0
572 738 0
573 412 1
573 512 0
573 570 1
573 586 0
586 570 0
574 570 0
575 570 0
580 570 0
581 50 0
581 903 0
583 570 0
585 363 0
585 570 0
585 942 1
590 570 0
591 269 0
591 570 0
591 647 0
592 570 0
593 570 1
593 650 0
593 845 0
650 570 0
845 570 0
595 570 0
601 570 0
601 654 0
654 570 0
602 570 0
603 253 1
603 570 0
603 933 0
605 156 0
605 570 0
605 674 0
607 215 0
607 597 0
610 570 0
611 570 0
615 570 0
616 570 0
616 595 0
617 468 0
617 570 1
620 160 0
620 182 0
621 330 0
621 856 0
856 401 1
856 570 0
625 374 0
625 570 0
626 570 1
626 579 0
626 890 0
627 570 0
628 570 0
632 570 0
632 799 0
799 570 0
633 570 0
635 570 0
640 570 1
641 570 0
642 570 1
645 365 1
645 606 0
648 400 0
648 460 0
648 570 0
649 339 1
649 570 0
649 688 0
649 879 0
688 570 0
652 50 0
652 570 0
652 903 1
653 323 0
653 978 0
655 570 0
656 570 0
658 570 0
659 570 0
660 570 0
661 570 0
666 278 1
666 940 0
671 570 0
676 421 0
676 570 0
676 859 0
679 570 1
681 73 0
681 570 1
681 990 0
682 476 0
682 570 0
682 923 1
683 570 0
689 54 0
689 148 0
689 570 0
689 841 0
690 570 0
692 30 0
692 570 0
694 570 0
694 940 0
697 570 0
698 570 0
699 516 0
699 570 0
699 800 0
700 570 0
700 736 0
700 895 0
702 271 0
702 570 0
702 984 0
703 18 0
703 646 0
705 570 1
706 385 0
706 498 0
706 570 1
707 153 0
707 915 0
711 1 0
711 299 0
711 554 0
711 570 0
713 368 0
713 570 1
713 954 0
714 570 0
715 570 0
716 179 0
716 570 0
716 872 0
717 570 0
719 570 0
987 570 1
723 516 0
723 570 0
724 570 1
727 480 0
727 930 0
728 223 0
728 957 0
957 280 0
957 570 0
731 570 0
732 193 1
732 436 1
732 570 0
733 570 0
734 547 0
734 570 0
734 823 0
739 537 0
739 570 0
739 809 0
809 570 0
740 570 0
741 570 0
742 480 1
742 570 1
742 930 0
743 570 0
744 570 0
745 382 1
745 570 0
747 39 0
747 175 0
747 570 0
747 833 0
833 570 0
833 659 0
748 1 1
748 299 0
748 570 0
749 472 0
749 570 0
750 287 0
750 446 0
766 570 1
766 587 0
766 669 1
754 570 0
754 980 0
755 235 0
755 720 0
758 6 0
758 546 0
758 570 1
759 339 0
759 879 0
761 570 0
761 571 1
761 899 0
762 570 0
762 742 0
763 570 0
763 784 0
763 886 0
770 129 0
770 336 0
772 570 0
776 864 0
776 922 0
864 570 1
922 570 0
922 665 0
778 305 0
778 570 0
778 694 0
779 428 0
779 570 0
779 709 0
780 570 0
781 570 0
783 305 0
783 570 0
787 173 0
787 570 0
787 725 0
787 863 0
789 455 0
789 797 0
791 107 0
791 939 0
794 314 0
794 570 0
795 240 0
795 570 0
798 570 0
801 570 0
802 570 0
803 570 0
803 852 0
852 570 0
804 570 0
806 570 1
807 570 0
810 570 0
811 344 0
811 619 1
812 570 0
812 744 0
815 570 0
818 570 0
821 48 0
821 678 0
824 106 0
824 157 0
826 409 0
826 686 0
827 356 1
827 570 1
829 570 0
830 365 0
830 570 0
830 606 0
830 720 0
831 570 0
832 570 1
838 570 0
838 855 0
855 570 0
840 570 1
843 570 0
846 325 0
846 570 0
846 908 1
846 991 1
847 570 1
851 570 0
853 570 0
854 570 1
858 179 0
858 872 0
860 300 0
860 767 1
865 514 0
865 542 0
866 587 0
866 669 1
867 570 0
874 570 0
875 166 1
875 570 0
875 693 0
876 735 0
876 871 1
877 344 0
877 570 0
877 619 0
878 570 0
880 387 0
880 454 0
882 547 0
882 823 0
883 330 0
883 570 0
883 856 0
884 570 0
887 570 0
888 570 0
888 691 0
888 889 0
891 42 1
891 719 0
892 570 0
898 123 0
898 808 1
900 570 0
904 13 0
904 752 0
904 245 0
904 935 0
904 270 0
904 398 0
904 496 1
904 562 1
904 570 0
904 756 0
910 570 0
910 883 1
913 570 0
917 570 0
918 452 0
918 570 0
918 738 0
920 537 0
920 570 0
920 809 1
925 864 0
925 922 0
931 751 0
931 793 0
932 570 0
934 190 0
934 710 0
936 223 1
936 957 0
937 570 0
938 410 0
938 774 0
941 210 0
941 616 0
944 180 0
944 476 0
944 570 0
950 570 0
950 684 1
950 816 0
955 570 0
959 570 0
960 201 0
960 490 0
962 570 0
963 325 0
963 570 1
963 576 0
965 570 0
970 570 0
970 637 1
970 756 0
970 110 0
970 255 0
970 245 0
970 13 0
970 752 0
970 507 0
970 588 0
970 496 0
970 562 0
970 935 1
971 210 1
971 616 0
972 202 0
972 736 0
976 166 1
976 693 0
981 167 0
981 636 0
982 570 0
983 570 0
986 72 1
986 570 0
992 316 0
992 570 0
992 946 0
994 570 1
995 229 0
995 868 1
996 9 0
996 926 1
997 412 0
997 512 0
997 570 0
998 570 1
