0 648 0
1 109 1
1 446 0
1 56 0
1 670 1
1 264 0
1 648 0
446 648 1
4 56 0
4 264 0
4 388 0
4 648 0
4 670 0
4 109 0
4 446 0
56 648 0
264 648 0
388 648 0
670 648 0
670 870 0
5 648 0
6 648 0
6 989 0
989 389 0
989 648 0
989 700 0
7 648 0
8 34 0
8 35 0
8 648 1
10 648 0
11 617 0
11 648 0
617 648 0
617 817 0
13 471 0
13 648 1
471 648 0
15 351 0
15 536 0
351 577 0
351 648 0
351 774 0
536 600 0
536 648 1
16 499 0
16 648 1
16 901 1
499 648 0
901 648 0
17 648 0
18 648 0
19 52 0
19 648 0
52 648 0
20 551 0
20 648 0
551 648 1
21 648 0
23 648 0
24 100 0
24 648 0
100 648 0
25 648 0
26 199 0
26 747 0
747 513 1
747 648 0
747 722 0
27 648 0
28 648 1
29 47 1
29 648 0
47 559 0
47 648 0
47 740 0
30 648 0
32 648 0
32 718 0
32 972 1
718 648 1
718 717 0
718 918 0
972 629 1
972 648 0
33 648 1
36 648 0
37 648 0
39 648 0
39 917 1
39 975 0
40 648 0
41 145 0
41 460 0
41 529 1
41 648 0
460 648 0
529 648 1
42 197 0
42 648 0
42 817 0
197 648 0
817 648 0
43 258 0
43 648 0
258 648 0
44 648 0
45 403 0
45 648 0
45 795 0
45 985 1
403 648 1
403 919 0
795 44 0
795 648 0
985 648 0
46 96 0
46 648 0
96 458 0
96 648 0
559 648 0
740 648 1
48 648 0
50 553 1
50 648 0
553 648 0
553 956 0
553 976 0
51 163 0
51 648 1
51 953 0
163 648 1
953 648 0
53 648 0
57 41 1
57 648 0
58 139 0
58 351 0
58 536 1
58 648 0
139 648 0
60 319 0
60 475 0
60 627 1
60 648 0
319 648 0
319 882 0
475 648 0
627 648 0
627 881 0
61 648 1
62 235 1
62 642 0
62 648 0
62 989 0
235 495 0
235 648 0
64 648 0
65 648 1
66 648 1
67 648 0
67 894 0
894 648 0
68 522 0
68 543 1
68 648 1
522 640 1
522 648 1
522 796 0
543 648 0
70 648 0
71 648 0
72 648 0
72 659 0
72 661 0
659 252 0
659 516 0
659 648 0
661 468 0
661 491 1
661 648 0
661 655 0
73 648 0
74 648 0
75 648 1
76 648 1
78 119 0
78 648 0
119 648 0
79 648 0
80 39 0
80 507 0
80 648 0
80 916 0
507 648 0
916 621 0
916 648 0
81 648 0
81 793 0
793 218 0
793 648 0
793 910 0
82 358 0
82 426 0
82 648 0
358 648 0
426 648 0
83 648 0
84 377 0
84 453 0
84 648 0
84 746 0
377 441 0
377 648 0
453 648 0
85 648 0
86 110 1
86 648 0
110 648 0
87 648 0
88 596 1
88 648 0
88 707 1
596 648 0
707 648 0
90 648 0
92 243 0
92 264 0
92 648 0
92 56 0
92 670 1
92 109 1
92 446 0
93 648 0
94 648 0
95 92 0
95 319 0
95 627 0
95 648 0
458 126 1
458 417 0
458 648 1
101 648 1
102 452 0
102 648 0
452 86 0
452 648 0
103 648 0
104 648 0
104 665 0
665 648 0
665 780 0
665 973 1
106 544 0
106 613 1
106 648 0
108 648 0
111 648 0
113 648 1
114 395 0
114 648 0
114 995 0
395 648 1
995 311 0
995 648 0
115 441 1
115 563 0
115 648 1
115 793 0
441 648 0
563 648 0
116 648 0
117 648 0
118 648 1
118 742 0
742 648 0
120 91 0
120 619 0
619 648 0
122 648 0
122 856 0
122 872 1
856 232 0
856 648 0
124 408 1
124 648 1
124 880 0
408 513 1
408 648 0
880 135 1
880 165 0
880 648 1
129 486 0
129 557 0
129 648 0
486 648 0
557 96 0
557 648 0
130 648 0
132 348 0
132 648 1
348 648 0
133 648 0
135 648 1
136 648 0
137 227 0
137 648 0
227 648 0
138 648 0
140 188 0
140 204 0
140 648 0
188 648 1
188 907 1
141 648 0
142 648 0
143 648 0
144 498 0
144 505 0
498 264 0
498 648 0
498 56 0
498 109 0
498 446 0
146 648 0
147 648 0
148 632 0
148 648 0
148 908 0
148 926 0
632 378 0
632 648 0
926 648 1
150 464 0
150 931 0
464 606 0
464 648 0
931 648 1
152 305 0
152 648 1
305 648 0
153 308 0
153 648 0
308 648 0
154 648 1
155 648 0
156 164 1
156 434 0
164 648 1
434 79 0
434 96 1
434 648 0
434 828 0
157 648 0
157 913 0
913 648 0
158 648 1
160 689 1
160 898 0
689 502 0
689 648 0
898 547 0
898 593 0
898 648 0
161 648 0
165 457 0
165 648 0
457 65 0
457 648 0
166 108 0
166 499 0
166 648 0
166 884 0
884 648 1
168 648 0
169 648 0
170 648 0
171 170 0
171 648 0
171 889 1
889 504 0
889 648 0
172 459 0
172 648 0
459 648 0
173 648 0
173 722 0
722 83 0
722 648 0
722 904 0
174 43 0
174 57 0
174 469 1
174 622 0
174 648 1
469 64 1
469 195 0
469 648 1
622 648 1
622 835 0
175 648 1
177 648 0
177 949 0
949 395 0
949 648 0
949 995 0
178 648 0
182 559 0
182 648 0
182 768 0
183 648 0
184 648 0
184 740 0
185 648 0
186 648 1
186 705 0
705 648 1
187 648 0
907 217 0
907 648 0
907 781 0
907 984 0
189 648 0
189 878 0
878 648 0
190 130 1
190 648 0
191 648 1
192 449 0
192 648 0
449 648 0
194 648 0
194 696 0
696 648 1
195 416 0
195 648 1
416 648 0
196 648 0
198 648 0
200 648 0
201 648 0
202 648 0
202 858 0
202 910 0
858 648 0
910 52 1
910 648 0
203 576 0
203 648 0
203 924 0
576 20 0
576 648 0
576 689 0
576 887 0
924 648 0
205 648 0
206 648 0
207 135 1
207 165 0
207 648 0
208 648 0
208 774 0
774 648 0
211 648 0
212 648 0
212 985 0
213 648 0
215 243 0
215 264 0
215 493 0
215 648 0
215 56 1
493 648 1
216 206 1
216 648 0
217 648 0
217 701 0
701 648 1
701 956 0
701 976 0
218 648 0
220 648 0
223 648 0
224 648 1
225 648 0
226 646 0
226 648 0
646 648 0
228 648 0
230 185 0
230 648 1
231 648 0
231 961 1
961 648 0
232 648 0
233 212 0
233 477 0
234 648 0
495 648 0
236 648 0
237 544 0
237 613 1
238 648 0
240 648 0
241 495 0
241 648 0
242 648 0
244 559 0
244 768 0
245 648 0
246 648 0
247 212 1
247 477 0
247 648 0
248 648 0
250 648 0
252 648 1
253 648 0
254 648 0
255 648 0
255 657 1
657 648 0
257 648 0
259 228 0
259 591 0
259 648 0
591 648 0
261 468 0
261 648 1
468 648 0
262 13 0
262 351 0
262 648 0
263 648 0
265 218 0
265 648 0
266 648 0
267 357 0
267 648 1
267 819 0
267 841 0
357 108 0
357 648 0
357 884 0
819 648 0
841 648 0
268 66 0
268 648 0
269 598 0
269 648 0
598 648 0
271 464 1
271 931 0
272 648 0
274 24 1
274 86 0
276 648 0
277 358 0
277 426 0
279 648 0
282 648 1
282 722 0
283 43 0
283 622 1
283 648 0
284 648 0
287 648 0
288 648 0
289 648 0
290 648 1
291 648 0
292 648 0
292 961 0
294 648 0
295 648 1
295 705 1
296 648 0
297 70 0
297 648 1
297 822 0
822 47 0
822 648 0
822 916 0
298 363 0
298 521 0
298 648 0
298 921 0
363 648 0
921 467 0
921 648 0
299 648 0
300 648 0
301 234 0
301 648 0
306 92 1
306 648 0
307 487 0
307 648 0
487 648 0
309 648 1
311 648 0
311 772 0
772 648 0
312 358 0
312 648 0
313 648 0
314 79 0
314 494 0
314 580 0
314 648 0
494 648 0
580 648 0
315 648 1
315 895 0
895 486 0
895 648 0
316 648 0
316 901 0
317 648 0
318 648 0
882 648 0
320 111 0
320 648 0
322 421 1
322 648 0
421 211 0
421 648 0
323 648 0
323 694 1
694 72 0
694 403 1
694 648 0
325 648 0
326 648 0
328 648 1
329 109 0
329 218 1
329 416 0
329 446 0
329 648 0
329 56 0
329 670 0
329 264 0
330 648 0
330 740 0
332 648 0
334 648 0
335 648 0
336 648 1
337 648 0
339 648 0
340 648 0
341 648 0
341 747 0
341 881 1
881 648 0
343 648 0
344 648 0
345 495 0
345 648 0
347 648 0
349 232 0
349 849 0
350 648 0
577 648 0
352 56 0
352 648 1
352 670 0
352 264 0
352 109 0
352 446 0
353 648 1
354 154 1
354 648 0
354 875 0
875 648 0
355 648 0
356 80 0
356 648 0
356 721 1
356 734 1
721 648 0
721 987 0
734 371 1
734 648 0
734 892 0
359 648 1
360 632 0
360 648 0
360 908 0
361 648 1
365 648 0
365 717 0
365 918 0
717 83 0
717 648 0
366 498 0
366 505 0
366 648 1
368 648 0
370 430 0
370 648 0
370 686 0
430 24 1
430 86 0
430 648 1
686 648 1
371 648 0
373 354 0
373 486 0
373 557 0
373 567 0
373 648 0
567 648 0
567 716 0
374 648 1
375 648 0
378 648 0
378 862 1
378 956 0
378 963 0
956 648 0
381 441 0
381 563 0
383 648 0
390 648 1
391 648 0
393 648 0
396 648 0
397 83 0
397 648 0
397 904 0
398 648 1
399 98 0
399 920 0
920 648 0
400 648 0
401 389 0
401 700 1
700 111 0
700 648 1
402 648 0
402 979 1
979 621 1
979 648 0
919 648 0
404 648 0
405 648 0
405 686 0
405 862 0
405 963 0
406 648 1
407 648 0
513 576 0
513 648 1
513 924 1
409 648 0
410 648 0
411 223 0
411 648 0
413 648 0
413 929 0
929 319 0
929 648 0
414 648 0
420 648 0
423 486 0
423 648 1
424 621 0
424 648 0
621 318 1
621 648 1
427 648 0
428 648 0
429 232 1
429 849 0
431 416 0
431 577 0
431 648 0
828 648 0
828 945 0
435 648 0
436 648 0
437 648 0
439 648 1
439 765 0
439 990 0
440 648 0
442 648 1
444 24 0
444 648 0
444 917 0
444 975 0
445 426 0
445 648 0
448 388 0
448 648 0
450 111 0
450 648 1
451 648 0
456 648 0
462 648 0
463 648 0
606 402 0
606 648 0
606 837 0
466 23 1
466 648 0
466 873 0
873 116 0
873 392 0
873 648 0
873 819 0
467 648 0
472 648 0
473 84 0
473 648 0
474 648 0
480 648 0
480 976 1
976 648 0
481 235 0
481 642 0
481 648 0
482 182 1
482 648 0
484 39 0
484 200 0
484 648 0
484 716 0
716 648 0
485 648 0
488 648 1
489 648 0
489 986 0
986 593 0
986 648 0
490 521 0
490 648 0
490 921 0
491 648 0
496 648 1
500 648 1
501 648 0
502 145 0
502 460 0
502 648 0
504 648 0
508 141 0
508 648 0
509 648 0
510 648 1
510 808 1
808 648 0
511 648 1
514 648 0
515 780 0
515 973 0
973 315 0
973 648 0
518 597 1
518 648 0
518 847 1
518 887 0
518 966 0
887 648 1
966 648 0
519 648 0
520 648 1
796 648 0
796 996 0
523 196 0
523 263 0
523 648 0
523 972 0
524 648 0
524 727 0
727 648 0
526 238 1
526 648 0
527 648 0
531 648 0
533 155 1
533 648 0
534 648 0
534 689 0
534 898 1
600 648 0
600 756 0
600 851 1
537 205 0
537 648 0
538 648 0
538 781 0
538 984 0
540 648 0
541 188 0
541 204 0
541 648 0
545 648 0
545 854 0
854 648 1
547 648 0
548 648 1
548 871 0
548 910 1
549 648 0
552 648 1
556 648 1
558 164 0
558 434 0
560 648 0
561 648 0
562 65 0
562 648 0
562 651 0
651 648 0
568 648 0
569 648 1
572 442 0
572 648 0
573 788 0
573 896 0
788 328 0
788 630 0
788 648 0
788 902 1
896 648 1
896 828 0
579 413 0
579 424 0
583 350 0
583 648 0
583 920 0
585 328 0
585 648 0
586 648 1
587 648 1
588 648 0
590 648 0
592 368 0
592 648 0
593 648 0
595 116 0
595 392 0
595 648 0
756 648 0
851 486 0
851 648 0
601 126 0
601 417 0
601 648 0
602 648 1
605 648 1
837 648 0
607 648 0
608 648 0
609 236 0
609 632 0
609 648 0
609 987 0
987 648 0
610 40 1
610 62 0
610 118 0
610 648 1
611 339 1
611 648 0
611 756 1
611 851 0
612 648 0
615 648 0
616 192 1
616 648 0
618 648 0
620 648 0
835 648 0
623 648 0
624 72 0
624 403 0
624 430 1
624 648 0
626 228 0
626 648 0
626 856 0
626 872 1
629 648 0
630 648 0
633 648 0
634 648 0
635 648 0
635 871 1
635 910 0
636 648 0
637 134 0
637 461 0
639 648 1
641 252 0
641 516 0
643 648 1
644 163 1
644 478 0
647 648 0
649 648 0
650 648 1
652 269 0
652 648 0
653 648 0
654 194 0
654 648 0
655 648 0
656 648 0
658 648 0
658 735 0
735 648 0
663 648 0
663 835 1
664 130 1
664 648 0
666 398 0
666 648 1
667 368 0
667 402 0
667 493 0
667 648 0
668 648 1
669 648 0
870 648 0
671 311 0
671 648 0
673 443 0
673 811 1
811 648 0
675 648 0
676 648 0
678 597 0
678 847 1
679 648 0
679 686 0
683 223 0
683 472 0
683 648 0
684 80 0
684 648 0
685 134 0
685 461 1
685 648 0
687 91 0
687 591 0
687 619 0
687 648 0
688 211 0
688 522 0
688 648 0
691 648 0
692 206 0
692 648 0
695 459 0
695 648 0
695 859 1
859 648 0
697 648 1
698 90 0
698 648 0
699 5 0
699 209 0
699 648 0
703 629 0
703 648 0
703 709 0
709 648 0
704 648 1
706 648 1
706 901 0
710 648 0
710 793 0
711 648 1
713 648 0
714 648 0
715 190 0
715 648 0
719 94 0
719 340 0
719 648 1
720 648 0
724 648 0
725 648 0
731 648 1
732 648 0
892 648 0
737 648 0
738 648 0
738 861 0
861 648 0
739 648 1
741 50 1
741 491 1
741 648 0
741 655 0
743 397 1
743 648 0
744 648 1
745 648 0
748 90 0
748 648 0
749 596 0
749 602 0
749 648 0
749 707 0
750 383 0
750 648 1
751 648 0
751 770 0
770 648 0
755 648 0
757 34 0
757 35 0
757 648 1
759 648 1
760 648 0
763 87 0
763 648 1
764 648 1
766 648 0
767 5 1
767 209 1
767 337 0
767 648 0
769 648 1
775 648 1
776 648 1
778 648 1
779 648 0
782 648 1
783 444 0
783 460 0
783 648 0
784 648 0
784 789 0
789 648 0
786 648 0
787 648 0
902 264 0
902 648 0
902 109 0
902 446 0
790 648 1
791 648 1
791 930 1
930 648 0
792 648 1
794 226 1
794 648 1
996 648 0
797 648 0
798 648 0
799 648 0
800 437 0
800 441 0
800 610 0
800 648 0
800 983 1
983 648 0
983 832 1
801 136 0
801 154 0
801 648 0
802 21 0
802 647 0
802 648 1
803 648 1
804 648 0
807 493 0
807 648 0
809 648 1
810 648 0
812 648 1
813 648 1
814 648 0
814 997 0
997 648 0
816 648 0
818 648 0
820 648 0
823 228 0
823 648 1
823 878 0
824 648 0
825 648 1
826 648 0
827 377 0
827 514 0
827 648 0
827 746 0
945 648 0
829 257 1
829 648 0
830 648 0
830 770 0
831 648 0
832 648 1
833 648 1
834 648 0
834 813 0
836 21 1
836 648 0
838 378 0
838 648 0
839 648 1
839 964 0
964 648 0
840 199 0
840 747 1
842 648 0
843 58 0
843 79 0
843 648 0
844 146 0
844 254 0
844 648 1
845 648 0
846 388 0
846 413 0
846 424 0
846 648 0
850 648 0
852 648 0
852 743 0
855 591 1
855 648 1
860 640 1
860 648 0
860 796 0
863 437 0
863 610 0
864 481 0
864 648 0
866 508 0
866 648 0
866 969 0
969 648 1
867 648 0
869 648 0
879 648 0
879 701 0
883 648 0
883 717 0
885 648 0
885 902 0
886 791 0
886 799 0
888 648 0
888 788 0
888 896 0
888 997 0
890 187 0
890 648 0
893 648 0
893 922 1
922 648 0
922 765 0
922 990 1
897 90 0
897 163 1
897 436 1
897 478 0
897 648 0
897 659 1
899 200 0
899 648 1
899 661 0
899 705 0
899 716 0
900 648 1
903 648 0
905 50 0
905 51 1
905 370 0
905 648 0
906 648 0
909 648 1
911 648 0
912 122 0
912 648 0
923 648 0
925 471 0
925 648 0
928 648 0
928 826 0
932 648 0
933 607 1
933 648 1
933 791 0
933 799 0
935 648 0
935 686 0
936 648 1
938 238 0
938 339 0
938 648 0
941 648 0
942 648 0
942 976 0
943 348 0
943 648 1
947 648 0
947 721 0
947 734 0
948 94 1
948 340 0
948 547 1
948 648 0
950 228 0
950 648 0
950 878 1
952 648 0
954 648 0
955 368 0
955 493 0
960 648 0
960 987 0
965 52 0
965 648 0
970 316 0
970 443 1
970 648 0
970 811 1
971 171 0
971 448 0
971 648 0
974 648 0
974 701 0
977 79 0
977 494 0
977 648 0
977 839 0
978 96 0
978 648 0
978 713 0
980 402 1
980 648 0
980 837 0
981 648 0
981 701 0
982 65 0
982 648 0
982 651 0
988 648 1
991 51 0
991 370 0
992 648 0
998 98 0
998 648 0
998 813 0
998 920 0
999 648 0
