2 29 1
2 37 0
2 145 0
2 180 1
29 0 1
29 67 0
29 145 0
37 145 0
180 145 0
3 26 1
3 69 1
3 143 0
3 145 1
26 37 1
26 45 0
26 71 1
26 83 0
26 145 0
26 180 0
26 29 1
69 145 0
143 30 0
143 53 0
143 145 0
4 21 0
4 85 0
21 80 0
21 95 1
21 143 1
21 145 1
85 9 0
85 54 0
85 145 0
85 182 0
9 36 0
9 145 1
36 145 0
10 24 0
10 29 0
10 52 0
10 80 0
10 84 0
10 144 0
10 145 1
10 184 0
10 194 0
10 180 1
10 37 0
24 55 0
24 145 0
24 181 0
52 26 1
52 35 0
52 86 0
52 145 0
80 44 0
80 60 0
80 145 1
84 145 0
84 186 0
184 145 0
194 145 0
11 55 0
11 145 1
11 156 1
55 145 0
156 145 0
12 2 0
12 145 0
12 194 0
13 81 0
13 117 1
81 145 0
15 133 0
15 164 0
164 26 0
164 145 0
18 145 1
95 52 0
95 145 0
95 165 0
22 69 1
22 145 0
23 146 1
23 175 0
146 29 0
146 145 0
146 180 1
146 37 0
181 145 0
25 124 0
25 145 1
124 145 1
71 145 0
28 44 0
28 159 0
44 145 0
44 159 0
159 145 0
30 145 0
30 156 0
32 29 0
32 62 0
32 104 0
32 145 0
32 174 0
32 37 1
32 180 0
104 54 0
104 69 0
104 145 0
104 146 0
104 190 0
35 145 0
35 181 0
40 3 0
40 10 0
40 64 1
40 145 0
40 150 0
64 18 0
64 60 0
64 145 0
150 97 0
150 145 0
47 145 0
47 168 0
168 12 0
168 145 0
168 181 1
48 59 0
48 145 0
59 97 0
59 125 0
59 145 0
59 180 0
59 29 0
59 37 0
49 26 0
49 74 0
49 85 0
49 145 0
49 172 0
50 66 0
50 96 0
96 145 0
96 156 0
51 145 1
51 182 0
182 71 0
182 145 0
86 60 0
86 145 1
54 44 0
54 145 0
54 159 0
56 81 0
56 95 0
56 117 0
56 145 0
56 195 0
195 45 0
195 83 1
195 145 0
58 12 1
58 30 0
58 69 0
58 71 0
58 110 0
58 145 0
110 145 0
97 145 0
125 135 0
125 145 0
60 145 0
61 48 0
61 145 0
61 146 1
61 175 0
65 25 0
65 64 0
65 104 0
65 145 0
68 48 0
68 119 1
119 145 0
119 194 0
72 145 0
73 30 0
73 53 0
73 145 0
76 145 0
78 24 0
78 97 0
78 125 0
78 135 0
78 137 1
78 145 1
78 160 0
135 145 0
137 3 0
137 35 0
137 47 0
137 145 0
160 145 0
79 3 0
79 47 0
82 1 0
82 7 0
186 18 0
186 64 1
186 114 0
186 145 0
186 180 0
186 29 0
87 145 1
87 166 0
87 195 1
166 120 0
166 145 0
89 66 0
89 96 0
94 101 1
94 145 1
94 178 0
101 51 0
101 145 0
178 145 0
165 51 0
165 145 1
98 129 0
98 145 1
129 76 0
129 145 0
100 60 0
100 108 0
100 145 0
102 48 0
102 119 1
103 37 1
103 140 0
140 97 0
140 145 0
140 195 0
190 37 0
190 140 0
190 145 0
190 156 0
190 29 0
190 180 1
106 25 0
106 169 1
109 38 0
109 71 0
113 145 0
114 145 0
115 62 1
115 174 0
116 145 0
120 60 0
120 135 0
120 145 0
121 14 1
121 19 0
121 145 1
122 145 0
123 14 0
123 19 1
123 76 0
123 145 0
126 21 0
126 85 0
127 26 0
127 135 0
127 145 0
127 156 0
128 12 0
128 182 0
131 74 0
131 172 0
134 60 0
134 108 0
136 145 0
136 146 0
141 24 0
141 145 0
141 165 0
142 48 0
142 135 0
142 145 0
142 171 0
171 51 0
171 60 0
171 110 0
171 123 0
171 142 0
171 145 0
171 187 0
147 21 1
147 38 0
147 71 0
147 101 0
147 129 0
147 141 0
147 145 0
147 159 0
152 0 0
152 67 0
155 1 0
155 7 0
158 142 0
158 187 0
162 12 0
162 29 0
162 122 0
162 145 0
162 182 0
162 180 1
162 37 1
163 133 0
163 164 0
167 24 0
167 145 1
170 12 0
170 145 0
173 110 0
173 119 0
173 127 0
173 145 0
176 51 1
176 78 0
176 145 0
191 11 0
191 96 0
191 145 0
192 64 0
192 114 0
193 25 1
193 72 0
193 73 0
193 114 0
193 127 0
193 135 0
193 145 1
193 169 0
196 144 1
196 194 0
