0 14 0
0 26 1
0 79 1
0 96 1
0 117 0
26 14 0
79 12 0
79 14 0
79 37 1
79 63 1
96 3 0
96 6 1
96 19 1
96 51 0
96 75 0
96 83 0
96 194 1
117 14 1
117 25 0
117 26 1
117 34 1
117 150 1
117 79 0
2 14 1
2 163 1
163 14 1
3 14 1
4 21 1
4 85 0
21 14 0
21 19 1
21 29 0
21 68 1
21 162 1
85 14 0
85 140 1
6 14 1
6 50 0
6 112 0
6 121 0
50 14 0
50 89 0
112 14 0
112 34 0
112 162 1
121 14 0
121 19 0
7 2 0
7 14 1
7 47 1
7 55 0
47 14 0
47 45 1
47 85 0
55 14 0
10 14 0
10 89 0
10 144 1
10 194 1
89 14 1
144 14 1
144 19 0
144 37 1
144 95 0
144 195 0
194 3 0
194 14 0
194 15 0
194 68 1
194 79 0
194 82 1
194 195 1
194 26 1
11 14 1
11 25 1
11 34 1
11 55 1
11 173 1
25 14 1
25 76 1
34 14 0
34 122 1
34 195 0
173 14 0
173 128 0
173 144 1
12 14 0
13 81 0
13 117 1
81 14 0
81 26 1
81 51 0
81 68 1
81 115 0
81 176 1
81 194 1
81 79 0
15 14 1
15 50 1
15 75 1
15 157 1
75 6 1
75 14 1
75 182 1
157 14 1
157 26 0
157 50 1
157 77 0
157 162 0
157 79 0
16 14 0
16 17 1
16 49 1
16 80 1
16 112 0
17 14 0
17 61 1
17 76 0
49 6 1
49 14 0
49 50 0
49 74 1
49 140 0
49 172 0
80 14 0
80 15 1
80 118 1
80 149 0
80 162 1
80 184 1
61 3 1
61 14 0
61 146 1
61 175 0
76 3 0
76 14 1
76 63 1
76 181 0
18 7 1
18 14 1
18 58 0
18 71 0
18 77 1
18 101 0
58 3 1
58 14 1
58 77 0
58 108 1
58 172 1
71 14 1
71 127 0
71 143 0
71 149 0
71 182 1
77 14 0
101 7 1
101 14 0
101 140 1
101 162 1
101 166 1
19 6 0
19 14 0
19 26 0
19 79 1
19 117 0
29 0 1
29 3 1
29 14 0
29 67 0
29 79 0
29 26 0
68 14 0
68 45 1
68 67 1
68 85 0
162 12 1
162 14 0
162 89 0
162 182 1
23 146 1
23 175 0
27 14 1
27 45 0
27 49 0
45 14 0
28 12 0
28 14 1
28 44 0
28 89 1
28 108 1
28 127 1
28 159 0
44 14 0
44 19 1
44 79 0
44 89 0
44 97 1
44 108 1
44 198 1
44 26 0
44 0 1
108 14 1
108 36 1
108 75 1
108 172 1
108 182 1
127 14 0
127 85 1
127 163 1
159 14 1
159 27 1
159 50 1
159 90 1
159 115 1
159 149 0
67 14 0
67 55 0
31 14 1
31 100 0
100 14 0
100 60 1
100 89 0
100 108 0
100 140 1
32 14 1
32 45 1
32 62 1
32 76 0
32 174 1
62 14 0
122 3 1
122 14 0
195 14 0
36 14 1
36 37 0
36 100 1
37 14 1
38 14 0
38 19 0
38 156 0
156 14 0
156 172 0
39 14 0
39 25 0
39 68 1
39 97 0
39 115 0
39 180 1
97 14 1
97 28 1
97 47 1
97 89 0
97 184 0
115 14 0
115 62 1
115 76 0
115 118 0
115 174 1
180 14 1
180 128 1
40 14 0
40 68 1
40 75 0
40 119 0
40 195 1
119 14 0
42 14 1
42 16 0
42 37 0
42 89 1
42 131 1
131 3 1
131 14 0
131 51 0
131 74 0
131 172 0
198 14 1
198 170 1
198 184 0
74 14 1
74 121 1
74 140 0
74 170 1
140 14 1
140 119 0
172 14 0
172 29 0
51 14 0
51 63 1
51 117 0
51 141 1
51 182 1
51 26 0
51 79 1
63 14 1
63 184 1
141 14 1
141 64 1
141 95 0
141 136 0
182 14 0
182 85 0
182 172 0
182 184 0
54 14 0
54 44 0
54 159 0
54 164 0
164 14 1
164 29 0
164 169 0
56 14 0
56 60 1
56 81 1
56 117 1
60 14 1
60 45 1
60 55 0
60 112 0
57 14 1
57 26 1
57 34 0
57 64 1
57 79 0
57 112 1
57 0 1
57 117 0
64 14 0
64 45 0
64 75 1
64 154 1
184 3 0
184 14 0
184 55 0
154 14 1
154 121 0
69 14 0
70 10 0
70 14 0
70 69 0
70 112 0
143 14 0
143 29 0
143 30 0
143 50 1
143 53 1
143 121 1
149 3 1
149 14 1
73 30 1
73 53 1
170 3 0
170 14 0
181 14 1
181 162 0
78 14 0
78 89 1
78 147 1
78 154 1
78 156 1
78 163 1
147 3 0
147 14 0
147 38 1
147 71 1
147 149 0
147 181 0
118 2 1
118 14 1
118 163 0
118 182 0
176 14 0
176 44 1
176 79 0
176 89 0
176 121 1
176 154 1
176 157 0
82 1 1
82 7 1
82 14 1
83 14 0
83 15 1
83 95 0
95 14 1
84 14 1
84 55 0
84 117 0
84 145 0
84 166 1
84 171 0
84 195 1
145 14 1
145 69 0
166 14 0
166 69 1
166 172 1
166 181 1
171 14 1
87 14 0
87 166 0
90 14 1
90 37 1
90 122 0
90 126 0
90 164 0
126 14 0
126 15 1
126 21 0
126 85 0
126 89 1
126 97 0
126 117 0
126 122 0
126 140 1
93 14 1
93 29 0
93 49 1
93 80 1
93 118 0
93 182 1
94 2 1
94 14 1
94 103 0
94 109 1
94 118 1
94 141 1
103 14 0
103 152 1
109 14 1
109 37 0
109 38 0
109 71 0
109 112 1
98 14 1
98 25 0
98 40 0
98 47 1
98 58 1
98 68 0
98 180 0
152 0 0
152 14 0
152 67 1
152 79 0
152 26 1
105 14 1
105 156 0
105 180 0
106 14 0
106 25 1
106 169 1
106 182 1
169 14 0
110 12 0
110 14 0
110 68 1
110 75 1
110 118 1
110 134 1
134 14 1
134 26 0
134 60 0
134 108 1
113 14 1
113 55 1
113 79 0
113 122 0
114 14 0
114 34 0
114 62 0
114 69 1
114 79 1
114 181 0
150 14 0
150 89 1
150 162 1
123 14 0
123 19 0
123 36 1
123 70 0
123 122 0
123 134 1
123 136 0
136 6 0
136 12 0
136 14 0
136 171 0
124 14 0
124 49 1
124 62 1
124 77 0
124 128 0
128 12 0
128 14 1
128 182 1
125 12 1
125 14 0
125 17 1
125 164 0
129 14 0
129 54 1
129 122 0
129 181 1
133 14 1
133 56 1
133 69 1
133 89 0
137 14 0
137 16 1
137 34 1
137 57 0
139 14 0
139 89 0
139 154 1
142 3 1
142 14 0
142 75 0
142 100 0
142 127 0
151 14 1
151 125 0
151 164 1
151 173 0
151 180 0
151 194 0
153 14 0
153 19 0
153 26 0
153 45 1
153 180 0
155 1 1
155 7 1
161 14 0
161 79 0
161 182 0
168 3 0
168 14 1
168 54 0
168 140 0
183 14 0
183 25 0
183 26 1
183 40 0
183 97 0
183 166 1
186 14 0
186 51 0
186 126 1
189 14 0
189 85 1
189 172 0
191 14 0
191 36 1
191 57 1
191 93 0
191 100 0
191 124 1
191 133 1
193 25 1
193 169 0
196 14 1
196 68 0
196 118 0
196 134 1
196 144 0
196 194 1
197 14 0
197 36 0
197 118 0
197 164 0
