4 18 1
4 21 1
4 34 1
4 85 1
4 87 1
4 47 1
18 34 1
18 47 1
18 95 0
18 160 0
18 21 1
18 85 1
18 87 1
85 34 1
87 34 1
6 34 1
6 57 1
6 71 1
6 80 1
6 96 1
6 119 1
6 120 0
6 151 1
6 184 1
57 34 1
57 173 0
57 189 0
57 191 1
71 14 1
71 34 1
71 110 0
80 34 0
80 85 1
80 87 1
80 47 1
80 21 0
96 34 1
96 60 1
96 62 1
119 34 0
119 58 1
120 34 1
120 44 1
120 116 0
151 34 1
184 34 1
184 87 1
184 189 1
184 191 1
184 47 1
10 34 1
10 42 0
10 116 0
10 120 1
10 144 1
10 194 1
42 34 1
42 36 1
42 50 1
42 178 1
116 34 1
116 38 1
12 34 1
12 58 1
12 79 1
12 148 1
58 34 1
58 69 1
58 145 0
79 3 1
79 34 0
79 47 1
79 153 1
79 21 1
79 85 1
79 87 0
148 34 1
148 64 1
13 81 1
13 117 0
14 34 1
15 133 1
15 164 1
16 138 1
16 181 1
138 34 0
138 96 1
138 116 1
138 135 1
47 34 1
95 22 1
95 34 1
95 79 1
95 105 1
22 34 1
22 69 1
22 145 0
69 34 1
145 34 0
23 14 1
23 34 0
23 146 1
23 175 1
146 34 1
146 87 1
146 21 1
146 85 1
26 45 0
26 83 1
28 14 0
28 34 1
28 44 1
28 87 0
28 159 1
28 21 0
28 85 1
44 34 1
29 0 0
29 67 0
31 34 1
31 156 1
31 167 1
32 62 1
32 174 0
62 34 1
33 34 1
33 35 1
33 52 1
33 127 0
35 34 1
35 93 1
35 146 0
52 34 1
93 34 1
93 38 1
38 34 1
40 34 1
41 34 0
41 57 1
41 116 1
50 34 1
50 66 0
50 96 1
49 74 0
49 172 1
54 44 1
54 159 0
55 120 1
55 188 1
56 81 1
56 117 1
173 34 1
173 120 1
189 34 1
189 116 0
191 34 0
59 97 1
59 125 1
125 34 1
125 64 1
125 96 1
125 147 1
60 34 1
61 146 1
61 175 1
64 34 1
64 110 0
110 34 1
65 6 1
65 34 1
65 44 1
68 48 1
68 119 1
73 30 1
73 53 0
75 34 1
78 97 1
78 125 0
153 34 1
82 1 0
82 7 1
86 80 1
86 151 1
88 138 1
88 181 1
89 66 1
89 96 1
92 31 1
92 34 1
105 34 1
105 69 1
105 115 0
98 156 1
98 167 0
99 34 1
100 60 1
100 108 1
102 34 0
102 48 1
102 79 1
102 119 0
103 37 1
103 140 1
115 34 1
115 60 1
115 62 1
115 174 1
106 25 1
106 169 1
107 34 1
107 77 1
109 14 1
109 34 0
109 38 1
109 50 1
109 52 0
109 60 1
109 71 1
109 92 1
109 135 1
109 145 1
135 34 1
135 50 0
135 60 1
135 87 1
135 21 1
135 85 1
111 34 1
113 34 0
113 77 1
121 14 1
121 19 1
122 34 1
122 120 1
122 188 1
123 14 1
123 19 1
147 34 0
147 38 1
147 71 0
126 21 0
126 34 1
126 85 1
126 146 1
126 87 1
126 47 1
128 12 1
128 34 1
128 38 1
128 182 0
131 74 1
131 172 1
134 60 1
134 108 1
136 35 1
136 127 0
137 3 1
137 47 1
139 6 1
139 34 0
139 42 0
139 115 1
141 34 1
143 30 1
143 53 1
149 95 0
149 160 0
152 0 1
152 67 1
155 1 1
155 7 1
158 142 1
158 187 1
161 36 1
161 178 0
162 12 1
162 182 1
163 133 0
163 164 1
171 34 1
171 142 1
171 187 1
186 14 1
186 34 1
186 50 0
186 64 1
186 92 1
186 114 1
190 37 1
190 140 0
192 64 1
192 114 1
193 25 1
193 34 0
193 169 1
193 171 1
193 189 1
195 45 1
195 83 1
196 144 1
196 194 1
