0 14 0
0 26 1
0 79 1
0 96 0
0 117 1
26 14 0
79 12 0
79 14 1
79 37 0
79 63 1
96 3 1
96 6 0
96 19 0
96 51 1
96 75 0
96 83 0
96 194 0
117 14 0
117 25 1
117 26 0
117 34 0
117 150 1
117 0 1
117 79 0
2 14 1
2 163 1
163 14 1
3 14 1
4 21 0
4 85 0
21 14 0
21 19 0
21 29 0
21 68 0
21 162 1
85 14 0
85 140 1
6 14 0
6 50 0
6 112 0
6 121 0
50 14 0
50 89 1
112 14 1
112 34 0
112 162 0
121 14 1
121 19 1
7 2 0
7 14 0
7 47 0
7 55 1
47 14 0
47 45 1
47 85 0
55 14 0
10 14 1
10 89 0
10 144 0
10 194 1
89 14 1
144 14 1
144 19 1
144 37 0
144 95 1
144 195 1
194 3 1
194 14 1
194 15 1
194 68 0
194 79 0
194 82 0
194 195 0
194 26 0
11 14 0
11 25 0
11 34 0
11 55 1
11 173 0
25 14 0
25 76 1
34 14 1
34 122 1
34 195 1
173 14 0
173 128 1
173 144 1
12 14 0
13 81 1
13 117 0
81 14 0
81 26 0
81 51 1
81 68 0
81 115 0
81 176 0
81 194 1
81 0 1
81 79 1
15 14 0
15 50 1
15 75 0
15 157 0
75 6 0
75 14 0
75 182 1
157 14 1
157 26 1
157 50 0
157 77 1
157 162 0
157 79 1
157 0 0
16 14 0
16 17 0
16 49 1
16 80 1
16 112 0
17 14 0
17 61 0
17 76 0
49 6 1
49 14 1
49 50 1
49 74 0
49 140 0
49 172 0
80 14 1
80 15 1
80 118 1
80 149 1
80 162 1
80 184 1
61 3 0
61 14 1
61 146 0
61 175 1
76 3 1
76 14 0
76 63 1
76 181 1
18 7 1
18 14 1
18 58 0
18 71 0
18 77 1
18 101 0
58 3 0
58 14 0
58 77 0
58 108 0
58 172 0
71 14 1
71 127 1
71 143 1
71 149 0
71 182 0
77 14 0
101 7 0
101 14 1
101 140 0
101 162 0
101 166 0
19 6 1
19 14 0
19 26 0
19 79 0
19 117 0
29 0 1
29 3 1
29 14 0
29 67 0
29 26 0
29 117 1
29 79 0
68 14 1
68 45 0
68 67 0
68 85 1
162 12 1
162 14 0
162 89 0
162 182 1
23 146 0
23 175 0
27 14 0
27 45 1
27 49 0
45 14 0
28 12 1
28 14 1
28 44 1
28 89 1
28 108 0
28 127 1
28 159 0
44 14 1
44 19 1
44 79 0
44 89 1
44 97 1
44 108 1
44 198 1
44 117 0
44 0 1
108 14 0
108 36 1
108 75 1
108 172 0
108 182 0
127 14 0
127 85 1
127 163 1
159 14 0
159 27 0
159 50 1
159 90 1
159 115 0
159 149 0
67 14 0
67 55 1
31 14 0
31 100 0
100 14 0
100 60 0
100 89 0
100 108 1
100 140 1
32 14 0
32 45 0
32 62 0
32 76 0
32 174 1
62 14 1
122 3 1
122 14 1
195 14 0
36 14 1
36 37 0
36 100 0
37 14 1
38 14 1
38 19 0
38 156 1
156 14 0
156 172 1
39 14 1
39 25 0
39 68 0
39 97 0
39 115 0
39 180 1
97 14 0
97 28 0
97 47 0
97 89 1
97 184 0
115 14 0
115 62 0
115 76 0
115 118 1
115 174 1
180 14 0
180 128 0
40 14 0
40 68 0
40 75 0
40 119 1
40 195 1
119 14 1
42 14 0
42 16 0
42 37 1
42 89 0
42 131 1
131 3 1
131 14 1
131 51 1
131 74 1
131 172 0
198 14 0
198 170 1
198 184 0
74 14 0
74 121 1
74 140 0
74 170 0
140 14 0
140 119 0
172 14 0
172 29 1
51 14 1
51 63 1
51 117 1
51 141 0
51 182 1
51 26 1
51 79 0
63 14 1
63 184 0
141 14 0
141 64 0
141 95 1
141 136 1
182 14 1
182 85 0
182 172 0
182 184 0
54 14 0
54 44 1
54 159 0
54 164 1
164 14 1
164 29 1
164 169 0
56 14 0
56 60 1
56 81 0
56 117 1
60 14 0
60 45 1
60 55 0
60 112 1
57 14 1
57 26 1
57 34 1
57 64 1
57 79 1
57 112 0
57 117 0
57 0 0
64 14 1
64 45 1
64 75 0
64 154 0
184 3 1
184 14 1
184 55 1
154 14 0
154 121 1
69 14 1
70 10 1
70 14 1
70 69 1
70 112 1
143 14 0
143 29 0
143 30 1
143 50 0
143 53 0
143 121 0
149 3 0
149 14 0
73 30 0
73 53 0
170 3 1
170 14 1
181 14 1
181 162 1
78 14 1
78 89 0
78 147 1
78 154 0
78 156 0
78 163 0
147 3 1
147 14 1
147 38 1
147 71 0
147 149 1
147 181 1
118 2 0
118 14 0
118 163 1
118 182 1
176 14 1
176 44 1
176 79 0
176 89 0
176 121 0
176 154 1
176 157 0
82 1 1
82 7 1
82 14 1
83 14 0
83 15 0
83 95 0
95 14 1
84 14 1
84 55 0
84 117 1
84 145 0
84 166 1
84 171 0
84 195 0
145 14 1
145 69 0
166 14 0
166 69 1
166 172 0
166 181 0
171 14 0
87 14 0
87 166 1
90 14 0
90 37 1
90 122 0
90 126 1
90 164 1
126 14 1
126 15 0
126 21 1
126 85 1
126 89 0
126 97 1
126 117 1
126 122 1
126 140 0
93 14 0
93 29 0
93 49 0
93 80 0
93 118 1
93 182 0
94 2 0
94 14 1
94 103 1
94 109 0
94 118 0
94 141 0
103 14 1
103 152 0
109 14 0
109 37 0
109 38 0
109 71 0
109 112 1
98 14 1
98 25 1
98 40 1
98 47 0
98 58 1
98 68 0
98 180 1
152 0 0
152 14 1
152 67 0
152 26 1
152 117 0
152 79 0
105 14 0
105 156 1
105 180 1
106 14 1
106 25 0
106 169 0
106 182 0
169 14 1
110 12 1
110 14 1
110 68 1
110 75 0
110 118 1
110 134 0
134 14 1
134 26 0
134 60 0
134 108 0
113 14 1
113 55 1
113 79 0
113 122 0
114 14 1
114 34 1
114 62 0
114 69 0
114 79 0
114 181 1
150 14 1
150 89 0
150 162 0
123 14 1
123 19 1
123 36 0
123 70 1
123 122 1
123 134 1
123 136 1
136 6 1
136 12 0
136 14 1
136 171 0
124 14 1
124 49 1
124 62 0
124 77 0
124 128 1
128 12 0
128 14 1
128 182 0
125 12 1
125 14 0
125 17 1
125 164 1
129 14 0
129 54 1
129 122 0
129 181 1
133 14 0
133 56 1
133 69 1
133 89 1
137 14 1
137 16 0
137 34 1
137 57 0
139 14 0
139 89 0
139 154 1
142 3 0
142 14 0
142 75 1
142 100 1
142 127 0
151 14 0
151 125 1
151 164 1
151 173 1
151 180 0
151 194 1
153 14 0
153 19 1
153 26 0
153 45 0
153 180 0
155 1 1
155 7 0
161 14 1
161 79 0
161 182 1
168 3 1
168 14 1
168 54 0
168 140 0
183 14 0
183 25 1
183 26 0
183 40 1
183 97 1
183 166 1
186 14 1
186 51 1
186 126 1
189 14 0
189 85 1
189 172 1
191 14 0
191 36 0
191 57 0
191 93 1
191 100 0
191 124 1
191 133 0
193 25 0
193 169 1
196 14 1
196 68 0
196 118 1
196 134 1
196 144 0
196 194 1
197 14 1
197 36 0
197 118 0
197 164 0
