0 176 0
0 250 1
0 153 1
0 1 1
176 18 1
176 250 0
176 349 1
176 1 1
176 153 1
176 0 0
176 267 0
176 247 0
1 153 1
1 247 0
1 250 1
1 0 0
1 267 0
1 18 1
153 250 1
247 110 0
247 250 1
2 250 1
3 31 0
3 250 0
31 250 1
4 21 1
4 250 1
4 285 1
21 64 1
21 250 0
21 393 0
285 250 0
5 164 0
5 216 1
5 250 1
5 392 0
164 250 0
216 210 1
216 250 0
216 291 0
392 29 1
392 186 0
392 250 1
6 250 0
7 26 0
7 110 0
7 250 0
26 250 1
110 250 0
10 250 0
10 251 1
10 344 1
251 250 1
344 126 0
344 250 1
11 250 1
12 13 0
12 250 1
12 256 1
12 376 0
12 388 1
13 120 0
13 157 1
13 247 0
13 250 0
13 1 0
256 250 0
256 315 1
376 250 1
376 388 1
388 250 1
120 250 0
157 29 0
157 250 0
14 250 1
14 314 0
14 369 0
314 145 0
314 250 1
314 254 1
369 78 1
369 81 0
369 162 0
369 250 0
369 328 0
15 138 0
15 250 1
138 250 0
18 250 0
19 82 0
19 137 1
19 184 1
19 219 1
19 250 1
82 5 0
82 71 1
82 163 1
82 250 0
82 364 0
137 250 0
184 250 1
219 45 1
219 250 1
20 250 0
64 29 1
64 161 1
64 186 0
64 250 0
393 3 1
393 250 0
393 316 1
22 250 1
23 250 1
25 163 1
25 364 1
163 106 0
163 173 0
163 250 1
29 250 0
30 4 1
30 250 1
30 291 0
30 387 1
291 250 1
387 221 0
387 250 0
32 156 1
32 250 0
156 250 1
33 243 0
33 250 1
243 57 0
243 58 0
243 198 1
243 235 1
243 250 1
243 300 0
34 250 1
35 250 0
36 31 1
36 250 0
37 250 0
38 55 1
38 250 0
38 335 1
38 391 1
55 71 1
55 128 1
55 250 0
335 125 1
335 132 1
335 250 0
391 250 1
39 250 0
40 150 1
40 197 0
40 250 0
150 161 1
150 250 0
197 250 1
42 133 1
42 138 0
42 153 0
42 250 1
42 1 0
42 0 0
42 267 0
42 18 1
42 247 0
133 250 0
133 329 0
43 69 1
43 82 1
43 92 1
43 126 0
43 158 1
43 250 1
69 133 1
69 194 0
69 250 1
69 336 1
69 353 0
92 153 1
92 248 0
92 250 1
92 278 1
92 1 0
92 0 1
92 267 1
92 247 1
92 18 1
126 250 1
158 142 0
158 171 1
158 203 0
158 250 1
158 387 0
44 83 0
44 245 1
44 250 1
44 291 1
83 250 0
245 45 0
245 81 1
245 250 1
45 250 0
47 50 1
47 106 0
47 152 0
47 234 0
47 250 1
50 36 1
50 96 0
50 133 0
50 250 1
50 261 0
106 250 1
152 0 1
152 250 0
152 267 1
152 247 1
152 1 0
152 18 1
152 153 0
234 110 0
234 250 1
49 216 0
49 239 0
49 250 1
49 315 1
49 374 0
239 250 1
315 6 0
315 250 0
374 73 1
374 250 1
261 12 1
261 45 1
261 234 0
261 250 0
261 289 1
51 71 0
51 250 0
51 374 1
71 34 1
71 250 1
54 28 1
54 244 1
244 250 1
128 250 0
128 308 0
57 128 1
57 198 1
57 250 0
198 250 1
58 116 1
58 143 0
58 145 0
58 250 1
58 254 0
58 282 0
58 369 1
116 161 0
116 218 1
116 250 1
116 342 1
116 379 1
143 230 0
143 250 0
143 253 0
254 248 0
254 250 0
254 256 1
254 362 0
282 1 1
282 29 0
282 207 0
282 250 1
282 247 0
282 153 0
282 0 0
282 267 1
60 14 1
60 238 1
60 240 1
60 250 1
60 379 1
238 71 0
238 101 1
238 209 0
238 239 0
238 250 0
240 35 0
240 192 1
240 250 0
379 236 0
379 250 1
61 81 0
61 175 0
61 250 1
61 346 0
81 250 0
346 250 0
62 250 0
62 349 1
349 250 0
161 133 1
161 250 0
65 250 1
68 19 0
68 69 0
68 119 0
68 250 1
68 316 1
119 250 0
316 240 1
316 250 0
194 250 1
194 312 0
353 250 0
70 126 1
70 250 1
73 69 1
73 171 1
73 230 0
73 250 1
73 253 1
171 250 0
171 344 0
253 166 1
253 169 1
253 250 1
253 391 0
75 29 0
75 250 0
75 272 0
272 61 1
272 92 0
272 250 1
272 332 1
76 34 0
76 209 0
76 249 0
76 250 1
209 71 0
209 202 0
209 240 1
209 250 1
209 251 1
249 14 1
249 74 0
249 172 1
249 250 0
77 250 0
78 10 0
78 156 0
78 197 1
78 250 1
78 346 1
79 47 0
79 48 1
79 83 1
79 192 0
79 250 0
79 257 1
192 250 1
257 250 1
257 329 0
84 182 0
84 212 0
84 250 0
84 278 1
182 162 1
182 250 0
182 282 0
182 328 1
212 152 0
212 189 1
212 250 0
212 251 0
278 250 0
85 18 0
85 111 1
85 250 1
85 292 0
111 45 1
111 65 1
111 250 1
292 14 0
292 143 1
292 247 1
292 250 1
87 250 1
87 391 1
88 22 0
88 188 0
88 250 1
88 388 0
188 250 1
188 272 1
91 156 1
91 250 0
91 289 1
91 312 0
289 99 0
289 250 1
312 250 0
248 26 1
248 55 1
248 250 0
94 31 1
94 250 0
94 263 1
263 250 1
95 3 1
95 110 0
95 250 1
97 78 0
97 259 1
98 250 1
99 133 1
99 250 1
101 250 0
101 378 0
378 250 1
378 308 0
102 12 1
102 47 1
102 48 0
102 202 1
102 250 0
202 218 0
202 250 1
103 14 0
103 36 1
103 250 1
104 14 0
104 250 1
104 306 1
306 250 0
306 282 1
306 304 1
105 250 0
107 189 0
107 250 1
107 301 1
189 250 1
301 250 0
108 26 0
108 83 1
108 100 1
108 134 0
108 250 1
108 255 0
134 110 0
134 250 0
134 255 1
255 239 0
255 250 0
255 296 1
109 38 0
109 71 0
112 233 0
112 250 0
233 210 0
233 250 0
233 307 1
113 6 1
113 250 0
114 78 1
114 259 1
115 118 0
115 216 1
115 250 0
115 262 0
115 341 0
115 374 1
118 250 1
341 250 1
218 250 1
218 329 1
342 34 1
342 250 1
121 6 0
121 14 0
121 238 0
121 250 1
123 70 0
123 118 1
123 250 1
123 257 1
123 342 0
125 84 1
125 250 1
125 271 1
125 316 1
271 69 1
271 250 0
127 233 1
127 250 0
127 289 0
308 250 1
129 250 1
131 28 0
131 103 1
131 244 0
131 250 0
131 280 1
131 388 0
280 36 1
280 94 1
280 213 0
280 250 0
280 369 1
132 111 1
132 250 0
132 316 0
329 250 0
136 4 1
136 13 1
136 156 1
136 191 1
136 250 0
191 250 1
139 102 0
139 120 1
139 250 0
139 276 1
139 301 1
276 250 1
140 250 1
142 15 1
142 40 1
142 250 1
144 250 0
147 250 1
148 160 1
148 250 0
160 250 0
149 250 1
267 43 0
267 244 0
267 250 0
267 300 0
267 392 1
155 1 1
155 149 1
155 207 1
155 250 0
155 290 0
155 0 0
155 267 0
155 153 1
155 18 0
207 250 0
290 39 0
290 157 1
290 250 1
203 195 0
203 250 1
203 337 0
162 250 1
173 31 1
173 250 1
165 62 0
165 168 1
165 250 0
165 287 1
168 69 0
168 250 0
168 382 0
168 391 1
287 92 0
287 157 1
287 250 1
166 240 0
166 250 0
167 83 0
167 103 1
167 110 0
167 126 0
167 250 0
382 39 0
382 250 0
382 265 1
169 184 0
169 250 0
169 288 1
169 319 0
169 380 0
288 176 0
288 250 1
288 316 1
288 153 0
288 1 1
319 99 0
319 125 1
319 162 1
319 250 1
319 268 0
380 174 1
380 202 1
380 250 1
380 284 1
380 379 1
170 10 1
170 250 0
174 133 1
174 218 1
174 250 1
177 14 1
177 36 0
177 250 0
177 251 1
177 391 0
180 31 1
180 105 1
180 250 0
180 298 1
180 321 1
180 376 0
298 250 0
321 11 1
321 250 0
181 234 1
181 250 0
181 376 1
328 1 0
328 250 1
328 0 1
328 267 1
328 247 0
328 153 0
328 18 1
185 111 0
185 250 0
187 32 1
187 250 1
190 10 1
190 250 1
190 284 0
190 390 0
284 250 1
390 194 0
390 250 1
390 321 1
390 336 0
193 289 0
193 303 1
195 250 0
195 251 1
196 144 0
196 394 1
205 250 0
210 144 1
210 250 1
210 394 1
213 250 1
215 15 0
215 96 0
215 128 1
215 133 1
215 250 1
217 71 1
217 118 0
217 250 1
221 142 0
221 250 1
221 387 0
222 125 0
222 268 0
268 143 0
268 250 0
268 286 1
268 390 0
223 101 0
223 150 1
223 166 1
223 175 1
223 250 1
223 346 0
225 189 0
225 250 1
225 306 0
225 393 1
226 18 1
226 83 1
226 84 0
226 245 0
226 250 0
226 1 0
226 153 1
226 0 0
226 267 0
226 247 0
226 176 0
228 12 0
228 250 0
229 0 0
229 267 1
229 247 1
229 250 0
229 1 0
229 18 0
229 153 1
232 250 1
232 260 1
232 262 1
232 374 1
260 250 1
260 291 0
307 73 1
307 250 0
235 147 1
235 250 0
235 342 0
236 250 1
237 190 1
237 371 0
241 250 0
242 216 1
242 250 0
300 250 0
252 250 1
362 23 1
362 250 1
296 99 0
296 189 0
296 250 1
296 329 1
258 233 1
258 250 0
264 244 1
264 250 1
265 250 1
266 289 1
266 303 0
286 250 1
286 388 1
286 393 1
332 144 1
332 192 0
332 250 1
332 285 0
273 195 1
273 337 0
274 98 0
274 216 1
274 235 0
274 250 1
275 20 0
275 250 0
275 260 0
277 129 0
277 250 1
281 100 1
281 134 1
294 250 0
294 339 1
339 34 0
339 250 0
295 192 0
295 202 1
295 250 1
299 250 0
299 346 1
299 388 0
304 250 0
313 44 0
313 50 1
313 69 1
313 116 0
313 250 0
317 13 0
317 240 0
317 250 0
317 256 0
317 286 0
320 250 1
323 19 0
323 119 0
323 129 1
323 216 1
323 250 1
324 70 1
324 149 1
324 150 0
324 250 0
325 250 0
326 21 1
326 36 1
326 157 0
326 250 1
326 285 0
327 243 0
327 250 0
327 255 1
327 298 0
331 74 1
331 172 1
334 13 1
334 71 0
334 155 1
334 250 0
334 326 1
340 190 0
340 371 0
347 38 1
347 71 0
348 115 0
348 250 0
348 316 1
350 250 0
350 326 1
352 138 1
352 250 1
354 250 1
357 250 1
359 306 0
359 393 0
365 36 0
365 250 1
365 342 1
372 110 0
372 210 0
372 250 1
372 315 1
373 5 0
373 6 0
373 181 0
373 250 1
383 71 1
383 156 0
383 250 1
383 278 1
385 250 1
389 18 0
389 68 0
389 250 0
389 329 0
389 369 0
389 380 0
389 398 1
389 176 1
389 153 1
398 250 0
398 326 0
395 250 0
397 99 0
397 101 1
397 149 0
397 250 1
397 277 1
