0 353 1
1 353 0
3 211 0
3 353 1
211 85 1
211 154 0
211 200 1
211 353 1
4 21 0
4 285 1
4 62 1
4 151 1
4 1 0
4 207 1
4 353 1
4 0 0
4 267 0
21 270 0
21 345 0
21 353 0
21 285 1
21 62 0
21 151 1
21 1 1
21 207 1
21 0 1
285 353 1
6 62 0
6 151 1
6 285 0
6 353 0
6 0 0
6 13 0
6 256 0
6 345 0
6 1 0
6 207 0
6 267 1
62 353 1
151 353 1
10 353 1
10 363 1
363 353 0
11 353 1
12 13 1
12 256 1
12 0 0
12 267 1
12 1 1
12 207 0
12 353 0
12 285 0
12 345 1
13 353 0
256 353 0
16 56 0
16 353 0
56 353 0
18 345 0
18 353 0
18 21 1
18 285 0
18 62 0
18 151 1
18 1 0
18 207 1
18 0 1
345 353 0
20 353 0
270 137 0
270 285 1
270 353 0
270 345 0
270 62 0
270 151 1
270 0 1
270 267 0
270 1 0
270 207 1
23 353 1
25 163 1
25 364 0
163 353 0
26 353 0
26 396 0
27 72 1
27 332 1
27 353 1
28 55 1
28 353 1
55 353 0
30 255 1
30 352 0
352 353 1
352 388 1
31 98 0
31 167 0
31 353 0
31 375 1
375 353 1
33 353 0
36 236 0
36 352 0
36 353 1
236 42 1
236 60 0
236 169 0
236 353 1
37 353 0
38 54 0
38 353 0
54 23 1
54 28 1
54 244 1
54 353 1
39 353 1
41 55 1
41 353 0
44 83 1
44 245 0
44 353 1
83 252 0
83 353 0
245 353 1
45 353 0
47 252 0
47 353 1
252 353 1
48 337 0
48 353 1
337 353 0
50 92 1
50 96 0
50 133 0
50 209 1
50 353 0
92 353 1
92 376 1
209 353 1
53 154 1
53 353 0
154 353 1
244 353 0
57 353 0
58 145 0
58 254 0
254 353 1
60 14 0
60 238 1
60 353 0
238 18 1
238 195 0
238 300 0
238 353 0
61 175 0
61 346 0
175 353 1
63 353 1
64 29 1
64 186 1
67 23 0
67 98 0
67 167 1
67 353 1
68 19 1
68 119 1
119 353 1
69 194 0
69 336 1
73 230 0
73 253 1
230 292 1
230 353 0
253 262 1
253 353 1
74 353 0
75 353 0
77 284 0
77 353 0
77 355 0
355 94 1
355 260 0
355 353 1
79 47 0
79 48 0
80 197 1
80 353 1
197 353 0
81 126 1
81 353 0
126 353 0
82 163 0
82 168 1
82 353 0
82 364 0
168 353 1
85 353 1
86 62 0
86 151 1
86 353 0
86 285 0
86 0 1
86 13 1
86 256 1
86 345 1
86 1 0
86 207 0
86 267 0
87 353 0
91 228 1
91 247 0
91 353 0
228 353 1
247 353 1
376 353 1
93 76 0
93 327 1
94 353 1
95 16 0
95 35 1
95 150 1
95 353 0
150 353 1
97 78 0
97 259 0
97 353 1
259 353 0
100 353 0
102 47 0
102 48 0
103 353 0
107 353 0
108 100 1
108 134 1
108 353 1
109 38 1
109 71 1
110 353 0
110 388 0
388 120 1
388 140 1
388 353 0
111 353 1
112 168 0
112 292 0
112 353 0
292 353 1
292 372 0
113 191 0
113 360 1
191 353 1
114 78 0
114 259 0
115 262 1
115 374 0
262 150 1
262 218 0
262 353 0
116 178 0
116 353 1
178 285 0
178 353 0
178 345 0
178 62 1
178 151 0
178 0 0
178 267 1
178 1 1
178 207 0
118 353 1
120 33 0
120 54 1
120 353 0
121 14 0
121 238 1
123 111 0
123 353 1
127 233 0
127 250 1
127 353 0
250 353 0
131 28 0
131 123 0
131 244 1
131 353 1
132 60 0
132 353 0
135 353 1
135 376 1
137 41 1
137 60 0
137 353 0
138 16 1
138 35 0
139 353 0
141 353 1
143 77 1
143 230 0
143 253 0
143 353 1
146 353 1
146 378 1
146 381 0
147 53 0
147 353 1
148 57 1
148 353 1
149 353 1
152 0 1
152 267 0
152 353 1
152 13 1
152 256 1
152 21 0
152 285 1
267 83 0
267 118 1
267 240 1
267 353 1
153 168 0
153 353 0
155 1 1
155 207 1
155 218 1
155 353 0
155 345 0
207 353 1
207 376 0
218 160 1
218 295 1
218 353 1
157 188 1
157 329 0
188 353 0
329 353 1
158 75 1
158 107 1
158 142 0
158 353 1
158 365 0
158 387 0
365 353 1
387 150 1
387 175 1
387 353 0
159 18 1
159 212 0
159 353 0
160 83 1
160 131 0
160 353 0
169 353 1
181 353 1
182 107 1
182 162 1
182 328 0
182 353 0
328 31 1
328 44 1
328 95 1
328 283 1
328 353 1
328 361 0
328 393 0
183 39 0
183 235 0
183 274 0
183 353 0
235 171 0
235 349 1
235 353 0
274 247 1
274 342 0
274 353 1
184 41 1
184 76 0
184 327 0
184 353 1
189 23 1
189 353 0
190 353 1
192 62 0
192 353 1
192 285 1
192 0 1
192 1 0
192 207 0
193 289 1
193 303 0
289 353 1
195 353 0
196 144 0
196 353 0
196 365 1
196 394 0
199 353 1
200 88 0
200 280 0
200 353 0
280 353 1
201 160 1
201 295 0
202 353 1
203 195 1
203 337 1
203 353 1
203 356 0
356 353 0
206 110 1
206 252 1
206 350 1
206 353 0
350 251 1
350 329 1
350 353 1
208 353 1
210 144 0
210 394 0
214 353 0
215 28 1
215 57 1
215 96 0
215 133 0
215 353 1
216 177 0
216 241 1
241 80 1
241 111 0
241 353 1
219 74 1
219 137 0
219 353 1
219 365 0
221 142 0
221 387 1
222 125 1
222 268 0
268 353 0
223 175 1
223 346 1
224 191 1
224 360 1
225 306 0
225 393 1
306 325 0
306 353 0
393 353 0
393 365 0
226 83 1
226 245 0
227 353 1
227 396 0
229 0 0
229 267 1
229 353 1
229 1 1
229 207 0
229 13 0
229 256 0
229 285 0
229 21 0
231 353 0
232 262 0
232 374 0
349 85 0
349 353 0
237 190 1
237 371 0
300 92 0
300 353 0
239 342 1
239 353 1
342 353 0
240 353 0
240 357 0
357 353 0
243 253 1
243 267 0
243 353 1
246 353 1
249 74 1
249 172 1
251 13 1
251 135 1
251 331 0
251 353 0
251 1 1
251 207 1
251 0 1
251 345 1
331 74 1
331 172 0
331 353 0
331 365 0
258 39 0
258 233 0
258 250 1
258 309 0
258 353 1
309 353 1
260 0 1
260 256 1
260 353 0
260 1 0
260 207 0
260 285 0
260 21 1
260 62 0
260 13 1
263 353 0
264 110 0
264 118 0
264 236 0
264 251 0
264 353 1
265 299 1
265 337 1
265 353 0
299 353 1
266 289 1
266 303 1
266 353 0
271 88 1
271 280 1
273 195 0
273 337 1
275 353 0
276 18 1
276 212 1
277 353 0
279 255 1
279 352 1
281 100 0
281 134 0
282 1 0
282 207 1
282 345 0
282 353 1
283 229 0
283 353 1
286 188 0
286 329 1
372 171 1
372 349 0
372 353 1
298 110 1
298 251 1
298 353 1
301 55 0
301 353 0
325 353 0
307 284 1
307 355 1
308 72 1
308 332 0
308 353 0
310 353 1
311 352 0
311 353 1
313 34 0
313 353 1
313 356 1
314 145 0
314 254 0
316 353 1
317 13 0
317 256 1
317 353 0
317 0 0
317 267 0
317 1 0
317 207 0
317 285 0
317 345 0
317 21 1
317 62 0
319 125 1
319 268 1
321 353 0
322 120 1
322 140 0
323 19 0
323 119 0
326 21 0
326 285 0
326 62 0
326 151 1
326 1 1
326 207 0
326 353 0
326 0 0
326 267 1
361 39 1
361 56 1
361 244 0
361 353 1
361 378 0
361 381 0
338 353 1
339 181 1
339 229 0
339 353 1
340 190 0
340 371 1
341 353 0
344 169 1
344 353 0
347 38 1
347 71 0
347 353 0
351 42 0
351 169 0
358 34 1
358 356 0
359 306 0
359 393 0
362 353 0
369 162 0
369 328 1
370 177 1
370 241 1
377 169 0
377 259 1
377 353 1
379 92 1
379 266 1
379 353 0
379 384 1
384 260 0
384 353 1
382 47 0
382 353 0
386 353 0
386 376 0
390 194 0
390 336 0
392 29 1
392 186 1
397 23 1
397 345 0
397 353 0
398 31 0
398 353 1
