1 284 1
1 500 1
1 223 1
1 370 1
1 31 1
1 47 1
1 436 1
1 549 0
11 149 1
11 370 1
11 374 1
11 535 1
11 223 0
11 475 1
11 252 0
11 70 1
11 95 1
11 143 0
11 357 0
149 370 0
374 223 0
374 370 1
374 465 0
374 368 1
374 451 1
374 70 1
374 95 1
374 31 0
374 47 1
374 475 1
374 252 1
535 190 0
535 337 1
535 370 0
535 559 0
13 370 1
14 368 0
14 451 1
14 124 1
14 430 1
14 535 1
14 370 0
14 284 1
14 500 1
16 70 1
16 95 0
16 370 1
16 436 1
16 549 1
16 535 0
95 370 1
17 252 1
17 370 1
17 475 1
17 535 1
17 31 1
17 47 1
17 284 1
17 500 1
17 223 1
17 436 1
17 549 1
17 70 1
17 95 1
252 370 1
23 143 1
23 357 1
23 31 1
23 47 1
23 436 1
23 549 0
23 475 1
23 252 0
23 284 1
23 500 1
143 370 1
24 370 0
27 436 0
27 549 1
27 223 1
27 370 1
27 535 1
27 143 0
27 357 1
27 475 1
27 252 1
436 370 0
29 124 1
29 430 1
29 223 0
29 370 1
29 143 0
29 357 1
29 475 1
29 252 1
29 436 0
29 549 1
30 134 0
30 309 1
30 475 1
30 252 1
30 535 0
30 370 0
30 368 1
30 451 0
30 284 1
30 500 1
33 370 1
34 31 1
34 47 1
34 143 1
34 357 0
34 535 1
34 370 1
37 60 1
37 370 1
37 587 1
587 370 1
587 532 1
38 346 1
38 404 1
39 408 1
39 554 1
40 18 1
40 488 0
42 164 1
42 370 0
42 508 1
43 370 1
44 190 1
44 559 1
190 370 0
45 263 1
45 583 0
583 370 1
46 428 0
46 431 1
52 48 0
52 77 1
77 370 1
53 370 0
54 370 1
56 171 1
56 370 1
56 515 0
57 476 1
57 593 1
476 370 1
593 370 1
61 73 0
61 578 1
73 42 1
73 370 0
73 546 1
578 370 1
64 297 1
64 551 1
551 370 0
65 370 1
69 80 0
69 383 0
71 11 0
71 482 1
546 370 0
75 360 1
75 370 1
75 377 1
78 55 0
78 116 1
78 370 0
79 73 1
79 578 0
83 370 0
85 370 1
85 401 1
85 592 1
86 162 0
86 242 1
87 10 1
87 160 0
87 271 0
87 370 0
271 210 0
271 287 1
271 370 0
88 370 1
90 88 1
90 155 1
90 370 1
90 373 1
155 182 1
155 370 1
373 370 1
92 158 1
92 588 1
97 4 0
97 584 1
98 54 1
98 385 1
99 21 1
99 437 1
437 370 1
100 245 1
100 268 1
268 370 1
102 150 1
102 552 1
150 370 1
552 24 1
552 370 1
552 436 1
103 299 0
103 434 1
434 370 1
434 552 1
104 76 1
104 230 1
104 370 1
105 119 0
105 596 1
114 54 1
114 370 1
114 385 1
121 370 0
122 370 1
125 189 1
125 233 1
127 0 1
127 329 1
127 370 1
127 492 1
329 256 1
329 370 0
329 424 1
128 370 1
128 398 1
398 370 1
398 491 1
398 599 0
129 152 1
129 523 1
152 370 1
130 21 1
130 370 1
130 437 1
131 343 1
131 379 1
132 200 1
132 473 1
200 370 1
473 370 0
135 154 1
135 370 1
154 370 1
138 53 1
138 389 1
139 96 1
139 356 0
139 370 1
139 419 0
356 124 1
356 370 1
356 430 1
356 223 0
356 143 0
356 357 1
356 475 1
356 252 1
356 436 1
356 549 1
141 306 0
141 370 1
141 386 1
144 122 1
144 255 1
145 439 0
145 472 1
472 370 1
147 65 1
147 278 1
147 370 1
147 472 1
147 551 1
148 217 1
148 370 1
148 466 0
151 275 1
151 351 1
151 370 1
351 370 1
153 81 1
153 506 0
182 43 1
182 370 1
156 370 1
156 473 1
163 343 1
163 379 1
165 409 0
165 527 1
527 370 1
166 372 0
166 483 1
168 366 1
168 370 1
168 499 0
169 221 1
169 396 0
396 317 1
396 370 1
170 263 1
170 370 1
170 583 0
174 135 1
174 370 1
176 267 0
176 450 1
178 110 1
178 553 1
179 408 1
179 554 1
181 339 1
181 413 1
183 96 1
183 419 1
184 370 1
187 173 1
187 370 1
191 111 0
191 349 1
193 101 1
193 380 1
380 370 1
197 180 1
197 370 1
197 564 1
564 370 0
203 180 1
203 370 1
203 564 1
204 330 1
204 542 1
330 370 1
205 316 1
205 462 1
206 75 1
206 294 0
206 370 1
294 33 1
294 120 1
294 370 1
208 6 1
208 509 0
214 155 1
214 326 1
214 370 1
214 564 1
215 370 1
218 211 1
218 453 1
219 370 0
220 43 1
220 370 1
220 378 1
223 18 1
223 370 0
223 488 1
224 162 1
224 242 1
227 340 1
227 362 1
227 370 0
228 370 1
231 275 1
231 351 1
231 370 1
234 82 1
234 411 0
235 273 1
235 327 0
236 361 0
236 370 1
236 539 1
237 409 1
237 527 0
238 6 1
238 509 1
239 370 1
240 221 1
240 396 0
243 81 1
243 370 1
243 506 1
244 370 1
247 265 0
247 335 1
335 370 1
248 84 0
248 107 1
249 33 1
249 120 1
251 223 1
251 370 1
253 74 1
253 123 1
257 76 1
257 230 0
259 85 0
259 370 1
262 428 1
262 431 1
264 370 0
270 115 0
270 420 1
272 24 1
272 219 0
274 122 1
274 255 1
279 155 1
279 326 1
280 370 1
280 461 1
461 215 1
461 370 1
282 11 0
282 482 1
285 370 1
288 146 1
288 157 1
289 167 1
289 513 1
290 41 1
290 480 1
292 370 1
293 223 1
293 267 1
293 370 0
293 450 1
293 368 0
293 451 1
293 70 1
293 95 1
293 31 1
293 47 1
293 475 1
293 252 1
296 300 1
296 364 1
296 370 1
296 538 1
364 370 0
301 370 1
301 491 1
301 599 1
302 159 1
302 426 1
426 370 1
304 115 1
304 420 1
305 31 0
305 47 1
305 370 1
305 143 1
305 357 1
305 535 1
307 340 1
307 362 1
311 83 0
311 370 1
311 551 1
312 154 1
312 175 1
314 24 1
314 219 1
317 150 1
317 370 1
317 473 1
317 552 1
318 370 1
318 454 1
454 167 0
454 370 1
454 513 1
319 154 1
319 175 1
320 401 1
320 592 0
321 158 1
321 588 0
322 32 0
322 216 1
323 209 0
323 547 0
547 370 1
325 43 1
325 370 1
332 2 1
332 283 1
337 43 1
337 370 1
337 378 1
341 370 1
344 28 0
344 311 1
345 35 1
345 186 1
347 15 1
347 63 1
347 370 0
350 70 0
350 95 1
350 436 1
350 549 1
350 535 1
350 370 1
353 101 1
353 380 1
354 368 1
354 451 1
354 124 1
354 430 1
354 535 1
354 370 1
354 284 1
354 500 1
355 173 1
355 370 1
358 194 0
358 276 0
358 370 1
359 189 1
359 233 0
365 370 1
371 119 1
371 596 1
465 370 0
376 74 1
376 123 0
382 5 1
382 469 0
469 370 1
384 261 1
384 315 1
384 337 1
384 370 1
387 133 1
387 388 0
392 269 1
392 352 1
393 421 1
393 548 1
394 55 1
394 116 1
395 294 1
395 370 1
397 330 1
397 542 1
399 370 1
400 171 0
400 515 1
403 241 1
403 586 0
586 370 1
405 370 0
406 476 0
406 593 0
410 118 1
410 365 0
412 10 1
412 160 1
414 177 1
414 292 1
415 51 1
415 375 1
417 118 1
417 365 1
418 194 0
418 276 1
422 465 1
422 516 0
423 143 0
423 357 1
423 31 1
423 47 1
423 436 1
423 549 1
423 475 1
423 252 1
423 284 1
423 500 0
429 80 1
429 383 1
432 407 1
432 416 0
433 366 1
433 499 1
435 346 1
435 404 0
438 261 1
438 315 1
443 306 0
443 386 1
444 136 1
444 575 1
575 370 1
446 0 1
446 492 1
447 152 1
447 370 1
447 523 1
447 582 1
582 128 1
582 215 1
582 370 0
448 252 0
448 475 1
448 535 1
448 370 1
448 31 1
448 47 1
448 284 1
448 500 0
448 223 1
448 436 0
448 549 1
448 70 0
448 95 1
452 65 0
452 278 0
455 370 1
457 164 1
457 370 1
457 508 1
459 284 1
459 500 0
459 223 1
459 370 1
459 31 1
459 47 0
459 436 1
459 549 1
463 78 1
463 370 1
467 182 1
467 206 0
468 436 0
468 549 1
468 223 1
468 370 1
468 535 1
468 143 1
468 357 1
468 475 1
468 252 1
470 269 0
470 352 0
471 310 1
471 338 1
474 361 1
474 539 1
477 192 1
477 460 1
478 111 1
478 349 1
478 370 1
478 535 1
478 223 1
478 475 0
478 252 1
478 70 1
478 95 1
478 143 1
478 357 1
479 370 1
481 360 1
481 377 1
485 88 0
485 373 0
486 316 1
486 462 1
487 297 1
487 551 1
489 256 1
489 424 0
490 32 1
490 216 1
490 370 1
493 407 1
493 416 1
497 465 1
497 516 1
498 2 1
498 236 1
498 283 1
498 370 0
501 241 1
501 305 1
501 370 1
501 586 1
502 370 1
510 285 0
510 370 0
510 439 1
510 472 1
511 273 1
511 327 1
512 339 0
512 413 1
514 134 1
514 309 1
514 475 0
514 252 1
514 535 1
514 370 1
514 368 1
514 451 1
514 284 1
514 500 1
518 370 1
519 35 1
519 186 1
521 136 1
521 575 1
522 159 1
522 426 1
524 421 1
524 548 1
528 4 1
528 584 0
529 200 1
529 473 1
530 146 0
530 157 0
531 372 1
531 483 1
532 370 1
533 41 1
533 480 1
534 177 1
534 292 1
536 51 1
536 375 1
537 245 1
537 268 1
540 265 1
540 335 1
541 15 1
541 63 1
545 192 0
545 460 1
550 370 1
555 300 1
555 370 0
555 538 0
556 53 1
556 370 1
556 389 1
557 209 1
557 547 1
561 50 1
561 505 1
562 210 0
562 287 1
566 110 1
566 553 0
567 60 1
567 587 0
568 299 1
568 434 1
569 211 1
569 453 0
570 50 1
570 505 1
571 59 1
571 440 1
572 182 0
572 206 1
573 370 1
573 501 1
574 217 1
574 466 1
576 82 1
576 411 1
580 48 1
580 77 0
581 310 1
581 338 1
590 133 1
590 370 0
590 388 1
591 59 0
591 148 1
591 370 1
591 440 0
594 84 0
594 107 1
594 168 0
594 370 1
597 5 1
597 469 1
598 28 1
598 311 1
