1 284 1
1 500 1
1 223 0
1 370 0
1 31 1
1 47 0
1 436 0
1 549 0
11 149 1
11 370 1
11 374 0
11 535 0
11 223 0
11 475 0
11 252 0
11 70 0
11 95 1
11 143 0
11 357 0
149 370 0
374 223 1
374 370 0
374 465 0
374 368 0
374 451 0
374 70 0
374 95 0
374 31 0
374 47 0
374 475 1
374 252 1
535 190 1
535 337 0
535 370 1
535 559 0
13 370 0
14 368 0
14 451 1
14 124 1
14 430 0
14 535 1
14 370 0
14 284 0
14 500 1
16 70 0
16 95 1
16 370 0
16 436 0
16 549 0
16 535 0
95 370 1
17 252 1
17 370 0
17 475 1
17 535 0
17 31 0
17 47 0
17 284 0
17 500 0
17 223 1
17 436 1
17 549 1
17 70 0
17 95 0
252 370 0
23 143 0
23 357 0
23 31 1
23 47 1
23 436 0
23 549 1
23 475 1
23 252 1
23 284 1
23 500 1
143 370 0
24 370 1
27 436 0
27 549 0
27 223 1
27 370 1
27 535 0
27 143 0
27 357 0
27 475 1
27 252 1
436 370 0
29 124 0
29 430 0
29 223 0
29 370 0
29 143 0
29 357 0
29 475 0
29 252 1
29 436 1
29 549 0
30 134 0
30 309 1
30 475 1
30 252 0
30 535 0
30 370 0
30 368 0
30 451 0
30 284 0
30 500 1
33 370 0
34 31 0
34 47 0
34 143 1
34 357 0
34 535 1
34 370 0
37 60 0
37 370 1
37 587 0
587 370 1
587 532 1
38 346 1
38 404 1
39 408 1
39 554 0
40 18 0
40 488 1
42 164 1
42 370 0
42 508 0
43 370 0
44 190 0
44 559 0
190 370 0
45 263 0
45 583 0
583 370 0
46 428 1
46 431 1
52 48 0
52 77 1
77 370 1
53 370 1
54 370 1
56 171 1
56 370 0
56 515 1
57 476 0
57 593 0
476 370 0
593 370 1
61 73 0
61 578 1
73 42 0
73 370 1
73 546 1
578 370 1
64 297 1
64 551 1
551 370 0
65 370 1
69 80 1
69 383 1
71 11 0
71 482 1
546 370 1
75 360 1
75 370 1
75 377 0
78 55 0
78 116 1
78 370 0
79 73 0
79 578 1
83 370 1
85 370 0
85 401 1
85 592 1
86 162 1
86 242 1
87 10 0
87 160 0
87 271 0
87 370 1
271 210 0
271 287 0
271 370 0
88 370 0
90 88 0
90 155 1
90 370 1
90 373 0
155 182 1
155 370 0
373 370 1
92 158 1
92 588 1
97 4 1
97 584 1
98 54 1
98 385 1
99 21 0
99 437 0
437 370 0
100 245 1
100 268 0
268 370 0
102 150 0
102 552 0
150 370 1
552 24 1
552 370 0
552 436 1
103 299 1
103 434 0
434 370 0
434 552 0
104 76 0
104 230 0
104 370 1
105 119 0
105 596 1
114 54 0
114 370 1
114 385 0
121 370 1
122 370 1
125 189 0
125 233 0
127 0 0
127 329 0
127 370 1
127 492 0
329 256 0
329 370 1
329 424 0
128 370 0
128 398 0
398 370 0
398 491 1
398 599 1
129 152 1
129 523 0
152 370 0
130 21 0
130 370 1
130 437 1
131 343 0
131 379 1
132 200 0
132 473 0
200 370 1
473 370 0
135 154 1
135 370 1
154 370 1
138 53 0
138 389 1
139 96 0
139 356 1
139 370 1
139 419 1
356 124 0
356 370 1
356 430 0
356 223 1
356 143 1
356 357 1
356 475 0
356 252 1
356 436 0
356 549 0
141 306 1
141 370 1
141 386 0
144 122 1
144 255 0
145 439 0
145 472 0
472 370 1
147 65 1
147 278 0
147 370 0
147 472 1
147 551 0
148 217 1
148 370 0
148 466 0
151 275 1
151 351 1
151 370 1
351 370 1
153 81 0
153 506 1
182 43 1
182 370 0
156 370 0
156 473 0
163 343 1
163 379 0
165 409 0
165 527 1
527 370 1
166 372 1
166 483 1
168 366 1
168 370 0
168 499 1
169 221 0
169 396 1
396 317 1
396 370 0
170 263 1
170 370 1
170 583 1
174 135 0
174 370 1
176 267 1
176 450 0
178 110 0
178 553 1
179 408 1
179 554 0
181 339 0
181 413 1
183 96 1
183 419 0
184 370 0
187 173 1
187 370 0
191 111 1
191 349 1
193 101 0
193 380 1
380 370 1
197 180 0
197 370 0
197 564 0
564 370 0
203 180 0
203 370 1
203 564 1
204 330 1
204 542 0
330 370 0
205 316 0
205 462 1
206 75 0
206 294 0
206 370 1
294 33 1
294 120 0
294 370 0
208 6 1
208 509 1
214 155 0
214 326 0
214 370 1
214 564 0
215 370 1
218 211 0
218 453 1
219 370 1
220 43 0
220 370 1
220 378 0
223 18 1
223 370 0
223 488 1
224 162 1
224 242 0
227 340 0
227 362 1
227 370 1
228 370 1
231 275 0
231 351 1
231 370 0
234 82 1
234 411 0
235 273 1
235 327 1
236 361 0
236 370 0
236 539 0
237 409 1
237 527 0
238 6 1
238 509 0
239 370 0
240 221 1
240 396 1
243 81 1
243 370 1
243 506 1
244 370 0
247 265 0
247 335 0
335 370 0
248 84 0
248 107 0
249 33 0
249 120 0
251 223 1
251 370 0
253 74 1
253 123 1
257 76 0
257 230 0
259 85 1
259 370 1
262 428 1
262 431 1
264 370 1
270 115 0
270 420 0
272 24 0
272 219 0
274 122 1
274 255 0
279 155 0
279 326 0
280 370 0
280 461 0
461 215 1
461 370 1
282 11 0
282 482 1
285 370 0
288 146 0
288 157 1
289 167 1
289 513 1
290 41 0
290 480 0
292 370 0
293 223 1
293 267 0
293 370 0
293 450 0
293 368 1
293 451 0
293 70 1
293 95 1
293 31 0
293 47 0
293 475 1
293 252 0
296 300 0
296 364 0
296 370 1
296 538 1
364 370 1
301 370 0
301 491 0
301 599 0
302 159 1
302 426 0
426 370 0
304 115 0
304 420 1
305 31 1
305 47 0
305 370 0
305 143 0
305 357 1
305 535 1
307 340 1
307 362 0
311 83 0
311 370 1
311 551 0
312 154 0
312 175 0
314 24 1
314 219 0
317 150 1
317 370 1
317 473 0
317 552 1
318 370 0
318 454 0
454 167 1
454 370 1
454 513 1
319 154 1
319 175 0
320 401 0
320 592 1
321 158 0
321 588 0
322 32 1
322 216 1
323 209 1
323 547 0
547 370 0
325 43 0
325 370 0
332 2 1
332 283 0
337 43 1
337 370 0
337 378 0
341 370 1
344 28 1
344 311 0
345 35 0
345 186 0
347 15 1
347 63 0
347 370 0
350 70 1
350 95 1
350 436 0
350 549 0
350 535 0
350 370 1
353 101 1
353 380 1
354 368 0
354 451 0
354 124 1
354 430 0
354 535 1
354 370 1
354 284 1
354 500 0
355 173 1
355 370 1
358 194 1
358 276 1
358 370 1
359 189 1
359 233 0
365 370 0
371 119 0
371 596 0
465 370 1
376 74 1
376 123 1
382 5 0
382 469 1
469 370 1
384 261 1
384 315 1
384 337 1
384 370 0
387 133 0
387 388 1
392 269 0
392 352 0
393 421 0
393 548 0
394 55 0
394 116 0
395 294 1
395 370 0
397 330 1
397 542 1
399 370 0
400 171 0
400 515 1
403 241 0
403 586 0
586 370 0
405 370 1
406 476 0
406 593 0
410 118 1
410 365 1
412 10 1
412 160 1
414 177 1
414 292 0
415 51 1
415 375 1
417 118 1
417 365 1
418 194 1
418 276 1
422 465 0
422 516 1
423 143 0
423 357 0
423 31 0
423 47 1
423 436 0
423 549 0
423 475 0
423 252 0
423 284 0
423 500 1
429 80 1
429 383 0
432 407 1
432 416 1
433 366 0
433 499 0
435 346 1
435 404 0
438 261 0
438 315 1
443 306 1
443 386 0
444 136 0
444 575 0
575 370 1
446 0 1
446 492 1
447 152 1
447 370 1
447 523 0
447 582 1
582 128 1
582 215 1
582 370 1
448 252 0
448 475 1
448 535 1
448 370 0
448 31 0
448 47 0
448 284 0
448 500 0
448 223 1
448 436 0
448 549 0
448 70 0
448 95 1
452 65 0
452 278 1
455 370 0
457 164 0
457 370 1
457 508 0
459 284 1
459 500 0
459 223 0
459 370 0
459 31 1
459 47 0
459 436 0
459 549 1
463 78 0
463 370 0
467 182 0
467 206 1
468 436 0
468 549 1
468 223 0
468 370 1
468 535 1
468 143 0
468 357 1
468 475 0
468 252 0
470 269 1
470 352 1
471 310 0
471 338 1
474 361 0
474 539 1
477 192 0
477 460 1
478 111 1
478 349 1
478 370 0
478 535 0
478 223 1
478 475 0
478 252 1
478 70 0
478 95 0
478 143 0
478 357 0
479 370 0
481 360 0
481 377 1
485 88 0
485 373 1
486 316 1
486 462 1
487 297 1
487 551 0
489 256 0
489 424 0
490 32 1
490 216 0
490 370 1
493 407 1
493 416 0
497 465 1
497 516 0
498 2 0
498 236 1
498 283 0
498 370 0
501 241 0
501 305 0
501 370 0
501 586 0
502 370 0
510 285 0
510 370 0
510 439 1
510 472 1
511 273 1
511 327 0
512 339 1
512 413 1
514 134 0
514 309 0
514 475 0
514 252 0
514 535 0
514 370 0
514 368 1
514 451 0
514 284 1
514 500 1
518 370 1
519 35 0
519 186 1
521 136 1
521 575 0
522 159 1
522 426 0
524 421 1
524 548 0
528 4 1
528 584 0
529 200 1
529 473 1
530 146 0
530 157 0
531 372 0
531 483 0
532 370 0
533 41 0
533 480 0
534 177 0
534 292 1
536 51 0
536 375 0
537 245 1
537 268 1
540 265 1
540 335 1
541 15 0
541 63 1
545 192 1
545 460 0
550 370 1
555 300 0
555 370 0
555 538 0
556 53 1
556 370 1
556 389 0
557 209 1
557 547 0
561 50 0
561 505 0
562 210 1
562 287 1
566 110 1
566 553 1
567 60 1
567 587 1
568 299 1
568 434 0
569 211 0
569 453 1
570 50 0
570 505 1
571 59 1
571 440 0
572 182 0
572 206 0
573 370 1
573 501 0
574 217 0
574 466 0
576 82 1
576 411 0
580 48 1
580 77 1
581 310 1
581 338 0
590 133 1
590 370 1
590 388 0
591 59 0
591 148 1
591 370 1
591 440 0
594 84 1
594 107 0
594 168 1
594 370 0
597 5 1
597 469 1
598 28 0
598 311 1
