1 284 1
1 500 0
1 538 0
1 14 0
1 10 0
1 160 0
284 538 0
2 14 0
2 307 1
2 538 1
2 284 0
2 500 0
14 233 0
14 368 0
14 451 0
14 538 0
307 538 0
3 538 0
9 538 0
10 538 0
12 538 1
13 538 0
233 538 1
368 538 1
15 538 1
16 70 0
16 95 0
16 538 0
70 538 0
95 17 0
95 538 0
17 252 0
17 475 0
17 538 0
17 557 1
252 538 0
475 538 0
557 209 0
557 538 0
557 547 0
18 538 0
19 538 0
20 538 0
22 538 0
23 20 0
23 143 0
23 357 0
23 538 0
24 538 0
25 538 1
26 212 0
26 538 1
26 578 0
212 538 0
578 538 0
27 200 0
27 208 0
27 436 1
27 527 1
27 538 0
27 549 0
200 538 1
208 123 0
208 538 0
527 13 0
527 61 0
527 538 0
549 538 1
29 124 1
29 430 1
124 132 0
124 538 0
430 538 1
30 134 0
30 176 0
30 309 0
30 538 0
176 267 0
176 450 0
176 538 0
309 538 0
32 538 0
34 31 0
34 47 1
34 538 0
35 108 1
35 538 0
108 538 0
36 538 1
37 538 0
37 549 0
38 346 0
38 404 0
346 538 1
404 538 0
39 408 0
39 554 0
554 271 0
554 538 0
40 18 0
40 488 0
488 538 0
41 538 1
42 538 0
43 538 0
44 190 0
44 559 0
46 428 1
46 431 0
431 226 0
431 538 0
49 30 0
49 356 0
49 536 0
49 538 0
356 124 0
356 430 0
356 538 0
536 538 0
50 538 0
52 48 0
52 77 0
54 538 1
56 171 0
56 515 0
56 538 1
515 199 0
515 381 0
515 538 1
58 538 1
59 538 0
60 538 0
61 73 0
61 538 1
61 578 1
62 538 1
64 297 0
64 551 1
297 121 0
297 538 1
551 538 1
65 538 0
66 538 0
67 395 0
67 538 0
395 538 1
68 538 0
69 538 1
71 11 1
71 284 0
71 482 0
71 538 0
71 500 0
71 14 1
71 10 0
71 160 1
482 538 1
74 538 0
75 538 1
76 538 0
78 538 0
79 73 0
79 578 1
80 318 0
80 354 0
80 538 0
318 538 0
354 368 0
354 451 1
354 538 0
354 549 1
81 538 0
81 547 1
547 240 0
547 538 0
82 264 0
82 538 0
264 538 0
85 401 0
85 592 0
401 538 0
592 538 1
87 10 0
87 160 0
87 538 0
87 14 0
87 284 0
87 500 0
160 25 1
160 338 1
160 510 1
160 538 0
88 65 0
88 538 1
89 538 0
92 538 0
93 56 0
93 177 1
93 334 1
93 538 0
177 338 1
177 538 0
334 538 0
334 573 0
97 4 0
97 297 0
97 538 0
97 584 0
584 253 0
584 538 1
98 538 0
99 538 0
100 14 0
100 538 0
100 284 0
100 500 0
101 538 0
104 76 0
104 230 1
104 271 0
104 538 0
230 43 0
230 538 1
271 210 0
271 287 0
271 538 1
105 119 0
105 538 0
105 596 0
119 538 0
106 175 0
106 353 1
106 538 0
175 538 1
353 101 0
353 309 0
353 377 0
353 380 0
353 538 1
107 323 0
107 538 0
323 209 0
323 538 0
323 547 0
109 538 0
111 292 0
111 538 0
292 538 1
112 538 0
114 538 0
116 538 0
118 538 0
120 538 0
121 538 0
123 538 0
132 538 0
129 538 0
130 538 1
131 188 0
131 538 0
188 538 0
133 224 1
133 538 0
224 538 1
135 538 1
136 359 0
136 477 0
136 538 1
359 347 0
359 538 0
477 538 1
138 356 0
138 538 1
139 96 0
139 419 0
140 538 0
144 26 0
144 88 0
144 101 0
144 533 0
144 538 0
144 570 0
533 238 0
533 538 0
570 476 0
570 538 0
145 538 0
147 243 0
147 538 0
243 81 0
243 506 0
243 538 0
148 217 0
148 466 0
217 538 0
150 538 0
151 275 0
151 351 0
351 304 1
351 538 0
152 538 0
153 81 0
153 506 1
153 538 1
154 22 1
154 538 0
155 538 0
157 538 0
159 538 0
338 538 0
510 538 0
161 538 0
163 116 0
163 510 1
163 538 1
164 437 1
164 510 1
164 538 0
437 192 0
437 538 0
165 409 0
165 527 1
168 465 0
168 538 0
465 54 0
465 538 1
169 221 0
169 396 1
221 538 0
170 150 0
170 538 0
174 339 0
174 501 1
174 538 0
339 538 0
339 549 0
501 124 0
501 241 1
501 538 0
501 586 0
267 343 0
267 538 0
178 110 0
178 538 0
178 553 0
179 408 0
179 554 1
181 295 0
181 339 1
181 413 0
181 538 0
295 9 0
295 107 0
295 422 0
295 437 0
295 538 1
182 370 0
182 538 0
370 538 1
183 96 0
183 419 0
183 538 0
186 538 0
191 111 0
191 349 0
349 538 1
192 538 0
193 101 0
193 380 1
194 538 0
198 532 0
198 538 0
532 538 1
199 481 0
199 538 0
481 538 0
203 472 0
203 538 0
472 538 0
472 551 0
204 329 0
204 538 0
329 538 0
205 538 0
206 538 0
209 420 0
209 538 0
420 459 0
420 538 0
213 368 0
213 538 1
214 155 1
214 326 0
214 538 0
216 538 0
219 498 1
219 538 0
219 565 0
498 538 0
565 538 1
220 43 0
220 56 0
220 378 1
220 429 0
220 538 1
378 538 0
429 538 0
223 18 0
223 488 0
225 361 0
225 538 0
361 538 0
226 538 0
227 13 1
227 457 0
227 538 1
457 538 0
228 350 0
228 538 0
350 70 0
350 95 0
350 472 0
350 538 0
229 236 0
229 538 0
236 361 0
236 538 0
236 539 0
231 20 0
231 264 0
231 275 0
231 351 1
231 538 0
234 82 1
234 411 0
234 538 0
539 538 0
237 409 0
237 527 0
237 538 0
238 538 0
240 203 0
240 221 0
240 396 0
240 538 0
241 509 0
241 538 0
509 50 0
509 418 0
509 538 0
244 538 0
246 538 0
246 564 0
564 538 1
247 240 1
247 374 0
247 499 0
247 538 0
374 538 0
499 538 0
248 18 0
248 78 0
248 538 0
249 33 0
249 70 0
249 120 0
249 284 0
249 538 1
249 14 0
249 10 1
249 160 0
249 500 0
250 538 0
253 74 0
253 123 0
253 538 1
254 253 0
254 538 1
255 277 0
255 538 0
277 397 1
277 538 1
277 589 0
256 35 0
256 538 0
256 571 0
571 59 0
571 440 0
571 538 0
257 76 1
257 230 0
257 538 0
258 30 0
258 538 0
258 580 0
580 41 0
580 48 0
580 77 0
580 538 0
260 284 1
260 472 0
260 538 0
260 14 0
260 10 0
260 160 0
261 538 1
262 428 0
262 431 0
262 538 0
263 538 1
266 108 1
266 248 0
266 538 0
343 538 1
268 538 1
269 538 0
270 115 0
270 420 0
270 538 0
272 24 0
272 219 1
272 538 0
276 129 0
276 538 0
397 68 0
397 538 0
589 538 0
278 538 0
278 557 0
279 155 0
279 326 1
281 376 0
281 538 0
376 74 1
376 123 1
376 481 1
376 538 1
282 11 0
282 482 1
283 465 0
283 538 0
288 146 0
288 157 0
289 104 0
289 244 0
289 538 0
293 267 1
293 450 0
294 33 0
294 120 0
294 525 0
294 538 0
525 14 0
525 317 0
525 427 0
525 538 1
525 582 0
525 284 0
525 500 0
422 465 0
422 516 0
422 538 0
296 300 0
296 538 0
299 401 0
299 538 1
302 159 0
302 426 0
426 150 0
426 538 0
304 115 0
304 261 1
304 420 0
304 538 1
305 31 0
305 47 1
306 538 0
311 538 0
311 539 0
314 24 1
314 71 1
314 111 0
314 219 0
314 231 0
314 538 0
316 538 0
317 538 0
320 401 0
320 592 0
321 354 0
321 538 0
322 32 0
322 216 0
325 538 1
331 205 0
331 456 0
331 538 0
456 538 0
573 538 0
336 538 0
337 43 0
337 361 0
337 370 0
337 378 0
337 538 1
340 538 0
340 541 1
541 538 0
342 22 1
342 538 0
344 28 0
344 311 0
344 538 0
345 35 0
345 186 1
345 214 0
345 538 0
347 538 0
352 538 1
377 538 0
355 538 0
358 538 0
360 350 0
360 538 1
360 554 0
363 538 0
364 268 0
364 538 1
366 340 0
366 447 0
366 538 1
447 538 0
371 119 0
371 596 0
381 538 0
382 5 0
382 469 0
384 206 1
384 538 1
386 264 0
386 538 0
386 547 0
387 133 0
387 388 0
387 538 0
390 99 0
390 381 0
390 538 0
392 538 0
393 421 1
393 548 1
421 194 1
421 481 0
421 538 1
548 58 0
548 289 0
548 538 0
548 576 0
394 538 0
400 171 0
400 515 1
402 538 1
403 241 0
403 586 0
586 26 0
586 121 0
586 538 1
405 538 0
406 203 0
406 538 1
410 118 0
410 365 0
412 10 1
412 160 1
412 14 0
412 538 0
412 284 1
412 500 0
414 177 0
414 292 0
415 538 0
416 538 0
417 116 0
417 118 0
417 224 0
417 363 1
417 365 0
417 538 0
418 192 0
418 538 0
459 284 0
459 500 0
459 538 1
459 14 1
459 10 0
459 160 0
516 538 0
423 143 0
423 357 0
425 92 0
425 464 0
425 538 0
464 194 0
464 538 0
427 538 1
432 208 0
432 407 1
432 416 0
432 538 0
435 346 1
435 404 1
438 353 0
438 538 0
440 481 0
440 538 0
441 351 0
441 538 0
442 538 0
448 252 0
448 394 0
448 475 0
448 510 0
448 538 0
453 538 0
454 538 0
455 538 0
455 590 0
590 133 1
590 268 0
590 388 0
590 538 0
461 538 0
463 260 0
463 430 0
463 536 0
463 538 0
463 569 0
569 183 0
569 314 0
569 538 0
468 436 0
468 549 0
471 199 0
471 255 0
471 538 0
473 243 0
473 456 0
473 538 0
474 361 0
474 539 0
476 538 0
476 557 0
478 19 0
478 111 0
478 349 0
478 538 0
483 538 0
484 538 0
487 297 0
487 538 0
487 551 0
489 154 0
489 538 0
490 32 0
490 74 0
490 159 1
490 216 0
490 538 0
493 407 1
493 416 0
497 465 0
497 516 0
497 538 1
503 538 0
505 456 0
505 527 0
505 538 0
507 43 0
507 236 0
507 538 1
512 339 1
512 413 0
513 370 0
513 538 0
514 134 0
514 309 0
517 481 0
517 538 1
519 35 0
519 186 0
519 538 0
521 538 0
522 159 0
522 426 0
524 161 1
524 260 0
524 421 0
524 538 1
524 548 0
582 538 0
582 573 0
528 4 0
528 538 0
528 584 0
530 146 0
530 157 0
530 538 0
531 70 0
531 240 0
531 538 0
534 177 0
534 292 0
534 538 1
535 190 0
535 226 0
535 538 0
535 559 0
537 538 0
542 17 0
542 538 0
543 78 0
543 538 1
543 539 1
544 252 0
544 268 0
544 431 1
544 538 0
546 538 1
576 82 0
576 154 0
576 411 1
576 538 0
550 89 0
550 98 0
550 217 0
550 538 0
552 120 0
552 538 0
555 300 1
555 538 1
556 538 0
558 306 0
558 538 0
562 210 1
562 287 0
566 110 0
566 553 1
567 18 0
567 226 1
567 538 1
572 430 1
572 538 0
574 75 0
574 217 0
574 466 0
574 509 0
574 538 1
575 538 1
577 227 0
577 538 0
585 538 0
587 89 1
587 135 0
587 203 0
587 432 0
587 538 0
591 59 0
591 440 0
591 538 0
593 538 1
597 5 0
597 469 0
598 28 0
598 311 1
599 538 0
