3 666 1
5 732 0
5 791 1
5 18 0
5 234 1
5 252 1
5 952 0
5 666 1
5 695 0
732 289 0
732 666 1
6 252 0
6 666 1
6 952 0
6 228 1
6 660 0
6 29 0
6 18 1
6 234 1
9 666 0
10 666 1
14 666 1
15 666 1
16 632 1
16 673 0
16 485 0
16 793 1
16 18 1
16 234 1
16 29 0
16 666 1
632 666 0
17 666 0
18 666 0
20 666 0
22 228 1
22 660 1
22 666 0
22 632 0
22 673 1
22 252 1
22 952 1
228 666 1
660 666 1
24 485 1
24 793 0
24 732 1
24 791 1
24 29 1
24 666 0
485 396 0
485 666 0
26 666 0
27 666 0
28 172 1
28 666 0
28 695 1
28 760 0
28 732 1
28 791 0
28 29 1
28 18 0
28 234 0
28 228 0
28 660 1
695 178 1
695 666 1
760 516 0
760 666 1
29 666 0
30 229 0
30 794 0
31 211 1
31 389 1
211 284 0
211 666 1
389 144 1
389 666 0
32 666 0
37 666 1
38 125 1
38 666 0
125 666 0
39 666 0
40 11 0
40 393 0
41 299 1
41 666 0
299 666 0
42 94 0
42 676 0
44 666 1
45 666 0
46 666 0
47 311 1
47 666 1
311 666 1
311 747 0
48 113 0
48 642 0
642 666 0
49 127 0
49 156 1
49 158 0
49 666 1
156 666 0
158 379 0
158 666 0
51 666 0
52 609 0
52 892 1
609 260 0
609 666 0
609 733 1
53 666 1
54 66 1
54 538 0
54 666 1
56 666 1
59 259 0
59 666 1
59 889 0
259 416 0
259 666 0
259 745 0
889 666 0
60 207 1
60 666 1
60 818 1
207 327 1
207 666 1
818 445 0
818 666 0
62 666 1
63 537 0
63 797 1
537 87 1
537 666 0
65 376 0
65 666 1
65 937 0
67 93 1
67 285 0
67 666 1
93 666 1
285 666 0
68 666 0
69 452 0
69 666 0
69 962 1
452 666 1
73 666 1
74 56 0
74 861 1
861 347 1
861 666 0
75 558 0
75 666 1
558 47 1
558 144 1
558 561 1
558 666 1
76 666 0
78 29 1
78 666 0
78 935 0
78 172 0
78 760 0
78 228 0
78 660 1
78 732 1
78 791 1
78 632 1
78 673 0
78 252 1
78 952 0
78 18 0
78 234 0
78 485 0
78 793 1
78 695 0
935 666 1
79 666 0
81 178 0
81 666 0
81 874 1
178 666 1
82 283 1
82 567 0
283 666 1
567 666 1
84 260 1
84 666 1
260 303 0
260 666 0
260 689 0
260 734 1
85 666 0
87 666 1
88 666 1
89 581 0
89 666 0
581 666 1
581 672 1
581 767 1
581 890 0
92 666 1
95 492 1
95 666 0
492 666 0
96 666 0
98 666 1
99 217 0
99 613 1
99 666 1
100 666 1
100 767 0
767 337 0
767 666 0
101 666 0
102 666 1
107 666 0
108 666 0
108 708 0
708 666 0
109 666 0
115 666 0
116 666 1
117 666 0
119 666 0
119 704 0
119 772 0
704 666 0
772 666 1
772 699 0
128 672 0
128 890 1
130 388 1
130 831 0
388 666 1
132 666 1
133 590 0
133 666 1
590 666 1
134 666 0
135 58 0
135 424 0
136 666 0
137 706 1
137 806 1
706 666 1
706 756 0
139 93 1
139 285 0
139 666 1
140 666 1
141 666 0
142 666 0
144 429 0
144 666 0
144 708 0
429 666 0
429 789 1
145 267 0
145 664 0
664 652 1
664 666 1
147 666 1
148 308 1
148 666 1
148 758 0
758 666 0
149 205 1
149 808 1
205 666 0
808 666 1
150 113 1
150 642 0
150 666 1
151 666 1
152 109 0
152 666 0
153 328 0
153 404 1
153 666 1
328 666 1
379 666 0
162 666 1
163 632 0
163 666 0
163 673 1
163 485 0
163 793 1
163 18 1
163 234 0
163 29 1
165 299 1
165 624 1
165 666 0
165 938 1
938 666 1
169 666 1
170 23 1
170 666 1
170 853 1
170 976 1
853 666 1
174 94 1
174 666 1
174 676 0
175 666 0
176 666 0
179 666 0
182 666 0
183 269 1
183 666 1
269 666 1
184 666 1
185 526 1
185 666 1
526 186 0
526 366 0
526 461 0
526 666 1
186 666 0
187 666 1
189 223 0
189 599 0
189 666 1
191 666 0
192 620 0
192 910 1
620 582 1
620 666 0
194 281 1
194 604 1
194 666 0
281 666 1
604 666 1
196 114 0
196 445 1
445 666 1
197 62 0
197 115 1
199 666 1
203 410 1
203 654 0
203 666 1
203 688 0
410 666 1
688 666 1
206 542 0
206 666 1
542 666 1
327 140 0
327 666 0
327 699 1
208 666 0
209 666 1
210 666 1
284 54 1
284 666 0
212 395 1
212 666 0
395 666 0
213 496 0
213 787 0
496 666 0
214 666 1
215 112 1
215 770 1
770 420 0
770 666 1
216 18 1
216 234 1
216 252 0
216 952 1
216 29 0
216 666 1
216 172 1
216 760 0
234 666 0
234 813 0
219 666 0
224 182 0
224 666 1
225 231 1
225 780 1
231 666 0
780 666 0
226 73 0
226 751 0
751 666 0
227 666 1
230 134 0
230 627 1
230 666 1
233 666 0
813 386 1
813 666 0
235 666 1
237 275 1
237 602 1
237 666 1
275 449 0
275 605 1
275 666 0
602 666 0
602 935 1
238 666 0
239 666 1
240 666 1
241 666 0
242 162 1
242 666 1
242 951 1
951 666 0
246 666 0
248 666 0
249 666 1
250 437 0
250 666 0
437 503 0
437 666 1
437 846 1
251 666 0
255 666 0
256 666 0
416 666 1
745 666 1
745 747 1
303 666 0
689 310 0
689 658 0
689 666 1
734 666 0
262 666 1
263 666 0
266 666 1
266 748 0
748 666 0
268 348 0
268 666 0
348 666 0
270 666 1
271 198 1
271 542 0
272 666 0
274 666 0
449 230 0
449 570 1
449 666 1
605 666 1
279 666 1
280 666 0
286 666 1
287 211 1
287 389 1
287 666 0
288 666 1
289 275 0
289 294 0
289 666 1
290 666 1
296 369 1
296 418 0
296 666 1
296 839 0
369 666 1
418 312 0
418 666 0
418 842 1
839 565 1
839 666 0
839 752 1
297 298 1
297 666 1
297 779 1
300 241 1
300 994 0
302 194 1
302 944 1
304 666 1
305 489 0
305 558 1
305 666 1
305 754 1
305 755 0
754 666 1
755 666 0
307 293 0
307 401 0
747 666 1
316 281 0
316 666 1
317 666 1
317 950 1
950 73 0
950 666 1
950 751 1
318 666 0
319 194 1
319 944 0
320 357 0
320 653 0
357 666 1
653 340 1
653 666 0
322 666 1
322 911 1
911 666 0
324 76 1
324 666 0
325 666 0
326 666 0
699 666 0
329 464 1
329 666 0
464 666 0
331 18 1
331 234 0
331 252 1
331 952 0
331 29 1
331 666 1
331 172 1
331 760 0
332 666 1
334 280 1
334 666 1
335 666 1
336 666 1
337 666 0
339 53 0
339 666 1
340 666 1
341 666 0
342 666 1
344 84 0
344 666 1
346 230 0
346 663 0
346 666 0
663 666 0
663 935 1
347 471 0
347 666 1
471 666 0
349 666 0
350 666 1
352 452 0
352 666 0
352 962 0
354 112 1
354 666 0
354 770 0
356 252 1
356 952 0
356 228 1
356 660 0
356 29 0
356 666 1
356 18 0
356 234 1
358 347 0
358 464 1
358 666 1
359 11 0
359 393 0
360 558 0
360 666 1
361 413 0
361 486 1
361 666 0
413 666 1
486 29 1
486 58 0
486 424 0
486 666 1
486 228 0
486 660 1
486 632 0
486 673 0
486 252 0
486 952 0
486 18 1
486 234 1
486 485 1
486 793 0
362 193 0
362 346 1
364 666 0
366 666 0
367 132 0
367 330 0
371 666 1
374 666 0
375 275 1
375 666 1
378 666 1
380 666 0
381 732 0
381 791 1
381 18 1
381 234 0
381 252 0
381 952 0
381 666 0
381 695 1
382 666 1
383 666 1
384 80 1
384 386 1
384 640 0
384 666 0
386 333 0
386 666 1
386 717 0
640 666 0
385 666 1
717 666 1
387 654 0
387 688 1
390 99 0
390 666 1
394 78 1
394 519 0
394 666 1
519 666 1
396 666 1
397 666 0
398 666 1
400 666 0
402 62 1
402 115 1
402 666 1
405 666 1
406 57 1
406 274 1
406 666 1
406 864 1
864 666 1
864 734 0
407 666 0
408 666 0
411 312 1
411 842 0
842 666 0
412 666 1
414 108 0
414 564 1
564 666 1
415 536 1
415 666 1
415 989 0
536 666 1
419 666 1
420 514 1
420 666 0
420 926 1
514 666 0
514 981 1
926 666 0
421 666 0
425 136 0
425 666 1
425 755 0
789 666 0
430 666 0
431 484 1
431 671 0
671 666 1
434 666 0
436 107 1
436 322 0
436 666 0
503 666 0
846 666 0
846 995 1
438 162 1
438 666 1
438 951 0
441 289 1
441 666 0
441 822 1
822 666 0
446 666 1
570 666 1
451 231 0
451 666 0
451 780 1
453 298 1
453 779 1
455 29 1
455 666 1
455 987 0
455 172 1
455 760 1
455 485 0
455 793 1
455 695 0
987 666 1
456 666 0
457 666 0
459 151 1
459 666 1
462 125 0
462 666 1
465 536 1
465 666 0
465 989 0
466 666 1
468 666 0
473 99 0
473 666 1
475 666 1
476 666 1
477 625 1
477 666 0
625 49 0
625 666 1
478 209 1
478 474 1
482 47 0
482 561 0
482 666 1
561 666 0
487 666 0
490 620 0
490 666 1
490 910 1
491 666 0
493 374 0
493 442 1
493 666 1
495 108 0
495 564 1
498 666 1
500 666 1
501 514 1
501 666 1
501 926 0
501 980 0
980 666 1
502 102 0
502 666 0
504 84 0
504 120 1
504 666 1
505 666 1
505 848 0
848 666 0
508 136 1
508 666 0
509 666 0
509 706 0
509 806 0
510 666 0
511 666 1
512 207 1
512 666 1
512 818 0
513 666 1
981 229 1
981 666 0
981 794 1
515 666 1
516 666 1
517 666 1
521 609 0
521 892 0
522 344 0
522 705 1
705 666 1
523 666 1
523 894 0
894 666 1
524 666 0
528 666 1
529 78 1
529 519 1
532 666 0
534 666 0
535 666 0
535 803 0
535 838 1
803 666 0
838 666 1
539 290 1
539 596 1
539 630 0
539 666 0
596 33 1
596 666 0
596 784 0
630 666 0
540 122 1
540 155 1
540 666 0
541 666 1
546 239 1
546 703 1
547 102 0
547 666 0
550 248 1
550 666 0
550 966 1
966 666 1
551 426 1
551 510 1
552 666 0
553 293 0
553 401 1
555 666 1
556 306 1
556 528 0
557 114 0
557 445 1
557 666 1
560 666 1
562 666 1
563 666 1
566 373 0
566 992 0
569 666 0
569 740 0
569 942 0
572 348 1
572 372 1
572 534 1
572 666 1
574 484 0
574 671 0
576 666 0
577 666 1
579 666 0
582 666 0
583 434 0
583 904 0
904 666 1
585 458 1
585 666 0
585 969 0
969 666 1
586 666 0
587 29 1
587 666 1
587 987 0
587 172 0
587 760 0
587 732 0
587 791 1
587 228 1
587 660 0
587 18 1
587 234 1
587 485 0
587 793 1
588 132 1
588 330 1
588 666 1
591 666 0
592 315 0
592 666 0
592 727 0
593 565 0
593 752 0
594 666 1
784 666 1
784 990 1
600 489 1
600 666 0
600 754 0
601 666 0
603 666 0
606 537 1
606 797 0
607 127 1
607 156 0
607 666 1
608 666 1
733 666 0
612 144 0
612 666 1
614 666 1
615 357 1
615 653 1
616 666 1
618 666 0
619 25 1
619 400 1
621 666 0
622 80 1
622 640 1
622 666 1
628 666 0
629 43 0
629 177 0
629 666 1
631 178 0
631 874 0
634 349 0
634 590 1
635 66 0
635 528 1
635 538 1
635 666 1
637 195 0
637 430 0
637 570 0
637 666 1
637 682 1
643 666 1
644 348 1
644 762 1
645 98 1
645 605 1
646 666 0
648 205 1
648 666 0
648 808 1
650 666 0
652 666 0
655 666 0
655 941 1
655 945 0
656 666 0
656 690 0
656 875 0
875 666 1
658 666 0
659 310 0
659 658 0
659 666 1
661 666 1
665 503 0
665 666 0
665 846 1
667 666 0
668 303 1
668 734 1
669 630 1
669 666 1
669 798 1
798 666 0
674 666 1
675 315 0
675 727 1
677 666 1
678 108 0
678 493 1
678 666 0
679 666 0
680 666 1
681 666 1
684 282 0
684 427 1
685 666 0
686 373 1
686 585 1
686 666 1
686 800 0
686 992 1
800 666 0
800 754 0
687 666 1
691 164 0
691 409 1
692 107 0
692 666 0
693 555 1
693 666 0
693 970 1
970 666 1
694 666 1
696 186 0
696 211 1
696 461 0
696 666 0
697 172 1
697 760 1
697 29 0
697 666 0
697 18 1
697 234 1
698 37 1
698 157 0
698 666 1
700 666 1
700 674 1
702 666 0
756 666 1
756 704 1
707 666 0
709 666 1
711 485 0
711 793 0
711 732 0
711 791 1
711 29 1
711 666 0
712 666 0
713 666 1
714 86 0
714 351 0
715 666 0
716 191 1
716 666 1
718 666 1
719 181 0
719 524 1
720 666 1
723 416 1
723 745 0
724 134 0
724 627 1
725 348 0
725 762 1
726 666 1
728 666 1
729 666 0
730 666 1
731 666 0
738 256 0
738 666 1
739 239 0
739 703 0
742 374 0
742 442 0
742 666 0
743 193 1
743 346 1
744 140 0
744 164 0
744 409 0
744 666 0
744 938 1
750 666 1
753 704 1
753 772 1
759 666 1
761 666 1
763 57 0
763 666 1
763 864 1
764 259 1
764 618 0
764 666 0
765 666 0
768 666 0
768 699 1
771 496 0
771 666 0
771 787 0
774 666 0
775 666 1
776 429 0
776 708 1
777 666 0
778 666 1
781 666 0
782 223 1
782 599 1
990 179 0
990 328 0
990 404 0
990 666 0
990 837 0
785 666 1
790 141 1
790 852 0
852 666 0
792 666 0
792 853 0
792 940 1
795 217 0
795 613 1
795 666 0
801 198 1
801 542 0
804 666 0
805 275 1
805 294 0
809 666 0
810 803 0
810 838 0
811 666 0
814 666 0
814 731 1
814 765 0
816 666 0
817 666 1
819 666 0
820 666 0
820 707 0
823 4 0
823 150 1
823 391 1
823 666 1
824 690 1
824 875 0
826 228 1
826 660 1
826 632 1
826 673 1
826 252 0
826 952 0
827 181 1
827 524 1
828 282 0
828 427 0
828 666 0
829 437 0
829 666 0
830 666 1
832 666 0
832 671 1
833 666 0
834 655 1
834 666 0
835 23 0
835 666 1
835 976 0
836 281 0
836 470 0
836 666 0
837 666 1
845 248 0
845 966 1
995 237 0
995 241 1
995 666 1
995 887 1
847 624 0
847 938 0
849 144 0
849 233 1
849 666 0
850 666 1
851 59 1
851 666 1
855 186 0
855 195 0
855 666 1
855 682 0
857 434 0
857 904 0
858 666 0
859 37 1
859 157 1
860 388 0
860 445 1
860 666 0
860 831 0
863 666 1
865 4 0
865 391 0
865 666 0
866 372 1
866 534 0
867 86 1
867 351 1
867 666 1
868 666 1
869 283 1
869 519 0
869 567 0
869 666 1
869 995 1
872 607 0
872 666 0
873 666 0
876 666 1
877 136 0
877 755 1
878 122 0
878 155 1
882 666 1
883 237 1
883 666 0
883 887 1
887 666 0
884 666 0
885 33 0
885 784 0
886 853 0
886 940 1
888 537 0
888 666 1
896 666 1
897 666 1
897 754 1
898 306 0
898 528 1
900 43 0
900 177 0
901 666 1
902 84 1
902 120 1
905 267 1
905 664 1
906 666 0
906 978 1
978 666 1
907 376 0
907 937 0
908 666 1
909 666 0
912 140 1
912 699 1
913 630 0
913 666 1
913 702 1
913 798 0
916 666 0
918 341 0
918 344 1
918 666 1
918 705 1
919 406 1
919 666 1
920 308 1
920 758 0
921 209 1
921 474 0
923 56 1
923 666 0
923 861 1
927 333 1
927 666 1
927 717 1
928 666 0
929 666 0
930 666 1
930 974 1
974 666 0
931 941 0
931 945 1
932 666 0
936 281 1
936 470 0
943 98 0
943 605 0
947 263 1
947 666 0
948 141 1
948 852 1
949 666 1
953 25 1
953 400 0
953 666 1
955 466 1
955 666 1
956 666 0
957 241 0
957 994 1
959 740 1
959 942 1
963 666 0
963 935 0
965 349 1
965 590 1
965 666 0
968 666 1
971 426 1
971 510 1
971 666 0
971 695 1
971 732 0
971 791 0
971 29 0
971 228 0
971 660 0
972 666 1
973 666 1
975 340 1
975 666 0
977 666 1
985 666 1
986 109 0
986 666 0
991 666 0
993 458 0
993 969 0
999 666 0
