3 666 0
5 732 0
5 791 0
5 18 0
5 234 0
5 252 0
5 952 0
5 666 0
5 695 0
732 289 0
732 666 0
6 252 1
6 666 0
6 952 0
6 228 0
6 660 0
6 29 0
6 18 0
6 234 0
9 666 0
10 666 0
14 666 0
15 666 0
16 632 0
16 673 0
16 485 0
16 793 0
16 18 0
16 234 0
16 29 0
16 666 1
632 666 0
17 666 0
18 666 0
20 666 0
22 228 0
22 660 1
22 666 0
22 632 0
22 673 0
22 252 0
22 952 0
228 666 0
660 666 0
24 485 0
24 793 0
24 732 0
24 791 0
24 29 0
24 666 1
485 396 0
485 666 0
26 666 0
27 666 0
28 172 1
28 666 0
28 695 0
28 760 1
28 732 0
28 791 0
28 29 0
28 18 1
28 234 0
28 228 0
28 660 0
695 178 0
695 666 0
760 516 0
760 666 0
29 666 0
30 229 0
30 794 0
31 211 0
31 389 0
211 284 1
211 666 1
389 144 0
389 666 0
32 666 0
37 666 0
38 125 0
38 666 0
125 666 0
39 666 0
40 11 0
40 393 0
41 299 0
41 666 0
299 666 0
42 94 1
42 676 0
44 666 0
45 666 0
46 666 0
47 311 0
47 666 0
311 666 0
311 747 0
48 113 0
48 642 0
642 666 0
49 127 0
49 156 0
49 158 1
49 666 1
156 666 1
158 379 0
158 666 0
51 666 0
52 609 0
52 892 0
609 260 0
609 666 0
609 733 0
53 666 1
54 66 1
54 538 0
54 666 1
56 666 0
59 259 1
59 666 1
59 889 0
259 416 0
259 666 0
259 745 0
889 666 1
60 207 0
60 666 0
60 818 0
207 327 0
207 666 1
818 445 0
818 666 0
62 666 0
63 537 0
63 797 0
537 87 0
537 666 0
65 376 0
65 666 1
65 937 0
67 93 0
67 285 1
67 666 0
93 666 0
285 666 0
68 666 0
69 452 0
69 666 1
69 962 1
452 666 1
73 666 0
74 56 0
74 861 1
861 347 0
861 666 0
75 558 0
75 666 0
558 47 0
558 144 0
558 561 0
558 666 1
76 666 0
78 29 0
78 666 0
78 935 0
78 172 0
78 760 0
78 228 0
78 660 0
78 732 0
78 791 0
78 632 0
78 673 1
78 252 0
78 952 1
78 18 0
78 234 1
78 485 0
78 793 1
78 695 0
935 666 0
79 666 0
81 178 0
81 666 0
81 874 0
178 666 0
82 283 0
82 567 0
283 666 0
567 666 1
84 260 0
84 666 0
260 303 0
260 666 1
260 689 1
260 734 0
85 666 0
87 666 0
88 666 0
89 581 0
89 666 1
581 666 0
581 672 0
581 767 0
581 890 0
92 666 0
95 492 1
95 666 0
492 666 0
96 666 1
98 666 1
99 217 1
99 613 0
99 666 0
100 666 1
100 767 0
767 337 0
767 666 0
101 666 1
102 666 0
107 666 0
108 666 0
108 708 0
708 666 0
109 666 0
115 666 0
116 666 0
117 666 0
119 666 0
119 704 1
119 772 0
704 666 0
772 666 1
772 699 0
128 672 1
128 890 1
130 388 0
130 831 0
388 666 0
132 666 0
133 590 0
133 666 0
590 666 0
134 666 1
135 58 0
135 424 1
136 666 1
137 706 0
137 806 0
706 666 0
706 756 0
139 93 0
139 285 0
139 666 1
140 666 0
141 666 1
142 666 0
144 429 1
144 666 0
144 708 0
429 666 0
429 789 0
145 267 0
145 664 0
664 652 0
664 666 0
147 666 1
148 308 1
148 666 0
148 758 0
758 666 0
149 205 0
149 808 0
205 666 0
808 666 0
150 113 0
150 642 0
150 666 0
151 666 0
152 109 0
152 666 0
153 328 0
153 404 1
153 666 0
328 666 1
379 666 1
162 666 0
163 632 0
163 666 0
163 673 0
163 485 1
163 793 0
163 18 1
163 234 1
163 29 0
165 299 0
165 624 0
165 666 1
165 938 0
938 666 0
169 666 0
170 23 1
170 666 0
170 853 0
170 976 0
853 666 0
174 94 0
174 666 1
174 676 1
175 666 0
176 666 0
179 666 0
182 666 0
183 269 0
183 666 1
269 666 0
184 666 0
185 526 1
185 666 1
526 186 1
526 366 0
526 461 0
526 666 0
186 666 1
187 666 0
189 223 1
189 599 0
189 666 0
191 666 0
192 620 1
192 910 0
620 582 0
620 666 1
194 281 1
194 604 0
194 666 0
281 666 0
604 666 0
196 114 0
196 445 0
445 666 0
197 62 0
197 115 0
199 666 0
203 410 0
203 654 0
203 666 0
203 688 0
410 666 1
688 666 0
206 542 0
206 666 0
542 666 0
327 140 0
327 666 0
327 699 0
208 666 0
209 666 0
210 666 0
284 54 1
284 666 1
212 395 0
212 666 0
395 666 0
213 496 0
213 787 0
496 666 0
214 666 0
215 112 0
215 770 0
770 420 0
770 666 0
216 18 1
216 234 0
216 252 1
216 952 0
216 29 0
216 666 0
216 172 0
216 760 0
234 666 0
234 813 0
219 666 1
224 182 0
224 666 0
225 231 0
225 780 0
231 666 0
780 666 0
226 73 0
226 751 1
751 666 0
227 666 0
230 134 1
230 627 0
230 666 0
233 666 0
813 386 0
813 666 0
235 666 0
237 275 1
237 602 0
237 666 0
275 449 0
275 605 0
275 666 0
602 666 0
602 935 0
238 666 1
239 666 0
240 666 0
241 666 0
242 162 0
242 666 1
242 951 0
951 666 0
246 666 1
248 666 0
249 666 0
250 437 0
250 666 0
437 503 0
437 666 0
437 846 0
251 666 0
255 666 1
256 666 1
416 666 0
745 666 0
745 747 0
303 666 0
689 310 0
689 658 0
689 666 1
734 666 0
262 666 0
263 666 0
266 666 0
266 748 0
748 666 0
268 348 0
268 666 1
348 666 0
270 666 1
271 198 1
271 542 0
272 666 0
274 666 1
449 230 0
449 570 0
449 666 0
605 666 0
279 666 0
280 666 0
286 666 0
287 211 0
287 389 0
287 666 0
288 666 0
289 275 0
289 294 0
289 666 1
290 666 0
296 369 0
296 418 0
296 666 0
296 839 0
369 666 0
418 312 0
418 666 0
418 842 0
839 565 1
839 666 0
839 752 0
297 298 0
297 666 1
297 779 0
300 241 0
300 994 0
302 194 0
302 944 0
304 666 0
305 489 0
305 558 0
305 666 0
305 754 0
305 755 0
754 666 0
755 666 0
307 293 0
307 401 0
747 666 0
316 281 1
316 666 0
317 666 1
317 950 0
950 73 1
950 666 0
950 751 0
318 666 0
319 194 0
319 944 0
320 357 0
320 653 0
357 666 0
653 340 0
653 666 1
322 666 1
322 911 0
911 666 0
324 76 1
324 666 0
325 666 0
326 666 0
699 666 1
329 464 0
329 666 0
464 666 1
331 18 0
331 234 0
331 252 0
331 952 0
331 29 0
331 666 0
331 172 0
331 760 0
332 666 0
334 280 0
334 666 0
335 666 0
336 666 1
337 666 0
339 53 0
339 666 0
340 666 0
341 666 0
342 666 0
344 84 0
344 666 0
346 230 0
346 663 1
346 666 0
663 666 0
663 935 0
347 471 0
347 666 0
471 666 0
349 666 0
350 666 0
352 452 0
352 666 0
352 962 1
354 112 0
354 666 0
354 770 0
356 252 0
356 952 0
356 228 0
356 660 0
356 29 1
356 666 0
356 18 0
356 234 0
358 347 0
358 464 0
358 666 0
359 11 0
359 393 0
360 558 0
360 666 0
361 413 1
361 486 0
361 666 1
413 666 1
486 29 1
486 58 0
486 424 1
486 666 1
486 228 0
486 660 0
486 632 0
486 673 0
486 252 1
486 952 0
486 18 1
486 234 0
486 485 0
486 793 0
362 193 0
362 346 1
364 666 0
366 666 0
367 132 1
367 330 0
371 666 0
374 666 0
375 275 0
375 666 0
378 666 0
380 666 1
381 732 0
381 791 0
381 18 1
381 234 0
381 252 0
381 952 0
381 666 0
381 695 0
382 666 1
383 666 0
384 80 0
384 386 0
384 640 0
384 666 0
386 333 0
386 666 1
386 717 0
640 666 0
385 666 0
717 666 0
387 654 0
387 688 1
390 99 0
390 666 1
394 78 0
394 519 0
394 666 1
519 666 0
396 666 0
397 666 0
398 666 0
400 666 0
402 62 1
402 115 0
402 666 0
405 666 0
406 57 0
406 274 0
406 666 1
406 864 0
864 666 0
864 734 0
407 666 0
408 666 0
411 312 1
411 842 1
842 666 1
412 666 0
414 108 0
414 564 1
564 666 0
415 536 0
415 666 0
415 989 1
536 666 0
419 666 0
420 514 1
420 666 0
420 926 1
514 666 0
514 981 0
926 666 0
421 666 0
425 136 0
425 666 0
425 755 0
789 666 0
430 666 0
431 484 0
431 671 0
671 666 0
434 666 0
436 107 0
436 322 0
436 666 1
503 666 0
846 666 0
846 995 1
438 162 0
438 666 0
438 951 0
441 289 0
441 666 0
441 822 0
822 666 1
446 666 1
570 666 0
451 231 0
451 666 0
451 780 0
453 298 0
453 779 0
455 29 0
455 666 0
455 987 1
455 172 1
455 760 0
455 485 0
455 793 0
455 695 0
987 666 0
456 666 0
457 666 0
459 151 0
459 666 0
462 125 0
462 666 0
465 536 0
465 666 0
465 989 1
466 666 0
468 666 0
473 99 0
473 666 0
475 666 0
476 666 0
477 625 0
477 666 0
625 49 0
625 666 1
478 209 0
478 474 0
482 47 0
482 561 1
482 666 1
561 666 0
487 666 0
490 620 0
490 666 0
490 910 0
491 666 0
493 374 1
493 442 0
493 666 0
495 108 1
495 564 0
498 666 0
500 666 0
501 514 0
501 666 0
501 926 0
501 980 1
980 666 0
502 102 0
502 666 0
504 84 1
504 120 0
504 666 0
505 666 0
505 848 0
848 666 0
508 136 0
508 666 0
509 666 0
509 706 0
509 806 0
510 666 0
511 666 0
512 207 1
512 666 0
512 818 0
513 666 1
981 229 1
981 666 0
981 794 0
515 666 0
516 666 0
517 666 1
521 609 0
521 892 0
522 344 0
522 705 0
705 666 0
523 666 0
523 894 1
894 666 0
524 666 0
528 666 0
529 78 0
529 519 1
532 666 1
534 666 0
535 666 0
535 803 0
535 838 0
803 666 0
838 666 0
539 290 0
539 596 0
539 630 0
539 666 0
596 33 1
596 666 1
596 784 0
630 666 1
540 122 0
540 155 0
540 666 0
541 666 0
546 239 0
546 703 0
547 102 1
547 666 0
550 248 0
550 666 0
550 966 0
966 666 1
551 426 0
551 510 0
552 666 0
553 293 0
553 401 0
555 666 0
556 306 0
556 528 0
557 114 0
557 445 0
557 666 0
560 666 0
562 666 0
563 666 0
566 373 0
566 992 0
569 666 0
569 740 1
569 942 0
572 348 1
572 372 1
572 534 0
572 666 0
574 484 0
574 671 0
576 666 0
577 666 1
579 666 0
582 666 0
583 434 0
583 904 1
904 666 0
585 458 1
585 666 0
585 969 0
969 666 0
586 666 0
587 29 0
587 666 0
587 987 0
587 172 0
587 760 0
587 732 0
587 791 0
587 228 0
587 660 0
587 18 0
587 234 0
587 485 0
587 793 0
588 132 0
588 330 0
588 666 0
591 666 0
592 315 0
592 666 0
592 727 0
593 565 0
593 752 0
594 666 0
784 666 0
784 990 0
600 489 0
600 666 0
600 754 0
601 666 1
603 666 0
606 537 0
606 797 0
607 127 0
607 156 0
607 666 1
608 666 0
733 666 0
612 144 1
612 666 1
614 666 0
615 357 0
615 653 0
616 666 0
618 666 1
619 25 0
619 400 0
621 666 0
622 80 0
622 640 0
622 666 0
628 666 0
629 43 0
629 177 0
629 666 0
631 178 0
631 874 1
634 349 0
634 590 0
635 66 0
635 528 0
635 538 0
635 666 0
637 195 0
637 430 0
637 570 0
637 666 0
637 682 0
643 666 0
644 348 1
644 762 0
645 98 1
645 605 1
646 666 1
648 205 0
648 666 0
648 808 0
650 666 0
652 666 0
655 666 0
655 941 1
655 945 0
656 666 0
656 690 0
656 875 1
875 666 0
658 666 1
659 310 0
659 658 0
659 666 0
661 666 0
665 503 0
665 666 0
665 846 0
667 666 0
668 303 0
668 734 0
669 630 0
669 666 0
669 798 0
798 666 0
674 666 0
675 315 0
675 727 0
677 666 0
678 108 1
678 493 1
678 666 1
679 666 1
680 666 1
681 666 0
684 282 1
684 427 0
685 666 0
686 373 0
686 585 0
686 666 0
686 800 1
686 992 1
800 666 0
800 754 0
687 666 0
691 164 1
691 409 0
692 107 0
692 666 0
693 555 0
693 666 0
693 970 0
970 666 0
694 666 0
696 186 1
696 211 0
696 461 0
696 666 0
697 172 0
697 760 0
697 29 0
697 666 0
697 18 0
697 234 0
698 37 0
698 157 0
698 666 0
700 666 0
700 674 1
702 666 0
756 666 1
756 704 1
707 666 1
709 666 0
711 485 0
711 793 1
711 732 0
711 791 0
711 29 1
711 666 1
712 666 0
713 666 0
714 86 0
714 351 0
715 666 0
716 191 1
716 666 0
718 666 0
719 181 0
719 524 0
720 666 1
723 416 0
723 745 0
724 134 0
724 627 0
725 348 0
725 762 1
726 666 1
728 666 1
729 666 0
730 666 0
731 666 0
738 256 0
738 666 0
739 239 0
739 703 0
742 374 0
742 442 0
742 666 0
743 193 0
743 346 0
744 140 0
744 164 0
744 409 0
744 666 0
744 938 0
750 666 0
753 704 0
753 772 0
759 666 0
761 666 0
763 57 0
763 666 0
763 864 1
764 259 0
764 618 0
764 666 1
765 666 1
768 666 1
768 699 0
771 496 0
771 666 1
771 787 1
774 666 0
775 666 0
776 429 0
776 708 0
777 666 0
778 666 1
781 666 0
782 223 0
782 599 0
990 179 0
990 328 0
990 404 1
990 666 0
990 837 0
785 666 0
790 141 0
790 852 0
852 666 0
792 666 0
792 853 0
792 940 0
795 217 0
795 613 0
795 666 1
801 198 0
801 542 0
804 666 0
805 275 1
805 294 1
809 666 0
810 803 0
810 838 0
811 666 0
814 666 1
814 731 1
814 765 0
816 666 1
817 666 0
819 666 0
820 666 0
820 707 0
823 4 1
823 150 0
823 391 0
823 666 0
824 690 0
824 875 0
826 228 0
826 660 1
826 632 0
826 673 0
826 252 0
826 952 0
827 181 0
827 524 0
828 282 0
828 427 0
828 666 0
829 437 0
829 666 0
830 666 0
832 666 0
832 671 1
833 666 0
834 655 0
834 666 1
835 23 0
835 666 0
835 976 0
836 281 1
836 470 0
836 666 0
837 666 0
845 248 1
845 966 0
995 237 0
995 241 0
995 666 0
995 887 0
847 624 0
847 938 1
849 144 0
849 233 1
849 666 0
850 666 0
851 59 1
851 666 0
855 186 0
855 195 0
855 666 1
855 682 0
857 434 0
857 904 1
858 666 1
859 37 0
859 157 0
860 388 0
860 445 0
860 666 0
860 831 0
863 666 0
865 4 0
865 391 0
865 666 0
866 372 0
866 534 0
867 86 1
867 351 0
867 666 0
868 666 0
869 283 0
869 519 0
869 567 0
869 666 0
869 995 0
872 607 0
872 666 1
873 666 1
876 666 1
877 136 0
877 755 0
878 122 1
878 155 0
882 666 0
883 237 0
883 666 0
883 887 0
887 666 0
884 666 0
885 33 0
885 784 0
886 853 0
886 940 0
888 537 0
888 666 1
896 666 0
897 666 0
897 754 0
898 306 1
898 528 1
900 43 0
900 177 1
901 666 0
902 84 1
902 120 0
905 267 0
905 664 0
906 666 0
906 978 0
978 666 0
907 376 0
907 937 0
908 666 0
909 666 1
912 140 0
912 699 0
913 630 0
913 666 0
913 702 0
913 798 0
916 666 0
918 341 0
918 344 0
918 666 0
918 705 0
919 406 1
919 666 0
920 308 0
920 758 1
921 209 0
921 474 0
923 56 0
923 666 1
923 861 0
927 333 0
927 666 0
927 717 0
928 666 1
929 666 0
930 666 0
930 974 1
974 666 0
931 941 0
931 945 0
932 666 0
936 281 0
936 470 1
943 98 0
943 605 0
947 263 0
947 666 0
948 141 0
948 852 0
949 666 0
953 25 0
953 400 0
953 666 0
955 466 1
955 666 0
956 666 0
957 241 0
957 994 0
959 740 0
959 942 0
963 666 1
963 935 1
965 349 1
965 590 0
965 666 0
968 666 0
971 426 1
971 510 0
971 666 0
971 695 0
971 732 0
971 791 1
971 29 0
971 228 0
971 660 0
972 666 0
973 666 0
975 340 1
975 666 0
977 666 0
985 666 0
986 109 1
986 666 0
991 666 0
993 458 0
993 969 0
999 666 0
