0 134 1
1 134 1
2 134 0
4 85 0
4 278 1
85 134 1
278 134 1
5 134 1
7 134 0
8 134 0
9 134 1
9 381 1
9 524 1
524 134 1
10 134 1
11 521 1
11 556 0
521 134 0
556 134 1
12 134 1
15 134 1
17 134 1
18 134 1
19 18 1
19 545 1
25 134 1
26 134 1
28 134 1
29 134 1
31 134 1
32 134 0
33 134 1
34 134 1
35 134 1
36 134 0
37 134 0
38 134 1
39 134 0
41 134 1
43 134 1
43 370 0
43 403 1
370 134 1
403 134 1
44 35 1
44 134 1
44 486 1
486 134 1
45 0 1
45 134 1
45 298 0
45 585 1
45 77 1
45 32 1
45 564 1
298 134 1
48 134 1
49 134 1
50 134 0
51 134 1
52 134 1
54 134 1
55 134 1
56 134 0
57 134 1
59 134 0
60 134 1
61 134 1
62 35 1
62 486 1
63 134 0
63 361 1
63 568 1
361 134 0
65 134 0
66 134 0
66 394 1
66 585 1
66 460 0
66 459 1
66 0 0
66 298 1
66 222 1
66 32 1
66 478 1
66 564 0
68 134 1
69 134 0
70 134 1
71 134 1
71 459 1
71 460 1
71 0 1
71 298 1
71 585 1
71 77 1
71 222 1
71 32 1
71 394 1
74 134 1
75 134 1
77 134 1
80 134 0
83 134 1
84 134 1
87 162 1
87 444 0
162 134 0
444 134 1
88 134 1
90 134 1
92 134 1
93 134 1
93 478 1
93 564 1
93 32 1
93 394 1
93 77 1
93 585 1
93 222 0
94 134 1
94 222 0
94 77 1
94 459 1
94 478 0
95 134 1
96 134 1
97 134 1
98 134 1
98 281 1
98 578 0
281 134 1
578 134 1
99 134 1
100 134 1
101 134 0
102 134 0
103 134 1
105 274 1
105 397 0
397 134 0
106 134 1
106 229 1
106 234 1
229 134 1
107 134 1
110 134 0
111 2 0
111 134 1
111 535 1
112 134 0
112 478 1
112 564 1
112 32 0
112 394 1
112 77 1
112 585 1
112 222 1
114 134 0
116 134 1
118 134 1
119 134 1
120 134 0
123 134 1
124 134 1
125 134 1
126 134 1
126 396 1
126 516 1
127 134 1
130 134 1
131 134 1
132 134 1
135 134 1
135 214 1
135 529 0
529 134 1
136 134 1
137 134 1
138 134 0
139 134 0
140 134 1
141 134 1
142 134 0
144 279 1
144 401 0
279 134 0
401 134 1
145 134 1
148 134 1
149 134 1
150 171 1
150 365 1
365 134 1
152 134 1
153 135 1
154 134 1
155 134 1
156 134 1
157 5 1
157 134 1
157 219 1
157 394 1
157 222 1
157 77 0
157 32 1
157 478 0
158 134 1
159 134 1
160 134 0
164 134 1
165 134 1
166 134 1
167 134 1
169 134 1
170 318 1
170 336 1
318 134 1
173 134 1
174 134 0
175 134 1
175 216 1
175 373 1
216 134 1
373 134 1
177 134 0
178 134 1
180 134 1
182 134 1
184 134 1
186 134 1
188 134 1
189 134 1
191 134 1
192 134 0
192 174 1
192 418 1
418 134 0
195 134 1
196 134 1
197 134 0
198 134 0
199 134 1
199 394 1
199 585 1
199 460 1
199 459 1
199 0 1
199 298 1
199 222 1
199 32 1
199 478 1
199 564 1
200 134 1
201 134 1
202 134 1
203 134 1
204 134 1
206 134 1
208 134 1
209 134 1
210 134 0
212 134 1
212 261 0
212 570 0
261 134 1
213 134 1
215 134 1
217 134 1
218 134 1
220 134 1
221 134 1
224 134 1
225 134 1
227 134 1
228 134 1
230 5 1
230 134 1
230 219 1
230 394 1
230 222 1
230 77 1
230 32 1
230 478 0
232 77 1
232 134 0
232 185 0
232 564 1
232 32 1
232 460 0
232 585 1
232 478 1
233 97 0
235 134 1
236 134 1
236 408 1
236 419 0
408 134 1
238 134 1
238 330 1
238 515 1
330 134 1
239 134 1
240 134 0
241 134 1
243 134 1
244 134 1
245 134 1
246 134 1
247 134 1
247 459 1
247 460 1
247 0 0
247 298 1
247 585 1
247 77 1
247 222 1
247 32 1
247 394 1
248 134 0
249 134 1
250 134 0
251 134 1
252 124 1
252 134 0
252 226 0
253 134 1
254 347 1
254 553 1
347 134 1
553 135 1
255 134 1
256 30 1
256 134 1
256 596 1
257 134 1
258 134 1
262 173 1
262 288 1
288 134 1
263 134 1
264 134 0
264 173 1
264 288 1
268 134 0
269 134 1
270 134 1
270 319 0
270 474 1
319 134 1
474 134 0
271 134 1
272 134 1
273 134 1
275 134 1
275 214 1
275 529 1
276 134 1
277 134 1
280 134 1
280 188 0
280 218 1
282 134 1
283 134 1
283 268 0
283 385 1
284 134 1
284 297 1
284 472 1
297 134 1
472 134 1
285 134 0
286 134 1
287 134 1
289 134 1
289 146 1
289 149 0
290 134 1
294 134 1
295 246 0
295 437 0
437 134 1
296 134 1
299 134 0
300 134 1
301 381 1
301 524 1
302 134 1
303 134 1
305 134 1
305 405 1
305 487 1
405 134 1
307 318 1
307 336 1
310 134 1
312 134 1
313 134 0
314 134 0
315 134 1
316 134 0
321 134 1
322 134 1
324 134 1
324 216 1
324 373 1
325 134 1
326 134 1
326 177 1
326 458 1
458 134 1
327 134 1
328 134 1
331 134 1
332 134 0
333 134 1
333 281 1
333 578 1
334 134 0
334 279 0
334 401 0
335 134 0
337 0 1
337 298 1
337 134 1
337 585 1
337 77 1
337 32 0
337 564 1
339 319 1
339 474 0
340 134 0
341 134 1
342 32 1
342 134 0
342 473 1
342 460 1
473 134 1
343 134 1
344 330 1
344 515 1
345 134 1
348 134 1
349 134 1
351 134 1
352 134 1
353 134 1
354 134 0
355 134 1
356 134 0
357 134 1
358 134 1
359 134 1
362 134 1
366 134 0
367 77 1
367 134 1
367 185 1
367 564 0
367 32 1
367 460 1
367 585 1
367 478 1
368 134 1
369 134 1
371 134 1
372 134 1
374 134 1
375 134 0
376 134 0
377 134 1
378 134 1
380 134 1
382 134 1
383 134 1
387 134 1
390 134 0
391 134 1
391 377 1
391 409 1
409 134 1
392 134 1
392 274 0
392 397 0
393 408 0
393 419 1
395 134 1
398 370 1
398 403 1
399 134 0
404 134 1
406 319 0
407 146 1
407 149 1
410 134 0
411 134 1
411 174 0
411 418 0
412 361 1
412 568 1
413 134 1
414 134 1
415 134 1
417 134 0
421 134 1
422 134 1
423 453 1
423 597 0
597 134 1
424 134 1
425 134 1
426 134 1
427 2 1
427 535 1
428 134 1
429 147 1
429 293 1
431 134 0
432 134 1
434 134 1
435 134 1
436 134 1
436 162 1
436 444 1
438 338 1
438 395 1
439 134 1
439 177 1
439 458 1
442 134 1
443 134 1
445 124 1
445 134 1
445 226 1
446 134 1
446 171 1
446 365 1
447 134 1
448 134 1
449 134 1
450 405 1
450 487 1
451 134 0
455 297 1
455 472 1
457 134 1
461 134 0
462 134 1
463 134 1
464 134 1
465 134 1
466 134 0
467 134 1
468 134 1
469 134 1
470 453 1
470 597 0
471 133 1
471 134 1
471 508 1
508 134 1
475 261 1
475 570 0
476 134 1
476 188 1
476 218 1
479 134 0
480 134 1
481 134 1
482 134 1
483 134 0
485 134 1
488 134 1
489 134 1
491 134 1
492 134 1
493 134 1
494 134 0
495 377 1
495 409 1
497 85 1
497 134 1
497 278 1
498 134 1
499 134 1
500 134 1
501 134 1
502 183 1
502 197 0
503 134 1
504 32 1
504 134 1
504 473 0
504 460 1
506 134 1
509 134 1
511 147 1
511 293 1
512 133 1
512 134 0
512 508 0
513 134 0
513 268 1
513 385 0
514 134 1
517 134 1
518 134 1
519 134 1
520 134 1
525 134 1
526 134 1
527 134 0
527 222 0
527 77 1
527 459 1
527 478 1
528 134 0
531 134 0
533 18 1
533 134 1
533 545 1
534 134 1
536 134 1
537 134 0
538 41 1
540 134 1
541 134 1
542 134 1
544 134 1
544 338 1
544 395 1
546 134 0
547 134 0
548 134 1
549 134 1
549 246 1
549 437 1
551 134 0
551 183 1
551 197 1
554 134 1
557 134 0
558 134 0
559 134 1
560 134 1
561 134 1
562 229 1
562 234 0
563 134 1
565 30 1
565 134 0
565 596 0
566 134 1
567 134 1
569 134 1
571 134 1
572 134 1
574 134 0
575 134 1
577 134 0
581 134 1
582 134 0
583 134 1
584 134 1
584 396 1
584 516 0
586 134 1
586 521 1
586 556 1
587 134 0
588 134 1
589 134 0
590 134 1
593 134 1
595 134 1
598 347 0
598 553 1
