0 134 0
1 134 1
2 134 0
4 85 0
4 278 0
85 134 0
278 134 0
5 134 0
7 134 0
8 134 0
9 134 1
9 381 1
9 524 0
524 134 1
10 134 0
11 521 0
11 556 0
521 134 1
556 134 1
12 134 0
15 134 0
17 134 0
18 134 0
19 18 0
19 545 0
25 134 1
26 134 0
28 134 0
29 134 0
31 134 1
32 134 0
33 134 1
34 134 0
35 134 0
36 134 0
37 134 0
38 134 0
39 134 0
41 134 0
43 134 0
43 370 0
43 403 1
370 134 1
403 134 0
44 35 1
44 134 1
44 486 0
486 134 0
45 0 0
45 134 0
45 298 0
45 585 0
45 77 0
45 32 0
45 564 1
298 134 0
48 134 0
49 134 0
50 134 0
51 134 1
52 134 1
54 134 0
55 134 0
56 134 0
57 134 0
59 134 0
60 134 1
61 134 0
62 35 0
62 486 1
63 134 0
63 361 1
63 568 0
361 134 0
65 134 1
66 134 0
66 394 1
66 585 0
66 460 1
66 459 1
66 0 0
66 298 0
66 222 0
66 32 0
66 478 1
66 564 1
68 134 0
69 134 0
70 134 1
71 134 0
71 459 0
71 460 0
71 0 0
71 298 0
71 585 0
71 77 0
71 222 1
71 32 0
71 394 0
74 134 0
75 134 1
77 134 1
80 134 0
83 134 0
84 134 0
87 162 0
87 444 1
162 134 0
444 134 1
88 134 0
90 134 0
92 134 1
93 134 1
93 478 0
93 564 1
93 32 0
93 394 0
93 77 0
93 585 0
93 222 0
94 134 0
94 222 1
94 77 0
94 459 0
94 478 0
95 134 1
96 134 0
97 134 0
98 134 0
98 281 0
98 578 0
281 134 0
578 134 0
99 134 0
100 134 0
101 134 0
102 134 0
103 134 0
105 274 1
105 397 1
397 134 0
106 134 0
106 229 0
106 234 0
229 134 0
107 134 0
110 134 0
111 2 1
111 134 0
111 535 0
112 134 0
112 478 0
112 564 0
112 32 1
112 394 0
112 77 1
112 585 0
112 222 0
114 134 0
116 134 0
118 134 0
119 134 0
120 134 0
123 134 0
124 134 0
125 134 0
126 134 1
126 396 0
126 516 0
127 134 0
130 134 0
131 134 1
132 134 0
135 134 0
135 214 0
135 529 0
529 134 0
136 134 0
137 134 0
138 134 0
139 134 0
140 134 0
141 134 0
142 134 0
144 279 0
144 401 0
279 134 0
401 134 0
145 134 0
148 134 0
149 134 1
150 171 0
150 365 0
365 134 0
152 134 0
153 135 0
154 134 0
155 134 0
156 134 0
157 5 1
157 134 1
157 219 0
157 394 0
157 222 0
157 77 1
157 32 0
157 478 0
158 134 1
159 134 0
160 134 0
164 134 0
165 134 0
166 134 0
167 134 0
169 134 0
170 318 0
170 336 0
318 134 0
173 134 0
174 134 0
175 134 0
175 216 0
175 373 0
216 134 0
373 134 0
177 134 0
178 134 0
180 134 0
182 134 0
184 134 1
186 134 0
188 134 0
189 134 1
191 134 0
192 134 0
192 174 0
192 418 0
418 134 0
195 134 0
196 134 0
197 134 1
198 134 1
199 134 0
199 394 0
199 585 0
199 460 1
199 459 0
199 0 0
199 298 0
199 222 0
199 32 1
199 478 0
199 564 0
200 134 0
201 134 0
202 134 1
203 134 0
204 134 0
206 134 0
208 134 0
209 134 0
210 134 1
212 134 0
212 261 0
212 570 1
261 134 1
213 134 0
215 134 0
217 134 0
218 134 1
220 134 0
221 134 0
224 134 1
225 134 1
227 134 1
228 134 0
230 5 0
230 134 0
230 219 0
230 394 0
230 222 1
230 77 0
230 32 0
230 478 0
232 77 0
232 134 0
232 185 0
232 564 0
232 32 0
232 460 1
232 585 1
232 478 1
233 97 0
235 134 0
236 134 0
236 408 1
236 419 1
408 134 0
238 134 0
238 330 0
238 515 1
330 134 0
239 134 0
240 134 0
241 134 0
243 134 0
244 134 0
245 134 0
246 134 0
247 134 0
247 459 1
247 460 0
247 0 0
247 298 0
247 585 0
247 77 0
247 222 0
247 32 0
247 394 0
248 134 0
249 134 0
250 134 0
251 134 0
252 124 0
252 134 1
252 226 0
253 134 0
254 347 0
254 553 0
347 134 1
553 135 0
255 134 0
256 30 0
256 134 0
256 596 0
257 134 0
258 134 0
262 173 1
262 288 0
288 134 0
263 134 1
264 134 0
264 173 0
264 288 0
268 134 1
269 134 0
270 134 0
270 319 0
270 474 0
319 134 0
474 134 0
271 134 0
272 134 0
273 134 0
275 134 0
275 214 0
275 529 0
276 134 0
277 134 0
280 134 0
280 188 0
280 218 0
282 134 1
283 134 0
283 268 0
283 385 0
284 134 0
284 297 0
284 472 0
297 134 1
472 134 1
285 134 0
286 134 0
287 134 0
289 134 1
289 146 0
289 149 0
290 134 0
294 134 0
295 246 0
295 437 0
437 134 0
296 134 0
299 134 0
300 134 1
301 381 1
301 524 0
302 134 1
303 134 1
305 134 1
305 405 0
305 487 0
405 134 0
307 318 0
307 336 0
310 134 1
312 134 0
313 134 0
314 134 1
315 134 0
316 134 0
321 134 0
322 134 1
324 134 1
324 216 0
324 373 0
325 134 1
326 134 0
326 177 0
326 458 0
458 134 0
327 134 0
328 134 0
331 134 0
332 134 0
333 134 1
333 281 0
333 578 0
334 134 1
334 279 0
334 401 0
335 134 1
337 0 1
337 298 0
337 134 1
337 585 0
337 77 0
337 32 0
337 564 0
339 319 0
339 474 1
340 134 1
341 134 0
342 32 1
342 134 0
342 473 0
342 460 0
473 134 1
343 134 1
344 330 0
344 515 1
345 134 0
348 134 0
349 134 0
351 134 0
352 134 0
353 134 0
354 134 0
355 134 1
356 134 0
357 134 0
358 134 0
359 134 1
362 134 0
366 134 0
367 77 0
367 134 0
367 185 1
367 564 0
367 32 0
367 460 1
367 585 0
367 478 0
368 134 0
369 134 0
371 134 0
372 134 0
374 134 0
375 134 0
376 134 0
377 134 0
378 134 0
380 134 1
382 134 0
383 134 0
387 134 0
390 134 1
391 134 0
391 377 0
391 409 0
409 134 0
392 134 1
392 274 0
392 397 0
393 408 0
393 419 1
395 134 0
398 370 1
398 403 0
399 134 1
404 134 0
406 319 1
407 146 0
407 149 0
410 134 0
411 134 0
411 174 0
411 418 1
412 361 0
412 568 1
413 134 0
414 134 0
415 134 0
417 134 0
421 134 0
422 134 0
423 453 1
423 597 0
597 134 0
424 134 0
425 134 0
426 134 1
427 2 0
427 535 0
428 134 1
429 147 0
429 293 0
431 134 0
432 134 0
434 134 0
435 134 0
436 134 0
436 162 0
436 444 1
438 338 1
438 395 0
439 134 0
439 177 0
439 458 0
442 134 0
443 134 0
445 124 0
445 134 0
445 226 0
446 134 0
446 171 0
446 365 1
447 134 0
448 134 0
449 134 0
450 405 1
450 487 1
451 134 0
455 297 1
455 472 0
457 134 0
461 134 0
462 134 0
463 134 0
464 134 0
465 134 0
466 134 0
467 134 0
468 134 0
469 134 0
470 453 0
470 597 0
471 133 0
471 134 0
471 508 0
508 134 0
475 261 1
475 570 1
476 134 0
476 188 1
476 218 0
479 134 1
480 134 0
481 134 0
482 134 0
483 134 0
485 134 0
488 134 1
489 134 0
491 134 0
492 134 1
493 134 0
494 134 1
495 377 0
495 409 1
497 85 1
497 134 1
497 278 0
498 134 0
499 134 0
500 134 0
501 134 0
502 183 0
502 197 1
503 134 1
504 32 0
504 134 1
504 473 0
504 460 1
506 134 0
509 134 1
511 147 0
511 293 0
512 133 0
512 134 0
512 508 0
513 134 1
513 268 0
513 385 0
514 134 1
517 134 1
518 134 0
519 134 0
520 134 0
525 134 0
526 134 0
527 134 0
527 222 0
527 77 0
527 459 0
527 478 1
528 134 0
531 134 1
533 18 0
533 134 0
533 545 0
534 134 0
536 134 0
537 134 0
538 41 1
540 134 0
541 134 0
542 134 0
544 134 0
544 338 1
544 395 0
546 134 0
547 134 0
548 134 0
549 134 1
549 246 0
549 437 0
551 134 0
551 183 1
551 197 1
554 134 0
557 134 0
558 134 0
559 134 1
560 134 0
561 134 0
562 229 0
562 234 0
563 134 0
565 30 0
565 134 1
565 596 1
566 134 0
567 134 0
569 134 0
571 134 0
572 134 1
574 134 0
575 134 0
577 134 0
581 134 0
582 134 0
583 134 0
584 134 0
584 396 0
584 516 0
586 134 0
586 521 1
586 556 0
587 134 0
588 134 1
589 134 0
590 134 0
593 134 0
595 134 0
598 347 1
598 553 0
