0 585 0
3 585 0
5 585 0
6 585 1
7 585 1
8 585 0
9 585 1
9 631 0
9 740 0
631 585 0
740 585 0
11 585 0
12 585 0
13 585 0
14 158 0
14 190 0
14 585 0
14 301 1
14 329 1
14 473 0
14 219 0
14 260 0
14 15 1
14 379 0
14 311 0
14 41 0
158 585 0
190 585 0
15 585 0
16 585 0
20 585 0
21 585 0
22 585 0
24 570 0
24 576 0
24 585 0
570 585 0
576 585 1
25 647 0
25 668 0
668 585 0
26 585 0
27 232 0
27 585 0
27 704 1
232 585 0
28 585 0
29 585 0
30 585 0
32 585 0
33 585 0
34 585 0
35 585 1
36 301 0
36 473 0
36 585 0
36 379 0
36 41 1
36 15 0
36 260 0
36 190 0
36 158 0
38 585 0
39 585 0
41 585 0
42 311 0
42 329 0
42 585 0
42 260 0
42 379 0
42 301 0
42 158 0
42 219 1
42 190 0
42 473 0
311 585 0
43 585 0
46 585 0
47 585 0
48 28 0
48 46 1
52 585 0
53 260 0
53 379 0
53 585 0
53 190 0
53 158 0
53 473 1
53 301 0
260 585 0
379 585 0
54 585 0
56 219 0
56 585 0
56 692 0
56 301 1
219 585 0
58 585 1
60 585 1
61 585 1
62 585 0
63 585 0
64 585 1
65 585 0
66 585 1
66 647 0
66 668 0
67 104 0
67 601 0
104 585 0
601 585 0
68 585 1
69 585 0
70 219 0
70 585 0
70 692 0
70 301 0
71 585 0
72 585 0
73 585 0
76 585 0
79 585 0
80 585 0
82 585 0
83 585 0
84 585 0
85 311 0
85 329 0
85 585 0
85 260 1
85 379 0
85 301 1
85 158 0
85 219 0
85 190 0
85 473 0
86 585 0
87 585 0
88 585 0
88 716 0
88 782 1
716 299 1
782 585 1
89 585 0
89 667 0
89 703 0
667 585 0
703 585 0
90 443 1
90 521 0
443 585 0
94 585 0
95 585 1
96 585 0
97 585 0
98 585 0
99 585 0
100 585 0
101 585 0
102 585 0
103 568 0
568 585 0
106 585 0
107 104 0
107 557 0
107 601 0
557 585 0
109 585 0
111 585 0
112 585 0
113 585 1
114 585 0
115 585 0
117 585 0
118 585 0
119 585 0
120 585 1
121 585 0
122 585 0
123 585 1
124 470 0
124 585 0
125 585 0
126 585 1
128 585 0
131 585 0
132 154 0
132 343 0
132 585 0
154 585 0
343 585 0
133 585 0
134 585 0
136 585 1
139 585 0
140 585 0
141 585 1
142 622 0
142 763 0
622 585 1
763 585 0
143 585 0
144 585 0
145 585 0
146 585 0
147 585 0
148 585 1
149 585 0
152 585 0
153 585 0
155 83 1
155 472 0
155 585 1
156 585 0
159 585 1
160 585 0
161 585 1
162 585 0
163 585 0
164 585 0
165 585 0
166 585 0
167 585 1
168 137 1
168 240 0
168 585 0
240 585 0
169 585 0
171 83 1
171 472 1
171 585 0
173 585 1
174 585 0
175 585 1
177 585 0
178 585 1
179 585 0
180 327 1
180 585 0
180 684 1
684 585 0
182 585 0
183 585 0
185 585 0
186 172 0
186 796 0
796 585 0
188 585 1
189 585 0
191 585 1
194 481 1
481 585 0
195 585 1
196 585 0
198 585 0
199 585 1
200 585 0
201 585 1
202 585 0
203 585 0
204 585 0
205 360 1
205 543 1
205 585 1
543 585 1
206 585 0
207 585 0
209 585 0
210 585 0
211 585 1
212 434 1
434 585 0
213 585 1
215 585 0
218 585 0
220 585 0
221 585 0
222 585 0
225 585 1
225 616 0
225 753 0
616 585 0
753 585 0
226 585 1
227 307 0
227 458 0
227 585 0
307 585 0
458 585 0
228 585 1
230 585 0
231 464 0
231 723 0
464 585 0
233 138 0
233 433 0
233 585 0
234 585 0
236 585 0
237 585 0
238 585 0
239 585 1
241 585 1
244 585 1
245 585 0
246 260 0
246 379 0
246 585 0
246 190 0
246 158 0
246 473 0
246 301 0
247 585 0
248 99 0
248 131 0
248 585 0
251 585 0
252 585 1
253 585 0
254 585 1
255 172 0
255 796 0
256 95 1
256 265 0
265 585 0
257 509 0
257 564 0
509 585 0
564 585 1
258 585 0
259 585 0
261 585 0
263 585 0
267 585 0
268 585 0
269 585 0
272 585 0
273 585 1
274 585 0
275 585 0
276 585 0
277 585 0
279 585 0
280 585 1
282 585 0
283 585 0
286 585 0
287 585 1
288 585 0
289 585 0
292 154 0
292 343 0
292 585 1
293 585 0
294 585 0
295 96 1
295 531 0
295 585 0
531 585 0
296 585 1
297 585 1
297 616 0
297 753 0
299 585 0
302 585 0
303 585 0
305 585 0
306 585 1
312 585 0
313 585 0
315 585 1
317 585 0
318 585 0
319 585 0
321 80 0
321 156 0
321 585 0
322 570 1
322 576 0
325 585 1
326 585 0
328 585 1
330 585 0
331 585 0
333 585 0
334 585 0
335 585 1
336 158 0
336 190 0
336 585 0
336 301 0
336 329 0
336 473 0
336 219 0
336 260 0
336 15 1
336 379 0
336 311 1
336 41 0
337 585 0
338 585 0
340 585 0
342 585 1
344 585 0
345 585 0
347 585 0
348 585 0
349 585 0
350 585 0
351 403 1
403 585 0
352 585 0
353 585 0
354 585 0
355 585 1
356 585 0
357 585 0
358 585 0
359 585 0
361 585 1
362 585 0
365 585 1
366 503 0
366 585 0
366 746 1
746 585 0
367 585 0
368 187 0
368 226 0
368 585 0
371 585 0
372 585 0
373 585 0
374 585 1
375 585 0
376 585 1
377 585 1
378 585 0
380 585 0
381 140 1
381 285 0
381 585 0
382 585 0
383 585 0
384 585 1
385 251 0
385 585 0
385 618 1
386 585 0
387 1 0
387 460 0
388 585 0
389 443 1
389 521 0
390 585 0
391 251 0
391 585 0
391 618 0
393 585 0
394 585 0
395 585 0
397 585 1
398 585 0
399 585 0
400 585 0
401 585 0
402 585 0
404 1 0
404 460 1
404 585 0
405 585 1
406 585 0
407 585 0
408 585 0
409 15 0
409 283 0
409 585 0
409 41 0
409 301 0
409 379 0
410 585 1
412 166 1
412 492 1
412 585 0
492 585 0
413 585 0
414 360 0
414 543 1
414 585 0
417 127 0
417 351 0
417 585 0
420 585 0
421 585 1
422 585 0
423 585 0
424 585 0
425 585 0
426 585 0
427 585 1
428 520 1
428 667 0
428 703 0
520 470 0
520 585 0
429 195 0
429 200 0
430 585 0
431 585 0
432 585 0
435 585 0
437 585 0
438 585 0
439 585 0
440 585 0
441 585 0
442 585 1
444 129 0
444 585 0
444 615 0
445 585 0
446 585 0
448 585 1
449 166 0
449 492 0
449 585 0
450 585 0
451 585 0
452 585 0
453 585 0
454 585 0
455 585 0
456 585 0
459 585 0
462 368 1
463 585 0
465 301 0
465 473 0
465 585 0
465 379 1
465 41 0
465 15 0
465 260 0
465 190 0
465 158 0
466 187 0
466 226 1
466 585 0
467 585 0
468 98 0
468 287 0
469 585 0
471 585 0
474 585 0
476 585 1
478 585 0
479 15 0
479 283 0
479 585 1
479 41 0
479 301 0
479 379 0
480 585 0
480 592 0
480 693 0
592 585 0
482 41 1
482 585 0
482 672 0
482 379 1
482 260 0
482 15 0
482 329 0
672 585 0
483 585 1
485 585 1
486 585 0
487 98 0
487 287 0
487 585 0
488 585 1
489 585 0
490 585 0
491 221 0
491 544 0
493 585 0
494 585 0
495 585 0
496 585 0
497 585 1
499 585 0
500 585 0
501 96 0
501 531 1
502 585 0
504 592 0
504 693 1
505 585 0
506 585 0
507 585 0
508 585 0
510 585 0
511 585 0
512 28 0
512 46 0
513 195 0
513 200 0
513 585 0
514 585 0
515 585 1
516 585 0
517 585 0
518 585 0
519 585 1
522 585 1
523 585 0
524 585 0
525 585 0
528 585 0
529 631 1
529 740 0
530 112 1
530 452 0
532 585 0
533 585 1
534 585 0
535 585 0
537 585 0
539 585 0
541 585 1
542 585 0
545 585 0
545 622 0
545 763 0
547 585 0
548 327 0
548 585 1
548 684 0
549 585 0
552 585 0
554 585 0
555 585 0
558 585 0
559 585 0
561 585 0
562 585 1
563 585 0
565 585 1
566 464 0
566 585 0
566 723 1
567 585 0
571 585 0
575 585 0
577 95 0
577 265 0
578 585 0
579 585 0
580 585 0
581 585 0
582 585 0
583 585 0
584 585 1
586 585 0
587 585 1
588 585 0
589 221 0
589 544 0
589 585 0
590 585 0
591 585 0
594 585 1
596 585 1
597 585 0
598 585 0
599 585 0
600 585 0
602 585 0
603 585 0
604 585 0
604 642 0
604 717 0
642 585 0
717 585 0
605 585 0
606 585 1
607 585 0
609 585 0
611 585 0
612 585 1
614 585 0
617 585 0
619 232 0
619 704 0
620 440 0
621 585 0
621 602 1
621 713 0
713 585 0
626 585 0
627 585 0
628 585 1
629 153 0
630 60 0
630 390 0
632 585 0
633 585 0
634 602 0
634 713 0
636 585 0
637 585 1
638 144 0
638 341 1
638 585 0
639 585 0
640 585 0
641 585 0
645 212 0
645 657 0
646 585 0
648 585 1
649 138 1
649 433 0
649 585 0
650 585 1
651 585 0
652 137 0
652 240 0
652 585 0
653 585 0
654 212 1
654 585 1
654 657 0
655 585 0
656 43 0
656 661 0
658 585 0
659 144 0
659 341 0
659 585 0
660 585 0
663 585 0
664 585 1
665 585 1
669 299 0
669 432 0
669 585 0
670 200 0
671 585 0
673 585 0
674 585 0
674 642 0
674 717 0
675 585 0
676 585 0
677 140 0
677 285 1
677 585 1
678 585 0
680 585 0
681 585 0
682 585 0
686 585 0
687 585 0
688 585 0
689 299 0
689 432 1
695 585 0
696 585 0
698 585 0
700 585 0
701 307 0
701 458 1
702 585 0
705 585 0
706 509 0
706 564 0
706 585 0
707 585 0
708 585 0
709 585 0
710 585 0
711 112 1
711 452 0
711 585 1
712 585 0
715 585 0
720 585 0
722 585 0
724 585 0
725 585 0
726 585 0
727 585 0
729 585 0
730 99 0
730 131 1
731 585 0
732 129 0
732 585 0
732 615 0
733 19 0
733 169 1
733 585 0
734 585 0
735 585 1
736 585 0
737 585 0
739 127 1
739 351 0
741 585 0
742 585 0
744 585 0
745 585 0
748 585 0
749 585 1
750 585 0
751 80 0
751 156 0
751 585 1
752 585 0
755 585 0
756 585 0
757 585 0
758 585 0
760 585 0
761 585 1
762 585 0
762 716 0
762 782 0
764 503 0
764 585 0
764 746 0
765 585 1
766 585 0
767 585 0
768 585 0
769 585 0
770 585 0
771 19 0
771 169 0
772 585 1
774 585 0
776 585 0
777 585 0
779 585 0
785 585 0
786 585 0
787 585 0
788 585 0
789 585 0
790 585 0
791 60 0
791 390 1
791 585 1
792 585 0
793 41 0
793 585 0
793 672 1
793 379 0
793 260 1
793 15 0
793 329 0
794 585 1
795 43 1
795 661 0
798 585 0
799 585 1
