0 199 0
1 103 0
1 131 0
1 163 0
1 199 0
1 41 0
1 60 0
1 114 1
1 14 1
1 35 0
103 199 0
131 199 1
2 199 1
3 199 0
4 199 0
6 14 0
6 35 0
6 199 1
6 143 0
6 114 1
6 46 0
6 91 0
7 199 0
8 199 0
10 199 0
11 199 0
13 199 1
16 199 0
17 199 1
18 199 0
19 199 0
20 199 0
21 199 0
22 199 0
23 199 0
24 199 0
26 199 0
27 199 0
30 140 0
140 199 0
31 46 0
31 91 0
31 14 1
31 35 1
31 199 0
31 60 0
31 41 0
31 128 1
46 20 0
32 199 0
33 199 0
34 199 0
37 199 0
38 199 0
39 41 0
39 86 0
39 199 0
39 60 0
39 114 0
39 46 0
39 91 0
39 140 0
39 115 0
39 143 0
39 14 0
39 35 1
41 199 0
86 199 1
40 199 0
42 199 1
43 71 0
43 134 0
71 199 0
44 199 0
45 199 1
47 199 0
48 60 0
48 128 0
48 199 0
48 14 0
48 35 0
48 174 0
48 143 0
48 46 0
48 91 1
48 86 0
48 114 0
128 199 1
49 115 0
49 140 0
49 199 1
49 143 0
49 128 0
49 86 0
49 46 0
49 91 0
49 60 0
115 146 0
50 199 0
51 199 0
52 199 0
54 199 0
55 199 1
56 152 0
152 199 0
57 199 0
58 199 0
59 199 0
61 199 0
62 199 0
63 199 0
64 60 0
64 128 0
64 199 0
64 14 0
64 35 0
64 174 0
64 143 1
64 46 0
64 91 0
64 86 0
64 114 0
65 143 0
65 174 0
65 199 0
65 128 1
65 114 0
65 60 0
65 41 1
143 199 0
67 199 0
70 46 0
70 91 0
70 199 0
70 14 0
70 35 1
70 60 0
70 41 0
70 128 0
72 199 0
73 199 0
74 199 0
75 95 0
75 118 0
75 162 0
118 199 1
162 199 0
76 199 1
77 199 0
78 199 0
79 151 0
151 199 0
80 199 0
81 199 0
82 199 0
83 199 0
84 199 0
85 71 0
85 134 0
87 199 0
88 199 0
90 199 0
92 199 0
93 95 1
93 118 1
93 199 0
94 199 1
96 199 1
97 199 0
98 199 0
99 114 0
99 199 0
99 131 1
99 163 0
99 128 0
99 174 0
99 143 0
114 199 1
100 117 0
117 199 0
101 20 0
102 199 0
104 199 0
105 199 0
106 199 0
107 38 0
108 199 1
111 199 0
112 199 0
146 199 0
116 199 0
120 199 0
121 199 1
122 199 1
123 199 0
124 56 0
124 126 0
124 199 0
126 50 0
125 199 0
127 56 0
127 105 0
127 126 0
129 199 0
130 41 1
130 86 0
130 199 1
130 60 0
130 114 0
130 46 0
130 91 0
130 140 0
130 115 0
130 143 0
130 14 1
130 35 0
132 115 0
132 140 0
132 199 0
132 143 0
132 128 0
132 86 0
132 46 0
132 91 0
132 60 0
133 199 0
136 199 0
137 131 0
137 163 0
137 199 0
137 41 0
137 60 0
137 114 0
137 14 1
137 35 0
138 199 0
139 199 1
141 57 0
142 14 1
142 35 0
142 199 0
142 143 0
142 114 0
142 46 0
142 91 0
145 199 0
147 199 1
148 199 0
153 159 0
159 114 0
159 199 0
159 131 0
159 163 0
159 128 1
159 174 1
159 143 0
154 50 0
155 199 0
157 199 0
158 199 0
160 199 1
164 199 1
165 199 1
166 199 1
168 199 1
169 199 1
171 199 0
172 199 0
173 199 0
175 199 0
176 117 1
178 199 0
179 199 0
180 199 0
181 199 0
182 199 1
183 55 0
184 199 0
185 54 0
186 199 0
187 199 0
188 199 0
190 199 0
192 199 1
193 199 0
194 199 0
196 199 0
197 143 0
197 174 0
197 199 0
197 128 1
197 114 0
197 60 0
197 41 0
198 199 1
