0 470 1
1 470 0
2 470 0
3 890 0
890 470 1
4 889 1
889 470 0
5 275 0
275 557 0
6 510 0
510 470 1
7 470 1
8 76 1
76 113 0
9 470 0
10 760 1
760 548 0
11 228 1
228 879 0
12 470 0
13 470 0
14 470 0
16 470 0
17 470 1
18 351 0
351 470 1
19 863 1
863 470 0
20 470 1
21 557 1
557 470 0
22 470 1
23 470 0
24 161 0
161 470 0
25 114 0
114 910 0
26 284 1
284 470 0
27 470 0
28 470 0
29 48 1
48 470 1
30 329 0
329 56 1
31 470 0
32 857 0
857 470 0
33 470 1
34 249 1
249 915 1
35 470 1
36 470 0
37 626 1
626 470 0
38 344 1
344 470 1
39 324 1
324 480 1
40 155 1
155 470 0
41 725 0
725 470 1
42 470 1
43 470 1
44 469 0
469 470 1
45 389 1
389 470 0
46 697 1
697 470 1
47 717 1
717 470 0
49 70 1
70 470 0
50 470 1
51 470 1
52 965 0
965 951 1
54 470 1
55 470 0
56 470 1
57 507 1
507 470 0
58 141 1
58 305 0
58 470 0
58 472 1
58 477 0
58 10 0
58 802 0
58 547 1
58 737 0
58 529 1
58 456 0
58 928 1
58 83 0
58 514 1
141 470 1
305 557 0
59 240 1
240 470 1
60 470 0
61 470 0
62 278 1
278 470 0
63 470 1
64 433 1
433 470 1
65 470 1
66 470 1
67 470 1
68 295 1
295 470 0
69 470 0
71 470 0
72 470 0
73 470 0
74 984 0
984 470 0
75 230 1
230 470 0
113 470 0
77 470 1
78 470 1
79 156 1
156 470 1
80 470 0
81 374 0
374 470 0
82 470 0
83 699 0
699 470 1
84 470 0
85 253 1
253 470 0
86 561 0
561 470 0
87 269 0
269 470 1
88 392 0
392 487 0
89 428 1
428 470 1
90 470 0
91 470 1
92 470 0
93 470 1
94 81 1
95 470 1
97 470 0
98 506 0
506 470 0
100 794 1
794 0 0
101 470 0
102 995 0
995 470 0
103 470 0
104 861 1
861 453 0
105 345 1
345 470 0
106 470 0
107 145 1
145 470 1
108 83 1
108 466 0
108 514 1
108 470 0
108 737 1
108 456 1
108 10 1
108 802 0
108 141 0
466 472 0
466 477 0
466 570 0
466 470 1
466 928 0
466 547 1
466 456 0
466 737 0
514 470 0
109 470 0
110 952 1
952 470 1
111 470 0
112 404 1
404 829 0
910 470 0
115 470 0
116 470 1
117 647 0
647 981 0
119 813 0
813 470 0
120 470 0
121 184 0
121 384 1
121 450 0
184 470 0
384 238 0
450 470 1
122 511 0
511 343 1
123 470 0
124 470 0
125 470 0
127 470 1
128 470 0
129 470 1
129 547 1
129 928 0
129 472 1
129 477 0
129 737 0
129 529 0
129 83 0
129 514 1
129 305 0
547 459 0
928 470 1
130 470 0
131 456 0
131 470 1
131 737 0
131 10 1
131 802 1
131 305 0
131 141 0
131 529 1
131 547 0
131 472 1
131 477 1
456 470 0
737 547 1
132 329 1
133 470 1
134 470 0
135 470 0
136 470 1
138 470 0
139 359 1
359 202 1
140 470 0
142 124 1
143 470 1
144 470 0
146 35 0
147 470 1
148 470 0
149 870 1
870 470 1
150 382 1
382 470 0
151 470 1
152 470 0
153 889 1
154 470 0
157 438 0
438 470 1
158 548 0
548 470 0
159 470 1
160 974 1
974 470 1
162 278 1
163 470 1
164 941 0
941 583 1
165 470 1
166 183 0
183 470 0
167 470 0
168 27 0
169 470 1
170 470 1
173 470 1
174 329 0
175 567 1
567 470 0
176 173 0
177 470 1
178 470 1
179 470 1
180 470 1
181 487 0
487 470 1
182 113 1
185 470 1
186 470 1
187 470 1
188 554 1
554 470 1
189 765 1
765 470 0
190 752 0
752 470 0
191 156 0
192 470 0
193 703 0
703 470 0
195 470 1
196 470 1
197 470 1
198 601 1
601 470 1
199 337 1
337 470 1
200 470 0
201 470 1
202 470 1
203 470 0
204 502 0
502 278 1
205 150 0
206 876 0
876 974 1
207 630 1
630 813 0
208 705 1
705 892 1
209 567 0
210 470 1
211 470 1
212 470 1
213 470 0
214 470 1
215 904 1
904 470 1
216 804 0
804 340 0
217 142 1
218 648 1
648 470 1
219 470 1
220 185 1
221 58 1
222 470 1
223 470 0
223 500 0
223 618 0
500 470 0
618 974 1
224 345 0
225 470 0
227 470 1
879 470 0
229 470 0
231 470 1
232 858 0
858 470 1
233 240 1
234 470 0
235 470 1
236 470 0
237 386 1
386 470 1
238 470 1
239 470 1
241 470 1
242 470 1
243 111 1
244 470 0
245 470 1
248 470 1
915 470 0
250 470 1
251 470 0
252 470 1
254 919 1
919 470 0
255 389 0
256 470 0
258 714 0
714 470 1
259 470 0
260 793 0
793 470 1
262 707 0
707 470 1
263 470 1
265 554 1
266 666 0
666 470 0
267 470 0
268 250 1
270 470 1
271 470 0
272 470 1
273 470 1
276 470 1
277 500 0
277 519 1
277 618 0
519 967 0
279 470 0
280 974 1
281 202 1
283 470 0
285 10 0
285 802 0
285 470 1
285 141 0
285 456 0
285 305 0
285 547 1
802 129 1
286 579 1
579 567 1
287 337 1
288 580 1
580 470 0
289 689 0
689 470 0
290 239 0
291 24 1
291 256 1
291 978 1
978 7 0
292 736 1
736 470 1
293 114 0
294 470 0
296 546 0
546 470 1
297 470 1
298 470 0
299 552 0
552 470 0
300 470 0
301 470 1
302 442 0
442 540 0
303 470 0
303 529 1
303 141 1
303 305 1
303 472 0
303 477 0
303 928 0
303 10 1
303 802 0
529 470 0
304 519 1
307 470 0
308 557 1
309 470 0
310 926 1
926 470 0
311 470 1
312 909 1
909 470 0
313 470 0
314 470 1
315 703 1
316 470 0
317 470 0
318 470 0
319 806 1
806 470 0
320 236 0
321 27 0
322 470 0
323 470 0
480 48 0
325 470 0
326 219 1
327 603 1
603 470 0
328 470 1
330 470 1
331 470 0
332 579 0
333 470 1
334 337 0
335 470 0
336 470 0
338 470 0
339 628 1
628 470 1
340 377 1
340 611 0
340 702 1
611 976 1
702 470 0
341 470 1
342 470 0
343 71 0
346 343 1
347 470 1
348 470 1
349 546 0
350 470 0
352 470 0
353 793 0
354 81 1
355 470 0
356 714 0
357 113 0
358 953 1
953 552 0
360 470 0
361 847 0
847 470 1
362 337 1
362 377 1
362 611 1
363 48 0
364 249 1
365 470 0
367 470 0
368 470 0
369 794 0
370 470 0
371 470 0
372 557 1
373 714 1
375 456 0
375 470 0
375 737 1
375 10 0
375 802 0
375 305 0
375 141 0
375 529 1
375 547 0
375 472 1
375 477 1
376 333 1
379 185 1
380 689 1
381 24 1
383 691 0
691 470 0
385 909 1
387 185 1
388 470 0
390 470 1
394 250 0
395 470 1
396 8 1
397 470 1
398 470 0
399 717 0
400 785 1
785 470 1
401 645 0
645 428 0
402 459 0
459 322 0
403 470 1
829 470 0
405 470 0
406 470 1
407 470 1
408 470 1
409 470 0
410 534 1
534 470 0
411 191 1
412 470 0
413 470 1
414 230 0
415 470 0
416 470 1
417 717 0
418 470 1
419 470 1
419 472 1
419 477 1
419 928 1
419 547 0
419 456 1
419 737 0
472 470 0
477 470 0
421 470 1
422 470 1
423 803 1
803 800 0
425 470 0
426 376 1
427 470 0
429 470 0
430 470 0
431 470 1
434 186 1
435 608 1
608 470 1
436 564 1
564 470 0
437 793 0
439 470 1
440 470 1
441 470 0
540 470 0
443 140 0
444 470 0
445 470 1
446 463 0
463 829 0
447 619 0
619 470 1
448 470 0
449 511 0
452 735 1
735 470 1
453 470 1
454 470 1
455 104 1
457 952 0
458 470 0
460 371 0
461 402 1
464 594 0
594 470 1
465 193 0
570 470 1
467 470 0
468 470 0
471 537 0
537 470 1
473 470 1
474 470 1
478 470 0
479 470 0
481 525 1
525 470 1
483 337 0
484 470 0
485 293 1
486 470 1
488 470 1
489 470 1
490 584 0
584 221 1
491 850 1
850 470 0
492 470 0
493 4 0
494 470 0
495 470 1
496 470 1
497 459 1
498 470 1
499 919 0
501 470 0
503 470 1
504 470 1
508 470 0
509 470 0
512 491 1
513 470 1
515 470 0
516 470 0
517 403 1
518 918 1
918 504 1
967 470 0
520 438 0
521 438 0
521 732 1
521 789 0
732 557 1
789 470 1
522 470 0
522 529 0
522 847 0
522 141 1
522 305 0
522 472 0
522 477 0
522 928 0
522 10 0
522 802 1
523 544 0
544 398 0
524 470 1
526 470 0
527 882 1
882 470 0
528 410 1
530 470 1
531 220 1
532 470 1
533 557 0
535 470 1
536 435 1
538 712 0
712 470 1
539 440 0
541 608 1
542 344 0
543 566 1
566 192 0
545 879 0
549 995 1
550 470 1
551 470 1
553 106 0
556 569 0
569 470 0
558 659 0
659 470 0
559 514 1
560 520 1
562 907 1
907 470 1
563 253 0
565 344 1
568 470 0
571 690 0
690 470 0
572 470 0
573 470 1
574 197 0
575 155 0
576 470 0
577 47 1
578 16 0
581 470 1
582 642 1
642 765 0
583 890 0
585 778 0
778 583 1
587 253 0
588 468 0
589 557 1
591 770 0
770 779 0
592 470 0
593 470 1
595 470 0
596 83 1
596 454 1
596 514 0
596 470 0
596 737 0
596 456 1
596 10 1
596 802 0
596 141 0
597 684 1
684 470 0
598 363 1
599 714 0
600 470 1
602 470 0
604 470 1
605 470 1
606 470 1
607 470 0
609 886 1
886 470 1
976 484 0
613 155 1
614 470 1
615 129 0
616 54 1
617 470 1
620 374 0
621 675 0
675 253 0
622 0 1
623 470 0
624 474 1
625 470 1
627 470 1
629 242 1
631 185 1
632 470 0
633 637 0
637 470 0
634 470 0
635 145 0
636 371 0
638 967 0
639 553 0
640 470 0
641 470 1
643 470 1
644 735 0
646 470 1
981 470 0
649 470 0
651 470 1
652 959 0
959 470 1
653 777 0
777 470 0
654 470 1
655 23 1
656 792 0
792 470 1
657 545 0
658 470 0
660 470 0
661 470 1
662 109 1
663 470 0
664 896 0
896 470 0
665 813 1
667 470 1
668 467 0
669 470 1
670 470 1
671 552 1
672 690 0
674 470 1
676 470 0
677 470 1
678 470 0
679 844 0
844 470 0
680 470 0
681 470 1
682 707 1
683 470 0
685 904 1
686 97 0
687 470 0
688 313 1
692 328 1
693 398 1
694 328 0
695 470 1
696 87 1
698 470 0
700 375 0
701 256 0
701 470 1
701 978 1
704 470 0
892 470 1
706 376 1
708 168 0
709 146 0
710 470 1
713 344 1
715 401 0
716 470 0
718 35 0
719 470 0
720 422 1
721 981 1
722 470 1
723 470 1
724 470 1
726 69 0
727 770 1
728 141 0
728 305 1
728 470 1
728 472 1
728 477 0
728 10 0
728 802 0
728 547 0
728 737 0
728 529 1
728 456 1
728 928 1
728 83 0
728 514 0
729 470 1
730 470 1
731 470 1
733 470 1
734 470 0
738 402 1
739 470 1
740 557 0
741 516 0
742 582 0
743 470 0
744 470 1
745 470 1
746 2 1
747 915 0
748 951 1
951 470 0
749 365 0
750 735 0
751 470 1
753 218 0
754 470 1
755 470 1
756 470 0
757 248 0
758 470 1
759 470 1
761 863 0
762 910 1
763 470 0
764 470 0
766 470 0
767 823 0
823 470 0
768 470 1
769 724 1
779 546 1
771 470 0
772 470 0
773 780 1
780 470 0
774 714 0
775 470 0
776 371 1
781 557 1
782 470 0
783 470 1
784 470 1
786 470 1
787 470 1
788 622 1
790 949 0
949 470 0
791 76 1
795 459 0
796 71 1
797 249 1
798 470 1
799 10 1
799 239 1
799 802 0
799 470 1
799 141 1
799 456 1
799 305 1
799 547 0
800 470 1
801 470 1
805 470 0
807 470 1
808 470 0
809 116 1
810 952 1
811 849 1
849 470 0
812 470 1
814 359 0
815 470 1
816 470 0
817 470 0
818 714 1
819 965 1
820 470 1
821 995 1
822 470 1
825 644 0
826 470 1
827 470 0
828 735 1
830 470 1
831 454 0
832 470 1
833 470 1
834 470 0
835 470 0
836 470 1
837 470 0
838 470 1
839 401 0
840 114 0
841 908 0
908 470 0
842 470 1
843 184 0
843 384 0
843 836 1
845 470 0
846 470 0
848 770 0
851 622 1
854 438 1
855 470 0
856 974 1
859 281 0
860 470 0
862 855 1
864 760 1
865 65 1
866 694 0
867 561 0
868 604 0
869 818 0
871 470 1
872 470 1
873 395 0
873 650 0
873 889 0
874 470 1
875 470 0
877 857 0
878 857 0
880 540 1
881 470 0
883 470 0
884 879 1
885 603 0
887 185 0
888 470 1
891 470 1
893 777 0
894 470 0
895 470 1
897 470 1
898 989 0
989 450 0
899 470 1
900 470 1
901 470 1
902 912 0
912 395 0
912 470 1
912 650 0
903 75 0
905 352 1
906 470 0
911 163 0
913 470 0
914 714 0
916 470 1
917 398 1
920 540 0
921 345 1
922 470 1
923 470 0
924 470 1
925 470 0
927 403 0
929 470 0
930 907 0
931 470 0
933 470 0
935 470 1
936 470 0
937 974 1
939 267 0
940 470 1
943 435 0
944 470 1
945 470 0
946 470 1
947 382 0
948 470 1
950 470 0
954 470 1
955 337 1
956 395 1
957 627 0
958 540 1
960 765 0
961 470 0
962 470 1
963 470 0
964 470 0
966 847 1
968 470 1
969 855 1
970 470 1
970 547 1
970 928 0
970 472 1
970 477 0
970 737 0
970 529 1
970 83 1
970 514 1
970 305 0
971 318 0
972 951 0
975 141 0
975 438 0
975 789 1
977 903 1
979 888 0
980 234 0
982 506 0
983 401 1
985 267 1
986 465 1
987 470 0
988 470 1
990 470 0
991 793 0
992 470 0
993 470 1
994 470 0
996 470 1
997 489 1
998 470 1
999 717 0
