0 21 0
0 163 0
0 122 0
2 122 0
2 163 0
2 21 0
122 163 0
3 163 0
4 47 0
4 66 0
66 163 0
6 72 1
6 140 0
6 163 0
6 193 0
193 163 1
7 114 0
7 126 0
114 163 0
126 163 0
12 122 0
12 163 1
12 21 0
13 27 0
13 187 0
27 163 1
187 163 0
20 93 0
20 183 0
93 163 0
183 163 0
22 163 1
28 163 1
31 163 0
33 163 0
36 22 0
36 163 0
37 65 0
37 67 0
37 163 0
65 163 0
67 52 1
67 163 0
38 81 0
38 151 0
151 163 0
39 106 1
39 163 0
39 193 1
40 72 0
40 140 0
40 163 0
41 148 1
41 163 0
148 163 0
42 163 0
43 114 0
43 126 1
44 14 0
44 90 0
44 163 0
90 163 0
46 141 0
46 189 1
189 163 1
48 163 0
50 71 0
50 80 1
80 163 0
51 94 0
51 122 0
51 127 1
51 153 1
51 163 0
51 21 0
94 163 0
127 163 0
52 163 0
53 163 0
58 57 0
58 163 0
58 182 1
182 163 0
60 42 1
60 124 0
124 163 0
62 49 0
62 199 0
64 163 0
69 163 0
69 188 0
69 194 0
70 55 0
70 100 0
73 71 0
73 80 0
75 64 0
75 102 0
75 163 0
76 163 1
77 163 0
78 163 0
79 163 0
82 94 1
82 153 0
84 163 0
85 116 0
85 123 1
85 163 0
87 2 0
87 55 0
87 100 0
87 163 0
88 163 1
88 170 0
88 178 0
178 88 0
178 163 0
89 84 0
89 122 0
89 163 0
89 21 1
92 163 0
97 14 0
97 90 0
103 9 0
103 52 1
104 163 1
105 163 0
109 170 0
109 178 0
111 49 0
111 163 1
111 199 0
112 163 0
113 163 0
117 163 0
118 27 0
118 187 0
119 68 0
119 148 0
121 188 0
121 194 0
125 106 0
125 193 0
128 79 0
128 163 0
129 42 0
129 124 1
129 163 0
130 48 0
130 185 0
185 163 0
131 163 0
132 141 0
132 189 0
133 41 0
133 155 0
136 5 1
136 163 0
136 171 0
137 84 0
137 122 0
137 163 0
138 163 0
139 107 0
139 138 0
144 93 0
144 183 0
145 163 0
146 163 0
149 41 0
149 155 1
149 163 0
150 163 1
154 163 0
156 163 1
158 65 0
158 67 1
158 163 1
159 9 0
159 52 1
160 78 0
160 135 0
161 21 0
161 163 0
161 122 0
162 107 0
162 138 0
164 163 1
165 154 1
165 164 0
166 78 0
166 135 0
167 163 0
169 57 1
169 182 0
174 47 1
174 66 1
176 154 0
176 164 0
180 5 1
180 171 0
181 48 0
181 163 0
181 185 0
184 163 0
190 64 0
190 102 0
191 92 1
191 163 0
192 68 0
192 148 0
195 81 0
195 151 0
197 116 0
197 123 0
198 163 1
