0 134 1
1 131 0
1 134 0
1 163 1
1 140 0
1 91 0
1 174 1
1 14 0
1 35 0
1 143 0
1 115 0
1 46 0
131 27 0
3 134 0
4 102 0
102 31 1
6 14 0
6 35 0
6 134 1
6 140 0
6 115 0
6 91 1
6 174 1
14 34 0
35 144 0
7 134 0
8 85 0
85 71 1
85 134 0
85 91 0
85 163 0
85 46 0
9 134 0
10 190 0
190 134 0
11 134 0
13 134 1
34 134 0
15 54 0
54 116 0
16 134 0
17 56 0
56 134 0
18 17 0
19 134 0
20 134 1
22 64 0
64 134 1
23 134 1
24 134 0
26 134 0
27 134 0
28 61 0
61 65 0
30 86 0
86 171 0
31 46 1
31 91 1
31 134 0
31 143 0
31 71 0
31 115 0
31 14 1
31 35 0
91 134 0
32 134 0
33 134 0
144 134 1
36 140 0
140 134 0
37 134 0
38 134 0
39 41 0
39 86 0
41 134 0
40 160 1
160 134 0
42 157 0
157 134 0
43 71 1
43 134 0
43 91 0
43 163 0
43 46 0
71 134 0
44 97 1
97 134 0
45 134 1
47 24 0
48 16 1
49 115 1
49 134 1
49 140 0
49 14 1
49 35 0
49 71 0
49 143 0
49 91 0
49 131 0
49 163 1
115 52 0
50 134 0
51 100 0
100 171 0
52 171 0
171 134 0
53 57 0
57 54 0
116 134 0
55 134 1
58 134 1
59 134 0
60 104 1
104 134 0
65 134 1
65 143 0
65 174 0
65 131 0
65 163 1
65 46 0
65 140 1
65 91 1
65 14 0
65 35 1
65 71 0
62 134 0
63 134 1
143 134 1
174 134 0
67 190 0
70 46 1
70 91 1
70 134 0
70 143 0
70 71 0
70 115 0
70 14 0
70 35 0
72 76 0
76 134 0
73 134 1
74 134 0
77 76 0
78 134 0
79 134 0
80 134 1
82 63 1
83 134 0
84 134 1
87 3 0
88 134 0
89 100 1
92 134 0
93 134 0
94 54 0
95 134 0
96 134 0
98 85 0
99 134 0
101 65 0
103 178 1
178 134 0
105 134 0
106 3 1
107 134 1
108 134 0
109 134 0
110 134 0
111 196 1
196 134 1
112 16 0
113 171 1
114 134 0
117 169 0
169 134 0
118 33 0
119 98 0
120 134 0
121 134 0
122 134 0
123 134 0
124 134 0
125 117 1
126 83 0
127 61 0
128 178 1
129 49 0
130 41 0
130 86 0
130 134 0
132 115 1
132 134 0
132 140 1
132 14 0
132 35 0
132 71 0
132 143 1
132 91 1
132 131 0
132 163 0
133 116 1
136 134 0
137 131 0
137 134 0
137 163 0
137 140 0
137 91 0
137 174 0
137 14 1
137 35 0
137 143 0
137 115 0
137 46 0
138 96 1
139 134 0
141 134 0
142 14 0
142 35 0
142 104 0
142 134 0
142 140 0
142 115 0
142 91 0
142 174 0
145 134 0
146 134 0
147 134 0
148 65 0
149 134 0
150 52 0
151 134 0
152 134 0
153 134 0
154 134 0
155 134 1
158 134 1
159 199 0
199 134 0
162 61 0
164 134 0
165 134 0
166 134 0
168 178 0
172 180 0
180 134 1
173 134 1
175 134 1
176 47 0
179 159 1
181 134 0
182 134 0
183 103 0
184 134 0
186 50 0
187 134 0
188 134 0
192 134 0
193 42 0
194 86 0
195 98 0
197 134 0
197 143 0
197 174 0
197 131 0
197 163 1
197 46 1
197 140 0
197 91 0
197 14 0
197 35 0
197 71 0
198 83 0
