0 162 0
0 339 0
0 358 0
0 114 1
0 280 1
0 115 1
162 307 1
162 338 0
162 358 1
162 115 0
162 349 0
162 318 0
162 280 1
339 358 1
2 358 1
3 156 1
3 358 0
156 358 0
4 223 0
4 358 0
223 358 0
5 69 1
5 322 0
69 358 0
322 358 0
6 358 1
7 114 0
7 126 1
114 358 1
126 358 0
9 144 0
9 280 0
144 193 0
144 358 0
280 358 1
10 358 0
11 358 1
12 115 1
12 358 0
12 318 1
12 114 1
12 10 1
12 349 1
12 307 0
12 338 1
115 318 1
115 358 0
115 114 0
115 307 1
115 338 0
115 162 0
115 349 0
13 69 0
13 322 1
14 358 1
15 358 1
18 358 1
18 389 1
389 358 0
21 358 0
22 358 0
23 358 1
24 358 0
25 358 1
26 358 1
27 118 0
27 349 1
27 358 0
27 280 0
27 115 0
27 318 0
27 307 1
27 338 1
27 10 0
349 358 0
28 114 0
28 358 1
28 115 0
28 318 1
28 349 0
30 121 0
30 358 1
121 358 0
31 358 1
32 358 1
33 358 0
35 358 0
36 358 0
37 358 0
38 281 1
38 351 0
281 358 1
351 203 0
351 358 1
39 42 0
39 358 0
39 359 0
42 358 0
359 358 1
40 358 0
41 133 0
41 187 1
187 358 0
43 114 0
43 126 0
43 358 1
43 115 0
43 318 0
43 349 1
44 242 0
44 324 0
44 358 0
242 199 1
242 358 1
324 82 0
324 115 1
324 358 1
324 280 0
324 318 0
324 349 1
324 307 0
324 338 1
45 358 0
47 358 1
48 358 0
49 62 1
49 142 1
49 321 1
49 358 1
62 358 0
142 116 1
142 358 0
50 358 1
51 358 0
52 237 0
52 358 0
237 358 0
54 358 0
55 358 1
57 358 1
58 358 1
60 358 0
61 358 0
63 358 0
63 390 0
390 123 1
390 358 0
65 237 1
65 261 1
65 358 1
261 358 1
66 358 0
67 358 0
68 358 1
70 358 1
71 358 1
72 133 0
72 187 0
72 358 1
73 358 1
75 102 0
75 215 0
75 264 0
75 358 0
102 358 1
215 358 1
264 358 0
77 358 0
78 358 0
80 358 0
81 213 0
81 358 1
213 358 0
82 358 0
83 358 0
84 137 0
84 289 0
84 358 0
289 358 0
85 358 1
86 358 0
87 358 0
88 68 0
88 243 1
88 358 1
88 370 1
88 378 0
243 358 1
370 358 1
378 358 1
89 3 1
89 358 0
91 302 0
91 358 0
302 358 0
94 358 1
95 358 1
96 358 1
97 149 1
97 214 1
149 358 1
98 358 1
100 67 1
100 249 0
100 358 1
249 358 0
104 358 0
107 358 0
108 358 0
110 358 0
111 358 0
113 358 0
318 242 0
318 358 0
116 111 0
116 210 0
116 285 1
116 358 0
210 358 1
117 358 1
119 268 0
119 348 0
268 358 0
348 358 1
120 358 0
122 358 0
123 358 1
124 60 0
124 326 0
124 358 1
125 358 0
127 256 0
127 358 0
256 358 1
128 358 1
129 358 0
130 358 0
131 358 1
134 358 0
135 243 1
135 360 1
360 358 1
136 358 1
136 390 1
138 292 1
138 358 0
292 358 1
139 307 0
139 338 1
139 358 0
139 115 0
139 349 1
139 318 0
139 280 0
307 358 1
338 358 0
141 358 0
143 358 1
193 111 0
193 358 1
145 358 0
146 358 0
147 358 0
148 64 0
148 197 0
148 358 1
197 358 0
150 358 0
150 399 1
399 62 1
399 321 1
399 358 0
152 148 1
152 358 1
153 51 1
153 82 1
153 358 1
154 358 0
155 358 0
157 358 0
159 358 1
161 358 1
161 363 0
363 358 0
163 358 1
164 358 0
164 360 0
165 296 0
165 358 0
296 318 1
296 358 1
296 115 1
296 307 0
296 338 1
296 114 0
166 243 1
166 360 0
168 358 0
169 148 1
169 358 1
170 42 0
170 258 1
170 358 1
258 344 1
258 358 1
171 358 1
171 384 0
384 358 0
172 358 1
174 358 0
175 125 1
175 187 0
175 358 1
176 354 0
176 358 0
176 364 1
354 358 0
177 198 1
177 358 1
198 358 0
180 358 0
181 358 1
182 62 1
182 358 0
183 242 1
183 358 1
184 358 0
185 358 0
188 358 1
189 358 1
190 102 0
190 264 1
191 358 0
194 123 1
194 388 1
195 125 0
195 358 1
196 358 0
199 358 0
200 358 1
201 358 1
202 358 1
203 358 0
204 299 1
204 358 1
299 358 0
206 358 1
207 358 1
211 358 0
212 55 1
212 358 1
218 10 0
218 358 0
218 115 1
218 162 0
218 114 1
218 280 0
218 318 0
220 183 0
220 293 1
293 358 0
221 358 1
224 358 0
225 358 1
226 358 0
227 358 1
228 358 0
229 358 0
230 358 0
231 358 0
232 358 1
233 10 0
233 358 1
233 115 1
233 162 1
233 114 1
233 280 1
233 318 0
234 358 0
235 358 0
238 358 1
239 358 1
240 358 0
244 227 0
244 358 0
246 358 0
247 136 1
247 358 1
248 358 0
250 15 1
250 80 1
250 271 1
250 358 1
252 358 0
254 358 0
255 358 1
257 325 1
257 397 0
397 358 1
344 183 0
344 293 0
344 358 1
259 358 1
260 240 0
260 358 1
262 358 1
265 58 1
265 358 0
266 358 0
269 123 0
269 358 0
269 388 1
270 358 1
272 206 1
272 240 0
273 71 1
273 80 0
273 271 1
273 358 1
274 358 1
276 55 0
276 358 1
278 64 1
278 162 0
278 197 0
278 358 0
278 114 0
278 280 0
278 115 1
282 358 1
286 358 0
287 358 0
288 358 1
290 149 0
290 214 1
290 358 0
291 358 1
294 206 1
294 240 1
295 358 0
297 358 0
297 366 1
366 258 0
366 358 1
366 382 1
298 358 0
300 280 1
300 358 0
300 115 0
300 349 0
300 318 0
303 144 0
303 280 1
303 358 1
303 115 1
303 349 0
303 318 0
305 358 0
306 325 1
306 358 1
306 397 0
308 358 1
309 370 1
309 378 1
310 358 0
311 358 0
312 111 0
312 358 1
313 358 0
314 202 1
314 243 1
314 358 0
316 51 0
316 82 1
317 358 0
319 358 1
320 318 1
320 358 0
320 114 1
320 162 0
320 349 1
323 111 0
323 285 1
323 358 1
327 358 1
328 4 0
328 358 0
329 242 0
329 324 1
329 358 0
331 358 0
332 358 1
333 358 1
335 358 1
336 205 0
336 371 1
371 358 1
337 358 0
340 137 1
340 289 0
340 358 1
342 358 0
343 358 1
345 358 1
346 358 0
347 358 0
352 358 0
355 60 1
355 326 0
355 358 1
361 358 1
365 354 0
365 364 1
367 358 1
369 258 1
369 358 0
369 382 0
373 358 0
377 358 0
380 205 1
380 358 1
380 371 1
385 358 1
387 118 0
387 349 0
387 358 0
387 280 1
387 115 0
387 318 0
387 307 0
387 338 1
387 10 1
392 268 1
392 348 1
393 42 0
393 115 0
393 358 0
393 359 0
393 280 1
393 114 0
393 349 0
393 10 1
395 281 1
395 351 1
396 358 1
