415 352
425 217
258 256
146 415
312 345
221 71
344 252
279 391
356 485
475 536
278 223
27 251
320 24
109 78
349 553
289 21
355 182
158 123
538 482
160 210
475 606
35 547
524 144
488 152
289 210
460 144
530 581
441 418
459 91
410 607
518 410
194 359
37 239
354 282
464 287
300 368
59 386
64 310
576 522
256 339
420 454
209 157
602 453
303 482
318 521
324 145
215 435
401 63
563 475
92 14
360 20
202 494
248 65
538 160
515 343
438 125
189 604
93 118
132 184
56 31
351 198
535 376
365 6
343 241
534 502
175 123
418 543
585 427
199 542
86 71
170 298
185 162
450 299
121 351
60 595
12 10
475 12
359 315
183 411
524 463
301 493
69 389
549 487
215 44
261 237
24 209
340 318
164 325
251 140
520 199
16 72
163 99
163 372
309 160
305 380
432 238
376 233
254 343
174 118
17 575
58 77
497 3
362 226
50 156
90 166
567 478
314 301
504 502
382 35
420 282
157 161
435 32
377 511
591 173
500 357
463 558
13 421
150 116
137 444
122 220
349 478
430 187
530 37
269 73
1 400
587 77
5 93
265 519
40 125
412 575
449 548
597 485
47 248
572 171
371 405
593 140
136 294
380 291
508 340
114 109
221 224
218 66
225 540
140 41
209 421
140 373
383 54
180 223
93 286
348 496
403 178
399 23
101 61
18 561
365 291
271 194
151 267
288 308
324 341
458 351
238 218
152 5
361 580
298 578
87 392
488 218
516 500
163 509
39 392
472 275
547 149
606 324
412 43
400 183
563 401
228 381
427 572
177 103
601 488
25 408
277 547
440 271
216 13
44 287
309 363
342 124
604 579
405 388
394 160
244 203
604 55
561 183
250 61
345 232
396 58
242 270
407 318
278 319
498 370
43 160
248 61
16 326
216 251
172 129
398 402
256 578
121 388
480 329
431 568
169 349
430 490
37 313
90 472
28 415
3 197
555 442
187 524
217 527
131 71
567 299
517 219
396 226
88 112
452 189
238 499
571 279
358 525
338 444
24 509
87 529
337 113
285 138
77 455
278 564
344 365
169 246
270 71
583 554
607 544
297 223
62 82
592 200
219 192
556 319
288 337
589 274
461 59
226 273
102 581
566 117
116 231
446 190
122 167
148 457
134 564
218 245
175 482
342 275
404 501
236 234
133 181
25 364
75 274
218 419
378 272
275 485
574 268
205 279
81 391
438 236
419 373
11 437
64 134
70 245
313 447
3 557
4 140
82 279
173 455
155 404
314 484
285 418
586 189
29 34
74 385
590 545
353 58
186 442
172 560
348 559
278 186
421 235
137 207
278 585
96 460
130 360
410 497
354 352
308 302
314 12
276 242
578 523
41 406
295 248
222 306
561 455
355 60
128 521
314 302
249 250
66 402
375 441
505 95
461 99
584 480
27 462
41 3
254 222
527 152
520 563
90 490
239 30
47 155
137 473
475 307
508 130
516 16
315 382
106 94
24 200
240 342
78 246
17 81
430 70
333 36
411 521
362 265
280 69
314 284
197 375
85 137
444 431
584 271
236 587
145 383
442 29
538 530
480 296
311 439
331 141
246 377
436 31
152 455
162 84
458 118
306 310
368 452
106 490
312 192
553 318
146 427
318 170
198 449
258 322
525 300
184 401
46 527
0 427
450 85
465 101
469 379
177 210
578 31
540 314
208 179
45 154
173 95
89 405
481 429
323 585
52 141
534 294
526 542
507 533
79 597
32 513
425 422
569 573
100 589
579 175
253 207
26 222
235 555
261 443
348 99
316 229
408 126
431 148
136 600
176 466
520 469
529 29
126 150
106 345
223 116
472 604
59 569
16 469
433 162
192 575
91 372
562 311
443 130
184 365
37 149
294 388
560 569
334 327
305 517
436 216
459 472
382 386
403 479
360 460
469 436
29 115
76 332
473 555
481 110
171 311
357 570
319 458
532 1
479 203
597 252
498 138
13 473
539 195
465 366
166 306
383 392
582 605
274 183
74 593
176 342
599 328
311 160
378 161
292 555
246 454
509 35
476 82
142 182
236 555
126 531
85 405
313 340
391 474
182 96
509 3
282 328
21 495
445 393
183 13
225 457
29 95
359 330
551 356
467 422
47 347
371 532
200 531
245 140
420 241
56 184
472 492
14 579
133 187
9 112
540 366
457 109
397 278
250 186
381 116
26 519
55 583
136 244
569 96
550 494
418 5
59 181
512 470
69 332
62 396
573 516
127 346
534 389
566 380
371 555
432 443
24 339
54 348
527 571
332 154
371 159
312 530
195 325
116 99
288 593
589 595
234 398
232 280
372 92
13 134
57 309
108 453
586 475
120 192
354 298
280 526
105 378
233 295
44 513
110 505
75 576
195 574
490 195
262 309
480 384
290 341
311 349
50 31
320 572
197 169
297 506
161 549
563 365
571 142
478 19
311 433
426 398
91 517
433 323
426 516
517 154
222 367
236 77
37 292
305 46
315 400
185 502
393 186
380 265
179 413
496 287
475 129
310 218
467 2
294 193
352 10
80 189
433 606
44 229
304 554
105 543
587 511
270 419
557 448
522 570
528 353
509 103
459 513
361 393
274 23
156 42
584 231
186 29
583 458
532 163
66 191
234 219
418 215
210 9
221 266
581 341
302 478
272 146
281 377
285 278
156 321
19 154
530 284
151 407
547 493
417 163
349 172
306 37
309 389
442 401
37 323
527 97
263 28
274 168
400 70
135 557
252 320
275 522
296 54
145 409
209 51
313 145
127 574
545 284
185 599
63 37
275 259
353 385
417 320
219 336
161 291
548 117
126 87
265 106
111 83
130 7
321 190
506 205
451 82
1 327
122 250
34 514
582 252
455 122
96 60
558 521
593 280
152 310
55 171
169 123
170 460
236 462
375 321
498 181
452 373
223 179
84 485
159 391
86 487
478 225
107 301
366 509
590 407
180 497
170 459
16 390
216 540
77 158
15 589
375 376
285 10
460 444
332 369
60 590
587 336
208 370
354 308
296 319
568 602
109 144
585 168
73 131
33 153
550 445
266 467
268 459
359 148
600 209
596 51
325 60
333 425
598 186
492 454
272 25
108 143
234 321
10 115
225 559
41 295
59 544
595 381
431 461
84 219
137 151
60 604
14 554
152 551
30 511
263 586
413 2
183 274
13 24
388 41
343 392
496 276
140 150
321 62
532 194
454 584
346 542
253 339
541 526
360 217
252 119
143 415
262 57
435 122
427 379
66 491
93 234
394 35
309 61
540 578
91 519
27 538
598 85
227 53
493 312
339 501
436 381
428 161
312 37
246 272
395 542
490 244
426 415
206 325
575 410
602 462
48 333
36 227
42 235
255 317
349 109
344 379
95 8
221 42
266 63
536 150
579 354
187 486
167 370
249 191
144 498
366 27
196 73
127 539
544 443
326 428
408 550
454 449
82 303
494 200
279 12
537 14
34 506
189 327
300 238
554 445
305 296
14 234
115 355
366 121
400 511
424 386
241 517
444 141
293 388
104 142
76 563
358 232
107 590
500 423
479 91
367 32
224 304
571 538
261 21
244 561
453 92
235 184
364 356
552 269
479 493
443 533
387 178
199 32
112 333
226 231
383 146
520 225
453 567
324 470
205 597
569 516
590 369
95 263
322 237
124 94
83 429
281 112
403 395
463 310
334 450
591 433
287 271
156 111
29 389
170 411
55 513
257 223
565 344
363 538
229 292
483 390
558 449
50 415
543 57
185 433
68 95
50 323
170 563
513 228
39 31
510 539
274 170
87 482
83 426
162 115
193 142
236 258
266 61
146 582
538 178
343 479
382 87
78 542
125 572
421 251
222 10
159 141
180 589
455 154
147 448
104 1
465 212
65 181
590 361
379 568
2 561
37 238
579 562
392 316
407 572
312 39
316 598
258 401
523 513
374 54
193 226
168 329
21 511
175 562
362 222
593 303
150 86
29 467
290 317
364 249
476 53
246 591
355 74
74 208
277 25
285 131
161 101
374 435
258 12
396 460
603 26
265 537
108 602
171 359
282 118
