384 207
525 161
109 156
208 31
114 575
429 493
42 304
557 157
519 44
495 550
470 586
364 299
544 329
558 83
200 583
486 85
8 318
245 291
297 491
381 166
264 582
196 120
373 205
310 119
454 217
38 196
97 14
538 514
532 530
487 82
417 121
217 223
226 329
294 170
149 145
18 149
378 162
526 469
320 219
349 341
568 193
274 48
11 29
195 239
590 87
571 102
193 99
584 249
67 38
184 595
138 517
112 8
63 529
604 75
358 22
495 403
3 112
370 53
518 245
55 606
262 149
178 538
178 217
398 553
45 525
318 514
470 98
296 120
406 179
518 387
519 521
467 327
408 128
116 413
513 400
265 602
390 404
553 98
112 545
221 70
213 360
494 258
356 409
337 132
224 282
369 428
443 209
411 363
224 213
399 604
311 378
114 263
50 462
345 489
194 223
487 66
541 302
559 174
602 504
277 460
20 435
539 44
539 297
537 516
20 11
211 216
363 513
41 350
218 210
540 548
352 412
329 540
231 504
285 122
227 37
113 457
230 188
490 509
344 237
341 400
564 137
413 116
133 210
460 5
156 115
111 229
343 485
266 544
406 510
262 48
174 74
163 316
386 89
35 534
34 24
401 91
266 387
26 454
436 575
550 278
452 342
500 84
62 213
316 559
407 565
517 405
376 583
117 155
223 493
408 306
581 54
44 478
503 52
578 9
419 171
158 172
601 457
51 93
248 381
308 64
35 305
126 330
210 94
407 359
95 122
521 476
335 198
280 132
162 509
85 147
449 111
461 119
227 148
395 11
70 108
550 202
589 177
111 94
140 97
584 1
446 4
241 164
408 96
387 366
194 454
356 185
181 219
483 469
319 27
144 290
457 301
187 212
183 22
595 341
306 363
542 252
181 276
76 101
330 286
283 176
448 578
530 135
490 287
447 136
605 517
45 575
350 464
484 188
555 365
200 191
396 236
522 382
253 252
307 544
163 70
325 40
317 21
18 163
561 557
236 43
242 583
325 90
248 68
141 171
60 108
382 387
159 427
106 588
506 248
366 111
571 348
420 93
285 216
439 325
183 187
240 371
219 103
540 450
504 52
578 582
234 257
336 19
458 14
491 162
9 412
433 395
305 70
604 456
262 235
163 538
138 419
359 49
324 269
598 318
533 602
576 491
329 319
316 433
472 198
229 424
505 132
140 32
275 115
226 261
367 318
55 183
386 330
375 414
444 96
456 515
80 126
432 450
21 318
549 296
603 479
462 352
554 406
54 111
336 604
290 371
229 468
50 252
168 352
545 411
151 509
545 100
266 488
251 19
564 250
201 493
124 550
60 32
174 434
560 60
152 108
385 30
326 227
334 549
97 89
530 333
421 452
171 69
344 591
267 239
248 348
147 195
141 167
482 166
498 564
576 139
118 173
272 222
36 561
588 601
73 40
261 284
447 533
497 158
394 475
528 577
343 563
579 21
139 175
465 217
106 344
510 364
170 362
75 579
104 403
583 436
44 558
304 287
261 280
296 492
390 334
240 605
14 405
318 223
335 399
18 124
279 151
394 353
505 114
262 433
416 371
584 491
308 262
101 343
256 419
515 468
278 100
492 145
145 10
378 458
551 136
538 141
470 249
49 163
134 189
36 202
387 77
572 377
308 422
395 449
227 79
376 276
203 198
383 327
152 330
367 28
391 279
148 68
212 452
463 524
110 511
95 518
188 73
371 191
434 520
5 335
452 88
46 437
174 211
9 124
436 59
136 402
33 275
386 364
264 530
587 44
44 319
584 118
539 316
561 215
444 2
287 213
573 197
197 363
23 342
151 78
575 444
452 95
178 385
122 574
456 320
266 315
34 209
450 334
340 384
165 97
568 332
511 218
499 487
428 405
245 274
61 21
210 478
215 157
586 372
68 121
545 173
324 190
424 74
191 1
400 230
340 453
304 181
568 327
62 572
458 381
288 429
600 206
415 414
122 288
483 168
270 522
577 411
213 379
142 570
600 512
192 102
59 218
50 53
321 518
514 281
512 460
45 476
538 546
155 509
511 229
234 136
158 12
155 270
548 480
409 52
450 227
174 408
170 421
487 585
353 162
357 472
20 606
40 243
339 79
593 545
307 235
472 290
119 117
601 444
416 541
406 294
272 192
142 20
18 75
424 321
128 579
128 270
246 239
559 174
45 53
240 515
359 75
112 288
65 383
593 469
143 486
75 453
422 413
364 290
193 64
390 320
583 238
87 555
406 555
93 566
331 188
318 259
17 297
132 279
534 551
270 374
602 196
438 246
505 506
491 69
476 261
66 330
228 187
563 280
478 25
100 589
123 464
224 25
48 474
272 391
529 436
585 389
583 28
39 335
153 213
365 213
107 244
342 275
396 90
118 376
448 171
130 84
432 590
543 162
217 232
214 570
131 101
533 415
533 371
104 311
217 510
502 574
185 479
203 324
335 567
405 257
300 341
516 314
41 183
546 357
234 152
277 52
284 519
472 347
6 226
573 490
296 551
583 339
28 440
583 590
514 359
370 496
501 7
226 139
143 200
71 572
519 107
111 505
407 521
490 601
492 486
112 331
297 370
303 480
290 32
432 129
34 422
273 575
173 87
491 259
468 300
122 551
415 119
352 560
168 229
499 517
141 472
348 45
65 260
503 479
121 458
286 63
161 334
359 164
366 509
438 396
234 536
562 46
220 104
105 156
321 45
177 58
375 583
307 51
282 11
588 70
538 407
585 307
460 541
237 464
432 453
382 465
183 234
370 63
344 337
267 390
65 298
339 343
169 602
357 453
460 334
551 319
224 288
93 333
393 194
17 95
447 74
448 156
568 439
402 211
549 303
295 534
440 441
249 592
2 41
85 116
253 36
25 580
204 553
245 122
410 147
529 141
356 354
59 180
286 445
163 511
334 165
540 132
205 532
192 16
298 198
529 514
399 531
525 337
449 367
92 53
224 550
235 40
561 80
472 231
102 390
210 299
128 235
237 213
508 239
594 372
19 187
128 570
226 11
496 603
445 119
311 384
109 411
183 596
448 552
321 436
242 120
446 504
469 227
103 42
66 569
570 172
390 471
23 73
408 206
65 605
296 253
80 332
156 25
318 174
308 21
499 95
439 157
438 320
418 396
62 36
468 95
426 255
424 25
133 576
101 296
76 276
324 591
352 169
178 69
589 82
367 96
514 197
356 546
538 356
24 426
430 114
130 51
363 433
101 441
477 111
385 74
199 32
458 321
52 243
532 572
78 374
360 552
531 71
237 540
162 176
522 106
310 261
182 26
158 487
213 101
202 543
290 103
67 406
87 471
76 367
512 530
39 207
448 521
535 479
258 567
356 407
265 329
238 393
132 522
121 240
393 36
361 437
384 300
386 471
409 368
282 212
304 148
163 572
269 65
171 172
446 166
307 284
227 141
143 462
64 194
381 456
168 17
497 214
282 107
258 93
407 420
564 536
217 236
87 347
33 125
409 342
10 570
488 267
388 5
519 105
144 545
145 121
263 12
589 562
339 459
86 251
135 486
368 531
504 556
593 212
342 391
515 11
453 560
119 224
573 387
337 136
357 332
19 541
26 436
421 441
567 507
515 480
157 227
47 249
336 137
76 96
234 15
136 163
529 53
447 2
28 461
437 114
515 265
269 120
170 579
255 590
415 192
164 392
499 439
557 17
50 303
401 530
331 143
550 322
235 434
100 21
42 139
98 122
193 257
317 591
300 328
402 319
114 167
559 12
525 36
98 421
278 301
4 252
405 426
571 201
414 319
15 504
446 573
171 43
546 59
540 206
382 314
0 154
119 558
418 405
175 237
120 254
368 194
367 432
85 318
233 360
151 390
421 46
121 141
267 529
484 274
165 296
523 202
97 588
75 355
289 232
286 337
96 352
171 442
184 473
75 68
296 244
371 5
260 13
359 129
606 497
349 106
44 315
184 516
67 488
410 217
160 331
314 16
415 38
48 414
509 317
423 546
370 417
436 523
421 270
429 190
451 386
427 114
307 149
421 469
560 305
201 137
137 378
588 291
529 562
520 265
12 316
