485 433
370 472
591 377
296 575
585 306
522 598
321 470
346 467
427 417
264 339
146 97
90 46
11 167
193 565
7 263
75 365
456 404
527 588
291 336
487 30
367 581
565 513
115 415
482 65
559 420
300 219
367 491
126 505
147 429
549 153
467 153
200 405
273 401
519 484
593 77
33 315
92 61
499 556
462 377
115 346
584 156
593 239
126 509
74 401
48 488
200 173
478 295
141 235
258 358
466 550
366 28
117 21
321 112
8 465
339 267
377 181
53 181
367 123
152 545
315 408
245 223
380 7
573 309
23 409
227 278
76 172
548 20
466 295
484 57
547 263
589 165
448 167
411 6
125 269
16 50
354 149
562 447
50 267
61 243
435 467
314 604
588 566
168 291
537 344
176 120
185 102
593 548
353 346
189 37
5 307
356 425
292 117
463 135
305 140
287 372
382 554
375 388
335 120
296 292
106 11
320 541
388 179
307 186
497 105
520 122
314 167
62 551
81 107
390 360
282 127
607 486
270 362
157 238
455 340
329 450
158 142
411 381
424 173
304 0
491 285
80 587
95 195
90 120
537 379
221 493
111 348
117 303
195 33
288 32
279 471
316 565
191 594
3 374
464 217
305 205
200 446
226 85
167 423
125 246
516 79
352 461
103 417
26 403
93 269
571 501
530 12
27 212
591 49
206 93
451 507
298 65
550 557
17 153
113 537
360 571
500 544
365 393
427 490
272 482
143 406
583 282
571 236
400 276
490 250
421 329
28 372
80 34
402 146
447 594
428 332
264 100
266 483
158 605
483 475
303 284
179 329
55 498
602 566
561 314
368 131
78 479
141 337
15 527
373 409
516 478
200 35
278 39
143 142
270 329
332 268
165 14
304 350
243 589
383 256
434 394
41 484
13 184
588 428
410 430
566 510
489 408
287 50
478 307
87 277
154 236
25 142
248 599
75 18
437 425
447 558
231 436
95 253
216 289
350 362
471 258
262 386
484 331
391 40
90 262
104 4
358 368
40 362
564 401
436 167
568 257
102 494
458 522
133 51
323 587
167 95
575 332
105 566
428 262
513 489
82 120
597 68
80 517
383 42
126 240
537 265
512 271
105 253
425 342
58 357
16 475
49 168
84 454
397 395
501 205
453 470
304 140
66 448
74 5
572 576
89 365
572 409
236 526
505 393
402 317
36 285
177 467
293 254
518 261
382 182
341 587
364 352
455 326
354 174
31 265
482 240
119 318
257 137
138 247
323 328
294 287
177 520
163 5
399 438
352 363
282 279
573 546
430 24
532 353
80 530
483 562
422 103
551 60
75 109
431 254
447 551
318 240
288 235
113 61
448 524
206 126
116 445
602 498
125 366
490 50
483 194
547 541
451 10
275 233
163 461
175 19
151 263
482 577
220 511
9 326
64 401
275 544
542 483
233 495
486 104
162 476
375 106
307 316
466 95
560 139
291 433
504 21
479 209
474 210
506 458
385 212
442 72
85 53
338 473
266 61
240 144
310 374
104 182
46 363
253 235
259 382
31 224
322 130
401 560
472 277
300 73
570 213
122 518
488 381
40 202
384 598
74 515
199 586
208 412
66 438
292 369
450 174
38 233
368 508
48 154
542 226
593 568
221 499
210 100
274 568
543 279
374 188
474 65
426 529
325 603
201 130
497 202
263 396
187 91
157 181
25 298
337 306
110 9
562 241
53 332
602 350
18 69
103 18
152 286
218 267
377 423
444 494
145 91
185 555
230 369
56 461
536 248
231 508
450 282
529 446
178 588
395 512
390 533
428 286
221 393
407 363
237 370
588 518
65 79
469 281
423 602
599 544
287 522
215 504
16 444
516 284
419 140
528 115
300 46
109 263
554 287
574 448
502 283
159 538
297 127
182 235
236 517
443 512
565 58
115 445
604 230
24 167
284 72
255 117
276 329
408 459
395 376
405 510
387 360
174 432
436 193
471 192
536 148
228 542
325 200
543 276
11 462
592 311
541 142
410 121
26 209
422 34
232 86
154 128
115 562
209 393
165 33
159 298
401 274
514 414
129 249
230 251
527 234
607 517
248 604
439 505
215 149
47 507
32 351
125 116
201 196
193 299
228 519
228 184
315 144
532 447
391 155
553 348
327 73
555 347
492 379
598 430
93 255
297 411
29 605
8 350
417 214
31 572
404 342
259 576
232 344
595 446
544 354
336 22
462 114
471 70
271 13
152 292
507 237
602 584
536 440
3 598
405 584
450 281
292 255
1 84
0 82
371 155
530 477
570 48
109 223
314 242
561 367
196 53
536 226
443 145
333 417
94 309
149 152
226 518
532 586
593 599
464 303
37 7
325 200
337 513
283 349
13 55
531 235
276 155
33 353
343 38
27 9
6 81
72 526
35 220
356 554
566 346
169 108
67 509
131 70
165 462
378 573
503 33
580 201
139 417
45 273
322 517
420 213
202 344
394 528
561 551
190 356
370 357
283 593
78 343
136 327
417 409
465 535
199 98
26 160
576 391
442 246
288 101
186 194
397 494
349 249
348 504
476 123
242 248
216 278
368 207
43 73
273 465
400 176
526 522
253 144
476 410
242 432
350 542
62 547
32 219
526 405
52 221
185 20
141 223
165 428
290 60
532 363
172 13
124 158
181 374
471 515
254 124
407 410
522 25
139 146
188 16
290 515
465 450
306 440
442 378
491 182
201 233
402 119
301 577
504 481
370 1
460 507
373 221
338 544
56 450
454 333
509 7
560 189
486 573
162 593
136 517
291 278
523 109
124 388
143 291
16 272
250 457
443 281
50 342
221 428
299 293
543 564
510 505
571 523
383 187
458 167
563 195
435 49
507 41
76 137
128 178
571 522
465 491
47 162
596 584
494 397
256 309
307 292
541 289
244 85
358 365
418 294
540 212
382 166
542 526
420 247
592 84
259 573
79 243
174 543
581 296
515 409
469 47
452 151
55 181
141 4
300 558
388 108
309 229
7 22
59 116
385 292
392 92
333 78
264 3
467 486
259 472
590 30
484 322
59 421
96 541
391 419
572 32
150 541
95 566
374 139
264 121
441 336
379 164
234 565
54 329
351 406
253 338
359 41
558 239
574 377
239 423
382 197
525 565
356 382
200 328
560 122
307 556
63 409
592 110
103 110
255 301
515 143
187 450
409 211
253 175
150 255
382 210
358 580
535 46
473 1
49 196
462 563
481 342
478 395
95 216
411 72
569 38
77 527
300 227
544 581
497 586
474 363
228 348
37 344
225 167
246 194
123 81
86 223
147 520
96 179
359 600
292 31
7 579
452 385
54 270
400 47
490 122
104 230
284 540
222 475
31 304
27 57
347 576
148 16
167 562
575 585
607 46
105 56
316 499
305 587
261 266
110 480
209 590
271 165
129 333
82 11
96 266
182 29
499 71
546 491
110 154
175 596
131 101
59 561
475 543
269 559
81 578
105 281
138 434
353 388
389 361
385 415
522 368
141 172
128 404
97 82
364 586
173 410
104 414
439 500
373 548
112 242
253 139
412 431
173 41
85 325
470 459
372 290
405 509
456 28
73 173
450 337
229 316
519 244
368 532
265 428
244 151
110 32
437 384
530 399
49 157
52 423
513 352
351 495
414 591
352 270
258 301
172 533
81 356
116 540
232 157
443 8
238 374
446 335
499 235
510 234
589 470
76 470
22 366
387 171
480 335
83 289
509 470
91 36
78 463
445 2
123 486
493 513
50 0
406 340
386 1
451 86
33 237
380 198
499 506
167 235
375 374
231 249
150 570
486 515
11 24
59 415
320 500
485 587
458 115
207 399
258 568
581 397
241 268
42 252
300 123
601 184
566 511
86 96
242 403
427 162
209 447
319 65
339 235
203 229
527 447
203 284
599 156
374 147
115 494
19 514
377 111
93 107
266 54
169 588
594 452
188 121
225 431
196 410
518 197
287 502
214 58
343 250
332 72
468 56
245 553
20 217
265 159
231 534
526 556
5 209
160 449
130 454
358 161
108 486
51 497
112 394
606 590
178 496
263 205
521 372
266 98
337 594
480 579
506 348
490 10
