142 581
212 168
223 19
47 197
370 43
173 560
189 105
343 254
104 154
24 127
564 202
464 249
528 392
469 452
244 239
330 422
395 59
33 515
205 497
198 534
183 252
525 282
306 341
247 273
271 494
35 390
605 285
523 456
315 594
64 249
297 537
290 523
357 461
558 384
358 509
309 252
340 85
316 250
200 563
147 44
311 582
258 487
311 371
252 355
146 506
273 192
106 84
38 164
305 511
586 467
77 120
505 312
466 218
264 279
52 79
555 119
169 341
172 162
232 399
115 126
337 544
267 58
166 554
581 453
30 405
464 348
123 42
75 323
271 451
95 155
173 474
140 472
340 265
289 307
545 298
278 470
74 504
588 474
160 570
75 318
330 23
255 71
385 36
476 516
407 403
57 366
499 199
353 487
197 506
268 508
23 497
178 528
209 33
339 321
558 312
47 174
145 104
495 205
334 451
399 13
462 560
229 135
392 137
54 251
471 448
64 20
577 270
61 29
27 162
321 261
430 194
158 88
446 279
568 69
386 475
50 558
295 604
72 315
326 64
68 15
462 150
22 170
8 229
326 81
301 494
454 293
353 202
36 504
384 330
414 95
264 488
594 365
578 587
588 260
546 492
401 392
381 76
504 413
463 81
421 478
597 527
309 561
361 31
580 129
390 398
458 166
527 201
88 539
173 331
24 60
513 409
450 534
431 107
454 89
590 279
449 566
514 95
550 482
25 540
426 409
309 341
49 83
168 67
493 359
350 118
2 148
375 353
185 158
566 360
308 364
363 584
489 562
268 399
52 211
50 435
500 505
536 267
106 446
257 380
134 324
381 210
197 596
456 522
501 407
266 123
210 194
511 233
112 95
253 434
55 288
474 215
133 212
143 301
2 29
437 219
186 115
545 333
168 451
531 75
529 467
441 477
485 137
469 377
540 362
274 145
373 167
221 166
464 518
380 339
375 60
297 176
476 184
15 58
200 105
91 95
208 480
583 18
110 252
103 557
294 32
171 604
174 394
378 46
397 287
578 37
201 386
280 465
126 257
18 177
521 405
561 579
492 134
416 284
209 365
267 422
414 280
589 222
145 462
580 174
292 304
405 151
171 95
89 460
242 325
146 302
531 32
503 181
434 114
293 364
309 373
488 252
501 452
136 202
264 570
259 426
522 558
95 160
394 24
155 486
333 27
398 277
34 430
18 105
37 110
27 407
390 535
139 285
89 584
118 340
99 343
417 133
593 267
294 176
525 65
574 381
428 527
522 132
457 222
120 218
380 592
14 584
503 514
412 504
167 432
233 212
236 478
95 180
595 77
88 76
585 267
529 481
507 16
143 202
47 83
110 46
160 105
277 438
562 0
598 272
235 338
37 20
568 598
36 453
64 310
248 437
566 271
420 361
72 175
246 374
333 132
287 528
125 395
296 496
584 154
44 599
525 351
143 271
331 463
489 122
392 63
264 380
130 89
561 320
97 249
255 27
147 78
210 587
293 450
567 566
6 428
125 456
65 302
163 152
123 530
369 449
465 33
575 590
606 383
525 58
575 547
481 157
381 314
89 207
533 550
485 448
73 386
43 454
530 157
140 33
229 208
95 270
419 34
160 81
414 33
341 567
580 294
492 373
401 583
542 347
350 82
300 188
592 370
256 237
99 524
159 255
220 472
85 306
291 129
567 399
148 548
236 180
554 316
296 346
217 223
207 356
81 309
347 290
183 435
352 447
281 475
12 521
301 96
300 430
243 286
70 574
407 422
361 362
215 29
331 559
115 280
155 0
241 394
484 562
297 62
425 331
384 262
569 480
118 457
528 272
506 119
576 500
293 78
128 574
311 402
354 62
459 536
491 187
374 339
202 593
303 419
173 548
398 124
449 214
491 154
78 572
428 7
424 552
500 76
485 50
232 52
588 257
433 386
215 525
237 549
525 328
589 459
189 534
307 11
422 596
432 250
484 25
16 524
527 82
44 71
506 39
2 343
96 109
435 235
372 171
69 405
511 219
76 605
352 263
587 311
72 109
149 350
502 579
281 498
354 184
188 548
579 340
75 243
98 35
524 206
206 489
301 87
397 112
82 310
559 359
288 306
411 387
75 237
543 542
46 399
81 551
605 351
569 370
32 520
282 323
53 294
430 18
498 55
362 71
209 514
469 485
477 576
40 10
289 440
190 117
495 383
234 381
82 240
432 145
346 184
83 192
348 261
201 215
537 526
346 373
85 511
474 511
351 507
192 587
274 502
37 35
313 9
177 443
325 165
592 480
380 537
133 234
67 420
260 134
527 210
110 422
81 101
41 115
566 425
47 136
497 134
27 92
499 205
459 215
467 355
186 456
0 20
385 174
510 506
182 326
179 23
394 443
515 382
79 231
426 53
177 347
26 321
576 557
300 420
422 446
551 159
496 439
603 272
496 243
531 25
41 555
450 36
405 276
275 440
0 250
545 195
0 84
183 595
412 260
480 233
128 147
160 134
281 229
591 324
561 368
492 321
31 153
479 410
94 173
157 99
477 531
361 476
280 234
170 126
402 209
505 172
52 605
351 399
187 109
590 188
473 83
135 576
476 376
99 25
429 176
199 146
395 487
174 153
478 355
474 155
180 75
412 14
46 486
464 533
17 538
226 533
412 561
234 597
504 32
45 137
433 436
130 27
564 157
28 371
194 290
178 531
242 192
525 515
529 81
404 339
145 120
219 565
76 114
323 463
261 337
594 504
589 443
14 580
99 550
555 145
607 194
517 87
116 459
475 48
117 388
448 602
347 543
445 272
77 253
18 330
464 114
530 487
341 309
336 37
525 52
589 61
541 194
225 150
151 365
427 406
228 195
560 582
198 422
422 175
23 313
407 388
342 87
544 602
560 180
238 413
344 483
402 560
411 319
392 3
417 269
224 401
509 186
369 513
254 506
251 542
370 252
411 402
443 494
66 464
385 567
279 523
165 607
188 287
65 514
493 458
78 417
192 153
30 326
400 28
585 349
62 183
199 470
277 293
66 464
105 492
120 535
459 332
360 525
250 137
22 388
473 364
500 548
110 399
105 360
435 423
580 402
572 538
308 564
225 397
349 578
567 298
398 355
203 173
58 373
465 154
560 590
270 51
444 219
341 169
597 268
516 32
385 158
419 92
357 80
413 203
86 325
76 337
239 392
250 86
145 246
475 369
278 173
244 498
410 470
283 530
525 363
169 220
136 460
319 438
435 457
437 7
590 272
83 286
388 291
589 85
48 3
283 355
317 521
382 261
115 379
365 574
475 45
232 323
401 382
438 97
441 253
138 556
563 523
73 410
419 209
97 482
171 391
592 461
6 194
224 436
293 169
597 389
115 443
226 115
554 8
597 218
440 328
553 309
64 548
299 175
292 80
394 419
21 355
342 399
328 136
441 223
400 24
525 435
519 41
248 470
111 100
359 495
201 132
194 350
353 523
104 0
277 155
593 299
394 32
186 198
180 591
352 20
531 56
600 278
65 605
97 361
450 400
298 48
152 189
506 493
56 195
542 489
256 405
472 384
427 358
99 306
334 232
151 187
570 54
547 81
414 48
123 368
196 375
249 342
71 42
59 171
44 368
97 76
100 178
421 346
70 274
197 130
6 409
169 88
368 332
491 595
131 430
190 49
26 582
504 285
38 19
489 208
344 571
285 568
122 330
27 421
525 445
242 189
37 541
285 403
43 349
302 507
370 560
416 82
493 250
548 456
264 268
434 28
398 472
19 131
62 82
398 17
52 190
590 288
42 486
439 548
324 409
48 216
399 527
66 430
267 312
438 14
589 321
451 29
309 457
116 305
31 532
495 298
100 94
306 0
144 338
36 463
407 522
533 65
122 68
19 400
428 500
151 264
73 529
307 362
601 243
462 578
230 103
222 284
285 451
322 485
213 192
382 45
542 135
574 83
605 143
447 216
234 273
582 546
279 606
376 578
228 12
380 578
114 104
521 413
384 43
401 118
202 40
27 434
228 2
117 255
14 607
297 454
183 298
581 397
508 157
60 3
246 177
603 433
294 117
385 289
204 417
582 535
280 29
