359 117
587 3
269 486
425 287
54 454
219 448
147 140
40 519
347 103
601 178
316 546
107 381
87 434
478 492
379 5
84 172
241 534
126 549
379 409
553 389
169 422
37 63
267 69
89 420
303 233
435 361
125 138
374 215
457 163
414 307
16 335
306 5
119 33
520 444
91 329
364 239
210 212
499 272
203 339
117 82
293 325
309 34
156 389
328 181
272 309
572 0
524 248
486 489
12 373
7 458
153 504
403 414
558 219
587 376
140 289
90 274
53 169
469 153
169 460
418 312
3 449
466 347
489 174
155 181
396 253
517 532
36 519
133 21
466 179
278 572
9 478
518 547
181 565
128 450
163 46
414 265
300 68
327 106
55 503
479 315
46 51
111 101
443 461
530 410
119 453
472 499
194 448
211 223
440 191
447 452
421 569
34 253
567 190
450 565
181 475
112 513
172 200
348 523
307 591
113 479
113 473
116 528
249 556
311 236
119 595
406 542
5 477
312 395
507 439
503 393
76 387
35 374
71 484
135 245
308 500
461 586
418 561
142 340
567 564
572 472
449 299
133 157
479 105
316 294
596 158
256 423
385 546
217 274
603 379
375 45
110 66
444 232
56 100
349 443
378 520
521 460
531 588
465 327
87 535
278 13
461 380
141 266
184 418
247 354
221 8
211 533
492 85
592 602
534 587
175 492
325 313
97 215
567 287
274 329
293 364
592 39
46 302
550 387
201 456
89 443
377 237
504 480
52 133
378 233
116 336
68 577
359 120
385 495
333 452
117 329
193 305
367 105
597 499
370 321
420 359
207 54
268 5
435 212
452 492
24 559
397 325
6 401
43 396
356 358
198 275
283 6
4 182
60 279
511 460
499 571
214 524
52 19
189 167
320 108
293 508
382 226
363 18
395 499
576 492
448 114
246 495
410 338
400 48
440 171
431 250
106 570
386 371
332 342
36 363
287 235
225 272
528 523
171 444
105 7
242 404
293 238
466 490
45 426
479 129
415 25
453 13
75 535
273 488
335 408
284 236
212 215
132 457
198 452
5 543
244 214
480 80
150 12
476 107
509 368
360 202
8 160
571 452
355 182
353 173
393 134
385 411
596 495
546 217
381 488
107 4
131 30
153 212
357 105
356 453
332 237
133 299
54 419
507 175
265 539
130 378
186 35
549 13
298 32
342 274
276 352
76 481
277 504
258 341
246 187
90 599
421 38
21 553
435 138
361 115
603 8
531 163
366 179
515 128
284 397
282 186
491 214
569 111
137 74
536 301
492 600
536 12
161 349
418 108
36 408
557 396
576 167
257 587
306 389
266 574
281 530
69 500
348 497
424 453
421 234
145 108
486 529
211 61
115 3
523 401
205 513
79 337
95 550
43 317
223 528
249 178
459 314
64 497
262 159
310 69
312 266
41 501
457 572
32 545
299 128
334 240
152 189
357 345
207 497
419 537
131 233
207 153
29 189
553 113
444 5
115 601
298 233
213 219
276 65
427 283
467 465
67 368
106 531
177 268
26 409
457 539
357 454
257 265
538 120
140 545
427 241
358 289
444 378
349 146
75 202
193 335
345 22
174 511
323 172
148 519
313 464
118 125
62 97
304 328
40 46
234 198
103 447
353 124
333 162
423 190
466 293
331 138
369 518
153 173
384 509
294 206
306 353
288 320
499 602
101 532
148 348
113 246
425 547
254 419
296 156
24 265
474 485
17 102
350 243
452 456
343 243
259 400
419 70
536 51
119 281
577 156
329 412
530 486
437 349
53 224
551 72
86 383
11 24
312 418
483 94
491 553
270 367
578 277
169 184
36 240
86 391
54 109
108 72
346 402
326 532
190 45
232 93
532 410
435 52
543 603
162 439
459 533
400 78
539 98
2 481
380 23
531 165
330 17
274 280
76 117
196 304
477 172
486 3
155 489
297 589
62 162
57 220
46 571
123 242
104 324
214 401
107 16
292 150
398 257
338 447
454 411
65 297
252 90
1 91
454 330
73 283
522 61
458 508
535 600
268 71
38 397
584 460
169 488
91 93
38 233
261 95
555 119
175 363
550 215
444 22
226 486
521 307
375 46
563 395
41 19
230 264
582 570
333 30
50 401
224 305
281 328
253 230
49 359
457 537
539 6
44 297
121 256
253 215
199 167
42 361
427 186
604 253
522 573
444 218
371 599
480 553
299 536
61 599
194 489
592 77
221 442
336 164
396 413
394 91
53 508
175 500
458 257
565 555
451 452
556 252
64 228
246 150
341 507
486 318
555 570
307 58
444 565
158 574
276 528
165 53
513 563
500 209
128 187
515 199
129 287
513 371
280 88
594 482
39 254
583 148
22 373
193 483
140 297
551 4
241 414
207 4
450 463
482 180
501 129
51 347
243 397
523 312
352 384
585 55
58 465
588 541
28 376
469 381
488 444
197 284
27 338
578 147
185 214
103 444
13 325
279 331
472 481
93 221
190 150
376 0
404 558
190 600
188 533
381 162
321 97
561 22
212 44
591 523
481 419
459 311
377 392
219 386
383 156
555 492
258 348
356 20
70 592
67 277
491 286
32 561
191 326
226 30
445 531
558 400
593 214
504 279
269 548
44 384
299 212
300 151
169 278
436 116
564 170
259 10
197 506
607 374
126 338
492 1
189 600
472 244
135 28
361 328
494 338
568 78
79 489
126 322
516 146
78 99
32 168
112 380
81 391
343 152
25 429
517 43
158 578
395 435
123 461
579 123
104 3
173 443
130 375
15 260
266 334
300 603
72 287
282 96
108 79
109 159
33 276
245 446
30 13
49 330
252 205
342 498
132 482
495 397
534 243
488 471
503 261
92 282
456 195
353 594
76 454
577 67
108 585
289 164
225 60
480 128
340 576
468 291
221 97
483 526
333 607
350 381
317 258
18 335
300 476
544 424
86 118
453 446
543 501
98 526
373 144
498 428
552 554
165 239
145 290
140 443
75 413
395 511
355 484
116 555
259 5
346 420
87 337
355 79
541 294
255 196
174 511
341 334
533 30
577 44
321 534
515 384
563 211
118 182
221 82
51 88
89 10
162 69
190 219
461 567
41 514
391 364
81 565
60 77
606 397
181 322
326 246
522 361
343 512
73 119
579 179
439 596
293 264
305 158
404 356
67 240
51 189
289 590
336 565
162 582
260 565
318 104
139 513
600 524
574 202
187 280
497 184
416 245
558 329
92 381
181 267
361 489
26 22
396 292
597 485
166 565
264 357
414 556
98 56
316 589
78 55
454 585
494 206
348 8
78 580
283 226
133 19
305 512
479 50
411 518
163 42
485 123
481 457
353 594
542 228
343 489
585 228
544 592
591 114
535 144
407 285
318 579
364 161
254 322
341 453
568 72
46 222
490 309
224 527
111 481
121 252
405 188
442 456
68 202
210 434
207 296
161 110
448 181
156 37
484 83
377 545
117 228
128 571
377 607
16 97
414 121
341 594
466 40
345 376
489 329
238 518
435 330
194 576
447 442
543 534
388 283
350 590
175 148
308 240
318 74
100 181
498 243
333 466
562 223
460 528
583 400
412 396
359 439
491 328
10 574
148 492
598 279
298 496
209 417
273 142
407 546
601 469
19 423
136 214
437 328
400 474
501 415
251 584
361 480
490 68
410 337
88 383
345 138
583 582
182 345
341 286
260 313
549 149
206 199
398 426
470 218
121 417
458 342
457 7
0 461
350 593
412 246
288 146
339 138
100 99
1 303
221 478
109 473
471 226
109 84
99 122
380 589
370 593
594 471
44 561
238 403
139 303
363 122
392 190
193 187
111 226
203 546
147 243
327 169
247 517
404 514
454 336
347 494
455 151
582 400
551 201
508 470
118 285
275 388
73 334
583 12
489 336
306 90
99 535
464 27
283 73
557 351
497 328
280 268
489 307
201 547
110 496
26 7
120 503
519 48
20 301
13 172
358 2
553 91
222 590
551 437
229 520
536 281
137 534
150 44
92 603
506 14
22 195
162 67
54 443
320 137
219 499
71 249
368 272
294 28
274 130
432 317
464 309
274 362
219 412
171 415
242 523
