511 423
50 28
8 516
106 556
192 150
428 478
157 424
555 526
491 601
98 18
363 567
123 29
368 29
457 517
205 57
122 251
537 99
262 128
73 157
342 312
390 52
238 328
30 522
26 535
482 198
56 217
113 13
260 470
221 567
435 418
177 53
191 499
521 124
324 532
528 364
416 544
149 333
515 292
360 373
119 347
259 242
285 162
510 496
12 226
213 512
152 505
440 274
325 508
299 505
145 557
403 344
301 334
183 75
508 170
222 361
44 518
576 174
308 537
219 372
178 388
288 276
461 223
576 264
355 226
212 245
338 391
351 263
201 469
278 17
544 54
518 588
243 158
522 99
170 178
563 424
275 337
452 147
575 196
500 12
218 221
177 162
388 227
441 268
206 334
344 374
427 5
4 448
507 199
352 417
578 430
428 250
550 54
140 176
396 296
145 21
184 302
599 517
2 509
506 149
192 121
217 363
457 24
548 434
197 118
138 601
559 343
515 583
433 249
511 378
551 165
338 102
51 431
603 327
413 371
438 477
304 275
428 188
452 179
335 146
143 230
194 15
335 401
103 114
457 588
489 516
287 16
120 74
360 248
167 49
218 7
109 77
99 533
67 109
291 532
420 123
200 535
514 182
53 10
229 270
185 190
588 100
317 435
172 515
352 184
603 251
419 208
433 532
421 396
136 62
453 406
222 520
334 29
201 290
281 381
122 603
538 163
260 211
420 311
183 320
64 603
358 152
379 549
12 408
105 370
482 136
307 240
337 375
85 310
202 82
7 353
449 62
361 267
338 251
4 520
231 12
77 496
239 293
74 285
145 298
102 84
85 365
547 454
264 227
84 416
593 116
117 354
354 315
59 604
554 411
8 283
425 15
207 223
220 328
146 29
237 108
33 528
53 104
140 423
390 542
356 229
35 584
294 254
588 455
246 218
78 92
521 41
423 365
156 36
15 162
464 484
89 556
393 526
101 274
47 298
418 381
44 398
2 225
351 540
116 476
295 378
338 53
455 297
472 3
485 35
337 428
504 549
444 237
12 242
91 211
189 491
541 550
302 276
116 602
256 512
37 353
103 485
197 73
153 491
158 115
232 591
547 315
154 302
224 269
153 209
93 545
186 490
405 150
91 588
294 445
515 3
436 37
152 435
26 414
212 225
596 317
275 200
50 436
74 283
261 475
383 258
434 351
368 549
488 599
488 110
234 547
15 13
16 237
414 187
277 312
219 588
228 310
417 404
129 336
368 389
421 581
595 428
159 225
231 129
215 298
584 189
580 373
135 56
139 98
473 223
514 592
36 25
515 329
393 137
455 505
489 326
87 451
119 156
126 180
315 360
595 205
483 392
457 383
406 16
308 319
602 255
87 532
37 175
334 35
570 368
573 248
471 122
235 592
302 261
199 432
430 113
383 259
581 425
585 310
66 161
36 112
491 180
23 116
207 310
480 107
242 364
307 413
275 199
31 348
260 58
288 555
380 268
241 353
447 378
354 200
79 150
506 605
213 163
163 121
111 511
282 417
152 254
52 498
215 273
99 153
280 14
5 557
42 342
382 2
136 1
271 493
82 442
202 187
389 116
490 1
183 77
53 356
328 418
517 564
373 28
409 237
324 112
334 50
277 44
120 156
451 560
193 375
149 494
429 452
606 342
187 563
134 112
253 301
113 588
136 95
133 92
168 240
122 269
121 599
106 328
454 87
73 353
532 382
73 161
558 94
539 203
502 244
506 417
283 455
230 375
305 285
589 264
123 227
394 374
327 265
12 244
284 256
141 115
402 226
61 181
581 447
250 359
337 365
300 531
547 561
233 253
482 217
293 385
325 271
399 55
530 12
184 579
128 54
265 314
482 50
309 319
205 19
429 291
110 588
473 461
12 509
300 515
6 308
454 239
448 5
170 107
338 61
502 105
102 15
442 174
441 101
552 200
84 483
203 531
302 409
470 192
578 199
426 529
352 466
349 392
587 540
285 353
586 220
428 378
224 562
368 43
94 606
553 328
383 573
90 541
484 117
42 83
590 525
10 457
164 29
279 352
219 580
558 595
540 453
584 55
325 435
397 320
136 26
504 91
77 399
256 400
329 407
5 301
353 504
90 371
434 55
181 34
87 31
518 106
577 295
40 70
292 84
435 194
442 226
306 184
153 212
585 477
209 469
523 469
116 359
182 126
65 1
601 598
23 489
239 108
43 527
78 510
398 315
437 481
531 75
85 121
490 459
304 369
347 242
27 321
26 49
338 157
499 42
446 18
106 58
286 317
470 264
139 114
553 535
62 206
447 411
75 374
74 5
364 262
395 348
297 68
320 382
92 444
596 18
519 74
48 598
398 348
407 213
122 391
229 601
130 305
387 104
62 526
393 306
386 603
460 169
443 594
437 363
567 52
43 192
188 87
52 392
22 591
180 334
414 70
386 600
270 443
440 14
523 546
230 535
481 363
558 464
190 7
283 299
369 368
37 276
537 423
39 449
291 549
58 596
279 59
253 288
168 105
255 100
326 127
58 436
173 440
69 208
255 291
593 474
471 498
430 422
73 241
572 77
239 259
114 32
387 345
485 242
358 453
98 101
384 69
268 341
56 149
8 546
365 479
311 170
582 128
550 54
99 27
561 271
447 421
601 145
577 239
451 233
342 138
471 31
154 223
437 239
152 523
470 600
381 132
357 346
212 238
273 329
449 410
303 125
353 594
67 202
65 50
271 600
256 569
459 202
428 554
480 569
511 171
31 356
451 603
102 256
17 405
350 20
345 34
526 336
85 553
577 18
384 309
248 400
223 117
5 372
89 244
117 41
553 222
427 367
29 428
448 245
38 433
508 373
414 360
290 100
1 37
247 232
203 106
238 590
24 65
250 532
16 83
602 469
180 341
346 65
24 274
587 0
181 378
71 5
605 1
100 149
458 490
521 373
98 520
175 251
569 167
55 602
425 106
170 389
314 187
71 132
248 101
564 538
561 363
533 162
17 573
132 587
61 137
109 169
579 440
38 21
516 583
577 476
317 102
105 332
523 560
521 517
246 328
474 226
522 25
128 360
130 511
126 34
16 602
473 591
526 375
75 139
206 337
47 442
245 332
195 338
494 521
548 584
508 46
25 443
252 258
293 134
463 68
321 330
363 166
584 189
564 269
77 558
8 418
255 409
392 97
66 139
351 87
43 478
255 44
136 330
113 11
485 484
57 446
261 555
191 10
426 477
508 38
551 200
92 322
94 594
267 0
280 200
10 298
527 593
340 84
105 66
35 155
566 61
21 113
574 290
366 510
495 322
372 403
283 36
165 539
318 178
538 37
151 228
275 149
77 556
36 502
144 380
60 214
591 383
307 333
250 544
138 300
416 552
312 580
473 85
56 265
65 498
386 523
453 524
135 315
376 480
340 475
602 99
520 233
366 178
190 446
80 374
306 119
20 144
452 308
522 607
598 491
356 58
240 274
173 520
334 452
582 427
221 0
507 394
232 427
435 476
426 285
433 461
108 304
470 551
107 88
405 277
126 477
192 33
92 248
604 442
125 356
558 405
598 467
381 542
381 524
206 232
88 507
522 54
598 65
188 291
201 73
504 123
492 43
245 509
212 131
315 362
244 558
528 212
554 36
345 509
233 190
542 224
8 182
339 100
407 362
94 41
417 468
275 555
561 44
448 90
554 378
136 18
566 378
10 271
396 514
38 124
468 365
225 252
24 258
251 581
513 426
363 342
3 91
262 538
593 444
116 103
234 79
229 474
508 431
490 155
26 450
484 309
592 560
450 4
209 388
560 356
448 606
455 561
111 509
315 166
265 116
385 262
436 279
435 114
151 171
492 152
156 502
91 133
461 515
209 8
551 117
472 564
381 269
364 440
557 263
297 118
11 461
253 567
64 576
173 67
12 185
212 178
515 13
507 155
203 319
339 333
487 476
127 303
14 29
487 543
77 330
482 395
116 183
423 249
103 582
452 182
381 445
453 481
500 185
298 196
171 531
244 237
52 133
304 330
261 53
573 284
308 433
118 469
62 406
195 379
403 48
519 594
58 444
198 145
