534 450
580 163
427 88
598 398
12 583
483 218
191 147
503 388
290 535
92 523
217 386
152 502
266 518
255 27
424 11
513 2
140 205
482 495
144 293
479 111
167 100
131 508
325 416
557 198
194 495
29 384
480 201
421 273
483 155
172 247
521 393
108 413
240 421
505 85
24 4
250 487
478 147
3 288
59 100
47 596
293 29
31 288
456 564
433 408
345 395
434 178
606 548
476 195
555 589
13 524
503 494
413 284
372 150
45 532
132 413
375 91
529 548
199 279
228 537
6 223
173 457
477 353
139 278
27 303
25 201
353 393
403 537
232 595
436 427
125 262
588 84
244 495
40 250
599 320
606 461
375 32
173 240
459 185
255 515
258 469
245 145
524 315
605 58
423 73
533 502
543 58
168 219
431 237
329 340
285 249
366 7
500 81
594 367
480 329
423 188
583 503
125 363
283 144
33 518
121 193
504 154
397 399
454 147
266 576
356 303
200 103
395 158
580 309
496 319
468 48
8 524
517 334
240 451
544 436
32 27
598 567
229 164
343 144
436 219
563 283
123 581
60 360
331 201
58 364
31 303
383 182
94 127
140 554
290 141
177 51
588 277
234 35
461 285
231 81
562 364
73 25
534 455
38 355
127 150
259 14
342 372
346 28
99 304
52 545
131 380
195 542
291 322
171 30
219 188
462 228
525 171
123 475
532 177
247 576
395 364
259 529
38 594
567 498
100 411
456 264
52 603
607 361
432 278
552 326
68 165
50 93
470 343
446 118
561 454
67 31
212 379
163 44
341 14
430 557
221 504
50 69
219 579
541 160
211 52
284 473
325 432
256 262
119 99
157 422
230 133
385 499
400 269
502 200
324 145
561 133
97 505
225 16
541 513
494 95
206 47
583 0
105 537
426 381
34 222
64 313
586 146
475 592
480 388
339 104
87 368
247 197
466 438
43 539
579 29
247 291
465 1
219 282
571 74
539 372
449 498
143 106
241 421
496 14
509 339
572 340
81 474
386 351
158 463
442 327
112 146
272 333
224 306
76 41
293 36
409 201
520 550
175 21
366 545
341 379
219 394
415 159
209 244
97 204
503 34
311 294
414 427
305 43
170 305
455 579
525 531
330 278
126 199
103 397
262 31
308 552
145 298
379 160
484 408
345 102
75 325
592 468
286 185
579 360
291 428
52 496
33 407
34 140
110 55
280 506
380 139
495 260
289 442
126 62
254 38
363 52
409 121
196 104
249 159
81 516
69 161
401 235
507 196
155 555
506 83
480 297
386 443
120 303
279 238
25 354
485 254
283 107
517 319
288 20
546 220
182 57
415 260
173 463
144 254
79 336
3 584
45 162
515 260
232 263
381 42
220 151
442 409
162 461
389 371
90 378
290 21
149 504
4 18
356 19
524 338
183 299
286 283
588 469
396 202
201 572
3 171
421 10
351 259
11 5
37 215
416 353
231 56
572 496
92 292
399 21
302 262
331 335
229 69
81 175
192 588
592 81
422 273
515 180
528 130
366 383
286 295
161 597
549 136
137 149
441 226
378 46
439 295
566 467
244 433
116 141
122 171
311 247
443 468
488 257
561 590
502 472
482 319
16 64
439 152
9 419
117 365
225 580
420 485
129 557
476 401
365 33
206 74
185 504
84 332
326 20
114 498
15 128
233 77
71 556
46 191
292 313
45 80
266 287
297 249
61 80
18 255
40 147
38 195
495 42
248 75
105 570
393 255
129 510
158 75
21 355
158 463
6 219
202 493
369 468
479 564
186 579
112 319
352 480
20 434
552 230
64 327
251 60
109 269
351 595
316 111
214 258
507 56
592 281
440 262
387 280
445 429
141 437
6 143
292 450
39 99
512 579
505 586
303 103
515 131
484 421
454 390
179 268
421 183
380 216
255 574
184 573
386 370
264 93
219 299
536 479
134 549
241 294
419 247
528 342
471 125
197 497
181 131
336 183
152 596
227 259
530 223
327 33
39 367
525 299
426 525
327 154
19 466
503 158
278 176
320 501
404 378
579 403
270 59
231 428
92 233
387 319
522 272
195 359
177 300
570 434
192 563
217 75
316 116
221 140
394 15
581 553
285 592
26 46
335 48
327 249
442 87
265 172
32 172
167 268
194 560
244 429
468 285
465 512
520 269
114 564
59 396
252 367
310 285
42 140
406 107
394 259
307 77
474 429
593 273
217 378
76 138
193 98
42 351
60 130
519 545
413 410
227 99
487 572
295 171
557 0
260 314
133 62
422 0
500 319
155 505
606 6
588 202
97 350
146 354
273 496
379 427
192 112
548 578
177 107
302 572
316 87
313 70
557 71
422 557
80 128
117 41
313 285
511 467
228 254
266 412
414 64
160 7
138 43
117 409
91 511
408 311
115 205
58 385
121 258
329 129
119 340
177 556
452 540
354 74
294 132
432 272
599 377
110 544
527 520
157 261
347 51
234 569
589 8
359 24
124 152
278 156
395 405
174 295
440 185
186 132
467 453
502 343
45 556
535 35
521 563
57 563
40 567
99 271
318 114
485 11
104 46
482 376
482 101
424 9
479 528
29 297
450 309
319 483
33 63
174 120
99 163
372 4
151 138
158 59
288 292
384 139
560 577
291 90
352 219
247 32
7 260
99 482
512 148
589 254
236 129
29 177
511 191
306 322
345 96
481 558
534 220
295 339
61 383
27 607
359 598
577 339
205 313
320 307
25 290
177 508
391 16
235 211
245 593
198 446
92 255
471 152
377 546
479 346
296 387
465 598
225 190
416 33
193 519
97 486
144 474
447 143
524 74
516 306
182 64
117 115
372 454
324 125
83 262
175 216
495 461
226 260
200 165
49 259
390 68
311 331
54 446
0 142
171 473
15 447
452 176
1 421
567 177
345 457
595 127
404 155
581 585
20 453
42 127
237 215
35 513
297 369
255 198
348 173
480 11
11 98
395 277
361 440
324 34
394 541
261 41
10 534
297 86
106 487
281 520
522 64
196 13
240 211
422 582
241 255
390 315
275 87
331 335
121 250
403 528
269 367
375 174
50 527
120 297
591 84
71 181
311 236
415 240
10 128
593 162
69 337
326 14
433 293
514 603
6 14
225 368
309 525
339 156
415 337
240 527
379 280
512 370
565 285
500 589
254 542
110 326
556 257
169 68
569 490
485 506
17 298
476 580
216 232
302 16
247 516
544 511
69 592
306 412
521 597
505 75
531 378
232 446
208 519
504 285
304 448
354 306
153 334
178 369
503 363
313 48
116 167
222 558
153 65
68 286
170 387
186 342
40 252
268 326
331 217
353 573
209 506
134 410
279 153
149 606
276 203
361 138
149 571
37 580
410 79
552 593
72 14
79 223
79 359
123 242
583 146
172 426
350 87
600 101
219 103
86 197
587 442
77 114
216 0
27 155
362 529
287 394
348 525
62 327
589 492
538 256
328 90
593 466
467 84
524 473
73 235
337 114
171 332
200 497
423 497
53 358
585 431
188 4
603 237
493 593
20 310
512 458
264 196
171 299
237 98
267 107
200 9
562 165
524 552
166 562
277 183
520 213
415 459
517 198
10 507
540 458
377 240
484 525
421 507
471 453
601 26
44 262
265 92
331 109
564 363
430 572
59 427
77 424
69 449
441 287
256 513
465 570
51 149
554 592
337 361
565 436
110 348
424 207
446 248
76 546
586 489
551 436
188 523
595 366
250 437
150 600
181 415
163 16
535 305
306 39
50 168
595 432
223 256
29 37
82 83
433 229
591 416
252 417
282 161
56 142
332 123
19 569
211 47
210 40
213 412
118 238
297 443
228 285
159 58
153 119
111 409
310 181
429 465
232 141
571 129
283 505
447 419
144 171
499 480
321 408
314 505
338 405
267 169
148 307
443 13
601 355
182 590
68 7
129 108
393 452
138 89
423 255
89 61
206 540
373 511
438 402
380 489
294 140
571 137
262 533
489 227
375 585
315 408
58 239
359 182
73 151
161 49
204 165
95 515
15 538
344 363
33 454
289 515
340 491
150 105
463 36
162 331
212 427
144 519
156 26
453 412
