40 118
420 256
474 97
400 565
499 339
226 189
600 21
170 427
595 449
424 31
598 419
447 222
539 245
311 253
12 433
343 370
169 201
566 123
321 95
533 27
50 382
435 258
328 138
602 203
212 520
542 181
422 494
193 578
37 466
101 259
268 63
72 273
388 467
228 470
339 411
585 544
181 112
376 16
126 522
605 490
18 543
587 196
538 50
561 339
263 351
88 514
141 557
325 48
317 121
443 287
14 48
416 333
17 584
481 599
259 192
182 194
500 505
549 571
173 581
278 272
497 600
590 55
193 483
314 169
115 122
483 81
441 387
313 22
142 234
208 219
381 526
572 535
399 483
24 195
231 109
125 386
296 542
101 451
227 285
19 64
518 96
371 579
223 214
361 418
469 597
503 145
200 265
225 527
580 2
54 386
102 177
411 122
208 578
318 537
381 526
381 566
341 454
225 329
497 338
360 132
183 586
518 148
229 334
346 380
273 339
26 552
529 25
165 324
494 552
515 173
547 263
437 119
477 392
189 168
52 605
292 546
328 527
303 406
105 419
306 55
380 578
519 497
368 354
43 290
377 363
371 15
555 292
357 4
602 226
144 39
67 41
107 45
18 93
355 36
585 213
534 55
305 481
348 482
519 193
597 289
593 105
235 607
432 401
327 112
439 227
75 319
588 131
109 259
246 362
26 281
321 164
366 359
370 362
80 447
235 439
459 513
5 482
69 13
479 478
109 588
544 180
423 405
290 433
132 41
476 518
391 578
119 402
265 475
237 319
123 3
384 251
305 423
494 299
549 138
291 256
422 492
370 567
225 114
138 85
247 442
346 512
126 317
478 524
274 193
258 239
102 379
586 307
426 134
25 268
317 369
104 503
131 538
563 356
363 576
600 109
290 274
97 251
99 525
35 500
81 277
437 434
3 225
538 583
311 545
512 464
393 369
588 414
108 322
255 66
575 576
409 80
201 549
565 374
485 579
12 348
264 602
392 395
383 601
440 183
154 18
585 373
509 558
131 74
98 413
74 304
582 478
438 151
342 527
521 210
210 280
89 218
503 352
525 351
176 374
283 312
444 435
512 70
138 242
332 114
473 464
62 61
451 574
467 156
145 561
150 510
495 59
52 278
530 182
546 533
5 320
320 367
58 33
601 275
432 597
516 45
336 498
68 104
557 540
440 447
529 527
295 133
594 516
410 479
61 457
364 137
275 535
31 9
463 215
454 274
48 349
8 252
210 409
282 235
562 257
12 425
334 117
62 378
147 336
306 351
430 172
450 123
596 598
440 101
59 403
206 73
169 495
209 538
30 81
256 547
107 175
281 190
142 487
568 82
70 388
143 177
299 547
497 244
188 190
201 36
528 196
446 498
405 174
236 584
158 323
364 485
394 382
344 604
25 183
184 443
308 182
539 190
147 295
288 441
383 197
545 201
85 268
167 487
307 12
154 469
584 360
304 197
1 169
579 19
488 84
146 92
221 55
17 595
453 58
418 398
327 6
360 343
185 264
16 514
554 430
433 372
88 40
498 94
553 343
176 428
330 556
523 344
230 556
71 426
122 403
47 550
171 275
430 273
466 603
558 261
332 36
574 238
478 166
415 175
599 581
205 6
344 110
129 418
397 8
539 463
291 197
167 555
562 603
134 564
395 315
507 332
561 164
426 299
324 500
239 22
430 226
63 588
27 182
414 321
88 565
231 397
304 155
21 44
378 5
103 122
184 403
474 22
349 247
338 432
48 194
571 318
597 503
290 218
0 440
199 56
443 34
239 269
234 89
224 495
175 531
226 365
400 103
164 470
578 423
99 278
570 82
9 280
378 494
69 358
138 199
309 66
541 320
540 24
197 4
519 297
5 379
426 498
123 73
347 57
24 101
313 349
122 403
467 197
254 70
162 288
67 408
219 309
306 225
550 93
285 399
94 100
364 546
288 487
246 546
530 181
547 59
152 228
348 52
431 30
259 580
198 64
167 593
65 175
283 506
365 225
471 567
232 541
153 404
128 456
335 259
175 567
253 324
22 65
441 399
143 56
503 495
21 336
104 101
483 118
467 459
157 228
574 27
531 551
571 119
321 125
80 368
469 571
172 223
582 195
25 220
410 213
153 238
527 161
442 597
252 251
460 18
167 320
280 369
335 249
497 289
142 505
128 247
514 385
56 59
516 272
406 27
247 597
95 320
251 223
275 210
79 61
292 176
527 590
441 477
309 521
10 257
598 517
354 502
490 246
2 458
290 438
83 230
340 356
225 240
93 11
211 32
209 600
532 552
280 523
311 547
139 473
524 269
184 352
230 306
133 286
209 229
335 539
77 501
74 439
543 88
151 104
554 175
181 129
433 83
331 439
52 158
332 90
34 397
385 7
215 352
545 406
208 531
543 563
397 598
9 316
243 236
127 297
550 168
32 137
262 255
371 247
26 262
110 233
248 529
35 376
201 548
484 296
16 302
69 254
549 550
418 201
234 415
162 66
126 314
515 322
596 100
571 88
463 263
519 134
5 298
286 369
481 203
500 575
494 320
603 495
298 515
579 561
227 54
18 425
83 459
202 111
76 398
552 370
351 227
171 164
295 398
594 487
96 26
500 318
516 48
206 429
314 531
168 416
561 312
283 39
567 463
350 506
322 285
416 187
501 145
31 300
95 174
121 309
390 412
282 437
24 520
374 501
536 294
600 530
192 160
89 123
488 348
519 469
352 459
391 515
511 153
41 117
170 387
500 591
240 14
125 406
393 219
34 517
24 92
374 263
568 438
379 504
148 435
603 130
57 437
445 473
111 101
294 339
461 482
357 3
562 480
252 111
342 562
19 231
139 282
180 7
88 367
104 305
316 290
3 307
268 245
458 34
12 179
431 295
52 248
557 31
544 14
470 272
302 0
106 77
469 430
377 383
301 270
278 463
142 441
159 499
267 159
114 290
376 341
374 369
368 186
342 311
15 457
4 333
471 143
286 83
163 406
295 175
488 47
341 140
571 510
275 530
184 592
529 43
184 213
181 196
266 549
470 120
540 103
514 447
313 540
508 488
69 306
380 550
548 595
366 370
542 145
398 52
463 373
213 225
89 403
169 217
185 260
443 11
205 167
315 368
483 442
303 123
213 139
506 172
357 420
248 577
311 5
421 195
574 458
176 138
53 191
467 599
200 83
376 216
433 342
458 450
296 206
229 247
388 573
602 410
198 487
585 44
36 281
594 146
466 57
66 201
88 558
9 2
108 544
187 482
226 163
262 464
528 128
263 251
232 35
170 455
504 293
352 123
482 418
77 441
250 435
502 223
592 520
334 242
114 225
399 228
214 46
21 440
250 578
108 569
255 234
599 247
307 199
307 105
355 585
14 581
196 256
218 524
8 16
302 21
123 321
535 448
226 409
311 204
438 163
581 541
548 106
37 259
148 67
124 305
24 145
51 141
475 529
28 472
254 71
502 553
342 479
354 22
170 175
31 461
1 343
245 30
537 389
243 0
273 207
355 395
24 66
358 541
188 563
244 206
451 109
606 0
277 431
602 346
165 544
443 342
414 144
461 341
586 89
129 307
588 82
113 245
114 461
78 109
293 266
14 591
159 245
40 192
457 20
472 83
283 449
358 467
437 561
557 509
306 210
276 229
282 530
120 233
136 468
191 265
253 91
517 151
279 363
254 386
420 448
330 249
563 339
570 177
584 408
256 573
459 435
353 128
151 383
61 289
411 586
149 351
252 439
505 361
566 96
207 0
48 287
277 39
123 272
164 457
330 222
295 326
112 247
182 110
257 560
432 96
590 413
135 477
156 103
85 128
283 422
319 558
274 289
316 496
550 513
62 51
499 508
241 576
317 511
301 197
0 399
329 349
122 275
575 448
257 114
65 265
444 384
533 178
178 8
480 341
169 448
364 123
213 178
336 416
293 375
509 193
22 8
606 67
467 557
35 526
368 440
179 235
464 500
574 559
120 171
205 129
298 419
510 27
152 518
55 140
598 148
536 236
191 370
303 10
159 527
326 405
289 273
112 402
437 312
427 559
257 569
499 122
258 319
593 160
