63 236
416 472
248 419
242 67
395 510
564 191
200 409
586 463
39 106
599 353
11 27
567 22
357 158
382 61
188 461
342 525
159 45
414 430
512 571
274 276
583 155
118 590
273 384
232 481
300 168
131 450
46 42
294 239
239 270
491 252
591 492
198 572
268 138
509 218
380 375
294 84
85 298
313 102
226 452
233 393
507 291
586 520
369 232
225 209
419 517
143 553
166 569
172 592
141 205
421 351
403 551
37 140
222 552
238 328
333 245
207 470
509 517
298 260
601 519
118 499
502 174
239 276
273 427
286 44
255 547
156 178
470 238
193 348
389 180
428 531
376 66
439 126
80 544
431 478
282 221
69 310
143 566
262 433
99 429
202 366
286 535
434 84
215 379
463 24
423 138
340 435
306 33
18 134
464 227
237 573
544 240
195 558
227 522
261 158
518 74
490 54
428 162
91 237
10 468
598 597
58 118
395 37
279 334
365 269
537 90
532 17
281 212
284 420
23 47
406 147
379 546
118 166
202 165
364 253
34 350
300 339
273 257
3 106
98 454
601 595
530 563
591 388
513 318
503 311
95 432
568 470
148 179
87 209
538 231
299 81
596 167
39 452
581 325
274 319
261 192
473 84
502 384
410 77
457 208
523 479
134 148
53 465
604 153
350 155
82 543
474 272
496 224
446 501
160 169
561 224
120 586
161 125
264 188
478 3
50 477
584 380
276 580
163 317
70 75
245 410
503 457
270 137
589 367
288 414
528 411
381 401
524 214
286 7
288 544
548 111
451 366
308 566
64 236
68 277
305 198
450 173
266 607
82 254
400 247
93 481
605 123
240 125
552 40
76 533
72 244
347 560
600 96
48 193
368 154
336 216
289 173
463 197
173 310
325 505
75 101
58 456
306 397
69 474
218 103
598 125
375 438
509 198
460 564
426 77
92 360
96 458
63 220
22 85
248 388
531 201
85 300
277 502
349 544
142 78
252 0
406 408
467 519
128 247
246 286
121 590
205 462
420 375
41 64
144 109
104 158
37 467
319 593
349 196
463 243
281 197
47 278
107 590
348 187
422 485
129 394
559 480
268 226
428 452
125 194
17 75
55 46
453 307
574 459
545 293
493 535
100 224
429 54
43 533
390 471
235 523
341 519
380 404
154 474
23 365
604 69
125 238
44 448
342 576
183 289
306 68
293 253
381 378
341 96
385 531
142 498
447 239
69 585
127 101
532 589
487 125
587 475
529 402
60 588
428 389
326 4
336 106
460 317
337 534
325 343
255 67
228 566
226 218
423 224
448 592
531 360
584 380
417 310
488 392
601 222
235 572
75 185
268 398
462 190
569 471
494 533
423 332
189 518
555 140
327 256
586 507
573 545
588 445
107 556
260 461
510 283
160 443
513 195
377 248
190 272
432 535
575 574
356 26
479 59
578 409
605 525
321 380
332 571
158 171
515 353
26 217
569 183
70 126
540 329
598 121
301 323
427 356
259 544
119 420
285 229
429 109
366 274
444 560
256 73
537 94
420 499
185 575
171 134
225 27
98 577
169 592
222 56
95 40
222 488
301 518
500 585
235 154
461 27
233 184
48 85
108 126
315 238
341 110
328 39
456 343
574 521
482 480
599 483
449 272
546 159
428 67
79 57
254 494
234 23
398 242
14 269
437 331
20 312
257 37
319 342
326 109
401 522
487 405
565 300
450 554
555 219
433 50
442 449
561 388
101 83
33 320
145 520
35 89
597 430
31 538
0 217
469 40
340 465
380 414
604 16
34 51
373 173
483 306
598 41
277 607
286 89
20 93
356 173
443 565
517 216
68 392
70 464
278 0
134 401
160 518
52 120
124 322
434 174
365 449
604 231
96 216
343 373
540 13
472 379
470 598
270 602
468 373
255 373
267 428
422 15
185 114
414 304
282 184
62 52
57 141
241 531
197 237
534 571
354 462
527 274
425 379
240 0
190 405
57 579
166 432
343 214
390 105
174 205
66 249
347 591
457 438
294 84
103 434
179 191
391 147
201 459
359 304
268 152
406 368
26 473
271 338
527 14
602 466
196 312
108 305
67 259
288 492
459 5
177 596
526 303
68 437
529 259
571 62
107 157
18 48
420 593
557 533
452 362
92 164
452 177
116 464
405 392
504 210
39 528
120 513
520 604
552 487
460 260
140 100
545 85
336 4
424 213
197 73
194 468
429 153
567 281
603 520
432 335
607 555
326 166
179 20
598 396
349 342
24 193
92 291
296 335
36 184
263 385
449 339
476 595
595 539
426 243
66 397
604 353
83 501
170 83
299 296
315 424
419 581
338 460
347 94
301 80
580 286
536 434
228 223
579 254
213 46
162 348
127 215
357 172
275 0
272 223
423 607
35 507
231 533
381 255
132 540
575 165
141 394
188 361
366 470
11 293
524 483
425 432
499 106
512 516
321 563
210 208
295 464
5 176
555 412
385 18
219 120
46 98
80 45
472 380
13 560
235 18
250 580
152 505
601 269
502 442
127 263
42 384
400 14
374 51
82 544
384 577
459 297
117 380
164 155
380 264
54 220
296 92
384 382
406 349
365 438
562 49
565 507
515 89
412 227
37 6
593 555
300 179
53 598
183 123
11 152
412 383
498 37
439 129
244 326
50 412
411 457
452 179
314 136
225 192
511 338
45 0
390 261
70 337
169 66
278 538
313 150
429 401
55 495
544 164
184 179
312 378
320 588
6 227
562 62
86 234
514 298
208 410
48 237
498 278
340 365
470 47
410 346
511 251
519 469
181 43
69 25
232 450
391 278
142 470
225 462
190 399
241 552
412 346
235 453
41 582
471 514
78 379
364 11
73 403
43 132
53 25
467 21
7 411
390 459
184 579
5 267
569 550
498 515
361 517
354 431
409 44
486 132
367 232
312 171
117 538
150 499
472 478
394 126
109 23
564 191
293 485
164 539
24 239
185 265
482 368
269 260
190 462
347 289
39 588
280 298
174 469
226 426
467 272
328 331
67 238
487 200
454 518
599 108
423 27
8 156
319 520
28 224
206 239
425 128
244 94
85 524
471 540
253 451
158 60
167 558
505 12
560 29
580 330
317 494
75 300
312 506
381 492
407 311
145 42
88 316
591 188
482 283
342 592
546 495
6 232
64 342
471 139
229 170
266 24
540 373
592 334
326 587
428 368
404 320
47 57
237 93
8 469
264 342
238 546
120 607
120 314
339 476
158 286
202 19
229 119
179 229
401 206
134 124
486 69
352 289
2 244
185 169
8 152
62 452
180 254
394 577
189 321
122 520
161 55
524 415
184 73
83 294
119 174
469 72
170 144
494 500
446 253
302 532
576 198
14 144
517 516
196 444
10 385
63 266
250 339
187 478
366 459
248 205
211 562
126 337
70 444
408 563
131 441
17 411
56 522
451 466
54 143
594 89
344 246
508 367
331 319
525 227
153 529
603 63
462 526
161 555
72 92
376 498
375 437
479 311
121 322
548 389
411 251
606 209
416 542
298 206
497 469
386 77
7 312
87 287
151 196
304 156
462 3
30 93
67 551
229 162
182 156
305 259
426 304
473 259
222 155
9 313
463 488
367 270
442 594
458 426
159 61
5 215
242 449
296 307
167 101
475 81
226 344
370 66
488 341
492 263
443 430
208 236
266 101
184 574
521 37
155 540
112 294
231 501
13 425
162 489
476 101
361 487
225 95
491 476
412 333
451 348
217 513
447 108
262 509
122 22
605 100
212 483
415 335
102 66
542 578
443 416
291 467
577 183
401 569
316 402
479 288
180 411
563 498
6 592
159 102
192 201
423 334
469 553
297 15
76 60
536 604
387 271
392 54
152 557
20 377
586 252
163 588
75 282
405 574
51 339
283 18
55 584
8 137
587 481
494 106
103 397
452 50
477 318
473 454
481 129
325 423
368 528
533 549
318 281
116 532
489 590
2 20
532 148
319 168
267 319
446 406
254 168
351 379
50 503
484 323
222 462
383 357
471 590
415 69
328 60
2 584
39 317
292 311
497 155
208 475
560 60
550 477
102 395
488 287
411 491
0 295
