411 66
257 569
25 26
14 577
199 37
538 309
458 447
475 218
336 387
269 5
528 474
1 198
549 336
306 56
146 99
380 546
51 189
476 380
306 562
534 428
577 442
408 208
243 354
389 376
155 400
577 308
82 364
216 102
96 463
6 585
104 442
470 279
583 326
356 318
54 197
506 494
360 370
501 124
316 450
241 517
37 326
312 174
227 479
557 79
319 126
140 44
341 91
598 420
388 568
594 224
346 581
250 286
65 249
528 34
42 61
62 589
347 312
240 217
350 440
361 117
286 383
310 23
455 575
420 223
105 437
118 163
498 47
517 106
134 161
88 149
368 388
356 2
353 237
145 255
416 54
265 41
398 326
541 450
507 168
503 43
55 309
124 555
109 164
477 458
285 20
309 154
415 106
253 332
428 330
437 475
433 501
16 372
367 265
128 305
558 602
328 462
260 513
236 584
41 72
425 234
276 163
19 200
385 456
339 8
406 394
212 360
293 546
147 302
231 475
348 468
564 61
528 132
241 522
417 534
162 41
239 532
35 36
205 45
404 267
350 311
90 229
182 127
146 394
216 293
274 360
66 530
111 421
280 587
309 255
242 463
537 450
186 381
485 200
449 450
583 25
9 480
278 584
140 270
224 563
66 78
150 306
158 258
396 158
5 134
236 520
300 329
375 539
130 515
595 489
338 363
303 121
523 62
60 456
344 495
36 213
288 214
537 551
55 117
183 439
559 133
258 600
532 86
94 477
232 457
139 31
104 183
298 114
127 21
236 150
521 287
154 48
461 390
603 457
181 252
446 70
346 309
103 401
580 471
176 250
370 203
264 528
117 49
122 431
114 16
368 471
432 89
52 480
83 296
321 366
11 88
108 99
214 507
271 573
497 587
377 31
177 12
395 278
471 0
483 92
113 377
250 145
31 502
536 289
217 323
542 113
47 20
602 217
217 346
350 426
423 606
38 229
338 281
132 31
5 27
219 12
432 443
315 20
45 256
95 606
398 562
171 303
482 531
32 593
398 395
126 241
466 481
206 582
294 87
143 28
477 129
370 160
230 235
299 505
487 481
382 201
254 483
454 355
203 42
494 402
554 405
344 182
502 384
107 381
478 11
543 201
189 450
118 251
533 491
51 441
507 494
341 45
300 288
522 348
251 271
117 220
394 512
451 560
50 454
324 538
214 90
268 116
252 66
14 22
575 98
487 38
537 466
546 258
518 153
264 79
80 486
77 407
241 174
195 234
590 176
383 173
245 159
312 306
24 443
216 76
335 239
58 158
224 20
370 184
198 158
284 601
427 58
470 535
338 484
308 470
348 24
358 189
182 564
461 405
54 48
457 268
241 557
108 322
559 444
468 380
103 343
359 343
453 287
261 336
589 570
385 530
50 82
419 478
115 591
551 441
222 424
522 218
361 14
592 424
319 355
296 596
377 142
33 6
19 5
261 295
596 153
157 77
137 266
217 585
308 213
127 231
505 231
126 156
443 259
45 181
593 0
164 534
307 60
138 228
600 61
478 284
579 78
320 107
406 220
257 110
485 586
331 515
199 128
500 471
329 161
543 213
349 114
445 267
422 400
196 378
167 592
413 66
485 185
16 295
34 318
344 495
51 365
63 543
333 341
231 379
372 55
50 417
23 71
245 404
9 594
465 560
40 21
521 407
203 194
284 531
393 363
346 71
58 455
480 456
263 529
94 420
607 83
492 385
316 197
144 450
567 206
72 553
294 99
240 415
258 524
207 548
342 213
130 579
176 542
483 343
154 79
164 593
283 94
565 10
115 540
0 121
332 529
362 131
106 465
376 560
429 511
486 472
32 581
369 164
216 466
25 529
72 117
422 486
106 368
253 414
108 427
159 470
446 324
220 33
565 422
426 150
411 224
443 97
290 131
603 258
195 587
534 340
167 32
574 437
394 341
344 411
192 494
252 396
34 241
518 197
514 361
214 221
541 489
600 189
354 443
507 573
188 504
172 174
11 362
243 572
118 291
410 217
260 150
301 404
189 117
202 126
311 52
476 207
547 579
62 319
602 461
424 145
401 373
408 191
561 464
560 496
402 255
345 169
541 75
155 265
245 140
549 124
570 133
470 319
214 13
28 348
51 37
600 77
157 47
211 547
506 509
413 507
375 452
466 408
500 206
195 294
233 152
552 509
325 180
594 1
1 277
164 134
155 66
117 558
604 391
13 487
461 388
93 29
459 285
374 216
238 66
347 457
287 178
1 225
273 5
568 407
428 302
463 118
448 14
440 267
277 483
56 274
559 202
333 365
499 402
531 525
541 269
424 555
152 361
562 508
373 496
518 266
309 385
502 248
170 148
71 410
437 267
376 458
217 485
555 44
114 120
451 145
560 548
178 196
255 413
377 13
107 569
11 423
350 271
462 94
293 44
296 260
165 134
377 524
114 465
48 153
409 405
413 266
487 461
584 219
161 27
448 296
321 385
285 256
86 318
593 323
444 100
403 157
374 80
409 525
555 251
132 537
452 150
306 428
43 330
199 112
366 527
454 350
466 43
152 330
51 526
535 229
202 530
473 400
84 58
533 597
448 53
107 278
213 592
238 411
379 146
146 606
477 6
69 248
26 460
60 31
104 207
153 327
580 455
153 117
152 606
569 406
72 124
204 82
214 427
227 500
270 440
463 364
435 113
602 161
116 201
110 306
69 86
308 379
496 245
576 371
578 30
512 474
319 561
134 367
133 532
172 469
314 119
228 193
157 423
518 597
398 95
64 465
508 448
592 186
209 268
15 12
343 73
387 200
562 307
184 17
209 483
600 168
207 372
497 170
53 259
121 598
152 560
607 168
592 224
91 331
404 251
129 11
207 266
322 234
223 522
226 45
291 527
42 203
412 353
143 430
419 406
437 218
81 431
578 134
336 265
6 134
598 87
536 411
185 417
352 328
379 86
387 332
93 331
162 131
433 511
180 299
323 7
244 420
597 399
166 136
519 57
525 129
164 221
552 125
534 519
478 126
370 588
564 514
323 423
128 185
262 264
570 522
472 247
538 371
534 546
95 474
280 80
312 403
224 242
158 286
223 154
517 202
594 283
288 421
375 7
61 244
396 174
174 252
381 140
564 337
464 170
601 58
260 514
480 432
315 434
499 453
90 96
478 255
327 553
215 21
59 189
333 110
365 418
101 318
199 595
561 229
543 454
364 158
12 153
236 323
180 99
579 562
600 250
401 146
347 139
148 44
341 237
501 82
394 265
580 185
281 56
246 385
188 327
195 558
376 167
548 427
84 575
318 60
583 598
27 569
508 145
545 108
220 569
194 105
386 357
187 46
424 551
479 449
103 458
203 234
295 365
36 463
416 279
99 335
421 250
585 411
14 49
224 210
590 499
113 597
499 492
177 213
537 168
458 260
85 466
399 162
515 248
24 522
578 264
201 29
403 276
387 421
183 339
285 499
317 53
165 78
392 112
426 154
596 403
53 116
329 35
541 583
126 575
407 513
405 155
176 382
325 198
474 409
524 513
417 27
597 545
60 171
48 521
125 85
156 437
429 317
473 541
96 340
142 345
247 426
595 426
583 92
596 318
175 525
276 345
541 45
290 270
154 47
407 150
168 457
332 157
226 52
14 541
455 91
178 139
191 603
429 297
137 261
153 300
368 265
23 313
105 191
513 313
412 170
457 217
380 122
62 39
63 282
105 347
191 39
273 241
427 361
88 176
498 439
186 223
432 179
602 70
533 136
30 590
115 548
195 479
602 270
492 59
390 557
136 122
172 199
113 574
220 63
151 54
81 114
267 440
391 410
51 123
151 511
563 581
408 409
139 101
531 544
529 395
541 117
382 275
2 61
119 431
591 51
562 579
496 53
436 61
453 167
95 120
0 456
451 375
399 239
483 14
258 558
414 553
365 121
261 568
203 66
493 20
64 125
217 65
438 75
315 554
392 16
184 234
394 587
514 252
95 509
145 452
179 478
1 42
353 375
14 538
429 224
279 550
139 69
123 262
165 138
564 451
591 343
191 149
380 305
38 78
489 267
247 437
101 491
18 132
172 148
