136 584
452 207
514 519
204 432
389 102
245 230
63 381
126 527
444 539
321 64
383 538
71 80
151 171
208 394
543 205
128 90
214 135
254 502
459 441
14 399
248 588
321 254
195 540
447 197
224 222
174 150
511 355
108 19
182 257
323 545
32 437
162 252
550 320
415 589
185 495
317 467
96 221
135 56
135 92
101 170
62 246
38 102
194 53
588 558
218 530
434 60
241 293
89 584
482 526
460 281
204 347
430 310
150 134
55 222
188 418
586 433
103 429
224 476
351 285
479 538
327 105
248 162
189 146
398 602
173 363
264 338
485 54
356 206
534 313
428 404
105 18
9 464
442 371
117 435
560 457
516 282
206 26
137 331
468 553
523 495
196 474
545 182
542 585
105 40
204 57
448 544
513 562
369 93
22 282
428 446
28 426
512 536
268 259
115 208
425 212
448 8
606 104
256 178
487 117
109 433
469 261
221 535
61 66
319 232
286 345
367 582
502 280
324 193
578 513
277 79
368 564
276 484
483 238
40 84
466 528
375 426
456 87
387 121
216 46
163 439
570 258
314 30
43 517
8 393
539 84
603 220
28 338
5 365
257 123
343 341
51 314
116 154
186 349
4 540
429 226
276 457
186 221
21 265
5 512
352 313
323 187
174 264
324 412
402 199
66 416
90 194
506 330
556 555
215 384
484 225
232 221
498 135
326 292
418 172
294 180
206 42
228 581
533 550
492 211
529 583
100 9
15 448
444 208
296 360
104 184
44 272
304 62
321 101
489 479
279 349
544 206
254 354
42 57
546 484
492 85
474 235
235 180
24 598
110 504
384 443
541 530
555 106
136 586
379 138
46 230
150 196
428 11
394 200
211 0
59 409
275 456
208 6
575 116
415 147
497 71
350 53
212 223
558 584
468 516
506 236
164 311
499 515
127 183
95 425
324 485
30 24
191 293
10 69
233 490
40 585
17 241
57 305
334 209
536 335
154 35
407 373
15 456
93 481
234 187
10 286
314 94
319 178
168 501
284 339
238 595
152 487
523 360
51 399
567 127
342 76
156 552
478 329
233 338
290 510
520 450
184 70
371 343
130 481
237 395
94 10
499 24
167 147
604 335
103 542
462 250
521 454
268 130
482 276
5 148
298 52
366 192
557 481
383 240
237 73
497 166
3 196
576 407
243 522
559 166
586 549
544 1
125 67
566 48
357 523
100 104
103 424
282 434
5 459
52 442
204 335
203 399
528 108
172 440
417 584
439 233
146 243
439 106
163 514
345 100
552 287
534 494
183 159
568 211
0 53
154 550
14 607
10 547
54 142
466 390
67 227
463 15
47 194
6 565
456 577
468 316
448 353
556 88
135 596
431 573
329 144
594 205
10 72
341 324
218 528
509 120
325 262
406 240
310 586
416 533
376 578
120 201
470 149
283 68
191 214
492 391
132 516
582 570
434 539
414 502
155 184
454 185
108 398
519 189
104 211
291 263
484 253
263 373
516 574
321 165
431 554
188 126
163 80
280 471
168 442
327 387
402 498
506 231
167 560
27 55
300 51
47 44
582 308
427 106
38 420
115 500
439 214
185 88
533 115
126 249
307 506
103 137
141 79
266 526
376 247
541 356
526 321
189 67
155 113
490 424
244 534
103 279
508 161
605 452
454 24
5 195
154 431
322 486
252 121
268 336
460 524
335 596
601 421
465 557
262 314
505 341
289 486
14 56
520 601
452 254
597 459
108 479
448 47
179 248
329 171
527 514
284 493
256 496
590 246
208 568
157 461
228 155
232 465
596 20
600 599
523 253
245 450
597 565
429 421
391 212
110 413
209 160
353 559
208 310
134 3
81 299
237 515
370 195
406 39
210 41
480 11
459 36
175 371
554 469
338 508
220 372
521 30
481 369
592 24
469 443
333 51
60 395
341 390
60 105
504 261
67 593
379 502
171 247
105 304
205 141
434 78
224 298
432 96
439 546
386 448
186 500
482 548
382 80
551 361
225 227
354 276
119 384
399 255
221 220
57 436
80 444
333 1
141 133
116 577
395 178
319 253
233 332
52 178
367 101
375 92
62 49
11 516
212 497
262 101
71 377
222 258
190 39
222 346
255 85
221 229
405 156
36 317
137 85
173 605
356 321
32 602
336 484
339 164
3 186
561 418
336 291
159 236
249 397
467 164
477 302
409 277
456 136
380 137
420 354
84 526
409 155
454 414
477 11
363 499
357 370
460 474
338 131
572 476
520 382
1 413
173 601
187 456
244 451
164 282
388 370
415 440
605 484
199 295
358 253
485 413
402 475
309 18
282 197
529 271
241 135
378 142
355 520
141 244
52 132
503 30
568 54
451 513
510 318
356 164
241 325
271 408
9 321
226 348
27 221
48 12
41 171
445 169
446 367
261 381
369 299
335 53
522 253
605 590
365 433
144 172
356 132
275 319
261 520
528 394
366 442
401 426
213 373
228 526
218 340
597 329
206 6
295 47
144 512
319 223
412 175
125 405
564 501
430 210
146 65
547 550
98 162
252 363
230 4
458 72
460 103
116 492
157 562
580 215
140 337
316 277
115 223
368 94
414 286
421 325
442 149
472 601
488 111
417 129
571 367
254 439
36 350
83 579
388 25
344 145
549 149
264 366
171 65
68 52
416 350
598 29
518 250
386 227
550 604
78 265
207 534
412 282
576 567
161 595
438 458
508 171
116 543
468 86
528 462
385 382
233 477
177 410
226 492
303 595
508 283
401 329
72 113
322 220
86 50
449 211
123 167
492 62
199 365
350 407
595 91
317 387
149 346
567 203
129 357
433 133
538 480
511 5
202 75
515 247
92 360
560 479
501 65
54 438
522 310
428 439
531 286
2 179
549 126
575 298
100 148
108 262
66 92
173 46
31 253
158 522
16 200
256 569
62 325
329 517
19 474
384 478
27 29
312 231
513 552
239 259
411 272
398 299
240 548
283 478
354 122
555 186
602 370
70 535
165 587
125 548
339 398
128 150
252 136
205 141
201 181
83 142
426 533
432 494
547 52
480 102
591 361
526 382
256 13
57 499
407 15
169 239
226 356
359 467
51 243
556 453
516 459
547 135
546 572
227 382
419 259
74 348
212 269
467 395
165 205
70 281
349 298
142 445
246 503
109 151
560 393
150 594
114 450
429 121
390 42
150 154
334 67
503 162
551 382
385 494
94 358
486 547
391 204
216 433
302 566
374 108
255 257
54 160
48 264
558 321
447 498
108 247
368 332
75 350
386 588
115 386
470 202
472 188
48 298
264 485
566 166
94 351
349 564
600 200
61 464
44 271
477 30
222 130
556 526
28 292
264 347
404 239
428 594
414 425
13 347
472 151
520 92
435 440
17 544
537 102
102 274
105 201
386 121
607 252
331 443
339 162
565 187
306 601
398 419
405 455
545 523
260 126
189 542
106 0
272 219
27 539
485 41
296 94
489 167
88 530
431 162
284 528
96 423
118 257
504 38
317 131
606 106
412 227
139 53
388 39
133 131
596 211
518 565
88 173
326 374
52 429
430 390
358 340
76 381
154 586
147 510
535 39
347 505
197 16
145 233
156 33
371 594
358 146
17 553
437 341
33 226
48 590
479 257
457 9
9 373
499 435
146 558
328 366
603 230
559 522
78 367
258 143
447 319
368 465
527 137
359 185
226 361
129 299
58 411
472 279
264 524
374 160
194 399
189 95
532 112
355 347
499 591
106 2
128 240
241 451
409 98
79 305
251 148
219 236
585 109
394 364
428 578
454 322
530 527
0 66
458 308
559 106
349 598
432 321
406 565
248 311
11 130
313 494
230 161
311 298
543 172
228 417
360 466
242 212
442 261
151 471
47 49
94 419
75 428
174 136
210 405
215 309
187 384
275 235
100 63
258 44
448 203
134 267
339 376
67 71
81 336
36 414
568 538
386 178
200 491
434 200
401 365
537 583
336 531
515 50
108 38
224 170
206 21
482 195
46 491
459 603
8 307
285 385
39 352
25 591
231 208
191 546
442 293
408 367
378 250
36 238
208 228
81 349
494 161
240 584
276 503
