541 424
517 223
546 237
9 478
244 580
449 299
457 428
467 396
79 577
373 85
385 345
391 53
340 371
84 447
139 163
472 22
169 213
385 179
120 301
373 446
480 338
196 303
260 281
69 175
384 435
304 598
159 495
517 389
103 296
355 298
33 352
497 330
354 370
463 21
166 380
80 600
404 101
73 68
324 331
215 97
181 425
192 296
139 213
150 399
539 403
150 192
368 588
351 323
122 303
16 243
387 585
486 327
195 2
99 8
559 57
65 542
136 453
235 67
7 176
142 51
166 538
587 97
204 232
196 28
451 174
556 374
164 454
333 592
516 594
47 602
550 405
128 409
421 535
398 149
378 365
68 367
410 455
496 205
269 565
177 275
85 364
302 222
574 606
560 29
514 599
242 516
312 400
332 481
371 443
390 503
224 309
67 50
588 180
291 362
369 585
528 409
156 398
212 118
511 129
526 114
412 464
125 501
130 95
26 340
196 197
589 360
252 445
565 422
578 282
255 194
6 0
582 14
462 512
594 379
477 349
383 68
34 607
485 301
271 594
538 221
312 466
126 537
336 165
96 31
328 163
415 509
76 598
67 230
227 540
99 221
210 11
324 339
458 174
443 124
307 99
337 539
358 237
101 256
235 273
534 271
407 362
449 596
594 391
403 110
592 550
534 7
497 360
252 497
99 480
244 301
318 497
116 583
272 496
251 215
425 89
209 233
18 145
409 171
517 387
348 306
176 575
585 182
50 361
490 562
335 30
521 397
450 418
169 370
536 508
458 31
348 231
147 431
473 290
598 275
248 51
223 86
525 145
118 5
334 602
466 239
74 121
108 367
16 492
535 408
331 284
183 118
551 525
101 528
546 444
402 585
193 192
329 62
37 43
558 468
422 147
222 448
120 107
542 276
507 567
268 95
146 384
283 589
574 107
78 120
253 254
235 14
385 105
336 520
536 452
453 493
57 515
243 561
225 569
513 134
502 500
372 261
567 317
509 220
280 181
247 415
255 33
157 594
269 225
33 514
539 224
391 217
354 291
298 318
575 271
18 570
493 509
311 108
349 318
387 160
251 31
210 311
373 439
106 150
324 428
514 577
187 475
547 196
200 247
101 242
489 247
39 190
433 388
392 158
283 422
276 587
24 422
426 408
430 244
59 239
499 116
198 363
571 471
145 282
564 209
152 226
364 39
199 328
563 131
510 566
253 419
528 598
541 478
272 493
115 116
165 111
512 309
560 264
417 421
516 73
607 431
137 351
64 384
368 580
39 128
181 219
257 280
159 388
508 599
350 42
597 232
181 272
479 181
363 56
554 103
527 471
393 437
104 207
461 386
447 427
160 196
453 269
342 578
338 6
128 255
430 162
331 481
544 466
417 368
407 522
307 13
395 274
356 389
289 70
48 225
565 346
472 589
158 297
437 62
236 388
504 435
560 64
127 324
172 112
477 48
511 312
593 14
397 249
420 476
598 32
556 566
244 200
50 384
9 166
387 440
598 415
154 466
92 401
445 200
319 145
344 505
499 168
111 503
240 590
255 302
446 595
529 282
314 273
492 276
311 401
240 243
330 543
147 372
158 420
311 343
560 590
551 390
453 280
382 477
456 189
359 527
308 425
318 114
401 78
316 436
73 382
162 569
309 552
457 41
58 495
416 366
551 146
350 265
16 101
524 564
466 504
559 243
23 312
415 511
334 341
18 569
523 457
18 360
466 126
82 117
484 342
393 146
309 419
136 359
279 535
268 12
77 573
149 418
296 482
603 232
15 285
236 567
468 374
358 383
184 240
110 0
208 278
516 300
76 473
68 63
167 427
127 172
410 235
251 44
487 472
286 266
426 331
6 160
219 475
306 488
168 379
148 352
56 296
342 289
394 514
274 323
400 145
29 543
303 157
593 529
317 185
391 523
216 199
395 420
469 268
99 294
536 238
597 576
304 441
554 363
69 147
290 202
40 111
117 319
16 431
369 391
434 279
85 452
469 444
92 155
93 450
583 604
51 328
145 118
219 477
21 530
209 130
412 556
520 129
40 379
554 521
126 560
49 440
210 105
231 516
409 150
223 441
341 198
334 6
367 5
67 380
443 464
400 402
373 499
208 581
104 76
589 9
160 176
61 209
168 274
553 236
173 410
108 561
263 525
105 66
530 88
445 369
57 380
1 348
384 119
101 386
0 390
357 325
226 317
353 431
337 559
271 166
387 210
332 396
106 250
286 431
37 300
457 152
295 513
15 389
285 314
227 368
144 420
473 237
301 137
129 224
450 162
347 500
440 555
7 364
328 50
356 27
438 301
501 149
446 137
9 191
566 347
133 497
466 444
464 566
393 536
65 116
188 538
210 349
443 425
56 385
466 15
243 90
9 68
259 168
259 550
316 303
395 417
287 519
91 499
85 399
348 129
88 469
566 231
355 540
425 225
507 597
391 561
571 26
363 118
441 5
49 537
98 173
330 50
65 462
143 288
396 47
503 27
58 406
89 407
295 462
525 348
18 68
499 90
586 353
69 217
601 446
522 202
37 234
134 537
343 447
331 304
563 422
409 378
119 13
417 465
11 546
182 573
411 499
160 51
468 183
375 132
392 120
185 340
433 312
61 502
294 267
490 179
413 71
348 148
561 381
568 543
384 335
489 274
49 448
172 333
134 348
490 143
549 23
229 185
570 83
595 556
542 346
114 90
69 532
293 593
213 446
56 117
56 131
143 97
282 231
288 272
78 345
568 412
343 128
276 460
505 253
470 600
334 426
113 495
36 119
389 45
97 202
287 252
407 380
237 376
273 145
139 238
377 252
264 602
574 302
299 254
586 5
376 88
239 311
485 118
338 418
498 287
271 77
363 426
110 552
376 565
420 557
315 274
158 556
460 535
18 506
419 395
110 402
107 375
466 341
40 267
501 316
494 246
91 210
1 384
451 306
135 418
466 90
605 162
351 173
434 183
249 206
507 156
215 482
425 131
28 168
33 576
199 182
544 224
439 377
271 7
279 165
73 520
390 486
16 527
101 318
575 221
181 394
550 104
377 6
498 357
264 581
480 401
46 453
407 178
112 437
228 468
138 330
295 518
489 424
507 273
393 355
296 570
461 301
533 29
67 424
2 236
241 90
507 284
381 532
514 575
7 124
237 84
545 329
558 510
480 553
495 234
152 397
291 176
229 66
183 280
328 71
509 397
465 387
232 475
268 33
557 268
271 587
606 604
443 415
233 525
255 351
495 378
549 215
16 231
601 370
69 386
294 236
200 137
248 49
471 516
32 282
535 334
516 324
166 369
39 215
443 13
297 123
321 31
337 19
477 600
564 255
72 454
415 272
478 207
455 397
47 492
123 341
32 562
261 258
470 125
244 60
496 501
13 328
461 63
146 79
114 602
450 324
220 209
335 383
119 463
65 275
136 462
36 59
451 603
394 225
400 182
54 429
238 435
147 203
578 552
365 209
131 438
139 231
271 129
596 6
199 305
247 426
533 81
106 248
339 205
583 484
195 472
567 358
557 263
319 464
1 58
377 261
566 61
246 411
274 29
74 458
382 70
489 409
305 274
478 286
358 250
313 343
603 179
296 364
171 436
316 1
64 511
11 394
70 438
346 64
489 42
269 23
295 543
73 2
352 393
510 109
523 525
136 64
39 267
443 247
459 103
138 237
323 284
48 522
255 483
123 146
297 197
92 534
558 338
198 450
267 440
518 282
442 142
122 492
37 605
476 321
79 188
563 194
222 361
537 115
163 398
532 483
166 226
576 602
215 236
475 132
603 364
427 548
561 514
222 102
145 36
109 30
591 203
275 199
434 106
351 591
405 311
528 299
6 510
363 145
102 591
4 444
74 161
55 322
312 119
465 576
536 204
284 320
444 417
257 341
5 174
359 131
500 509
59 427
234 198
204 105
352 330
145 222
84 315
38 584
300 254
497 589
169 498
502 40
485 453
195 322
498 202
422 330
380 77
343 261
323 69
168 388
300 179
149 399
113 73
522 268
290 92
136 176
466 35
99 117
19 95
54 149
403 522
4 475
131 591
190 538
56 38
