10 201
23 145
188 474
150 369
409 112
311 194
440 305
72 73
406 452
479 410
380 583
267 274
91 268
497 495
194 441
124 119
89 446
213 225
256 540
430 501
478 592
581 3
71 413
23 105
452 435
155 601
231 40
349 104
545 28
168 513
444 102
427 38
251 241
264 195
75 458
512 68
504 449
322 176
43 390
235 577
257 90
22 549
565 277
551 189
485 189
500 403
189 573
48 308
293 584
148 197
569 150
22 388
441 184
43 99
139 457
471 4
250 112
382 274
424 124
600 598
601 390
108 105
250 79
592 569
439 404
534 565
83 151
521 278
265 298
362 80
277 467
212 301
132 171
398 171
4 360
540 136
321 311
585 241
73 478
421 527
252 211
49 560
113 226
159 585
395 159
47 247
399 546
605 37
449 253
335 201
142 219
142 348
409 177
539 413
273 265
561 140
92 586
138 100
282 287
75 325
379 580
490 335
345 107
441 433
258 560
455 153
66 149
509 209
302 86
403 446
242 199
437 333
529 397
136 499
575 396
602 60
236 94
38 59
34 317
480 198
576 375
198 242
472 540
467 34
142 96
60 122
74 126
167 337
358 237
340 332
444 0
117 44
603 356
366 556
29 167
526 284
215 283
218 463
587 581
518 579
267 249
3 553
483 508
166 325
540 505
478 457
454 307
557 515
605 393
469 54
362 482
416 316
104 36
126 306
548 368
176 569
252 114
81 586
281 23
193 298
62 82
439 547
386 94
391 493
211 566
589 252
51 302
90 268
544 4
394 218
368 546
236 372
273 258
311 266
299 517
217 109
74 36
365 348
124 411
207 426
195 552
186 394
191 327
504 75
507 11
374 364
295 233
570 514
201 267
357 457
185 483
130 50
283 163
328 599
95 452
515 316
169 554
177 533
209 260
493 348
293 422
94 343
235 410
0 239
607 294
522 267
68 248
138 26
364 601
146 588
148 179
536 194
381 280
192 281
69 41
234 552
527 406
397 367
95 20
190 534
503 418
434 215
166 460
68 340
106 400
374 369
107 378
221 116
76 127
307 349
590 417
480 105
421 443
603 187
286 156
23 508
259 64
234 570
428 291
397 84
133 242
562 250
439 444
16 10
483 406
527 204
381 104
259 606
164 448
152 329
197 141
351 54
23 381
276 176
519 299
476 222
372 264
284 233
372 143
596 115
504 148
349 457
591 60
415 142
77 437
360 505
379 85
361 13
280 546
39 433
583 2
27 61
167 432
150 3
176 445
520 528
387 97
532 118
456 178
302 366
238 152
321 597
425 56
70 227
239 15
295 115
589 151
52 537
555 501
330 376
314 255
334 310
106 151
461 10
306 570
368 263
551 192
362 105
527 534
378 569
460 512
377 381
72 550
441 425
208 150
129 589
440 33
503 569
463 271
514 255
484 168
394 203
294 297
405 190
508 47
452 273
557 315
284 108
487 57
298 290
439 433
397 435
290 464
127 522
487 192
261 47
369 93
99 444
492 16
407 153
247 374
111 471
14 285
154 150
65 335
41 443
524 30
418 571
450 7
342 586
85 315
484 147
538 504
59 312
439 516
241 570
601 379
323 437
379 35
107 577
338 511
352 266
567 442
58 414
95 137
78 229
400 17
432 257
576 131
38 216
603 203
379 195
288 215
149 579
462 290
411 438
509 236
506 237
251 310
77 590
352 158
191 585
576 238
250 185
585 388
10 57
572 282
428 209
270 334
407 266
250 389
197 598
179 47
18 399
242 340
593 79
570 276
326 235
438 582
435 114
561 272
396 455
587 19
89 451
535 353
71 573
147 197
412 544
421 52
446 140
23 361
123 35
139 363
311 302
437 247
211 380
380 117
35 147
537 514
569 382
574 466
123 585
323 493
111 299
48 439
293 98
348 453
212 37
45 467
451 350
103 406
566 84
243 175
256 452
270 431
560 122
515 57
419 339
222 558
591 209
562 285
597 572
394 257
485 322
315 205
11 462
213 430
115 555
350 5
266 35
444 387
25 15
250 350
263 371
96 515
313 157
113 420
53 105
150 14
571 172
515 444
588 450
243 457
330 50
463 216
59 281
335 116
512 238
96 224
390 182
529 213
519 384
567 590
565 173
337 543
198 431
583 327
564 264
113 553
133 58
205 507
589 508
406 76
520 186
224 398
311 149
292 450
450 300
181 580
445 376
474 277
253 360
43 99
323 208
49 357
211 99
309 420
540 173
462 2
561 164
534 119
55 348
1 427
259 456
492 496
503 208
311 80
334 374
173 536
106 324
587 527
571 164
204 60
188 39
30 368
39 364
432 341
88 450
70 224
265 383
547 219
240 257
261 519
197 67
502 541
583 17
308 198
322 127
379 276
209 527
543 459
52 286
568 510
589 99
152 14
150 459
139 267
218 444
401 459
238 212
466 491
181 387
194 557
427 21
312 6
587 89
271 526
25 588
5 569
19 0
381 439
37 357
391 510
512 164
456 69
468 204
493 297
32 398
63 99
185 214
333 568
572 123
216 220
457 252
273 334
150 176
530 412
377 443
157 287
191 6
378 548
258 408
162 478
129 163
34 181
155 405
424 514
393 210
223 138
520 2
100 11
142 265
369 90
606 382
442 245
112 389
551 564
498 138
240 197
241 336
508 380
532 141
442 384
322 519
6 32
193 270
242 548
229 527
514 266
314 115
132 552
157 529
57 319
284 355
354 101
179 372
181 606
521 263
502 396
71 216
29 482
298 16
368 119
467 396
135 454
280 296
330 495
592 209
211 270
168 195
354 419
106 341
91 450
560 174
348 585
458 310
509 154
215 54
373 506
455 122
90 121
197 105
416 222
528 407
274 354
145 415
213 465
505 316
420 306
232 458
114 51
578 113
382 571
153 77
419 261
588 81
174 101
467 591
7 535
483 470
32 458
417 481
319 356
339 331
352 520
12 115
362 487
549 510
378 517
464 527
505 80
31 169
574 488
553 140
292 81
291 289
413 262
561 334
356 129
140 365
26 375
502 553
193 61
486 377
522 63
172 322
517 596
118 462
12 195
18 78
332 500
15 155
585 447
545 598
320 522
381 247
67 307
536 184
605 23
167 183
313 194
495 139
136 83
412 97
138 41
228 84
74 395
249 386
17 502
228 458
196 190
373 29
22 186
519 278
21 520
32 402
316 161
490 95
241 456
304 285
347 607
318 285
84 577
38 579
124 570
305 176
172 266
311 454
10 144
176 454
441 3
490 296
343 47
395 332
399 573
112 387
407 443
148 181
149 241
203 39
256 498
91 305
256 271
98 577
224 392
339 243
34 598
168 100
56 248
3 473
432 496
217 519
200 222
411 133
14 148
90 532
145 479
298 425
507 52
311 115
373 160
511 143
392 142
353 387
386 86
38 326
10 95
597 186
23 475
242 375
167 117
468 370
51 312
140 330
548 9
542 363
183 199
130 223
16 317
600 518
271 86
490 353
119 552
498 284
183 514
316 72
409 405
360 454
457 541
166 332
6 571
491 263
21 24
471 226
201 346
551 350
598 435
507 366
287 215
308 238
434 574
481 338
495 301
298 355
128 36
396 542
424 135
485 504
356 567
425 127
119 206
167 556
357 313
377 544
212 483
77 452
144 308
65 29
28 562
246 335
298 238
398 214
299 487
379 309
98 552
335 338
482 7
97 392
112 307
309 549
279 106
266 89
34 79
132 409
547 518
360 585
378 408
581 446
73 490
399 52
79 258
407 421
211 237
173 494
0 76
109 501
202 330
64 227
597 590
414 389
382 177
286 418
301 408
512 170
597 384
28 180
41 599
115 559
359 54
483 223
156 41
491 545
399 371
263 400
101 488
476 223
192 261
309 222
438 72
250 280
133 53
539 372
391 438
354 57
14 519
363 357
340 120
423 418
140 344
354 269
520 271
331 399
206 201
11 182
60 490
258 496
172 70
290 410
427 461
313 20
582 92
427 177
463 268
123 360
439 488
24 244
515 207
12 595
7 512
272 229
516 249
150 80
177 499
365 149
7 466
595 565
141 400
450 329
416 28
353 288
517 57
510 540
581 480
