65 1725
689 851
1036 2012
790 38
1295 44
1075 1737
662 901
1925 1746
310 407
320 109
286 139
551 130
362 29
1569 386
1539 1138
1579 1616
701 1919
119 68
1653 1797
1690 1850
711 970
777 2138
101 357
175 128
2164 1170
211 927
1056 226
1732 369
1079 1624
2034 1973
965 2025
2039 509
2118 778
161 678
959 312
311 2053
1645 581
804 986
32 1076
2155 417
265 1411
1964 107
1436 841
910 849
772 511
1407 2182
1828 880
617 958
1524 1950
931 840
1290 311
2030 1610
936 107
1456 1279
2088 1354
1271 2188
57 618
1584 1935
399 1782
850 1986
1526 1422
1232 324
1979 301
1419 1777
598 242
832 52
1924 1031
189 155
1694 342
2024 259
1156 1118
1163 622
386 2138
1083 433
253 1047
983 2087
1861 1497
372 996
587 1537
1125 47
1926 1916
946 1613
1931 1390
1652 1986
2082 1155
1957 372
1278 2057
983 1077
408 311
1038 684
1956 2190
894 1576
1597 2026
857 1051
943 1380
169 955
867 1464
306 1611
636 1432
1505 1749
555 1816
973 869
295 1603
379 1323
1326 138
687 490
347 749
1486 842
609 963
1464 1932
1622 354
1389 884
550 2202
2173 2188
987 194
541 1464
1985 616
162 1474
690 1694
1194 4
302 605
1153 1401
1411 771
1335 2014
1799 1349
1734 880
1494 1151
706 124
1726 2047
1891 311
457 1818
225 1334
1805 424
1863 2196
842 349
83 72
653 1494
1447 1859
576 1784
689 1288
420 2112
704 135
1515 1800
775 1598
273 410
1634 1973
727 1659
225 1453
757 469
41 133
331 1791
128 1933
1541 2076
1004 619
1138 595
1051 1875
199 414
1667 2175
2109 1128
1054 454
2210 1948
483 2113
1981 416
85 2110
1028 521
688 1437
2192 931
1208 2140
1891 1868
559 953
1926 113
373 1472
1125 946
951 233
441 1315
1848 772
236 714
1253 1262
1304 1491
1596 2181
552 386
1534 1378
1046 1766
1148 743
813 1315
804 633
1618 1558
1003 915
1374 680
671 1796
318 1791
951 2102
110 1029
1054 1909
1514 165
55 2149
2164 120
1284 1607
2196 1115
2033 1257
614 1986
1997 1077
1982 925
604 1533
1149 331
1451 742
820 1200
1982 1534
128 684
1312 2105
567 2077
963 1381
141 1752
2092 492
267 335
1598 1364
47 203
1310 1140
1669 1445
800 1329
806 2056
1102 388
137 812
1066 1619
2134 1004
1554 1194
211 920
1505 701
259 1355
237 1833
1454 340
1008 766
1986 371
1544 820
371 128
1426 709
61 318
513 1007
7 1461
487 621
577 2134
1714 966
1103 1339
1706 138
534 1273
571 43
1648 644
1519 2141
1186 1815
228 467
1361 1315
862 481
1094 759
946 1094
1684 1174
654 1599
518 742
1817 2044
1168 427
1589 1260
629 42
1793 942
1014 543
1531 1600
61 1060
445 16
870 2070
1592 1878
381 553
1940 823
164 65
1642 2052
616 414
1893 1536
1552 1212
1891 1065
641 499
897 1437
677 782
898 1292
160 847
732 2044
187 1513
492 745
1259 1007
1814 422
737 2072
1698 169
1938 247
1980 1093
502 308
1709 1605
1762 1863
413 1746
1944 1626
1294 2048
1112 1241
1492 366
1985 1708
1244 98
1021 21
895 422
1479 248
1164 892
309 1016
1927 2099
984 1545
685 1413
151 1052
343 1337
1165 237
581 1208
1115 2017
1038 919
1929 2027
1545 1645
1169 686
39 1073
2079 1187
747 944
312 873
1090 1986
49 1378
2146 174
457 689
1192 378
1601 418
1000 2021
2008 1586
2091 680
740 545
520 1050
1804 1957
282 126
805 1049
593 27
1061 1035
854 1294
447 1658
1924 67
1221 362
636 146
1439 695
91 582
1832 569
1260 1044
892 316
342 22
852 815
1775 1548
1430 1617
1512 183
1082 809
881 2112
1015 195
1523 45
1022 1024
1519 1084
290 1100
966 36
257 197
37 2077
280 573
443 734
197 524
1877 1089
2203 121
947 1793
501 491
1238 696
1261 423
950 1326
1217 1682
1249 1258
861 2016
1812 1975
1865 2021
48 1310
1442 962
884 191
214 1964
1462 719
1462 1888
96 2085
1395 504
307 850
123 1039
337 411
1510 1722
1865 173
413 1293
1418 1429
2112 1734
1960 217
1183 868
720 1396
1441 486
755 1064
1076 1661
105 1025
703 573
456 906
671 1248
252 381
462 1846
1687 1180
234 715
1727 950
906 2036
1463 1716
897 1175
1425 2214
753 2023
42 782
43 733
1983 1777
799 758
741 1599
583 1828
1510 1989
765 2163
2035 9
81 53
452 1653
1679 1214
351 111
741 782
1574 569
31 753
280 1222
821 207
1069 1737
920 1975
844 1427
77 393
2014 1763
1057 66
88 737
1459 1567
1833 890
1995 1086
708 948
1059 1283
277 1899
950 2133
1952 414
1511 1501
2115 1215
1182 504
1157 32
2083 241
1682 204
1560 424
1082 258
1770 618
766 970
1789 1967
969 1103
806 1712
1566 2155
1298 979
1593 598
1375 549
1307 1679
236 39
1382 2053
546 1539
2056 367
2210 2206
131 580
1355 2180
1626 265
887 1774
94 1023
850 215
1956 928
2195 1343
541 38
106 663
183 2128
263 875
348 480
1020 1702
1958 1414
350 867
1598 1944
1626 64
1527 589
1624 721
1368 160
1480 1807
269 1879
1557 1724
1967 2130
1489 2064
491 1785
1574 692
938 239
952 77
2209 1381
2125 1810
1341 1437
231 1331
275 1015
1015 482
1883 585
538 727
2171 1055
842 1107
1343 1285
557 1242
2028 1206
1549 2047
1002 1920
1021 1066
2071 1647
1923 1393
329 1048
1432 120
418 848
498 298
1775 915
2174 1770
1138 707
341 475
528 1587
1586 2023
1345 1378
1362 1251
1547 726
530 910
1880 1739
1771 70
365 1905
1997 1832
1532 1052
1181 1404
1013 743
1659 870
110 1745
482 459
656 793
738 2202
2132 654
2046 1321
844 187
1733 1302
1605 1272
869 830
2063 1177
342 889
976 616
624 463
654 376
270 1406
2165 308
915 1051
1576 1819
944 1706
817 67
923 527
2045 1482
1356 977
1440 751
1696 1647
885 2069
1115 306
2072 734
0 579
1435 106
1102 1107
1520 1971
749 399
1643 1133
719 905
130 845
520 60
1046 575
838 155
161 1608
1618 531
454 570
1943 1756
1178 2112
796 1468
411 1611
1843 2110
187 1741
1441 685
949 2109
1448 1070
1003 610
78 487
1839 612
497 1816
914 1881
1086 97
2214 1924
1342 1471
496 177
618 1703
112 83
2007 265
22 257
903 1471
991 968
1525 698
1525 683
2005 891
1346 1063
1575 1580
156 495
339 1671
665 1288
911 660
1769 2031
2069 42
1185 1446
13 1943
1994 1192
1685 1824
895 2023
2207 399
163 642
1481 1901
1381 2117
713 1085
2011 848
1894 494
731 1970
1759 506
1355 1370
352 1542
212 1515
856 1798
2075 13
956 1314
134 1363
837 1299
1447 438
593 46
1433 1661
1600 2142
291 1840
1034 1777
1244 470
1888 1624
711 171
2137 2048
407 1260
582 1291
2158 1006
1254 512
2136 1045
1148 1465
773 753
486 450
1112 901
1918 1795
456 1482
1012 1356
1743 130
1926 1333
279 1730
484 1877
504 1539
1707 1337
958 691
2073 1996
1261 1401
1200 1914
550 1824
398 1796
1263 1116
1892 108
445 475
555 1576
614 1782
396 574
70 174
1670 630
319 1970
892 1413
758 1366
1119 1728
1309 531
1964 476
283 1198
308 2003
1679 1386
1648 476
501 128
1751 1516
932 1707
518 346
291 2160
516 298
495 261
2180 1070
1284 1596
1721 1784
1450 2192
1092 1869
186 352
203 842
690 1888
527 1549
890 574
280 667
266 2011
1256 62
236 1634
1560 663
135 333
1426 756
1279 750
1959 1849
873 1854
2143 679
97 1047
141 1608
1234 1457
485 1779
2171 2095
840 1398
2146 36
1474 1697
1284 673
1472 1980
84 1320
248 1509
1663 736
1011 1918
300 877
782 350
674 1295
2173 2036
738 31
1985 1454
1167 950
549 967
2014 1055
1821 1907
272 114
22 377
818 833
1724 603
868 449
1133 1540
864 350
882 1565
388 1270
654 1986
339 2171
1047 1200
1840 1350
101 442
1216 349
1269 1275
1910 2173
1478 638
1637 1935
1021 1498
931 1460
702 743
499 1023
1502 803
1807 1846
1031 63
767 60
1706 1744
1028 1448
1482 527
1689 1470
2106 231
291 1024
44 1450
469 2097
745 1206
1426 795
906 2032
75 1480
373 652
766 2120
408 1816
329 1648
2153 807
488 1827
712 2042
53 2130
1763 523
1898 110
492 1124
973 267
537 507
1754 1963
518 1113
918 2214
1048 945
561 991
1305 1783
1390 1657
1876 1808
2174 444
88 1325
1891 1234
1334 451
698 1824
1763 1561
1864 778
1507 1354
1551 663
1011 2072
900 991
358 1187
1951 986
889 1980
1967 208
970 447
2 931
625 664
2103 1535
1748 1303
1364 1502
1035 1541
1246 2059
1333 857
645 1123
2016 1030
319 649
957 2172
1747 2087
582 270
1032 462
102 987
1990 576
1933 1225
1769 585
1517 1428
1740 1926
1828 96
1873 1883
1543 2191
1646 41
1221 983
1938 1604
2023 1063
1133 1765
1481 112
557 317
362 1755
1845 1151
1439 1387
658 523
1379 947
703 1779
376 1152
1895 1504
1320 1287
1 140
1501 418
1042 1839
400 380
243 379
367 1454
1128 973
1452 1090
40 939
1866 1299
1500 1577
1926 1633
1775 369
1754 1923
1489 16
556 1633
2033 78
2111 1862
1868 1861
1843 1965
342 1376
1999 1977
1166 741
1972 405
612 1094
846 1011
1837 999
197 977
2031 2016
1053 1763
729 1778
919 533
344 339
752 395
151 901
77 321
2003 820
1518 1729
2187 118
1015 2129
429 982
1580 1642
2017 95
861 1341
88 3
2182 633
128 643
1687 1362
2132 30
1180 691
418 1114
714 526
159 1214
888 1966
902 169
462 1124
312 1530
299 1112
1281 1601
271 896
1257 2124
95 133
2164 1279
1667 2106
1049 2177
910 1617
854 1879
2127 1428
1913 1187
667 2207
509 1037
1084 1114
814 1866
259 1600
1213 1376
1175 957
828 1760
1872 1427
668 644
292 848
1320 260
1740 49
1355 1603
468 305
254 222
553 1380
1238 1208
492 1230
1020 478
1640 907
1576 299
1620 665
1921 416
2052 1882
1204 1434
1987 7
968 73
139 1943
2139 630
1492 2155
1266 2126
2017 564
1047 1260
748 1268
654 514
1633 1044
1140 1295
647 859
529 1760
1819 531
176 953
114 1044
131 1900
1549 941
2063 1481
1642 1024
1576 1040
530 1299
446 2087
332 676
721 1856
341 405
1563 1355
1308 1424
604 733
1772 1170
1291 2089
1880 1184
336 1169
1434 2064
1084 1451
2014 1062
276 41
1246 828
963 1226
1664 65
383 1698
1137 1344
1556 1081
1502 800
277 895
1630 67
1769 14
684 698
1814 640
1763 790
603 1625
692 339
945 775
1604 1802
425 1758
448 1464
2084 1400
214 1785
587 2155
1434 497
2074 455
608 1534
1552 972
1138 299
267 357
1012 449
1829 1255
1701 1491
616 1979
1704 1742
114 296
970 1332
1182 569
1839 1667
452 1358
1994 830
2171 1930
1669 1620
35 631
1704 1628
1137 1294
376 1643
531 1932
1995 1290
384 416
1514 1775
1112 1206
1944 1038
1791 1788
316 1863
2055 1015
983 1203
1752 1389
768 933
2141 149
1839 779
1591 484
1493 850
604 863
1497 1685
1976 1715
270 1683
461 221
34 939
977 1209
1943 1550
160 650
1479 1944
53 481
1911 100
0 277
2070 639
1816 226
746 761
2136 1283
1096 1862
793 1108
1064 637
1899 410
540 2181
83 673
560 749
1728 1550
881 2156
1042 2106
2156 921
1521 1846
794 2006
2154 1509
1915 1566
636 1924
6 1936
454 1379
109 1789
1574 944
1295 886
369 1080
185 574
441 697
1665 1043
165 1906
863 1362
1718 2041
1477 718
208 1909
380 460
1706 67
1281 782
299 317
1888 1019
557 2026
1330 431
1590 1777
119 34
1169 2133
1942 995
389 1330
1318 2012
1658 1320
748 511
612 1729
1406 576
580 1612
1918 411
88 1335
686 1672
1214 1413
1071 31
1099 710
1130 244
831 122
2060 929
488 262
666 227
797 1458
500 1376
1310 276
1219 665
760 1845
1412 1414
1475 166
705 144
1356 983
539 1339
162 1930
126 1554
134 1102
891 2018
1290 1816
1441 283
422 837
2088 1140
931 335
140 1627
237 1460
1447 221
135 1950
2089 81
988 2094
626 1106
820 800
1189 74
1935 2077
2124 1071
203 2161
455 409
570 2119
1424 1243
765 476
149 1959
411 1228
1536 1521
633 209
589 30
1834 2138
882 1542
1470 1814
551 1814
3 1951
473 1105
698 1325
1165 1132
1272 1354
17 30
428 997
813 1309
339 640
333 1922
2056 1453
1186 956
578 1996
1536 1521
1858 718
754 1855
373 1782
1646 521
1175 1549
840 533
1383 1801
1538 581
74 381
562 262
1197 2151
759 475
1872 771
201 2000
2020 2163
98 1763
774 295
1010 894
1925 613
2184 1147
1243 639
456 387
1146 647
1910 1495
1091 1569
1703 995
1222 1534
268 988
539 487
201 1709
406 1564
1274 836
322 852
2038 2124
1373 1055
2111 930
533 1623
279 381
234 1932
1731 691
1339 963
236 666
535 732
258 182
1319 1250
857 1087
937 820
583 1703
101 318
2100 1591
133 1611
1387 106
1193 1986
1509 1316
1903 576
490 831
1265 329
2020 1261
1359 1639
586 1984
392 1642
2090 531
980 1597
2028 164
886 63
1313 161
265 1380
530 49
172 158
1262 290
721 2172
2199 1545
1174 1115
1466 232
1592 50
721 675
1163 578
160 697
585 92
513 1361
1142 1305
388 1506
2094 561
1115 400
2149 1472
309 1308
448 1667
1029 1109
2056 647
2196 979
712 465
555 1698
1475 1354
1783 1966
947 1959
141 1393
1378 2032
1517 589
646 250
732 959
1285 1521
574 1338
2100 597
2033 368
79 475
51 895
852 2024
1475 949
1193 532
302 1022
1361 1748
82 1127
1676 1406
1469 850
1155 2210
623 34
15 1331
500 265
1455 1257
1052 484
778 1285
649 1425
426 2142
1874 1861
2149 992
1516 1490
428 730
1544 2089
2135 498
2085 1021
1126 1874
269 1869
85 1275
1452 847
568 1521
61 112
2021 321
1978 1141
606 1367
530 1785
2085 2110
107 306
1445 925
2056 2202
545 2
539 20
659 355
1979 350
472 380
181 1389
971 1115
1085 1527
178 1651
64 525
1744 1668
1153 1040
2035 645
2087 314
2031 660
525 440
1503 655
1875 987
1158 1550
977 516
409 2071
748 1396
1756 1913
2052 1178
1662 1658
2196 1431
326 2129
892 1670
1581 638
2100 894
95 62
1442 1755
276 947
783 1600
559 1061
1542 2188
1886 1226
1520 1572
215 2109
384 1788
1447 147
1255 878
640 1044
697 1222
708 1269
502 192
1021 366
1651 771
2036 845
513 1493
1268 1724
1911 2196
989 716
1716 271
1237 1493
824 1403
1998 1487
1857 1364
1132 1104
2011 1910
971 2095
543 2026
768 191
1556 2203
1324 488
666 680
2019 1746
752 1565
503 1171
983 420
2014 2039
81 545
796 1057
200 183
1052 2018
964 961
573 1257
2055 1873
689 78
163 366
1155 1346
224 1112
1890 356
1142 1047
2128 277
1914 2156
1772 2192
1994 1636
1092 550
1128 488
1420 422
1003 194
1128 544
2116 964
768 141
279 27
438 1395
375 541
457 586
1932 1946
2115 231
1234 1583
1083 1538
1994 1101
224 907
2097 1881
272 2114
2179 1904
836 309
1240 670
850 553
2203 189
35 1566
34 135
1299 1762
965 1640
1459 1084
1097 1042
1929 353
1321 797
1908 1923
1316 1919
659 669
2176 2172
843 1959
1461 367
157 1496
136 307
1119 2074
110 233
164 414
1082 1290
28 2034
197 241
896 424
1866 365
1730 2137
1335 152
556 863
2194 2153
2005 603
1575 84
1827 1140
1465 1158
998 837
1308 1781
1585 124
55 959
1100 1498
1801 165
141 1463
1675 818
1707 1414
1315 619
405 280
156 1678
1168 326
283 1198
1407 1137
1138 1585
1599 1151
1662 577
1854 1912
1859 246
571 1480
1934 90
957 1746
1509 1604
1860 798
1010 1128
1772 721
24 434
1859 736
1697 1202
471 462
1374 1217
434 2087
597 1562
223 1729
1576 508
1964 1822
946 484
1684 1887
2108 1063
1032 218
2052 843
1123 1466
310 1375
1914 1143
1653 372
1481 286
4 1637
810 1362
1077 812
1365 1403
1923 1123
924 2208
1526 2013
527 1765
1743 1185
987 1500
1014 223
1147 1871
700 192
1263 660
853 202
955 819
554 453
721 1221
1584 354
415 1780
2005 550
545 2139
2099 2188
940 474
1359 1878
1538 1497
224 845
2124 912
2167 2005
392 1308
1597 655
77 974
535 686
1793 126
1365 1247
1434 520
951 871
272 1559
2052 1225
1406 1069
1857 851
1959 231
203 1088
1970 2095
1767 2007
2149 1897
503 23
1839 1969
2125 1886
509 965
1659 242
1331 1902
881 1497
1295 1638
529 1578
995 233
279 2007
161 809
1948 635
198 1343
1020 2066
1843 579
699 806
2092 322
74 1075
1474 997
1324 1191
1574 2120
2121 329
1043 2057
1478 1018
2019 579
1216 413
172 1469
1148 658
2115 1584
104 1705
995 2170
724 1302
25 608
1578 2056
129 2040
1651 755
853 707
1787 461
2179 2097
1186 1630
811 1342
1009 1513
1865 1384
878 1277
578 1392
816 58
858 674
2200 1507
376 944
1135 1314
2159 1908
2154 234
958 1432
2028 2190
847 161
827 413
410 627
543 842
1462 637
42 1928
352 497
625 1838
48 1168
1088 1851
426 1002
297 805
231 1834
534 408
1107 1044
1807 179
1986 867
1170 608
2213 810
1690 590
180 114
1471 1377
1026 1858
1117 466
1245 876
117 1564
1232 454
2124 605
2064 509
1935 1084
1753 278
2129 1078
860 1773
1502 1233
2067 1188
1290 1734
913 2021
1908 1433
1918 2121
1163 1832
1158 494
130 2069
401 1866
1420 1025
640 2034
105 1565
190 2129
876 543
1540 1210
208 1081
866 883
1890 558
1942 1174
228 835
1768 853
2056 827
203 896
1943 810
1343 448
2115 1598
42 504
227 46
133 539
161 748
7 877
1036 973
1235 69
187 279
403 1197
304 461
1717 2104
2090 1799
637 537
94 339
2054 1026
1464 1602
1474 1164
1764 273
122 755
623 578
730 1428
1614 1103
175 1791
317 697
1690 817
435 222
916 771
595 1815
2177 1106
1300 1126
1250 264
690 1310
471 606
695 425
1099 1417
244 2168
1226 1814
401 1776
1223 223
2203 1467
1243 718
2110 637
2093 1162
1811 1058
51 395
846 437
674 1047
1860 1381
1981 1926
577 1368
123 2004
263 672
732 1833
767 542
1153 1791
240 2158
1203 438
2205 1082
663 1367
1542 1776
1857 540
1156 98
1332 145
2116 2044
851 1173
1585 820
740 1222
1243 1903
1740 1231
2092 1879
681 1939
1326 1369
8 481
1835 1848
1537 556
1589 826
1711 1414
819 1758
596 1821
818 405
1109 303
851 1990
2102 302
1379 1214
257 1475
1421 2089
1145 1097
1614 1740
2079 1481
816 961
821 1406
729 1325
480 197
458 1113
371 422
2034 1610
1540 915
897 1947
2188 813
198 172
450 995
472 415
1696 1522
457 1773
1541 2079
1783 1046
402 1555
48 2096
1870 1156
1695 689
392 1453
845 779
840 760
599 944
2008 833
558 1718
1278 1313
1835 716
1873 1362
64 672
173 875
815 1634
2029 1616
2141 1019
621 347
1598 952
1417 1145
1493 53
604 51
1455 2039
1456 1018
738 1471
1903 721
1838 974
2174 1324
2038 1034
2129 1399
575 494
431 614
517 688
980 1960
1137 1162
293 346
1580 1793
2142 239
1909 2098
681 197
785 463
1262 1227
1214 150
1777 743
1418 1886
283 28
1799 1108
1129 1987
744 163
1000 1320
2094 1761
832 1862
1477 103
644 1902
187 1483
259 338
211 1695
370 1627
1514 1307
1416 464
1620 77
1346 454
589 1733
1956 1001
1686 979
927 2190
613 2142
1239 2108
487 1094
2135 855
660 1710
207 1491
1010 438
413 373
760 1235
1647 1388
1197 1545
2143 832
1022 792
131 1285
1964 1064
223 1969
1885 1767
1255 836
918 1408
1036 332
660 219
2203 2069
1926 1762
447 1955
1945 176
1185 562
922 2102
2153 692
577 18
1786 2112
1755 1613
1491 1389
460 163
775 254
1602 887
1793 1965
405 501
1228 974
345 391
141 1349
1119 1407
1503 1811
674 1104
1441 828
2107 522
948 511
1307 1527
740 526
1657 1
433 588
64 1113
422 9
2053 1647
2203 1222
1377 1204
207 1411
573 1069
608 1884
2021 459
1243 956
1026 2019
1047 1312
2098 1252
1082 1090
1501 1428
1285 525
1426 1569
1257 459
2119 1482
598 277
1267 535
2137 849
1455 1760
297 1986
1837 1232
189 1964
842 702
1866 2056
1827 2003
217 1205
1781 624
837 1169
1248 1535
420 1820
9 1532
186 228
737 14
1870 1290
2072 504
266 847
1399 1977
107 95
473 1574
1942 1731
47 291
150 1681
1701 413
585 1617
82 800
151 703
1528 2131
1349 191
994 2040
933 1383
1547 982
2035 1856
1731 917
950 1517
1189 424
708 364
1144 510
635 2057
88 1737
691 639
474 1852
1952 534
1004 1874
785 495
1565 22
1400 1821
2037 764
1983 1257
608 142
399 722
1913 379
1000 1451
1581 2125
153 904
2018 1860
1470 1866
1625 1398
2028 1441
708 2082
857 2144
645 769
224 31
788 725
1722 1825
1365 1493
1788 1638
1212 949
80 1221
37 926
298 1970
1055 1358
479 249
1582 125
431 1186
1822 162
551 1742
847 1464
1432 383
1812 254
962 881
111 1692
1294 1459
2138 1427
1744 1061
1203 2050
1267 163
539 1933
166 184
505 1405
1423 634
608 316
746 578
768 1869
66 955
497 1771
672 274
2054 516
817 483
2011 1713
492 1301
53 289
687 2073
420 1961
1871 1821
423 687
230 415
1881 1636
2128 1802
1802 1887
2030 1297
1920 208
1698 971
241 918
1804 1324
678 967
1714 1088
770 1624
1683 1218
1229 1227
221 1475
727 187
132 1793
888 1393
1955 561
1663 1180
531 1801
2155 1574
1556 2169
1842 1955
293 1668
1905 165
619 1410
1938 1625
312 2118
345 312
626 950
1681 207
578 732
2024 1916
457 670
786 904
571 1583
49 1164
893 1727
591 385
1257 1154
727 333
1411 320
396 331
406 716
1048 1996
928 1290
1405 1658
650 2018
655 1956
946 1665
2054 774
1929 1585
836 344
1444 306
281 1850
142 1965
1837 1287
1210 921
1627 920
1378 384
169 611
2199 1021
981 451
452 721
1559 100
289 845
786 1396
2100 274
921 898
778 1343
540 812
135 1435
607 2179
30 2076
2169 1940
2076 836
699 876
32 1833
172 1211
180 1209
2026 520
1826 441
1443 735
142 1770
1392 1084
1368 793
36 906
1318 1586
205 537
1151 418
1146 1031
1872 400
122 1696
151 1097
398 373
740 2019
1913 1316
1231 321
1046 98
1413 1861
278 248
1727 2115
1861 140
264 350
1797 670
1834 1472
2178 27
931 2150
263 1480
1938 1643
617 2115
1108 839
1607 2089
1488 1364
1228 229
1290 2045
1981 322
461 789
110 629
1912 414
167 1922
2137 1456
1996 43
608 1065
1304 1234
1075 1338
1234 269
2010 1972
1320 631
388 1669
2124 1869
589 2047
937 2029
2175 869
1012 1508
1713 1068
163 1173
1347 581
1986 427
1938 1825
981 679
1586 950
1334 972
1263 2208
1737 443
1795 1948
1696 71
1979 685
1804 606
1213 2045
1140 490
1229 1298
1910 2138
372 1665
1494 353
212 96
185 1012
1279 2073
324 1879
1903 216
1734 1102
251 1713
756 478
547 1922
1679 529
545 228
161 942
1910 351
1168 1256
1806 1276
1114 290
1088 2060
388 766
2169 25
209 1939
1037 4
1219 1912
1 1910
2109 438
1859 1677
2117 1221
367 1867
1500 1751
613 83
919 1530
498 1835
1735 39
421 1248
630 1118
539 1681
835 413
543 1139
1089 1817
422 118
1927 1053
1361 2096
220 1430
1435 8
475 1712
664 1944
718 194
72 548
362 1840
1717 1504
1821 523
2017 1483
2194 789
201 2170
2077 1074
719 1287
640 594
2144 88
236 2188
1132 1265
1051 357
1481 1449
1587 714
1397 1979
749 984
1163 2077
327 1089
704 1861
1370 139
523 1414
2150 1431
194 859
1481 742
2153 8
1659 1056
1910 411
992 648
905 486
740 255
1533 1874
1835 495
1113 433
920 1191
124 1949
1878 1690
1335 1542
1795 339
1802 1229
209 776
59 1499
1085 1836
49 730
1014 1451
307 1741
0 1128
1174 422
1364 1975
712 1948
1161 15
1670 1160
885 1900
1295 2177
1643 1570
1408 384
2212 1228
70 359
439 1031
406 1595
259 417
1476 693
1366 1091
2025 651
96 292
194 93
2133 2188
1714 474
400 1436
1725 220
505 1621
1250 1880
1291 1303
1703 1396
419 237
830 851
674 729
1415 963
869 1111
729 2008
1510 410
1954 271
1402 1911
1535 1507
299 2039
1732 54
948 599
1586 126
52 1704
42 27
1374 663
1243 2114
1505 1923
423 75
55 2149
1014 231
1358 589
1277 1633
1707 2122
1515 1796
809 1604
492 655
384 360
1395 867
299 709
1511 606
1831 1641
268 492
1630 0
1648 356
376 2075
2152 2078
568 1349
1807 251
563 1396
1207 638
1333 996
785 1309
1846 1851
1780 354
1324 1943
1293 2081
950 1128
2197 415
1564 38
939 533
1427 1826
1057 108
88 1776
639 1332
1456 1131
1114 1978
268 8
1983 1351
1058 504
373 834
1055 303
443 2135
1967 1211
891 357
671 1764
1409 1296
2085 1217
863 1565
1771 1775
1593 2211
2026 1898
156 2151
1803 1797
1336 111
1475 412
1776 1234
1355 2197
94 1837
46 75
662 68
1788 1123
777 506
79 782
1630 1416
1955 1358
819 1289
2135 1364
1935 1674
645 757
578 2084
1783 1284
1080 960
195 28
1013 1576
877 1448
311 1732
1227 23
470 996
493 898
710 2096
1430 2073
538 1559
1126 1713
1838 852
1183 1722
379 246
1836 2070
1414 281
414 506
2039 209
1963 1982
1836 2084
1506 1745
1902 445
1143 1570
1399 928
1484 1376
693 803
964 406
2022 2039
1284 1207
1925 1537
219 1826
367 1067
1767 1606
711 27
957 963
1543 65
1260 255
2070 1054
977 1283
1838 2099
775 1992
1093 753
2078 1131
895 432
433 1183
1074 1347
174 1785
588 405
304 1731
1431 1612
2118 680
790 1979
2185 587
1728 2044
366 46
1456 1008
1505 550
430 676
259 1674
229 664
1568 1296
1225 1471
2030 1739
1426 996
1073 625
1705 1150
841 840
871 1812
1743 394
373 1657
1679 801
1535 304
579 66
480 811
1491 312
1911 1955
2122 1970
975 656
1576 202
1600 1369
1517 1737
1450 1571
978 2117
1018 142
15 1956
1505 2016
620 2046
126 1482
944 475
186 1541
2115 433
889 2207
950 177
1752 1411
903 395
200 46
1677 450
2211 665
844 1193
1287 620
1582 458
592 319
1432 427
299 1852
281 936
1484 730
1606 448
541 124
1888 268
1418 545
1018 1147
1678 1221
1453 313
2126 841
2082 628
1528 841
1741 1541
1922 288
1293 1751
1571 524
1701 27
2044 1476
1775 2093
803 229
305 1366
1363 32
399 963
1846 1000
406 384
1657 203
2152 152
1285 84
370 2113
1605 1842
1827 1567
508 699
149 313
944 2115
953 1298
1839 539
762 905
548 557
2049 663
1116 441
1674 600
567 0
336 652
1062 320
2210 1509
1699 544
2168 1208
1182 1702
1062 994
841 625
733 489
1343 1354
2157 1819
1272 329
845 798
1274 1778
2081 952
1292 253
1308 1507
1488 370
1428 174
1115 1591
1328 931
29 725
1629 2
666 782
1487 306
61 1891
1573 1909
246 921
317 52
315 69
1301 226
1774 2151
2206 2130
1570 1237
1760 256
860 1409
764 1393
1715 690
379 982
1373 1162
1121 157
904 1380
218 882
1593 595
1792 388
992 60
2171 33
438 1913
392 1578
1302 482
1540 1214
1836 1849
763 366
236 176
2023 1453
877 975
420 1875
1736 588
1914 1547
1737 988
615 41
834 490
798 1262
1522 1631
379 782
401 1953
401 626
1347 142
1146 214
749 1804
1358 1190
1715 499
1190 1148
1190 1939
1733 621
1638 1511
1445 1380
383 39
1144 941
1886 1442
500 1991
1539 282
18 1496
1519 802
2145 1995
996 168
1268 2058
99 456
2108 1310
1376 1805
452 177
847 2000
699 1941
2116 613
568 774
509 80
1602 667
1088 2086
1254 1579
931 637
1058 282
1394 634
702 1354
814 1832
26 1304
1581 1858
1154 1918
1651 631
2021 1515
803 1236
2210 345
478 1782
230 550
1986 1604
241 1308
161 236
2038 2188
1213 1054
818 1235
466 1015
259 2128
1991 539
1574 912
1028 1669
1781 13
1484 894
67 1460
19 2169
1653 423
971 295
916 819
1269 857
121 2129
1209 2087
2071 918
1545 2187
1261 982
2068 755
520 1839
46 2023
1567 178
37 1222
57 1550
1993 875
1361 867
1794 966
1418 1477
247 364
438 633
906 1000
537 926
1286 765
1952 1693
474 327
953 1748
1932 1751
1648 585
341 1172
187 693
1128 1305
1391 2084
461 2114
980 1690
2197 406
2209 1183
6 217
1098 1805
1831 1979
395 1433
273 1334
734 1304
1021 2196
170 539
868 1364
638 950
2204 253
825 1672
936 724
1878 1643
1704 1091
85 2000
1096 978
474 816
1335 1479
2103 1087
1019 488
1705 1709
1677 1351
44 463
1287 346
1005 946
2206 312
1070 893
2132 1634
307 2143
101 1386
127 1086
661 594
2036 1982
390 1146
809 1917
592 1384
747 29
1929 266
1474 1532
1685 1626
1362 664
1694 1719
1357 2143
1290 2213
307 449
2185 1659
1866 1887
1641 1711
1230 319
1805 1309
1002 1029
1722 384
936 677
660 841
1483 375
2000 1289
1613 1690
152 1321
659 1586
396 1261
27 98
245 1486
1985 1407
1975 1288
1908 676
6 1639
1844 1653
2138 942
340 1686
1033 2156
912 312
517 570
829 294
67 1805
1939 909
1241 819
85 609
615 1177
106 401
1489 2058
577 1233
1242 2090
1981 1586
789 2181
2172 1167
1828 985
1406 889
68 843
304 126
874 1871
1114 430
996 456
1358 784
1748 1786
1645 896
974 792
1679 1558
1958 717
1927 590
1006 967
2172 240
218 1213
1358 75
1714 1106
935 934
1490 406
2168 1663
2195 2211
263 1510
1362 1879
96 1500
786 386
960 1579
400 697
337 1846
1225 843
2011 1700
2025 917
141 1339
1449 1636
688 1919
99 1829
601 1677
1644 1134
1513 2162
1041 1296
1774 437
885 189
185 29
2014 1760
1552 1964
780 1412
1795 1185
1306 1935
1399 985
389 648
1143 528
53 2009
1946 353
992 988
924 668
618 1377
720 201
1888 240
366 887
1382 1813
1961 823
1071 2082
2054 1764
1479 1595
1134 1520
1667 1319
994 204
1794 779
2028 0
843 535
1666 484
1105 1926
377 2008
1768 2007
794 113
1478 502
1026 1895
1918 1946
923 1603
880 1035
170 1553
2033 272
388 1588
473 1745
1905 786
1432 1487
2208 2085
1784 1658
643 1011
1606 1721
1866 858
1230 204
1671 1971
1461 97
679 281
533 1309
1407 695
1887 209
323 1028
64 993
1171 1136
1727 1096
519 186
16 315
1871 356
539 1514
1479 959
1131 1280
11 493
477 841
738 80
198 959
995 1680
321 2059
1429 71
1453 880
1260 985
1474 59
499 1016
1961 2147
1633 1979
1593 1438
201 1619
498 2030
2165 1280
1241 902
1580 441
1465 2023
1577 213
795 1232
339 876
2164 1632
1064 1610
795 1762
379 1968
815 925
627 1076
91 500
1650 2175
606 1250
1188 2139
806 1015
1913 1721
209 1556
1211 726
66 603
602 180
324 1774
1256 1445
10 1626
357 1034
1537 963
1699 1805
1969 79
1474 566
699 1940
93 830
1442 797
1607 1734
484 244
1871 765
1731 1185
1111 713
382 1141
1445 2205
758 1165
1583 1370
810 820
1779 266
997 548
491 1483
2191 1768
1129 924
706 1604
11 2041
681 2037
918 953
383 2030
194 290
1877 1437
239 1773
1894 2102
94 2111
383 650
182 1935
1426 1411
548 1125
1765 235
1663 448
1969 2005
229 2049
1377 541
1379 22
1725 1693
2106 1457
1907 1866
656 1366
1159 515
904 1184
1803 165
796 180
1627 772
247 2133
1846 1951
849 623
1699 636
1886 1142
1681 1687
863 831
97 1015
210 197
1256 2027
2085 833
1287 1521
1181 1736
1730 1645
2202 41
1243 1407
1341 131
953 2032
1989 471
1469 860
1362 525
920 1747
1192 586
2158 1088
2142 1918
133 304
540 140
1974 131
1452 2054
36 2026
227 1151
953 698
685 165
1653 236
147 810
871 1040
1700 1530
1275 793
1666 1305
1196 2205
230 530
1540 632
30 2058
407 271
370 46
1407 986
1456 1437
1162 327
2165 1165
1367 329
1153 744
480 645
1162 1538
1320 703
1922 88
867 1406
248 1431
394 99
1536 2182
1436 2053
2 1563
1076 2172
1522 809
1668 468
514 204
1990 633
1096 627
1054 477
1013 1788
615 845
582 1849
294 623
2140 373
1488 1051
1776 1442
1647 188
818 1643
2200 217
38 971
448 2202
1482 1316
989 2176
1467 1129
1891 297
2175 597
777 128
308 1730
2003 656
485 1421
460 162
836 1357
930 449
1694 1394
783 1535
159 183
2090 2145
2211 1279
1088 1905
1084 1780
2209 98
179 1758
1601 1225
1619 130
1190 1541
1626 1169
487 461
1745 1605
1398 490
458 340
38 181
1858 1301
1962 2039
387 647
1847 705
75 785
1632 984
1473 631
1536 1660
1063 581
1106 1330
247 146
749 1078
1022 1057
1647 308
2100 1280
1218 1343
811 1124
427 1039
399 363
26 848
30 1227
1491 242
1418 1395
1476 888
965 1280
1809 1631
439 2055
1509 1659
1322 742
120 1851
1310 2027
1746 1319
359 1239
264 660
1482 2014
1252 520
1203 1524
348 2061
582 1463
477 1826
929 688
69 17
398 1713
687 108
1589 1474
34 143
300 483
1059 2203
1096 780
563 1522
785 1412
1951 1603
302 1058
1036 2007
304 47
54 2079
882 1037
434 1938
212 2028
497 1086
2072 1746
1708 2040
1448 455
1185 207
548 1869
262 602
528 1054
696 954
2210 1872
1039 1467
1641 666
2184 1666
1778 1014
929 2123
226 1227
1515 1167
43 58
2194 74
410 342
544 1517
1454 52
377 1700
1543 586
1770 329
1796 682
1855 1280
1121 2172
832 2179
1241 2087
2204 1979
1181 1787
98 1937
58 1347
1230 347
367 2072
181 636
713 773
2056 1463
1817 521
489 218
170 335
1980 86
1800 1193
1192 2155
412 1988
726 1883
590 79
22 519
1957 632
1569 645
563 865
1508 1884
653 1523
1443 2074
1300 1264
1209 2152
1003 1824
463 2211
667 1355
22 1543
1502 894
1906 350
384 1926
1677 1820
1997 1564
1689 844
1787 1921
1487 1283
482 1550
115 736
526 946
814 1982
191 1862
27 444
671 293
24 727
2193 1551
740 1472
1437 370
165 1637
1538 1020
796 826
2146 1472
1532 257
815 922
1519 363
109 2161
673 1909
889 1953
1144 299
2070 2002
982 193
1307 1431
2073 1105
89 1946
874 49
768 2020
1940 749
1909 1478
1473 1680
1719 737
1375 2041
265 1134
2064 1190
423 483
1186 1924
264 517
286 245
1620 366
1935 1747
2029 1355
655 294
913 1872
1190 1558
1628 1318
122 1458
2103 953
783 1522
638 2087
268 2005
1942 1225
2 61
1836 1716
1262 2041
171 2001
541 1146
937 1225
1379 2183
1906 2092
1633 618
1578 1081
268 1752
843 37
598 1675
875 2163
1127 749
1480 2134
677 754
1698 715
807 458
2062 723
642 1704
600 248
242 1594
1444 495
1095 597
2194 1531
1274 2159
1687 1727
553 765
1208 2161
2201 1041
173 1840
860 8
167 2163
1542 1105
1243 1308
388 49
233 1250
754 781
1017 792
2170 313
244 948
875 1152
687 536
1648 1816
704 476
2025 1381
33 294
1894 1594
1032 129
1604 1480
1539 2199
137 1111
1652 613
233 530
2159 1594
981 619
2009 1891
1386 10
1390 1200
661 656
12 581
2181 35
1126 731
233 673
1675 1410
1392 1711
1204 693
598 1541
11 1067
899 783
1619 1394
800 2015
688 1536
771 913
1561 1488
431 797
676 1053
1795 522
822 1130
1457 1664
1509 1464
1309 1859
867 1820
1758 2140
2167 2161
1409 1959
2011 1672
430 858
1162 2176
1972 1764
2050 2140
145 2038
2203 930
204 278
326 836
1736 438
1838 1591
2117 1169
1841 1771
506 1395
20 1960
1154 1555
117 447
1193 1409
1301 405
696 377
1529 632
598 145
1270 783
1065 1312
2063 469
825 123
1382 2210
2195 891
1598 1371
149 1547
859 1711
1756 623
650 294
439 1355
1926 565
2053 238
1263 2174
787 694
150 1033
2144 1116
1608 174
90 1950
685 1597
226 255
657 774
1520 1349
408 1383
1079 1073
305 501
696 356
2138 1742
2070 100
1763 1102
330 1353
904 1357
252 484
1043 1951
835 1293
527 1421
1771 1134
400 1190
1168 1921
916 1044
1400 8
331 849
1553 1403
1859 388
745 1586
1783 476
1844 934
1015 506
2074 1046
1547 340
577 131
42 239
1493 1080
1891 1955
899 116
579 342
517 1936
2146 2055
1682 32
2071 852
255 1320
327 151
1454 1314
1395 340
8 1829
943 1780
2096 900
2026 1281
1103 428
920 1684
1447 1860
1468 1815
721 1439
1877 61
1326 2138
1723 1014
1974 1575
1811 2073
312 194
1137 1218
290 866
430 437
660 2132
697 1252
1830 2156
727 2152
348 1588
1836 1411
339 1878
1667 213
678 1329
1918 57
1914 2076
1183 1492
48 685
1126 1980
1270 81
262 976
375 1179
933 255
297 1810
1304 1196
598 211
1094 2049
898 2160
1048 875
23 2172
1830 1241
1849 546
1257 53
912 671
771 1417
722 1890
615 1979
1490 997
1668 2095
1458 1262
540 354
1187 1589
542 1817
2194 1224
617 1791
267 1740
1868 962
1617 1739
625 726
262 1773
1424 999
216 1156
998 890
33 980
119 1328
89 1255
847 49
1492 1443
440 161
2172 1019
1071 494
749 83
1753 1046
557 483
1 1931
108 1614
1168 2164
159 976
165 1958
1065 1089
11 781
144 1659
1198 739
233 749
1137 1795
1592 1328
567 557
1274 457
499 226
779 2018
653 2039
2000 1283
1278 10
1104 903
2176 1355
1552 236
1223 136
1642 1759
25 325
2204 1556
1208 125
116 1607
377 23
1534 1122
964 63
2169 1274
1714 846
630 1303
284 112
1674 1705
2151 1014
438 933
1144 189
547 2086
1042 1658
856 752
589 1681
1839 1510
2014 1752
1861 703
1793 344
2060 1622
1741 1207
1926 1989
239 223
4 922
1463 1864
693 490
776 1133
1362 879
426 1797
308 1698
576 1590
884 994
2166 1544
266 1950
1162 47
1844 649
201 1754
757 1146
1988 1153
332 111
1732 155
980 286
239 112
1632 2113
1187 369
269 485
1461 579
471 935
331 1525
1837 2197
918 700
1958 231
1090 617
381 1020
874 1953
1264 1027
2030 829
865 1248
52 103
1668 1684
267 1913
1761 518
411 314
449 862
894 927
531 471
449 1847
1883 2021
1019 686
1469 895
367 1905
467 1131
1935 1018
214 1259
62 1751
111 1771
2089 1006
1281 949
1936 1604
1163 394
557 940
965 802
675 936
764 1530
145 1047
18 970
1930 656
1094 157
528 229
1621 1289
116 1737
66 1423
1791 1198
1543 735
1012 1369
1084 2185
880 1016
1170 908
1312 999
77 356
1952 1075
795 1767
219 1190
127 1940
1883 1373
1852 1503
1777 831
1324 253
1792 74
1802 1456
1284 1257
1723 105
1763 882
350 1494
583 2094
1557 1075
1548 2003
1139 837
895 536
1111 1026
333 1445
1031 363
1790 1479
2066 824
114 443
1961 1218
1344 86
947 1754
1855 13
917 577
2065 725
639 1847
481 2045
33 2065
1761 441
609 334
147 1143
255 1036
2172 1411
1504 643
463 1514
1999 1974
1011 530
2100 1230
1157 2007
1057 1248
1278 476
417 11
1241 209
1914 747
1397 1432
195 427
280 238
1228 275
2148 1024
1776 1573
803 1015
2062 1280
1565 271
1840 800
2125 417
1663 74
80 423
328 1825
233 684
553 1046
670 225
1506 1781
822 1094
27 1235
625 748
2158 1212
605 1415
1425 1086
1604 380
929 2058
2194 1906
868 1300
103 675
419 786
570 1676
1064 1042
1034 1753
1022 1471
1 1242
922 54
1880 1901
291 1546
1360 1658
2078 1429
489 181
2007 465
464 293
2146 2073
1481 1945
1724 571
785 1373
1850 1590
1045 1848
1507 1696
2193 1529
2106 1206
1762 1613
7 1210
715 765
2055 2116
39 603
420 577
309 1771
1625 1232
1821 1819
635 600
925 744
944 1371
1233 1383
152 264
1847 955
1108 1222
1843 1820
2069 1000
1343 232
340 1361
24 1588
495 2187
1571 1517
2090 508
284 1595
1884 1077
398 2177
265 504
602 1265
1351 296
1652 531
1796 113
730 891
1319 670
485 330
330 2194
362 454
1583 684
300 1728
1046 83
1552 1066
1178 439
591 485
1638 2066
1376 2147
1693 2109
1538 52
959 1181
1792 489
1083 2089
472 1473
17 1084
1951 1900
1875 1512
967 1692
1989 125
1107 845
1975 1950
1098 1137
2156 1501
1410 1291
1759 1519
1097 2090
154 60
65 394
1356 785
765 2006
1308 357
918 792
344 2134
1407 1665
472 1743
369 1966
1114 1542
908 2095
294 1688
1020 357
2027 678
672 1627
916 1612
210 171
1471 1000
1025 1903
1410 261
1398 1735
1096 938
1623 1997
1467 2045
587 2088
961 1370
1155 1644
1754 1651
704 1198
1488 1567
957 1663
524 256
1726 1854
1189 818
2109 684
958 650
1782 2177
1456 230
1175 1407
1677 1323
404 1867
1079 293
2212 241
383 1840
1096 182
1605 1661
547 310
58 976
934 516
1454 1556
1543 1868
148 911
572 622
1520 1092
271 738
63 1882
201 1858
1475 652
355 1026
343 1817
2055 100
778 663
1914 2189
352 46
2104 330
1323 340
2158 1011
446 1826
2087 2161
1413 296
268 376
1277 1228
1466 987
363 948
1225 836
1389 747
690 149
1820 586
1567 815
590 730
305 1222
854 2126
851 1905
862 552
68 485
2017 1747
2137 76
1657 1707
1296 391
2130 719
75 697
1697 1699
1942 125
1914 1290
2057 1219
13 1316
1470 2052
1319 496
2000 1615
827 414
2007 1301
2073 1680
1226 1630
898 62
1818 2164
1922 1256
1174 274
1825 1160
1543 1929
1930 1282
632 740
2118 358
4 570
1030 1525
727 96
1261 1887
219 6
767 359
1079 655
1643 283
1968 770
1820 1295
1938 1906
928 816
1143 2205
1534 105
1198 1051
79 326
249 167
214 1506
741 1344
1806 802
1190 488
2209 151
1095 916
1610 87
1045 1722
386 1202
169 928
807 925
740 454
1095 1369
2120 1280
1326 1668
984 774
1643 213
327 1795
2141 1369
350 572
2015 245
926 1391
713 1886
188 799
1358 776
1978 1932
1529 1323
1710 959
627 662
842 424
37 1696
2205 749
2084 1550
1839 2099
2162 1881
562 1637
1840 879
731 996
1566 697
1099 1486
1828 1535
1406 939
119 1587
767 790
1447 2188
837 455
2118 403
2162 2180
936 665
1927 1766
1173 1808
1077 1745
880 1053
975 1888
429 1690
296 1028
1681 1197
1769 1328
661 1452
1362 1316
1370 608
1517 961
719 575
1988 718
577 1876
2140 1790
2146 936
267 1947
546 677
674 619
51 1215
1677 944
186 1236
235 1818
2042 493
31 562
667 923
750 2167
379 1191
880 768
888 1461
1517 2057
420 1478
125 471
8 1048
467 632
785 1756
2191 1845
382 1529
2139 1824
1266 923
45 312
1371 1598
1315 1445
478 1399
1589 1284
1575 1667
1313 471
1356 925
2030 1167
186 243
70 1091
1321 1898
982 1393
1228 2001
417 525
425 1394
2121 1784
780 1559
148 340
1762 470
685 1358
1453 805
914 148
844 959
1835 775
1149 6
1719 1523
985 243
638 418
1427 64
1683 1413
1490 863
122 563
1956 860
1183 93
1377 2025
1898 2031
456 1356
1688 1240
148 370
2074 2159
575 1542
1421 2166
701 1710
1610 419
1861 442
1859 1887
207 169
1464 2182
1281 878
1024 1561
1084 1469
1960 248
1501 863
1143 1186
835 504
2013 2088
1747 2132
608 1345
962 2074
1666 2213
66 140
2162 516
822 732
828 1130
501 816
965 1818
1269 1685
43 1859
2138 1493
1125 2081
210 533
289 764
1992 365
1331 192
1959 1544
2097 1075
841 343
1033 1629
1662 1745
251 231
289 1552
940 1972
1263 1364
2081 85
809 1563
86 2147
179 2015
1774 800
2006 2151
1583 1896
25 1859
963 666
673 696
2155 271
1947 108
955 1540
1398 868
1386 418
448 1305
188 1167
888 1374
949 1779
1320 1117
19 1815
362 263
1738 998
1424 2176
1831 1340
427 1360
815 727
1904 319
1810 548
1813 1852
847 1000
624 1530
925 419
1014 1026
30 506
438 418
1064 1024
226 714
908 1561
217 1743
1474 981
1161 1184
498 200
453 247
851 301
384 1875
568 144
1217 1708
1065 843
350 1994
1971 91
923 1751
1033 757
1344 1275
1490 1404
558 1447
803 239
1872 1729
501 1206
1314 1676
604 289
14 1539
1483 1465
1991 148
1850 1741
1456 1176
1080 449
581 1833
745 1224
784 1336
171 688
1963 452
1323 1447
745 1678
765 766
745 1913
1673 50
413 84
498 219
1195 526
471 461
2035 1534
1093 1134
341 1361
1821 2184
1485 259
819 892
1409 1660
2076 1874
475 835
1456 258
955 776
1531 581
210 26
1397 312
730 1884
1792 1711
1006 1841
641 1511
987 1201
1612 1619
1225 1135
999 252
1536 1804
834 633
1856 221
358 167
1905 990
1486 148
2085 1072
1087 163
1432 139
1268 1745
744 33
523 883
670 495
1569 1005
1393 1878
701 1379
1024 1325
1594 1351
1231 365
2209 1871
1570 1877
1487 1530
731 1199
2176 1826
1909 853
1973 1267
1141 664
982 217
1280 1441
1019 1769
1589 85
58 362
701 544
1149 50
528 221
1026 1081
1538 604
154 1337
1580 842
220 1295
1492 2137
160 1086
388 152
1616 550
17 1414
2103 2167
1150 1718
246 2161
542 434
488 1972
1859 1420
6 102
1661 702
174 1614
998 791
1246 475
2164 1099
728 418
1073 1800
1736 1776
197 1339
1683 11
549 934
77 1124
1584 438
66 1958
1055 1490
479 1734
1099 1804
1378 281
1844 1155
194 246
1566 1466
324 2044
1298 1491
1965 1377
1392 1585
655 1300
761 294
2135 1775
1565 429
1495 184
1884 1001
617 1245
454 1438
700 396
116 1755
292 1604
1794 1448
1959 1007
1580 1633
1685 1340
1617 1378
1355 65
2190 91
1074 1517
1545 488
1059 1795
126 697
1854 666
2185 712
879 148
764 639
1496 1879
407 262
805 1216
929 1520
2034 5
2189 2116
1264 1054
1393 143
613 329
353 1698
1390 121
778 1060
1151 547
14 566
703 1287
174 1406
1948 1745
1218 1959
1916 970
1201 964
1546 727
725 231
892 1944
1127 1203
1226 744
284 1997
1582 1687
972 1783
1594 2162
1918 1866
2000 1473
1419 251
138 95
1477 2100
1616 1344
1995 850
1209 2036
829 834
1870 857
1965 1543
1662 940
162 1433
360 1424
288 1559
1104 727
327 1873
1801 780
1727 586
1640 1791
760 644
1952 1706
1532 96
1264 1387
1352 57
641 1440
1697 446
1218 2076
1213 722
599 1236
1098 1870
119 1601
2005 1414
1744 751
1933 678
653 610
1893 133
1005 1925
567 1438
1726 2171
2100 1282
1807 1331
718 1010
1222 747
308 752
1446 1070
2056 673
2104 747
1047 1081
439 301
1455 863
338 571
103 1623
899 53
1894 1981
989 1248
1666 319
129 989
1928 710
971 2125
241 1061
796 883
1886 902
1577 538
233 1813
1067 1073
1239 416
906 1006
1136 664
1367 113
1453 672
376 1268
489 504
1289 1453
877 1772
1761 1858
321 1434
1066 378
1284 1484
1847 1828
867 1564
2042 1694
2193 2016
8 406
541 848
291 717
1484 976
162 858
1517 1807
1509 548
32 1858
1957 2004
2213 1008
1916 1941
1024 328
1052 1165
1051 2032
1907 2167
536 1542
154 1007
632 1732
1940 1668
565 1176
1194 2004
2097 1340
1021 947
359 272
307 1140
1529 1625
69 1929
2159 1127
37 1033
340 1992
979 1934
504 308
858 305
720 550
1739 86
393 2010
1443 574
1082 1742
1965 545
136 1372
2125 1024
1344 835
2047 209
2200 488
1898 1067
433 1157
132 1697
1088 1299
1847 1658
2071 1947
2204 863
399 261
12 293
540 2048
1952 794
872 408
271 604
411 822
2181 814
2095 1741
1160 734
17 389
1190 1420
439 843
1744 691
1187 677
738 1902
1067 554
20 1976
1034 786
1569 1632
1491 2153
192 1611
1500 1772
543 1133
1371 2170
1624 1356
1205 635
306 1463
2080 70
905 1617
1070 376
282 189
1601 1833
1464 564
1308 1057
1835 819
1733 1333
142 1645
769 413
1023 1239
477 1681
1923 1742
1323 2177
1965 1063
1716 718
1912 734
1292 451
1035 1600
1532 36
1694 1456
280 348
1251 1378
3 664
400 1086
465 951
207 332
1514 563
247 839
1448 1057
192 34
134 962
511 1795
1009 523
120 1261
1811 2144
1000 453
1339 1473
109 1867
1853 1344
234 1975
1094 1258
1451 965
69 168
775 1397
530 981
60 1665
910 1222
91 807
934 1443
523 83
1925 1391
2205 1377
903 420
653 712
1980 1271
322 338
478 33
1432 1597
1612 1850
1817 1336
395 1960
1534 511
740 1545
695 1812
663 1382
1790 468
882 1147
767 522
1219 1979
191 118
1754 858
1260 543
1169 1413
1437 295
1332 719
1894 288
1002 2002
98 1738
1236 505
1703 150
863 1061
526 1476
143 1719
1823 1657
292 942
1333 177
637 1749
2023 1793
1148 210
1489 417
829 1370
182 829
1459 1804
196 890
1735 131
1696 1126
2015 1437
2085 1596
693 442
1988 937
14 403
85 1820
1513 717
209 1217
368 1896
2031 470
1887 7
1042 1839
117 1639
557 264
1637 1396
1055 1964
81 247
1030 460
658 1098
104 1070
1926 1083
1251 1845
1170 1320
2151 269
95 2210
2213 597
1355 10
1233 1186
953 108
554 701
1906 1507
1531 2120
655 957
898 1775
2062 936
1843 529
1794 1712
1436 2018
1886 1839
1662 1461
1351 801
1010 2024
2005 1555
971 1635
211 61
1052 69
1164 1793
920 1974
744 735
217 1978
954 1366
1070 736
834 346
1075 2160
220 329
999 607
301 1455
552 2154
929 1864
1387 1082
121 1945
1916 18
1411 195
1736 1255
2135 1232
1319 289
1518 1527
1911 670
275 1
1298 1446
1961 721
970 173
1259 1504
2116 1516
1781 2074
1412 2138
1300 454
1087 563
144 916
1816 1969
684 1212
1404 791
803 1008
173 524
87 406
39 865
42 2053
160 709
818 2102
1244 2032
474 1118
53 1099
959 717
1802 1540
1642 2006
1224 909
1807 958
2060 1770
863 150
1024 1909
2171 1559
453 1296
378 443
442 1594
948 1100
305 854
1519 113
2032 157
787 124
929 1675
673 1396
966 1911
910 1517
787 770
977 1575
939 341
678 382
1088 1306
943 588
1053 74
409 517
406 1111
555 454
651 582
1108 705
1190 1264
399 659
1986 351
295 170
1212 2083
805 1088
1650 497
1684 1846
883 1377
1071 323
2143 102
1178 1369
2042 187
2001 748
704 1559
1723 1624
390 1646
333 1282
956 771
1759 2088
1379 604
2180 2184
183 1839
288 2160
438 65
393 243
2190 1735
1496 1671
1850 1037
1664 478
1099 1080
485 79
223 734
1872 1619
222 1121
1018 931
201 228
229 415
993 124
1718 301
970 1753
411 1255
1842 1985
1797 1366
1121 389
174 19
1601 377
1060 940
176 281
1184 938
794 1383
1278 75
825 310
741 2032
354 2092
1624 339
687 784
775 2141
1996 2159
374 1076
1484 880
1144 506
929 1687
240 1588
549 1190
109 652
635 1874
1095 1656
1643 102
422 2084
1880 1675
1385 250
772 1864
1733 925
117 2149
1544 952
1802 555
322 1821
516 1931
481 1890
232 1017
266 322
199 889
381 1183
1599 2
2178 1179
2104 1330
1920 2201
1514 1749
810 250
1076 351
1735 2050
1014 2004
605 1768
818 1156
2106 1080
560 1479
1885 2037
1808 1281
2045 1742
1684 635
113 104
1822 2023
1317 302
1966 1567
1901 1179
728 1085
1901 2056
2071 63
2087 1859
1665 990
1135 5
1435 2105
1213 371
834 2058
3 531
1575 905
2073 2094
1615 216
2164 434
70 25
1017 1155
989 1084
1202 1849
1782 696
1418 1549
1250 327
559 802
1942 1913
1300 940
358 1395
1524 2212
405 2144
992 2031
1719 1330
866 1030
1425 1710
1473 1727
917 886
664 393
1282 1424
59 979
1574 1383
1782 1195
1645 920
780 1951
578 412
1928 791
1735 1992
177 5
2187 803
1033 697
680 1805
1857 1642
899 1296
2182 398
1202 1687
2209 2080
428 1980
928 411
1128 1844
1583 2063
336 1354
929 2210
1376 1749
626 1279
1165 200
338 222
211 1776
2134 1906
646 1247
1885 1710
16 917
1310 586
857 1663
734 457
1564 547
845 1535
2103 1398
1477 1601
526 1583
1363 1527
1020 340
211 390
668 1200
402 707
1301 353
1698 1634
1696 1005
244 1961
274 694
403 368
147 1604
864 675
485 299
1297 2194
412 559
1863 1001
1314 1596
1382 1873
780 892
2002 2071
1862 1094
1082 1260
625 536
1790 874
1485 1159
1462 520
1223 1419
855 742
1028 577
977 667
951 316
556 540
1965 2087
1048 1932
2035 1975
340 1630
423 1915
487 1733
1642 1132
996 221
1136 951
1452 1459
498 1002
1955 1425
1567 1224
2040 1418
1305 2173
1083 670
1239 698
2141 882
1425 1079
1485 710
1557 329
495 2085
1444 1127
148 1793
4 179
1580 610
2143 627
907 934
1484 768
1792 545
1608 101
1510 1879
782 1574
2126 763
1298 1589
1144 1993
678 1492
1629 266
253 844
2192 1932
2125 1468
50 2068
1591 1006
270 2001
1462 1421
1262 1893
1822 1120
858 939
1331 440
909 265
568 391
2176 1269
2065 1911
2031 404
2179 1709
1797 680
1814 1943
695 2113
1360 87
1620 620
1071 923
1507 1775
816 1403
436 1595
1788 857
20 873
1621 1686
747 88
2195 849
57 1809
1570 285
1400 1875
103 248
600 1895
930 2100
1466 695
1350 1705
2134 1526
1385 1382
1861 223
130 712
434 2025
1072 1874
1623 886
1672 2188
2081 1239
1998 1142
1837 1828
1840 77
855 38
1358 1224
1593 1904
1741 1970
42 1231
412 1633
1339 1837
1325 785
2183 371
1463 1189
1969 748
1112 1270
3 479
1227 495
1293 122
1464 312
1298 1187
1094 1987
1602 1601
644 645
1853 222
1267 601
1423 1766
1363 428
886 419
245 1940
1842 995
757 1875
1367 66
1680 614
1867 2137
738 1109
1296 672
2107 338
1275 1685
1234 470
1068 1184
198 2080
1771 1032
1272 583
2142 198
73 401
1590 294
1653 437
1140 2065
968 669
44 61
468 1057
2213 921
1591 833
244 215
2041 1786
1876 616
1497 1754
316 176
620 804
246 1581
1855 526
786 2171
956 505
304 1586
1453 312
1571 520
183 493
1737 477
1914 578
1851 1846
497 428
1724 1798
228 1037
1567 549
719 159
1558 135
1462 299
643 18
1619 1370
1587 1994
239 2208
66 2204
2015 1566
873 803
1576 887
1921 869
1662 1612
2081 1565
989 1800
988 1675
290 2034
1257 1538
2121 1522
2171 1596
9 534
2036 756
1965 303
1601 587
2017 1897
449 1972
1671 592
996 1851
670 1526
1596 1486
2150 332
52 617
221 37
1108 744
1236 67
934 1039
1619 1987
624 1515
886 2126
1000 361
1253 538
908 1538
1382 659
1685 1992
1377 1417
1223 1160
1742 641
1036 1123
1570 2201
1666 1103
1765 874
487 732
363 396
406 1099
1685 296
1624 1104
503 1710
1906 698
547 671
848 529
1688 927
652 833
792 515
148 1722
1638 665
1759 1570
1785 1767
865 1310
967 633
1865 1303
128 1656
1594 723
1232 2105
53 562
1792 391
801 798
1469 401
1542 1811
1722 406
1715 869
1352 5
702 273
1915 1487
612 1018
247 759
1084 149
1148 1993
606 418
1025 1402
923 1505
1443 654
1159 1680
1018 1623
961 416
512 951
565 775
1067 1876
1251 721
1690 853
1801 633
35 449
288 1218
836 1761
112 1346
2092 1023
694 296
1684 141
642 48
1635 400
2098 216
848 37
1040 287
539 1782
812 513
243 731
666 384
1699 1565
2093 2141
1347 976
2064 198
2189 939
1709 1444
2047 573
1872 2192
1105 624
35 257
2082 1306
1592 2154
69 975
876 305
1053 595
429 146
241 985
658 1288
867 20
2055 282
134 2002
1877 252
2184 1197
1433 2093
1975 233
259 403
1371 1060
393 1864
605 17
2029 1304
756 1715
286 1027
836 366
843 2211
1910 800
853 602
1293 668
2105 1383
191 974
1039 1386
1806 467
1759 1066
11 1537
76 2003
1446 2121
2081 194
195 1119
1522 217
994 474
1520 1142
904 1149
402 1503
1977 725
1886 536
450 424
654 1042
1698 1312
915 551
527 171
841 275
2170 1570
1168 1194
531 361
113 1030
1232 776
233 1443
980 949
178 1468
1482 133
1081 1726
798 1171
849 1152
2111 565
2063 826
33 1830
1450 1991
2170 124
1832 2157
2110 1797
293 459
208 349
2138 46
1728 1925
595 1637
512 1185
377 2024
1326 1521
877 1513
2198 270
830 855
1498 765
1651 1447
384 108
1684 1350
1731 1714
1625 360
36 227
1206 749
524 322
1504 1957
449 2121
539 936
743 121
934 120
43 1459
809 1050
1981 632
1591 23
1044 858
1212 1532
1591 1084
720 1317
1750 543
1735 980
889 1964
363 818
1912 890
1069 2040
318 619
1515 1214
1846 1738
1413 744
607 1894
1737 484
213 309
955 597
946 1755
40 943
1543 888
282 207
168 1553
934 312
1111 1342
1287 1113
615 2001
1906 1535
1652 2163
702 646
803 1550
1568 407
1275 336
1464 452
235 1442
588 2154
1946 1935
700 2048
1715 229
2006 935
2055 1976
854 1758
483 2186
365 165
2088 1129
899 1770
1767 438
1101 1203
1695 354
322 1185
1434 112
36 349
1239 1218
972 430
454 1675
2209 1284
2113 304
1780 919
12 73
2138 937
1839 402
639 621
1087 1968
1656 1643
800 1399
1520 1995
822 1941
255 918
1442 2110
2034 428
1937 1846
313 1255
885 1328
396 156
1995 2063
648 96
630 2019
1906 997
2081 2127
91 1267
1020 1142
1848 1698
1986 322
722 1196
9 633
2178 2010
13 1199
1651 325
1331 2112
1053 936
1971 35
602 390
916 272
1476 1411
1947 1971
621 863
1649 1065
182 436
1962 198
2071 906
82 963
49 348
656 2131
1278 448
405 1484
2134 1529
63 870
58 447
1629 65
1774 627
1561 1243
1353 1569
852 1957
167 572
1379 387
206 1056
1992 1390
2206 1158
904 1140
2008 547
1306 2090
1850 1417
1734 495
1563 222
1264 2148
677 2028
1453 150
1367 1165
736 16
1929 2155
192 884
750 1107
996 866
771 1446
639 999
1318 1795
869 943
76 363
1802 593
2100 1776
404 928
1958 1512
2200 464
2097 1926
766 2042
132 1883
645 1411
1797 1541
1041 199
1504 1351
167 2179
1832 1024
1149 2197
950 1071
870 756
482 1752
1616 200
1858 2044
597 183
133 1400
984 769
262 1322
36 315
888 749
1961 531
531 557
1715 395
1835 269
220 2152
137 357
760 2159
318 1717
1654 21
1918 1560
438 1721
1496 470
224 950
1663 834
314 1194
2124 659
1283 16
1317 1398
1310 1357
281 370
1230 1872
1457 139
2073 796
1764 1303
111 2174
512 1568
1640 1105
1233 373
146 1835
2015 2014
27 345
1919 1300
446 1846
1251 94
18 593
773 791
192 1357
950 1163
1464 1567
1043 1282
1857 178
1617 2006
33 1188
984 185
1830 354
628 372
995 1183
1630 1492
252 1865
2102 1232
1056 610
517 1842
2058 820
2094 1920
1607 439
1459 2160
1220 484
288 1293
885 864
1842 126
1383 2187
802 2196
1181 2048
551 1231
