1388 1332
469 1512
1521 479
1123 293
683 1172
31 460
1613 402
576 524
1351 1748
603 221
296 368
1245 792
1635 2053
728 1693
2074 870
463 419
1818 737
1898 560
1180 595
1031 1835
1837 2147
1497 594
663 2083
295 1685
929 1786
795 67
1311 1016
1240 1085
1597 773
6 1323
52 1320
1774 767
1166 1529
1188 1088
595 1029
618 1278
325 1199
1215 1722
1498 1209
204 908
926 30
278 2100
751 330
408 726
1827 565
990 2
1096 1129
1354 2049
236 1806
1359 2159
1161 1853
778 764
178 1616
1090 152
1588 1006
737 97
1493 548
1699 953
1374 1383
947 1499
1226 1656
1229 1795
624 1810
596 1116
1158 1470
994 50
1326 1934
2177 399
557 505
1411 1334
11 1527
790 1810
427 44
1306 2081
202 1526
2169 5
2146 1964
2137 1421
1090 852
2073 1716
535 135
1203 1524
134 1939
1876 1173
1001 2008
1026 540
730 444
214 736
944 1105
499 158
1622 1565
1621 1858
1547 302
276 2092
1013 837
1873 1692
2030 565
1760 882
1226 672
890 1458
1898 1996
1733 1611
622 926
2204 921
1511 459
465 377
1354 1773
1571 1020
672 1635
2192 354
1462 533
1843 209
1960 2078
1986 2098
2143 1225
1963 1657
1367 501
1181 406
382 1920
540 1171
1420 190
1723 248
582 927
788 1697
394 140
1788 757
306 1670
237 43
479 618
1061 422
1400 680
1067 1737
1743 602
1460 547
1154 1446
651 1135
1055 632
1694 1976
902 1353
2124 1184
2157 1207
1577 1992
972 1820
1989 675
321 671
1012 412
499 1206
252 1266
1565 1766
1253 1532
1379 1175
1469 211
1400 503
1815 1558
1506 1953
1222 1530
667 889
974 48
201 1899
1420 1741
1925 334
157 956
1464 1648
1742 686
1796 1798
673 1279
1597 698
695 573
1190 1376
506 680
2034 304
1201 1065
27 1364
914 846
673 1940
1369 958
1719 241
1886 1525
1273 935
205 1862
135 1523
2201 1804
849 254
1890 189
320 1141
1428 234
1999 1731
1919 985
809 588
2122 28
1532 1291
657 2026
1025 558
2079 1180
232 1097
1607 561
781 1321
1862 1754
1407 623
118 993
331 1175
1112 478
1202 331
405 82
1050 971
32 1320
370 567
1694 187
1113 949
1663 948
1697 179
491 207
20 2157
1451 444
215 2073
983 242
183 933
2031 394
670 1101
1681 1693
1040 1083
645 1716
118 779
1454 730
528 905
1931 74
921 470
793 1554
1375 1045
1687 318
1285 192
1948 379
2034 871
105 323
856 173
2059 1354
1283 1209
935 389
1612 180
73 1086
391 300
663 741
547 1138
2186 1150
695 796
1975 1457
838 565
324 666
1756 1634
868 358
1353 1294
1737 1058
113 1406
243 792
1854 1784
1667 918
772 453
1275 1109
483 445
1385 979
1066 1923
667 20
1929 339
153 826
964 823
477 791
1380 287
394 231
116 1216
925 242
1387 1283
1372 1330
1173 993
1065 344
1577 213
2028 488
1599 1906
2076 1369
1649 1830
889 989
1233 914
1957 1422
794 1509
785 1611
942 890
1312 1011
1079 359
1837 1583
132 2207
890 2148
304 779
2209 80
673 1711
228 448
1636 255
1087 1039
1217 1132
978 1407
1456 1879
321 1769
124 745
329 2150
907 959
13 101
287 1486
903 1997
1083 1079
888 2129
1588 1310
1508 1445
424 2104
2058 1142
1649 1962
2130 2112
1424 161
1449 596
1818 643
9 715
2147 143
1109 724
1063 826
1866 2125
1222 2145
535 1457
617 2145
278 579
2209 1280
668 689
1831 754
954 605
749 672
553 2148
746 1135
202 1963
913 545
509 1895
1009 1792
291 1565
1048 1932
1271 1759
1235 2032
1556 303
509 431
61 144
262 1878
1477 749
219 293
602 998
309 75
906 1412
83 461
1176 2119
800 581
398 390
603 178
290 699
980 1795
1214 1090
2099 329
2187 1356
1767 2200
545 573
1442 633
1346 1617
365 1981
1571 735
357 767
1013 623
1255 1292
2052 1724
7 2110
909 572
1722 1043
1454 1535
1958 1074
1961 1290
1860 512
443 347
2202 475
84 1383
83 463
1678 1924
673 323
1118 273
1385 1119
696 142
979 745
2180 291
637 1246
815 1764
1018 572
1844 31
1485 1806
1521 1413
1218 355
618 207
1816 1046
659 1730
28 2195
11 1057
957 649
2043 1217
1234 1027
1220 1125
121 670
1383 2207
1202 481
125 496
1313 2082
215 1430
2152 329
447 1409
238 1238
1483 286
1581 1845
721 2030
1871 1749
739 271
2071 735
494 405
302 996
148 1479
349 177
2016 700
982 1928
1015 412
1758 752
95 2165
801 1381
668 589
134 325
640 1100
1932 517
1942 1776
1204 701
1237 172
1550 239
2100 1948
705 1832
1452 1739
412 168
1169 1742
2046 231
296 1699
193 1784
1732 192
1171 1232
1050 1996
2126 1754
1736 1735
444 1237
1376 424
529 843
1581 446
320 192
304 1324
1457 1249
320 417
911 1585
986 805
336 1157
982 943
1906 2029
466 536
684 1964
98 1987
2125 1668
1600 2115
1275 1710
237 473
804 535
1862 799
100 1228
751 443
1229 2028
890 179
1329 1790
349 112
1531 2139
1585 899
1757 1142
2175 420
101 39
964 1666
712 1240
948 1536
883 1852
601 724
1938 532
1141 639
955 1321
151 553
2106 470
1750 1044
224 6
1591 555
1244 771
1841 149
2071 958
1146 477
2190 128
64 1159
1672 893
1388 174
1257 927
2048 1875
1899 2098
350 2048
1760 1224
1984 667
1268 927
1942 1740
1263 1697
1290 500
1148 1536
1438 2123
90 458
913 413
609 1774
1165 1181
152 1278
672 1043
191 1155
331 1840
1952 264
159 2
1349 126
2055 2152
1456 627
744 687
2048 873
725 1908
118 442
1864 1592
823 1946
909 2112
1748 614
1044 1827
881 1625
894 2069
1853 214
1811 1151
559 699
360 241
1889 2150
258 2042
845 536
941 644
552 1835
595 663
1202 996
627 166
394 956
1728 337
156 1607
46 1053
1605 131
2010 994
1326 1404
1785 418
980 1017
979 667
635 1334
267 1446
1479 2080
504 1453
1171 324
1967 2212
363 1288
450 949
592 695
1953 879
1602 447
1269 244
1923 389
1624 270
864 172
1203 1962
152 377
92 1740
1766 150
439 1180
1305 869
1483 827
129 63
197 1839
1140 200
1652 1558
795 277
1975 2125
157 2152
1554 293
1636 2136
481 1613
141 1002
1451 1493
91 2159
1620 1211
1287 894
770 1695
1318 1024
1652 2120
708 400
352 1841
1871 1291
2047 2212
55 1844
2175 2047
716 1937
1906 2108
2071 2004
218 676
586 677
1498 520
1041 1810
393 1609
81 58
373 1100
531 532
221 1788
1789 879
823 1623
67 177
1570 1717
1668 91
307 2108
104 1454
217 1037
715 1457
1564 1360
946 1337
1146 45
764 1268
764 971
785 838
489 2013
1545 1453
347 1644
864 70
783 30
952 1701
317 1795
18 1639
693 1030
1383 1147
1240 1500
1769 1629
366 1243
613 2017
1654 2037
434 1628
776 550
66 543
860 148
1019 1009
974 1535
1836 1795
1470 2113
1704 1680
1260 1938
3 1249
1633 441
1745 290
1736 1205
1036 1240
260 852
1928 241
79 2064
1617 151
1395 744
1414 594
1623 1412
2214 45
1500 1045
892 1912
1415 1819
1776 1509
2062 221
1488 531
1400 451
863 358
141 1714
2064 1863
1439 1516
888 1057
1882 1604
556 1802
403 618
1292 1153
1404 1804
628 1156
1468 1354
432 541
1835 1810
1475 530
741 2109
2204 1954
1143 2147
1253 619
1424 1173
862 1240
519 620
545 1168
562 619
1039 130
1007 1368
1198 158
170 640
228 439
1430 106
565 236
1437 1191
2152 1679
903 1797
1560 1203
2011 1539
1308 279
2197 1621
968 546
2060 141
1485 1017
2099 1723
1706 1630
1065 634
2093 427
1189 161
1858 2175
1440 1771
1930 1029
1792 415
792 1135
183 2128
1888 995
1236 1162
407 146
1133 193
253 174
1266 1584
1868 2001
411 620
1113 1186
1751 1638
1665 1821
2009 1743
494 662
1522 801
1476 4
1746 1956
1294 1239
1238 268
1871 1002
742 2071
2194 889
546 1651
682 1725
1530 1642
1199 1403
726 485
413 1426
749 600
1465 1456
1178 847
875 1020
1351 1944
2055 1871
1613 880
343 2181
226 871
2028 997
1916 1350
93 1383
1645 1184
491 819
334 1447
1332 1034
214 2063
1161 2065
318 101
722 2014
1176 788
373 1836
1560 1619
683 1273
1206 2048
1886 1955
1767 288
1423 1258
1185 1620
1448 659
1370 934
1819 1739
1166 1105
1915 881
971 151
2128 2141
322 1496
192 887
1890 2022
875 1789
1174 275
1230 1231
442 1251
940 1528
563 1713
150 556
1062 343
406 1353
305 1089
1220 1955
1425 858
1464 329
2162 1150
610 1729
2095 1678
1125 321
1780 1955
1614 2149
395 1480
702 1277
1769 60
2114 163
1682 271
1769 1893
811 969
1348 758
1236 1200
1255 865
312 2016
598 1601
1609 1052
1085 977
1010 514
239 1200
57 1735
1886 993
2027 1901
1946 1110
1996 1069
1292 1840
1362 1125
88 1611
1745 537
1390 913
1365 1119
1146 1921
747 1573
158 1169
1983 207
1252 255
119 633
1020 1044
487 896
1256 2144
1044 1686
5 1947
567 1859
2002 39
1573 354
1119 236
1481 269
2132 546
81 801
1075 71
1063 1628
837 2073
775 1585
583 800
1002 448
981 920
797 224
1560 1695
1327 29
1452 79
2104 1796
121 627
1417 1822
648 1587
1348 1660
222 621
1449 2159
639 981
834 1301
874 922
1626 1847
374 1968
1191 1344
1563 674
2160 1499
1663 1857
962 1935
88 1607
2192 219
2004 1931
542 968
727 580
1920 639
521 1507
1110 122
1715 2080
2038 1169
1261 1029
1506 399
1005 724
2030 2144
882 228
388 1464
2012 1505
446 1776
1843 1047
664 1502
2161 726
230 1329
289 371
1308 987
2212 1373
1524 1755
1087 818
544 963
1539 1797
1510 885
279 428
1034 2171
1543 275
1061 404
924 1777
999 428
1429 850
932 160
1141 1165
1161 2001
315 1410
1305 1748
1523 287
1873 182
234 245
2078 418
1588 1181
95 310
1963 1972
1191 965
1181 81
2080 2127
1326 480
1337 1682
1650 2196
1281 2101
245 1026
1168 371
28 582
440 1889
496 533
1502 1874
605 1986
1490 647
1334 2061
380 1807
499 535
729 533
2041 1893
779 322
852 2030
2198 1650
422 1583
12 630
1615 1359
2169 2021
622 647
46 950
1393 1512
392 2002
795 695
1355 1354
706 1353
1149 41
1407 2172
1831 888
499 1400
1985 1934
1741 980
1866 1193
2019 1166
2167 439
910 838
193 451
526 322
1796 922
2114 437
609 811
2043 467
765 353
539 289
1674 253
1074 38
1199 468
278 1610
2192 1425
962 364
767 1936
1086 993
1456 729
2183 63
481 2212
844 979
37 392
873 2209
1082 56
1313 1764
1857 981
1372 1857
213 1368
64 393
271 1808
85 1828
1316 151
1256 1407
1240 913
917 1425
460 510
1963 1954
2031 1017
1797 1949
554 484
1868 729
1976 1635
1957 1990
357 792
533 836
1585 1348
1706 1832
2059 1664
1800 226
2011 1263
1805 1504
233 1770
2206 926
906 399
2177 69
2200 2166
566 238
1713 305
651 1971
311 1581
865 632
37 2036
77 1416
303 655
399 477
879 223
1124 1964
867 1531
2085 1856
1049 286
1827 1860
313 1916
334 1970
76 436
2013 910
674 1790
424 517
1432 1411
360 655
1324 2154
101 1615
1550 1908
472 1973
2152 1266
842 1261
1834 1085
2209 1419
405 685
1075 760
537 194
456 1646
1529 204
874 1044
1951 873
1671 1242
1491 1645
2128 1905
1531 1809
1015 313
2054 1977
1213 960
356 816
832 1314
1765 454
298 1975
82 1684
1452 1289
39 2214
169 335
355 2159
1373 613
1619 124
61 1192
1301 113
102 1047
1242 2121
1176 19
157 356
1065 1789
1167 1033
2010 1371
419 2117
1196 2119
296 213
534 374
2126 827
901 459
272 2021
697 266
1654 1326
896 232
1405 183
706 788
1649 1584
887 210
1928 2008
1629 2182
281 320
184 1503
880 373
1763 847
1101 1984
1345 1833
1279 1271
954 1313
2041 753
358 1911
890 2159
171 134
809 230
266 1860
716 704
2140 98
2115 606
1380 1342
64 1852
2004 108
719 728
416 1591
267 1945
688 2050
821 1623
496 561
1734 1381
1840 1220
2028 1760
957 1806
217 2045
369 2110
787 1227
1419 239
1360 113
1163 1192
750 624
1502 379
1745 518
1077 1944
1496 873
1332 1343
151 744
207 517
796 658
431 713
1173 586
278 154
706 1103
1749 1720
1807 748
1578 1493
84 1012
1295 2106
2116 836
1014 1359
1434 1742
741 1830
2209 1960
2058 2031
804 1494
58 1464
878 340
2076 2179
1329 159
2180 404
1811 910
353 1728
795 20
1449 1612
1588 771
1217 232
604 1587
168 274
1952 209
798 434
510 946
2196 160
2075 2154
52 291
180 1607
2086 25
1814 554
1431 488
1348 1456
191 2044
1194 1683
1261 874
340 1437
36 109
1034 89
841 1247
1293 114
1367 1283
998 1422
1488 1960
2122 1123
2128 1008
1442 1181
1576 479
550 598
1228 700
606 1708
1096 1522
88 1722
244 1027
593 243
1502 1238
2069 961
1280 1160
1944 1146
1783 51
1424 1706
1522 549
1630 2073
1366 638
1485 342
1999 42
1477 1824
685 936
133 1117
1918 1203
265 198
204 2084
389 1693
1434 2167
1087 54
79 1840
479 1513
307 1048
1639 312
124 1081
2086 2119
1575 125
1099 1835
987 1234
1455 1702
234 733
1782 423
971 1381
1371 718
643 91
800 148
983 33
1189 2093
50 1865
743 648
1012 1287
729 1646
1568 1485
81 2017
1607 572
169 430
559 352
43 229
60 657
1521 349
1742 982
1473 1628
2181 796
1808 954
224 311
599 1730
183 1890
645 1324
452 349
2002 807
1468 2127
218 1517
58 1139
556 370
1806 472
1208 1598
1181 2011
1327 2062
608 224
1248 1442
1035 569
575 1419
875 2055
1319 110
880 1500
1103 2078
930 1563
1671 1739
915 1243
1859 1697
38 274
1158 1968
2037 1413
554 1775
1767 1626
1158 139
1115 1392
163 2149
2096 1026
88 764
61 1445
2163 2191
1961 59
1806 959
1450 776
616 306
1235 43
830 1274
975 323
2136 1274
1190 991
1267 4
160 2182
1761 1645
287 433
1656 838
255 499
698 2111
684 1809
1045 395
35 500
742 1433
56 678
818 801
2082 1970
1199 633
2116 438
556 1106
1288 1151
1306 820
2013 506
1089 267
971 232
1676 2013
1304 860
1084 354
1633 376
1677 102
1879 2010
705 1794
43 1720
277 410
1021 2098
734 981
691 1095
1053 1214
1812 2145
657 1941
24 454
1246 1397
1502 1272
2024 207
1218 712
1657 1632
1563 798
251 217
859 1211
2103 1833
403 360
1619 999
492 1814
1124 586
818 934
257 497
720 987
1337 136
2038 985
288 946
1091 1234
1493 1745
1680 2201
1970 2153
96 2055
884 531
2082 1516
591 79
1501 1676
254 967
1731 289
652 1960
490 277
2162 233
2026 584
443 1010
1100 1234
32 886
828 1119
1951 1861
1787 414
505 1804
1272 1678
1925 1039
539 1092
1235 1761
1870 1812
1169 618
1567 135
1652 1710
133 1756
236 1403
2073 759
2059 379
47 1160
51 1485
1704 56
1323 1836
1457 1828
940 2164
1788 1140
662 373
653 271
2037 2191
1393 349
420 155
281 349
2205 1220
664 1069
2141 1570
2178 1217
1619 215
1014 1400
1901 312
1405 880
1934 1002
949 679
887 1397
249 1202
1161 1228
887 584
1730 412
1041 1528
1405 741
1286 1966
1297 1391
394 1708
857 1263
1766 909
2041 282
1634 237
1834 2052
404 944
2070 1875
902 650
588 179
183 360
70 2169
843 1953
1910 1877
577 25
2146 258
839 783
2130 689
613 94
1708 972
1065 673
275 286
2090 129
1840 2113
122 1973
1316 2175
161 425
289 1268
1964 5
60 488
1765 918
762 1543
664 2
2086 396
850 295
989 2083
1464 1070
1556 2122
1421 138
646 66
827 580
161 1437
2074 1552
290 765
1700 560
425 638
321 2036
769 194
793 729
101 266
1877 1129
535 356
761 1270
1905 533
1431 385
1577 1930
1562 198
269 104
153 1798
1910 1430
675 497
1887 118
1254 353
1840 1926
1754 116
117 1962
1103 1082
1897 1782
1116 259
2094 1046
1297 71
557 2046
1228 1226
1986 1183
1451 1785
1449 485
1122 696
1670 421
1727 365
961 50
1003 1475
2002 1018
2011 336
901 1870
936 1481
1219 474
1502 731
1343 1409
2000 865
1606 1475
330 1581
109 1160
1495 1960
447 1659
1367 1335
76 1902
130 90
948 1304
1690 41
533 941
1773 2001
1580 1111
833 410
584 1400
174 1920
1538 91
1158 1404
2183 697
1004 425
1067 9
1226 121
51 1665
1870 1849
1342 2121
213 1703
1490 617
1411 1638
536 220
158 546
137 1296
1846 2188
1474 993
1131 643
1859 124
126 1220
549 1026
858 1993
22 2143
27 2005
1258 1491
1132 1306
686 918
1367 893
2037 1095
2142 1318
1610 1819
1716 1683
411 1815
63 139
401 976
1854 1557
1640 1007
608 1527
1885 670
916 1289
1662 537
824 1263
345 334
1237 652
300 1437
1498 388
1413 1060
959 2080
1716 304
1486 1036
1256 1072
980 2197
2070 2055
555 1031
1632 731
1724 1274
594 53
1885 1438
1989 1033
2051 608
1854 556
1 1138
1273 972
407 257
206 757
276 706
133 1225
211 2030
2014 847
22 519
1207 826
1737 2133
1418 963
1712 1257
1197 1737
8 1456
1686 64
829 140
795 1845
757 2068
194 881
2096 1658
1862 1818
50 760
66 884
761 22
1563 2079
186 1415
147 704
1451 1869
1434 1869
480 1405
1394 313
37 985
1777 1237
159 1659
851 1110
424 1442
1030 1666
1989 1325
129 629
118 540
1517 334
753 847
706 1346
534 2155
319 1327
1520 803
1699 67
1214 603
1633 1852
2164 81
1130 1520
1710 591
862 1353
455 85
1453 2072
1775 1016
731 1027
1285 2214
687 1089
1039 1272
727 834
88 496
1736 553
2099 204
1244 535
2208 1167
588 1120
1408 254
1114 2064
1881 635
1245 1463
344 32
989 2205
223 1180
1328 1875
1825 644
540 2084
1900 488
156 2062
1207 154
228 741
1640 138
1297 700
2005 64
2032 1263
1104 1863
1205 2142
1982 2177
1649 550
1984 150
1134 310
1567 1877
1874 217
1927 1661
619 1170
2076 1
89 1665
1726 1149
1259 394
1296 878
335 288
513 319
903 465
1781 794
2201 227
1405 329
713 738
57 190
1987 152
1793 1644
1865 1783
1711 990
2142 521
1743 1789
19 1217
643 2070
372 1112
1372 1517
1012 880
0 1941
1962 1135
1351 2110
1676 429
187 1593
845 1813
1552 48
384 1803
1793 2201
463 1863
1569 1684
550 923
731 1100
558 782
951 1535
1501 1502
95 1575
1721 2111
1634 1400
522 906
1526 1379
2079 1181
433 437
118 293
908 856
1747 1691
1350 810
45 389
716 943
173 1294
1340 1357
136 1404
765 1573
825 878
1891 1026
1832 2094
1548 530
2130 920
559 324
1389 1974
1544 1942
430 1179
210 1796
1727 58
453 364
444 1216
1018 5
124 1193
764 1744
1590 598
993 1681
1765 1422
1900 386
275 124
2003 1984
664 1956
276 1122
1525 393
726 265
1385 1491
1471 1997
612 1347
504 1468
890 1349
2030 753
305 2134
990 455
139 13
486 883
740 1619
1873 1596
1006 1669
1184 643
1093 1146
553 1506
1890 1545
1982 559
1753 832
1536 1642
147 1378
1095 1976
1732 1593
966 58
1459 1521
993 1874
128 1042
368 859
70 244
1855 221
114 153
312 1756
2030 163
127 1246
1510 1751
1249 643
795 100
636 1415
1848 1975
487 1427
2032 200
1491 840
1400 1989
1272 319
435 258
1250 326
1137 557
139 1558
966 590
196 1050
235 219
1788 1374
565 1383
472 818
1856 1312
1712 17
1614 700
2014 5
41 2207
1892 1623
1178 1499
74 377
1184 1268
553 718
931 2180
1446 477
528 853
68 812
707 434
915 78
158 2162
1765 1132
1831 1307
3 1946
190 218
1247 1623
95 834
298 692
1444 839
1997 1549
297 1833
1583 1877
1203 1029
696 1919
657 349
1190 1502
1317 1348
344 1412
1606 282
1182 1411
786 768
840 2020
638 1809
431 235
1497 453
1689 2104
1525 1451
1142 1737
1847 68
1298 336
965 884
1688 739
263 725
251 281
446 262
1334 1064
820 1630
1792 1019
177 213
1354 633
1645 1760
437 399
2059 2189
762 1043
1765 884
1381 346
539 1814
547 55
383 1477
2054 264
1665 191
278 2028
837 702
1570 829
928 1015
1446 518
962 2078
130 189
428 1421
2145 1145
555 1956
364 530
985 1854
2207 1513
2097 654
296 1490
308 1874
54 2122
169 407
831 321
465 339
483 608
90 1001
561 810
482 1587
1738 255
673 247
99 625
1403 583
1505 1332
926 1215
1023 1851
426 1055
1475 1538
62 248
1485 753
397 40
737 2052
1273 1275
1309 1973
1944 1655
1436 81
1183 1695
934 2010
1576 284
2100 1755
1325 1661
1328 134
1273 1308
135 444
79 1015
178 1981
623 87
1498 394
1958 564
551 1306
808 1537
2170 668
1072 667
709 687
242 999
359 912
962 1286
306 1827
1145 1423
1722 1262
583 2208
180 2154
368 1175
22 2010
629 1977
266 1820
2087 1934
116 1875
1677 2026
1240 1152
1143 19
1926 1487
2123 260
1076 1346
1017 1889
1580 435
2051 229
950 536
1970 1163
2015 446
1887 801
1865 1426
2107 203
125 1815
2175 1633
1153 1723
362 1150
1721 1159
719 563
964 382
227 665
1141 1273
837 1491
1847 434
2211 1814
581 1399
397 844
889 1725
1219 1539
719 284
2201 1791
774 728
637 1983
1034 1753
1503 764
1280 112
737 176
1981 1103
587 597
448 2197
1869 1025
2144 516
428 1376
245 1783
1907 1590
200 1025
1947 217
239 1006
653 1136
1879 1847
1421 993
756 1374
1704 670
62 1195
920 913
1221 398
1991 1232
914 907
1659 662
1832 181
119 1768
738 1449
1365 1667
1569 29
1182 266
1752 760
744 919
797 1704
1202 181
1301 272
1238 1015
52 1402
1573 911
59 986
1609 1438
832 1987
1043 1860
1678 299
633 304
1098 1645
326 904
801 1575
187 2157
427 1472
1704 585
1718 479
1467 126
1914 1883
1811 463
650 903
516 1292
985 2065
1727 204
515 968
2156 1874
1569 344
2010 2062
1164 1975
1921 114
897 838
1376 300
1358 1897
982 7
1389 165
495 1678
1260 1748
1086 1874
156 831
168 1608
1950 1887
2105 1939
1015 1182
1451 1488
1974 1830
2169 410
1197 1763
1504 324
1417 1520
2119 747
1073 425
1197 374
1962 1
1605 1739
1 521
1847 1028
1718 1733
160 1597
284 1052
1039 1537
1937 2053
2144 255
1023 1059
2081 899
373 34
1193 12
1136 1580
708 992
549 615
1124 45
2030 388
1270 2211
1703 182
389 957
1337 1230
921 1785
1993 488
2070 1673
2034 1871
1199 1550
1394 1842
1114 762
549 165
701 846
548 304
1508 1412
1592 560
648 503
757 144
1160 488
605 84
1940 1820
617 1561
2124 1395
1276 1918
348 577
1148 145
1418 843
1131 333
1020 1628
638 160
386 894
1944 805
819 1229
62 2076
1513 1984
709 176
2126 1190
740 1428
874 1216
1352 1802
790 722
998 0
598 332
1792 410
2087 615
2068 746
783 1721
964 1117
931 1396
2098 754
370 1628
1398 829
293 1065
378 1134
1060 1985
1666 519
2176 1109
619 1646
125 645
1162 1254
1024 45
973 1695
702 574
213 1351
1316 661
998 1370
1784 359
143 357
955 1692
2092 1243
809 2132
357 1140
125 874
861 722
1066 715
1056 2024
1560 111
1994 1303
84 1253
1363 1011
502 1561
1036 1951
464 143
1069 1076
1774 657
704 1439
868 2053
675 957
2060 2197
313 376
1284 823
126 400
2208 1567
1964 1870
1497 786
1488 1656
520 22
519 1582
1702 2112
719 1405
970 1563
25 694
1381 218
548 280
357 32
1168 1794
618 594
1896 1801
1301 2149
2201 1903
1102 234
1116 1960
1805 1368
413 584
1700 217
38 664
1295 721
1200 1441
2171 1999
1499 881
1764 1750
859 879
565 508
2054 325
2122 1318
84 1930
369 646
367 529
667 187
1653 1164
635 79
75 842
1129 557
2079 1908
1327 591
763 898
315 2206
48 1092
1114 1765
123 1132
1070 2050
690 1311
935 27
450 64
1959 209
1915 2076
378 1493
1055 2181
2184 955
1244 1472
146 17
2194 1921
307 719
514 1363
805 555
125 45
287 104
830 713
2002 750
714 1607
684 210
52 1657
586 1761
1979 2103
1611 1256
358 647
1605 2011
74 705
1202 2045
1543 360
1055 574
418 934
350 324
407 1074
1008 321
2130 1735
1877 1660
2024 865
1580 1905
428 2087
1026 1378
1694 1705
105 1617
1814 751
46 1935
382 2000
295 910
1549 2093
1884 647
641 1701
68 1252
994 13
1479 1279
820 1054
553 1994
1311 1122
832 240
1940 1059
2172 302
334 1022
1521 699
740 840
738 1702
1831 1503
1377 716
1918 1968
615 659
1706 1900
419 2089
2083 1497
581 448
342 1167
1521 58
2087 2070
980 1991
490 68
216 783
157 1182
241 114
1285 178
387 1943
2180 1504
2054 499
2198 329
1880 995
745 2121
1005 200
1583 1080
476 1861
1579 2050
1133 1194
830 448
1361 263
1615 1764
1963 1708
317 1322
657 1266
1555 1344
148 546
37 1088
1028 1372
782 1401
1810 1789
253 1145
584 1087
1858 1953
465 836
607 930
1263 78
1492 749
1875 70
1959 166
816 1889
39 182
60 1910
322 391
201 967
411 242
815 1990
1571 1988
648 1104
628 1744
715 142
875 1920
783 1072
271 1378
743 1628
1987 1541
740 818
1086 1167
899 1314
1968 1669
1384 979
1289 578
1927 1263
1904 1394
812 1304
1320 14
789 2005
1906 1118
1942 1007
1071 1005
842 248
1006 2078
158 1777
1945 1482
84 1943
1874 387
1851 1144
2189 1371
1819 709
1230 2048
913 1158
889 869
656 1257
1811 1920
520 699
1765 1082
34 1879
772 1741
993 1176
1094 1767
1756 1449
853 1133
2201 2135
1533 1059
1739 1857
1676 2020
645 1946
1936 2178
1045 1644
1774 343
269 280
2193 798
2185 2007
1789 694
1952 1892
1906 1
338 726
1162 253
1462 98
1402 150
813 948
1873 65
2073 1415
904 1415
686 108
1425 2082
1739 305
1994 2193
312 702
996 220
28 618
1264 1468
552 1728
1768 985
886 843
1338 576
1832 89
2127 2058
282 1695
568 899
165 560
1371 542
633 78
1155 1782
1450 901
196 1247
481 195
831 760
1191 1214
921 86
1950 1233
2136 1690
669 202
979 358
350 2176
1251 636
596 806
2028 1014
1925 892
178 2017
1506 2015
1315 1837
2149 245
1563 285
961 29
88 1688
1949 2155
423 518
398 1932
950 1722
1287 1597
1284 1903
51 574
676 1869
1124 2052
698 976
1127 1822
1370 581
901 1583
679 1516
91 745
2005 624
974 1165
2204 1868
1816 1523
156 1414
374 19
1186 759
1104 1780
2213 734
840 236
1209 1308
87 2071
852 327
1764 636
1848 1203
1570 1558
2114 66
882 920
452 388
1955 522
1966 591
2084 869
319 1269
1242 557
427 264
1538 1990
1359 1142
27 1342
1304 937
211 1795
1744 1902
1050 415
1604 167
3 943
1179 364
378 1726
1513 161
2055 131
1195 1300
1822 1990
1967 239
663 1519
872 1748
663 754
1992 232
2184 28
246 1645
666 136
2151 1734
1172 2039
1706 1376
1425 1646
1154 88
183 1252
2151 1395
1186 1342
1558 2061
879 1505
501 227
1362 636
1768 1829
336 1262
359 491
633 1109
1517 254
1278 2068
657 1734
293 355
1164 1820
1857 428
1877 1351
1341 1098
1925 971
2113 2156
1919 2204
1388 1033
915 164
462 790
418 1600
1627 1886
1339 1985
566 2168
669 786
674 782
2132 996
1500 817
328 1445
679 1253
1052 2020
697 1045
1997 1844
455 1902
319 140
2009 1236
2022 1696
497 267
1552 306
1429 1989
609 446
560 2125
727 1756
1743 1099
1271 8
625 142
745 884
1834 1946
96 2098
1700 763
1040 1359
432 226
456 340
258 1855
1294 2211
490 1319
1902 564
436 421
1432 117
1068 968
1272 1372
795 1423
59 1004
388 674
78 1628
382 185
1803 993
1835 913
387 468
2160 30
1077 884
517 1979
1586 1208
492 319
1222 664
1803 753
790 1379
1125 1021
298 1687
213 1540
1468 1968
267 690
1863 1214
1092 793
1010 929
235 786
1995 1701
1738 1549
548 1146
1090 1828
208 1366
1767 781
582 275
2157 1923
52 1657
541 596
727 1088
1059 1034
748 2037
1775 928
1189 1644
739 2064
1405 1522
1446 1887
1008 1309
1330 1649
1353 1468
181 1659
1265 1015
1289 846
2195 1613
506 1371
349 595
93 791
1823 323
289 801
1579 535
1281 183
1144 931
2200 296
1194 1141
1984 1127
1135 1037
1538 158
380 769
422 902
1460 1493
1376 1967
256 1180
1124 868
2131 557
1439 658
851 1802
1689 934
594 59
1617 53
600 74
1904 2157
373 398
831 1046
1625 493
8 82
1394 5
1760 513
499 760
1170 153
2034 1118
877 1281
1782 1153
1903 129
1269 886
677 595
921 1525
2156 1549
807 1452
432 315
336 88
137 2109
914 848
1305 331
1276 534
417 1901
1192 1494
1660 1534
1431 926
604 574
984 925
249 232
328 1666
1683 2159
1734 1604
1482 191
1224 1547
334 610
826 1317
399 1655
1204 215
989 520
1589 1616
1547 474
494 1017
1844 329
267 864
1121 1192
1186 1352
1277 492
1294 631
46 1732
433 781
201 2163
959 438
1235 1459
798 227
1202 450
647 1858
1667 2015
306 290
1361 1408
550 1082
198 2127
691 1515
190 1900
214 655
2137 1762
53 487
630 1868
2103 802
1982 478
362 458
1253 2131
1356 412
1451 1871
989 906
1270 1393
484 632
2196 419
696 888
374 2196
856 922
1431 414
579 1990
1034 975
2059 509
543 525
2019 1835
805 510
1100 1210
1938 287
501 1017
1454 1054
1303 175
2047 121
831 1597
1725 1282
942 1227
537 367
219 1560
11 5
1335 433
402 702
2191 984
1285 1862
76 159
958 683
629 660
2112 1541
204 2136
344 612
252 832
1392 113
1956 475
2052 700
1467 754
522 1976
353 1395
1161 1057
1219 1334
504 1923
2192 1368
288 1425
353 646
455 574
654 100
2034 946
225 1742
671 1770
1923 476
890 1937
307 200
1342 1212
278 898
478 269
240 857
971 40
600 215
2072 272
1270 520
770 207
1087 2031
2173 6
929 299
1384 82
91 1093
1634 1441
257 1761
1904 1152
2008 1452
2065 1698
1862 1298
1357 320
535 1648
425 1097
1708 1355
1820 2079
90 2023
263 372
1613 803
630 384
1949 842
960 1786
1743 1444
727 1340
435 725
165 958
1510 2198
392 1563
431 1227
484 1252
855 1402
858 423
25 495
490 1037
1232 1079
1857 2071
1540 1519
904 1540
1744 1331
1345 614
2068 50
477 486
1256 1259
608 1378
1539 1499
598 1013
2084 303
1367 418
1529 1755
1050 1212
772 1058
1855 1631
179 2012
1246 1777
1609 1486
1950 499
1265 1784
1034 892
2061 944
1637 608
1978 301
0 763
1290 170
781 1982
21 463
1690 425
1545 816
153 1794
223 1426
1664 755
231 140
1114 1572
234 987
2138 644
983 454
716 1716
2182 822
188 360
987 293
359 873
1871 442
713 804
2018 798
1133 1241
1776 1247
2077 106
1540 1687
1236 1636
2107 1077
237 31
2176 505
10 1782
2104 1067
411 1332
2119 2031
842 2049
206 761
1349 927
1758 665
1166 5
1184 445
226 1443
13 2108
340 1075
781 1202
122 1380
36 623
2127 1897
342 1570
1612 1681
346 847
869 2209
1070 1142
768 1659
901 1084
1004 1492
1802 19
1458 2184
1074 1487
883 1556
285 418
683 643
2007 740
1796 301
112 1224
208 1468
37 2019
159 1300
664 219
1369 1247
848 1832
508 746
1832 1630
1340 1487
474 989
789 1050
997 654
1874 783
20 131
1294 823
391 280
1858 235
1131 1785
1481 1599
1590 34
1719 842
1076 263
120 1964
2162 1701
1258 1142
1786 1283
1717 915
2168 416
2167 1941
291 1236
2141 969
802 1376
1469 1187
979 1121
263 2006
203 450
374 619
959 600
2034 364
308 80
754 1564
411 2098
1298 479
919 1410
364 123
2046 370
1119 567
481 1797
795 591
1382 1316
2018 1181
418 122
1529 1880
500 1385
2058 481
1214 1064
525 697
1475 873
1570 1253
578 716
1416 1590
2008 1586
457 1075
918 1994
555 126
686 795
520 671
1970 641
57 1302
1753 2101
523 739
373 1772
1745 593
1763 525
1443 22
21 653
732 2009
1362 1965
1575 1929
212 1650
1603 1948
12 1415
1794 1128
2214 330
659 1916
1471 1997
177 1486
980 648
2138 893
243 787
81 1476
1066 672
1597 769
1071 236
1554 558
1402 1811
721 931
1525 2174
197 535
245 99
932 597
1715 1576
402 1787
2213 586
393 704
777 206
646 1427
273 922
1300 1129
419 260
205 1072
636 13
1189 491
339 186
1589 1569
866 1204
1925 1000
2026 1673
1193 810
1284 1257
2131 1544
802 1697
1348 1162
1962 1947
492 988
1677 1360
649 1675
1958 502
583 1664
2020 448
822 1688
286 1560
2103 2108
2119 1536
455 1892
1168 654
1033 1201
849 917
1999 406
875 1260
2017 1941
1039 281
1246 1716
694 1701
891 268
144 1954
97 135
1463 480
1506 540
538 1583
1378 988
1534 1647
1805 167
741 2161
1126 924
2087 1465
1858 1138
1619 2056
498 919
1464 927
1362 297
1177 1043
159 2125
1005 1731
1234 1507
1210 447
1359 883
152 780
339 114
355 685
1671 1403
1061 2002
1570 963
1402 35
2017 1494
1899 1631
1352 2062
661 1821
87 1660
1076 1611
886 1465
119 752
647 11
1908 1989
546 1366
1468 762
63 38
112 1052
111 539
2034 1227
1957 2061
1378 28
1712 457
2071 1925
2069 387
1688 1336
22 310
629 364
1565 1055
1500 1972
321 1128
1986 2075
241 1118
1021 162
1686 1198
1164 2088
1556 439
1916 1138
867 945
1923 1492
798 525
549 1246
190 130
2156 2133
63 365
1624 2106
1538 227
1580 1151
175 1779
1236 1655
327 1350
1609 1770
851 1245
1509 2
433 1240
1851 1020
1717 17
912 708
1656 74
1809 1463
1462 2139
198 807
961 1928
1589 1939
871 172
356 971
2178 192
249 182
280 1507
1018 1277
1886 252
625 966
997 1646
518 61
1173 1426
1501 803
262 1760
512 437
886 1905
1919 2123
628 1525
1004 1915
1847 1353
728 1156
317 539
1769 391
1556 616
1979 2056
1332 207
1690 1996
503 462
1451 851
690 1036
184 1316
1615 575
1831 1914
1068 801
1767 259
2139 512
1542 702
246 1601
2199 1271
1431 1783
1821 1311
72 801
2141 113
819 1505
34 1606
1050 2036
723 1145
1137 1296
505 1711
1534 2130
964 2176
867 352
1291 1220
1284 157
1444 1488
834 2162
747 1728
1450 1520
89 1083
201 728
336 1120
1231 895
1418 824
631 2141
309 1050
729 389
323 865
1224 2069
539 1086
344 199
1134 1766
998 608
728 246
772 1172
403 538
1304 1452
1005 2200
1599 511
2048 1277
2182 628
204 355
1533 1161
1043 1741
1160 1415
1085 183
637 969
1217 1788
1968 807
2100 1007
642 437
1453 1373
1074 1069
1176 1752
1781 549
1890 416
1351 1936
148 1759
68 1638
358 2163
105 88
1172 789
650 187
861 851
855 1139
712 46
2031 979
1803 1051
2166 276
812 1098
736 986
413 1507
628 283
1064 1951
256 1935
2159 867
466 278
823 1070
624 678
356 524
569 1872
1898 1443
1531 684
1806 95
2195 411
1065 1126
1169 686
1451 1419
485 1156
133 2109
413 2174
1516 1307
476 611
982 477
1656 1069
710 1621
1673 1284
1744 972
953 204
274 1189
673 1112
585 697
156 713
733 1423
1944 331
22 1536
1716 2128
2098 718
1252 494
240 1766
2103 818
884 230
884 386
281 454
843 2148
117 492
1196 667
1767 1937
1879 685
855 1857
1697 642
1639 1270
1941 945
856 1497
1233 1621
2184 1429
1542 1438
654 1394
2082 140
1411 1442
182 185
765 2054
34 1921
228 337
908 1315
853 1111
446 816
1355 1393
906 1392
2168 1523
695 1179
2007 711
1972 2168
2070 34
1914 272
589 1748
1982 26
1999 988
1216 2184
481 2094
682 589
1361 1342
93 1096
2166 42
476 1000
2118 257
496 452
1384 1019
1764 320
68 1510
1485 1814
1920 790
992 717
1761 1578
183 485
555 1802
696 2210
1340 745
164 703
1530 900
1999 321
2000 342
1274 1338
1335 2199
37 1254
1731 522
1085 1856
807 2072
2103 1672
102 2037
294 1554
1004 753
1013 295
35 1485
1565 293
404 2121
1464 359
1695 1650
2198 166
1461 484
931 2147
1150 97
1055 637
1372 105
1236 1104
1873 552
2034 338
1483 764
2212 981
1710 1489
1936 1140
1278 1120
326 2102
2157 452
857 1252
2103 1200
953 99
555 1844
182 2112
1306 1253
1595 477
944 2017
350 1197
1661 2192
43 343
2057 2195
222 1883
1888 1381
362 1745
1220 414
1057 1768
1062 24
1696 1626
77 1106
1419 1924
1998 1815
350 2190
861 1319
1292 1180
2191 1782
261 1723
733 1646
588 2010
1362 2199
529 512
76 708
709 1212
8 1984
1610 927
666 732
420 1178
1512 543
145 1766
434 2206
1542 518
1752 1523
639 2114
495 11
1528 331
1819 1375
1725 1086
1198 60
1215 1086
1048 675
843 578
1077 67
1451 1133
2108 1747
741 304
1209 1587
1215 1776
1377 336
1160 731
793 306
1539 730
1724 1439
1713 1
1747 666
987 194
1665 1882
839 369
1598 1525
1064 2097
0 1501
1185 1524
1367 1536
76 211
1533 1679
1697 2077
2151 740
634 472
978 795
2207 1740
2019 391
1713 1570
1804 1734
1960 2103
1208 1615
1076 1940
139 1232
1466 388
544 150
721 1690
1341 1724
1726 720
547 245
1175 290
243 1600
277 332
69 215
489 601
279 938
2002 1743
1299 1472
426 398
1147 1504
2138 444
438 823
1857 240
987 970
1923 1886
1222 1061
686 2124
144 888
913 740
279 396
617 1477
1136 1582
1845 114
800 1076
1664 615
483 2006
1695 931
1450 1500
458 538
2207 225
883 2182
1789 1684
1721 870
470 478
58 1264
1325 1786
1076 329
843 1482
976 1884
1651 481
1525 453
863 438
809 1883
887 1353
1540 766
1851 1732
1758 889
1431 669
727 899
1077 1433
2142 679
1783 1981
1087 246
2181 2095
1498 43
194 2047
510 883
138 432
1448 1361
364 910
601 1813
240 231
2174 2171
1078 767
1627 115
771 772
1243 646
1467 1261
1421 1247
1109 1379
631 1097
1181 2080
676 1248
1171 2166
1160 49
956 456
1315 190
1212 1736
452 679
1685 1169
1411 834
507 335
1028 795
2184 1328
1620 1351
146 1554
2120 1152
1408 1519
2128 1065
1543 296
1643 1425
270 878
1877 2048
1669 2035
1974 1762
260 1614
933 1667
1167 621
1806 209
44 1011
127 151
1255 2213
2088 1091
1396 344
1816 1072
2144 1618
762 212
407 675
249 13
2171 2150
276 1290
146 1787
68 178
345 1826
1464 1120
1509 822
1057 1441
91 836
771 165
605 791
309 1546
1563 1145
180 1149
1358 1375
1139 360
1223 2108
1887 692
72 81
211 431
2128 522
596 899
1782 1630
1444 1870
289 898
513 1034
1729 137
1777 236
1772 1052
1535 1787
532 788
1836 1764
1419 1577
1509 833
934 1729
338 1343
1967 781
668 54
590 797
994 1449
663 533
1656 1922
1360 425
744 543
2193 1011
615 1231
465 2008
1539 993
181 774
950 801
1653 1402
1196 790
610 1768
1639 861
2200 1166
321 1294
1970 879
761 918
1864 2024
2146 1406
1109 2171
1366 1728
142 399
554 116
482 521
1593 246
1440 1711
1962 2212
1338 881
90 1016
1514 1976
1858 2065
1501 826
1943 384
1798 849
248 274
777 978
1719 1248
1935 2184
2213 945
1460 1258
1571 2178
1339 2079
1785 504
1561 506
1613 815
349 559
1663 452
930 1160
1012 739
674 936
1061 381
2087 1558
1079 390
68 1554
2092 33
243 39
1855 281
1551 2189
1135 1979
1361 1255
1331 1946
1635 1103
1854 85
221 869
771 1829
1710 386
1349 1969
1285 524
996 1913
907 992
1703 371
853 591
497 534
544 2047
1939 904
2133 1858
1922 142
838 375
268 658
612 1469
971 1296
1154 1692
2001 2056
914 1669
2193 1027
1860 251
612 1785
1887 1288
1571 1889
1477 1178
1402 1235
658 2076
1985 133
1587 1967
750 495
861 1118
1861 894
2043 1796
275 1893
899 1237
83 917
1849 1262
1211 107
768 793
1265 1672
960 1754
1947 1258
2021 278
343 153
109 1866
158 1643
1465 1388
1785 299
1252 34
1917 534
1790 1948
1416 2144
942 576
693 1234
1455 698
1364 95
1813 773
704 966
402 1026
1607 22
287 106
401 1561
1607 1360
596 1538
901 1473
2015 339
1758 1957
1843 1734
540 1960
1904 535
1192 1085
1001 1359
902 1998
711 2159
486 793
36 1861
1546 2106
549 983
537 963
2205 1881
809 542
1625 405
464 1722
214 322
848 1035
77 376
397 986
1421 503
1706 998
179 2127
1704 1044
2150 1911
1767 904
381 815
1409 460
546 14
1595 2208
100 1033
814 1661
1231 341
824 569
1099 1943
917 1254
175 2190
1043 1272
1592 2043
1778 1397
1141 521
1361 1616
1982 449
1901 2178
808 484
1998 2073
1711 1029
975 478
1283 364
1661 972
2108 1265
1779 146
2137 208
503 931
77 1411
1359 237
934 821
1842 686
1156 526
2058 838
1158 674
242 2151
1413 1288
673 1077
257 1315
610 245
2171 886
237 2027
1805 960
1442 1041
2030 1378
2211 335
2130 1573
1285 577
1430 1713
1010 1306
1909 2108
1187 76
417 1651
805 1422
1348 501
1426 691
259 573
40 659
196 818
1782 1333
1239 741
231 915
1873 386
1298 1989
374 484
1196 1246
2165 1669
1521 1475
1940 2206
100 736
964 726
1537 1531
2058 1585
278 1904
1683 1165
1338 1181
1912 931
1214 1364
1522 1406
108 446
929 2193
1321 437
1136 709
682 1077
352 270
1217 813
1247 313
2030 1831
252 1806
1796 826
1952 474
691 1087
1795 1696
1216 1438
555 1681
952 1827
92 882
1226 1474
105 95
1319 137
846 1509
956 1361
1444 1176
1369 1638
56 1675
1099 1035
526 1112
1932 531
90 756
1873 15
1797 451
1020 1105
2091 1226
1131 1782
833 491
424 1454
734 618
219 204
279 343
1175 1906
1748 1487
1086 1587
1857 956
524 1571
1189 922
1116 1677
503 307
2033 837
1417 89
642 577
1730 1060
498 1643
601 679
186 739
32 654
1137 1583
1297 1883
2062 232
186 11
1723 703
498 1317
1941 2144
935 120
531 198
1759 919
1552 1699
965 28
1443 1180
1482 1062
480 1208
1610 819
228 1148
60 115
1903 505
524 778
692 2165
20 1188
1138 1253
1375 1741
240 923
1114 2141
1587 647
701 1774
1824 778
1847 87
125 2092
84 1780
657 851
1864 1750
1308 1600
1134 1066
2208 351
1309 1981
1394 308
1134 1325
1859 284
2133 936
545 884
745 1231
2017 1785
1057 305
288 61
2121 351
791 43
2196 1803
774 219
526 1112
1808 1123
220 1889
141 1114
512 441
1868 1737
1321 1555
1766 1408
1393 617
1722 2197
993 1405
868 2105
994 443
1462 2013
1564 1478
1245 282
1920 395
1801 638
1449 1796
615 4
253 1267
1293 2102
1624 1541
128 1011
1231 433
773 1006
45 294
8 1131
61 816
2067 2125
1926 1853
858 204
540 225
1440 526
1862 2128
1581 1633
1495 1249
90 1136
2117 1867
1797 200
224 121
30 1739
1038 685
1673 942
1274 1734
121 2091
1286 1759
588 1899
964 1810
1173 1591
1505 1924
482 1471
927 369
1228 939
563 1999
2167 1449
1100 1785
1595 1283
1043 574
354 930
269 1973
1182 1571
1633 1316
1120 269
1907 1457
359 979
1348 1527
1092 642
98 1761
328 893
1179 945
22 1726
741 920
1962 2076
1450 319
1632 1298
1729 1349
1155 44
1345 1782
1783 1839
1795 774
2099 1644
2147 1778
1863 544
1294 1635
197 1187
605 1871
1787 2116
770 1979
1327 816
1218 1969
334 915
1559 1772
213 1159
1920 647
2169 1574
1718 1885
789 497
1998 974
920 613
1291 705
304 1293
1981 2133
1648 2174
665 1161
1525 179
1259 972
1557 972
818 1440
1192 281
395 960
344 173
2091 1990
1524 31
1311 1012
379 262
1991 919
1586 45
1825 430
1280 105
1813 1270
1861 279
1556 1538
2151 598
348 2203
1586 1929
1858 1528
2012 1705
1665 388
833 1109
1313 1317
649 349
1711 246
219 74
546 1558
1047 1163
1662 1554
1392 1816
1847 286
34 846
2146 444
1897 223
521 1846
1480 837
1419 1735
130 1494
895 1838
1232 576
287 625
635 794
175 1416
558 379
435 561
521 1363
1188 96
812 221
206 858
1970 1004
1035 1536
1283 2099
657 579
506 1348
705 887
154 1132
962 316
1018 1907
1001 1763
291 1996
1849 452
1939 1484
1889 1216
2116 1245
1252 599
645 135
551 899
1064 1979
1389 76
1017 784
1005 2189
750 662
1293 958
914 2157
1466 405
2077 43
1072 1534
995 1041
476 975
1639 1602
529 977
721 1989
1425 90
807 1981
1252 858
817 34
1718 2056
643 1692
441 198
1287 1722
1326 1148
1654 1203
0 739
564 1203
138 2125
1332 1293
862 1746
142 887
668 1049
315 1613
2096 1614
1681 44
1940 1731
1734 2162
1762 1573
419 410
1537 1281
1123 885
1096 29
129 1661
868 445
1451 2149
686 1658
1551 1589
488 1951
402 1922
19 1211
944 239
1736 211
2034 378
698 964
1549 1194
1162 2007
1884 1534
2116 1501
1569 702
1963 80
4 1220
394 1293
1883 1751
740 1931
1478 986
234 1904
1195 1081
109 269
1151 270
1130 92
1835 1802
1030 364
32 2083
498 1550
1564 1951
136 1769
622 762
1430 962
1662 2064
1450 1186
515 1614
1513 1702
1687 482
1378 322
1153 53
135 677
64 438
802 883
1728 1790
1469 1882
229 671
1932 1210
421 1056
370 1056
1914 1828
834 1216
233 1054
1509 2016
1663 1115
943 780
1540 178
77 1619
44 759
2067 864
689 1649
384 1412
1567 756
440 1748
1127 1796
675 464
1033 2190
2056 357
1540 1269
2117 875
501 1716
1027 2162
121 470
1755 1902
611 1291
2018 763
1344 1237
1022 1590
1501 1551
1754 1519
1216 422
1311 1554
1061 2017
927 443
2126 778
937 1721
572 41
1223 148
1395 1342
1344 1366
457 1393
1811 893
1593 1144
503 584
110 2032
1634 2022
1991 2168
330 1099
1050 2119
1501 1831
1634 1823
84 1281
1308 651
507 1286
1401 1430
928 469
1846 143
1056 666
1254 182
1957 546
1376 316
1702 686
129 1670
998 2057
512 123
1737 1457
448 27
1721 2040
1507 1115
1057 2024
2203 1934
724 551
1963 400
707 2
1974 30
2023 1611
2193 1664
1094 419
1269 49
1064 1705
537 1167
757 1346
255 125
1929 1393
2048 97
1815 1749
561 1813
1214 357
363 2022
1542 924
843 1180
1663 894
1709 1708
1878 578
996 230
260 2029
296 1352
1483 850
73 1650
143 2168
1464 88
162 291
153 1912
1221 166
290 292
1121 644
2093 269
541 290
2045 246
1129 1786
1657 1239
886 612
281 1835
163 890
781 1634
333 1206
198 633
814 2053
970 913
1519 2030
31 1970
896 186
104 1141
1293 1504
1111 919
1669 453
584 1942
445 955
1353 1073
1958 669
992 171
965 1787
1514 2090
1178 1879
1769 903
172 1802
1039 407
1279 848
1417 1341
1493 1190
1787 1200
1005 2155
226 693
94 1892
1895 1228
1178 1910
1329 812
1894 1905
791 29
628 1648
353 2117
1515 1840
1608 7
1908 1938
1546 1275
813 2180
946 1394
702 632
1185 1447
2211 1050
539 512
2044 1744
740 1220
988 1367
2146 2166
102 517
1515 2082
1138 1289
1095 693
488 586
1414 688
225 1019
990 40
1710 1760
851 1222
1372 2047
1872 868
1010 1475
848 579
895 364
1743 899
1739 1123
660 485
370 1363
1894 298
56 1982
523 917
1169 1462
1429 1615
149 1800
1082 39
2111 1419
600 1134
1255 1513
24 823
1787 1440
1258 1150
1365 1873
691 1751
1368 1106
275 2055
202 1294
1731 1840
1808 2142
1981 523
724 1934
1674 724
2097 1345
372 1931
666 1115
148 716
59 1664
1690 1775
1364 343
238 1249
2168 1114
580 1436
63 170
937 1271
1602 2044
1399 968
220 331
1798 54
817 1202
1403 1289
378 1608
1190 803
1582 636
505 1268
1637 2202
2104 943
799 1884
1263 806
1596 1382
1244 1278
1704 1109
393 385
1335 947
689 1851
1566 1688
1504 1177
1906 937
287 2211
1692 111
2145 776
660 473
335 33
482 1357
1957 334
1473 1775
1125 1004
672 1417
61 1728
1347 173
1680 1966
1912 1731
1739 1015
1003 973
431 792
1448 380
220 1401
1491 611
510 582
2059 1196
1090 286
1506 1055
1469 66
1372 1393
1346 498
106 1432
1382 1345
5 2132
54 1771
1565 804
1346 1001
584 265
784 1425
1885 41
890 1504
1736 535
305 39
893 42
156 1186
1379 1893
1260 1800
906 122
1799 2184
2033 1494
1416 1952
740 1494
575 687
985 1252
1730 2017
891 1755
1777 277
276 1003
2205 303
782 169
1780 2054
2081 2046
422 103
163 1197
453 71
983 950
238 349
318 156
953 478
1326 837
1272 1220
49 1618
80 2146
1932 1624
924 119
1146 188
655 668
980 1420
1259 2008
1376 796
1981 607
1737 1456
2041 1140
1637 1544
1259 1527
41 1576
1048 242
109 168
359 586
512 933
786 1254
1439 1526
2120 1544
1035 509
246 1128
949 1186
826 233
1517 1484
611 739
1739 661
2166 983
2154 801
1691 1067
1918 474
651 992
904 66
452 1450
944 1781
1541 470
1103 1695
1758 1686
151 742
1031 282
334 1071
919 532
1590 1885
538 444
286 759
1047 1248
891 406
1316 1721
667 633
1033 2006
1834 1558
852 796
1281 795
256 1732
300 730
1864 710
1096 982
1507 556
755 1062
2134 1249
3 541
1123 589
1520 235
1173 1797
1926 518
1048 1555
302 1328
2136 296
2053 114
1556 501
1750 460
469 2123
436 499
446 1947
1896 219
1693 499
1649 424
627 1122
1901 441
1555 2107
1908 1436
848 880
1451 571
1359 2090
1690 1974
960 1547
971 450
1690 873
1634 607
2094 357
0 965
2171 1690
45 2173
545 127
356 1034
1847 167
1843 520
2150 1358
1579 1663
1507 1894
1053 855
1002 1464
1949 1508
1421 1244
876 1422
120 1508
656 903
1163 197
1707 531
1510 985
888 1931
1691 1060
281 172
372 539
1305 400
1135 652
940 1536
1231 1953
1159 1804
1952 764
228 1690
905 1833
384 1829
1981 1102
973 1592
2213 1153
1264 901
1891 684
499 1259
1159 1073
1603 1997
1042 1
1293 2123
412 1128
1427 1620
43 924
1936 1288
1377 1474
1637 673
1326 466
113 316
33 1159
1374 824
976 183
1920 869
414 1260
596 25
795 1874
1284 315
1532 2072
1935 1157
746 1806
722 333
529 1414
621 1380
580 1070
479 1954
231 458
1948 530
1297 112
423 1665
2166 524
174 2014
67 102
2094 592
1769 1241
1643 2007
1932 863
12 1917
1192 1505
375 255
1090 351
1724 311
2054 524
1442 1002
393 649
1122 819
639 1577
1042 468
1605 2208
1992 2204
1390 1464
26 85
2088 155
1329 979
3 1887
323 2127
361 1716
1874 1722
1327 1355
1571 88
1882 1289
481 1215
1305 1304
544 581
94 1680
1255 419
801 483
723 1992
2 1207
1388 2042
252 734
510 1792
2017 1751
64 1207
1355 489
543 1414
514 2036
2193 878
89 375
308 899
558 901
973 1816
343 1701
736 1088
1386 1568
420 2013
2180 196
698 1465
1719 2037
1870 1331
1571 1534
800 1260
234 10
1555 2064
1636 1428
563 1598
448 1010
294 1526
1215 651
428 739
589 1798
1519 1817
1896 604
353 117
983 1676
396 26
1032 2171
570 1058
1997 1393
1944 761
263 30
2033 1444
1377 1745
374 1132
732 1454
2011 775
277 789
635 1395
869 1580
762 942
1776 247
1303 1359
1690 412
1533 1066
888 1765
2028 1304
151 1863
1249 1552
1361 1147
669 844
1972 2172
1848 956
62 601
2091 1274
1869 1561
1695 776
588 1279
717 898
2044 125
397 616
1076 1376
183 1132
1299 716
66 222
2081 1660
1144 863
2088 237
752 837
17 152
1937 289
729 272
99 755
339 1170
1939 1081
2148 258
133 1132
147 135
464 1054
629 723
1507 647
1126 2042
21 1020
1948 322
806 1300
454 1714
2082 344
1019 990
1512 899
450 1387
788 452
1135 1435
1692 1918
651 866
1423 1422
1598 1437
1117 1280
1743 479
359 1106
2116 854
1665 137
1616 838
990 1278
1882 995
395 2071
650 843
2169 220
1907 1372
638 689
145 296
1876 1033
1007 916
2029 1015
91 1870
73 245
1685 121
1721 1835
482 1251
175 593
658 2089
663 1582
18 1297
539 788
1656 1944
2057 1959
1921 896
972 1896
2082 1733
841 1971
1582 776
1236 853
1954 775
844 475
128 1084
981 704
2165 1518
530 1684
295 453
1388 122
1186 1200
2102 1509
1531 539
321 1421
1545 573
1121 94
1147 88
949 75
1362 2064
2060 1084
1142 717
793 544
2043 986
1117 683
636 580
214 1399
1271 971
371 528
7 1257
1783 590
1814 1180
1588 1067
1244 1062
1714 2184
1994 970
475 1829
1479 1869
348 750
767 2147
723 1021
135 1738
926 333
884 1202
538 2022
975 540
547 702
1185 128
1969 11
1489 51
1429 2157
469 1864
780 290
1843 823
168 2065
1964 1515
1759 269
605 1031
2172 1058
403 695
1133 69
1696 1685
201 1004
2025 590
386 2038
853 1933
1453 1754
2132 1478
1450 992
1921 337
1663 1029
1213 6
596 252
1938 565
1080 1023
1868 203
1999 663
1586 305
545 757
586 2102
2186 1468
514 550
52 1928
1575 1586
336 2022
1874 1980
1672 311
2020 1535
1842 834
1826 1764
1916 1393
1143 971
1749 2137
2136 484
853 1785
1825 1992
152 393
196 2047
355 1049
526 849
90 1078
1883 638
2208 2016
735 1019
1715 582
1519 2033
1700 91
1940 1712
1945 1121
94 1269
360 231
1991 1332
597 839
1793 1065
380 1394
808 1010
1029 161
1340 2005
1454 2080
109 1066
469 1236
1317 2194
1368 474
2119 840
1665 2031
1405 496
1405 576
251 436
1821 1270
1702 1058
93 1471
1857 2069
1111 1660
2060 1668
2166 185
1926 924
36 706
219 2100
1887 446
1700 1604
2175 1244
1494 938
2144 56
158 1306
685 1280
98 387
913 537
1387 1350
843 707
896 31
1387 489
960 1533
2007 713
642 1154
1844 1869
437 1645
705 1824
407 1822
2183 295
552 2038
1790 780
2207 832
1214 1571
874 2189
888 391
1326 210
2070 149
359 1086
1461 1978
794 1217
1635 1324
1773 895
939 1762
1343 1556
652 576
1906 27
684 457
595 2086
244 2069
241 1429
345 73
13 1349
1723 1266
1721 315
95 1717
150 55
640 1382
2018 1320
1730 467
1144 1608
2099 1734
1979 412
1856 266
48 1875
999 395
456 54
452 37
957 1123
1125 6
553 386
1244 1588
1122 1462
1281 622
1937 408
1354 990
1583 826
2054 573
1119 1173
539 1454
2198 5
1434 1047
635 1995
506 41
746 2192
203 433
669 1932
763 1650
2091 1531
243 2019
268 471
435 1384
1889 1103
321 215
699 776
286 208
1009 568
728 1663
1676 2015
2070 1287
1567 1002
1961 1608
2037 2169
1267 2165
83 1625
409 2002
56 1891
578 1039
890 1168
228 1812
1166 1390
487 1203
94 166
616 842
2008 476
1317 441
1375 1663
842 655
2072 459
1684 232
2150 1440
284 1588
1607 1503
1502 1155
1409 383
1503 13
2103 1392
1731 1698
1009 732
1018 178
199 1124
1523 711
893 1504
232 1818
488 254
1664 1564
2018 347
134 1378
1005 797
1198 767
138 2007
668 277
1809 857
288 566
621 1496
1909 898
480 1277
1043 15
35 1237
1684 1505
1044 1226
714 418
1239 776
1489 1331
1037 879
1869 244
519 764
1416 1207
400 2165
11 1576
1906 1185
1945 1885
2025 1678
660 135
221 2007
2115 318
2189 160
421 1892
1928 197
1353 566
1869 1016
2036 1154
1863 273
1785 1733
561 554
1829 517
1027 2137
686 1284
1829 917
924 172
2187 773
931 988
1789 631
1307 1944
1995 466
912 835
1790 1415
2002 1776
2207 2192
456 1236
2157 1947
540 1643
1009 1905
165 2186
1153 1363
1477 827
474 789
671 2008
54 383
2116 1064
1999 1666
1329 2123
881 975
1972 940
1278 1668
1609 805
385 1228
55 1341
368 581
1308 1544
690 1545
312 2052
290 1118
936 1306
338 1231
2012 590
153 124
1495 980
672 1304
1335 1961
933 1502
2075 1466
1234 1426
1403 143
1168 54
1025 2154
2145 420
269 860
2064 947
846 2145
2106 1109
1156 1089
219 532
1361 1510
1130 109
1224 520
1529 436
678 798
90 1077
52 1943
513 1096
1239 1717
478 1662
1976 53
570 1762
2087 1558
1470 1515
1010 661
504 1870
1033 472
1430 1431
966 1167
1314 1156
576 1188
1960 1535
1476 294
291 1410
282 1583
1664 799
881 469
2211 524
693 1565
439 1377
570 1648
1000 1961
2056 40
253 882
2057 1172
2205 499
877 1678
934 1426
1007 447
1624 381
1237 528
548 1993
2208 1495
447 642
1642 67
917 1274
560 1017
750 314
831 203
1460 658
653 2
1454 1496
114 26
904 942
490 95
155 1490
631 1615
1037 990
1723 325
996 9
1241 1571
252 2110
1369 670
702 1029
2173 188
527 694
775 1258
617 758
1367 1330
741 363
1028 1525
445 117
422 674
1375 1309
1830 718
1193 922
1120 1224
28 761
181 495
631 1598
1731 1237
221 243
1139 536
1612 12
921 353
2036 2109
1240 1375
994 1551
1196 1481
1939 1323
1939 50
1167 788
647 1920
1569 2104
154 376
2212 1338
525 1089
1217 603
1673 1060
534 2144
359 1174
1366 2123
998 490
943 1817
1459 2046
347 1280
1519 364
1675 170
2057 54
1453 1195
1635 984
94 337
1538 317
909 1997
1154 1746
2049 1898
1948 717
1566 498
279 2082
765 708
350 2007
2009 2057
1796 370
1706 1919
2143 1600
1428 1961
1379 857
1749 1544
81 1978
1536 387
1983 870
965 1738
334 1682
1098 889
482 1970
1418 1269
955 1873
1210 58
1518 216
1887 498
774 386
1603 297
1235 1811
864 1207
511 904
794 1380
1440 1220
123 1882
1974 279
2008 1420
1867 741
863 1543
1347 1118
1168 1042
674 965
156 2160
1693 1696
359 511
339 1653
1241 1969
860 1540
1624 1395
974 1280
82 2137
1942 216
2102 693
1561 1842
712 71
186 1484
1331 70
821 1699
812 210
2177 508
1948 1025
759 1855
1558 550
1000 1433
1819 1294
1978 1265
1948 1745
1338 2091
637 2011
1377 1375
1544 1260
1294 225
370 1570
1736 2021
828 133
1268 929
1420 801
1978 1993
1242 1231
755 2070
1693 632
433 984
2058 218
2058 1307
859 18
1045 1976
1159 831
900 1542
867 2111
1258 1567
867 323
2016 1697
502 750
1432 1851
1591 2119
314 729
1750 775
766 1981
1449 1852
1892 1348
1373 1185
369 1528
259 496
529 741
29 136
704 2071
254 806
1411 462
204 1901
233 1358
796 135
1858 1333
1180 1034
1413 278
2170 1028
547 1255
407 871
1639 1390
106 273
728 2111
1392 1261
415 1875
838 698
393 1573
1641 1638
842 1639
1687 1892
70 572
432 832
71 777
1124 667
959 365
1832 35
2124 675
1157 629
603 813
1773 1517
854 800
1847 521
854 400
412 556
1793 2019
1274 1510
1544 2002
778 534
910 1166
2117 1953
988 542
767 1538
2022 1471
1431 1435
629 1705
1950 1123
1960 643
995 1159
900 756
1476 1104
567 350
1218 1398
1401 379
1657 853
1565 1262
