1483 757
1824 1898
1729 645
1070 557
2155 1599
1243 640
1660 778
1810 1014
950 2208
221 321
1648 1003
1804 822
387 524
1612 889
1955 2073
854 792
1020 1434
1843 825
1187 1245
972 876
1082 1999
714 2049
585 175
330 2060
382 726
2214 1385
957 1488
1645 1612
91 1448
790 1879
77 2109
1521 230
79 1784
1784 1965
2110 1729
959 2042
754 538
297 526
1469 816
945 86
1317 1219
968 1905
1685 206
1621 595
947 2158
1387 131
325 55
373 1673
959 602
367 226
1080 1959
1865 1739
1391 1005
1936 2188
1748 858
2067 1785
1642 2090
763 1463
789 2158
1878 1051
955 820
1460 559
2093 1054
1890 356
1934 2144
986 156
889 1952
1531 852
673 1328
1835 1560
76 1684
1872 1861
318 874
71 683
2104 354
1154 969
1468 1028
1392 381
1445 1833
218 1226
1670 2074
323 1521
506 455
509 1304
2009 693
324 264
392 1961
1135 754
372 868
267 912
332 931
1910 446
1052 808
773 1863
547 2065
1506 1517
1734 227
1231 2080
1512 757
1811 788
558 219
1846 1534
356 759
1473 929
630 982
1821 1848
1459 316
119 395
2145 132
274 79
97 1968
1824 1486
1057 959
1834 1430
1915 464
650 607
2209 569
1223 1693
2065 1726
1810 1049
1414 2063
336 1248
84 29
239 1869
744 1954
1886 955
1015 1469
1216 276
1005 239
67 957
1795 409
1367 763
201 1385
1080 1641
1571 1816
915 1732
1838 641
1594 1473
1804 1164
429 851
1132 2016
1563 415
820 1198
1867 2101
2038 1690
917 980
273 2162
1604 474
1780 114
594 536
1093 1053
1722 595
1373 57
1380 478
1513 1024
312 615
1242 1641
1780 2192
493 1952
2017 1571
1708 702
1033 1991
1280 1954
1974 307
1548 1992
1621 206
1211 407
405 110
917 2134
327 1764
1205 409
428 373
933 812
1680 1925
218 326
261 915
448 1740
971 359
1490 1819
360 1856
1379 1502
1320 2088
32 1426
1257 634
1049 1715
1086 1254
1674 1259
1052 848
1722 1188
716 1088
1088 946
1428 1103
682 377
905 1073
1124 1025
1580 1510
448 503
1823 1087
839 1949
319 2074
464 137
168 1605
259 1483
228 1978
621 548
341 1458
2022 911
635 361
1213 1251
1447 417
1921 649
902 882
1026 185
2029 1339
2056 1923
822 727
1576 744
68 1524
468 529
1521 1126
1090 2
1955 2078
123 518
749 478
1412 632
1307 368
308 471
428 220
217 724
1705 1167
302 499
1223 1320
265 1905
1297 1116
828 959
550 314
1043 211
1190 307
2148 1128
1618 1332
1157 1470
1767 1853
1136 1710
1089 56
1430 2052
919 109
1307 1447
1739 1715
2037 1157
1997 1372
1139 87
334 1999
921 472
1339 1251
399 2195
592 1781
1752 1391
1440 1948
729 1997
934 1450
728 1535
92 2055
1412 1394
433 406
2 1881
787 168
421 150
1624 1394
2060 488
1051 202
1542 1301
2138 1108
1485 2006
2076 1721
1795 1484
150 1638
1087 913
1265 1853
286 1468
636 1715
1109 2189
1396 512
588 1326
2009 1885
732 228
256 834
1470 1138
1451 891
530 657
1562 1261
317 2079
1486 186
327 2092
998 497
280 2196
1120 319
2027 2206
895 1742
668 170
1744 1262
1893 2112
617 1052
950 2022
1392 27
68 1359
1808 638
610 1905
1292 1969
214 522
2021 133
674 2023
1780 1220
859 1110
908 1453
315 504
1442 1889
1531 1299
1427 614
299 231
4 1193
1655 394
1190 470
185 1251
818 1815
1352 363
769 4
2005 2029
1750 834
1472 1603
1199 1323
2121 1266
668 1025
1494 1652
1671 1367
754 1628
1499 110
654 1357
281 2094
1291 963
783 1890
491 692
1372 1316
1747 1551
1166 1904
553 1013
1646 2070
990 1952
992 166
440 1702
958 543
1259 790
1088 2091
240 2088
828 314
1866 2109
1095 1178
1097 351
1459 1845
1263 991
260 1141
481 1688
1108 947
533 23
1631 518
2126 1917
1384 281
671 2050
1692 59
1205 1401
1161 1502
2085 1309
226 290
1845 1035
530 1337
511 1213
2144 504
642 894
2209 1852
1289 726
253 337
1788 1159
1610 1694
999 702
1766 1812
1458 2132
1812 244
2119 262
1299 783
1466 149
1295 285
113 1934
250 688
1855 2014
260 897
297 1270
1492 1882
814 961
1734 778
1930 1435
723 2212
680 96
395 1627
667 785
2129 331
983 2077
231 2172
2161 1436
458 1379
1560 395
1200 1747
393 752
948 1442
416 1169
1069 1339
703 696
125 568
209 183
189 715
197 1783
404 149
695 423
63 84
53 1041
296 711
1289 1800
1569 154
1656 141
60 1426
827 1195
564 445
958 681
1241 1532
1716 295
2025 20
1078 2110
474 1451
228 281
1038 1787
2201 327
440 1447
1451 135
922 462
898 1045
229 967
1176 1186
745 549
1845 1189
166 873
568 200
409 323
601 1221
2204 1716
2012 1241
2180 1245
309 1696
1041 1586
1188 417
1279 706
243 1475
36 1253
1678 602
1649 1821
1008 855
2089 561
920 67
135 1142
799 1821
552 271
2117 103
1307 2145
325 1912
745 237
899 1314
1152 1181
1121 1568
530 1640
2072 1923
897 1546
669 2209
599 535
579 679
463 66
1292 2140
787 2164
1197 2031
243 910
289 532
1692 1761
133 300
626 2020
542 2185
1782 2072
857 362
1987 25
895 2001
1469 1727
988 1637
2003 1064
1213 1794
168 500
1210 858
169 887
928 1665
1951 1074
945 1544
84 341
2096 109
688 1366
1912 408
253 383
2177 1921
25 1664
1812 1302
966 473
738 303
1073 1355
1827 763
1220 841
191 1053
1089 630
967 127
1730 1144
1522 1917
340 38
695 692
1932 1065
432 1133
1721 539
102 1336
778 469
804 245
2029 928
348 1819
1383 1585
10 400
35 930
1275 1809
1542 317
713 791
878 37
1094 858
1924 2060
489 896
1213 445
436 788
2050 1688
1441 644
1764 2117
86 19
887 1998
589 1857
1221 995
621 1444
1376 871
1440 1672
1068 746
1136 697
393 1679
1721 452
1514 941
1925 1675
470 1712
730 30
1516 1074
1144 1211
2041 279
212 25
1834 99
428 285
395 1714
1090 1988
1830 1102
1969 274
574 77
1167 1093
1233 1903
122 2213
1928 1733
1130 1870
545 2122
81 692
32 449
508 433
338 203
1647 727
56 1100
641 311
1914 1389
394 1850
1316 671
575 1406
1485 1152
24 1016
1570 861
2020 423
475 1720
1078 25
443 2070
1248 325
1035 20
1732 1539
242 1388
1853 575
2187 1519
628 456
1872 2202
1299 524
1981 1067
1449 1195
1390 1695
973 2033
1639 1297
1959 1483
1194 1052
871 82
735 1073
1501 600
106 1357
2041 532
2147 671
958 38
1884 1098
55 2110
993 2008
1884 1285
1031 1314
1806 1928
1046 878
43 474
1714 1436
2090 173
13 2144
982 473
2014 424
178 1693
1556 1669
1850 1939
383 816
525 1286
290 2159
1848 314
2176 473
922 268
1730 1170
1672 1499
605 1085
1717 475
930 1663
2076 487
1306 2169
1049 176
1806 1878
1272 1988
2019 586
287 44
2017 1785
832 2030
936 1249
438 2025
877 625
1243 326
618 1457
1409 601
2099 1192
1815 953
1315 44
124 2065
2190 627
369 308
1257 803
911 1795
762 1915
1496 71
1389 2137
2062 250
1656 1750
2146 1998
70 331
1034 837
1288 1529
1827 696
2207 2214
737 1026
1034 490
831 1357
1802 476
372 2116
1208 1883
1789 1893
2112 551
363 1056
988 1400
1874 1682
800 751
1396 761
1204 1704
1949 1310
220 1538
1331 1868
795 280
1971 33
250 460
1515 2018
1341 352
376 1872
1246 748
62 1838
1433 857
175 588
2065 402
231 1708
1600 2144
1929 1010
466 2114
2167 969
1739 1863
1345 534
1496 363
707 370
1177 44
215 1270
1169 867
1083 2141
91 1572
1461 1426
1667 148
2100 1350
897 137
1848 1010
1254 1907
1744 1620
768 2094
1543 1620
1533 1822
1863 1253
1439 759
1680 557
1590 971
1187 456
1150 1032
1011 426
990 2059
344 236
50 1284
1218 1863
1483 986
197 919
1960 883
1512 1604
540 756
1752 356
576 611
1026 1986
1720 771
1712 1942
821 1613
1834 1432
1745 1098
1249 957
525 1426
1054 826
1472 530
1312 1521
2081 1899
2188 1543
163 1622
389 927
903 1299
668 281
218 276
74 1667
76 873
193 269
1534 1386
278 40
1990 2091
2098 869
1279 908
897 1425
958 1802
796 1706
2121 1435
1187 1320
715 2172
201 393
1248 367
2062 1551
1536 1987
911 684
1472 20
1989 615
665 1360
1352 2197
758 2092
207 1704
2177 852
1926 212
1845 1243
537 1528
212 1083
993 1136
116 1059
1068 1991
105 1315
1926 733
971 1399
105 747
1796 2039
432 1409
2072 768
336 346
1069 1401
591 70
36 226
1227 2089
2076 601
2049 1019
2205 1214
796 1380
1497 920
1351 1134
1775 594
262 1928
1733 2128
543 1959
1621 1016
196 87
1977 29
902 2171
1323 603
2199 1495
2019 119
630 970
679 1021
1495 972
849 1571
125 490
2024 918
258 1989
1227 1804
1026 1335
1710 1816
1051 2164
676 671
860 1533
330 242
119 993
1020 1539
76 260
1207 830
348 1798
194 797
74 2079
303 1885
2164 1656
2059 385
441 2059
1049 154
1666 1085
932 179
566 421
1843 723
792 1740
1959 1736
157 1920
783 1172
322 198
117 115
2170 1650
1576 593
864 872
1991 1826
91 154
2118 1499
1164 2063
904 479
48 690
355 1502
331 2183
1317 1967
552 67
79 1063
1491 131
169 814
1142 1416
1275 92
500 134
1124 1150
1842 2206
1022 824
897 1246
1650 321
1168 632
1963 1983
1781 1921
1009 1717
531 1038
2122 2072
452 1090
216 261
1026 762
1602 94
1432 753
1010 337
2022 1334
1886 91
784 2082
1100 1471
740 1507
1230 327
718 999
1971 1530
1534 1546
691 918
195 1547
293 45
27 951
1143 1332
234 1770
1871 875
1046 294
878 943
1416 2184
2101 1736
2022 1331
860 1954
144 1143
668 738
1084 499
968 1445
1729 90
94 242
1778 1888
2175 1945
1167 1161
1930 2034
1574 1207
65 1602
0 2
229 809
2204 433
1133 1582
611 1834
1942 211
1123 2134
726 907
2166 165
1918 352
456 1655
1261 1735
531 664
2075 1377
11 1545
254 1192
2196 1465
1032 1307
2041 178
1244 2108
2082 97
549 46
1388 1597
155 331
2127 2062
216 1575
1055 1320
1799 288
1447 1125
1823 831
847 1256
227 1602
586 523
780 1511
1773 1747
340 796
611 1887
744 867
1119 123
152 2004
191 26
286 1642
553 2133
1243 949
473 1999
1408 2197
1187 1201
1607 1789
1959 987
580 254
1342 302
1770 992
723 1843
928 865
1591 1378
1807 865
1953 1738
1248 775
2131 1646
600 353
1653 479
148 1832
798 835
766 274
1959 617
1288 2120
1730 565
1125 790
1097 732
2058 854
1264 1192
1600 65
589 1787
1285 353
971 1334
297 1322
455 1302
1297 709
798 602
41 63
504 416
2030 1646
1118 1275
1943 1497
551 805
1877 1281
1655 863
1561 213
187 450
310 860
830 1210
1563 2168
918 1155
2047 2185
715 1360
2036 1019
1356 1103
329 2039
1174 847
1165 975
1731 26
1397 1740
1533 1333
115 1620
1004 1001
1734 1132
1399 936
1373 1945
747 1205
1105 254
1155 75
1248 1409
1356 1334
352 2039
1028 2081
2014 1419
1040 309
58 1295
427 570
680 912
1146 1418
932 1571
1288 2186
828 1605
753 2101
687 1491
1864 236
658 1805
177 628
838 1295
44 1171
746 2004
899 751
459 711
59 1324
1959 1775
200 857
1242 147
468 1901
529 1044
462 2081
177 868
578 1309
1986 1527
705 2024
802 399
1789 1113
1126 937
1219 129
295 1375
877 1903
1631 1486
1905 1658
1367 874
270 6
478 1827
1501 1010
1190 169
928 436
656 1025
1815 1109
599 2117
420 953
719 458
1098 2143
774 664
1393 372
62 1840
2137 2132
840 1150
1071 48
1507 1217
1814 746
467 316
121 541
2085 617
750 206
2078 1159
1277 1390
722 563
449 1523
1953 2111
1204 523
730 1878
2205 1246
2159 444
633 879
1356 1501
2032 2142
1050 1466
1611 265
576 364
2183 1545
478 479
724 1008
37 1123
46 1622
1175 94
647 1080
590 1454
108 2135
1466 100
2066 1766
141 1801
976 1803
654 606
593 638
1038 1421
919 2090
626 1047
748 949
42 2093
1140 502
1686 694
166 1853
129 311
1023 1663
891 1191
572 564
1964 1835
769 571
1134 16
588 314
1379 358
1570 2206
400 1825
2155 2210
1386 1686
169 2103
506 1750
1244 120
1852 280
1287 333
1248 1479
1355 1513
935 1613
772 1653
1303 1339
1065 691
907 2112
780 658
1176 876
1500 126
1499 1649
1056 1299
2208 147
1420 1784
1766 343
428 154
1426 1478
523 327
428 472
1754 378
1873 2022
1288 1409
1182 1521
1047 2034
1619 941
1054 1551
376 787
424 2162
2080 812
1792 767
1836 806
2049 1653
1446 1494
2159 1078
846 888
993 456
1070 1676
2182 1181
1561 1621
1538 1181
1270 70
1691 2148
375 1421
1139 61
1595 192
1267 656
1437 204
1621 1480
1403 689
2147 473
2154 2012
746 1379
671 1996
1947 1974
1834 276
804 318
128 1255
513 638
832 1560
1641 913
1677 1234
1447 1757
558 736
1227 1889
296 708
303 1298
562 648
71 1752
1404 1178
462 2054
81 501
126 1164
1089 1042
2031 2115
1543 44
867 1084
1829 378
1484 1591
1955 1259
1317 1774
341 222
2190 1121
625 1387
656 1927
770 1894
97 1519
43 675
151 1175
493 2191
408 415
879 607
1196 1235
1802 1570
1034 381
1643 372
601 223
1257 1961
2075 1672
2003 1414
817 606
1987 539
1959 34
76 565
1381 656
89 819
1764 1009
2183 2213
190 83
1198 152
890 1570
1104 505
907 785
1398 1341
1948 1172
47 1792
1407 2106
2149 1526
977 705
757 853
1812 690
1169 871
1532 852
969 117
403 1606
2071 1547
1846 238
206 1301
222 1384
1220 427
1854 1635
442 88
1456 682
1386 149
1592 1168
948 942
1941 170
982 1892
152 739
2043 823
783 997
808 1351
644 464
1209 186
2101 1619
742 1309
886 1836
1666 1352
199 488
91 1483
1548 1122
1569 1147
462 115
1176 310
1926 40
107 1659
1181 1121
246 1467
402 1001
812 458
1577 1099
1203 740
2142 996
2146 567
1485 2178
1342 681
1060 1153
816 1066
516 1213
638 206
1165 1221
1008 1208
27 1279
711 1133
57 1383
1543 579
1775 1200
1960 1390
494 343
1288 635
1843 459
1946 751
574 1261
586 133
1497 1704
196 746
1352 535
629 1926
545 573
2045 1931
2170 20
942 1381
282 1440
930 1361
1638 1479
1821 131
633 1589
517 1475
1288 766
309 438
364 628
426 2122
2065 2026
507 483
1924 367
735 346
287 1461
2030 23
1537 202
1737 851
244 415
1555 1203
1065 1185
77 1030
808 68
604 1409
1433 259
2065 53
613 1460
618 1218
1585 1390
1094 1147
773 1637
1427 476
1562 810
1767 717
1527 1774
1199 1919
107 125
1074 1191
1580 1498
946 1362
1642 1764
1690 1869
1319 1681
776 637
1684 116
2154 672
1707 233
82 733
1516 2034
573 1140
2213 131
1174 892
90 925
2182 1895
1093 1828
1711 476
703 744
2149 765
725 1665
155 1959
2022 2121
1349 1129
373 1072
1173 2014
1572 778
524 141
1623 472
45 181
1762 983
973 1805
1868 1257
178 2024
559 889
1395 1034
2130 160
1506 2192
491 2062
2114 1311
2080 750
1630 1399
196 953
1301 994
1338 158
438 189
1316 745
220 2124
1099 1184
1478 516
609 947
1121 1601
1595 1903
1559 617
671 63
1615 1326
860 1224
1053 1943
1607 427
1836 1607
1346 1923
77 959
1564 393
695 562
1973 1382
1078 315
575 1073
1353 2118
1443 944
1845 1536
1316 278
14 513
901 1894
1948 318
738 522
1627 812
1093 1415
1610 2019
581 1564
663 1808
222 512
884 1030
2033 1700
1207 740
412 1586
1601 1150
166 1803
906 657
1071 746
1385 1863
341 1378
78 1089
464 1314
35 81
1126 1755
1714 1912
1607 1662
141 1129
2119 1583
711 1964
160 661
1856 492
181 2034
364 1795
669 609
1792 707
1613 1645
1017 826
1691 2138
1289 1530
2139 1844
659 1087
1450 131
553 1354
896 1069
13 958
148 1950
1308 270
1513 1719
641 676
1163 618
1473 1968
1 619
1194 1763
1649 1214
1989 1733
1423 121
293 1238
2098 1336
1293 1259
1489 1154
1238 636
1135 1091
301 1042
701 2024
39 230
1377 1116
326 426
1194 465
1497 1093
1155 907
1468 508
1496 1984
882 1676
2164 730
1509 1727
1616 1887
2167 1181
121 804
751 200
1634 1024
1985 165
931 298
402 1670
1816 475
156 1257
1897 1653
935 1270
1396 842
1322 1724
1562 1385
1651 2107
888 1534
1799 440
288 1043
1773 1621
1824 1699
2199 1866
31 18
1054 2025
1708 1908
2011 252
297 217
1247 1123
1064 1748
682 1623
1494 610
55 1111
448 1910
1839 874
1136 442
1722 740
2150 2158
709 821
1273 349
1833 972
1749 1997
1021 1516
1020 635
1424 1357
1632 480
1657 2042
931 1106
1551 2174
1139 331
238 1502
1011 1668
488 1950
1163 1465
728 600
1534 1313
788 357
608 56
1539 1972
205 671
388 1118
1735 371
161 89
1670 1921
170 2153
653 549
1614 1258
692 68
352 1553
274 987
98 930
1270 621
1450 1006
537 357
382 1167
2081 1205
1468 148
398 1632
2036 837
1704 443
1580 1509
343 739
2050 397
458 159
2159 1324
646 287
1925 1328
1845 262
1191 1774
2060 5
282 1079
982 2058
1500 1696
148 1753
1069 801
621 1290
277 1656
1518 428
208 1134
1269 1587
1567 2060
1217 1946
1722 988
696 110
823 426
174 206
559 983
1056 103
2023 1293
1278 2148
378 148
1416 1551
1548 1926
1201 35
759 1671
35 630
324 1200
1236 599
1685 1650
695 585
1982 2075
1126 98
623 392
1384 872
1949 1122
1695 1335
821 2094
61 1004
1389 276
2107 68
1068 1121
1573 985
2114 1084
943 283
749 1586
1346 1964
360 811
1132 1668
728 837
2066 1696
843 678
1209 678
1010 1682
419 1033
288 227
1344 266
1255 748
1268 149
763 560
695 538
1803 746
128 1196
423 1645
1901 1351
2212 1134
1246 1152
1136 1323
1699 2163
427 2147
1602 1988
1637 487
1247 1693
773 1814
219 352
386 475
280 100
1696 1842
1932 1530
316 966
1012 281
2207 858
1546 768
2144 2076
37 431
2093 776
637 1898
308 1371
1645 357
868 491
727 1021
998 1859
1575 1364
735 95
511 754
2046 1296
1172 1212
1016 73
1597 1574
1222 677
133 1917
2039 34
555 2059
1986 2205
331 411
48 1295
1096 1785
632 1145
1201 1263
1862 1245
304 351
1670 1361
688 1857
1909 2109
1259 2110
1502 1942
843 1995
824 2107
2115 2214
1448 1276
1923 1685
1187 342
8 448
567 2134
368 759
1211 1903
2092 636
1140 1732
1223 1102
2113 312
397 458
427 2019
649 863
885 498
874 271
707 789
28 192
1591 2025
2018 401
1312 301
2214 28
1276 1833
1402 782
305 888
818 1012
560 1894
785 903
2167 1343
770 2103
107 770
132 1714
1210 509
2008 1358
1094 1955
2063 1466
1458 2198
2007 1451
653 662
363 745
548 840
1197 2127
657 1341
1107 67
683 1921
104 1340
1123 99
2101 330
1191 534
902 263
940 2016
146 1711
930 2012
1396 176
1271 520
1929 1139
1899 1058
1446 119
1091 1274
1124 1118
2009 549
163 1175
643 1763
669 1383
409 1958
594 1107
1316 1599
932 611
1096 491
1193 1853
862 731
1346 222
1627 1010
1916 938
1773 1504
1573 1528
1018 2048
88 1129
1119 1600
1488 1799
829 1287
1003 241
1683 2078
1008 1303
1612 276
301 635
2073 1327
1036 434
453 1417
141 1979
212 798
715 1677
351 2150
2114 1014
115 2023
1861 728
1575 1396
1096 802
246 813
859 58
2002 590
1003 7
1127 184
1864 178
1052 1387
179 1628
1576 1
1496 2202
2157 279
1223 739
1714 2183
1428 1170
1772 53
751 370
2138 899
1941 724
568 1708
2048 1208
1323 661
237 147
856 645
433 2018
322 1151
832 1762
2134 2050
587 66
1099 800
2174 100
87 57
347 38
2066 2195
451 770
934 194
1774 1765
1832 203
1592 147
1657 896
1576 2011
532 379
127 894
2048 7
1322 705
1866 306
529 818
1297 1488
369 453
1097 961
1470 716
1651 202
1862 1044
0 549
1362 1703
1405 1970
1941 1897
1831 2212
1534 1228
817 1087
983 785
1714 1725
179 450
2057 137
592 2087
234 2209
1883 128
947 1131
1506 1019
447 1004
542 1812
49 743
947 1336
1309 1835
1331 1911
1658 1024
1726 162
716 674
89 808
778 1270
1760 2113
1818 1634
2030 1379
1481 2027
612 604
2149 819
1470 887
714 1671
1390 1
469 1706
509 637
1131 610
233 1043
156 1555
1092 2153
1602 367
1711 708
414 1209
1621 564
77 1596
294 1757
2149 1549
237 107
2109 1804
1261 1267
769 2015
375 729
485 867
1048 1322
1765 851
1963 171
592 1657
644 504
1504 681
965 705
1550 1367
579 1350
1329 84
33 958
1276 660
272 117
1473 928
477 84
2180 2018
26 863
665 682
963 1117
779 2112
385 651
443 845
1770 2187
981 1293
1049 742
2161 578
551 90
301 1993
1231 2214
1161 45
1538 1013
1952 1808
1541 17
204 534
543 1434
1797 1092
2163 226
1396 2128
972 43
2086 1269
730 2056
2147 1414
1475 1532
125 1190
1330 1151
175 967
1147 1407
311 391
717 1386
1432 2084
293 1196
1727 1325
1622 2130
135 1326
1085 703
1578 2106
1073 470
2019 1080
336 1158
52 788
1239 854
2189 86
368 309
444 768
1960 1136
2011 55
259 684
566 344
1403 362
851 1865
2009 1145
2104 563
2113 1876
2147 864
419 498
16 1564
763 36
870 490
1745 1848
694 1074
1454 1449
1740 113
1859 1835
1598 1499
1955 1918
1263 1691
455 1832
209 1695
1531 10
1957 424
948 1177
1569 331
2129 2046
1508 950
92 1260
1779 1290
980 681
1415 1336
66 1171
1443 813
792 1384
1953 1789
1939 1194
515 1861
1852 90
898 490
1530 1406
1307 26
263 1297
1512 1511
1929 417
133 1280
2020 1867
1277 1582
1168 1532
786 513
1953 1753
375 1175
1465 423
1511 133
1863 382
2119 564
1492 917
1794 356
1300 2019
335 1106
1820 1086
1321 63
192 1832
1962 80
2066 61
157 247
1614 1736
1545 1329
1342 466
471 1418
765 1003
2020 1226
210 551
1343 916
2190 103
822 22
1802 1072
419 1925
1934 1044
1653 933
10 1613
1178 1116
2180 244
102 672
1496 480
552 1198
1914 603
1854 363
1440 1919
722 1280
267 208
448 275
2064 1851
1003 52
1869 1843
2026 835
1083 1954
169 871
1415 1058
1229 99
369 1091
737 821
478 571
82 686
390 2048
2141 1750
846 635
1853 1954
513 1279
79 437
583 1670
2202 1337
2055 1856
1632 285
1607 586
1472 630
1113 2089
2176 325
996 2101
52 630
1959 413
1091 1169
2116 1715
727 1009
956 298
765 1151
1156 179
242 1461
1571 1124
1456 588
52 1813
1690 1246
1922 986
1630 493
1243 1342
602 479
1368 1036
710 1720
1834 672
320 850
1893 1460
2101 1618
1161 396
617 34
984 976
934 1424
1379 142
1741 325
1528 1901
1382 2076
2125 2191
1393 346
1789 1566
302 1271
335 1471
303 603
1195 293
306 66
2112 1750
1367 1499
1143 2137
1855 1067
874 352
758 506
914 2182
809 693
11 1613
1303 1181
2196 1349
45 1608
329 1519
1849 598
1773 2150
737 298
771 876
550 1952
113 389
1811 1791
49 2105
334 876
1276 1687
1548 722
478 978
384 812
71 45
915 207
420 809
1576 1815
2183 1640
1833 2050
1101 890
243 675
128 1783
2207 1670
536 294
140 1823
1222 1276
568 2
135 925
2140 1130
1736 1378
257 1869
526 1123
1274 768
251 889
402 106
349 1049
1357 794
2163 1694
1156 702
2189 1473
1453 3
486 1838
305 1607
2149 716
883 593
930 2118
892 514
113 991
578 1321
1233 1919
1652 1639
1283 289
167 366
339 914
545 1323
403 1510
1403 1192
682 1494
1666 835
646 1160
471 398
318 1767
604 143
1760 524
1117 344
797 583
870 1381
311 1084
540 8
1754 159
1689 1072
1039 1031
1484 398
1546 761
823 48
138 717
56 510
1800 1166
1940 438
1608 1327
722 1616
376 261
994 446
1392 438
773 489
1373 1402
1214 1315
2160 995
2096 1287
880 402
494 129
1893 1030
233 1301
915 2166
1946 1818
676 1521
1371 1480
1171 1706
1653 359
1027 181
582 1162
1986 2140
737 358
1030 291
264 1102
1530 1587
87 1772
2135 717
77 1042
1836 799
574 1988
148 2093
378 619
833 1068
2144 251
534 1030
515 1953
1906 170
603 1539
1075 901
616 1165
715 2126
978 1472
1689 429
69 664
1413 228
1559 2169
1292 1953
2139 340
1804 513
240 632
620 612
1571 190
1942 619
781 1293
677 1696
1133 939
1444 1112
473 959
468 1520
2131 1398
340 14
1640 1442
1163 675
217 1667
874 725
1829 929
56 257
215 126
2123 1027
888 1593
463 709
1197 42
2135 1950
1858 421
1113 1799
1512 310
1668 2026
810 2188
413 1943
1301 1313
697 464
1951 1692
1570 1645
1140 649
1505 924
635 554
1434 1337
2165 651
2160 1370
1829 1972
1946 1893
294 1092
202 913
1090 649
45 1449
1089 722
144 544
92 2186
1009 407
1490 1721
1842 366
1949 1206
1441 1445
675 497
319 2176
46 629
1488 1565
1470 1902
280 768
1050 1742
142 252
309 603
2080 2108
468 1633
514 362
2053 836
1861 870
1354 1334
556 2018
1479 926
1954 170
2138 240
1164 2043
1429 1087
1433 218
2115 2148
407 195
1849 913
468 606
1897 1013
1538 843
487 1695
2160 900
91 1419
2039 1503
743 1514
2123 1304
890 1862
1614 1720
1986 65
1972 1875
348 211
307 2044
144 997
1533 460
1549 28
586 2097
1346 1870
1020 624
1651 2200
1008 625
1066 255
1371 576
941 1608
1766 1145
1269 348
1557 825
559 292
2150 169
1855 1786
523 989
1727 679
198 1561
420 324
151 1152
1959 154
2170 1706
315 1584
35 906
759 282
369 1849
1239 339
2071 26
217 2054
1482 551
1809 1576
150 770
1657 1169
1767 61
1298 1222
972 184
1588 1791
1383 1256
1618 1585
350 183
42 465
552 1801
1640 1648
929 1801
960 1400
313 2154
418 293
1498 1400
352 1634
281 1781
1773 44
1646 275
1980 1387
818 369
736 1762
527 1171
2047 1642
475 213
909 2106
433 134
1711 408
1599 239
60 970
1434 2058
1638 1377
1194 1741
434 2037
653 1207
646 1433
1280 647
753 644
591 395
1653 1909
188 696
1130 1028
1870 411
1191 319
904 1284
2114 153
681 1892
1166 1613
1404 1582
1245 1837
1110 1906
212 261
1435 90
1047 1955
141 407
1441 1694
79 2120
1721 553
1512 1877
507 142
2178 1876
1425 605
2162 402
1142 1854
264 1925
960 1351
1443 442
229 1024
248 573
627 1101
717 950
1642 386
1526 255
293 1066
633 1128
635 1632
1761 909
1038 701
84 585
1649 931
340 1600
866 1475
1739 2058
1014 289
380 118
964 1365
1091 106
1880 1196
990 2044
597 1090
1635 216
1522 883
1107 821
1754 33
125 1611
1978 644
1464 2189
1257 2045
755 1053
1892 1733
905 1292
2014 90
1593 1413
991 910
1042 2044
1092 1158
199 1186
1484 1860
832 1738
1711 122
55 744
804 823
200 270
223 1933
705 1693
1888 557
477 503
453 557
46 970
1287 1025
172 1541
819 1624
1860 1218
513 1849
1304 180
969 1246
162 516
1822 1714
415 2079
1936 126
842 876
517 1182
1120 1414
174 1514
854 405
1229 1255
438 2109
444 870
198 115
402 1999
690 1183
385 1311
106 856
714 1117
1740 1353
2190 1909
1496 1782
350 1771
2132 614
119 1376
1976 1174
1805 697
1031 2174
667 167
503 943
986 2112
1033 595
1554 824
1219 366
1119 870
213 1566
1029 1057
1264 148
1326 776
1007 26
271 1785
1746 849
20 1645
318 1037
1108 690
708 768
1479 1898
2124 850
1374 1893
1699 1289
608 95
1192 314
2060 1393
1609 1259
2209 1032
753 671
1993 386
691 1417
2122 1193
1652 1965
2091 118
524 1066
986 1561
1807 652
1358 2153
647 178
466 1189
39 82
1894 1305
1503 862
408 217
38 1593
2012 1833
170 1873
1360 674
461 2174
1016 1659
917 356
1402 139
154 1222
1910 1123
1680 1284
386 1069
1071 1671
56 266
1803 293
1471 1562
1868 1097
714 634
629 1211
99 444
883 862
1780 1483
1522 409
1505 2175
1178 2004
1610 449
367 206
1814 1230
208 215
2200 502
2073 1705
340 815
137 2138
1319 746
1460 978
1443 694
2113 1096
605 1381
57 10
829 1266
1192 1557
1292 754
1042 912
1846 692
198 221
1920 2187
1195 1394
305 597
1271 339
704 666
1308 305
239 1197
426 2060
1725 997
243 1642
2160 1172
665 1179
169 1219
1993 89
291 1820
1380 2037
1426 62
1901 653
613 1976
1968 525
2052 312
27 2183
579 1250
1620 1296
1092 1270
1427 650
681 1832
1927 823
1625 1339
1687 95
148 997
1508 1765
425 690
1308 1981
806 68
1158 1869
1345 82
1365 499
583 1695
1184 1106
2108 1164
1249 1111
1003 908
1002 335
1470 1631
225 914
1248 1967
1663 2082
1637 555
1638 1894
1705 636
234 1333
438 1128
606 323
328 2
1393 1593
970 1584
957 1647
193 1105
1034 514
1475 21
2173 1096
1088 463
543 1123
694 28
1325 1154
879 1695
643 1492
1495 1992
440 411
1386 1484
806 764
920 1952
1072 1297
1610 1850
1426 1185
1130 2188
1411 1351
796 534
217 1093
1679 201
1186 1958
573 1691
881 922
1018 788
1362 39
1166 50
367 416
1841 565
1010 1274
2188 118
240 359
1438 1222
1500 375
625 866
1194 268
475 60
1526 1473
1466 661
1849 1368
48 1422
799 1555
1788 648
1465 831
1308 1449
1597 290
1793 1043
466 1673
432 618
752 1148
1446 1545
410 1594
799 228
606 1331
1468 186
1405 113
480 1212
851 1851
844 1755
1519 1700
169 1013
552 2203
1902 821
488 1182
1896 525
968 548
561 1979
105 720
550 30
490 689
334 629
1739 1803
992 323
781 750
208 980
1200 2179
1234 666
1995 2185
1464 1713
543 600
502 174
1316 1436
403 780
6 967
909 493
72 206
296 944
1852 745
1728 2014
1911 592
2110 1908
28 1593
148 22
233 394
451 2196
1063 1274
1408 98
1660 1644
1686 1739
1261 1209
743 856
2005 1017
1325 1033
720 1033
1070 270
1732 471
2181 451
874 948
536 584
1576 1473
582 546
817 1243
918 1911
1390 474
2101 1366
1558 613
729 1352
984 1228
792 1929
1814 1051
350 2197
2045 19
1725 1559
139 1969
224 1125
39 1263
1707 346
1232 1422
684 1784
1183 581
950 234
1489 1359
1702 705
2096 1739
149 1635
172 460
1857 867
741 1518
472 2081
1618 733
2023 242
460 1619
959 744
1149 558
1511 1529
1454 1554
1032 1266
1548 1566
2056 109
1381 615
879 1984
1229 1114
288 53
113 315
501 1292
812 1705
795 1015
1979 1286
1289 1478
182 1270
4 1753
1514 416
2066 2207
1337 2096
18 1602
2135 1683
1068 661
86 676
1170 2004
659 1878
1806 262
823 1837
920 1537
628 509
2203 510
1789 1712
576 164
1394 553
1421 1895
1936 900
676 1758
490 102
1023 1923
1629 1797
696 33
1796 1557
1525 533
352 2094
921 1107
505 799
649 295
1708 652
546 985
2047 240
354 1599
595 119
793 1057
1137 2116
1331 561
2194 315
1094 879
668 580
130 2022
511 1169
1522 1861
1412 885
1957 2130
1020 64
1553 1620
936 1529
121 1079
952 432
378 394
196 1446
2143 430
207 102
1129 260
3 1235
540 1854
1742 647
989 170
1629 433
1208 971
1888 925
1436 110
1526 18
1609 6
1612 1351
1794 1818
1512 1464
1647 687
1004 935
699 1332
1691 1217
371 1487
1325 407
1628 273
704 482
1683 1504
51 160
499 453
1226 1250
1764 1887
1866 2049
810 1562
1423 727
487 447
1893 415
712 1275
1531 2013
1162 760
1431 958
254 1312
2049 1474
1914 116
1904 1987
2094 1828
1437 1120
1247 974
77 995
593 1330
788 282
1686 852
488 131
226 171
2191 1551
2175 330
595 584
1041 795
1061 137
14 1180
920 680
353 1339
1107 987
1682 1539
1673 1084
1746 466
2155 1959
1627 1272
229 1472
1539 1158
1816 2210
151 281
483 2094
2040 1759
1137 1465
1481 672
1984 419
134 1605
694 2021
1050 245
1820 391
2097 904
719 1208
165 1432
70 1143
17 2142
1967 2206
1081 357
1749 474
1606 321
1988 926
1659 530
1565 1436
572 289
181 1332
1986 1814
1346 1671
344 1165
2176 1139
859 2000
650 1132
200 2035
51 781
2065 1175
2058 2061
1918 2028
1209 159
1152 369
1072 934
54 856
724 1845
673 703
1004 182
1402 1994
1520 2067
754 219
2197 600
2193 242
1927 525
670 1307
1897 178
2 72
543 2100
812 1045
1413 117
1826 1628
280 2055
2041 1826
939 70
1406 1048
1099 1361
1463 26
49 2164
1197 550
2174 1057
1669 505
1184 1669
1375 611
325 2145
1683 94
1653 2058
1242 177
1025 916
69 971
1907 1423
266 1277
1107 314
2038 856
1239 469
1790 572
1750 777
783 2001
882 2113
1943 1743
162 613
1496 909
1432 2050
1066 1976
129 272
452 43
1374 1077
498 1831
2182 448
2135 1526
1817 797
407 2188
1270 396
624 566
14 1878
796 1234
1629 1790
368 1718
605 1018
405 219
787 1571
1143 1609
2014 209
1458 1718
2126 1842
644 2079
1439 922
75 64
1022 403
1296 796
420 977
2205 620
1154 1049
315 1788
2055 1831
2043 591
1368 1200
747 1639
1042 1899
306 2130
1948 1048
1371 827
6 2179
677 1512
2131 947
948 1117
154 275
661 869
995 2006
1741 293
34 1210
1579 601
497 409
818 1822
1570 1938
235 1067
2152 264
816 481
1565 2054
1757 1272
133 909
931 32
1866 563
1581 1646
454 1485
1841 2169
459 1779
1420 551
1922 1124
1450 102
1093 2003
125 351
240 404
759 701
1780 763
219 1346
1654 217
369 1191
564 1569
951 137
516 1262
122 1122
1729 23
1182 108
1610 1866
1636 663
1138 1402
612 869
1097 787
285 1833
1790 504
660 1363
2154 161
1493 121
2052 1804
424 959
2022 499
499 1542
1928 116
2186 1537
1777 2196
1770 1239
1585 1170
1154 227
1744 2199
1271 1609
7 430
2206 1965
1283 2211
741 1965
1456 1739
1833 758
2165 1670
1486 363
1945 1726
1197 820
749 1307
397 340
364 881
517 1372
584 991
1637 1436
605 2030
1256 1902
34 207
1350 414
1096 1085
1789 377
564 462
1413 1232
220 179
1662 117
957 353
1028 998
645 1858
911 1294
735 2033
48 1661
554 96
1166 475
850 1376
855 2204
361 175
795 129
1791 1635
2088 312
14 277
2187 229
1688 977
483 1326
538 1043
908 378
217 1255
2033 1283
356 1346
462 2071
520 1975
1818 1193
1753 1375
2111 47
1179 984
2066 583
221 1266
1185 2114
1951 1338
1837 1881
560 1325
876 968
300 563
1338 1160
761 1908
619 352
562 14
1534 2081
258 189
2037 511
2192 846
262 1899
1496 714
1791 2137
1058 1291
193 1762
1141 113
824 604
1511 1428
1089 698
1357 1435
1792 560
2135 1589
5 322
1864 2124
1912 1219
674 215
1753 627
1370 1287
134 1748
1805 2101
1817 434
2183 1054
977 1830
2092 1773
1060 371
1910 966
1356 2012
2063 106
2158 184
1029 1000
1682 1198
895 1523
1273 1757
558 1194
2086 205
1037 1969
183 1286
1819 687
1290 819
1268 644
1148 888
2205 696
1004 231
1372 312
735 293
694 1546
449 1381
174 1240
950 2004
1696 954
1488 2000
894 2011
952 416
1200 24
1187 488
2008 1027
1293 1183
2186 180
249 292
1987 1894
118 134
11 1761
74 1194
1228 1608
1194 622
859 107
1105 500
722 430
1900 1152
1295 2161
65 134
148 845
340 634
885 1454
424 267
1822 936
1822 1974
2101 1619
734 625
633 673
2045 324
1349 1615
77 1467
2154 1307
698 407
2 526
1242 91
583 228
2193 22
1585 2070
9 708
1027 1080
1463 432
225 366
944 61
1407 736
1539 1631
470 1780
491 1987
1265 2207
1281 1378
1780 2200
1450 1238
2179 905
384 259
278 76
1909 1874
1726 895
355 484
1156 1486
270 846
743 2072
1000 486
1086 1542
37 1833
16 412
2146 1457
61 221
1636 798
248 274
572 2148
448 161
1067 2147
1095 1426
628 725
660 700
1666 1358
886 883
69 966
948 207
2048 2075
1420 1627
1839 1130
942 31
2107 1508
445 2036
660 773
1970 441
1764 1598
1361 1349
1022 1269
174 2196
446 2020
1539 634
1508 1020
1167 2028
2211 1549
1344 90
617 696
417 870
1969 1102
1819 1746
2116 1403
689 542
1746 55
196 324
920 852
623 993
1994 766
1889 1210
1571 998
108 1368
1124 94
1140 347
1815 2115
379 1545
143 1838
152 7
2180 1151
1641 2029
1966 1773
883 208
314 1997
2051 1702
1299 758
446 1935
2049 633
775 2105
1567 2198
372 1054
1811 158
2037 2089
1469 1378
1628 1783
680 836
1206 710
2102 1042
1599 136
1187 374
788 151
418 135
300 2136
2179 1223
1968 2095
986 1499
398 479
1436 476
608 537
276 1889
666 1820
1911 748
2074 82
1024 1794
2179 1470
54 1630
1392 89
1519 464
80 963
1933 2201
1673 1452
2007 1940
1879 1366
1308 2188
504 538
1775 218
237 678
1755 626
68 897
1760 1322
1513 516
1542 1647
2095 1671
699 16
1145 1321
2124 1605
357 1881
1135 240
1277 1078
842 1172
1004 462
625 1377
1413 829
42 782
861 1835
1791 353
117 817
379 335
505 2140
328 657
538 1928
1267 195
66 1881
1445 1059
1194 2201
110 1639
133 708
184 436
672 725
1759 104
1781 1491
689 316
305 1889
153 1526
1016 872
977 1758
324 958
1717 1088
2180 1688
315 1808
1613 1341
241 1823
2033 951
1914 598
1223 121
426 561
756 1701
870 2028
931 1741
1458 629
1889 1477
1806 319
1134 864
1129 114
2084 1925
313 416
2068 558
1541 960
587 1290
1766 2103
2082 1432
1664 585
183 1757
1362 14
11 816
1060 1432
520 435
81 1886
1855 2143
1760 672
1523 682
733 557
1028 18
860 1637
2154 1575
309 2003
2011 2213
498 1926
1874 523
1540 1836
1363 109
1067 1462
173 453
1925 1326
1995 436
761 2204
2049 1893
1697 2111
2165 1136
19 2102
1174 279
1003 1320
27 550
475 1018
1501 574
300 1809
300 1863
1880 652
1560 2151
97 879
178 1831
1910 1072
974 1311
1298 757
377 1537
1536 1185
707 738
2010 877
1641 1240
51 494
597 1001
1871 1205
1766 1204
1161 1755
459 1712
1304 644
1098 1659
2029 917
1692 655
1970 494
1111 733
43 1046
1378 1392
1610 869
312 419
1654 174
293 399
610 1813
1065 1142
935 394
1838 977
1660 749
2135 2103
701 1393
315 1411
734 1669
558 719
363 673
1956 811
1259 2054
2083 187
857 39
1089 2009
1618 512
1577 1457
1086 1749
869 736
2042 281
1222 310
1469 2204
67 962
409 868
1187 644
1834 776
1469 1299
1262 722
811 1187
997 1949
1578 817
592 2031
1807 1571
806 1468
1536 1672
251 1679
95 1497
1191 1782
721 1399
199 1894
288 982
1478 1203
437 2130
1203 170
493 1084
15 624
1250 1604
2132 945
316 1080
387 282
60 14
1566 1022
190 1255
848 1838
443 862
1763 1729
649 410
634 1052
236 1427
1634 702
994 82
1307 1435
9 1150
115 1880
1856 70
278 330
708 1027
1297 299
1862 1840
663 223
684 733
2061 1545
268 613
396 1346
850 128
309 174
1822 1553
593 1687
1855 738
1784 16
712 664
594 470
1832 1548
1954 1069
748 903
445 57
1912 124
96 410
279 915
1052 645
2002 2000
1623 88
838 576
1942 161
1631 1936
1627 509
561 568
489 1029
1669 2125
429 1011
874 1658
652 1521
1808 1982
429 2139
987 299
472 15
127 1639
1277 1405
846 1066
596 227
736 793
1354 225
1772 1557
1156 207
1439 1978
689 1782
704 859
1354 1604
2191 671
17 1515
1864 1654
849 442
439 249
1384 1120
1655 208
75 1388
1068 86
1683 1257
705 1656
1224 1066
1093 1254
1977 2036
1802 770
986 1476
298 2074
743 292
1105 2116
957 910
1671 2053
1955 0
592 113
683 530
2107 1739
521 61
1750 193
1025 360
803 1610
958 33
695 259
1938 776
906 414
213 1359
711 708
2199 284
2112 556
1122 1720
1116 374
1472 1818
966 381
1673 1432
76 227
1034 1078
433 14
1387 893
1005 1914
682 1902
2006 1741
2176 791
733 506
1469 89
1119 463
1471 1557
28 478
61 1442
1342 785
1295 2179
2088 1123
726 542
1322 1212
1709 244
1250 928
1345 1425
1232 2035
957 884
429 768
1776 655
2002 458
62 2078
1584 564
1250 265
1294 940
342 1667
2154 1251
1398 2038
157 1812
643 1688
1204 47
1049 1132
2084 480
375 1518
1233 602
1527 984
1518 959
54 657
1684 137
1817 1769
122 1440
872 1395
2036 691
699 1893
1396 682
709 794
320 1035
2098 2003
1346 1921
1627 180
117 1967
750 1229
2051 252
145 1221
1070 1261
521 1124
1551 1522
1010 931
1022 1818
451 1926
454 1327
91 2096
2029 1663
545 1923
835 809
1612 1467
1541 1524
908 1377
1275 1438
1444 1425
877 1295
1949 2200
12 1300
1406 1857
1165 1588
1314 1095
1682 910
504 1240
71 2213
1592 1847
1675 2199
115 2034
1453 142
1664 1211
1054 775
602 1872
602 2117
322 2084
187 733
790 1754
1357 1155
83 333
1317 756
1350 64
2214 728
1410 1542
1881 1433
874 696
703 274
1777 1566
1539 1179
280 50
1761 177
1407 1408
964 1490
83 1314
1085 1032
1459 725
1232 1563
2168 1655
515 665
31 1748
660 352
1191 798
831 996
2164 687
480 1589
1338 1608
1104 801
1894 1573
2047 1111
115 2063
919 1849
1389 636
1365 381
164 1410
1497 1554
82 1620
431 495
1516 2200
318 858
824 1833
635 1775
123 2055
2046 599
944 714
1915 369
903 1596
2100 1148
1480 1715
1112 1694
1158 1737
1662 1988
1954 1509
223 4
2140 1059
915 1415
2136 1429
1985 1452
229 1669
164 683
787 1562
78 584
906 1219
944 1343
1099 830
917 616
340 1424
859 1918
936 173
606 79
1204 1429
421 784
724 122
843 918
1581 581
52 910
600 712
103 918
649 2183
1135 708
721 1019
559 650
205 1833
1134 1605
587 1096
1056 2015
1064 1224
1911 1296
723 424
1651 1385
1492 521
643 1087
169 464
2062 821
1092 2104
1576 802
321 2007
200 1461
1021 647
339 35
298 1800
1133 1215
841 1549
1027 92
1993 688
986 1868
1218 105
802 1825
61 1873
1218 2005
44 1092
41 1189
986 913
2076 699
322 680
47 815
379 1526
749 494
1199 2135
865 535
1903 536
508 2169
1359 1745
296 880
1335 360
804 1360
347 1811
1364 94
2098 373
99 1955
1895 2171
1851 545
1321 2161
1435 2157
2173 147
636 1063
305 2134
798 2176
15 1924
705 1742
285 1872
939 1832
536 1478
1633 705
334 426
456 14
1431 1324
1618 1123
335 1828
2175 2069
532 1179
2132 537
1094 206
1771 1626
957 51
827 942
1760 438
106 1021
2150 191
1541 726
412 53
2031 1763
1288 1806
1122 1347
92 958
38 183
460 448
451 1768
736 824
934 1327
476 1536
1877 1818
1991 812
1677 1253
959 1767
2046 1088
1979 391
1218 2033
772 1391
2194 111
1109 1462
1416 1835
1976 889
1593 556
648 1304
70 1208
2155 1566
1690 422
217 687
1947 1667
1988 52
107 1789
1915 834
350 1592
1459 60
1891 1906
824 450
1841 421
1581 645
1913 2033
2030 622
562 808
1881 371
551 1075
948 2103
220 935
557 493
1943 1753
187 1899
1613 718
201 501
1105 876
225 159
1148 522
460 790
852 614
680 369
2009 2171
577 114
899 1164
0 801
1304 1568
258 109
202 2181
179 1391
1840 469
1058 822
662 746
783 16
2191 695
1677 541
1580 1431
1935 413
1135 1127
1770 943
812 1797
724 1593
1807 1474
1744 580
1091 1441
1849 1546
1998 1431
1129 989
440 101
1203 961
2117 1206
377 1270
977 602
2164 1949
427 8
1361 1778
1498 2035
251 1941
517 2202
338 2111
1952 200
104 1194
1550 446
53 426
1784 1004
1908 1009
625 70
920 543
1876 1933
922 1639
555 57
188 1973
707 1229
1487 1193
333 149
327 1227
1597 1352
2153 930
2096 1489
1877 2100
2121 2078
782 102
2124 125
618 931
104 628
98 1198
692 221
1994 2068
352 1124
2037 277
998 687
1144 1955
2154 222
1196 980
2144 252
1528 1960
1701 984
820 373
2131 205
1338 921
608 846
1880 2
1826 2111
1348 1511
424 466
1701 19
2044 1671
469 631
1930 70
674 176
1785 115
685 1337
1909 1191
1304 528
1660 1320
1538 993
512 1730
991 1050
323 776
1024 2119
373 1537
192 1166
1615 1959
399 1711
2034 2120
1120 907
1808 2063
1030 1924
212 1056
2180 291
1372 1043
1649 1379
310 652
202 2190
1885 1352
242 830
1456 704
1111 425
1348 193
168 240
1100 1025
423 677
219 2004
1238 2094
741 1466
566 1135
139 117
1521 1748
650 107
1077 638
1644 491
1488 411
1434 725
2147 1250
877 492
996 314
1060 620
2086 1939
265 1131
169 1573
2186 559
767 1926
1244 775
2177 2192
564 1334
205 692
1351 1355
809 51
2070 646
1965 1360
1447 467
161 2016
2072 1744
43 945
2050 1598
2152 919
704 871
42 2003
219 1346
785 1092
285 2027
2039 1083
85 131
2088 741
1425 732
533 1576
1260 508
669 118
1336 929
1863 846
283 1547
948 1611
70 1069
2168 220
792 1713
2034 979
2030 867
1578 587
457 378
971 1999
11 1296
1608 1400
1527 551
1496 1504
1349 343
1492 252
331 387
1253 1668
1085 1448
1824 1819
699 426
67 2161
1428 694
601 1245
339 1946
1965 306
1566 1132
1316 1823
816 1622
128 259
1137 693
1522 971
351 1205
2076 2004
295 2138
1843 67
1030 530
562 1536
1070 2025
1771 995
953 231
1785 1571
410 1220
1175 251
318 504
1723 1513
515 91
303 1794
501 249
160 2191
1564 1088
2153 1336
1490 574
1524 1071
1501 2008
1696 1749
1133 1370
1214 1383
456 10
271 1274
763 35
1024 522
1860 1698
1693 1206
2020 761
147 2171
530 2007
334 1590
2182 1124
242 56
1360 1588
1828 2098
1663 1483
770 1096
457 1733
1980 1504
1856 115
1179 1288
1574 967
1608 792
1356 1109
1102 912
1967 2054
1512 1418
1581 226
2122 312
2195 1071
1099 1880
1311 2054
1905 142
898 1880
1071 1084
1524 19
678 1131
779 840
814 1805
1917 1693
298 883
956 996
101 1507
1203 1165
2214 337
2043 1772
2060 405
875 1952
1485 769
13 110
1125 1690
1257 1885
1659 2193
1416 713
898 1123
1987 2152
534 1330
601 171
586 1437
1397 610
508 1713
1180 556
958 965
1901 1787
1290 281
99 247
1353 2164
951 1108
746 1343
2050 1366
1720 2075
547 1998
1627 1061
1111 712
163 134
1001 866
1596 577
1043 1219
1446 1359
1399 632
132 199
1997 2081
1460 465
445 1004
1515 1164
1120 599
2205 1886
1322 2152
134 2170
1851 107
891 2007
2137 1824
2104 724
1132 1505
2092 2045
2047 613
2024 991
396 1910
1756 1411
192 1633
243 374
149 1207
664 278
416 54
1733 416
689 883
30 817
2033 576
1517 301
2205 1394
1896 230
790 859
1924 503
184 1074
1737 1850
537 864
237 1768
229 261
872 351
286 1472
259 2041
134 731
1647 2009
246 394
25 116
1844 1936
803 738
769 283
2036 189
1203 833
1559 547
1418 953
729 2006
1113 760
320 2011
458 625
855 166
956 603
1112 1666
2003 691
1040 1282
763 1638
1392 899
561 1862
650 866
1387 418
1551 1159
757 1321
1484 1512
378 1055
1994 593
1081 818
398 497
2129 2125
987 761
1295 1081
1719 1662
239 86
1640 1894
900 134
2034 962
203 1502
712 1891
2199 1661
1417 965
448 321
318 952
1023 572
1351 1820
1859 571
1299 2138
1128 1515
810 192
380 2060
1533 1006
2202 177
1407 1704
1721 217
615 1103
897 25
486 1798
1181 1068
1547 2120
745 835
668 1336
1804 1862
1162 2131
18 1948
1580 1243
2162 2177
1362 542
19 1443
590 2107
472 1068
599 1492
467 1400
1574 564
447 1145
100 355
1152 666
2070 666
541 1461
471 392
1069 1265
1687 1068
871 286
744 242
680 1059
1763 1583
727 948
876 1969
2210 706
635 1811
749 1629
512 903
68 419
1812 1569
1204 53
1569 1701
1461 2187
1466 343
1362 852
1116 1521
1665 1065
1565 2109
264 247
247 2127
1888 980
2129 2149
1751 2209
1552 1248
1610 1939
1647 1023
393 1918
799 1853
951 1881
1532 1482
765 1898
1143 1700
613 865
499 33
647 1185
1722 1834
1027 429
1568 117
1868 478
1727 1076
1010 1473
2173 1663
285 1530
29 427
1631 1279
693 1896
946 1284
1358 1827
730 1899
2079 2097
1455 42
1382 1749
239 1490
1922 1125
1882 215
1814 656
1837 862
1795 702
1426 1089
242 567
1963 1301
1554 1677
714 1442
2177 300
752 1475
1254 237
348 613
1744 1525
886 919
1872 2020
219 1838
1378 2014
1091 1585
633 1661
1695 1167
179 667
839 596
82 1180
1323 1236
2012 330
1428 344
135 2097
1748 1298
1773 1601
1700 246
1044 167
152 837
2210 1155
2043 1005
35 85
2083 1686
854 380
880 1557
1628 1806
452 1762
520 1736
1478 1564
189 1375
1174 606
1264 148
1451 861
1483 575
2175 1266
207 1800
430 305
1398 1557
632 154
1535 1781
475 1208
167 248
2130 1818
1187 1996
1339 25
199 781
1726 1195
262 589
291 1926
778 964
2194 312
8 2039
165 1062
578 1575
367 318
261 862
2027 1254
1324 1054
976 1675
445 200
1072 1874
821 1395
818 1180
1173 1671
1004 1872
911 187
468 638
1204 268
1401 21
189 436
272 2201
546 641
629 1843
1999 1080
1816 553
405 116
1074 2051
153 235
0 1287
1582 964
1869 2031
68 1075
292 454
493 1863
1288 1701
483 596
2079 544
862 429
697 759
1639 1524
361 1840
1034 1103
274 357
1955 1135
1691 1873
263 886
1073 638
2149 1522
247 1708
120 1137
1890 231
1655 1168
1543 2054
2196 1453
1824 1198
1219 570
1400 95
1225 348
169 143
2179 1467
0 348
146 776
313 1660
660 193
2114 1756
1043 1591
1280 2033
1031 2194
620 877
1162 1464
861 763
381 1984
550 1218
791 1613
947 791
207 1510
1229 1474
1160 1696
1605 692
1224 281
1773 1008
614 1767
860 2189
216 493
2205 1575
572 769
1350 88
1895 1733
1829 395
1279 608
916 185
1801 48
572 896
299 1102
2116 1203
1897 1741
1077 998
863 2172
626 383
1352 59
318 397
378 1175
625 972
2072 2002
1116 2119
1592 495
554 301
1523 1583
1558 343
673 998
200 1061
996 370
1639 532
691 1419
1507 1688
1828 2026
2062 1228
1043 1631
466 1131
1469 28
412 1342
1527 2076
380 375
2113 1085
1867 1394
805 313
1345 137
1927 656
1790 1175
1411 457
2115 1146
924 236
518 1233
1028 2049
644 931
917 1878
1483 456
631 2005
1097 1915
1663 1346
1671 2046
1257 776
1666 1364
426 1703
1813 1698
1610 1559
380 1755
1543 1651
1767 1105
1909 359
358 1691
270 1925
111 366
1346 383
1116 138
955 1364
1462 751
901 1401
222 1569
1468 1533
487 1025
837 1386
142 1099
1023 863
2088 1639
243 688
2042 448
881 1070
1085 1617
1319 1496
123 1516
2206 189
1448 757
59 1888
586 1425
1588 1377
594 1655
346 286
1841 1025
1479 1488
608 446
1349 1766
134 1282
505 926
1697 1028
1041 491
1170 447
1626 914
909 1731
177 1135
251 1959
911 885
520 707
860 1146
1457 2004
986 724
1623 1097
237 206
879 1738
2151 494
510 611
1111 1495
1571 100
329 1215
957 1583
2051 1520
2028 226
1820 547
708 2113
2082 2057
426 1061
2128 492
1377 939
2123 9
501 695
1172 905
1104 1677
911 744
1896 2047
1956 1271
795 1759
1523 583
1013 1728
1305 1267
344 2134
1411 1046
858 1055
456 87
555 2214
44 1007
873 530
140 1902
2147 441
7 59
1444 510
529 663
631 1659
2170 496
252 592
2068 2077
1529 646
656 814
1584 1920
1947 1755
1636 1350
2041 1759
1675 535
1537 2083
1460 1045
1161 678
1243 96
1992 1890
1883 1700
31 1320
1277 1464
1887 312
1990 487
1846 1559
2108 943
1594 1944
1961 1581
576 54
842 915
1263 1657
732 1153
1137 113
764 748
749 779
1777 1534
388 1563
1085 1398
162 31
1274 2051
1605 426
1928 368
1757 168
1750 1096
1766 1615
1771 446
1086 927
919 2092
614 2014
1977 191
243 2095
691 1499
2134 1450
2146 1696
1332 515
1062 1923
2066 235
1012 1167
178 314
1621 124
801 1385
1187 2008
2213 242
2173 1988
1742 735
474 611
104 1147
79 1357
1049 623
1393 1306
760 1856
1834 264
463 1001
650 1219
235 837
1191 1335
1741 1384
1693 2169
1577 781
567 1629
191 1448
797 310
1327 1677
1243 1683
1354 1666
693 1368
1690 36
964 701
22 1591
716 911
444 1612
1695 2113
767 167
2126 1791
1234 1932
735 653
1057 2055
643 29
1167 1333
169 806
1969 986
1861 1036
2067 1461
95 393
1941 826
2036 1976
1960 790
1570 1605
1625 204
1775 581
1023 872
1984 801
1370 1158
1045 595
2134 1930
1895 204
1792 1153
2173 595
1022 552
523 108
1831 2041
2161 1644
1754 519
1408 2098
908 1986
893 464
423 964
168 1028
1050 1129
1246 66
417 1690
1300 1782
894 56
1961 1026
1437 1192
1262 1573
1374 1367
2007 442
546 1832
976 1904
1955 682
1852 301
1895 786
1867 1161
777 1336
1007 308
260 1485
2191 2065
1137 282
2132 2044
935 1669
2151 1883
1611 724
1873 1456
1992 542
635 674
1900 23
2023 1067
700 232
2195 472
537 1805
419 76
1442 1514
2060 560
1448 91
1319 1996
502 1620
246 966
225 59
1363 207
56 1827
615 1587
1665 2126
1706 2069
1096 865
2165 1460
1064 557
873 1961
2120 1414
390 449
936 1003
244 1479
113 1405
1285 133
346 1312
263 1238
1634 1022
1036 1327
1145 1490
1717 434
1198 795
156 1796
2088 643
258 1400
432 562
600 1982
110 2105
2025 1821
2148 35
1621 1010
1557 1555
1025 1903
1257 1288
2101 780
1614 398
1018 1969
2021 167
362 1879
2076 1286
337 2168
2182 829
1420 336
1272 1177
542 909
1313 303
1703 1667
1450 1025
218 1101
2113 1226
138 1950
553 445
353 1785
1617 577
1693 31
1372 9
535 1910
291 802
221 1916
579 525
723 606
372 307
1745 144
940 1258
486 962
355 1074
1632 933
1216 1294
818 1170
421 1033
2163 527
1951 41
2118 1252
307 1128
1130 143
1324 1963
338 1222
1930 1943
2131 59
1480 557
1841 1651
100 1224
1626 321
1667 542
1487 467
1073 137
1300 1657
844 1250
898 1037
236 872
1409 920
1705 989
31 1192
345 1175
2018 2009
66 1853
1793 320
37 2071
1267 706
1623 2204
2173 1617
2121 60
928 2180
667 1869
81 1527
1090 1590
582 1696
2062 1411
2207 788
1548 874
1290 146
423 1429
2034 2126
1565 604
1113 2035
1057 1902
1698 567
649 1882
341 1414
586 1359
1702 1706
1685 568
2088 138
1640 67
415 821
269 1071
621 456
653 130
760 775
38 679
2001 1915
533 1638
109 1486
964 193
2048 366
1823 292
1854 1389
134 650
1670 818
142 575
1492 494
2143 1544
820 2167
1796 750
1514 1508
1570 553
1198 508
1050 420
1861 1531
661 203
456 2104
1982 1932
1219 1526
1726 1928
1741 66
249 1315
2152 2154
1571 187
293 1870
439 271
691 242
883 1708
1956 363
2171 292
2001 2196
1944 342
1081 50
1140 1803
838 674
199 291
1791 1864
926 1932
100 2121
1619 1261
2074 1858
1557 1782
1160 1456
729 865
1723 777
1906 993
428 379
1475 1881
776 344
1985 1873
1652 1517
1028 180
1939 990
664 504
1912 147
1778 2132
1207 805
801 1048
1573 561
1761 992
731 2157
502 174
1731 657
9 1380
1715 827
846 1307
885 2051
889 1682
2057 1710
1273 1437
679 469
1752 636
116 1663
796 1129
1480 1539
25 1131
1853 2148
2066 883
1623 118
1717 618
785 820
1150 1328
1411 1990
150 2068
866 1711
2207 805
2078 2097
2048 842
267 1117
1390 257
2176 506
1048 795
1007 15
1433 2161
1898 836
1680 189
408 1270
566 1867
1370 989
1669 1672
1674 2049
1990 215
1927 1140
856 1074
1090 354
1079 1225
1479 38
264 1731
1592 246
1610 1031
1169 1485
1431 300
1179 132
989 1983
1885 4
602 1026
843 2100
62 1088
232 874
1862 919
75 1095
620 2074
471 1383
1666 414
2131 1714
1653 1166
1488 1873
1768 1048
1580 1203
802 81
539 1991
993 1195
1401 1563
1203 1157
2046 1995
89 1538
1948 2030
2213 1293
776 364
436 1258
59 588
985 1840
1440 420
522 1694
31 830
1368 1114
1486 463
1553 1223
297 2115
1959 24
938 311
692 456
672 1582
662 1650
1075 1741
253 467
1023 570
1858 1510
1955 18
1506 1579
1786 1922
823 1704
877 268
956 312
129 1684
1430 1886
1031 360
2082 2008
18 280
95 1221
1218 1486
753 286
1450 552
1878 1204
696 786
1447 744
932 946
1028 9
798 1367
1864 1915
1992 533
1026 1335
1755 2029
1107 761
244 1908
589 493
207 960
1937 380
1634 1615
1084 38
1730 602
1880 64
1501 44
1743 1465
1556 961
1997 1416
383 506
1337 1158
1671 239
574 1601
1816 293
657 109
2199 410
1484 653
1607 633
675 1208
1717 1749
332 1027
942 1750
244 1402
39 1106
1954 1688
1382 814
1729 1377
1966 1463
666 1152
954 835
1228 998
1707 149
883 1668
1064 660
1712 1505
1048 845
1562 1684
1431 895
1389 1380
1576 502
572 2053
2122 1274
25 307
712 1707
434 1533
1822 1710
508 1541
178 1927
585 327
1280 728
1481 1118
612 2029
1650 266
1236 1606
308 1174
1488 1647
2052 1521
383 2039
2057 881
2180 1305
1600 1560
1351 313
628 159
328 1802
576 68
662 257
223 625
1688 395
1271 865
1741 356
1401 1062
1766 517
627 1148
152 626
104 1666
190 999
2185 1528
1752 1878
1020 324
2206 1182
1799 138
409 552
1670 912
1523 1409
747 617
1510 1118
1170 232
570 2003
1541 1107
877 1404
1187 886
390 2051
1500 551
812 1834
923 838
1783 1485
1341 205
408 1019
1464 2041
1957 1538
2178 359
2102 661
136 1215
1927 234
404 1138
1717 1477
1224 1644
1728 194
1519 2092
1863 144
637 1988
1474 1878
144 1254
371 956
1742 896
1880 201
1514 1350
1729 1952
137 1096
1368 410
428 788
29 1066
732 1401
106 929
845 1173
1916 2197
1471 443
851 1724
2106 2110
1711 1204
315 1118
690 467
1298 1893
625 2204
487 1911
345 652
564 1002
467 600
374 590
23 1805
1978 1714
603 423
678 1178
1813 1027
1693 189
789 1795
71 1240
1658 1296
989 288
722 1628
1894 1234
1716 1282
1582 2190
3 87
622 319
362 1261
1676 1709
363 613
1478 1035
1042 1113
167 1956
1250 1877
1964 708
557 419
1085 1197
410 1918
915 273
713 1295
1632 1282
1499 1322
704 770
46 524
2066 1848
1664 1113
1469 955
794 1063
1408 1609
208 975
538 2019
414 741
921 2043
574 1884
1420 1767
1614 741
1901 1358
674 265
2093 1238
1171 452
1461 1798
1757 370
1881 1247
241 376
1671 367
1642 1299
2183 2209
1855 1309
925 923
958 605
1682 774
1070 850
779 33
