1141 501
623 1278
562 782
1110 1387
503 1056
1128 973
1674 1275
1213 1768
575 592
1807 944
359 1219
310 1542
1641 1208
1382 640
1999 1810
1469 1667
273 236
1941 1504
1005 1752
1168 1468
220 1732
1894 1711
338 782
1882 1806
1667 1298
601 401
1502 362
820 2160
862 1266
477 692
1617 1347
890 2085
1617 587
1028 1401
1703 2085
2033 711
1900 1901
1833 1104
1423 766
1883 742
827 309
1678 1845
2119 1033
298 321
1684 97
1778 437
702 994
685 1830
929 865
2197 1913
908 896
1988 701
942 179
1391 287
1321 550
565 901
1926 2125
224 301
1568 377
1623 818
1445 314
1766 1800
2145 1720
1417 1520
1844 418
570 1471
1950 49
1913 1947
1673 2144
321 2199
20 994
450 1529
1779 186
1040 1966
2203 225
1648 176
2091 615
1945 428
1576 1756
1805 1020
1697 414
335 1454
2134 1969
2116 148
1655 244
1798 1769
1896 1666
1088 600
2022 2198
1545 142
2070 959
1570 2193
1368 2165
2071 1831
441 527
863 1238
176 1990
1079 1600
2083 632
1077 1174
46 2001
780 1966
1260 596
1665 1381
852 322
728 666
896 2069
310 1885
2083 367
1849 1974
909 1527
380 2103
2172 1923
1440 2201
389 122
64 1077
1487 1081
1205 822
1750 131
517 2117
251 1913
1813 1911
970 1903
562 1764
547 2148
1026 1167
1980 2082
1164 1473
481 1189
1176 2176
1011 863
1127 728
1821 809
430 1769
2074 1813
1055 621
559 70
1376 2005
1815 742
312 1620
2126 1241
505 368
2051 340
215 1167
1208 264
500 2137
1503 1576
989 2135
1615 1630
1678 1599
975 1744
149 166
876 598
1476 1789
1375 1480
1559 843
2128 1247
109 276
1005 1240
2020 107
297 124
1304 1016
485 2045
408 226
1506 945
1304 1411
1675 1526
1488 996
250 301
2199 825
1918 1179
1211 1768
357 856
2086 546
507 13
1377 1614
1738 19
1972 359
1979 579
1281 2205
261 1574
90 1642
563 471
26 1306
1037 1569
73 925
1818 442
1634 691
841 1126
1570 584
894 171
59 1040
2132 334
1950 1846
1597 996
129 1622
2090 1077
1628 1786
1795 637
1589 2056
1822 190
1268 1147
495 1350
1163 1196
1985 1733
1255 669
459 1134
968 631
1178 944
1982 2039
639 1175
61 1286
291 399
836 1585
104 649
2184 1247
1864 849
1235 109
808 761
45 1693
1888 961
592 1985
984 1153
267 4
1100 331
1014 1196
1602 1013
1232 2087
1348 1359
1891 1636
832 2157
238 1471
104 1173
1513 83
944 2096
996 925
2177 1277
227 1016
619 824
2036 372
796 399
263 1407
1401 307
194 802
760 1517
1422 1298
233 4
2064 1192
515 466
1588 1271
851 1993
991 122
2153 342
1460 1435
1585 238
403 1920
1677 711
820 1366
1646 2133
446 527
140 561
69 971
808 795
925 798
1014 1502
197 2049
2194 856
216 508
2156 1256
1923 1546
458 1824
1543 2014
324 940
1738 230
1677 2009
1997 747
2076 1429
322 1058
2111 1121
1927 198
950 806
476 974
560 1634
1252 1614
1522 712
1943 1471
1629 1815
1938 1312
799 970
741 851
1038 1618
1094 837
2159 1815
609 2150
165 1745
609 1174
1590 356
1209 1542
1545 813
148 753
511 1969
47 2188
118 668
1918 1599
1179 2168
1579 1948
1433 1796
838 1944
1859 1791
692 633
1750 780
306 1173
750 1986
736 16
278 1843
2169 2087
692 1377
1908 996
2088 1208
1067 532
472 941
1999 1911
713 1696
1263 2061
1968 921
1011 1987
1555 630
1642 1564
358 1589
1210 1649
1337 2001
1226 489
1034 1555
223 734
1779 2126
952 333
899 1838
911 997
855 756
1218 1283
1783 1948
363 1580
234 351
1730 266
28 2214
1263 649
1814 2001
1801 1643
154 694
907 983
271 1243
649 135
1963 177
630 329
2005 1127
1066 1566
280 1855
1982 1342
661 856
1109 958
14 1400
718 515
1906 254
1232 1947
911 1234
343 583
684 158
1804 1131
1202 149
270 464
1570 1337
924 639
1205 1059
792 1901
1765 483
2109 746
203 796
1783 1770
1779 1453
1528 402
1769 797
1009 268
1204 1940
1022 22
218 1685
746 1316
1746 464
1410 1882
1169 279
1354 1962
454 596
1918 1377
933 1652
274 675
471 53
794 240
256 595
2060 1557
1596 1144
328 1883
42 799
1634 233
1533 1524
965 2151
518 1756
1328 1711
957 877
1280 535
1453 848
860 1513
2177 391
1425 145
2001 1982
830 1765
1506 1133
2202 1747
1683 1329
2075 452
524 557
245 1066
370 1139
1616 264
1963 809
1308 1739
1629 1704
276 435
923 1977
1075 461
829 880
1991 522
104 333
1094 1417
820 385
1082 669
583 739
361 2094
270 1323
1926 995
212 946
1945 658
594 439
325 515
2040 1562
1336 540
1036 1220
1382 1890
1646 1519
1749 1080
1762 1455
664 254
248 847
1433 308
1778 1263
1310 1936
1464 976
458 1608
1851 1776
1790 1364
1520 1878
1531 1640
1612 1625
1248 596
749 1949
161 1176
1060 1021
50 1585
1808 1128
1718 2143
1333 765
1520 717
614 1503
1132 748
2188 672
1384 1811
1707 380
1022 2073
450 1786
1810 1056
355 1185
865 1744
941 380
42 352
616 231
1882 1808
1160 1887
305 114
391 410
343 1472
1001 1133
331 1825
2125 1436
2013 1037
580 1854
1619 439
495 1272
1059 565
1477 814
1919 1524
281 924
139 1045
637 1803
1216 749
1514 737
1487 1317
272 523
757 2005
1607 1695
490 775
1310 2045
1869 528
148 298
1642 2158
635 235
855 1870
1350 2057
1467 89
2043 423
226 1582
2191 442
960 307
788 622
1967 759
811 559
402 125
28 2163
1501 1879
358 1743
1859 561
2074 977
1137 1397
2119 3
547 28
1214 1574
1373 804
1724 269
2127 1396
1785 313
2209 161
300 1136
1636 1206
2149 223
1596 1605
2156 29
774 1908
2198 1107
2127 923
1493 1111
875 1233
1773 756
256 988
1533 1243
1197 787
313 386
1989 2100
1245 108
1412 1203
1707 1613
21 1762
1011 1061
247 1505
2213 474
1225 1615
1649 1177
1379 528
1139 1315
1874 1759
2025 1243
1153 736
1166 749
745 615
647 983
10 2110
2048 517
1978 363
1031 214
1711 2000
106 676
5 1972
1425 1428
1156 260
517 1771
531 463
1379 1058
1699 164
1432 527
914 45
134 1451
541 236
1152 882
516 1270
697 1423
296 1466
867 1068
1289 1174
825 755
608 298
873 780
760 412
1056 2161
690 1789
1161 1945
1110 802
1554 1064
1735 1611
1024 65
1708 699
245 936
2121 1640
830 1302
450 1544
1249 1137
416 1447
1488 1264
1180 1559
249 1528
672 731
413 1882
1339 1629
536 1286
269 1628
1536 1449
1727 1688
1787 60
442 1219
1142 1324
847 1475
880 689
1743 1923
1486 600
1281 2044
2209 690
195 1114
378 375
644 1028
1225 2173
634 1781
294 1238
835 1952
1093 285
1982 1108
1671 1090
15 790
1019 2119
1813 2115
1703 1576
822 436
794 435
77 120
1563 957
65 249
1525 1476
423 1701
254 709
1668 1673
1054 1344
1105 184
907 1738
2104 1465
912 511
1816 108
1517 1054
415 1511
526 54
308 1762
558 443
17 205
1924 203
661 962
767 2079
572 665
1989 2199
1020 294
694 284
1901 1899
822 2132
2141 1177
305 1344
39 572
509 306
932 781
640 985
422 1311
1252 560
311 2067
560 565
1367 610
419 989
1776 1053
1020 1643
848 1116
1979 1301
49 1935
265 149
862 912
992 2067
1287 425
589 35
1989 2006
1110 1023
363 1103
1618 1248
1607 498
325 2199
328 179
1055 639
1378 369
1105 2102
186 2186
1396 401
996 422
1915 576
45 1388
1670 921
1111 1203
833 650
704 309
2109 2072
1353 1347
2202 1622
1772 12
1009 66
1104 480
1011 2003
1899 890
2093 79
398 1718
1001 665
1381 1482
302 692
990 1271
1267 398
513 817
1723 412
134 2055
1167 1906
692 715
817 1885
1977 1533
57 1561
1002 2100
1589 766
1154 1945
389 1229
153 564
2037 1433
34 1596
1057 230
834 2125
2014 2158
1525 1059
476 869
1074 282
473 2152
618 2100
337 1312
559 2138
1654 2122
2067 1303
45 701
1229 807
1713 971
1168 244
840 1267
1432 1484
1674 366
881 272
2144 225
768 580
335 338
579 2080
302 380
1495 1821
1085 1878
1212 647
1380 1360
600 492
1897 135
666 2036
1921 835
248 1406
683 2112
402 537
286 1862
1429 2059
313 269
689 378
715 1619
1760 2059
1837 160
1262 1211
403 248
1647 1564
1777 1433
1488 1016
1667 558
1245 1018
1617 1654
1288 1304
907 1045
466 823
1050 1754
363 1406
1765 1610
86 1233
1625 2070
2024 291
1863 756
2200 529
175 1212
911 2164
100 1403
187 934
1470 864
502 480
1761 501
1944 896
503 1478
2172 946
498 1686
1165 1111
528 123
2168 46
1228 1746
1507 1176
1249 38
1913 879
873 2054
2087 1568
2156 1991
2057 558
1705 660
1878 324
547 30
1348 1802
1929 59
1709 2212
2080 1255
1161 1722
1219 255
141 326
1339 884
79 655
186 876
761 1131
1685 2042
353 1305
1921 1646
1196 1284
1976 452
896 1527
1083 1058
393 602
415 685
1432 1621
389 737
1238 1022
640 1464
2049 383
1133 1812
811 1907
1201 1316
2173 1967
404 2123
1261 1942
182 1831
681 2018
818 1627
149 2061
18 1675
2079 1315
1426 237
1949 1261
1883 1581
1729 2200
88 1624
373 659
1972 1587
550 2168
1964 1773
218 816
150 1718
1667 264
763 1778
422 1361
1096 1356
595 1272
253 169
1013 1184
608 1142
1074 187
461 1346
1868 592
104 1632
297 976
1926 475
761 1637
1813 541
1190 382
1100 29
576 439
1117 1331
235 1743
1509 728
1324 2097
340 1014
296 1599
277 1003
935 2101
2057 692
1731 1709
325 1716
1792 7
1565 12
188 455
247 1032
1623 1187
1916 2052
1330 1785
715 1733
657 1488
2120 1631
1044 1511
1349 2112
558 872
188 1129
521 1873
1043 46
109 1512
512 1426
728 1257
942 151
1046 2003
1865 329
746 345
909 1152
201 764
1901 507
1323 327
830 2214
647 263
2203 678
1181 363
1542 1889
754 653
1670 598
1982 479
141 2167
469 923
853 2060
1671 726
1318 593
2188 1341
1048 1148
1885 822
368 412
1347 2164
1366 1327
2113 1165
531 1514
1061 509
267 522
2054 255
1432 2113
784 479
745 1598
1383 774
49 1731
1831 144
1474 2014
226 1353
991 216
1245 497
416 832
724 677
1626 1432
1896 1699
1469 1540
1314 558
1567 612
1152 2011
1323 237
1658 1364
189 1247
2113 484
1561 893
2116 591
945 536
235 25
1778 1152
1255 1868
790 1044
1676 94
1832 23
394 500
1061 609
1292 1895
1186 923
1167 1051
882 484
556 2113
1036 1611
1873 1776
1283 240
1082 935
2109 1213
1586 760
1214 581
2191 452
681 524
1455 459
1362 2099
89 320
1685 682
1080 103
1211 786
1724 284
1443 179
411 947
1879 532
1319 1444
299 1833
1390 1209
1690 1560
2088 664
1379 418
928 1421
1991 398
26 1572
334 267
124 668
497 1419
783 1592
1077 519
1214 694
1502 1168
2105 285
531 1900
1635 1540
1662 1598
1002 990
2115 999
1829 1367
1358 2038
1285 1051
2104 1765
2096 1521
1003 1627
61 1892
44 1472
130 1403
2171 464
1995 988
1372 1623
1721 731
1033 1
671 1842
1532 1891
1839 1912
1411 678
2044 402
1443 291
579 1583
985 736
164 351
431 1529
970 956
1548 2120
1715 2036
1634 1609
897 1912
511 902
532 617
0 987
1369 311
1190 1339
109 142
1627 361
2150 49
279 754
304 677
15 1827
633 2110
1292 1960
871 1433
1297 1867
1362 382
1197 1082
1706 365
1554 2170
1109 457
979 241
1622 533
1704 1929
1995 1799
945 613
1113 1276
1071 1239
1665 1204
710 601
1886 1528
1601 740
810 939
1236 508
810 8
1182 26
121 1706
2146 323
940 1852
844 1659
1518 202
915 761
1609 69
89 117
188 600
2120 367
533 2022
374 1614
158 872
1517 1153
984 1323
511 708
1326 617
1323 239
268 707
1150 1173
142 1991
728 1908
1359 560
643 1983
1829 847
93 311
294 2066
391 282
335 1069
1144 1843
988 1819
839 902
1489 544
815 1919
1832 922
187 1410
1955 276
315 2028
704 405
452 748
1160 454
603 1683
1998 1691
896 1998
1919 894
1198 951
1310 846
478 903
800 1143
1075 981
438 240
458 2150
1385 640
2112 492
657 476
943 1863
2207 1920
1390 2140
1063 1916
775 1295
609 282
1776 526
22 1825
1908 759
1233 161
382 2153
2210 2104
1877 366
527 354
678 389
882 893
1615 1532
1499 591
64 1594
409 478
1098 1500
1826 2127
1113 1869
1756 2062
748 26
1642 1288
1216 1525
1719 548
1743 155
1192 1589
1797 352
2046 631
1966 1271
2134 1549
684 2102
2083 603
23 917
1299 13
1620 406
1973 1351
1873 1657
1754 1783
1754 1056
1086 1468
1361 1473
2125 986
21 249
146 2150
1247 379
1268 547
1864 1494
1179 501
2167 546
1464 1158
296 1139
1096 997
1785 1505
616 1501
1965 153
468 590
1650 1494
127 684
2194 1057
1557 487
2180 2143
1226 169
1462 924
1722 712
227 889
248 1525
1979 201
2065 1523
2106 1625
151 899
1171 1613
389 1301
2196 2031
1203 822
872 1007
1278 2042
933 681
512 583
216 779
213 2168
577 683
1983 1717
719 896
1910 178
2153 186
1816 818
50 976
1919 1260
822 1257
190 2149
2074 758
1266 498
2023 821
216 1805
196 251
581 1302
1445 2065
256 706
915 232
1229 954
1904 2210
1850 278
1337 1598
1976 1644
793 514
438 1014
583 727
1323 60
1246 896
1101 2169
949 1370
1987 1758
545 637
44 2025
277 1675
2114 1148
1396 1968
1899 1186
1202 312
810 1704
596 1156
524 1291
529 220
1829 116
1551 67
189 2097
1036 1859
1136 2187
782 2072
2013 1629
2025 801
1637 1298
991 1206
2054 767
575 1174
302 1362
155 1868
1849 902
136 1176
63 1108
902 1861
1156 926
1007 2024
1974 1882
544 1754
1507 1607
40 705
471 201
1728 834
890 502
1920 100
1743 484
149 1102
1701 515
432 2161
1439 761
126 730
2026 260
1125 470
123 385
383 1620
1573 2020
1750 1081
109 145
756 2014
948 800
2016 1220
1785 585
787 677
978 1463
2201 1348
1476 1621
904 146
1784 14
1780 752
1495 388
1489 1883
1798 89
162 1189
579 784
1969 1224
2082 2176
846 2180
1722 489
1688 2112
2112 1713
408 817
2118 1700
1281 1627
1606 19
210 1174
1065 2025
61 1778
219 1810
543 346
1672 1794
1255 1231
372 651
709 1371
1530 821
665 329
1659 1006
264 2007
1733 1271
1937 2176
1074 2210
1909 1303
2013 1703
836 1460
1736 302
416 1156
463 666
373 2186
155 268
402 723
209 1552
2144 1990
954 1920
888 899
145 1073
1592 1602
1490 294
2042 1206
1592 460
1031 1491
1023 283
1258 965
2054 2165
1366 252
229 898
1661 450
529 805
1634 1507
1658 1948
1553 109
1139 685
850 438
1554 1718
498 1996
1301 1461
1471 1705
162 342
953 560
1017 187
55 2173
899 589
887 38
1169 840
1273 1738
2186 1172
592 1952
567 2151
387 2012
1757 271
1044 271
421 1334
195 1727
23 598
355 683
1141 1760
1707 2110
407 637
121 421
1137 1752
705 1097
707 915
1662 1749
1923 543
744 2112
2193 1081
1909 100
2186 1191
1803 1987
729 1895
1066 335
1778 241
272 695
744 1904
1630 435
2173 1511
2116 1980
1994 1284
1922 643
1600 1310
563 1202
247 1038
479 1381
1025 1468
1775 488
530 2187
1835 1986
915 113
178 1856
143 1222
1266 1907
122 1705
1243 1875
1037 2013
1522 1730
790 662
1465 537
1294 631
1486 2080
861 1021
1561 1138
848 1660
1250 679
391 904
2050 1997
1987 622
194 1237
1789 929
2167 829
1063 107
83 1029
211 364
412 1671
795 1986
1108 1948
766 1323
200 144
779 1332
2052 1326
713 463
585 502
2157 859
1461 110
2047 440
1891 426
144 1046
945 1244
1151 1155
1514 1414
1575 1181
2012 1675
1237 1172
629 767
1867 1102
1938 1356
365 1889
1521 1445
319 2021
1249 1686
1493 1824
967 319
35 874
1312 2113
1073 118
975 1700
151 1682
292 212
1425 1519
1665 290
531 1428
154 984
1350 680
283 2079
717 1629
792 1408
184 2009
1494 1546
910 973
1300 457
1068 189
197 3
2033 126
1029 761
1804 1037
441 134
1757 834
818 869
48 1827
1013 807
626 343
1498 1758
688 1474
1578 1996
2100 683
1683 682
758 1795
1560 377
1433 0
1122 502
30 27
233 1993
2086 769
2123 1534
1232 1445
2169 1488
69 1836
1507 1836
203 792
1757 10
99 1499
142 262
520 2203
404 574
50 3
1167 885
1729 804
49 2009
329 1319
1502 1465
1585 325
2104 1884
495 937
640 480
783 1031
568 1631
71 790
4 1853
1896 1032
961 547
654 2190
1724 731
1854 1758
1204 1743
1909 794
1908 492
63 172
167 188
456 1139
1829 626
1846 150
1997 1544
389 1938
483 656
1902 1133
804 1358
542 1049
1894 395
1431 868
1970 1653
291 1743
1077 1478
1304 1107
815 995
134 1100
2213 2077
646 1514
1084 1915
808 451
1341 1154
651 2193
1695 1397
124 1207
1783 98
1589 716
2071 1428
365 1934
1955 1644
287 1978
2110 347
751 130
936 1323
1859 1109
381 81
2065 642
1486 877
1822 763
127 1653
1814 2166
812 2039
1215 1283
2135 685
752 1099
723 1334
1434 1830
777 329
1204 186
2109 1277
1192 445
124 1864
870 542
1258 1855
906 1420
1499 811
1093 724
883 1608
892 2013
1639 2092
1161 957
600 1446
1689 319
1326 852
1750 44
985 1186
530 1623
1984 842
344 1338
1250 976
2004 1043
277 1128
1771 864
2058 159
1150 1064
1644 33
1557 1994
423 1697
571 10
1445 1161
2131 1645
1496 2187
375 440
663 1692
1830 309
1212 1364
1225 1390
1947 1257
346 2127
1070 1295
528 1368
2201 1370
2143 1668
1684 462
1635 708
1126 1739
528 973
247 1321
363 2211
492 2185
1452 2042
1423 970
1426 1075
558 2121
57 2165
1097 1464
491 794
542 1197
707 816
55 565
151 716
764 741
1348 1161
951 28
1265 1948
668 1053
2104 208
53 801
2213 2107
1995 1968
192 2145
1755 328
936 1420
1780 1055
1032 2154
599 1720
702 957
80 468
282 489
1098 1603
923 1541
318 1336
420 418
1211 1384
1586 2029
1283 787
1437 471
1111 788
869 1705
1334 806
1352 2149
400 1459
387 2015
820 2049
17 1310
560 1290
1828 1743
1634 1268
777 978
826 2126
1807 488
1622 1992
1592 1004
1157 1660
921 1522
2013 1879
1004 310
1667 705
3 319
860 673
1563 815
1881 1305
1361 827
998 1174
344 782
1006 1775
302 573
738 181
438 43
1730 529
226 204
639 898
418 1121
1185 1599
750 2166
103 765
1391 1318
1210 1693
1088 1707
469 399
693 2054
594 936
1176 1918
947 573
2124 1103
420 1460
310 1028
22 1346
1065 1040
89 1550
641 1597
1869 1441
351 185
1486 238
2027 677
1013 579
516 1613
735 236
719 630
327 2179
68 1020
413 131
1548 2205
901 558
297 1217
422 851
1493 325
41 739
975 1756
1353 1699
27 722
1913 2032
2067 1947
390 1213
1421 623
165 173
927 1399
2146 707
643 282
667 314
1009 1418
1369 1909
18 593
529 2027
631 794
1639 780
1092 2169
1572 1838
1918 640
1749 1003
131 209
1189 1162
1392 501
1947 2173
477 1597
150 597
1489 761
2135 1976
1585 695
1043 1754
712 394
292 1995
294 1413
1760 1907
1686 570
2107 559
972 1288
397 1654
578 1954
651 986
777 1199
2149 796
465 1277
1503 2100
1428 153
1270 1734
2087 1582
126 1562
2161 1624
1460 1499
702 2134
1419 740
488 158
2168 1402
655 1582
2005 2193
1039 855
1080 1864
934 1811
1210 270
401 1015
567 1624
207 305
881 583
580 925
1712 126
1208 2096
1256 1343
1664 256
1197 1095
699 91
1130 1139
1194 891
2109 183
1517 706
1259 1824
1078 1826
2205 332
1329 1805
599 624
293 224
971 1982
1391 2027
1897 1523
2037 660
987 692
137 1079
1044 214
2064 1607
94 1272
300 1122
386 820
444 1241
225 1544
1585 2059
1457 1491
1615 2192
971 599
1535 182
1607 942
1335 1545
2007 926
1966 189
2184 716
112 2005
1221 861
690 1305
31 982
923 1200
133 147
990 328
227 886
1456 1300
1648 555
1667 1200
884 1307
727 1600
48 2091
847 1509
1962 1836
1192 1652
323 1868
2086 694
992 1349
694 344
132 1027
253 1768
2101 2180
1023 871
148 1260
724 2108
1960 1368
551 1600
462 1274
617 1924
456 1837
2208 625
288 1453
1565 1666
1299 1202
1943 215
1093 2091
2203 1557
279 1114
1369 616
199 410
165 423
82 1870
334 335
1972 931
1550 2091
521 985
309 1010
1135 1709
1772 1401
788 1352
2195 1577
209 662
880 1920
1583 1467
446 1372
113 1293
623 1546
1328 884
992 524
1837 1516
936 834
123 197
1516 198
710 862
739 1149
984 2104
1045 1026
664 257
473 1000
1826 1978
1348 1038
1471 221
276 1080
867 2208
1341 2204
637 1310
333 2075
730 643
1316 1814
801 1441
665 1670
1122 1521
277 800
1637 1672
1361 2003
1209 1421
1524 345
1263 1779
226 152
1447 2012
1392 62
1722 928
328 1755
1845 1750
1453 1874
1843 2071
2103 1100
991 823
780 1030
506 1952
2138 2081
1828 1140
1451 139
1115 2031
1590 196
1046 806
2188 1018
775 1408
494 1604
1506 2088
719 1797
932 1391
1706 770
767 603
1154 821
1967 1755
2068 1547
551 1475
1096 1786
215 1961
1775 739
813 348
1182 1842
2063 997
137 797
383 1428
482 676
1665 830
2047 1582
1168 504
2190 1981
65 1193
1870 1160
393 1148
1732 113
2197 2199
420 1233
444 1787
1420 26
744 90
239 1140
1992 864
1428 310
576 214
1933 2113
712 1938
365 280
337 1242
1 724
609 815
676 596
795 573
1652 1899
1059 302
2017 1941
1048 1966
1338 520
682 1988
1521 1648
923 702
2061 1816
1096 1491
107 994
1151 1177
1058 44
1047 74
883 1076
1511 1251
1333 1305
556 2209
80 493
45 1470
1507 979
1687 1372
514 1077
225 90
49 1471
522 1834
195 1595
287 133
2164 2181
872 1069
1741 31
1351 1887
1075 1377
589 400
884 1530
261 1502
1654 982
2029 531
1092 278
1251 1950
49 24
2095 427
102 737
1891 1365
278 422
1475 1656
1135 1658
583 2084
1061 1003
2156 1140
224 452
2015 85
1316 187
1750 1392
783 1809
1374 1870
1977 1811
1013 389
1536 386
1428 717
481 1401
1141 3
1417 1716
1228 76
420 768
68 1524
1666 1
1742 2046
881 1096
1113 738
1667 1444
245 1169
1849 915
926 101
1220 426
1497 321
1515 1312
2203 228
1447 1952
1804 1419
552 1599
1550 2202
272 1474
1938 1300
1170 1008
1723 1044
295 1475
1083 1909
218 1618
1029 797
44 963
377 1904
1060 2187
703 2024
1157 549
1829 1097
228 534
1667 2178
1708 2030
98 1555
129 1706
973 554
521 264
452 401
1913 359
1116 286
969 626
2106 652
2032 1428
1742 454
545 790
1792 1412
348 562
1422 1704
1544 383
846 549
1061 1519
1868 1188
337 1485
1359 1396
533 2171
36 623
1256 1392
1129 510
195 809
1827 251
745 944
1366 609
676 969
234 624
2038 1573
1597 1056
1828 1557
426 1494
1275 1030
1046 215
124 1814
787 1550
2168 1551
444 1950
507 2161
779 1491
1356 1615
2027 1517
1420 2098
1909 2083
887 2157
1456 1498
205 2199
1973 1494
1559 659
1627 2031
1294 1495
145 1931
1511 1771
496 1297
1237 303
1733 423
1251 1521
1380 601
266 239
470 2017
169 1690
937 2211
594 1633
618 963
1417 2100
2025 1587
550 336
394 2106
1651 1654
27 444
477 2051
538 1500
832 1358
911 128
1488 1665
1161 503
291 1857
1964 1475
1229 393
8 1067
2070 1167
38 1753
379 663
1181 34
2114 872
1348 1101
1075 856
2156 1677
928 146
1335 1365
83 15
549 275
1788 667
388 1870
1708 755
2101 2144
2203 559
1187 946
1990 615
1420 1907
1685 772
2124 2016
1012 710
185 879
1551 1082
1904 1114
978 1402
2030 1446
2045 1653
2020 1740
1487 1960
2133 2124
487 581
288 2084
1133 1563
1696 512
1284 2081
1955 2151
1315 1298
1096 1428
1749 843
604 609
858 206
6 947
556 181
1875 944
1446 618
1070 1180
947 375
256 723
1704 1316
1746 1703
1752 918
717 1806
198 1330
387 1676
1337 707
719 269
100 1483
1637 586
2186 1896
1843 83
689 1086
1642 511
45 1222
2018 1148
561 1927
1264 1744
682 1047
215 1766
1053 1687
551 475
1800 292
1776 306
1829 1736
529 1188
1977 2212
1032 700
974 91
1925 1753
534 452
572 2169
967 2025
80 1915
1443 1291
594 1020
589 1537
1570 1272
1424 2193
1200 2069
784 666
1424 605
1239 418
1798 977
950 2195
1769 495
2057 307
1739 706
994 902
415 1716
1168 823
695 778
1465 1520
2044 167
2183 667
59 1731
164 29
2122 2157
106 607
1963 1648
2127 1242
1079 990
1887 564
2079 350
878 1187
427 773
2020 215
1118 1965
63 1830
718 244
349 318
1104 938
1443 332
1987 165
1176 921
2173 1193
1143 315
88 44
1679 1579
1009 676
1750 984
2073 315
817 1090
1080 858
914 1124
2080 2014
822 725
582 1944
1093 804
1764 1322
482 1396
1496 1637
1863 1841
765 1101
947 825
553 1524
1988 463
867 1092
1457 1053
995 62
1272 810
597 907
180 263
1611 1119
951 2093
1438 841
113 384
2142 390
1963 1102
2064 1616
147 1987
1604 2163
474 528
1928 21
750 266
1638 1669
643 1200
987 748
895 483
802 1433
1404 749
1835 1230
884 697
723 1860
1199 991
1626 1213
426 731
1195 1330
562 2152
6 1744
750 1170
440 1742
1319 1868
1781 1642
1769 391
1992 854
1663 870
945 1751
1249 106
1313 825
1027 332
843 1230
469 59
290 2121
1052 1676
1961 1262
210 577
2003 1090
250 1033
1894 1642
26 823
396 2026
672 1424
1446 1713
1451 2028
388 978
1944 3
256 310
131 1261
145 2027
724 1352
871 1884
42 190
1552 1284
945 1100
2200 1606
99 535
1282 1408
980 1827
735 992
1229 975
2058 766
1988 836
355 429
1817 1055
1446 619
1260 1996
163 800
1893 545
385 105
2150 1710
1298 1756
1247 560
500 513
1765 1003
461 592
130 1954
501 779
739 352
1675 1824
237 1240
1972 1796
278 848
637 63
1699 278
552 2096
2207 525
336 1515
1762 1032
1404 71
1585 241
2036 905
1493 125
1026 594
1144 89
384 1991
253 197
796 2041
1692 1867
2208 1700
339 1070
1673 57
826 1841
1828 327
2167 1965
2023 2020
465 216
1926 573
535 59
1324 2017
601 1469
1926 224
243 2100
1686 2015
1560 571
1758 2034
2157 2185
447 1472
1545 57
554 988
1264 382
1544 2097
92 1464
1936 505
1191 542
224 1650
1601 1781
1613 1359
157 827
171 1911
838 245
1936 906
872 1039
1659 2174
1035 932
584 1526
3 1425
222 1034
247 1301
757 857
1574 1916
1615 730
357 27
1826 2156
1769 1647
145 981
465 1773
518 349
1194 35
757 98
629 14
584 1355
1234 352
948 704
757 133
41 216
2079 1707
2147 1957
510 393
855 980
2023 1672
1824 392
2106 983
194 631
523 1343
1251 1996
255 467
1741 1664
1677 255
2204 1413
74 1140
390 394
1880 66
948 1723
248 581
1863 42
1979 538
61 1704
1918 894
657 121
687 73
931 1965
1274 574
1009 681
452 1791
589 1453
1933 1259
874 596
122 1172
2093 1064
335 1596
448 973
2107 2199
1485 1020
1668 2190
1737 1943
482 428
1536 1399
1933 875
202 175
667 583
616 1071
2056 310
405 1905
1000 1647
1319 940
1774 470
1230 1716
783 1409
2194 650
278 935
429 421
953 2007
942 866
1057 1781
315 759
1710 2211
620 2079
1820 72
416 1494
1392 1466
468 2030
410 1389
608 1322
1821 636
261 1866
592 2110
2168 2110
1384 464
1048 514
403 1887
317 2143
1824 1525
677 305
1391 1916
1632 888
1180 194
401 831
573 1512
2072 1425
1464 1489
2003 782
46 1129
1902 610
109 1352
1630 656
1290 1165
1170 525
1381 1074
1744 196
733 34
559 2169
353 1025
765 774
2173 860
129 1770
1316 747
732 1599
827 659
1025 1582
1391 1211
1246 1482
323 2071
1441 1736
1725 23
1606 1762
821 963
1759 702
1478 1153
743 1953
2194 2008
1213 399
1337 911
677 573
1548 403
1115 909
1951 1483
1353 1593
969 1466
1736 1873
1957 397
572 1762
876 866
1915 69
728 2176
1591 466
323 257
1408 842
1847 2119
1137 1700
737 1485
177 1385
2073 2074
1621 830
1891 1519
2122 1278
369 233
64 1558
545 2128
443 1336
937 31
482 83
1511 697
148 1359
1832 892
1647 723
1079 42
820 2122
1495 1982
88 792
2075 1866
1882 44
1783 540
62 2065
419 2116
51 1514
1044 1102
815 1334
1584 794
804 708
302 125
675 969
918 1438
1708 2031
181 1545
220 690
2068 1935
1265 1197
356 1118
420 2186
395 2073
2036 1667
1613 1085
1882 1157
2167 2017
807 689
783 1218
559 1666
1456 565
765 1616
1542 502
1847 1726
148 481
1559 1941
761 99
987 1866
289 758
595 653
285 1376
623 1523
1511 856
440 1626
1598 1704
1357 106
1656 392
237 663
1428 1878
529 2129
1223 1951
1345 753
1511 2206
422 1203
1307 772
646 93
322 634
1126 1481
47 1499
1159 958
2107 1633
186 711
1901 2038
239 1923
1119 1924
1213 1216
590 1800
771 2149
400 911
1206 1870
789 2081
970 13
759 1871
1829 1529
1296 1708
474 754
1425 1166
1524 476
296 693
1494 1055
683 1277
852 2047
867 761
1243 1068
1033 127
5 546
1929 844
1057 118
1200 1612
20 1732
1940 414
1689 328
603 1822
2083 1981
1866 1006
715 335
388 187
758 429
9 508
1373 364
97 1864
1554 736
1587 783
1845 1589
203 1987
2057 962
363 1311
2092 2184
1677 1459
41 595
2132 1117
422 1182
1778 1859
371 2016
225 332
1285 675
294 1624
4 1477
421 1431
1748 937
781 458
1629 186
1474 1447
2168 1511
79 566
2156 1850
1329 1938
763 1422
241 738
160 219
516 549
1696 1551
749 1376
1648 1694
1775 270
494 929
324 1534
302 1512
958 1484
1289 569
757 1898
1242 1037
142 1439
378 453
969 215
325 2012
1676 98
905 977
198 707
1955 1139
1037 1325
2010 643
1839 1110
979 403
942 829
1172 508
624 1654
1212 913
619 1220
166 1852
2138 372
1063 1172
2167 246
539 1700
23 1756
697 2070
1106 1453
1108 921
580 581
1137 1285
1988 1047
1061 1780
1294 559
1165 1979
105 460
400 1212
670 2156
2079 1815
836 1161
703 1417
1048 1211
1240 1432
1038 322
1543 1545
1652 564
110 2037
437 1610
1821 2157
817 790
300 980
1506 1559
3 35
802 1292
1226 902
151 1963
623 918
1603 1264
399 61
316 892
1692 1424
1551 1028
1561 956
1800 49
640 632
48 991
1520 1368
1823 1347
557 1084
1467 169
617 178
2156 2187
1943 33
1741 988
2157 1396
259 1674
901 33
831 1338
568 2194
357 1239
1773 1409
255 1175
1049 1586
461 1589
1474 1382
472 1582
639 548
1203 1880
2030 2136
716 1111
1420 1299
1246 1671
949 418
1988 1229
1397 1864
1577 263
574 1971
331 924
593 848
281 1093
637 2200
504 448
1417 16
889 2027
776 1380
788 743
1167 1025
64 1767
615 819
497 541
1883 1203
852 1069
877 565
103 864
247 287
1952 19
1496 1970
132 1499
2071 1699
1152 1961
312 735
1489 1221
1995 1473
2106 226
497 560
1141 1230
519 1766
343 564
1198 888
57 1174
1609 2204
322 2096
1670 1846
1452 1313
625 2009
1789 1457
1958 889
2051 2128
759 742
1259 37
863 2025
716 1763
1050 1481
1782 1207
424 1200
1818 1855
1724 2201
2024 230
414 1175
2092 1828
1166 1046
1598 857
1902 341
1456 1650
1592 961
1792 777
1806 1729
1640 1256
125 920
991 693
276 1311
662 1331
1709 1344
1652 1389
1071 151
892 1580
430 1038
1179 131
1739 1849
1946 381
1988 359
1033 2092
430 878
270 1036
1628 219
1126 716
15 585
1434 1371
2014 1607
898 236
225 221
161 1337
1523 1815
2021 451
90 1918
1978 1171
952 739
726 2148
565 2107
2129 1239
2120 416
2024 2010
495 1996
274 671
778 1562
1012 244
396 159
293 726
1717 1703
2202 1271
2149 412
858 1960
1497 919
1564 1294
555 1172
801 935
235 2202
709 662
664 1029
1787 1479
1926 1515
1633 1143
1954 1067
1870 295
578 350
423 126
2057 644
942 1677
693 274
860 1466
954 784
110 1389
1854 2164
408 1300
1876 1975
1411 1814
1813 1289
932 978
1632 913
234 1984
1285 1525
615 581
1343 509
756 435
719 664
1154 992
1679 826
890 1681
1692 2082
863 792
46 1963
840 568
363 545
1663 1801
288 1065
589 1555
2130 1787
1717 896
773 981
66 2091
236 338
792 1609
1566 1386
1959 1694
980 1778
1991 1457
1293 1248
542 685
791 2101
1009 1969
680 1296
69 1664
1697 2034
107 1203
1546 1243
2128 387
545 1860
79 1501
1371 1000
275 1825
265 833
32 1167
1855 595
839 1237
113 537
74 611
25 1113
2022 1823
1085 1319
681 598
1915 479
249 1221
247 1409
1459 836
443 1291
2196 1995
710 296
1069 143
1592 546
1895 1621
1204 381
44 776
674 162
597 1478
1343 2008
672 732
1470 546
668 1417
51 2181
1478 1216
2032 1419
2107 879
834 1817
252 1073
82 1470
314 1023
468 375
66 445
1205 345
1846 400
1249 1055
1565 304
943 668
414 1903
490 14
1874 340
1038 1153
836 2134
1384 1100
1255 1026
2103 1720
2184 1157
2049 147
465 360
670 1057
2008 271
129 42
1676 84
966 1571
81 2081
1952 1638
1847 38
1202 1081
1516 140
531 912
1166 1746
1125 395
336 1611
2172 858
1364 1428
1707 2154
127 238
1758 52
738 1081
451 308
16 1621
92 722
1161 236
509 110
1798 2187
17 1924
1490 974
847 1441
1647 1610
175 1967
248 1333
1177 1702
1667 1177
1905 831
1829 46
1768 1063
2198 288
1844 10
443 219
952 1518
2014 90
2007 1010
1359 287
1821 326
1345 245
371 301
1872 1793
561 2078
218 1753
491 801
25 12
1699 781
1773 879
1037 847
929 426
2103 1720
1038 4
2070 957
561 405
359 950
950 1832
1349 1852
2081 24
1365 1670
707 2181
1664 1995
498 2142
1320 569
1250 1478
366 912
1525 1976
1842 397
603 2179
625 1138
247 1097
817 1268
1929 1563
741 453
1950 368
647 932
566 1076
2149 966
1048 8
473 142
1553 542
930 764
2134 89
552 1111
400 1501
1453 1109
1589 291
1090 1637
1130 189
1617 1552
1752 336
100 1036
785 501
1992 462
1878 115
1144 1541
583 1955
1375 2058
441 1890
1691 174
116 1316
621 344
1247 2087
290 1487
353 1335
1671 2192
191 2021
1243 39
1976 1088
1681 207
3 1541
57 2086
584 151
860 853
1533 1549
1692 585
1189 2192
852 812
2125 546
225 255
1618 769
1702 1516
2124 506
2065 591
1384 1312
153 1880
1871 2043
1924 722
1127 1502
303 752
1611 2006
756 967
2049 1761
1881 991
2203 1730
2054 1941
78 1738
2089 251
95 1244
314 1455
813 957
529 2198
10 1015
236 1807
603 2005
1479 1947
1908 1421
1452 1741
1899 1569
1960 1259
265 1007
127 2055
581 2018
1669 2105
518 1878
1836 338
1494 313
961 1394
816 776
438 545
1282 2191
422 1290
1904 893
573 423
959 1344
2168 324
811 1707
2122 136
760 216
138 918
843 2090
373 643
1892 1993
2197 1745
1436 1419
436 1963
116 351
1431 64
1377 1228
725 1336
676 1131
1541 1346
2040 2194
718 794
660 358
1021 2
1291 2203
1770 488
1758 1226
2001 1072
1837 1875
355 92
1012 1528
1087 1877
1193 205
1704 1501
668 1984
1036 2079
1688 2056
411 109
1393 618
1200 1795
715 1051
675 9
1614 621
2213 1177
376 1791
1963 1488
659 1464
732 932
1966 1379
2107 1665
639 1694
1833 302
1333 288
531 2017
862 88
1481 431
13 1010
749 768
5 482
2022 679
324 162
1956 1967
534 1581
1921 2199
287 1705
359 416
1074 509
2140 1192
145 910
1834 1823
503 87
591 4
1108 1711
630 410
1555 1497
1924 300
324 74
348 849
1415 65
216 1535
1709 1816
686 663
1900 1481
1237 2113
139 1967
448 790
1168 1032
1090 977
2171 938
865 1782
1308 1637
662 183
873 15
1096 1855
1566 339
1334 766
1270 531
1858 1534
1362 1440
2083 86
899 1806
219 561
1088 248
1861 2012
1287 1309
1358 1753
1171 1835
1943 1368
366 1803
573 468
1202 1308
427 1941
1785 1755
1648 1455
2156 2091
109 632
1129 1419
282 373
589 1075
175 95
2137 1192
1124 1690
2011 591
321 691
1607 1966
238 352
478 1743
2181 1515
272 1374
31 1951
1124 1025
1969 883
221 1098
362 1695
872 937
2022 1611
1847 933
110 1793
2152 1025
1383 1533
1490 2019
1944 1526
136 1703
579 637
204 1066
528 524
280 366
283 980
109 1062
792 1131
441 328
312 2153
735 1202
1618 182
1674 2038
409 1896
249 261
1982 1437
181 673
2126 167
1232 445
27 120
1787 1283
2119 1258
39 2171
226 1433
1302 1457
230 186
1457 1589
616 1909
854 613
2212 763
695 1611
323 738
430 435
1619 144
160 691
1382 195
436 53
2142 2144
708 982
554 2139
1584 258
1312 555
800 1297
1811 264
1662 1304
751 260
1360 937
1177 1939
1294 1040
50 440
1897 606
1169 406
424 1220
1849 1796
1575 2103
144 213
1441 1893
473 1141
753 626
2001 215
2111 1178
825 1497
924 1791
1517 516
1812 1726
677 1485
910 969
2096 2203
1406 214
1401 691
1397 896
2050 443
1139 729
1521 1028
1408 1550
2185 1650
1025 1448
447 1696
138 916
9 742
925 1054
364 1387
461 1778
342 2190
994 1987
2082 939
1098 716
154 959
1786 1116
420 1529
25 529
1403 294
904 788
2107 1466
689 1254
852 1939
1166 1180
2121 1933
1466 1339
941 922
802 1760
1769 1491
1357 808
1247 508
1608 200
619 1619
1146 1791
374 715
1983 1653
1140 994
668 946
885 1621
1549 1742
733 2183
239 1776
1716 593
625 1291
191 1098
1070 1082
330 89
1 386
1656 1448
168 2054
582 1968
1261 889
1940 740
426 489
1724 1347
518 546
161 1948
1485 1051
306 1095
1884 286
1867 869
335 523
1819 406
1998 826
759 1473
404 958
898 1769
1475 1580
905 361
271 716
115 993
1894 1976
1691 1505
1246 396
3 54
1611 1150
390 1407
91 1792
82 263
984 1175
895 807
1752 861
394 435
378 523
2029 1205
1979 2180
928 1509
979 1997
238 2063
1567 862
312 222
732 1743
604 692
1171 1673
2209 877
1251 677
1493 1177
57 1485
240 2090
1131 1408
1153 747
1684 1183
988 471
459 1976
1139 1564
550 1743
207 1061
1013 129
1993 570
2043 1143
321 322
785 267
1398 86
111 151
1875 455
647 407
2067 880
1265 664
1862 1932
1304 848
378 1674
1974 214
1043 728
1543 87
2069 1499
411 2028
1264 1907
1630 125
1501 708
1071 860
378 1469
1127 913
1563 548
723 1926
1612 1969
1272 1703
535 164
2029 109
1784 1622
1810 2135
1141 127
1714 797
376 2053
1507 1807
1555 708
534 129
1023 1331
45 33
421 1395
607 1669
492 64
237 550
1572 242
358 494
1535 1328
1336 1602
804 916
1004 1399
1031 584
1373 214
1276 2101
1000 1501
1736 307
593 327
65 506
1588 553
313 749
1986 1751
655 320
471 1134
957 21
1531 1887
510 1165
1701 1519
1856 1579
1148 524
578 2213
471 1398
2206 1874
2135 871
160 1599
61 1017
1215 2202
1040 2198
21 358
1198 2067
1400 1249
1534 1849
1127 50
1012 592
51 882
1387 1013
606 1997
299 144
1952 536
1138 2160
184 673
69 200
168 2035
2146 408
1434 350
2095 173
574 2187
1102 21
186 93
114 880
1538 993
673 1775
2078 35
1112 2066
1420 1764
202 1828
1950 1522
1362 1182
178 2028
2153 958
1347 305
342 514
747 1667
1771 553
33 356
1530 1045
441 2113
155 1384
1841 65
2206 1461
718 805
441 127
300 325
404 1468
555 1196
214 12
681 109
291 420
374 1113
1273 1064
315 1783
2033 2122
2191 1354
1783 652
253 790
1248 2173
939 1602
369 916
201 1609
1665 1380
534 1151
90 653
658 1342
951 1533
549 864
1025 533
856 776
613 301
75 1835
557 711
622 1721
408 502
1480 893
2210 1594
577 883
1278 1094
2169 846
2106 1099
1268 1289
803 17
1686 2012
1861 1907
610 1966
1244 879
1768 1537
1235 261
2031 255
706 435
1509 63
874 106
1730 392
436 1399
1843 625
2117 1993
830 1123
2016 2204
2125 2078
346 2128
1851 632
477 1208
89 458
742 1455
1792 1466
671 1457
728 1203
201 1625
23 2074
1167 1663
1637 779
1418 1455
1089 788
391 2189
104 1893
398 373
1891 1273
1471 1681
834 157
1578 1765
1500 1156
909 38
743 551
423 652
936 1474
1231 2193
2180 2117
375 1322
821 623
1085 1214
1503 678
719 1937
274 851
596 1985
1256 1298
1652 1610
1859 1869
1778 1408
1789 263
918 1804
51 1121
1699 1435
962 719
812 223
934 1287
503 631
278 2164
1511 731
1826 1822
1661 1175
1751 547
150 1551
184 302
1876 1375
382 271
84 2102
1115 599
681 2081
1496 983
1282 735
935 896
206 489
1065 588
0 1228
1772 607
1386 69
5 57
787 1757
752 1515
2004 1661
1662 85
519 738
1234 2071
2022 1575
1643 349
129 173
1375 479
629 1205
247 382
2152 1400
708 275
2193 86
813 2138
1576 2116
733 1773
1792 770
617 1591
2075 154
1718 210
1693 1724
1673 219
1673 1719
1812 617
1786 1087
2031 1441
879 64
617 2209
2040 1443
1876 316
377 936
2110 1141
110 2142
723 28
744 1872
1918 1205
1205 1079
2016 1050
1577 342
1726 1347
463 61
86 1236
164 2191
713 1856
352 1621
1873 60
1776 2137
1293 1325
2203 355
1508 1085
571 762
363 177
658 1353
659 1468
853 1966
2092 55
1454 1309
1753 1532
479 1950
1393 1279
2184 1665
477 358
1553 2001
862 1800
2147 494
1431 615
44 211
509 81
1487 343
335 1540
1892 553
1848 1855
531 942
60 895
169 851
1886 2157
233 1078
38 2033
1471 1263
1691 45
2046 2141
1960 2150
248 746
288 495
1718 316
1515 1963
1496 1520
995 1449
1394 467
1238 1829
417 2210
1696 111
1366 1330
1270 1804
1004 1054
361 169
2084 517
1660 892
1889 949
1827 300
1003 45
733 71
336 874
874 1745
2133 454
877 354
1750 1016
1826 276
51 404
2000 1669
787 474
1190 426
1366 736
383 399
198 1240
510 792
117 65
624 685
1059 1158
816 2054
294 1732
1738 1638
929 1704
318 1936
161 1036
1269 2107
1989 1487
280 866
909 2160
1386 2063
453 600
342 1007
2026 1353
1258 1790
697 292
1013 1603
1352 2068
1004 1253
803 1937
525 1180
1326 132
210 871
1943 63
615 1418
1564 647
500 1044
231 1801
711 11
694 725
341 1544
1280 1986
2164 631
1151 2174
200 1191
617 1294
1833 1665
1149 392
58 1146
2167 600
421 831
436 424
1185 1698
7 1488
2073 972
832 1692
986 1853
1496 1382
1086 2014
274 2159
12 1847
586 852
236 1785
544 692
1901 727
868 1015
930 1067
292 789
1968 731
841 1258
1090 2164
1463 46
2053 440
160 805
1383 805
80 1802
1638 1162
1769 555
1198 2114
1453 2110
844 822
1982 1188
2154 487
1004 872
2011 1442
1788 972
1288 746
1997 1163
2006 556
403 1669
2104 1304
666 2002
901 1735
611 1699
1436 1870
1466 1347
354 215
2210 1700
630 816
1410 309
1348 158
1068 396
864 101
5 2005
471 989
673 181
1572 1442
709 1577
1990 1715
1531 725
1678 1047
679 1560
1401 255
300 413
1845 38
713 1182
1127 124
1440 769
1671 1760
1289 2204
2153 395
1246 529
2197 137
516 848
2196 220
1696 1332
1688 1491
1737 250
501 1769
650 819
388 1139
822 1037
1390 1910
1870 270
1107 1335
314 632
1052 345
636 1121
1311 423
718 2110
1456 472
1538 1166
990 2205
1919 691
1750 1375
584 1175
791 864
1074 1954
1624 1874
1343 1574
316 2023
280 1928
1759 1559
83 1442
599 1193
665 412
888 1538
2176 1800
347 1029
1847 1272
1755 684
1917 1844
399 1267
1135 971
369 672
2031 657
1609 677
86 1467
1055 1354
781 1107
648 485
1102 649
1633 1919
876 1179
1289 586
1183 451
1101 588
1786 1374
1431 1992
1302 1777
897 1793
292 539
573 735
1919 946
1512 1786
285 2043
1532 262
1020 1930
1777 2051
339 1234
182 1494
1821 1486
929 830
384 813
2038 1628
1249 271
1537 393
963 98
149 2194
1159 998
453 2144
732 2183
1308 1557
428 2159
390 194
456 2180
791 1148
1175 1108
1634 472
2040 2180
1798 1696
51 575
250 891
234 1258
2136 1406
199 1072
868 245
2180 1702
1382 1624
1555 1600
2187 1762
1167 4
1162 1165
428 518
1906 480
1336 2182
322 625
1482 881
1859 851
2031 1522
690 33
1969 251
626 1736
1251 1731
1823 376
674 1803
864 1669
1257 64
1434 1959
1342 144
1408 75
864 1494
518 1595
1509 821
238 994
940 476
1213 1912
314 356
866 948
678 2173
592 220
741 886
545 1121
1651 253
1308 1157
387 811
928 101
1897 1031
866 76
908 1631
1642 490
751 1310
991 1081
1294 1795
981 874
1627 957
2041 454
1770 2142
237 1920
223 1199
531 168
448 666
1267 1231
745 353
1420 2070
1521 1219
1722 1520
1959 961
527 1767
1637 663
2191 380
171 2170
456 437
1780 11
536 276
1994 1859
944 1024
554 854
540 1483
1278 1852
50 991
265 569
1049 333
2067 583
1048 123
333 106
1253 631
967 1413
1068 898
403 201
1989 1888
41 1640
1502 240
404 1517
837 1936
75 416
2046 1448
1291 189
1076 1510
322 1302
1065 2171
439 903
136 655
118 2152
1931 266
1397 1865
66 1229
2202 673
761 1428
1435 517
1347 1453
778 979
1898 781
1468 1555
1413 886
101 1083
359 2086
854 1425
122 1789
510 1900
1412 229
35 1540
2162 479
2188 854
1414 1251
317 367
2074 1647
1834 711
1794 1052
1105 2212
453 1085
981 998
2201 1816
1195 672
798 1381
201 1943
1294 629
371 151
1251 2145
792 686
1662 1807
1181 1394
752 1499
944 1996
2187 1103
736 981
1726 508
1943 349
2045 905
2183 655
1952 1690
1084 199
1498 1277
493 22
1305 748
1498 714
1637 992
424 699
1389 48
2106 168
1767 921
1823 472
1893 698
273 2171
510 606
1282 575
1992 118
26 1442
1991 2036
1709 34
126 487
343 1877
1450 550
2170 1414
1499 556
389 2059
1559 2213
1691 674
348 884
1937 512
502 2106
473 1368
2158 674
1318 1695
385 340
498 1723
293 1302
681 1596
1370 1491
1603 1678
340 1038
2116 809
737 587
26 644
1308 733
1796 807
1517 1300
671 214
103 1254
1943 1590
8 169
654 476
1032 228
789 301
1162 452
1063 2155
1822 1565
332 1624
817 808
1987 611
1953 976
560 666
22 2169
585 2139
775 1290
800 605
1158 1190
792 1462
517 2184
2058 968
1958 437
682 407
1867 1320
1873 1135
679 2017
1084 1315
1326 9
712 151
1392 203
948 529
9 1787
2036 1685
1183 2038
2188 2002
1901 412
32 1973
338 1986
849 1025
1631 704
925 591
2154 284
390 1776
666 2042
1737 869
1086 1918
821 993
729 761
1958 1391
443 2033
1611 786
341 1345
105 385
2152 174
481 496
1897 1940
2172 2205
1558 224
637 188
649 98
1983 104
1250 871
370 654
519 1530
1222 1513
1352 1559
1299 673
801 590
1491 1183
605 1829
1628 329
710 1379
1810 1994
757 2204
1210 1189
85 346
1034 1379
187 898
529 780
1539 551
768 1272
1540 1295
436 1139
1832 1783
2137 1964
2197 13
327 919
7 669
1670 1712
1714 462
121 667
193 1295
953 238
639 1468
1505 715
1615 304
1764 1035
476 484
1071 490
328 1427
316 1824
1335 2007
2056 1434
1975 1237
992 237
1926 929
461 1970
2150 980
440 964
1335 141
776 313
2071 343
1029 285
1896 473
1020 1905
1493 1650
423 139
852 388
2122 636
775 1029
1427 788
262 1602
1279 1376
1842 1587
184 1875
467 1794
896 2079
169 1863
356 1510
1294 776
1725 2149
2048 481
1950 1983
300 1287
1169 1606
994 618
1546 74
879 812
786 240
394 1063
264 1032
2107 1173
1757 2036
1894 1367
570 1069
737 989
7 914
138 211
2163 782
1971 149
308 1970
1585 379
1667 1114
2018 1830
491 1149
974 1777
430 1574
1495 537
2188 1349
1203 1105
1507 983
78 451
1447 83
1813 1821
2018 688
433 1972
215 162
197 1206
1736 1316
584 1809
520 723
1403 612
815 1553
416 1111
1496 900
1502 1380
2067 1116
1606 1298
862 2098
702 305
2163 66
592 1385
1369 410
1288 2053
1369 603
1426 2148
1698 150
644 762
97 1192
367 2081
116 29
431 2091
1258 1128
1337 2145
2153 1471
353 2053
1086 1064
788 1903
283 1730
1269 368
1780 221
100 1690
371 250
1742 1057
1288 1038
564 378
1973 1152
1852 1008
1996 417
2003 488
1312 2199
819 1122
761 2126
1043 522
675 6
757 692
2191 552
502 34
1202 1185
802 517
52 1343
644 1964
534 2134
1985 3
2162 1236
1934 1533
538 927
1258 344
1847 1321
1153 868
1300 1604
1433 1928
402 1630
1495 331
1302 1629
394 2024
297 1001
932 1632
1570 625
431 1868
1964 363
591 937
52 1263
1444 767
672 2087
244 1255
1875 1188
349 682
777 1458
246 1295
1256 1769
136 319
1934 60
1350 2024
900 912
1574 1342
1354 1328
980 1183
1009 1787
2203 2200
1386 328
997 2021
1935 954
249 202
827 925
1666 1582
746 1075
547 373
925 1435
1736 1985
1131 1337
1676 1039
1216 382
1359 1204
1037 1304
1276 953
124 598
747 1424
291 1909
743 1688
1519 78
1978 1695
1176 1888
240 600
1990 382
773 1769
1522 53
25 1279
229 663
1080 156
801 162
2138 738
2128 1908
361 2140
1445 1028
622 1982
901 202
40 638
745 153
1243 2182
403 1540
538 782
195 250
1465 2030
1486 1998
1353 1157
985 694
2001 539
1826 606
1551 1656
2212 1529
603 1858
182 1881
1455 1285
1437 851
67 1334
1454 1202
2049 1074
1282 1705
405 1857
1764 1528
978 1816
543 29
1644 1117
1993 435
498 753
2174 1443
1429 1807
1135 20
1915 1053
1513 1052
1733 167
1553 1056
1228 954
633 418
1926 546
1723 1350
1119 106
1831 1486
960 1606
169 167
641 1434
471 1603
319 392
2135 1872
949 1921
1872 1833
1939 706
1805 346
1981 115
1217 664
252 189
603 1246
185 875
1113 730
1178 949
363 1785
1234 115
1469 468
335 278
622 890
1336 158
2086 606
2196 1607
1852 1132
2154 1083
1192 1894
546 1791
1125 2213
1803 1523
1350 319
1892 35
1046 692
91 175
126 2207
724 1720
36 2116
1813 1553
936 387
417 1529
599 239
686 1827
915 1181
848 2018
2130 782
1333 346
999 1124
1560 2082
197 812
204 407
1091 1557
1205 277
445 1311
1098 1701
1425 1828
2043 63
474 1094
1984 314
230 1134
969 2046
1303 203
2184 817
1076 1206
1377 2044
2067 681
642 1166
925 346
1261 1672
793 633
270 1621
1692 1828
1517 2172
1778 560
1882 211
305 423
98 2169
325 974
2080 1961
1797 1677
1376 762
96 1953
2054 1494
210 2129
832 1247
19 694
1745 49
1619 362
840 1435
497 1058
122 2179
1492 285
324 2108
269 1778
563 153
1106 873
833 1989
479 1114
1818 1564
867 1892
2181 1949
2145 2025
675 1062
1476 2132
417 835
736 2146
1246 174
1873 319
641 212
1334 1820
382 144
1853 1033
549 2151
1438 110
68 1060
964 777
1480 633
1975 723
1163 1757
481 1381
2161 174
39 1180
889 1772
828 1260
2078 267
1385 1741
881 1259
1388 805
1909 104
749 1280
1154 1019
947 891
955 106
775 1982
543 804
1667 1412
1068 1344
436 784
1651 140
1051 1069
1633 1777
841 2177
1110 551
1317 2093
982 1268
2088 871
1073 2066
1279 675
676 2003
498 471
604 816
1946 2022
1181 864
89 2125
89 908
188 671
1465 534
937 1876
2115 1522
723 815
2030 773
2110 944
449 1425
2048 151
2181 906
1901 1814
349 988
74 1909
1155 1487
2191 59
1685 2124
2114 552
1763 246
1065 2206
577 1458
733 1425
550 609
1005 1705
215 1884
807 520
542 1205
78 1121
1995 1927
1932 1252
161 1948
1539 1430
1417 463
158 87
175 2
1616 1700
136 1772
1940 1364
265 1443
1750 1370
1173 137
861 1392
103 869
197 1849
1072 1311
387 2192
533 192
1955 434
1987 686
293 1374
1592 1123
1511 442
777 1278
1186 2120
1335 152
1899 1223
1345 1857
299 816
852 530
1752 52
149 915
362 1670
935 11
1979 1283
2105 131
384 1008
825 507
1488 2046
267 180
797 1101
743 249
439 975
469 1153
302 510
2050 492
96 1675
1127 1293
1593 54
1539 768
599 2117
1367 857
839 1549
1424 1697
951 2106
1453 2074
1067 1008
1976 1367
525 1566
590 770
409 690
498 837
792 1859
1386 1696
1661 1134
1623 280
1115 1185
1511 1003
89 1274
425 1181
182 1812
42 1623
1487 1430
476 1081
205 1168
785 1823
986 1302
1775 495
256 767
2052 53
125 1023
1498 1669
1456 879
1063 784
1054 1920
1375 191
2209 1090
1896 1292
277 2019
1898 2094
278 1605
1666 1658
1847 165
1772 1330
1883 133
0 1481
372 819
1386 323
1165 1751
262 2096
1637 1453
1765 1079
1953 1329
905 51
1430 1528
511 1272
44 746
1410 398
812 2040
1911 1233
1319 1936
375 917
568 327
2078 1186
2024 1342
1920 719
2083 1591
559 2084
837 1907
1571 450
1472 359
987 198
1448 968
22 286
176 224
1054 925
733 1211
1875 183
1553 537
25 78
183 1532
2065 2076
867 458
803 314
179 1717
96 1849
94 237
607 1152
30 590
1702 499
273 257
1998 21
1529 814
60 874
1931 377
1087 50
481 368
1308 1285
2157 578
1741 41
160 1761
2098 2048
282 942
956 1345
967 1806
1862 31
1694 174
591 49
1446 1560
521 2138
1884 696
828 323
1336 1593
513 697
484 2083
86 1799
1699 471
2007 1345
2026 1963
234 331
205 410
536 513
203 123
986 1668
1595 1599
730 1954
296 1006
207 235
293 536
2103 746
2031 1765
945 893
1893 1141
1330 1230
2051 1626
1398 1583
854 1153
757 166
646 1735
1464 106
524 1851
1452 829
2170 647
26 762
693 1917
1791 1164
278 1
1772 2055
1919 1887
1821 50
153 1688
1679 1239
1240 1946
2092 868
1523 319
374 1258
587 1065
243 2208
1994 1220
164 495
655 2015
1694 996
341 226
295 66
468 2027
370 266
128 1067
507 1189
1446 1657
841 1499
66 1400
348 1325
929 2135
1720 599
136 1385
2126 1263
1639 1633
826 399
2155 1068
321 2170
756 1681
1386 902
819 230
1979 3
1778 1975
447 473
542 196
719 1822
1063 345
370 1480
142 136
2046 1141
1134 1561
573 1974
1285 51
1424 457
1815 931
1304 1687
852 1365
1954 113
764 2123
559 284
1063 850
1530 272
787 90
1197 1894
1378 1612
649 1319
1852 1818
428 369
1986 364
2029 2107
721 963
576 2209
1924 1157
1305 760
376 350
1195 1051
1832 1404
134 1236
397 2208
654 109
1843 1095
919 1007
478 31
731 2012
1336 1561
391 67
478 2178
1648 915
1856 72
1892 1340
434 1195
287 616
1912 978
759 914
2160 1264
216 1699
2208 1734
1669 1393
1848 1353
65 1513
1371 2051
166 2012
1646 1665
1604 429
1556 895
1243 2135
976 334
121 1038
271 1405
1762 895
449 68
1380 160
965 2156
536 1913
726 234
2162 1890
837 2103
2133 613
1566 2161
1877 1146
1037 271
112 364
344 2065
1440 1024
409 281
1233 568
1468 249
1405 750
1380 963
1628 355
1899 1781
499 1687
410 453
1373 548
242 1403
1982 1402
2144 1057
190 999
661 484
1301 294
931 1093
1080 379
1970 867
1255 1666
833 936
1967 73
548 50
100 42
1290 176
1607 885
865 750
1074 1828
1873 1733
172 1875
2193 152
1677 168
2065 516
1660 1482
1700 1744
105 581
89 1568
2008 1568
2000 2145
752 2067
196 1472
1200 1766
1205 2082
1503 1767
1873 1635
59 1958
680 1576
2195 1549
1199 1630
159 1709
1195 3
1181 1842
120 1678
335 746
410 1686
1826 838
1925 479
1644 1751
454 1232
459 1329
2145 1765
1682 1943
160 1505
524 911
2156 652
186 2126
642 1206
1630 389
691 1620
620 713
155 1738
1099 156
1444 1599
902 2050
1099 17
1673 2052
600 1159
1591 1377
427 918
523 1531
1564 1381
1915 177
1244 366
810 941
1019 1345
626 2194
34 1095
1953 209
241 1321
1413 1808
30 150
96 1994
583 1643
2013 1134
1921 320
2135 469
1913 697
2079 1044
1183 1353
1247 996
1609 889
2138 432
1941 1152
1502 927
1188 2001
997 1868
1466 1145
1942 742
1005 1274
285 472
154 345
1 1831
190 985
1491 544
722 1384
1925 1909
584 861
4 2013
1186 1516
1305 470
1450 205
873 809
1901 1258
434 1394
1468 164
1955 961
1185 756
1474 1836
685 1888
569 956
2150 589
2068 684
2024 886
1716 1195
1665 453
1158 1450
1327 606
1024 1089
381 1268
1306 54
1370 470
1573 938
363 1868
1814 15
165 142
1798 519
1951 411
213 147
748 459
269 2071
132 1400
1068 1431
1040 534
2143 1451
1830 598
523 1643
80 2189
2116 367
965 675
71 464
2153 2032
275 942
2165 404
1354 102
1633 1882
93 1290
833 1381
702 609
1485 2081
1919 28
564 1403
614 1591
897 1493
1387 401
2180 1444
1138 2082
749 1727
1723 75
1167 1220
1987 2149
1074 1923
1442 1394
436 242
1005 1519
2203 475
1514 1575
1008 1809
1571 878
1505 802
1083 1127
1747 1555
624 2054
1126 1042
1762 718
1771 604
306 680
1457 1417
228 723
908 1458
60 644
1548 129
16 256
1800 452
1584 1410
1953 1837
673 2096
1874 1551
1712 1271
1936 1636
151 772
1885 1101
728 517
853 1355
1962 17
57 712
1658 421
1071 377
59 824
1773 639
2060 1232
1449 1071
1532 1810
2075 1163
301 1680
2137 1035
1768 1335
115 1025
132 1687
716 1752
1745 105
1264 297
82 179
1333 1613
1181 1778
506 693
185 1909
1904 1033
712 846
2057 1501
1448 498
1716 902
1914 59
1636 322
1772 2078
1846 1020
1921 1814
1503 214
2092 782
632 783
459 45
1854 2199
2193 819
402 2007
2053 1584
964 1459
1165 1974
1981 712
994 641
2091 285
2134 285
411 422
1223 1269
1623 1504
247 1568
880 887
2099 15
1525 1323
1465 137
722 2204
751 286
1169 163
1980 25
1831 1808
658 1628
1359 688
66 771
1926 2147
2127 1976
16 368
882 1076
705 1168
97 917
324 1505
603 770
663 1931
159 1900
972 38
676 1987
530 1503
1068 62
950 1821
2143 370
1802 315
207 1837
1235 1915
985 1840
240 2123
820 607
1038 2008
1349 957
2121 1404
686 1063
1495 1333
891 1788
199 387
119 1088
1582 1090
2092 50
246 304
22 1676
206 1668
462 1562
265 1367
1920 233
1751 750
2079 70
1927 853
1408 538
706 136
126 1161
28 1128
1855 1569
1351 283
716 8
1422 1525
1993 660
646 485
30 519
1068 1864
569 1514
985 1609
1352 1382
1083 2139
2160 1409
1925 1815
