994 2001
1795 1953
488 217
384 904
2028 306
1513 2176
1177 1782
1337 1412
1008 1080
655 1341
1372 797
457 1749
263 102
1054 2170
117 1094
686 1580
888 2067
1475 172
819 1919
1695 1033
342 1692
1523 849
575 1757
788 2045
1025 1338
1960 2150
283 675
440 2160
1256 2104
767 1702
1655 675
1112 227
630 1803
1033 1420
1005 2112
977 1813
1982 618
210 2005
710 2012
1988 1223
540 1019
1736 310
1815 791
35 350
242 1725
1747 2058
34 1364
1937 549
1589 1073
130 929
675 787
646 2055
24 1745
244 184
1039 225
591 1868
931 598
824 1768
831 170
2038 167
1684 90
1502 1963
561 1550
596 629
396 1154
2131 1791
968 220
1318 217
1444 739
434 1666
1895 975
73 261
455 1083
881 2111
1748 104
133 1145
329 1285
1978 426
1778 1387
68 609
1719 725
1639 1469
335 497
259 1688
1409 426
336 1915
798 2038
612 1294
2156 139
1538 504
1862 1235
634 1978
430 1839
962 2092
1196 1047
924 1225
85 972
214 572
206 1979
881 1523
1766 1380
1229 1076
399 30
816 457
1152 1634
1443 318
856 1321
1712 2204
1245 644
1584 1540
1545 1498
2181 755
1050 1178
562 2114
842 1411
79 2167
1797 572
73 433
1410 1683
464 658
1166 1347
2191 1713
1110 1337
619 2214
509 1860
1917 1213
1685 1603
585 445
1209 1201
118 1172
290 1144
174 508
1844 97
1269 226
1976 934
652 1767
2207 523
1030 2153
1528 1256
629 1203
463 1269
181 1606
1990 1204
1356 243
422 177
1660 1474
1592 99
1377 188
1709 1548
840 1507
227 730
1182 981
865 1394
1687 1391
648 667
842 204
171 661
563 1412
344 71
645 1342
188 2165
2164 520
341 1992
1183 1558
1674 56
262 1505
993 1205
1654 334
41 1721
1861 569
522 1680
919 1566
1818 320
1031 1773
568 1310
1501 580
102 1509
359 991
1599 133
295 1519
482 1881
1462 1132
612 235
1487 2098
1882 706
922 551
1287 1423
401 1155
651 1822
1264 547
554 1748
1628 1762
588 978
889 120
1719 613
846 2077
1575 1748
1514 1648
561 1155
518 1179
1225 519
184 1542
1775 2065
948 167
310 1209
692 333
1090 947
311 1618
498 521
1271 1331
2204 1573
592 2192
2121 753
218 2027
1690 1364
1050 563
1404 382
2027 1796
2172 376
238 1592
1341 473
378 2177
805 1025
1545 1878
1815 1353
149 1914
843 738
407 1710
820 232
168 624
2070 966
1510 1147
762 999
231 155
2137 802
481 1411
437 748
1866 2045
1488 1764
909 2117
1166 1932
643 1236
631 998
1925 2034
1037 2201
1622 2150
1776 1061
1695 791
714 104
1258 2050
168 2192
1088 122
1732 428
1356 1246
2002 1422
934 1538
169 102
1596 354
1708 339
2128 665
450 472
715 1469
1811 2071
714 716
1495 757
472 507
12 1957
2097 1398
2138 954
1238 743
1265 1615
1946 972
1417 1438
1858 414
305 1393
1124 1505
1465 1427
418 874
1552 961
2023 1721
1694 2028
647 1948
1596 1784
1864 1588
1943 670
584 937
1042 1948
1470 1075
2183 1142
945 985
993 2211
416 1293
687 657
986 1599
964 1722
1309 893
1647 1953
1608 1618
1401 15
958 2178
1545 1149
692 354
489 1990
1130 1743
1661 1668
540 301
2173 14
2015 960
1392 1057
776 279
57 1681
141 309
1449 5
1627 870
1672 129
219 1223
327 479
1933 1304
1092 567
968 1837
1419 21
142 450
1140 355
230 704
378 266
15 1072
492 14
1771 1000
212 470
2113 1767
1769 1378
879 1295
2162 1289
1035 2104
354 1371
1626 1970
632 367
1039 672
1036 1680
1030 572
1670 476
1867 617
685 1913
1506 1323
701 52
1937 720
34 200
1778 2168
1976 1872
322 396
734 1665
71 233
727 180
312 1030
756 693
699 257
1034 338
1216 414
2119 59
375 1304
654 1081
1172 1347
356 1350
821 283
100 788
795 1785
1997 936
759 530
322 1659
716 1979
99 1709
1971 570
1092 825
1158 1567
20 915
1444 829
1931 2142
2011 700
740 1151
1753 2140
1850 1297
144 558
140 898
1538 485
1007 1072
1568 586
1284 1522
1847 1491
1001 612
1585 1179
1394 561
1766 2108
1307 2122
1800 638
1307 1517
1868 982
159 313
2053 1497
1204 2007
927 859
617 2139
1026 293
607 1264
1911 2007
731 1043
992 1798
1162 402
1804 1947
1750 1025
983 580
1273 359
205 448
1844 1585
1700 1957
2139 343
993 1036
755 1222
1341 1569
2088 1477
1122 605
1368 393
788 528
891 1525
959 1145
68 113
642 78
2042 2174
1325 2181
995 1443
2159 280
502 628
561 2212
339 1794
449 114
738 1071
1567 2036
1399 872
1774 2205
89 818
748 916
2181 1986
648 1884
1576 1235
1865 1448
363 263
820 1514
790 1235
1882 923
814 775
1642 2095
1405 610
1000 908
1287 1971
1063 1144
729 1399
1460 1113
221 61
980 1446
2144 1316
154 1669
1668 930
1471 1422
536 779
322 277
625 1542
138 1718
2145 1349
681 1475
1255 734
1163 1459
2032 1411
893 911
879 243
2059 1070
260 495
796 1747
2174 1067
141 409
1725 1443
1204 1248
1104 811
1960 1587
319 43
1255 2107
1363 32
1524 2113
117 562
1604 1779
630 21
638 526
1892 1287
883 1424
1610 1770
323 1361
791 1147
195 2143
221 2099
690 1650
875 268
1847 2079
158 1647
596 864
474 1687
403 799
1259 1362
1342 1921
1119 2090
196 695
1036 1742
1306 676
1134 1533
427 538
1987 539
1763 35
433 70
1982 121
1482 1136
585 1608
1035 323
777 843
931 681
1698 696
1129 1970
272 255
1215 1517
79 1625
423 481
1243 788
1330 881
1124 76
1151 837
1331 1318
1301 127
1100 225
2126 145
1946 1522
114 1479
9 978
480 345
1629 853
366 1898
1516 1336
949 1625
1864 1470
1453 2017
778 1081
1742 1752
2018 288
929 1147
210 1023
1966 239
307 671
2085 1598
230 1290
589 1703
44 1868
1706 746
1680 676
401 176
1881 2176
840 1114
1573 998
1391 1958
1482 2097
40 945
1532 1391
2021 261
963 429
1148 702
1977 685
691 1024
1255 784
1324 516
138 53
609 554
1155 1667
930 1416
816 1183
487 1200
944 476
683 1210
326 1103
1930 765
1379 548
242 403
190 268
1162 1043
1597 1808
1116 1809
365 1088
1510 168
413 1133
1569 1005
1515 1769
2105 415
566 700
1987 1110
304 2052
45 1432
228 1704
972 549
326 1443
642 80
548 15
336 1246
1664 833
389 1238
1361 2174
447 232
1456 1453
1475 933
1474 239
288 639
804 1593
1061 1167
687 772
1758 1586
490 2151
133 657
417 822
864 1227
1730 2145
1183 1500
1044 425
1924 1809
153 2101
2019 1007
350 1386
1562 56
1448 374
1727 51
907 548
1015 1212
123 1216
1070 1875
662 1850
34 899
618 751
905 1374
176 888
2037 1789
1813 846
572 88
1710 975
1521 968
1324 1321
888 129
960 693
443 888
1308 1771
845 1848
1989 34
1988 1224
460 1361
783 1730
348 386
239 1619
464 296
1016 1160
665 1134
1521 1823
169 1653
2119 407
651 231
157 264
885 363
2159 543
1758 262
1245 896
131 394
1931 1425
1500 2179
1460 1935
720 1529
521 1295
1032 966
541 2214
837 476
393 667
1646 27
219 547
1052 274
1656 1312
37 1236
1298 235
1255 551
165 501
2021 1235
407 1072
1778 1014
1200 474
310 5
422 2005
407 549
795 119
2103 1839
1775 221
1705 1017
503 382
318 1180
2205 2008
1934 1900
1737 1142
965 816
1984 62
761 550
882 909
860 961
2147 706
878 552
264 168
2070 1204
404 845
2052 2139
2063 1927
1633 1629
45 1230
1905 1959
136 1272
980 1764
1845 1415
138 470
1826 1811
1611 1258
2136 17
908 537
718 1589
1641 1773
418 208
1024 1293
1788 421
1289 1662
344 451
1031 1292
80 896
1524 2076
2016 80
715 916
1976 1049
1588 318
986 449
977 820
848 1715
1348 1301
179 1123
1839 1921
2091 1246
413 261
933 1139
1429 199
320 1907
769 1985
1512 1919
1607 1105
536 43
1411 1949
1947 1134
665 1937
1178 171
324 605
183 290
955 648
218 1566
1627 838
902 26
1996 2017
295 121
1963 1558
1980 1068
93 1226
558 1786
2109 1016
1327 1756
1063 1185
1060 1039
892 2044
1138 1029
66 1665
2209 1871
499 37
806 198
1716 1538
2062 141
144 138
353 1790
1527 999
2150 294
1444 92
1728 1890
862 2015
152 1389
1526 366
1663 2207
1455 877
2002 799
1254 2158
1638 739
1308 1991
1168 1463
1193 618
940 606
2063 1494
743 792
515 565
403 1793
303 963
889 1290
699 1940
1348 949
453 2175
1802 734
1912 1129
1161 2126
26 678
858 1476
1210 1708
1211 648
680 1808
518 849
2108 2142
1681 1202
1605 1262
285 1333
979 876
1064 847
2125 219
1059 1457
389 774
661 1859
1908 1556
1630 110
1485 686
954 910
607 1835
620 2177
2093 1819
559 1552
724 1253
436 312
87 1983
516 689
1677 861
283 1190
653 645
803 1968
1062 1190
988 827
1317 1909
441 1353
685 1358
366 1849
1720 15
952 1932
81 801
259 588
158 1282
891 725
1097 1421
383 251
1983 216
1013 1133
1697 2051
1868 587
1148 1680
1539 1393
1824 46
542 1228
1285 304
1887 84
1609 622
1850 407
1533 236
512 630
167 589
1045 902
1035 551
1601 355
1372 1509
1491 1861
313 202
221 327
625 1940
1794 1933
1157 824
193 1515
1675 595
1562 701
330 390
735 683
2110 1167
1853 1658
1385 1954
127 58
1125 794
306 1606
61 114
268 190
179 970
1035 1101
2045 1110
2168 1240
1345 179
1876 25
2093 2196
1298 59
1121 1655
778 1040
1475 1088
1359 987
893 726
875 410
554 849
1408 1457
428 1898
1850 2031
46 126
332 361
317 1337
1340 1573
1830 734
537 1595
84 306
1810 411
1384 360
158 1173
1254 2149
1899 1932
1410 192
1317 1410
332 1866
1050 1310
1673 2140
1524 1048
2051 1770
1454 512
1595 1091
1623 1700
379 700
2132 1935
410 315
1039 1721
1473 1509
801 1498
114 1160
997 1740
172 1013
1526 850
1070 34
2047 775
492 428
1979 1804
643 1134
1640 411
799 1218
1151 701
1240 1185
2171 1624
533 2032
1767 316
2093 1346
483 1837
466 1952
611 358
1578 1890
952 2005
1048 1172
1289 1913
1264 1866
1716 920
474 687
744 1330
1267 1726
1241 122
671 1344
2060 1583
1625 1079
1345 1331
1514 420
511 894
648 1486
298 926
393 1990
965 1250
272 166
1976 708
1244 1264
1392 1508
1381 2118
1823 290
1642 371
1497 1934
224 517
53 1326
1999 316
564 1970
2018 847
296 810
504 470
910 2111
475 1745
1434 2209
514 841
24 1373
451 525
1032 628
398 807
1100 644
1962 1225
625 229
2034 1543
138 413
1189 743
1351 1387
1536 608
1933 2116
932 1327
696 582
1693 658
1741 731
1317 1402
757 7
1928 1715
1517 1349
1823 687
1392 1047
2164 436
210 223
689 596
490 1229
1531 615
808 1268
1811 174
634 1597
448 631
1268 522
772 1504
1034 736
1865 1129
1398 1135
1350 2106
488 850
1978 1903
1371 648
1692 1890
314 1355
751 871
2086 1703
1899 1375
1834 1376
1811 1044
1044 1693
1862 849
319 2123
2195 1261
1253 166
1101 420
464 2030
1951 728
1164 159
1697 107
1400 766
514 205
1282 1991
821 529
517 587
511 1809
1828 1123
414 1934
1913 1458
554 131
661 346
1833 1973
662 1114
204 1326
242 614
1520 265
1335 717
1674 707
527 1566
766 1268
2085 1079
1714 7
1395 117
533 1682
107 515
1400 1369
1140 348
955 1481
503 1617
1018 242
721 760
1221 1226
117 1120
2105 1439
407 1395
1249 532
1292 1750
202 2135
580 2030
442 1301
216 1640
2103 1548
1473 1972
1538 1234
2184 1645
557 1612
1337 49
1955 1293
365 77
1781 1076
97 1738
1617 1120
1049 361
1481 2020
2197 1498
1181 417
242 2145
1866 1230
1928 1406
1472 630
17 1002
1833 70
1552 2100
653 1203
1856 1266
768 825
713 412
2067 2057
318 2089
1395 1208
774 457
748 1954
71 524
356 116
738 1600
239 331
1827 1010
1463 432
2031 1152
870 426
1895 1741
1947 208
84 311
1480 1248
1982 290
867 1378
868 176
2197 1626
1295 1069
1415 1128
447 1603
2057 1422
1989 1857
1377 1534
330 1143
39 1758
887 1474
1326 1115
1774 746
1825 1219
1331 230
110 93
1349 1166
350 818
417 431
82 1024
1110 879
997 462
1870 1028
2074 835
1043 2053
677 876
322 185
1895 1890
1037 1959
1837 301
2018 1894
27 1270
1550 36
96 1192
2146 1912
1364 1927
597 945
1250 494
2154 877
262 1849
785 1045
205 646
878 1255
1268 942
1381 2114
1044 1415
1839 1009
866 1476
1732 1036
967 45
1102 1829
867 1528
360 1122
1804 1722
654 164
462 32
1903 406
368 1426
936 2200
1041 1635
2208 18
1925 739
1035 337
1651 689
1498 1236
2014 1010
1670 1826
1723 757
107 2009
1463 1612
999 960
1550 1831
1537 1558
782 469
1889 708
732 1445
2115 1649
633 877
588 529
1545 1699
1241 606
20 1815
2144 1381
27 1419
611 1307
1782 1343
406 2068
1426 942
1514 892
1340 319
521 546
1864 2132
223 1400
1942 438
1184 1402
743 2062
115 2116
365 1202
2062 369
96 1675
2131 1989
2112 1457
819 580
159 268
567 235
1109 1029
1112 1673
1389 570
2151 655
218 1409
1122 1638
1089 86
964 158
455 1183
884 374
1906 1993
1676 1944
1375 2204
1112 1140
1206 1697
767 79
2188 2007
781 1683
2131 679
1675 1680
1348 1965
74 2076
1326 1939
1490 1761
1447 939
1773 1374
1354 1619
927 397
1771 1010
1833 1677
681 1172
788 1708
2166 42
592 1835
1788 117
1490 188
1559 872
1682 1864
1282 1150
657 1297
1606 897
1548 187
1625 213
1084 641
59 1083
1802 1393
474 1834
9 1026
806 1914
1774 1086
249 1722
1393 1990
453 1038
1344 418
876 1898
65 2040
2117 717
1710 1844
2192 1570
111 1350
1323 1878
1167 908
716 1457
1405 942
655 2061
1917 256
1740 44
1900 703
1168 2129
1370 1175
453 104
1208 2089
1319 1590
347 2067
573 1884
2065 1963
1483 1615
2213 972
443 872
73 885
1625 280
1197 2048
121 2152
1675 1451
1100 1122
1533 651
370 388
871 650
989 1183
1504 1731
1487 1094
720 439
9 2119
1980 1637
1056 1753
1775 127
703 1359
539 1382
685 1440
1156 1565
434 2180
1924 744
1861 2025
1054 221
2090 1755
30 1854
1567 193
638 1448
817 2093
2084 253
2116 2184
546 25
255 740
1739 1637
1941 1886
760 692
165 2051
695 3
627 815
208 196
1847 76
2156 1197
771 1254
1727 904
606 1110
2014 1282
1926 336
1531 1132
418 2120
1429 1519
1740 953
951 1287
848 1674
828 222
1097 1823
1992 2047
907 641
415 554
1911 223
743 2070
1308 346
2148 1855
39 1577
2198 2006
1268 601
1990 488
951 1697
1457 943
2184 930
185 2047
1260 1917
1960 391
906 1329
1490 739
2040 1325
400 1053
1286 168
361 183
101 1273
1004 566
1205 2063
972 851
1795 1483
1370 38
989 1080
1078 416
985 1546
399 839
1215 309
814 1238
256 1490
2010 707
1168 607
1094 215
1997 1273
930 894
2149 1656
1636 18
1343 95
775 660
169 1493
1574 982
2089 1124
863 1638
1462 1997
1759 1137
257 285
724 1694
350 561
2017 41
252 433
1811 1179
1363 1074
42 740
1602 86
480 98
1534 1214
2142 308
172 1233
535 171
1730 891
1837 1044
393 1545
1296 2170
2001 1553
1693 378
301 374
1090 17
1673 1890
843 1703
402 176
909 299
1779 1859
1400 2152
177 950
719 2093
1492 1837
1953 1275
1629 625
2079 705
279 1837
91 143
2014 966
878 1518
1276 438
1818 642
1411 442
1611 189
1869 163
466 380
291 640
387 644
103 1179
276 1355
2173 1740
1586 591
249 661
963 2197
1156 1639
700 2165
654 1005
1759 1202
1503 2007
797 303
477 2155
230 2159
1665 184
900 1505
982 1463
1358 1339
823 1176
291 138
1410 1346
1049 1554
287 772
770 1490
438 360
1770 943
1699 1673
909 1736
1879 894
742 1376
2070 677
1977 1070
2166 1577
424 669
959 1072
537 1738
534 2193
122 1721
1036 402
1828 2181
2141 1785
575 446
2013 1376
1660 1814
1854 1399
6 2177
1493 834
1419 585
439 1936
405 1073
36 2128
1592 808
1324 1788
772 1810
1679 976
1360 1310
786 1888
1889 1159
2050 2010
1912 582
1426 2081
1708 112
773 2119
1941 1597
1287 1754
237 1056
1536 303
1248 7
529 325
1321 1386
1349 469
1321 578
2155 228
1262 586
772 656
1081 2184
320 253
1980 2201
1281 1489
2075 1459
611 1394
266 75
777 1885
2083 33
67 1156
1979 1757
123 1398
2124 472
538 2081
446 59
2042 725
815 994
614 285
223 1731
415 1540
1309 45
33 827
1449 603
1758 1716
1449 2090
586 614
66 1001
418 1013
6 237
1144 1719
364 241
882 1920
1171 681
2012 1128
787 1413
793 73
352 2136
1630 1120
151 723
444 1535
1904 1938
2137 2157
513 162
2038 1812
715 766
237 542
1100 256
1337 2093
1754 1672
1504 982
1536 1311
431 1168
233 953
1755 443
1068 904
410 1328
615 1552
782 2210
248 352
1113 2041
585 841
1844 759
198 27
2149 93
162 2051
389 698
1231 797
1120 2139
1838 610
1554 635
943 221
2111 1095
272 1814
512 142
1733 758
1794 1230
328 1599
826 1069
1290 1559
911 788
477 801
1197 144
45 2076
47 1212
712 1768
1890 392
1842 1159
1398 1400
719 429
401 936
1184 1582
82 1824
1016 1407
1215 1489
1625 1669
2016 407
1795 562
1270 307
1415 1607
457 106
1149 213
1961 758
638 940
1742 691
556 1447
1202 727
1595 1134
2206 732
263 216
2035 945
1929 1911
1169 1711
1005 724
1904 1713
1125 90
134 2053
1754 1502
2200 536
1870 951
1727 1818
387 1734
1844 727
984 404
1612 177
733 1597
1780 688
1093 2132
577 933
727 344
910 432
1844 687
617 2037
1770 184
1140 1509
1317 1992
349 1941
480 501
1592 748
1516 327
2003 1814
982 946
1643 591
1213 833
1503 1153
715 1791
1470 2168
1828 907
1473 1949
2082 889
794 1648
2159 1572
123 1313
388 2150
1564 1948
524 151
1403 350
1966 2110
393 260
1739 317
1318 1897
853 1710
954 1411
1074 1697
178 1929
166 1933
393 1062
1242 763
382 1345
2044 959
1677 1153
2044 94
1538 1224
1553 988
889 2118
778 159
236 803
1619 234
1792 2155
531 1280
374 421
1949 1195
1840 896
117 77
1059 700
344 569
219 216
72 2110
620 627
2066 658
1036 1331
197 1672
1574 209
1713 1161
2104 637
1640 1410
840 77
505 2183
1635 235
278 2095
1352 860
903 666
415 1736
1779 104
1192 168
578 1647
1261 166
687 1301
2156 765
1466 109
801 2005
261 1052
1115 492
2197 1003
1438 785
1136 1892
917 1331
997 697
1704 89
755 218
198 1701
1820 453
2179 1416
1956 47
1447 785
1266 134
624 705
1663 846
568 24
1606 2065
937 1578
1793 1357
1565 671
2155 1096
1425 944
1558 861
858 557
712 1778
14 1953
1084 529
688 1330
628 2202
653 2162
1077 343
789 101
1604 1444
1768 1246
176 1476
1952 284
1297 1193
686 1061
1138 596
2165 2034
1811 1856
980 2091
388 26
1117 1748
403 1673
799 1187
509 1294
1914 994
840 1784
41 1547
1876 710
29 781
328 256
411 209
731 1659
2167 1056
1881 377
116 1899
1890 346
471 51
432 1528
2063 746
1881 1205
2116 2025
1385 655
1843 1302
890 2081
55 221
1319 414
22 1441
2146 1593
242 1522
419 1433
365 272
1207 276
2099 946
1373 906
1420 427
1177 52
1650 647
763 385
483 639
113 1562
491 651
1642 131
1184 1872
1394 2154
824 1378
2126 2060
773 911
996 1720
1315 864
365 1908
2165 119
1451 399
586 1964
203 2084
2047 2140
928 1341
642 1527
2048 1949
2173 657
2189 552
794 1765
637 197
1742 783
616 531
210 1222
2041 212
978 183
1026 295
694 2083
2072 248
342 164
1353 1186
583 582
2138 44
168 1035
1632 36
448 2177
2143 1225
281 1020
1843 1956
1380 1685
230 517
601 1682
1104 17
2135 577
2014 615
536 1996
2101 1074
1346 1802
1293 1600
556 239
1411 1505
2047 1438
1175 1888
2036 1218
335 1381
876 1019
121 1520
1405 98
200 1385
1540 847
2194 828
1918 1150
454 839
1996 2
1151 1379
2027 300
447 1443
1517 682
991 1541
1838 1343
2023 1409
1786 1351
1048 1262
1390 404
246 763
1005 2204
1653 1520
2156 246
1505 1283
1562 143
1514 1951
1967 484
1255 575
812 480
677 1342
1211 2084
192 301
244 1556
2008 1515
2214 550
124 1173
1066 435
1586 474
1590 1745
974 1218
883 2112
755 1245
2014 1110
1627 277
1565 459
1106 1852
2148 588
1499 217
919 1416
1238 280
118 479
112 472
1007 1689
362 598
247 1731
2149 665
410 33
941 953
1317 1715
1347 1935
1200 1094
1941 1217
1327 1438
2084 1091
762 514
833 998
207 102
777 2013
1311 400
2038 2012
600 1307
1024 755
1622 4
1352 1371
2106 670
139 1035
2131 1465
1074 1574
611 303
1386 1891
1279 711
745 1915
25 532
855 521
1248 1803
545 1299
1879 1431
2168 290
1836 112
1244 52
1012 2057
107 639
213 1836
1621 1726
1614 623
37 1186
524 967
756 1737
2128 1491
773 1216
2054 583
221 2213
626 645
875 934
410 2078
1136 379
2077 215
1832 1283
2075 1867
2109 501
1762 7
289 770
1286 1658
59 1939
1669 340
1218 2096
1155 204
1343 2188
777 179
64 490
2034 480
1064 2118
1508 2126
104 1024
1995 898
2212 1120
1929 1665
2155 1405
2072 2146
1828 164
1386 1064
1937 1076
8 729
663 1612
459 72
1862 838
812 1606
996 73
1463 230
563 199
1260 1007
2036 1131
1579 1859
444 727
274 1031
1575 1648
579 335
624 1191
1877 744
1102 12
449 448
1870 1244
1605 1020
647 299
941 131
734 1556
1358 1922
1303 794
1518 1018
192 1004
1438 1640
1216 1710
191 1204
1895 2213
1028 1668
2181 554
1566 1111
149 1268
1613 1523
945 1470
979 639
940 1433
1764 2151
1277 842
496 5
1195 2205
2073 392
1823 286
1252 894
186 956
1738 1193
1361 735
662 1293
1957 830
313 2149
1877 420
1770 1333
570 328
968 628
1227 1898
1210 682
1934 139
674 581
1255 1946
1772 1035
1614 1495
167 767
2145 1117
732 2160
124 922
43 935
297 763
853 1627
29 707
679 1780
53 545
271 1440
2075 930
647 2141
386 687
576 1571
1622 635
970 1274
1396 1461
1786 644
892 623
340 449
1244 1529
386 1490
1644 2056
1929 1295
291 883
333 2164
750 1814
1072 812
610 898
949 1248
1224 1957
879 253
1915 1441
1217 159
805 1453
359 87
1133 149
2190 230
92 134
2022 18
1085 162
1724 1073
1441 2101
519 298
1550 933
82 1078
571 280
2037 925
112 780
927 1570
879 167
2141 1990
2212 1172
374 876
294 1933
1980 540
1082 2110
468 1518
780 1168
1211 1803
1538 1260
661 2184
1609 779
1976 65
2109 709
1314 1110
2193 390
1012 1800
1929 55
1114 139
1045 2203
850 1427
521 1404
741 563
1560 1819
2026 1041
1008 2136
1768 1461
783 1199
294 1367
1656 319
27 707
1524 691
506 1137
1703 1660
2162 689
1179 753
271 494
1615 900
532 815
488 1451
2058 1797
893 420
610 1138
1062 1154
310 1586
904 1877
943 965
377 962
1943 383
616 611
1743 1964
605 347
1624 528
107 1529
354 1149
1224 48
968 1275
1946 1777
1887 1839
18 427
1962 191
2157 1870
2042 426
203 366
2107 1732
2007 9
1188 403
867 1364
30 1624
1287 965
663 572
2101 1959
319 1355
2208 1189
1943 417
1869 159
1623 73
1389 2135
980 709
57 2000
2056 1525
602 1970
307 1529
1385 1004
704 1818
2110 839
710 225
1243 1324
1769 903
263 1648
400 1685
914 156
2073 2051
1504 2099
761 1434
222 795
1753 882
1569 173
1516 1891
1470 754
637 2068
141 475
2101 1387
1494 457
800 1435
1180 1034
1785 797
1310 749
1564 243
73 2148
1758 575
815 608
208 553
1894 2115
1311 306
475 1366
470 785
1329 1732
444 1557
37 1822
1295 2110
1232 338
560 884
492 300
1127 99
6 938
1252 848
552 1226
977 1012
650 1723
681 1174
881 1955
1075 793
502 1612
116 369
225 1403
314 1703
606 1649
285 1845
510 2182
2133 1404
915 66
2052 807
1835 1318
102 489
44 151
280 1930
756 724
456 317
1495 944
1707 2209
1888 590
2096 1895
1160 1408
420 1394
96 2025
2176 1542
1797 1201
402 1280
1795 1539
457 1972
1939 376
1206 422
1286 2179
1609 1538
199 1504
1467 1773
324 285
1117 2005
1250 1440
2016 1161
590 431
2044 1552
2099 2211
1338 549
771 1722
1745 1554
708 67
278 1441
1369 491
608 2193
1196 1391
1454 171
83 1027
634 1805
1492 2121
692 655
1545 1858
1946 214
1996 1488
1706 442
1077 1578
1468 1928
1125 136
1 86
1192 488
1757 1802
847 58
1586 144
1486 1891
1604 896
440 87
1450 233
741 1067
753 278
1646 703
1592 1020
258 1624
483 1051
175 1165
1922 979
550 1888
53 1634
1573 1428
792 221
2064 1956
2076 1558
1850 2103
182 1692
111 1646
501 1405
273 1450
1145 1209
2062 427
37 1543
994 1918
533 1866
495 1675
218 410
804 884
1672 1300
1017 1185
1591 691
1676 1391
1783 1363
960 272
1681 1710
2182 918
969 59
1304 1160
2046 1446
492 1658
765 209
1290 978
1987 435
952 1669
2026 368
1232 2016
774 1409
1473 406
778 1459
1551 1050
1824 1173
279 1869
382 437
1297 2116
64 240
184 1546
1395 2175
1530 1623
1843 1141
2073 1242
2081 1470
517 1598
1912 545
107 1521
588 86
570 1979
188 202
152 1198
1961 1446
1758 632
199 1195
1364 1454
146 472
2066 2109
769 255
1731 344
478 2051
1356 1980
1189 2049
1151 1574
1858 346
764 371
1498 2204
765 1299
37 65
1236 346
480 725
961 1785
387 1840
235 38
474 274
2076 501
2091 55
1563 1583
1969 1171
1271 1528
1420 1391
1907 406
1345 658
998 1186
280 2032
689 1319
2020 1824
1424 93
1269 549
893 1634
651 1330
1245 1607
279 667
1341 964
1523 1810
2059 462
609 439
1461 1995
1172 1852
1035 168
1739 1007
826 1994
1491 991
1666 1258
1240 65
1728 573
1471 1014
398 315
733 227
1378 109
923 832
1817 1403
1633 915
706 1046
727 1888
1914 466
1317 718
1904 1879
1980 1538
157 1685
374 936
1779 277
385 819
2098 1058
870 415
1446 1390
215 2039
2143 1587
1495 1151
1541 1136
1547 1941
820 1591
1285 1557
763 764
1289 351
332 2071
753 1891
192 1033
1468 538
784 1287
2089 1642
34 1389
1081 849
1241 2191
694 1064
1905 163
773 2029
291 2088
39 1312
1607 1644
1064 207
1431 990
994 1539
1858 2123
817 1319
482 1949
2211 585
94 1577
2137 1428
1911 1738
765 13
1798 882
464 1632
469 1907
53 1422
80 232
2102 1014
1962 1807
401 1596
1709 134
2116 1267
64 816
805 1602
1998 172
56 2101
1539 160
381 44
771 162
758 1726
660 1416
704 666
1629 939
1268 1072
1734 1441
1683 1838
821 816
340 234
1032 1268
328 1347
406 1005
1347 2032
388 811
13 178
2191 1
1415 158
1702 1044
708 1938
1037 796
2201 632
807 969
1273 941
921 581
1703 1580
434 2021
1396 182
1819 1810
626 1461
2012 2137
453 1691
2000 1476
961 84
0 264
672 522
297 2196
1667 1885
1347 183
204 1166
1231 1236
173 1205
1217 1026
1158 1168
1318 1939
888 1534
565 1290
408 1188
1966 550
1293 1472
1866 1326
1919 1714
546 550
838 1490
1148 778
1097 83
179 800
957 1257
617 944
1074 1881
1193 1155
1837 495
1425 680
610 164
63 2064
199 1495
1231 2190
2155 10
887 1629
1989 424
1778 1908
937 894
114 810
1271 388
869 260
1121 1069
2103 564
1922 1634
1411 725
1204 2206
911 827
168 548
246 2054
1071 664
1973 262
1777 1723
1554 522
2143 1269
443 293
1911 801
1120 1954
293 1145
117 815
2093 1254
552 579
194 1866
1053 1012
1340 1195
1307 1846
2072 283
2121 62
2177 504
932 1458
1139 386
508 1889
120 173
1770 1344
816 1292
1632 1585
2001 341
1592 2004
1024 964
743 1602
239 280
176 1743
778 47
525 472
1640 1027
1628 2167
73 445
2033 145
1805 476
1515 385
547 400
335 1476
1936 1083
2159 616
2114 28
2048 1100
2210 848
1413 860
308 82
1919 402
2045 1197
502 1894
1108 695
1624 596
1711 461
1014 1674
1192 678
686 1044
1727 1551
1236 2192
197 335
809 1877
826 1716
1776 580
1088 2210
868 1803
1415 1024
1432 966
1783 1570
1583 944
1513 60
1009 2043
0 107
681 1580
1915 1730
426 1973
713 731
105 964
2211 981
759 1641
1666 229
34 1869
2132 1815
1558 271
1179 125
1985 492
1287 1181
1593 76
1714 1711
567 2119
1463 566
1801 1747
833 865
510 1653
387 1190
63 2090
1139 196
476 997
708 2175
434 751
438 802
1418 614
843 123
1716 1570
2161 923
1608 677
219 1922
2002 422
2182 2102
1291 1558
1407 168
1052 1868
1504 2074
1301 2050
980 368
1223 424
286 570
203 104
1878 1524
366 263
473 1924
336 2211
738 1137
994 805
577 43
531 689
1556 1635
510 2201
1862 1066
570 1523
1655 984
1831 529
517 504
410 2147
596 1538
1955 1108
1594 1186
1504 338
768 285
1777 55
84 564
1168 106
1716 1537
894 1454
1784 867
1285 1288
267 2125
2061 1831
367 1155
514 1685
171 62
913 993
682 1844
1577 230
1560 1571
1033 616
334 1367
929 486
1966 910
286 714
1107 210
1096 1936
887 129
2181 591
788 11
1594 238
2023 1223
2194 480
331 1156
1265 2013
548 382
19 1398
595 700
2149 970
1388 162
622 1472
1372 739
1160 446
563 1625
826 117
7 211
1926 1032
137 555
1454 2152
14 923
670 594
2066 1119
598 189
1224 708
1034 925
1960 145
1605 612
2133 1502
756 2098
2044 1427
1250 1647
1200 673
371 1870
1313 1738
1015 828
1739 1438
1918 593
1070 220
2026 767
497 236
1774 1924
152 248
16 344
624 926
740 540
1873 583
1270 2025
544 394
1704 173
1522 1651
1029 379
463 1815
19 2065
904 1532
871 1866
199 1050
2193 353
1428 1156
519 1155
189 1026
1693 1851
1712 345
894 793
262 666
981 1627
1836 918
1131 2210
1363 648
1614 910
604 1606
272 794
1320 1664
2182 591
951 375
1650 1974
1954 1918
840 2045
2111 749
1356 369
294 1375
1405 391
181 1453
2003 490
268 1973
1378 1530
858 590
799 800
137 2054
840 234
1168 122
533 1567
35 668
1465 1393
1590 60
230 436
499 1836
696 1164
583 1343
115 908
218 1490
80 2064
626 80
1818 2126
1629 57
1801 527
1199 1092
1005 1794
923 1316
135 1936
1964 94
1055 2075
691 939
848 521
136 199
1617 1823
981 1541
1049 1135
1029 2100
1196 1706
2110 1310
1797 880
1503 1396
1890 1190
2024 757
1600 140
1117 972
1948 853
597 1098
1001 975
1514 1789
1269 245
1241 350
704 293
1783 1435
2147 314
60 2174
1142 46
371 110
446 1844
1174 586
1790 1557
1253 529
1283 1208
870 1109
823 1617
1474 1216
1557 591
2027 367
2164 381
1808 408
349 1833
1812 572
642 1543
1520 195
2116 1448
930 1077
1098 1072
1145 1778
2200 60
1749 774
447 952
2030 168
967 1238
744 559
108 2147
299 909
1776 1155
2113 607
756 894
38 780
1533 1236
1435 1818
2156 376
783 183
500 224
1689 1824
716 1582
1336 542
1675 270
1693 1735
618 922
2161 534
145 1644
137 58
554 1401
796 2120
1922 174
1639 667
587 692
1380 674
1396 133
839 522
484 587
659 595
1065 1727
2081 1035
681 1528
377 210
1478 108
204 902
1618 1035
474 136
965 362
1980 2081
1101 1686
1157 848
2200 469
2192 1567
1476 91
654 1092
861 318
1362 198
1855 1503
731 1404
1059 818
1408 1356
225 1944
2097 1777
157 166
502 2046
1704 465
430 441
1867 179
1403 74
1636 386
2083 1301
2164 1439
1888 1819
730 1532
415 1985
137 469
154 83
1595 1114
216 1204
115 190
1800 1003
2003 1730
187 390
297 133
775 1355
155 1778
747 1090
878 1253
1802 1008
152 2158
1404 391
1611 910
983 2063
16 550
776 1013
270 2069
1410 2127
1438 1692
1580 831
691 845
100 1358
454 427
2036 1239
1784 1919
1722 1984
1895 2091
744 751
1584 2099
539 1816
1369 1709
1393 283
270 506
1044 1294
418 697
858 1319
644 1208
890 1279
1776 2206
896 1360
2058 759
611 1059
1244 1136
1436 493
83 1784
1425 1852
815 624
462 29
1006 357
1822 1176
2069 1307
167 1159
1650 2005
1148 1975
877 531
135 707
93 117
1080 208
1182 1848
2130 299
727 1505
328 1325
610 1772
1617 1336
595 781
868 845
491 1629
227 1303
236 1400
2170 636
447 1856
1581 1431
2181 1563
407 2133
62 1843
1635 1829
1000 1996
123 48
780 1704
1508 2036
1873 1292
555 1052
1475 725
1670 637
913 478
1141 81
2042 1843
1307 643
1142 1737
1249 1144
1326 1811
1252 192
256 33
46 777
549 328
628 90
103 2092
479 2021
845 1853
1555 2120
2053 522
530 631
1293 1723
936 369
1988 1267
2013 2093
463 933
1001 1105
1718 1616
1163 1514
684 1957
1000 878
1380 253
1617 267
1357 1577
1608 469
225 1030
1339 799
864 980
2132 1522
1654 2097
713 436
451 868
1601 328
20 908
1859 662
674 871
235 888
1103 1981
179 1418
2155 1369
512 1580
2114 1480
594 1372
919 879
1138 1035
701 1035
1427 831
2006 1573
389 1649
1397 1925
978 418
1465 396
1106 1790
232 1987
2058 1966
1156 2179
1057 847
289 1934
1293 1994
1244 2121
565 313
1605 2038
1298 1058
184 780
474 1603
1382 1576
1599 1726
1609 1713
895 717
2092 1728
1029 458
920 1053
634 844
1058 291
172 290
353 1796
2145 2165
1543 1711
465 161
1215 1126
1864 1691
1559 1161
362 729
634 404
1573 705
1029 923
1170 496
2193 15
867 662
842 381
813 2151
2183 1997
304 58
20 1587
863 430
251 1825
1943 483
2036 1075
1226 1591
1904 2104
1532 1489
1470 1242
1652 1875
1635 1625
1033 376
1831 596
440 1162
769 497
1789 2034
1081 1271
2030 748
1251 946
1682 109
39 658
376 1012
1834 1764
1423 506
2201 646
1092 1226
2010 1160
828 668
1503 450
2022 1387
2079 1660
1455 546
1583 2033
1031 984
189 55
1317 640
1186 1463
1777 1096
1143 955
1154 2118
632 41
72 364
2061 120
812 1932
1685 2020
209 2038
176 1289
788 1078
1204 630
1797 1899
1915 1776
1575 2210
1729 1417
1538 1632
463 990
1757 1795
226 813
2019 921
1632 1198
597 1075
792 1097
1472 215
1438 1383
1421 1133
1657 593
1847 2063
58 685
834 700
671 1024
901 561
1704 772
1296 964
1686 1440
370 1615
821 1783
99 577
1537 27
297 874
1531 1937
1055 743
760 364
1972 746
633 384
388 1290
525 1876
679 768
627 250
440 1780
1046 689
1831 1649
1297 1251
406 1444
1468 1971
736 333
1224 1564
482 1561
1698 910
1382 992
1324 1793
189 664
1087 1370
1023 1292
267 619
656 1004
2132 1618
1374 2104
738 1985
1193 1771
1312 340
1795 761
1255 2211
2007 2122
377 305
95 591
403 349
337 403
1648 437
41 1986
1950 1853
79 331
2138 811
797 702
1809 1482
2026 872
1594 117
2052 1134
657 449
718 1988
1945 850
1890 564
780 264
1182 1803
1583 166
1248 600
1787 647
1675 231
142 1581
1194 1536
1415 579
243 1424
1764 1308
1408 1678
1751 205
1779 837
680 282
1257 1915
576 101
1335 2104
831 948
2201 1845
1093 806
1206 1404
1189 1786
1961 762
2134 853
1888 1126
194 1982
2146 2114
441 1444
533 338
1700 1823
1512 1516
1654 831
1944 1530
1438 690
1191 924
2202 1521
558 1907
1421 1071
2148 1606
2196 515
1568 1781
1156 2146
429 835
460 1741
681 1031
128 1648
2001 620
1019 103
672 1119
1920 1042
1925 1080
1431 395
1366 2048
124 123
338 295
2009 521
2172 1124
1812 1541
1385 546
664 175
61 1353
463 1609
734 325
1090 1838
2010 637
96 719
2210 436
109 1686
253 1166
92 226
1898 1750
1921 1546
623 714
1945 881
179 7
553 1529
358 1603
1671 55
795 1997
2152 759
375 1954
615 1635
119 542
1612 882
547 18
1077 1120
1912 444
1217 1613
257 937
343 2069
238 1943
71 704
33 313
1945 154
1533 1339
492 2092
1156 973
2116 1137
1204 429
620 475
1215 1508
1038 212
45 1853
1619 189
1750 1453
30 314
1506 403
777 1021
999 2000
638 2107
80 1104
1247 1753
1227 1344
129 1764
405 2209
1505 740
1527 1460
1050 1697
1142 1660
944 379
1260 1719
1747 150
106 1337
1365 994
1680 607
1585 2210
1421 1900
1024 727
376 984
1861 1625
484 2198
1829 433
422 1083
644 1537
1552 332
142 1797
856 1462
40 1061
2089 335
1104 1335
2106 1198
1301 780
189 806
987 1419
626 1696
66 594
670 1579
1018 1857
1378 1247
266 16
1871 592
1843 1488
730 1041
111 2177
1824 1043
1460 802
1121 157
1734 1716
1690 987
729 733
1143 849
433 1411
782 787
746 1170
522 470
1706 1867
1937 1605
663 1101
1614 715
2159 810
321 1197
1958 1745
492 1121
1336 40
2197 682
1759 141
962 622
442 1674
1312 1823
165 1291
1457 2071
13 1087
1806 1134
2178 625
326 1687
343 1270
646 1633
1643 2172
319 79
2011 223
1045 1311
1433 1245
190 2178
1044 1945
1059 1917
2135 1883
1778 959
46 1274
1166 182
1585 1223
942 383
355 1588
314 547
1362 2160
1006 1826
605 1058
211 950
43 1989
1114 1229
32 281
686 1727
191 1577
1651 1167
1881 480
711 1904
636 478
746 1078
512 1047
663 714
483 1504
888 1065
368 684
2135 2144
1978 786
1338 921
1429 2055
781 270
1974 1656
60 2204
2081 553
507 981
1340 83
1852 1518
623 1578
788 2106
670 738
1876 2017
575 231
1035 1118
1794 635
841 1623
650 616
7 358
641 1622
1715 195
1082 1048
808 2135
1087 138
1774 1264
853 891
125 829
1774 1603
1811 1656
528 12
1460 79
1828 1849
624 1231
923 48
210 722
1638 345
1150 396
725 743
368 270
67 1440
322 422
2102 1135
354 1859
1862 560
2107 1338
1509 1203
1664 934
558 1494
1958 1829
1257 291
1998 144
840 1814
255 1803
830 2126
254 1634
1677 1211
1073 375
1 1022
1694 1926
1509 926
1870 163
1747 1808
938 2079
1921 57
2089 1247
2032 1803
558 377
1665 213
847 1684
523 1990
593 700
454 1008
355 427
120 1819
84 380
1321 428
443 2136
998 1256
2047 912
1017 1492
1890 446
1431 1223
1725 652
1212 2143
795 1556
1213 529
1156 274
882 376
1422 2180
1871 1877
694 1938
674 1478
749 674
1150 1362
975 370
579 391
1191 1069
868 738
1337 1505
1020 513
1679 2168
754 53
474 156
148 2166
680 1722
2141 241
1278 1636
1914 1785
408 899
1902 143
1023 719
433 2024
827 1137
1584 1301
513 2012
1296 2122
392 657
1158 815
284 911
1960 2058
1196 1952
715 2200
2145 306
61 40
2087 510
492 1766
1305 1487
1868 437
1062 2036
371 886
1874 1966
1112 532
785 1660
325 15
442 338
956 390
2110 1991
1034 1535
1102 745
1094 605
1156 1162
1238 311
2205 1522
1950 1890
1091 619
701 816
844 249
413 2017
1153 2202
1988 852
424 655
1943 1965
455 1266
1406 1616
1013 1452
1904 1328
568 1841
99 1149
2089 1650
1679 2189
119 787
1318 1588
464 504
212 1187
996 464
849 1424
959 1609
456 44
1678 1908
2012 421
563 861
2122 488
1588 199
901 672
2100 2061
747 2004
1850 1215
1111 274
312 1232
749 961
623 1185
431 2174
2088 1463
1381 1090
1882 1635
341 1418
1461 2088
1165 941
1997 524
382 1106
721 1329
1872 1664
787 530
238 1178
2116 396
1908 2206
724 1452
2153 1427
2154 1912
77 943
211 1098
581 528
385 1455
138 1032
1027 317
964 665
1251 1316
1900 1939
2148 1785
1545 1331
1921 1465
1446 1883
1857 1593
1810 872
543 796
346 348
371 710
1230 1855
209 253
1209 417
1091 1797
1553 1133
1571 2194
1813 1034
136 604
1596 1744
564 174
840 126
1384 1008
1055 2208
194 1659
1859 1492
2137 1281
564 1343
706 640
598 692
549 1324
58 995
1541 1360
1027 619
368 1637
503 460
1422 1234
1843 968
1261 321
2 1424
1279 172
1778 194
1382 688
1116 64
1253 501
2086 466
312 939
1277 1857
1536 900
869 320
368 1190
168 1912
80 110
950 2021
114 885
1955 1787
1867 999
1296 1312
57 1481
614 1454
1718 1827
474 380
1760 1590
1446 1428
878 780
2070 1657
1615 1215
585 770
1610 1636
1733 808
1277 1660
1630 2121
218 79
543 1199
66 1318
166 773
683 1502
976 2128
1532 1156
1006 1674
2138 726
1414 1400
1584 1021
1812 1711
166 948
317 819
1187 1153
1162 1754
24 354
1121 1578
544 1888
627 2056
461 937
1259 1356
289 1025
987 1768
239 2052
1377 886
1779 369
473 671
1976 1233
1553 1956
1800 269
1857 1010
1705 2190
584 687
26 478
1254 755
483 1271
584 2027
2192 1045
1206 1083
1527 1606
995 83
1213 1059
1389 2065
337 1605
669 1160
1920 147
2180 1140
1867 1976
511 163
2177 200
414 771
1568 853
373 1415
777 553
1757 1179
1437 1562
2187 205
1602 2087
1762 1351
1584 401
470 985
1148 1474
807 711
1651 943
1668 2135
693 1520
1063 831
827 2127
887 1821
2153 2023
1886 1092
831 579
407 937
1894 2135
743 1709
2005 1426
1429 1485
581 1756
2184 1993
822 1635
226 826
1825 1220
923 36
360 42
2043 2193
581 729
1905 1827
1605 1211
2083 1877
1665 1655
1906 581
146 2075
1226 1292
1621 183
1558 669
366 37
382 872
1505 147
1788 768
1398 915
1058 1748
1021 912
961 1384
1392 1998
1938 408
238 1655
1733 627
389 1343
799 257
1938 607
1798 265
534 1531
1410 308
1527 1938
1443 124
305 1513
1094 679
451 466
1409 4
1707 871
372 1902
1918 1352
1888 2211
853 1518
1460 1906
311 1324
1175 1310
1431 1207
1266 584
1796 1970
1061 2054
981 1486
1591 891
1143 2083
2025 1586
1865 2111
856 1618
1400 1305
744 1507
1249 327
1702 2184
152 754
1628 2154
470 1928
621 1286
2076 166
1183 1418
533 1570
604 86
319 302
1853 1430
1793 534
1723 770
405 1905
27 383
189 182
1709 1115
1937 1236
995 1302
1721 516
359 102
2124 1292
2088 1127
655 178
2155 316
324 2041
558 927
72 265
1694 1583
1534 1228
66 414
2203 1097
317 737
1186 764
2155 2016
342 1352
1841 501
812 45
893 1241
2117 747
1256 97
2083 1539
2028 1014
1044 770
701 2113
91 1163
1198 1127
1601 1555
1382 1697
1987 1945
1327 1103
1726 1759
252 506
1432 845
1057 1135
546 2132
62 623
1082 1159
131 2005
1239 155
1241 1770
2008 1160
389 1822
2047 1880
486 1737
1062 1149
1827 502
1742 1117
175 242
1317 299
470 1390
528 19
919 1540
1888 889
266 989
1427 481
2052 710
1068 1279
215 1614
521 2075
212 2026
1015 1505
1096 2177
1151 462
1870 824
714 1752
994 766
1419 1095
1071 1956
718 1068
1590 1794
78 189
645 1311
851 1154
2075 160
249 451
2165 1067
2117 1309
1586 384
1819 1760
1240 265
1443 1290
1298 1058
2146 323
237 319
676 866
1915 679
831 80
468 531
428 498
43 296
1263 118
1441 798
1109 2178
2208 569
1106 1692
235 580
1236 1309
1320 78
1689 1401
1170 1535
1456 2032
1592 1956
199 766
1625 1253
995 375
493 1608
2123 1873
1199 1697
858 1067
1701 784
648 460
1983 878
1342 2071
142 2092
2109 116
1604 2175
611 733
1413 1272
927 2197
1060 480
1944 2048
1259 1040
912 171
1945 627
614 1386
1006 2049
1946 515
329 777
1321 161
886 2134
774 517
2143 519
1606 1457
1774 1825
888 704
422 2189
201 1194
335 1154
709 1558
2179 2167
1605 1221
1562 28
2079 1602
1235 1861
168 1953
675 814
1708 310
1294 1459
1407 595
1712 1037
1416 1684
1096 811
1905 696
762 333
1421 1399
2184 2037
1574 1021
1702 1738
1742 201
247 1825
1126 1140
2153 229
2077 865
796 753
243 1176
128 222
1588 598
1997 707
550 1787
769 98
221 1869
64 1733
1478 1905
2039 1665
1905 1505
861 2053
632 1934
1016 306
1931 1816
1902 1531
1266 1957
841 941
1764 737
1477 471
70 742
644 1575
1044 1848
172 1376
2187 2157
1457 1464
1453 1102
1942 922
63 1367
813 991
1792 1737
1158 657
217 2043
745 1621
171 562
1046 2093
194 1477
980 256
666 20
345 779
1931 292
1763 1862
225 832
659 1025
652 1924
2049 72
287 1363
10 1568
1149 1229
249 1166
1116 92
805 1875
2080 1308
1606 1050
1807 410
2077 1828
1092 1208
1986 397
522 1117
1176 843
288 81
1450 484
1250 1624
71 966
583 1179
1638 2084
114 1992
488 1498
438 879
1125 109
272 1833
1172 319
1460 657
500 1482
525 1583
32 1359
2114 1011
1878 370
2179 1890
1470 1467
475 1334
1645 856
2140 617
1172 1867
629 2058
2192 1535
2051 752
649 299
1304 2133
1881 348
688 1398
2212 1494
130 2168
1208 928
550 1597
1363 1214
1183 1115
2088 1608
457 1543
1492 532
613 1138
2023 1646
2159 398
208 1286
146 938
1485 359
448 655
1830 2209
1414 2071
572 883
393 2199
363 147
2180 1021
1141 1325
1982 616
624 1415
1927 804
1797 1630
961 1275
490 1359
1654 647
103 1721
2080 442
2202 603
2000 1009
1913 1572
522 1284
1082 618
55 679
1226 2185
361 2201
2057 1816
57 736
795 1111
826 309
2081 801
1514 2
1130 956
1904 1823
1627 2132
2056 1322
1371 1755
1143 253
1086 1597
872 585
1057 1950
1032 1115
235 2207
1506 1249
2024 1103
1003 1952
741 60
346 65
1826 1877
2103 447
1373 1639
969 1669
1117 1724
921 1279
1393 795
1507 1272
1627 2015
1530 1073
1355 1705
1447 1630
559 2023
1474 911
772 1425
1623 420
1196 422
591 472
1927 1883
84 1646
1312 1202
1525 1969
224 1916
1929 1949
659 1259
1022 1572
758 1427
2105 2120
1209 1340
1304 294
853 758
2074 717
957 960
1680 1428
146 222
89 1900
1897 1019
699 591
1568 918
2114 1703
1161 1121
1745 1393
737 404
953 1457
1045 2068
131 635
766 1060
2155 1636
1364 84
1561 1759
484 1569
61 589
1525 1716
665 1704
1335 1860
861 825
1237 1706
2001 627
92 1653
654 1826
1040 384
265 1307
1364 1244
1781 447
746 1643
1423 910
1618 1369
56 1493
248 1937
500 1401
182 57
338 87
1115 286
1379 1893
1206 1658
1670 1729
1843 247
41 2144
2069 545
401 1566
2187 1095
2046 432
1409 787
1418 965
1890 152
1356 1837
1609 1363
328 2086
895 1005
475 511
1090 357
849 422
425 1081
1816 1073
1811 1579
1984 2103
2078 1534
1263 788
278 54
1318 393
24 1873
1589 2069
581 816
2164 1180
1993 832
789 297
832 1377
1990 1435
305 1520
1377 2129
212 1069
511 1940
1417 1687
1287 1053
1276 870
19 15
1912 1029
129 1390
1075 807
491 90
1337 979
1398 10
784 1909
1784 43
2183 1512
187 1690
2052 1475
420 1808
859 1804
246 1865
1869 1975
1225 1077
1356 262
1771 1331
595 927
321 1227
620 2018
53 262
862 1840
1096 759
603 832
1005 1041
289 454
176 603
1093 748
237 514
418 2021
1944 762
1352 253
1316 186
1426 121
1115 201
1608 1959
140 1876
1428 381
369 887
174 1530
1289 1594
513 1680
1618 916
969 1475
1930 786
1713 59
1886 1004
763 399
1058 898
1962 10
684 832
1154 2182
1899 1009
623 1869
276 1119
904 2090
470 1914
14 1284
1500 94
590 679
874 659
2151 2115
1334 1598
2051 622
1977 1270
1137 1200
18 913
2038 1507
640 1897
1586 1260
474 1868
953 1600
1675 1140
1380 586
1701 1009
207 393
1211 98
1349 2055
2092 1532
1850 203
593 523
1715 1588
1322 1101
913 2162
79 1574
36 1461
68 1605
1338 527
324 1013
1990 1528
247 1230
1756 1511
100 1201
935 267
2053 977
76 1390
2182 782
56 374
1986 2115
1964 1410
291 1677
495 1413
1144 323
396 1644
118 966
4 507
331 444
2053 437
1679 1682
1892 1388
1579 1456
1994 1343
1865 2075
364 906
1157 2025
113 2029
775 1017
1814 1801
525 860
1667 536
569 452
1813 757
477 974
2064 1585
2062 2037
1639 2112
1409 105
1586 1974
1689 508
234 2063
1605 1214
348 1871
814 1168
1900 505
556 937
1900 993
192 997
645 1687
100 2146
676 2149
1762 1012
174 1120
554 970
193 2032
609 1658
121 24
101 1392
370 584
68 556
664 589
2133 1918
1435 1566
2041 1843
1061 885
1565 448
734 1850
1105 1721
2116 1094
1972 1324
1537 848
2108 1142
1315 1586
411 2013
1813 754
146 2172
181 2041
939 794
1945 2103
936 2110
1996 1241
366 1443
1066 1941
2101 356
1468 1952
768 1194
445 795
1609 445
836 1778
691 1750
492 1386
248 1288
1469 328
1417 2045
312 1866
705 1205
708 1481
1691 2117
83 473
435 580
26 879
1998 1566
533 930
1239 933
1000 776
1568 1215
339 1517
1438 2195
1924 1176
38 499
1550 1725
1628 2129
998 1396
251 1667
2181 505
1456 1259
231 1161
411 1388
1375 339
41 633
2034 203
1293 1948
2108 1723
1555 134
496 1693
1656 1680
120 1373
1965 1325
2059 955
2156 1846
315 1108
1749 157
593 2094
1323 903
307 1146
1981 1442
886 955
712 1459
857 436
41 1698
1539 1653
2137 1249
1313 1989
854 710
778 2018
1487 67
785 403
1 1364
1287 930
197 1145
943 796
48 400
290 1922
79 2183
877 1204
456 1337
901 1416
1169 2033
1671 1326
1097 736
277 1594
1798 1118
190 879
1899 535
950 533
2086 1890
900 723
122 821
650 1883
398 1375
813 771
564 997
520 1248
1337 2148
567 1033
498 1881
1455 1829
1059 612
518 1648
324 1362
1066 1297
738 1702
114 2109
1734 921
1134 1871
44 835
1088 18
216 903
1692 1047
1063 2006
1429 2154
635 767
2071 252
358 1947
589 1330
218 2138
1132 427
301 2063
986 768
1409 1785
562 235
280 2163
818 1274
743 1806
1942 1366
232 1002
1736 1705
1523 263
1938 571
135 1412
289 564
1238 987
1435 2081
46 983
1307 1468
896 71
1545 1129
1811 1203
72 2144
1241 862
399 48
1569 601
220 1131
1230 163
389 610
1429 2143
611 507
1821 1601
812 1007
1558 186
1251 1192
902 1509
2049 2122
1363 363
112 946
1544 407
297 162
327 454
568 946
1541 70
1890 219
619 243
1196 1167
578 1896
1300 1707
1400 1328
1450 688
1934 1877
1930 589
104 14
43 559
376 430
1691 108
2187 1722
1778 1278
378 2105
1155 2101
1473 20
1120 2058
1130 828
70 1535
1765 732
1120 1778
395 1060
2201 1068
974 187
1636 1615
1261 1750
1900 712
1455 1968
538 1024
835 1682
1255 2025
2042 1561
506 1628
826 1100
156 261
1590 1772
1483 1479
1592 1364
564 497
1996 1958
821 399
751 1101
1144 775
587 1185
553 1364
858 2060
1875 404
1346 326
1632 2082
1651 570
1684 888
12 294
2170 374
741 803
1532 1956
1750 1060
2169 121
1975 2150
485 2127
1764 1609
1289 787
1770 1072
365 1482
197 1035
1069 1758
1930 1525
972 1216
2137 480
38 1459
273 1955
1747 791
1338 756
1632 931
2190 1539
218 1590
662 1124
332 1916
642 1573
1452 1045
945 311
852 1267
1042 58
2185 620
749 977
1538 1873
291 2153
972 1531
123 1671
970 548
1121 1599
213 543
78 1316
575 798
1486 1261
1755 1716
140 2100
1437 581
1491 68
277 1904
113 1038
275 823
1880 1509
2073 508
61 868
851 1425
252 548
1597 151
1989 563
1227 919
492 1269
1393 178
1895 321
10 1077
1050 533
490 402
1057 1559
1027 1253
1808 647
1840 1301
819 2067
1978 1324
528 634
2113 76
363 1814
1844 921
1363 989
1436 2017
343 1376
267 1474
1439 2001
982 817
583 341
1447 954
1829 696
2212 481
663 571
1000 1841
757 1388
1942 1536
471 1946
317 1982
64 1411
717 343
2109 1099
1292 1156
811 1457
135 1739
1368 2200
630 1429
2152 611
896 2206
2121 1603
1834 1278
306 995
280 1624
974 492
1419 94
2124 1497
112 1085
542 1244
1660 1675
2102 452
1970 1048
1291 995
1525 813
1439 2141
701 149
326 1927
2183 1484
1810 1160
1196 1116
366 1554
103 1897
571 1643
494 2146
433 1874
914 579
1748 1572
2024 1612
201 242
289 1232
2139 997
2038 1255
1450 157
1733 1256
2102 1959
409 404
134 1447
622 506
1861 498
125 1852
101 470
966 1419
1505 1382
1046 640
1640 1802
335 1787
877 1710
1780 718
1280 1750
1868 1435
1134 1752
226 1364
2144 654
928 783
54 604
2017 333
910 604
1262 1943
266 1155
1684 1204
2038 569
17 996
2047 213
1226 2035
2070 2013
409 647
974 1762
2090 393
1053 1761
1912 1106
1864 1013
98 623
1003 1216
2122 542
1766 935
616 432
679 914
77 1591
556 472
1179 58
1767 733
1409 1008
283 659
1466 1060
914 1282
1523 913
852 1806
1556 2128
1008 603
1555 2020
949 52
2172 930
135 1434
1673 1625
489 728
1828 820
862 1422
1964 1317
223 2035
789 1525
540 1331
138 1908
1822 1935
913 822
1405 565
1728 1289
1686 1068
1515 2051
407 322
490 576
2141 959
1619 2063
703 786
1075 283
1277 9
314 141
856 1352
365 995
1422 1866
372 1885
1126 894
1063 2077
179 889
1665 1650
228 2195
1910 490
1309 2065
2032 1498
1740 1106
314 1199
271 1371
265 644
1229 562
729 1407
370 1892
1068 1596
1025 1625
205 1650
2070 1830
1951 424
2083 1433
1556 819
1183 437
39 1005
624 909
1069 1114
295 34
1513 884
1566 1034
590 1926
51 1875
101 1493
1234 1921
1471 1536
1757 1456
1590 1707
1294 1884
1473 1982
771 219
1103 668
354 147
68 1996
1377 1105
1983 1568
738 1168
800 696
41 2146
1574 1413
255 210
1352 1868
1067 251
273 74
1418 1618
1082 878
2204 163
1691 280
768 128
629 850
1663 37
2148 785
2017 2159
1940 117
1217 120
486 1190
680 146
173 245
526 975
1634 2035
16 350
1230 1101
1783 472
1925 1222
207 669
2108 295
1992 730
2077 2185
824 660
161 284
2117 1550
1792 759
722 1156
452 689
2193 593
1947 601
116 1857
1045 1553
744 1909
1645 2125
1113 529
352 94
1931 1223
892 513
2193 602
2123 1589
1776 145
1592 689
872 1419
2130 1853
1804 512
1052 1911
156 994
54 493
1905 652
1353 1897
638 1052
283 2181
1392 1706
657 27
382 2175
1698 479
1034 173
78 383
2195 188
2130 53
47 1262
1706 432
1752 1273
1304 385
170 271
1529 2155
1233 95
1123 876
26 19
271 97
1434 88
1855 1316
731 2171
1439 459
1088 1906
351 392
626 202
1831 428
433 1863
1878 1855
1100 531
670 2197
1630 1949
602 329
550 1348
663 1693
1644 646
1561 608
1597 453
533 772
264 1604
1259 991
2125 1557
694 1226
15 556
1274 1799
1378 1084
356 70
530 431
383 1092
2127 2049
587 1542
1061 1943
2103 79
2189 1054
2050 300
229 910
10 1911
1218 798
1239 947
1388 2138
597 1774
1819 1856
2198 917
2120 671
1781 220
620 777
1789 1635
538 268
1052 1350
2192 1845
2040 27
1246 511
457 101
777 1582
1664 645
807 1395
134 707
659 1011
887 2046
1147 1622
297 426
835 406
734 467
814 622
752 2057
2001 1669
313 548
106 505
1077 1511
702 1516
1459 275
1940 2094
160 1187
190 7
452 1656
708 1279
581 2085
1453 676
442 1178
849 1169
597 50
1331 951
1851 1292
1147 1306
11 360
561 223
1218 1282
1641 1179
2149 127
1523 2133
1035 2034
991 553
841 1125
1975 1234
1356 1928
1028 716
1177 618
1973 1524
1754 637
49 1795
1680 2125
1745 1084
722 180
738 480
111 612
1952 1436
838 189
923 520
867 1659
1106 909
705 103
1202 1536
636 428
54 2100
814 337
334 1217
136 359
1044 837
2106 1978
2044 1466
315 1177
196 259
1364 16
1526 2176
782 629
1129 1032
445 1708
2185 758
2055 338
983 1445
1972 474
1953 372
2176 1146
2015 866
951 858
325 901
1840 400
1091 932
851 842
1683 1479
425 1493
417 874
444 1306
2131 2106
1343 1246
1746 2153
579 195
629 868
1117 99
2124 1649
1428 382
2044 98
226 1170
712 684
1930 413
1409 1143
615 2040
1747 23
2046 1629
1429 1556
1682 888
995 665
1235 1081
170 634
1432 1130
2106 598
1277 1604
1874 788
1517 889
1395 475
1860 1322
1528 1762
288 1757
157 1262
813 900
2104 2128
307 595
937 2154
2001 73
1556 1137
39 97
394 1865
1425 2033
1500 1773
49 2158
1325 195
2137 1840
98 1020
691 284
1278 1991
403 1521
390 1510
744 343
1568 441
1588 2205
561 1526
654 219
1739 7
1523 981
292 1107
993 1546
1576 1911
1809 1660
1386 1853
38 1257
767 1488
1522 1759
2134 41
1979 183
914 1977
756 2098
1040 26
1340 626
187 1377
979 664
1897 1919
597 120
1336 1099
2119 1731
2158 900
57 556
1506 63
67 1293
1156 1904
1470 604
252 1677
408 988
785 282
1779 1723
629 1762
1569 730
1117 2214
1691 528
1275 1349
1464 668
1843 1634
1546 1795
567 288
187 556
1703 255
6 2009
1505 2057
467 715
1181 1209
516 1733
247 1426
1697 1588
2197 990
1969 57
140 290
1587 44
661 1071
1335 804
2201 74
1209 985
2054 877
1211 1717
1886 1630
2056 1568
459 1263
794 603
1017 1706
2136 298
4 1957
1648 1820
1135 342
15 597
1903 1637
2129 1833
2078 627
401 1727
1736 146
350 212
1962 496
1047 525
1993 1372
573 279
2010 2076
1982 384
1421 692
89 169
1385 1859
335 1665
1978 705
555 655
208 1089
388 1775
759 108
187 744
942 2055
1734 1531
333 1122
1535 1058
1738 636
750 1438
1219 798
2174 1242
795 857
130 2152
1678 940
1531 302
476 565
2211 904
964 538
1109 1185
166 1550
433 475
2045 1075
112 1286
1004 2002
1163 869
175 1755
1590 849
631 1961
1139 481
43 1301
858 1907
1682 1739
856 1629
1079 1143
710 475
137 815
1998 823
445 677
1960 831
856 1431
191 1914
2050 1685
774 412
1830 384
632 893
98 372
893 1002
995 1407
1208 183
1891 703
23 1409
1578 928
1218 482
2156 483
1414 603
737 1608
1317 154
1461 67
96 882
28 412
332 666
1309 2127
1093 1915
927 2037
61 1947
913 16
1473 136
1476 1549
213 979
896 807
2063 1000
463 1113
1475 967
1956 326
1234 653
2053 1773
1048 1206
1739 599
772 1601
484 743
1969 257
243 559
97 609
1571 53
543 352
959 64
999 757
799 1692
535 998
162 835
11 118
2118 1435
1341 2064
1097 1118
64 191
790 961
1076 1200
1821 1142
1062 1063
1856 1281
1972 1359
1040 923
1978 1047
1893 146
1644 1663
767 1314
1349 750
981 1473
1326 17
872 126
2101 570
1931 974
1533 112
1401 1738
650 1247
1494 1944
1966 1947
708 2003
110 1990
2209 33
613 1871
2153 1771
2187 702
521 800
617 925
1085 212
1543 572
1180 1650
350 451
821 247
807 744
1470 2147
