1942 1576
57 2007
36 1822
2187 1205
2115 2198
1687 2063
984 1543
985 1634
1341 173
717 1178
1765 482
2200 1526
1011 1426
129 1862
19 1614
1036 746
431 1112
633 2136
2003 1472
58 1073
536 1030
972 733
1656 1364
134 335
2065 1583
2130 1022
615 1333
972 26
705 1200
1481 1503
1153 270
2133 584
1570 1304
178 1631
1895 1423
1395 934
1819 572
1787 1811
148 2052
2087 918
1135 650
194 1523
1085 1384
545 636
2001 316
1378 869
238 1195
1073 1376
1186 547
757 1671
2143 926
1073 1477
2145 272
701 1561
395 1157
432 1211
1158 1043
1614 996
1045 125
440 549
445 1232
535 1558
2114 1073
1765 886
1058 422
496 197
1343 2007
1022 816
1758 1189
45 1090
594 1818
921 208
1163 1520
1359 2120
1264 539
1034 177
1105 1961
1512 626
1881 936
796 1002
27 1013
934 1845
2040 1675
1327 2001
2172 588
1331 1039
434 1998
933 595
1879 957
882 1183
1382 1097
1124 1800
554 1970
641 1406
1736 1052
88 1396
652 580
645 1149
63 2009
1143 472
1361 1022
30 784
127 397
1384 1634
1606 1724
1483 1758
1059 67
42 2012
1837 1768
513 1888
825 187
915 1794
658 1827
1183 2075
1920 121
1955 966
1341 1474
425 1234
655 154
447 2000
1235 270
2109 1415
959 1030
1434 201
52 1789
1962 1217
2023 528
1037 1919
1048 1704
1671 148
1631 192
233 647
281 1047
1241 1055
84 1976
2098 1344
21 1112
508 1608
8 59
1309 418
950 229
194 241
1923 1720
1375 625
791 528
2169 2092
205 1685
2104 1429
577 1600
502 1227
99 796
83 1241
1804 165
745 209
158 350
435 409
2150 2045
1550 1819
1795 1546
280 149
2172 1703
478 1361
1293 1024
1477 940
1624 1989
162 639
2085 511
1674 1230
1011 1453
124 1635
2202 2163
1565 992
1751 1785
1190 18
1360 190
1770 354
279 743
85 97
2043 446
2148 1133
1017 627
221 1038
713 1036
2169 324
542 923
1300 1005
687 1714
159 110
409 890
1779 1501
1484 347
1009 1793
615 1235
1573 916
629 1625
1219 1684
33 734
1297 2099
894 652
309 384
1229 1795
1462 414
318 373
886 1772
1955 1012
1363 1646
81 723
305 609
718 955
833 1912
192 1931
2068 1664
1598 1540
37 1425
1187 1479
1518 424
1903 1997
1625 1184
1393 1874
1364 786
2132 2005
727 971
468 1476
1305 740
1817 731
1903 1640
1516 1608
1326 59
1571 1232
1001 1024
1853 2157
1237 424
506 1514
1880 1851
1082 1924
2152 1014
829 1981
1810 1365
1096 744
11 712
271 121
2147 1158
954 1748
2145 1711
1323 607
593 757
18 1368
1688 503
2034 719
151 2199
1139 328
1247 951
165 325
1257 1420
936 93
707 216
2041 1792
773 303
1078 2194
791 1345
2047 1971
2069 188
1699 966
855 1627
194 1178
1071 1361
748 1117
1163 1004
1688 2212
1603 1230
676 13
1974 1271
770 55
561 1974
980 1291
1976 1877
1902 1931
1389 1911
2162 1425
872 1385
1093 774
553 2100
1928 1892
729 813
517 1887
1223 2003
633 1708
2002 249
2102 764
407 513
112 340
1550 1256
751 1261
622 1426
699 2003
1697 2122
809 1721
2069 1748
244 727
1895 71
846 1196
187 1642
1055 608
1098 443
501 1768
1305 1845
1562 1388
946 1906
258 1778
1267 504
1666 1435
1136 1698
177 2145
1414 669
1512 1091
514 306
2153 328
274 1494
1508 1465
1973 878
1256 1158
954 454
2103 588
468 1655
953 753
1290 1653
345 1771
162 663
1315 1817
1001 339
1823 2003
973 1082
2084 711
581 793
433 1238
497 1989
282 1986
1823 1847
1472 1833
444 448
1319 1968
1745 2016
1215 2169
120 2030
2095 893
90 1413
1924 282
995 266
1925 474
719 189
1482 275
1676 1323
1290 1792
297 1934
56 501
1418 2077
2186 2195
1213 2141
615 1218
154 1746
1288 1473
1332 1845
1279 1179
166 621
581 179
958 2122
1576 1865
872 2207
894 780
831 860
2067 596
727 707
1627 23
323 1584
942 161
343 1736
1784 737
1018 198
984 875
1804 312
1186 1890
1336 313
410 384
2187 809
1524 1840
1243 1309
229 499
1209 285
1084 1022
1176 1371
1161 1225
1805 386
1187 1048
1992 661
1514 1921
723 1311
743 600
214 338
2121 1582
671 290
1034 146
910 1885
211 1190
1929 1899
819 2060
41 1696
935 591
1090 1594
1348 1339
1476 1829
419 458
295 567
1832 551
1688 1153
149 467
759 486
1729 25
1632 1584
438 995
338 884
1846 1893
1758 309
2071 2059
1723 1742
163 1775
757 1593
1046 2038
1058 220
1209 1843
812 823
263 1580
1730 1087
167 1368
720 1428
363 2105
541 43
492 1481
904 1777
1094 785
594 422
648 1937
1090 1465
157 1686
1332 437
1656 1882
264 850
2142 1340
1226 129
1080 61
1298 459
1221 1346
723 1209
23 609
38 794
1988 2213
1335 1949
1212 2037
663 397
1745 1799
2047 653
1139 2091
83 1516
811 2117
1718 1989
1979 2119
121 516
2107 196
403 1911
2191 167
562 1915
2127 156
898 1861
140 535
22 314
994 567
1357 546
937 1315
202 2111
1327 20
2081 1630
575 1589
1594 2142
889 98
911 1113
1771 660
2117 1133
1945 788
268 1044
2176 1848
910 2051
1927 1471
228 1591
1428 1985
364 768
676 2058
1746 1773
40 1704
40 1448
1743 269
407 53
796 2175
1908 1537
748 1375
925 2075
1247 1684
790 1688
1137 1352
282 117
2065 100
843 502
932 426
846 1559
671 1610
1910 246
208 201
676 742
1384 25
1231 345
2139 1766
390 2041
1750 555
2170 1489
1467 1203
1895 1415
1688 649
839 1963
1403 1137
449 2155
888 748
463 165
2123 1557
1904 1670
393 1800
2071 851
582 1462
274 1523
1101 198
864 1901
1317 1310
1027 1545
2011 1988
169 354
1146 43
647 1620
674 56
595 1192
449 305
685 2080
1665 2213
930 730
1050 595
214 645
1757 1107
1771 461
1066 2073
290 2210
1126 2062
571 2186
213 1436
2114 82
536 812
849 1086
1080 203
182 1960
173 517
903 1394
1473 2091
282 963
1353 477
184 368
971 1288
1932 1114
1278 1503
1734 172
1652 2155
1981 2105
601 1201
1869 918
910 396
2203 1269
888 687
840 1698
1024 1212
428 1673
301 1034
595 1907
1271 788
91 1377
785 578
1814 709
115 737
185 2062
1601 902
919 1139
371 1566
221 389
1163 1710
1749 1367
1095 548
594 675
732 1956
755 957
684 73
33 700
1266 551
723 1836
2002 1863
516 2187
1973 401
1461 522
390 591
1583 2132
2013 968
2124 2188
1072 1010
1992 1697
1898 809
2213 2192
1122 677
182 592
1055 1069
1176 1909
1989 981
245 2128
1650 180
2149 1251
1437 152
1229 175
980 1182
265 1059
347 269
257 854
542 607
1412 1194
1876 2069
706 1648
156 1753
335 1298
1013 1630
412 1072
1519 1205
1218 855
794 1600
1894 1212
385 664
2138 2107
1958 288
471 320
2090 1362
137 714
1965 615
479 356
1672 2074
1640 386
1277 1739
448 1370
2123 613
1783 49
598 1395
1568 588
1406 1884
603 1984
1735 544
2158 511
801 257
2157 558
277 858
1141 874
615 1899
1972 1440
707 1065
1890 1680
1774 1530
547 76
1620 1058
1691 775
1245 1016
42 482
2031 2103
1950 2191
154 1860
2162 1274
459 1158
1912 1250
1840 2185
355 866
2038 904
2186 1952
758 224
1141 670
1553 1955
950 1471
1392 1889
495 2204
554 60
1686 644
153 787
1072 889
1353 860
1303 354
1257 1035
1883 1948
372 752
139 1159
123 780
1397 746
1186 1576
987 791
988 1727
1952 1976
1325 858
394 2116
899 1393
926 841
2194 209
2048 1361
916 1975
800 570
1449 1086
1456 1710
2006 74
586 2163
1601 1576
671 1422
2146 1302
964 1014
355 2130
13 1281
537 2116
1145 1235
736 1355
650 640
303 1828
1842 404
2102 2029
1171 728
1136 2156
1609 954
1029 289
2205 1988
1470 1648
215 2184
1350 2169
1271 24
136 1599
2125 2163
1362 2017
1937 2091
1193 1947
1500 6
246 1548
1779 224
1047 1665
35 282
443 68
1477 778
1299 419
1090 108
2058 144
1028 809
1286 459
995 1095
1535 1516
1729 943
454 1538
1654 51
2157 1089
1947 526
44 103
1412 1733
727 484
1759 426
1457 1371
1507 2087
792 1263
1213 464
1474 1339
964 1475
1704 507
1188 1173
2151 1397
1161 764
901 405
591 476
1655 1149
467 2051
1222 1973
1576 413
812 323
908 436
246 1833
294 1326
1700 1565
1758 484
139 547
1182 1137
745 26
1217 1423
713 1483
1446 2151
1778 771
175 789
984 0
250 613
229 2033
569 1137
592 1697
196 566
717 321
1063 2080
1555 399
833 1813
253 915
1391 1158
351 431
946 1866
250 1686
1536 1570
763 1306
1164 246
1259 71
54 2003
857 1132
627 2023
274 1296
844 1170
51 1681
1042 1149
1446 696
506 729
86 2146
1604 1249
640 396
1965 1433
32 2057
1231 2032
1059 440
2003 989
2187 1804
871 1479
1562 797
1239 2191
1125 2070
786 2056
1596 6
1095 361
2178 1061
1987 1701
1684 1323
625 162
1032 1664
1294 1302
2160 1945
941 352
2140 2206
171 641
1887 1562
613 929
572 1560
656 194
260 1830
2161 1378
276 1355
3 1712
731 1902
1413 1935
54 1793
297 925
1654 2092
1414 2143
2169 39
327 1191
1130 2047
1040 706
290 1900
1424 1560
1999 918
246 1462
1470 1234
1883 56
948 1590
1787 143
1948 532
2087 157
1893 42
942 1438
1589 1872
203 135
665 1559
778 1705
1528 755
1523 925
1087 1835
1150 1589
883 40
383 1765
1300 1843
1388 158
307 453
94 2149
800 1175
1714 21
199 91
2183 1126
51 190
206 1362
1726 664
376 1485
715 465
1810 1238
2068 1187
1217 1708
363 567
1634 783
43 302
1520 693
753 1484
622 1144
563 1189
2199 1380
2146 2050
1996 1042
1478 1296
1729 1870
2092 896
117 2013
1070 2113
584 844
2152 2009
61 93
1877 1633
2032 1168
218 395
524 425
1795 1739
1892 1480
1459 200
752 1720
1529 2050
1823 1507
305 649
427 634
1570 1623
719 382
1916 177
1087 503
467 1751
2080 1469
21 129
613 30
2062 1370
1423 1210
803 2142
1389 1576
497 428
1825 652
187 17
532 1542
1738 1085
1505 1049
1806 1576
1580 581
1985 830
1449 803
1164 1840
833 233
359 376
219 926
396 2099
1608 1424
1229 770
1489 58
1676 1485
421 2063
1511 618
1949 295
1646 761
592 1300
964 658
1309 1290
814 1770
1481 596
46 1482
989 1097
1784 1055
713 1675
1490 1087
1269 199
643 1082
854 1636
137 1376
648 970
2037 312
1726 313
765 311
552 1
2108 617
2177 1630
2022 1987
13 849
1581 745
1161 323
920 1594
1672 924
1643 1460
473 1091
1333 1477
2097 1779
488 1378
1083 622
1364 1567
1891 193
1685 1979
1878 1192
1844 282
1487 520
1719 472
73 503
1420 349
1710 1827
1220 30
432 1573
1637 1269
954 1508
913 1336
34 877
582 1678
1250 1260
180 996
1844 381
263 304
796 494
2210 1234
1167 283
2045 1515
1911 1093
1449 2173
1444 1438
1064 732
1901 738
414 1927
1259 934
1909 1728
1140 325
1385 1502
2095 710
30 1322
244 1757
1499 1358
24 1704
1857 1934
501 441
2204 744
2146 1887
528 430
1986 474
840 2063
913 568
87 1859
540 604
2140 1629
2056 1620
446 1052
2063 1576
1413 1417
706 93
192 965
1609 929
1518 1837
1314 2211
2095 616
993 2214
1340 816
2208 372
1979 1688
1571 430
1281 755
1951 111
2185 184
932 375
1301 1246
1954 1193
1773 472
969 1423
499 1083
634 1803
1313 1158
806 456
832 1277
711 220
162 540
1238 254
324 2154
2158 1163
1595 685
1273 62
520 1841
1308 890
1481 807
2192 1603
2188 799
439 491
1196 325
457 962
506 144
1963 1728
1448 483
1127 1856
1756 1865
929 1995
835 970
1783 1365
1122 1678
1409 545
1404 1678
1731 1890
705 1780
467 1629
1798 1752
1121 1177
249 1535
538 1660
1322 1260
1321 1457
534 1683
2164 1077
165 1879
171 1854
955 81
2154 1973
6 526
1707 982
307 1912
429 961
1271 1160
1593 198
1352 551
827 241
727 1459
838 422
1258 978
1529 134
1476 2180
689 787
358 1681
1564 240
1855 637
102 1454
817 1303
475 1259
795 8
777 325
27 2102
167 1311
470 1224
1641 2171
1652 702
11 154
921 887
645 283
2203 998
559 780
750 938
621 1108
193 1400
513 1041
342 1617
1099 1640
555 1421
1183 2188
1528 243
276 1875
1180 19
972 90
767 1481
1591 1652
1596 722
498 1383
1749 770
2040 853
895 1096
2061 657
888 1698
833 1270
569 1146
857 2032
941 1268
1094 1023
219 279
354 2030
303 621
1028 1076
350 832
1368 1533
366 86
388 1721
1248 962
1314 755
2112 1269
1159 721
1944 623
739 797
1014 1528
946 1891
181 169
1444 448
2048 219
246 1252
1271 1419
1059 717
2027 1186
647 521
2133 1722
299 1126
1096 1973
1908 1427
478 2142
1852 671
2061 384
887 294
195 1969
954 1354
1162 1675
21 728
886 2200
796 1727
1342 379
2016 1474
1266 511
1517 925
1938 332
227 1814
1666 1608
253 1502
1999 761
370 111
650 1026
665 1277
161 1056
1403 1813
965 247
1115 818
996 864
1828 105
706 2045
312 1948
1384 1505
1998 315
211 73
966 566
270 2049
1382 94
269 1746
763 1357
1241 508
774 1283
729 1477
1585 515
313 820
685 286
1419 223
1346 1973
1006 526
1640 1789
365 450
464 427
401 1925
839 1325
1892 1069
520 1980
1247 244
42 394
937 275
893 1249
1056 1575
116 717
764 2148
2083 1630
366 1362
1094 1761
1143 1830
286 561
97 4
2124 1665
1821 1070
1931 136
533 538
1209 1005
832 616
188 163
2189 495
1350 320
567 320
851 358
348 464
649 621
164 92
545 220
168 1903
1069 629
782 732
742 235
1555 811
1984 1259
2056 1179
980 217
252 1568
82 910
109 1078
1889 1941
1535 723
766 1600
712 1551
1890 1332
1991 845
1526 2129
803 1193
2 1718
127 2205
1326 1627
768 848
1627 357
1063 314
1698 1630
2109 101
876 1672
42 1869
2006 521
225 1971
92 772
283 544
1340 1198
1474 1119
2214 550
2200 1853
139 1220
1823 588
1717 2099
1254 1385
934 914
273 1207
923 1847
989 555
405 2062
1081 145
1023 853
1181 1892
406 2143
1962 104
1119 575
564 1298
1891 1542
1503 577
1702 874
124 842
939 918
1547 334
1226 2180
1021 482
1052 1288
1071 1035
594 659
1042 1664
803 750
1787 89
1226 484
2197 992
395 2126
150 2191
2166 536
2120 2017
296 874
613 84
2075 1377
199 113
2134 2211
517 1659
118 1431
1398 1404
1069 693
1204 1634
1384 625
197 795
1625 1709
312 924
1618 832
1821 2016
1521 1008
704 1278
117 1462
864 458
481 1567
2020 2108
1588 1336
1379 906
340 357
1364 1340
156 1546
1801 662
1872 1748
1845 613
1547 1818
1013 1834
2142 1805
1430 897
1093 1301
1188 232
755 1414
1348 2054
258 786
471 461
899 333
420 323
937 1802
1138 360
70 1760
1248 291
308 1470
727 1695
0 1796
1616 2105
1703 684
1439 798
2023 2197
1975 622
844 1012
1720 249
2118 1063
1932 324
1866 723
229 1119
1615 638
1748 1174
974 1413
2043 581
215 383
442 514
43 1338
736 355
569 1197
1252 1306
103 1083
1049 1548
1162 2038
160 360
1977 1590
840 790
1166 2190
1860 141
1844 83
812 312
193 325
342 2181
2097 2065
2167 301
1189 444
1316 1207
1533 844
191 1846
597 6
1083 539
1779 1614
1997 1945
2024 1754
554 385
651 1149
1596 1106
728 801
1493 2035
201 1325
619 1545
207 1215
1745 1419
1246 363
2020 807
1843 845
228 1297
1134 837
1796 1135
35 1023
867 782
476 189
170 1148
2103 554
1583 156
16 399
802 612
1512 343
1385 553
414 874
178 2053
191 1552
569 1021
1695 1622
1533 499
488 277
154 1771
292 1315
1635 276
336 157
144 1684
545 1907
371 2214
153 715
728 674
100 175
2062 1673
1819 941
230 926
1502 1992
1990 468
422 1129
419 1071
378 1412
363 129
1426 1994
555 1087
1273 167
470 2196
713 1621
674 1881
1586 1544
1947 1755
1020 871
1410 1348
946 316
410 1126
1293 1668
289 1008
1938 1568
902 1564
2169 1834
2060 614
673 381
1514 1220
987 1650
2005 1443
1639 336
1036 1338
1857 931
2025 965
1344 1430
1972 1154
112 2199
74 1058
1565 920
464 824
154 1043
81 1010
847 351
1940 91
1766 1314
1087 1118
761 364
1127 1147
1721 977
1892 161
1477 256
640 2115
1076 1488
45 1068
586 1249
2172 849
1889 2005
9 2192
88 215
898 1040
1005 2191
1279 2210
1000 1169
1612 2205
152 1590
1308 2117
164 350
1890 249
2056 485
1466 2166
1794 848
636 232
946 240
1685 2213
4 2044
2196 786
283 564
1938 430
885 725
1168 2138
1305 1694
1924 1855
1802 895
489 339
253 287
1867 700
1394 1098
1344 1408
1974 72
1243 1367
66 325
1350 1633
2009 1634
1363 607
501 818
1868 1884
204 1917
1908 1627
2210 843
1685 1299
1763 2207
1567 384
312 1683
1856 978
369 1154
673 1173
1765 40
84 1410
327 636
1641 1942
858 1663
2077 1818
1770 554
226 99
289 541
2166 738
405 257
751 1086
566 1058
1095 281
193 1121
1096 2163
2147 580
1206 1180
996 2193
806 1402
883 1217
248 2069
479 1289
1967 1134
689 158
1075 1168
128 1574
1684 1130
1643 405
822 122
1739 1755
1248 1045
1086 1334
280 182
570 1988
465 2017
180 1548
1911 450
1952 1014
1016 621
2052 1612
712 652
1939 30
405 102
1074 555
1416 225
2188 1301
616 15
1874 1410
319 2008
501 1896
689 1857
1870 1980
224 1012
1527 1905
1218 2074
462 25
589 1542
953 251
1375 1669
1828 1714
1496 852
441 1991
1243 1545
424 381
1763 910
1825 661
1186 206
1801 1423
1330 2034
2187 179
1981 685
1475 1269
1214 483
531 94
913 714
1774 1802
1580 236
245 599
271 1258
376 734
2097 1765
1733 1504
411 422
896 72
1682 1245
1173 1200
1366 725
1445 2007
1118 256
620 654
1730 629
42 1810
1185 714
1668 1024
1985 979
1729 432
1973 9
2101 1430
838 1199
1003 739
1773 65
1741 1927
1399 857
1833 162
691 707
964 2081
2007 484
1284 373
954 1082
896 1080
790 2088
249 154
1443 577
450 510
847 1767
758 931
1346 110
784 738
983 1760
889 1389
1849 693
984 64
885 103
622 2005
1160 1843
1936 154
885 368
507 1905
1604 1304
1639 667
1622 1337
784 1644
2062 922
923 1345
239 1803
1176 68
1197 440
889 1399
2198 1150
1366 2077
772 686
2208 1182
2166 1584
1047 436
1703 900
1278 490
578 612
718 2179
235 1304
1519 1780
1973 2053
1881 3
1591 80
953 516
2115 845
212 1729
334 611
1635 326
310 700
565 1924
773 1126
1034 113
1438 1007
782 670
700 62
683 1039
1735 990
188 1224
610 1729
1462 609
538 1330
2121 1439
1860 593
1671 1622
14 1382
641 717
427 130
1579 625
1579 355
2108 847
1049 217
185 2015
842 1401
1297 2081
578 1902
99 542
1013 91
1296 821
690 1106
1620 149
33 1464
1433 1555
1278 249
388 2200
1326 1263
404 481
1427 1466
1411 456
284 1979
955 914
1370 436
823 459
607 2188
656 627
1171 1157
2142 95
1660 1533
820 596
121 1653
1842 1692
1755 2198
612 800
1190 125
1947 2155
2182 926
806 1490
1434 2174
1727 210
337 1060
1829 46
41 2064
1239 1347
1730 1241
833 1434
464 2081
1659 628
2021 647
580 466
1376 857
1897 179
1709 595
100 414
1007 1292
1654 1037
1963 968
446 2127
434 1692
2018 1266
1706 1020
2112 164
89 745
651 904
1148 1410
1996 1709
909 1620
822 523
356 1889
883 1265
2164 373
2028 1579
1616 703
740 1393
767 1424
1742 982
158 1172
1743 1301
326 425
338 177
1252 874
1408 2034
815 1190
1611 1806
1121 112
1724 1158
2 632
696 278
2054 192
1709 427
2202 432
796 616
1560 1434
2133 2103
1984 1186
1576 1239
1331 1794
343 302
483 95
2195 1367
36 1101
1275 688
1959 1241
267 1637
638 1613
1624 2180
1057 1366
1988 827
1593 1188
407 1213
818 1345
668 1314
2080 778
1387 641
984 1948
638 710
353 2181
739 291
1315 1853
1709 283
39 479
215 1246
1911 678
1531 909
2184 1063
409 1190
1832 2044
1834 596
1949 1715
1116 1331
1026 2182
1805 1495
657 1886
1488 2136
2127 391
908 826
1862 2082
2078 705
592 847
1690 1511
292 955
2187 336
855 2003
560 1723
963 1672
402 753
1747 2001
1979 775
1493 868
46 1646
378 1064
303 1907
899 1189
143 1934
1962 979
1040 1792
1932 1070
702 2142
1062 1259
1058 1902
584 2107
1333 653
1813 374
1496 159
1730 264
805 728
547 802
462 1920
638 1327
13 1464
724 2189
2142 179
1713 1347
2098 1022
1919 1983
1849 272
1911 139
200 908
808 122
1829 918
1917 131
985 1413
168 649
1939 534
1750 1496
1726 1175
716 1959
1252 1096
1779 1991
1321 1590
838 42
469 337
720 445
21 1438
1838 579
2212 637
1973 686
395 383
192 128
1272 165
1753 2038
2020 194
95 252
328 1760
919 1038
1028 1511
1298 1815
1649 1415
116 397
239 177
1164 1315
1212 58
333 1988
800 641
1470 695
750 303
1600 1702
1069 949
1865 2033
171 2065
2107 2153
65 829
1953 1363
645 662
319 335
191 1697
1594 1223
1356 869
1379 1064
1134 1992
1768 779
1447 1940
1291 408
1385 1502
615 776
564 1973
58 1776
1439 968
310 1236
2158 1784
1056 395
143 498
1300 307
344 1055
1727 1628
1649 1666
1591 888
1820 1700
105 1586
1895 2190
1114 615
2060 46
650 2189
571 77
1881 843
1448 244
1209 245
111 2188
700 1073
815 556
1489 1403
1585 2126
1400 444
629 1041
240 1900
718 608
1486 1492
1378 72
1531 1765
402 300
1827 126
835 1687
557 1212
382 582
242 1433
715 1649
2119 1367
671 17
1945 351
703 475
2001 1152
753 1128
1964 1042
1661 309
2104 548
1000 1087
12 984
2075 1707
735 1680
1282 1822
618 236
1917 606
678 1676
340 1508
807 17
875 572
1791 567
393 1536
1401 1532
1634 394
1862 469
723 847
2151 1229
1720 811
1092 1377
2138 1869
1761 1712
1347 601
1264 813
700 752
1139 916
709 968
1980 2067
2123 1480
2045 1935
896 1800
124 2018
204 1046
185 1166
1301 818
486 1352
1681 37
2155 2212
1466 1963
626 175
1928 245
380 864
1796 1179
1434 737
374 1448
475 1751
895 431
1380 404
783 446
1871 1815
544 1254
1676 1613
486 1350
1241 764
815 1441
681 1736
1667 591
446 159
861 153
2090 1856
1102 746
1005 1452
1829 1460
612 1611
803 1175
1290 372
1625 1930
1846 267
1079 1139
1352 910
182 2149
129 175
88 2062
275 1162
1013 1921
1282 1518
1820 2037
980 1454
407 1280
1256 994
1827 464
282 1679
1300 1690
1431 493
1968 1546
590 1143
1887 1196
17 419
420 498
370 1406
959 1315
1482 36
754 1358
255 205
635 2022
685 2029
1376 2076
159 798
1849 1064
1352 1149
336 137
1253 1674
809 674
1459 1868
2158 861
819 1578
1794 810
1951 1216
549 1954
1621 1084
1305 1700
2027 1724
670 1200
618 210
422 1493
698 1778
708 358
811 90
154 1348
1683 2138
1527 1866
2019 22
1393 150
199 1412
1606 852
508 599
671 1159
899 1262
649 1666
2041 1227
859 1611
2147 602
1602 1606
1661 443
1674 380
1534 72
649 547
382 1002
1022 571
2006 65
1570 1702
362 1503
478 582
365 730
1942 905
1324 1809
1315 1923
2013 225
1289 305
458 915
368 373
1993 128
390 2050
85 1426
1804 1371
310 1382
681 878
1306 469
1117 2112
215 1968
1792 824
337 1053
901 436
521 972
755 856
1686 333
141 434
1121 1878
1378 1773
2041 2095
1676 423
231 2153
1297 1983
584 640
1736 106
329 107
1213 151
172 432
146 1070
1646 1630
2045 783
2002 453
832 6
199 2088
601 1893
1553 65
1560 994
2189 1900
2075 920
812 1235
1399 1296
841 1246
1202 1261
1184 548
1761 845
976 739
1816 1568
1406 1370
1161 1418
1151 292
1614 454
323 1520
436 1757
1467 1686
2042 1589
1171 1795
2063 1574
1835 927
1882 922
1997 1247
1621 826
545 2102
610 393
1344 1390
1195 906
2055 2119
2073 1013
1484 1969
788 1480
540 152
1351 1568
1733 1817
178 1367
1507 170
1680 265
1232 86
186 2167
2206 1809
1148 1670
420 1683
159 445
468 1182
1574 1506
242 251
1463 1594
2144 706
1517 266
158 262
859 1242
1830 113
1615 1555
1528 937
683 2077
65 265
682 946
696 527
1775 281
1691 1623
829 1777
2000 833
597 734
1966 1520
8 7
1626 1060
566 1226
2121 1935
2051 454
538 1283
1044 993
779 1558
1682 10
195 660
1911 1645
720 721
458 1487
17 92
1725 843
917 980
1551 1909
2171 858
2213 1690
538 555
383 1769
1079 1420
2117 1074
1094 661
240 1548
2153 1977
342 370
1980 502
1689 1215
1880 1054
150 822
472 2150
592 795
2102 671
58 1391
1270 380
1860 1396
116 391
117 1228
1820 631
359 2173
1309 128
876 20
2095 950
1229 1269
211 1861
423 2030
1000 172
369 1316
1033 1483
1722 124
75 981
750 400
1580 792
1340 1753
724 1592
1073 1
730 1617
520 2138
1334 1017
1298 687
573 1175
2088 986
487 1171
2181 1450
931 1536
524 813
1744 1062
1476 121
776 847
105 1491
1095 205
1171 1469
168 1933
475 1607
1016 419
920 1545
771 101
577 1586
1648 85
68 20
128 1274
1288 875
1204 201
855 1842
300 1907
687 1959
581 2107
1228 1471
1285 305
1547 1416
1726 2109
1731 1016
1081 925
1543 905
160 1897
60 6
1359 1719
1961 401
2064 85
1167 2051
1313 1603
1735 949
194 1320
547 1392
1342 727
433 2178
1068 1169
1612 128
567 1512
1292 130
100 214
829 1977
901 1688
2130 1723
1703 761
1066 254
1260 2194
884 1563
1486 1110
1930 1646
437 916
1164 1650
722 423
2139 1133
1648 1529
570 490
1926 738
1357 1075
1967 1355
2184 1364
589 2105
767 617
1759 1665
1055 2031
1181 1403
42 1610
2024 1499
827 1264
62 2192
2168 1214
1232 538
807 734
691 1231
1466 1795
1811 2043
914 274
381 1616
1380 349
1439 283
347 1076
607 1779
37 715
1301 1378
623 405
2198 977
1316 2118
1412 1040
1538 1983
489 2032
1363 563
1209 1458
1928 1904
354 1523
1128 330
1172 1037
1896 263
1312 1567
1291 1498
5 882
122 1678
1411 737
322 1143
1602 138
1824 478
934 1279
1399 224
574 1256
1250 1733
1471 1833
84 1983
549 1729
761 750
1423 356
1728 1741
1684 887
1179 1027
102 6
2163 588
811 2130
2184 2133
514 1462
673 1659
2042 969
322 1783
24 1454
1594 1966
1694 2071
703 2200
1703 1334
1910 920
706 1025
794 935
502 1502
486 1001
2178 1127
883 231
224 351
1366 240
2070 456
430 714
862 118
622 2096
235 1971
29 1601
1629 2049
326 718
1741 424
721 1455
1240 109
1194 1692
979 1984
1868 1398
11 1057
1739 819
288 1976
2160 1633
1951 66
1772 968
158 1244
1089 397
339 2124
2201 233
912 351
407 1217
1368 176
107 815
563 357
738 335
963 1742
1775 511
210 1103
1769 210
857 1020
618 1219
557 863
647 1073
1079 338
1813 2100
1000 700
1870 2024
1687 1488
1796 638
1167 1396
1173 476
2062 1128
1731 1853
858 1728
1125 1850
1079 429
1648 1850
819 2157
1655 1015
440 31
232 952
1528 1684
1266 1812
1680 425
1554 617
870 206
1465 126
874 1290
507 2012
632 415
811 958
1242 1347
750 697
92 1216
1727 901
2100 237
33 31
1389 983
572 978
1954 400
1688 1223
1817 2056
2047 177
537 1794
932 1091
1075 2020
990 1747
1978 658
619 1198
1067 359
892 1125
145 1895
455 1453
134 1730
2126 1752
1583 1799
1487 2108
1999 237
365 341
336 29
1378 246
1357 1542
946 2002
1189 179
1379 457
1366 410
719 1277
1879 610
937 514
1743 1384
1860 759
947 2029
386 2026
151 123
1235 1053
1783 1696
1240 1665
1500 2198
243 1139
1618 1828
2176 1380
458 1700
1723 610
1530 1909
773 341
2203 1204
636 476
362 705
843 1348
129 1157
1459 1213
1905 443
1968 1896
219 19
2027 1176
189 80
1909 1906
753 1853
913 66
691 1782
1260 2002
1194 1258
435 1848
1626 311
637 2004
40 292
1853 1856
798 1974
2183 277
1076 1769
2156 1454
1943 1227
1856 1343
304 493
907 2087
1309 1430
1842 456
2035 841
897 559
1567 446
482 1493
2057 2037
1645 630
1747 644
542 1547
1429 662
1772 2047
1077 1323
1410 867
322 505
1862 1834
1076 2166
1948 203
1728 989
217 1066
1880 1804
763 140
1581 984
2053 1329
1124 1129
1130 563
784 770
595 1190
2030 1044
2017 1160
1023 658
920 475
858 896
936 960
467 1392
2203 192
1409 1781
1744 1396
671 1397
1348 925
1096 468
1475 2143
281 2186
1678 2203
915 428
51 1753
1709 1693
514 1407
157 1124
179 1476
678 890
151 1360
179 303
1420 1378
447 1491
71 1373
1253 1796
202 394
263 1701
1398 1328
76 1639
1626 484
1981 694
2113 1749
464 97
306 736
1483 1802
1292 1575
2156 1978
252 1951
1496 1036
22 1174
1452 296
267 1569
768 627
2041 509
1972 30
1604 213
91 465
1842 2061
1023 1428
1907 1126
693 88
1744 1601
904 677
928 2061
1694 511
1973 344
2118 1190
1984 715
2060 2162
1840 1748
1675 2028
416 406
407 668
287 1515
558 832
904 1898
739 1129
824 40
1703 2112
1014 1101
621 2002
816 233
670 1786
2039 176
411 449
154 478
428 1354
1945 1568
2117 1926
2168 1651
909 1857
1778 966
1643 2012
1161 1797
1427 1750
1912 1535
1270 1609
2072 2096
707 1287
884 1398
1144 1727
747 575
1509 600
1349 297
888 628
378 1836
2053 2003
1301 1415
667 1700
434 644
1003 751
2213 1278
1565 1286
1260 974
35 821
1689 886
15 2016
732 1256
1168 1888
246 1065
172 90
957 460
169 827
2181 1492
1083 580
1615 1603
982 577
2122 591
2168 509
1498 1930
1723 161
1041 1622
296 268
1836 1462
499 1528
1342 1117
134 1936
584 254
1298 1488
904 1075
1108 110
1005 31
1161 1624
190 448
1691 539
2169 1167
14 1810
1440 9
2015 1195
644 1513
324 130
1265 1891
1165 330
1899 513
1020 1103
2147 1415
723 655
1990 863
1136 2012
714 1149
317 1410
1785 1447
500 550
853 143
1609 274
279 1032
1802 397
69 948
1645 1099
1539 1205
1274 946
625 826
2188 330
530 1286
1137 715
932 308
232 2
1322 1234
335 761
488 538
828 1542
452 1027
1060 53
43 1935
1133 1473
1394 1092
619 1096
2062 1759
362 1549
100 1879
1800 1908
262 580
1702 1800
1645 653
1731 260
1692 1574
1574 2190
92 164
366 1004
635 128
1950 411
474 648
544 164
869 1088
349 1656
41 654
1855 1644
1786 372
529 1393
1977 1097
1277 976
848 993
1576 878
1544 1624
2087 1109
897 1180
1145 1598
1231 498
128 96
1521 1436
1397 404
2062 566
88 1165
718 836
1664 1792
2175 993
1211 154
1103 862
165 1291
411 392
631 1968
1713 2087
219 1014
930 1193
1483 596
1526 2119
1847 837
877 2194
2144 1689
694 755
2210 947
2150 2080
770 1784
579 2060
937 512
747 1770
1301 2136
1021 446
246 1797
1232 1394
95 2085
988 2082
469 65
891 1532
394 1254
1729 1916
187 714
1228 215
872 1073
251 1578
567 611
4 300
136 998
602 1172
723 1225
1657 1446
778 985
180 266
1385 1047
650 44
1148 1187
105 998
966 792
363 538
1954 27
824 525
1515 1256
1819 360
193 1543
1363 862
1444 1488
543 1513
1591 1748
322 1133
1545 1831
395 1204
571 598
1094 508
1011 110
2093 1866
787 1916
113 182
2180 659
254 2182
901 2158
602 616
1091 83
1522 1236
880 1350
2156 2111
1217 1635
1444 813
2186 1405
1742 79
291 1772
1342 1012
187 254
1394 436
473 27
600 1884
611 97
369 1491
1952 809
456 350
1062 1754
520 446
809 762
1142 1767
292 2122
99 1498
429 879
874 1254
1554 1268
1035 1994
343 388
477 386
129 1688
2068 1597
1549 729
183 1348
1514 173
1143 1921
1513 194
432 13
91 800
322 1239
142 1924
1476 1514
761 482
86 214
1426 1488
1316 543
1318 756
287 1501
1001 33
1293 737
1238 1870
774 1332
1401 414
1426 371
1207 1683
2213 1040
207 1902
1435 1346
1575 116
530 689
990 2113
422 735
274 782
398 148
1686 347
329 540
323 2148
1037 1793
1133 1225
1885 1719
450 1486
630 1307
1737 1733
1792 1053
1385 946
2088 800
1411 1140
575 894
121 1836
365 1463
424 1165
2116 2190
47 1580
1750 1422
384 503
104 871
346 2003
631 487
2177 2123
1964 768
51 1688
296 2147
29 1578
666 1469
1688 1620
1666 1739
1263 1684
1613 263
1163 170
639 1369
143 1167
626 1282
62 557
1359 577
98 1788
460 1822
1592 1969
1265 1675
2009 1571
955 1625
1435 642
1830 1605
236 982
2049 1172
2011 43
250 810
1038 523
1258 674
1053 302
1860 2202
2205 574
1044 1759
754 1470
451 1416
2116 1554
1855 2034
1531 2203
373 1932
45 1888
460 1416
382 16
650 611
759 1325
1974 1939
2145 1692
571 974
982 975
1637 1293
162 809
2154 111
2098 104
715 67
609 1145
1708 192
1904 1258
2017 533
2174 1128
2036 1226
1410 2194
1937 1768
1681 1934
419 708
2000 1553
882 1237
655 1154
1971 1811
2183 1754
647 71
1779 1679
1905 238
756 2066
658 1554
2081 832
2085 683
1848 617
948 525
443 1009
2011 655
1827 179
655 1644
1420 37
75 1011
546 649
2185 1237
254 2193
219 1297
924 1594
210 1580
1313 251
1291 1489
1748 1465
102 1012
1916 1471
1679 407
396 1992
1080 2095
1407 971
189 674
1206 923
1687 2054
85 714
38 1097
1464 833
528 864
1283 1545
1946 559
1584 564
109 563
2190 1630
216 577
2177 126
197 550
187 238
76 2132
462 768
0 586
1434 1477
1914 1597
974 1361
1797 1420
1402 1398
1485 243
1048 554
731 314
2045 718
2174 1884
258 1431
1676 238
2067 290
644 149
915 1581
567 1453
1070 131
604 2176
125 1853
440 2194
41 1669
274 826
798 2173
988 1042
1661 630
1006 571
791 1403
1323 2063
567 2081
1518 1100
1341 124
1541 370
1706 646
1607 1737
775 1226
1864 1551
2202 926
2160 1905
126 994
68 657
281 1411
1312 1123
1973 1217
565 1639
1342 856
2197 644
1063 739
1340 1484
566 348
1776 1162
578 2118
697 464
119 2162
746 242
397 208
1863 2061
1903 998
1821 1056
28 2086
969 784
911 1174
844 1603
1257 244
407 166
1564 664
1982 1969
3 156
1494 1551
650 20
868 388
1568 1402
1980 1902
2022 79
86 281
1841 36
1651 809
1959 2070
426 2165
214 1217
576 1905
1448 161
331 1479
263 931
2146 332
2077 618
1849 1958
155 467
2053 1234
1833 2079
1408 1329
1237 549
136 819
1711 1925
736 177
1252 210
1074 1275
187 2111
1152 529
496 1539
406 1971
405 1949
1050 758
1964 2069
820 1209
1316 2159
1303 433
2149 1432
1280 195
112 396
2048 120
411 1532
1780 2043
345 28
739 2070
1113 480
1224 1041
61 1578
1571 2106
200 429
103 1403
1601 1454
716 1430
1914 1728
2058 2064
519 1440
1279 671
831 1819
716 355
1045 19
1353 1749
177 1560
1900 356
1419 814
2128 1288
1574 1523
1252 619
793 446
1711 99
1587 209
1594 688
262 886
1 889
2073 1268
689 2178
1223 510
256 430
60 1846
1832 608
1657 602
1706 1871
766 2180
500 2197
925 1959
440 354
1677 1964
1173 1625
1004 260
1363 741
140 13
1420 1269
991 1512
39 789
951 1697
646 2152
1699 97
461 1989
2072 1626
1548 133
1153 663
1084 560
1939 1772
1615 1907
1419 477
1426 914
678 288
1689 81
664 2198
1668 362
1769 478
431 177
345 1259
938 1836
468 1518
1981 1257
797 1705
1042 450
1229 2186
127 546
1935 1783
549 1405
634 430
2144 1983
564 1441
220 1606
1412 1426
780 458
1452 1064
1077 502
1238 1273
1879 1348
625 888
1616 1059
2114 1971
88 1635
761 8
960 827
885 264
1094 38
2059 2127
597 363
522 2098
813 344
1712 425
251 1094
300 1912
23 39
2187 1730
1959 1858
1704 1413
400 1539
792 1650
671 1042
145 1149
284 1994
893 2126
1401 1860
1334 1524
1783 53
2142 584
449 1252
1081 2163
478 1823
1816 1427
596 1009
1510 1312
1101 209
460 426
1955 966
348 473
1339 444
838 598
374 1039
22 327
483 2194
1014 737
519 1429
382 976
541 1050
2069 2203
1439 2039
1518 1992
170 393
412 1621
852 451
1903 1916
642 1167
1293 1226
633 179
102 388
159 1986
949 644
639 698
2199 2007
942 524
1569 1765
305 763
260 1484
1372 277
179 1931
1546 1668
1487 673
1712 1458
2115 761
1908 294
1144 1586
134 140
836 1971
1271 1139
1739 530
990 650
346 1523
1430 1643
365 270
1798 2097
1153 2019
1994 191
1454 379
1365 1823
1491 897
1743 143
963 678
1094 2187
2140 2205
1266 1805
1369 1943
374 616
899 1813
2132 1532
1987 890
98 2063
563 1150
1706 0
456 915
808 2167
104 1381
1634 773
1454 100
882 84
1841 596
1029 1788
575 1973
218 1800
216 502
1483 542
1514 1747
1262 152
1123 1922
838 889
656 1547
434 577
581 1578
902 296
1769 404
167 1662
1582 554
1574 2137
1818 1147
1649 359
1809 1831
853 1496
76 754
1767 2064
621 652
1571 1694
866 195
826 134
697 1143
588 1007
1177 1174
2039 834
1140 1675
913 1907
58 312
587 846
87 501
770 881
1726 870
911 1439
1234 797
1227 77
1849 2144
1304 614
1931 2057
506 693
709 766
1726 30
2178 870
94 232
1772 555
1746 1152
478 962
493 1006
1944 1061
1873 1977
1606 1742
2197 882
2016 600
986 1672
2041 2116
1912 904
593 2040
2016 651
206 2015
1410 1251
993 620
919 2080
363 108
666 1356
2164 1759
1911 526
892 531
222 2016
659 1933
1717 327
1858 1558
1925 1765
1251 1656
252 2154
745 1724
1348 2197
1195 452
794 1629
646 1987
1186 911
599 1965
1551 266
1390 155
1420 385
586 2161
501 678
315 1653
387 673
1552 1307
1249 1483
776 1375
1870 1421
1896 140
1595 1027
1748 110
1550 1274
1343 1027
442 1169
431 1156
855 1020
181 121
294 1251
1617 797
1138 465
198 1262
1632 1726
832 1467
19 1670
256 716
730 1252
406 923
314 292
1107 1649
1506 125
1340 241
1094 2013
336 303
1188 1959
987 629
1444 1664
938 528
281 265
92 2078
878 1263
202 817
431 836
1067 2
1992 621
465 443
1557 104
1118 1125
647 658
415 1394
177 540
42 579
408 810
2005 1792
541 1127
1678 2133
1582 1372
366 839
1397 1547
1507 1171
1576 1792
1799 1267
2210 2007
1423 2172
718 135
183 1351
1224 110
946 1690
855 16
63 1834
36 1344
1798 1413
1235 1588
1825 1937
783 537
2159 1345
778 251
287 1553
502 1848
608 304
1895 1218
837 1389
2153 500
351 90
773 352
1939 1009
558 1880
2152 229
319 805
816 66
2068 1694
553 1233
985 1145
1990 1863
156 1163
1640 571
2114 498
54 1869
2178 1618
56 1006
855 814
1195 330
890 1762
1458 2207
2191 961
64 1131
693 967
433 1266
666 1556
1725 146
1206 1648
164 2214
840 1573
1242 1565
1104 1765
1864 1816
589 1855
937 1086
439 290
543 867
1160 1429
1558 4
572 40
160 1145
1947 255
68 1516
913 1362
1589 1441
1503 1200
219 836
594 1615
1124 784
215 1991
1483 397
1111 1469
742 1895
1934 884
1267 1732
1187 782
1338 1378
1163 1049
1185 51
110 191
1569 1329
509 2171
189 1457
231 1406
1422 818
752 1783
1886 16
1265 2197
166 1631
3 714
712 227
1876 1210
266 1517
1082 404
177 1904
256 1597
1186 193
110 428
1704 1936
228 1720
869 1271
2016 76
1629 2159
1889 383
703 2193
2 1985
101 374
1552 415
2035 870
1622 1352
1462 678
1209 1304
277 438
694 2190
139 557
1295 135
1924 1858
624 1333
144 1464
1852 2199
691 1359
201 38
657 1884
539 153
1648 951
814 913
63 856
475 1403
938 1033
434 1469
618 1702
896 1115
1443 1318
1638 88
2109 1421
285 1523
665 436
1652 1869
1060 945
270 384
674 2151
1148 61
559 0
1795 86
831 1300
1061 517
885 72
1820 2132
625 401
1812 1685
1885 1851
1224 2176
1780 2132
1657 170
979 643
956 1889
1325 2193
1439 59
1337 2108
1787 1700
371 852
1939 188
1937 263
974 698
1579 1409
1930 756
1321 2082
565 1248
1680 333
1431 1019
2041 983
2033 2060
1355 1254
1642 2116
1573 869
448 1805
1570 2126
659 989
1312 767
610 1153
2008 722
1882 545
348 2011
1567 1267
1257 168
631 2147
1304 629
20 665
1419 968
1910 2198
1228 151
410 850
447 1308
1125 759
2160 2072
181 1045
174 1968
1480 391
994 677
1710 1905
1208 748
474 1515
1667 2183
1454 900
239 778
2005 2034
924 110
378 1475
14 379
1598 1384
1369 21
456 379
1467 805
1949 567
1370 2194
228 1617
1065 736
1553 573
175 1892
441 1318
1958 497
1735 1174
1166 727
1600 1049
2083 990
1367 328
2107 379
164 1385
1912 1647
869 1089
1434 2214
1229 220
748 657
372 1443
858 1932
977 425
680 2039
389 957
302 367
1901 1428
476 1698
1649 1270
1950 314
750 76
398 1371
776 1306
178 1670
1483 1487
466 1844
81 1874
1468 1419
1727 1797
1534 297
770 1543
222 1079
939 180
263 898
985 2061
164 1009
324 631
671 1134
140 45
1016 565
613 1595
1638 1935
425 1351
1015 934
1550 422
182 607
1097 126
8 657
299 1559
2046 2029
193 1945
1929 1125
688 709
1324 238
255 1437
668 335
2138 970
1440 513
2178 472
2000 606
114 923
1857 558
224 682
627 1706
1008 1192
1400 37
523 2117
1936 780
522 416
430 1028
311 379
859 354
288 1644
159 2063
288 30
1912 877
218 860
1261 1640
1806 756
1101 802
197 256
1959 1662
515 1132
1844 50
1076 431
1461 165
1210 2063
1072 573
1515 587
61 666
907 651
1114 1225
250 422
152 1088
945 416
610 820
2078 2185
680 1714
434 1398
1894 531
1388 1229
1649 1505
1644 1877
1356 1096
1828 1231
377 1946
1944 1348
2168 1139
1785 830
1803 704
1979 225
540 1953
988 1097
106 902
1332 178
1860 1473
514 481
1233 1468
404 667
1991 647
718 2013
44 1853
1143 1968
1446 419
1810 739
934 1831
401 1987
1048 1591
1909 2143
144 2128
1184 1667
843 1174
71 278
593 1460
23 230
518 1160
1043 967
757 1161
1427 2205
1350 1868
1932 1370
1136 2053
850 767
1993 387
838 1091
1796 834
1858 218
515 1082
1241 94
528 1943
1576 630
1357 936
1 818
1967 1797
637 22
303 1837
687 726
1784 2096
377 919
37 490
614 347
130 837
34 916
1041 2086
2102 1414
2034 998
659 483
661 2030
252 451
1397 1486
1773 1463
2160 1387
5 2090
1431 1857
737 1754
1675 1813
1956 459
2076 804
2059 177
923 130
1981 1109
229 154
1468 1530
1424 2131
183 457
1562 178
1673 110
136 751
251 735
2155 1115
2007 1132
1691 788
1060 794
799 1108
2208 1415
115 657
259 2169
1298 589
945 1362
1625 455
393 810
1722 2069
282 264
1228 55
1988 430
1805 1990
1169 1444
2088 1591
1872 1905
437 1512
36 1815
401 1435
680 1110
466 1079
1481 1872
396 568
1627 861
1341 2154
870 1936
624 358
2185 419
1614 1814
390 588
1499 1671
596 605
1054 1177
1725 1651
354 1324
725 299
1854 222
1629 1071
2076 1677
1196 2184
398 1492
1452 382
350 878
2187 598
1609 2059
121 1214
2000 1888
2008 1626
1438 1812
1431 400
1401 577
273 1426
13 1972
556 2023
1234 1494
635 1762
1962 868
1515 1665
1594 1168
729 1086
1074 826
183 1341
196 134
1074 1890
592 1674
195 915
551 861
2034 1109
1134 516
1878 1846
1024 844
2013 704
218 790
335 70
2170 493
372 535
139 355
652 1736
437 18
1125 1952
1722 1650
1610 1729
766 654
791 2055
1910 1382
1961 2174
724 1766
1225 655
766 421
757 2155
374 7
574 1657
1361 1826
1023 1546
1382 865
2154 1666
390 1063
2139 246
284 2142
1658 406
1703 601
928 1533
842 583
878 1091
1482 863
1094 1728
701 209
1005 301
360 1766
1199 751
307 1654
1014 135
661 292
978 1536
736 1069
447 1529
533 319
786 1400
631 1991
2152 388
1264 1207
1480 887
506 736
193 772
1745 2117
781 225
12 1431
2039 449
1183 1975
36 1096
1952 602
1257 1023
878 1099
750 1767
243 1261
1522 317
366 982
790 1568
1469 876
886 781
947 1603
121 407
1701 1974
655 1438
1201 342
1971 1008
1695 51
1523 949
708 140
1544 2199
2191 1874
2047 1682
1401 502
1211 391
1433 891
854 497
2061 469
981 69
1525 864
998 549
1896 891
610 2200
176 995
1951 1910
606 245
312 1993
2034 1083
1367 451
2151 997
1747 908
1094 1016
1242 604
1566 201
1615 316
589 150
845 2111
1718 211
552 785
1994 1285
1394 10
25 863
1365 534
372 2091
347 1280
1124 421
2208 812
1324 1825
1508 1177
2006 1954
1715 930
8 81
1462 1784
1041 1068
1302 404
53 373
1334 404
1633 824
1920 977
887 952
1236 1560
2199 834
260 773
335 1212
1533 2081
537 1132
797 2038
923 890
935 502
1911 437
1819 835
1955 1123
355 169
492 2177
1336 2141
230 896
537 76
2205 430
374 1452
896 1439
2043 963
2213 1519
630 1106
2014 1655
677 456
1147 1240
788 1334
712 2111
651 2074
739 2187
1554 1063
392 342
2107 87
1327 1400
1494 2195
1201 2119
1945 692
1638 73
1897 2081
1015 1972
2162 2138
507 1378
789 1242
1891 1498
1650 1258
637 2030
141 1136
906 1858
524 1732
121 630
258 753
688 1225
205 1422
1317 563
1703 132
1107 1741
1477 482
2129 203
1535 235
1111 251
133 1143
544 1886
750 1704
755 1094
2070 865
2013 1230
1989 1219
10 774
89 1961
1995 1973
2177 2133
2021 1247
1664 588
1385 496
954 1882
565 764
1294 1017
2012 1329
1564 391
2082 1562
2026 2006
2184 2102
1576 526
787 934
806 1077
1126 1656
774 150
713 43
488 74
695 396
638 751
389 64
438 1091
2059 1841
280 1562
689 832
1309 1451
891 303
1833 1596
424 135
2050 1146
1815 1756
584 1297
1212 1606
382 324
1304 2018
1484 536
1394 6
1304 607
64 820
802 832
1413 585
1931 1988
947 946
1260 1226
1002 2162
228 548
684 1181
1208 1860
1001 2197
260 1675
314 2212
427 786
35 545
71 842
1933 2009
2207 1046
1097 1010
1360 1347
660 1809
1938 1095
1591 2070
1159 493
2137 387
133 885
160 1
1377 1576
1631 1292
1828 1683
352 1659
843 2037
807 862
1414 738
375 954
869 679
2116 1379
256 742
759 377
1930 1800
919 1277
391 1424
1087 1161
791 23
1383 1249
581 1453
1011 107
334 2003
1081 1263
769 904
1355 1047
127 1903
2033 1656
1994 1788
2091 1996
288 1958
885 1042
1189 705
1412 1257
1204 372
482 604
1114 221
1909 410
1451 1680
2107 1
1870 1955
2172 352
1988 1883
760 1568
1194 2023
1219 446
617 1911
1612 1177
598 424
99 189
430 1451
183 1931
924 1424
2113 2150
647 1564
774 1709
1615 881
797 603
376 1451
1745 1545
143 666
1709 599
1389 449
793 1888
1197 1146
93 1919
822 670
2118 72
1232 989
1569 2016
1312 225
555 304
2096 1441
1654 130
854 1310
1449 10
1744 153
820 876
195 2175
477 1927
97 1495
1856 1635
479 1863
1574 860
84 960
2138 768
1627 1040
1258 357
477 1408
1282 668
1636 790
369 122
416 711
383 1233
2172 535
998 1333
1928 1314
569 380
332 1533
1475 1129
230 1
177 823
1225 506
954 432
2151 1935
2168 2179
760 1172
766 1879
816 913
659 1147
1020 2145
1244 1742
866 1356
1726 833
759 2156
572 141
79 1619
528 464
1781 750
1973 1727
1905 517
1225 232
1165 2052
790 326
560 269
586 200
248 682
565 423
1032 1637
2128 1701
459 1050
386 106
1871 1716
1581 1362
1932 2153
490 1978
2126 947
634 781
1860 384
524 2142
734 1116
1590 1032
1525 1380
602 114
1870 46
118 2202
705 722
1493 248
2131 1464
1127 2181
1326 787
465 1305
892 920
109 1352
1956 1235
573 1375
1007 1422
376 155
2126 364
2065 1546
1111 1719
1964 509
952 717
610 245
2212 1557
1518 1732
1819 100
433 685
1219 276
1556 1621
215 830
1168 31
588 802
531 1553
443 143
187 2010
731 876
1362 1825
684 182
1377 325
31 413
817 762
128 1958
1767 262
130 1355
800 1600
455 627
1469 289
1325 1152
2203 1539
957 825
37 1015
1365 1327
791 1341
1019 1253
2048 397
793 1363
1574 1413
729 1161
1545 1144
2122 554
637 464
1041 1324
533 1616
1263 2045
1971 165
2025 1443
1139 313
130 1157
182 120
496 1160
1772 324
541 1663
389 1551
353 1230
1060 333
1322 1794
1197 1314
68 133
692 1367
74 934
1825 1853
348 1380
1530 1835
1529 1690
412 51
1549 2092
1986 2202
1633 958
2127 45
971 1199
1008 269
2021 1721
1851 660
162 761
150 1329
1625 1522
599 136
640 1912
2142 2176
2094 1727
1191 1689
848 1708
1307 1200
537 1870
1777 532
2191 1832
520 598
2137 1450
2039 664
1889 422
1999 601
668 1643
626 1654
2117 1124
378 2032
32 828
1583 434
167 1634
803 1144
876 1614
1428 893
2187 293
208 157
1997 765
689 1282
2117 617
988 336
1842 1411
607 688
455 468
882 276
336 107
1430 1534
35 2012
759 1457
1452 1723
520 311
1767 879
2033 1988
356 570
530 495
347 1644
1701 1129
912 849
1299 1627
1132 1714
1195 343
4 801
330 1700
1557 938
1297 678
1798 385
360 1187
1734 660
2160 1754
1896 710
634 228
2068 792
1494 227
955 1629
327 1765
833 199
2119 194
290 1469
1915 267
1241 1972
190 608
249 1633
410 2206
969 819
720 673
62 2101
403 175
2063 428
1306 261
360 541
1780 1715
1847 1039
1316 1632
1237 1268
640 1503
1331 1182
266 1901
945 2150
1948 1489
244 2209
1156 356
407 1240
1387 369
863 573
660 1193
504 696
1738 1128
304 1036
574 1994
1373 239
188 1586
869 88
1504 661
990 846
1467 1016
518 1468
679 1735
1149 328
1942 2138
770 1508
1106 915
1001 350
1928 1703
1575 370
1863 362
1780 1550
676 1191
2092 1847
291 1031
1005 752
837 538
1908 2210
647 1707
1298 839
1649 2037
1273 602
1358 2184
1770 335
1835 1149
599 304
1214 634
2150 69
2005 387
2173 1960
81 783
1184 1801
691 739
2119 991
1108 1460
767 872
255 504
491 898
95 231
220 382
486 2042
713 477
1792 90
1459 2084
1843 1544
839 2105
896 413
1042 2070
1831 1180
478 638
110 1532
1409 553
1113 2112
1265 1472
2161 1143
1634 1811
8 549
1821 75
1997 861
2137 193
467 434
852 1914
259 1481
1613 117
149 1579
1320 1392
341 354
105 1794
173 19
1491 1236
1159 1216
1035 2045
160 406
824 1897
1016 416
1378 148
2066 2208
404 89
1166 1377
1636 836
493 2169
1405 1125
809 1173
589 2184
470 674
343 1805
1855 681
2163 1070
209 1979
2092 1984
1477 692
405 473
227 1289
747 256
1207 1382
2053 396
1801 2024
1521 558
2179 405
355 1698
2155 2030
979 1472
1756 942
202 1083
1240 134
1668 1740
1070 630
1450 1051
185 325
938 106
763 1562
1647 1567
150 542
1317 1870
784 648
1397 2158
717 506
1285 1269
1728 1943
2169 1041
778 1000
1588 1545
1815 1993
445 1202
1524 739
923 2204
1923 1276
894 285
780 784
519 1630
1742 778
1869 680
2181 752
1391 528
337 1028
1914 2013
2086 1298
840 1190
1523 911
785 1475
21 2206
309 2115
545 518
1886 726
542 910
151 1883
2162 927
2202 1141
598 1991
465 1617
1873 629
480 1350
143 962
1699 1672
956 729
1262 1350
187 1610
1020 2084
1556 1208
1840 1650
978 865
1764 1886
213 1174
1498 2020
659 1143
1161 1414
1217 1008
1639 1003
355 1915
1968 2041
1684 1396
1854 1349
50 767
1228 166
1752 423
1925 134
1356 299
2034 1434
1005 296
672 782
1877 1316
750 1284
1032 1683
940 1594
112 1803
2029 1817
65 1807
1887 362
2040 218
175 1027
687 1216
465 1134
487 1058
1179 1113
243 2192
1767 455
435 1287
371 235
2045 927
188 1208
284 63
1458 413
1323 432
102 595
1223 413
818 1556
197 1961
740 376
650 1180
1214 1874
192 1605
1750 630
620 722
2197 1735
800 431
1649 1016
1540 429
1648 1863
2166 230
2189 336
886 490
406 1557
717 32
243 731
408 1988
1603 1470
1924 3
526 386
1641 611
2036 1636
2109 952
736 183
327 1072
387 2196
237 1752
1187 1742
785 341
1800 1360
1573 1714
642 1944
1995 723
622 392
1938 1434
1095 2178
1823 88
1829 2063
1036 162
1375 2116
1764 238
2 1694
2174 724
945 1031
1696 984
1580 1086
2001 21
1124 343
1643 1701
346 1851
1923 1408
747 232
66 1010
2097 2091
466 994
1287 775
1797 1022
2135 385
1288 1099
1491 93
2138 1179
705 1100
236 195
1648 188
742 692
164 1511
964 1586
821 696
808 955
1877 7
425 1680
800 1155
171 1968
1687 1176
973 1807
1010 2110
131 2098
808 753
338 344
2107 1529
152 555
698 1706
945 1740
1162 2039
1904 74
624 400
61 902
1116 756
1222 1128
1004 2094
779 1235
639 1908
1485 880
1617 1944
2189 1257
660 112
796 2007
1962 263
1205 82
2169 2176
641 2067
212 814
990 1465
373 662
1178 1039
844 697
1889 638
921 167
321 859
610 1357
504 853
857 1373
1645 1644
1864 456
1151 681
969 1269
744 1932
2034 1781
207 776
2012 2192
1843 688
1081 224
1864 1080
628 1909
694 594
1034 1158
210 609
2189 2000
1134 290
864 2168
348 143
1964 862
515 39
229 70
286 979
238 1707
1939 2170
429 299
1473 1212
411 648
762 2106
67 0
1746 1873
600 416
2013 791
9 557
863 24
950 1008
2083 2135
442 2005
41 1933
1461 1408
1123 1997
1100 1305
1457 1393
1293 1743
1563 1349
545 1399
2126 1796
2204 273
1591 1305
1594 263
20 1941
77 1712
535 602
1828 2021
1947 190
1163 329
423 1355
1965 264
160 1419
242 2043
1907 168
1572 463
1632 1317
292 1009
689 2161
329 1587
2032 717
346 670
762 838
1953 985
443 793
2012 1474
959 488
1348 694
697 1591
1820 1023
558 1455
1226 2108
379 1931
1136 232
1994 1375
927 1876
267 1818
445 484
1931 731
642 1985
448 4
720 1310
34 1883
618 716
2063 1955
374 2081
336 114
792 1063
1101 1221
421 6
41 1407
1210 145
2185 884
1895 378
1706 1109
681 615
420 789
381 187
397 1336
1925 308
1500 1482
1416 1286
2123 1872
820 1659
500 1660
2021 644
671 1720
1418 707
19 1680
1669 385
185 2051
2106 656
608 1263
578 1146
753 352
1009 1114
1104 1144
2109 214
1583 1322
360 1483
625 1331
474 512
780 816
1884 2152
75 37
1099 1910
959 898
682 1992
2086 148
1092 1028
670 2062
2101 599
679 652
422 620
1838 1618
409 1279
2209 1741
1082 109
583 316
951 1972
716 1935
1936 122
404 299
1173 1328
531 2008
2153 1214
1258 791
67 975
1159 1035
58 664
1810 414
91 1847
785 1683
502 1289
1128 1666
1096 850
86 921
2053 1950
1672 997
1466 1013
220 1521
1540 1729
621 354
1345 308
1028 2064
78 860
1308 1803
2157 770
943 189
1082 18
1378 1150
1660 142
909 1552
529 1397
785 1366
1182 1261
1431 2201
655 1250
1479 1582
586 71
1013 900
772 357
140 1578
1339 196
1955 834
1389 1442
11 719
2033 2043
2046 271
343 2092
152 1475
1402 1415
187 1515
702 2142
1454 1150
236 1580
169 1693
1332 1480
1465 1777
1508 1035
1951 1009
736 1709
227 353
2212 1501
2194 553
815 1429
815 2129
268 2094
421 966
1251 987
1761 411
507 1773
474 228
2104 1370
834 698
746 1140
2003 911
156 1572
119 1745
1924 1020
1174 291
1580 1316
2141 1409
2052 1940
400 1634
2086 1964
675 910
790 919
1185 2002
1805 1346
1994 1190
1136 1649
2196 576
32 1005
834 1887
167 1792
948 244
159 34
296 350
2000 1746
1653 1344
662 1601
2088 103
545 565
2200 1383
1898 994
1059 187
1415 1272
569 1498
1211 1831
434 688
607 1599
619 2051
786 317
1908 1073
366 626
1248 72
137 1112
762 507
156 689
637 888
404 1640
365 1629
683 1207
837 1578
1774 1280
111 437
1902 37
1325 1334
2045 1261
1507 1907
64 136
1023 1894
1760 358
1220 1651
875 1565
2187 1742
567 802
2040 458
2041 491
156 579
2136 454
269 1377
41 497
1021 864
226 2203
965 2174
1130 1473
959 302
18 1035
750 1578
442 1441
354 1227
733 52
1320 1173
51 118
488 303
1938 2160
1256 143
1063 2021
1706 1054
366 6
343 788
741 1905
1117 1372
1516 1784
1517 1527
2101 1772
857 1736
678 150
1747 191
1424 2151
334 1522
681 318
61 819
1256 1143
1432 1770
1662 1343
283 592
31 469
313 321
147 1854
1919 365
1528 1778
1140 2203
1193 818
1861 254
906 746
719 2051
914 1919
1945 203
1470 1083
204 698
2191 16
88 395
114 1010
506 1471
2154 534
2035 513
134 2029
570 408
1994 1865
2204 1854
1750 1998
1726 923
55 37
1111 693
2190 328
565 1972
1184 1626
948 1495
1132 624
21 948
814 1575
1573 1021
344 1844
1429 751
1833 1452
48 1391
190 1654
1154 105
1419 1041
1995 872
1272 739
532 1866
1741 1453
1550 153
905 1248
280 67
1142 911
433 87
43 2205
265 964
1754 1753
152 1255
1767 514
1071 809
377 519
1632 734
152 1286
757 426
1965 602
1969 1877
1174 529
1737 1281
1049 765
470 534
1049 1428
1433 328
2163 1774
1724 44
1271 2123
2166 315
97 1724
575 1303
6 469
2104 30
1310 1539
2021 396
799 2083
1499 1819
1621 2100
1965 1268
1374 691
1567 1386
925 2034
434 1147
1159 1229
1102 1017
1911 1424
257 1641
1350 797
1562 2005
1468 946
1661 1920
2036 734
1106 1673
223 1384
1578 1617
1457 1338
893 346
512 1876
301 1231
815 1055
1371 2020
2009 1402
1485 1089
1126 1426
193 1274
2092 227
1965 1378
220 483
1243 2086
1109 1391
103 986
176 1781
595 1174
2141 1401
1880 528
188 228
1687 1347
1248 349
1606 656
512 1830
1401 302
669 1651
918 200
514 955
16 963
1766 1204
1179 1477
2185 1792
1108 835
1227 2120
1180 1519
678 671
11 1533
907 321
1672 1513
336 1777
1805 688
1754 333
625 2032
2120 661
1906 1985
1147 472
1361 1272
1636 1228
26 1168
966 42
438 1160
1368 2097
969 535
1560 494
1860 1281
1193 2190
2116 1897
1328 1601
958 766
12 238
1456 74
1159 1294
1998 1702
2140 1202
1374 391
1731 605
2067 1511
697 235
2074 483
1297 1250
185 648
1257 7
1353 781
743 1496
903 1793
1590 765
2057 729
1098 31
1320 476
1964 2114
479 217
1464 1366
838 1258
1466 1111
