2168 1528
97 544
1446 536
2048 1760
173 2059
521 2180
615 1023
1741 1321
1614 1315
403 567
1279 1586
1137 149
214 263
1974 2005
43 1131
2019 970
1596 2188
360 1117
381 254
232 1575
1719 1315
17 1279
1540 2114
1643 2093
814 1329
281 18
1637 1291
1688 2193
1051 1365
210 1340
224 255
1771 563
1293 476
1344 1358
2042 1586
950 1990
1834 1471
1672 816
1588 1575
251 2174
992 655
521 574
1626 432
96 1106
777 1671
1277 2145
2178 260
228 1134
1001 466
1714 1866
2195 251
1846 1583
113 1057
164 168
1888 418
1612 57
1002 1129
1862 1448
87 21
1949 1545
145 1308
1798 48
1638 358
703 695
1048 1455
852 1633
384 300
44 1645
1711 1283
856 725
514 390
2030 1933
2150 2114
937 1643
444 240
520 51
1395 1643
1935 1145
2153 380
1113 1488
908 651
1057 1775
1409 68
1119 1720
104 63
1878 180
123 1243
1894 54
1812 91
267 2178
876 683
917 974
1148 2095
360 1596
1842 2199
1242 1647
981 2214
2154 1354
693 996
1303 1987
1936 1710
1446 1906
1036 889
2139 1428
309 5
1101 1747
603 725
214 1296
851 1705
570 1692
1895 918
524 1890
1538 488
520 1246
2106 2163
951 426
1300 2118
19 1174
1622 1338
427 1432
646 611
721 1005
316 2119
1292 241
5 1637
2102 962
747 2119
2007 636
1537 364
934 985
1409 457
473 895
174 178
1695 1634
341 1976
1633 795
104 2016
1364 1578
1007 416
179 1905
1784 1517
2048 2089
1110 160
736 519
551 2088
17 724
1836 2053
2041 83
518 702
1473 447
302 2073
2049 251
1058 2071
430 810
1638 1420
232 501
1915 1054
819 65
262 1468
1367 1340
351 2173
2037 1149
334 1822
600 752
587 338
1911 1263
539 1854
1505 845
551 73
266 1848
645 1132
299 1445
996 1226
1270 2041
56 1349
138 1892
1342 1868
1876 744
1969 1628
1112 169
1970 2204
143 531
1548 534
2051 921
826 354
1159 1620
1623 1374
1828 1290
825 1836
1353 2127
2094 757
546 149
1865 1934
88 932
2168 886
315 1003
620 1560
618 645
765 902
815 997
653 183
334 235
2018 441
978 1678
1482 836
64 189
42 1747
983 1940
379 10
622 1585
768 1365
150 1246
2021 2091
1292 1024
1153 1111
619 1080
548 1598
1444 1666
1485 1607
276 1184
1606 1176
1046 1581
863 116
2037 135
263 256
150 1336
478 1482
353 369
2123 1572
1212 2103
1040 149
619 575
251 706
1838 970
1032 626
2186 86
1632 2098
972 1231
1295 1370
1065 1452
196 1807
1537 1645
134 2038
930 1167
1129 924
132 500
759 967
262 18
1799 1344
1789 1171
704 617
1012 1549
1530 1237
624 476
2089 1802
1719 1050
1374 1516
424 283
299 1765
1692 1998
1028 1416
1021 55
1533 409
738 1956
714 1852
364 1637
924 1577
95 1721
580 1497
51 1707
258 1694
205 227
1269 1207
1610 664
1947 118
1605 687
1986 639
813 711
1271 819
321 276
1086 80
306 1191
629 1641
61 1768
2130 533
2134 1608
721 2040
109 1660
2063 1844
1097 1481
565 632
93 1103
1249 2121
1352 432
148 48
32 2095
1205 1689
1381 1644
953 361
17 1046
1028 2165
472 1687
488 1937
1798 1568
743 1192
54 810
684 862
1449 1846
1724 750
1163 1263
1103 1927
674 341
1831 1425
1618 224
621 1499
1027 665
478 1741
656 351
182 978
1893 62
1712 570
582 1795
1598 57
926 799
1774 330
689 1684
1438 2147
1582 250
2025 1065
1586 690
2178 2024
550 2048
862 692
2060 1837
861 1995
341 1908
455 2173
1952 94
2110 1292
1072 365
1855 96
1265 1462
1656 2206
956 837
466 1635
1817 515
1705 1922
903 1286
2003 827
634 1243
1156 1939
2190 594
1564 55
2009 2094
1554 961
320 419
906 94
1973 233
837 1692
1393 1369
1752 914
1384 1289
1182 225
1644 1531
351 77
645 1259
1686 1327
1737 1079
388 484
1738 2011
116 1987
1066 301
892 2183
420 149
925 1197
64 263
91 662
149 2036
355 1903
116 1980
2212 850
571 1690
1913 582
913 1053
1099 117
2012 1872
15 360
1962 252
1124 1524
1014 622
1842 924
976 854
141 315
1678 1037
1707 97
603 2121
1657 70
1535 959
1204 1955
281 245
413 1568
777 1505
1113 772
1048 19
1534 516
1773 1843
352 834
1059 541
1915 1426
2212 1151
82 2097
507 2182
659 1847
806 544
982 1621
603 1823
1197 533
1257 1708
114 483
218 1538
448 693
1938 1024
51 739
1314 1409
2152 964
788 1598
1444 1091
1491 1113
1344 1216
1323 1606
335 1097
2087 431
358 909
816 1489
1791 1492
613 213
2067 100
520 849
732 1577
1937 69
350 333
1140 1586
395 749
1096 1433
1836 1361
567 1129
2052 968
1435 1320
630 1026
141 1249
2008 1923
141 610
2085 1211
682 1936
1190 652
823 2214
248 1613
750 1634
708 312
1515 1825
1761 763
1053 1680
2070 217
1991 1773
1355 730
1198 452
1859 1865
1832 285
505 224
394 1734
1218 437
320 2085
298 1695
2171 343
831 1765
1434 480
1858 2213
1451 2085
6 1799
68 350
804 2143
944 1947
1731 2102
1814 604
1307 1076
1735 1022
957 736
2077 348
1388 1854
1376 2179
551 330
43 946
1587 255
2210 1377
193 1981
1195 1264
1693 1209
1013 713
581 937
2076 957
862 188
1734 1669
247 1470
822 1517
1029 2033
2041 1517
371 1969
604 277
2181 492
1667 1510
445 62
1425 925
1805 1920
474 247
665 985
51 757
1893 2110
2062 473
1099 669
1132 853
1636 2117
1386 89
689 1490
556 1711
1407 586
1646 2177
1472 1281
1817 884
1965 2200
1410 1122
1 133
1077 190
684 237
1476 1852
1335 5
61 415
908 967
694 1622
976 729
866 434
1171 1291
436 1062
2207 509
803 80
795 1360
981 1727
1979 772
263 1092
400 1699
61 117
234 426
340 983
86 734
746 417
1915 1047
869 1317
101 1068
946 1899
158 393
570 1268
352 2128
615 1436
1035 1751
66 1229
1863 1778
572 1192
1206 1497
1066 872
1417 478
466 45
729 2067
504 1345
556 1304
365 1145
501 557
605 686
1998 1569
1356 220
616 148
1543 308
77 1496
123 455
300 1851
1801 885
1814 494
1298 1153
160 282
804 969
1461 1175
1184 880
414 393
2198 295
681 1601
2204 1584
1860 1528
1099 428
1041 2057
1362 864
2130 646
550 1001
2162 115
1187 1768
1904 237
1902 532
1186 920
87 579
1089 1108
1695 1675
1269 970
604 1318
1835 1605
511 1629
64 455
907 1408
112 1719
712 1656
1887 643
1205 378
1876 1629
976 696
2053 1669
78 1710
1725 1932
2090 1206
1142 1372
78 16
1851 1240
859 978
1638 1300
1095 343
1833 720
1038 1322
89 348
2214 829
305 830
1305 194
817 542
180 1717
1171 1684
1532 1622
1828 836
560 330
2025 630
1859 828
1938 57
854 339
1865 1368
927 2001
390 1740
1358 1200
2185 1187
1085 711
1560 1539
1465 943
1611 1123
1729 832
720 492
1154 716
879 615
1481 12
629 864
480 1456
2157 1732
1093 149
1463 1236
2031 672
1448 689
1074 1296
1138 239
244 729
1792 1446
21 1590
1598 1779
674 1166
389 1105
1643 1871
2055 749
701 1054
2196 1118
879 1344
563 192
1006 561
1066 353
1288 152
1926 493
1046 1970
1390 588
1470 378
1637 594
9 1426
1764 95
1884 1576
556 514
2036 345
1478 908
2137 1240
1175 905
286 2153
162 883
957 1310
329 2112
1579 845
1762 5
989 745
513 536
1839 639
1854 1551
1757 1668
1423 741
377 2098
1781 1173
1503 951
1604 545
443 1466
1507 2168
2153 1870
234 302
975 652
1586 1441
1739 1320
189 1093
1634 1594
893 607
906 1108
134 1935
1492 534
731 227
1678 412
1539 1293
189 1302
464 174
1797 1318
2027 630
2054 1296
1158 2088
245 189
607 1001
1687 1583
2115 1693
646 2175
412 1099
281 1149
173 136
983 1669
451 1696
2007 1134
1700 354
385 310
210 680
865 1121
454 414
1856 1797
235 2161
2110 1498
457 1073
862 67
340 1379
1098 417
346 744
1184 1029
1304 73
1405 1205
1822 325
708 1388
51 437
877 1750
1690 472
266 128
1115 829
1803 149
1685 143
1114 1214
1434 1180
1852 134
1023 2064
974 293
258 1446
1475 1518
167 1690
1080 1851
1375 1886
1938 406
2167 1312
599 1847
322 2057
2132 937
1992 995
505 860
1608 382
1765 1582
1159 1762
903 225
2076 146
1881 797
80 1623
71 860
2178 2104
856 846
261 1647
279 1902
99 1503
696 2169
596 1317
1763 443
528 1843
436 1533
1301 410
1467 178
942 299
1631 1718
84 1783
388 1172
1326 1953
1198 2124
1712 1359
2188 2149
873 1267
499 1904
293 77
880 846
999 2159
764 457
838 416
1750 1963
1130 407
1352 266
967 709
1523 175
8 336
622 2121
806 950
1809 1281
481 301
367 1389
1824 1800
797 1363
1221 104
1459 617
1029 1314
526 463
1808 2059
1301 385
917 543
818 1363
1208 898
1750 2131
372 677
560 1512
138 120
2038 399
48 1786
1695 860
2066 1480
74 2140
1334 1619
1375 1858
2076 1893
2088 1233
1017 1873
289 1945
1950 1892
374 63
1820 1994
322 62
1040 1420
828 993
1914 1982
1844 699
2096 388
476 350
1454 1840
1553 1249
264 1579
172 368
209 233
1960 946
692 1942
1090 757
248 1474
679 742
2015 794
857 49
1193 623
1681 1099
1552 264
972 950
507 291
274 784
1746 727
152 1726
2094 1775
1338 1757
1051 2125
1782 940
111 1368
1655 1537
1479 416
1448 1043
220 1011
1637 283
152 2194
1505 1963
1341 848
510 673
1482 1095
421 1687
23 156
1968 1782
866 2190
2050 676
278 231
2135 1138
1421 357
205 443
100 2116
1368 749
589 264
1897 1967
1543 1559
560 1544
309 27
364 555
1441 459
2015 36
311 2174
2037 1842
1185 682
2104 1310
1901 531
974 1651
560 865
1366 1688
1500 1250
881 1899
1533 1526
482 2097
1944 1976
725 1357
242 911
172 308
1702 1661
1463 623
1060 1281
881 659
2195 879
1485 84
296 1465
1710 928
974 443
1673 1629
1377 1424
1205 358
911 710
1709 436
401 1448
1290 1630
1028 450
343 1901
1050 378
689 755
657 88
2042 671
1021 2182
1260 1461
581 1372
779 889
90 1163
201 1398
2106 195
888 1262
751 314
83 710
2195 864
401 139
1410 1109
1999 1806
703 1083
1317 974
669 269
1273 1985
1382 172
427 920
1790 1955
1084 1386
791 1278
1891 1913
558 701
1586 1070
1209 1801
1293 478
1445 1762
1038 1059
463 1702
1803 543
827 2004
1516 1155
1999 1105
1069 1428
384 137
1874 1520
890 588
2115 850
1613 1630
278 1431
91 1126
257 1343
1949 724
981 990
2115 1902
1324 1681
202 1182
1057 2153
863 260
944 950
25 936
1740 108
666 12
2144 219
1457 47
443 1386
2161 1390
1169 979
1326 1641
1479 2114
190 425
191 2050
1561 1887
771 838
467 895
2213 1687
183 1444
818 1176
459 60
1438 1820
1530 529
1077 701
1432 1780
387 1974
958 1468
1671 1062
1331 2157
1998 1123
1311 1937
787 704
312 2200
1679 1198
540 349
402 179
1290 1940
1689 47
560 555
972 681
867 495
2068 1529
668 369
2046 729
925 1448
1 1104
1463 2104
1658 496
446 2176
807 546
595 601
351 1854
1791 1674
1964 1454
2126 2089
1321 77
1799 1366
1479 1755
521 2049
1815 927
639 2121
98 1464
2030 340
634 1072
2193 71
1705 857
2150 1226
1925 266
46 2029
735 1813
808 1522
1209 845
1508 1123
77 1423
987 962
627 385
842 1355
1041 1704
932 112
1310 47
595 38
258 257
1560 764
819 689
1376 2187
1225 1857
96 1266
2206 1620
281 1862
2043 1876
1943 436
730 447
1373 743
2136 278
1876 2084
2036 1748
761 1003
2136 1366
1476 169
873 1621
250 1947
2001 2007
1769 2081
914 1843
1518 275
1369 1431
1437 199
1639 1184
1442 786
796 801
1333 1563
1551 1443
602 428
1152 11
1216 1610
825 370
1434 506
526 961
1871 1455
1939 1186
1805 1888
338 626
1394 1208
544 1288
1809 1713
1033 2118
1954 819
865 1229
459 1351
2129 658
767 686
141 366
172 2151
914 1817
543 1382
866 855
21 1244
58 1891
827 691
2110 1575
1137 10
793 723
192 1218
2202 825
1782 832
1396 1997
41 1563
498 1460
1955 1803
290 722
2072 1407
105 1450
1975 22
2152 1973
400 906
644 627
561 2112
429 1275
503 636
1637 218
1617 1079
128 239
1328 113
1233 1332
238 1554
1342 1424
861 1888
1560 1137
1339 338
781 209
759 1949
1562 1549
614 678
507 495
228 1054
1200 224
170 760
401 1996
2168 1564
29 202
45 579
889 2154
1145 189
146 1281
1954 498
814 1049
556 1009
1458 415
1850 633
1631 663
2112 1400
1412 2056
1236 970
101 1038
2040 525
1662 473
711 1510
1183 1545
1676 908
1952 300
575 790
431 2066
1868 1099
54 1428
1462 1249
275 255
1526 437
955 690
1129 1563
275 852
1398 431
1067 2022
2137 1785
1785 456
1259 2034
1200 253
602 1648
1576 1538
827 982
1948 1908
1706 1052
820 2138
1578 1671
182 1832
1726 1214
339 581
1108 917
2112 1301
1121 415
261 1632
1717 1286
976 2065
323 1214
1443 394
1742 361
70 1378
937 1442
1468 891
1156 1341
109 2211
1572 966
2201 1172
1592 1358
911 133
1069 329
1217 148
419 138
1701 85
1959 2129
1224 915
1651 1980
993 27
580 920
814 1153
1835 980
339 1801
464 1328
1953 389
1773 950
670 20
677 2007
1172 389
618 643
2207 1312
301 1252
38 1685
527 622
872 2207
1946 1456
607 970
1158 237
185 71
309 1112
1018 102
952 1667
1394 1667
1812 456
440 72
211 1158
787 2091
1733 1189
1364 798
1241 468
161 1953
1121 738
1110 277
766 1256
324 360
1145 368
395 1629
2117 1733
1986 487
1078 1791
1819 263
1344 1576
652 2000
1379 1401
1097 1026
84 679
824 839
2168 814
1997 2158
2099 1659
145 1083
1756 1091
1199 1669
1953 239
501 711
1791 1046
577 1216
767 1555
2047 991
579 1081
342 277
1632 772
2021 715
1898 822
166 251
1535 1930
1345 1429
1578 234
630 1941
412 29
1842 2183
2028 1824
853 1976
1363 1346
778 1565
1842 1898
1362 136
243 667
2111 1198
245 1895
1847 163
395 2166
1095 1622
1948 2028
958 619
332 1263
1025 1375
977 1709
1170 47
1091 1577
1358 131
785 464
1996 566
1526 1498
1955 4
1440 2191
1324 2083
1695 509
1188 605
1108 1356
615 1987
207 501
451 639
731 1858
852 242
1722 2200
770 1256
599 1188
1576 1262
1649 634
1938 172
2091 1302
42 845
513 1904
5 389
1995 1247
108 784
439 2116
99 532
716 920
1600 1141
2095 1623
41 755
1698 293
1742 991
1913 945
1623 2115
54 679
2014 1198
874 701
494 2034
1490 1762
936 2027
2190 1963
1830 1544
1390 1076
1415 998
2130 723
1791 540
606 829
1602 923
2205 111
712 1851
1132 737
785 1938
287 1784
1073 1407
1491 82
766 432
2052 1403
1194 1201
1983 616
1096 1776
479 316
1175 1592
1236 772
122 1187
192 773
2038 1016
1198 1793
1676 1615
1880 197
413 468
2212 203
1943 553
669 255
505 294
1776 1924
1790 1646
819 2029
1638 178
1157 81
332 1176
565 201
2111 454
44 2094
360 1882
1657 1214
1997 848
2007 165
503 1834
571 602
247 777
2213 869
59 649
1266 1005
463 799
2017 792
1917 15
2066 1132
566 1441
1787 485
37 1612
662 990
742 1143
2002 1206
1003 1944
1443 398
711 479
1153 1435
759 2059
1457 473
1891 967
1373 282
850 1387
1739 945
332 1933
274 316
1541 331
53 193
1329 989
90 1784
1778 1255
655 690
2173 1847
734 5
1699 1831
557 1935
1283 2011
492 132
2053 1699
1948 1027
2197 1245
1866 471
1202 1903
1811 1218
1373 1096
193 1517
2212 60
825 1952
343 570
639 1893
1169 2049
1243 1954
2070 378
1311 660
864 899
1901 796
1412 1443
1393 1798
1497 147
240 325
620 2031
1072 2035
499 1531
1713 1556
1969 1694
85 2111
989 1685
1725 2177
745 2037
174 1669
979 361
322 637
131 1766
1194 1148
1539 975
137 490
585 1802
1774 341
1306 623
1225 1202
1659 464
891 1274
281 584
1799 1279
2175 1757
956 872
1509 794
260 746
1463 929
155 913
2151 222
1147 578
259 783
902 2067
1884 1180
707 825
1008 1462
889 1064
876 586
837 961
1773 900
2108 1952
2093 1731
588 2135
830 927
1820 902
116 1842
1006 307
1326 364
7 1756
2104 627
152 978
1536 1491
1431 1838
1085 1230
1042 19
2166 549
665 1797
1080 347
331 2031
728 1865
1177 2211
932 1879
955 455
557 177
601 2100
694 321
789 227
392 2105
1702 1818
1716 285
391 633
130 1488
1597 1164
1576 1629
1190 1109
176 917
252 770
390 887
1595 1479
809 1164
1339 67
1404 1882
972 1200
882 1686
250 638
271 1933
1616 821
1467 1101
1609 1754
821 83
789 259
461 1077
488 397
211 1116
1896 437
1876 1286
1773 1321
1535 67
1233 1665
486 1909
2052 1877
1098 1269
2170 1698
1718 887
1175 2163
1297 290
1728 1059
1402 852
1946 149
1128 95
1812 365
1439 886
296 316
2044 1662
1225 2155
1131 1778
1169 247
1647 1177
1082 1698
1471 1204
1324 141
2030 763
1917 747
598 584
224 720
1005 527
1636 1481
30 1396
779 425
305 2144
1083 2076
106 1888
456 1050
1784 1867
669 1611
150 695
699 1373
326 1680
2173 796
775 765
1235 1606
1748 1174
2113 1943
1603 313
1629 861
23 2160
1089 108
1142 35
1405 136
1775 761
1452 1966
1626 111
1238 918
268 1195
2151 2115
105 1951
987 999
2014 146
848 879
1975 1895
904 1699
1633 2194
1565 1594
498 791
188 128
531 803
899 141
981 1010
1540 1242
1966 1017
986 713
1608 1727
2045 681
77 566
126 589
1582 1553
731 1019
858 1982
1358 1250
1077 1299
1239 1539
1073 470
1434 1847
277 1526
1208 1512
982 793
264 966
1763 243
2015 1653
1178 1197
2051 828
243 1920
994 1066
233 1778
669 1166
20 1701
581 1987
326 2078
126 1806
984 1357
1649 529
195 1532
844 1102
2118 943
1448 433
1850 38
1951 1566
2187 768
1862 2024
1737 1879
1920 1011
253 878
509 1485
1086 1257
1154 496
1678 885
308 871
1068 885
1738 426
1123 1074
1508 1224
398 1628
721 1339
928 992
2120 2161
104 30
537 1062
486 32
1199 994
649 1935
974 684
2090 133
423 1813
1920 260
1024 125
524 651
873 619
260 1559
419 2058
440 1725
778 190
276 659
1079 1815
421 1896
1782 1390
688 1621
1862 902
138 1759
922 15
1503 744
1016 1807
282 283
1485 1765
1262 1065
211 1785
791 536
1908 2050
133 1492
16 724
1222 82
1345 453
71 787
559 752
2127 2074
1844 1686
185 579
1600 308
1494 1258
69 1592
2119 617
1795 832
446 1845
2185 788
2150 1932
1086 477
1336 495
12 1525
431 1764
2156 1543
428 1807
191 40
874 1281
1336 2156
1353 165
948 1312
664 855
1826 1800
1307 262
313 609
1988 913
1466 1855
621 1911
76 659
722 489
1670 1901
1801 2018
370 2147
574 989
603 1430
515 396
1000 1245
2154 2148
1094 1316
529 133
298 270
396 434
610 1597
144 1921
65 1994
1380 691
1801 172
225 1294
983 464
2000 367
1464 1482
640 750
1920 45
1475 380
1307 250
1424 824
2144 582
2028 1550
1531 1277
839 783
1169 650
146 640
1223 1173
754 2191
1298 882
90 2135
579 1326
1925 2178
661 1569
197 89
1987 1436
533 511
855 20
282 87
253 616
12 342
1926 373
1986 1776
2059 1665
323 479
845 284
1744 1609
1003 350
646 800
607 371
2130 1184
369 2014
858 2108
2116 1569
520 160
141 1584
1055 536
1015 932
28 1047
322 286
927 896
579 1910
2150 337
1915 2096
139 869
808 2203
805 1688
1854 748
37 1055
471 612
1591 150
775 1249
1269 2129
481 1781
69 1476
1154 1660
1249 1680
97 1954
1255 1235
1303 1835
1443 1337
1247 1527
1874 1821
1601 258
1048 1240
1701 1245
26 1639
215 1510
237 1521
2163 256
1615 4
1549 1535
538 1542
670 581
1299 1928
482 33
1629 71
539 171
320 1695
1247 1755
375 901
1 2124
1876 304
858 290
1582 938
1525 218
193 282
1240 698
471 573
570 1103
594 2186
915 1006
2159 1977
1834 1700
251 180
594 2078
1495 1673
1377 769
596 1544
370 826
292 581
203 2006
1130 2130
535 2112
1973 1305
2106 1783
969 1695
714 771
1932 1819
582 231
428 1597
803 1375
965 74
30 831
679 555
1751 1772
2116 1248
808 1777
552 2213
755 438
2170 2028
678 116
2029 1770
2085 486
896 2071
1805 1619
758 2088
1049 2105
182 1485
715 2212
0 33
1006 503
182 300
1692 161
630 1891
667 1500
798 843
1404 1834
1030 2025
1094 1636
476 2101
1954 1875
253 1091
161 1611
693 1202
964 1689
2034 1416
446 1783
1231 976
426 1207
968 2127
1842 1548
347 1587
2174 2094
921 1785
2165 1863
2001 1539
1409 832
1211 1825
998 842
437 1180
266 1539
629 1644
1313 794
753 1803
1008 1857
1848 1760
515 1507
908 1695
2005 1319
2163 630
575 1067
1778 749
2175 611
1854 1784
136 911
58 417
737 245
1295 1002
1465 470
1798 1317
1286 395
703 2148
1207 483
167 592
953 214
558 1999
1408 1873
1758 1862
1654 1043
379 196
1125 988
2164 1417
1425 1800
871 1061
353 623
2062 1285
1408 526
1296 817
1456 565
1166 1020
1899 2129
1239 845
225 263
1506 2083
1323 1347
1924 46
824 344
1864 2074
381 1825
148 475
226 902
818 1875
1961 1231
883 2166
775 1914
1044 307
1225 1615
607 294
350 726
1225 721
2200 307
1933 56
993 965
1582 591
1935 49
824 589
631 725
1877 143
2116 1517
699 549
1230 286
1234 1243
91 1095
1251 1349
110 827
2201 530
105 1447
1832 1498
1396 140
1579 2015
838 747
418 1530
6 584
1861 1585
1535 166
807 852
1906 263
1480 1799
126 165
1337 1578
1920 1342
1028 1778
1685 1341
6 255
456 476
1002 18
1502 634
1925 2017
2118 420
1133 1916
2117 869
650 1666
259 1270
604 547
1432 1626
1561 1914
1622 1895
684 1332
730 1592
630 1839
1788 1073
1463 118
1908 1208
1415 690
1248 1513
761 352
1749 668
663 1929
1222 2155
1541 1829
1988 1242
1859 943
1773 177
1783 1852
868 1055
1463 1303
1384 2205
588 197
948 1784
1829 1768
1247 1283
156 1870
1836 328
445 793
243 2107
979 778
1038 1407
1650 2206
1116 1858
2133 1787
563 138
618 922
1585 784
1809 1072
659 725
1768 1684
525 354
1732 250
622 469
1147 1856
936 1613
127 446
262 1165
2180 242
534 1417
1276 1644
1111 1216
1626 459
248 1108
1355 1103
1047 2088
881 1270
1004 894
927 814
1173 1030
336 1671
1912 496
1528 33
1723 1781
1385 458
1654 1370
1183 35
1331 2133
677 2087
1592 1205
1412 2114
808 1063
237 1824
796 1521
1592 1969
1983 1681
1952 1260
35 575
1890 448
155 318
1605 2124
920 273
671 2125
1520 337
1390 1147
382 1642
883 2020
1298 1273
1622 761
2132 46
873 337
1913 1802
1907 1
583 2190
942 542
1540 2022
47 1439
167 1626
2046 1056
41 688
608 804
2049 1448
912 1138
528 858
2039 1024
1185 1019
1360 993
1864 806
1082 1525
846 1052
513 962
319 637
473 2148
89 1855
1996 191
2023 1802
1766 1466
1291 990
1564 1018
722 2026
1929 1768
769 810
1257 691
504 557
1105 1052
649 488
71 854
1745 545
985 134
1539 1712
806 231
1223 1199
32 344
1664 2110
1124 792
1418 1811
1847 1044
546 1603
1973 689
433 324
934 1321
1044 22
1376 1290
90 1689
231 55
1917 577
1 1658
883 1776
1830 515
1940 1524
1482 2063
1613 702
294 221
596 527
1516 2101
82 961
2005 784
1269 830
567 149
1893 1633
1350 2200
503 878
2154 1478
2177 1464
1671 1368
459 1188
1645 309
379 1383
2077 1934
216 1105
456 1609
2017 451
8 1038
1891 2018
1804 532
984 208
1013 1086
1085 1274
1793 979
1626 2125
2168 1338
1487 195
343 1914
1767 33
1155 1564
2054 1152
388 458
1121 2050
2157 1778
905 1723
912 879
639 265
1903 1338
1323 1218
2185 81
469 1534
1698 1603
1155 1908
888 1633
1273 1583
14 241
887 938
2148 1866
1406 1344
189 1317
1759 2173
1509 1792
205 672
1328 786
710 1015
1492 239
1955 1517
316 55
1003 11
351 1527
766 247
831 329
83 1349
337 1004
2151 1764
846 565
1154 533
6 1375
1128 595
1019 1900
161 1020
1839 1812
200 1196
1281 876
1600 1342
1234 1728
723 486
719 70
1585 41
358 1670
87 48
1751 66
1150 1773
447 1757
194 158
964 1499
1797 914
472 652
1451 1214
1816 2198
1823 87
402 1485
1935 814
1947 1282
1905 1928
120 726
356 420
860 1492
1374 108
552 891
2138 1734
459 1574
1852 566
715 1388
893 894
1914 970
2204 691
833 438
1280 2047
895 1172
1658 1012
2038 1046
956 563
1952 2125
779 467
155 1603
911 1643
591 1915
1032 1935
1763 1824
1423 30
24 51
1213 1032
642 266
814 1573
227 1012
2094 1391
646 1376
1070 1733
480 749
1251 453
234 588
417 1701
166 1793
719 232
1172 1616
1154 1304
867 2139
1572 2026
1866 626
1302 317
1594 277
34 1155
1470 461
1994 1480
715 1721
488 434
111 1303
1360 713
257 1793
2003 1287
1853 1781
1987 1413
1282 1522
342 1946
912 1900
2203 1318
545 1997
1256 2029
918 228
1426 353
645 240
299 1836
1025 2003
1722 2086
2003 966
1424 725
1304 1255
790 1979
424 1048
1248 1211
2098 1337
583 607
2052 99
1419 1909
392 2049
1067 2171
2142 1813
773 1628
652 1200
688 611
2071 1876
1026 1520
523 1986
1193 512
1946 677
539 437
504 1749
977 2087
1439 1399
675 298
293 519
1090 1378
16 223
1481 2155
833 1489
2194 1623
1897 1197
901 1373
1867 1857
914 745
1223 2154
1960 316
262 984
51 567
103 1008
1623 760
2028 875
217 1758
2044 1011
278 403
364 111
2040 1703
1966 978
794 1989
632 314
1735 2058
166 2070
502 2048
664 292
1195 1772
1886 1356
1483 136
654 2153
790 1114
774 455
154 11
1828 59
1283 212
1585 613
713 1573
1276 110
1189 308
1676 396
304 814
1552 352
1570 270
1342 21
125 489
520 1292
960 711
30 863
11 1859
1634 1434
1966 1697
180 1369
1628 1972
542 1561
944 2131
317 345
331 1458
419 2206
2204 1976
290 1973
1200 1383
1776 41
525 1420
1020 2051
1334 193
1236 1106
266 1083
591 676
1869 2184
863 1036
1393 2032
1833 2046
1476 1429
487 873
1806 652
621 877
994 465
520 1383
1260 702
1381 679
721 1152
115 337
526 1631
1162 1630
87 1326
116 721
1832 1322
409 246
1659 1757
1403 786
1328 565
992 2121
2112 1464
1555 346
757 1457
1807 195
1105 1049
1508 1150
2070 1133
758 742
1077 184
2206 112
903 1540
618 1682
120 1264
1682 720
1898 615
1355 1691
1301 1893
1716 133
62 35
249 748
866 120
1223 803
2049 1700
1421 654
1749 2093
1002 1218
1304 2000
197 931
1246 1307
895 995
828 904
513 729
1032 403
285 442
1601 1523
248 169
401 577
1638 2193
366 81
1233 1088
1926 1169
2176 939
937 1988
156 115
273 595
662 1343
931 210
1506 1902
1645 326
650 1044
187 181
972 791
386 1031
1799 1870
1760 2166
1061 36
257 678
1969 2105
1216 1483
185 458
1301 262
453 303
1530 440
909 604
1095 1291
1311 2019
564 404
2099 1915
497 1238
1411 946
416 1152
1303 1844
1497 1506
788 1421
1514 1707
1119 151
1150 551
1245 1400
843 561
2012 11
867 2211
1046 1951
1200 93
945 866
682 712
1319 903
1737 2182
1312 1082
828 1110
330 402
2134 1630
146 683
793 532
1989 534
1554 1133
360 1549
1293 744
615 623
561 1251
1177 1813
1415 519
995 1315
6 366
1138 406
382 1019
385 1547
1139 2018
1740 2133
42 878
2004 1246
456 75
117 40
193 648
600 1116
864 80
624 81
746 852
46 1168
211 125
1181 2039
389 1639
946 278
930 1763
455 1404
1951 377
1226 1457
354 118
1620 931
2160 1816
2135 577
1163 1002
1274 1310
512 879
1712 2108
823 1050
2177 1481
22 948
1701 63
2192 250
1182 613
1199 245
1377 1739
2040 525
70 301
400 92
1770 1101
1358 2046
916 2016
994 308
1395 637
1467 1483
271 729
2040 1862
1227 1666
868 581
655 873
634 543
1531 326
2085 111
1259 1119
235 1893
985 484
1743 745
467 356
1067 320
44 1926
1084 678
539 678
2206 719
1146 1350
532 1827
76 1194
724 1036
1653 946
67 684
1056 2073
400 1786
1167 2102
839 1942
148 1271
1273 674
664 996
1604 118
460 1791
1528 1503
1474 499
835 852
1126 2120
366 900
1851 666
1776 1905
1639 1016
563 1407
958 687
1050 726
1494 2196
1128 862
1125 466
514 1119
1740 2105
1467 1345
1281 1870
1811 542
15 299
2074 680
1044 118
1829 1953
624 1279
728 2118
880 1512
770 1798
1735 1904
1814 1283
52 950
592 1795
1700 1413
2043 382
1549 1213
110 478
1335 1976
1149 450
41 133
612 1234
1572 947
1821 1347
129 52
1189 1781
399 1212
2078 135
1768 777
232 2028
584 170
668 705
2184 1975
2001 847
1555 530
1118 2081
1601 1620
981 2122
2109 186
395 2006
1928 1569
336 1799
1627 380
749 239
191 1227
90 20
1820 1076
1379 418
1414 237
2164 1541
805 1722
931 1751
1420 509
895 1576
1259 794
1488 1657
1625 1791
583 336
1779 1023
1902 1183
1427 1806
2093 323
1168 495
1586 991
1457 182
841 284
823 366
1556 1134
467 1113
380 733
2099 332
2043 536
2108 5
1095 233
985 1767
527 596
40 573
246 400
1591 1597
709 47
362 1014
72 1667
1741 1735
56 581
928 1078
1793 2028
1230 1642
1401 2006
447 1891
12 288
395 487
1934 989
1693 672
1275 178
9 749
2032 49
1648 751
1431 673
811 1510
303 27
1222 2061
1797 1247
1891 321
518 363
896 1627
454 372
1765 1565
552 1905
2075 1092
976 201
288 858
1795 615
1713 762
255 880
1410 471
896 1201
653 1698
1124 1491
686 2130
910 2100
1217 43
1592 1278
1653 4
231 1027
1434 1864
1083 1240
1217 124
276 1106
785 391
1043 1489
1426 758
344 1870
2063 1005
2033 1980
461 84
2113 738
301 1772
1087 1841
716 1158
814 1314
365 1845
1173 1307
329 53
1975 1331
291 1681
64 994
10 440
232 260
1298 527
918 793
1832 2049
387 858
1095 1357
1235 108
758 1635
746 438
244 173
2044 232
429 92
1394 143
1476 1246
33 1591
71 308
2095 1139
1876 953
168 1654
50 172
1206 1767
1283 1054
1382 1438
187 2110
1841 950
333 2195
200 1221
1819 1662
1060 1933
451 928
1115 1497
1574 639
2031 1951
1114 318
630 1770
1407 1935
999 1668
1869 681
2142 1382
160 1961
1118 2186
1284 2160
975 1001
1627 1970
1709 1748
309 1540
1091 134
1347 776
667 1808
1461 1984
2064 1216
1946 675
1144 220
248 1793
1564 52
1944 1332
496 212
1098 117
1123 1562
274 1441
936 969
1154 1184
855 769
1801 1147
913 952
1237 638
1237 2210
1277 141
263 372
1511 290
475 58
752 318
1606 2151
1061 1446
1695 1797
792 717
1927 651
1272 1633
219 1133
1821 348
127 2053
1691 410
1404 153
1097 1485
1887 1618
1907 257
284 548
1394 202
29 665
1181 1792
1019 2119
1807 1467
2059 902
381 626
1477 628
1421 736
2171 890
1794 1075
1628 1642
1803 1178
230 1386
194 2134
1730 295
1978 1332
221 1755
2094 1058
1235 497
1606 2201
1561 1277
933 1944
1681 1186
359 879
99 1725
1171 871
1591 1598
1659 971
1329 1590
23 19
564 94
642 1889
179 1324
744 1911
1235 282
986 2106
2107 1967
429 2204
1758 669
1462 1760
798 198
889 1258
284 1210
492 725
301 1974
1509 742
1808 217
1167 1123
1856 88
1319 1963
717 1673
547 362
257 62
1032 318
1353 1377
28 1707
1040 285
1310 1304
149 1144
1025 1833
768 895
951 1176
1585 664
1364 1431
1851 531
321 120
1605 255
1014 939
1183 271
1914 529
891 441
1373 655
1150 1057
720 1362
290 171
1911 1377
931 948
1322 918
1190 1232
1250 1082
94 1247
1649 1653
1952 2206
1555 1950
1811 24
453 1379
1270 1047
978 1395
817 521
2085 1275
221 906
1686 740
1145 322
2136 1910
1602 634
2132 1299
471 1462
947 1369
1314 405
365 378
610 599
1329 1562
2144 431
1139 744
808 1075
200 2152
1678 1233
877 1272
1601 1090
2076 122
1847 519
1098 689
1021 634
266 714
714 853
535 1504
409 783
799 634
367 2103
1367 1201
741 349
1282 180
1643 1570
1487 1279
458 1529
1893 1922
978 922
568 2182
737 1479
214 1235
768 554
95 703
2140 2062
1959 417
1383 425
1573 180
1968 666
536 1268
1203 988
280 2205
243 1244
434 1776
1484 2201
1441 30
471 137
1585 921
355 1737
1343 2139
2065 2089
127 1626
502 670
369 1725
1693 45
298 1945
931 1258
2059 1645
900 1716
528 1837
1162 1678
1218 1116
132 786
1807 144
1350 2108
1222 773
1498 1716
1705 467
1418 395
2149 1127
1843 423
913 1695
362 1158
612 34
429 1658
238 315
573 1439
1764 280
1669 1506
628 471
1817 1059
2185 1588
411 1087
1960 632
410 1477
1264 1416
1509 2193
764 550
1156 2191
1914 1916
1212 2010
2182 998
412 1912
1289 455
1270 501
1577 475
835 810
188 368
1556 1119
1502 1513
838 2182
2043 2140
392 529
1648 1885
1837 1765
1739 1129
1552 92
1628 653
1519 1060
1244 470
454 1110
331 410
427 747
259 914
112 1231
329 202
195 1606
2011 1843
779 500
226 580
1670 1960
1413 2098
1222 286
624 2206
442 677
836 2099
1858 1239
1302 1847
832 183
674 1562
64 492
528 1198
1742 143
398 1764
715 2061
954 1700
26 1790
37 183
531 588
619 626
1643 1059
2045 1766
350 1604
1219 463
173 389
1422 1620
498 1564
1447 1490
1822 99
739 370
138 1807
980 722
119 1084
664 1717
1132 2081
852 1644
419 1541
727 1478
1410 422
311 596
908 1332
1674 541
1684 220
255 1896
1405 943
223 343
2203 1609
1081 2188
1587 53
1526 1395
393 1914
984 617
4 1506
2007 1166
375 1281
1178 1448
537 2087
643 1942
815 381
443 2012
2107 120
1074 1020
2142 160
1627 1766
581 1915
906 1904
889 685
1914 655
1316 699
1572 1317
188 1956
624 511
826 2118
292 599
1540 255
1189 295
1632 717
1199 680
528 415
2034 478
350 223
273 239
1744 148
1661 2198
275 289
725 953
2160 1448
1027 856
2168 1901
1687 331
608 1570
886 693
1027 817
93 268
799 1903
1648 894
1428 1474
1210 444
70 220
1377 1276
1006 1830
1845 861
711 1632
1320 1086
1381 686
385 620
1310 1967
2055 690
1727 399
620 260
1597 50
517 1692
585 479
2163 2099
1064 2210
719 523
473 1409
967 2186
200 1112
1801 974
2036 382
1955 1195
219 1932
440 2185
1126 1206
2209 432
2168 1810
563 354
135 1869
724 1356
347 2200
273 1627
628 1440
831 1439
366 824
937 72
1624 817
862 1403
1819 1881
2032 2132
2200 178
1203 1694
2202 1863
616 2187
1489 906
146 896
308 822
772 687
319 859
635 23
306 848
1845 1627
1585 184
607 1155
1256 566
196 2182
414 1087
2064 724
1190 1938
1086 1643
1805 1863
725 56
1246 79
536 1847
1514 1694
869 625
1652 757
1260 414
138 805
124 365
293 468
568 1370
1996 1554
2202 1332
2078 599
818 1008
19 789
915 387
1012 1982
137 1333
2144 77
685 882
1595 369
214 1716
953 154
431 764
1102 593
5 1571
506 619
739 410
2001 109
2013 1247
1917 135
456 1359
1616 1674
385 1965
955 508
1837 435
1913 1262
2165 297
1757 304
1583 1233
1109 1322
1596 2019
1361 1705
517 1100
576 1501
1879 1138
907 1911
2098 884
171 1461
1218 1735
919 297
359 721
1277 939
225 964
288 300
2199 72
1693 1944
179 458
1927 372
930 666
600 904
457 1211
1600 879
424 405
1251 1027
428 1104
1593 1935
1559 1077
1313 763
896 1064
823 1212
94 1699
1848 511
1975 522
989 1340
544 1970
575 615
426 366
1046 771
84 636
451 341
1960 717
171 188
1776 140
1868 1981
1994 1685
1353 11
1956 706
1730 1945
855 154
215 1275
976 159
1531 281
835 1806
1664 1682
1940 882
1008 138
1938 554
2103 1681
1353 1830
1349 459
1401 2071
1399 997
48 321
523 2149
182 396
732 287
1799 1959
1987 1331
467 55
1431 1406
1738 1657
312 681
582 1775
1200 917
2175 843
589 2083
462 1478
1097 153
1688 1811
685 1909
1437 688
692 802
1534 216
1035 156
649 371
93 76
889 2160
784 1474
204 727
1105 470
443 708
1216 703
1501 191
270 2062
45 1449
220 1622
2142 2073
801 980
674 1217
305 225
118 194
1634 957
1278 119
174 1206
178 374
396 1974
1058 1879
63 575
317 1696
1742 1255
1848 1356
1385 971
1586 5
1986 309
2058 54
139 198
2180 1321
1942 1687
1001 916
466 1119
620 386
1072 1945
1091 2064
1189 1038
290 64
1026 319
1183 1856
1740 1605
2045 714
1439 1718
2131 1880
1046 1223
840 904
1047 555
18 1437
462 1007
1992 1110
891 1488
2082 179
520 898
314 1305
476 199
1588 1965
2038 484
1535 1479
2135 1668
336 1033
732 238
1717 1543
67 563
1725 668
736 856
566 972
386 537
416 1828
1854 1492
114 908
2192 1672
1315 1742
318 26
2141 1608
1294 1885
1325 649
518 1281
1377 2208
2086 385
1636 1994
1968 325
1771 430
1221 1496
1261 2200
831 2176
1896 696
2071 317
1578 1687
242 607
1608 261
1422 432
1898 220
269 2092
749 1772
1230 631
845 1423
1041 306
1521 531
867 1362
911 1182
1939 695
1172 1725
1147 2015
363 208
1494 1096
312 608
192 55
1208 58
1426 1480
567 492
1889 4
1161 332
1634 163
2023 1028
738 955
919 1194
1872 974
1032 2037
1441 1677
1851 663
901 2041
245 1700
1113 1065
967 1178
1318 1802
697 565
1917 1705
1058 1916
589 167
2141 1487
197 306
521 1965
1537 1290
1734 183
689 1754
2031 1134
234 1932
452 1382
242 1865
1806 1995
1629 1840
862 787
57 992
1607 1327
1493 2128
1660 660
260 1233
595 893
1888 873
567 1733
1798 492
1244 1404
868 1333
2055 1050
682 824
26 2014
1737 386
490 1889
2158 444
1133 1768
2114 805
2212 823
245 2003
1605 1585
1587 1592
1776 417
981 907
1070 1078
943 2087
1579 1419
74 1687
2195 258
1269 792
169 357
19 1621
1249 1450
1595 898
990 619
1877 983
233 853
1633 703
527 96
1616 804
60 561
1881 1713
2127 74
1333 1428
1355 919
1310 1026
1803 1516
499 188
1248 618
920 2118
642 1251
1655 232
2165 2156
473 433
2085 382
1509 257
578 1864
657 1231
156 2202
1467 2063
40 324
2183 1794
161 471
1646 959
688 995
269 1713
593 659
2023 2075
1102 579
1548 96
1375 566
529 614
228 1587
1334 520
585 856
321 1948
997 634
314 615
1519 1893
1491 1280
723 1841
1598 2157
804 1941
1888 142
13 1669
1070 1372
1252 1687
681 784
1739 1007
1246 1938
2199 1626
1578 1945
101 752
1849 1888
2027 846
521 293
885 1359
1998 1707
310 1470
1393 1596
2083 1819
537 1265
725 1645
227 149
741 1467
878 2203
1408 1152
2214 62
710 874
203 1286
2131 407
1156 211
2051 263
153 893
966 1124
1147 549
1377 1333
118 1072
1342 1579
2105 598
222 1094
1178 935
1826 1736
1821 1906
1726 1735
748 940
1545 790
1792 1073
1772 1703
717 1486
1569 1114
1022 1172
759 448
13 1452
612 1038
524 1311
1606 702
424 382
1654 1522
131 2
197 748
777 523
1354 1898
660 87
156 463
2204 938
137 1867
29 1109
1086 1558
2085 1262
1874 992
310 802
1262 142
1429 1790
1612 369
816 1842
1885 1542
2111 1477
1239 2178
1902 1247
1608 2001
463 481
1019 1292
631 1347
1246 1704
1630 458
689 273
633 812
239 1470
1507 1147
1029 1950
483 828
1461 1192
513 1498
1849 1789
233 79
1223 254
518 1998
310 1910
873 2042
630 1277
675 513
1372 1108
1372 328
1507 1603
1868 1806
1707 1639
2045 1175
1347 124
1113 544
1555 683
840 603
827 2022
562 1729
1701 1467
1875 1297
270 1103
682 1687
1706 1204
2107 1715
1604 141
1175 936
1451 1726
1609 1776
612 169
1596 1905
1916 1739
642 1766
1992 524
2005 1787
467 490
726 1582
2070 2064
477 1757
1035 1267
1332 696
565 1117
1964 2129
1542 971
1564 794
948 60
1998 186
409 1434
304 1666
1843 1408
1831 947
1157 956
757 776
1613 650
154 1924
676 1389
101 1289
1444 1452
2105 547
2041 2182
1241 2174
1472 134
1271 325
1212 484
2114 60
445 972
1742 1890
1598 452
2191 115
1161 674
2164 1105
1668 1845
1478 581
1850 667
319 232
752 1989
576 1425
371 2086
1405 2203
1872 675
129 591
1902 862
474 502
843 1840
1558 242
348 286
1489 1032
476 1543
1476 1198
689 1698
1463 1517
1258 1314
734 288
733 1614
1837 206
173 1356
2137 741
878 1145
1588 1496
2022 504
2035 2192
785 1349
268 1677
1164 876
728 634
119 372
411 1682
573 1381
1165 265
1801 1173
340 1561
587 1884
899 338
1428 1972
1516 116
1435 1696
2095 1450
374 296
1001 1646
120 1577
12 1755
249 1132
1911 494
1859 605
15 103
1000 891
1788 2029
98 650
211 1713
23 1205
1886 512
1828 1044
156 176
904 1958
933 1280
1962 1408
881 2103
539 1059
212 629
1849 2053
1727 716
1060 1650
1564 1324
1449 1177
1867 702
1392 1614
723 331
623 2097
379 370
122 2176
566 598
957 1956
1383 1845
922 2022
10 1530
1874 22
1048 975
684 1044
1754 161
227 675
2097 2147
194 618
405 106
1517 1106
1336 673
534 1194
949 1635
1502 791
391 1299
1187 671
2114 185
1340 2015
1249 1714
811 459
1782 2054
436 703
62 1259
2134 1912
1573 1983
1860 970
940 840
1078 1351
155 1279
803 1381
1098 982
2050 506
17 197
46 1953
1799 1356
279 783
1648 329
124 1209
103 894
40 1724
606 1297
583 1223
497 1768
1786 1273
97 1336
1762 140
755 1778
2060 318
1598 1183
465 1300
1767 2205
1702 833
1173 65
1950 148
1173 1185
487 930
2190 2182
615 709
1656 482
2036 1602
404 90
207 1898
1738 157
1188 303
1061 1885
2202 664
363 813
388 424
290 501
1034 968
114 1420
969 2057
442 552
499 1712
1910 356
45 412
937 470
819 1055
332 768
1264 1148
216 610
1931 1217
2136 549
1202 1511
726 833
1918 960
2076 760
115 963
1117 1098
591 1853
1222 1348
1126 2153
938 2003
1626 1217
1315 648
804 1668
998 634
951 129
1383 745
2044 1322
305 1460
1113 103
1748 897
1485 448
1652 1175
249 2125
1883 1353
908 1524
775 1609
885 2139
1591 1028
1261 2051
238 817
1428 1780
1008 996
297 1437
587 609
1342 1224
1151 1091
178 1741
2138 1234
811 1605
1578 1628
1612 1180
1090 1629
1216 1790
1558 707
1538 382
63 117
2201 2205
1473 1820
1617 722
886 1561
767 1182
8 985
1267 1817
957 1149
848 1341
1174 1050
754 378
973 1990
1070 285
403 2104
351 899
1806 1048
1360 958
1035 713
693 1765
702 142
273 52
2142 205
1649 94
1787 1080
333 1980
1902 675
699 1959
616 1616
1983 678
1772 774
1366 1580
1257 1603
1879 929
779 224
1658 1757
879 1556
1151 2071
664 1240
919 2109
723 1295
809 1051
702 531
1166 1844
1071 1382
1386 2085
30 673
667 1227
1040 126
916 1081
1730 1037
90 697
1513 2175
26 1409
2186 65
487 784
1919 2017
2120 2209
380 1128
1397 647
293 764
305 441
285 446
365 1557
1689 1974
1775 469
98 1235
2178 316
347 340
1092 1410
1956 2185
1773 451
1990 1298
496 224
1537 747
318 581
736 607
1382 4
1610 2159
834 201
852 473
1855 5
1801 1850
1670 1870
515 1906
2135 1712
716 448
1105 1017
395 1018
1842 455
1493 1983
597 1040
175 1305
1526 1953
429 1863
1117 144
1583 1501
1464 2051
154 122
1418 1190
1096 1550
2150 1769
9 1115
1631 1986
1935 724
267 2104
330 1527
1667 1476
1184 1120
1449 1319
1776 726
950 2117
241 1827
686 42
1670 573
1417 805
1970 308
1229 423
264 1934
1931 1264
1198 1304
1789 1401
422 1078
307 20
1709 2031
1771 1443
1479 1793
1254 724
383 2040
1178 1505
1773 273
1379 311
1370 938
1323 799
683 1922
1939 1648
197 659
857 1057
1284 94
1062 1878
593 1250
1740 357
17 829
1756 1958
1437 2040
870 1267
1656 1611
1920 1475
1371 1172
1547 784
1745 2031
1185 920
1854 411
825 334
1945 949
144 370
1988 672
1326 2122
788 839
54 18
519 191
1167 1159
1841 444
872 1872
2054 74
1292 2135
1568 13
1438 179
1882 2011
17 1095
1570 700
969 1502
448 428
316 1146
1157 1744
2177 476
1690 1618
742 369
1928 459
629 623
680 619
420 946
908 1590
373 1455
2162 208
326 344
601 996
1501 702
1363 296
888 1237
770 90
167 1491
249 1316
658 798
1775 1151
1825 53
1839 2105
1245 819
1958 1869
1121 906
1926 1850
1239 610
531 1542
2125 441
101 982
1510 1719
1408 712
1708 834
245 930
69 694
2067 1503
2097 2024
2128 1731
1248 0
2163 86
299 1756
113 583
63 1309
638 1041
800 1098
84 617
1582 308
311 1057
1267 785
1378 551
1135 272
1108 1191
1026 423
1580 697
1331 1705
1486 944
1939 902
781 527
202 846
772 1489
878 733
1676 787
1323 599
2123 683
1017 400
532 1405
1932 1890
1867 1528
2209 1129
1364 1235
1192 2085
469 1612
2070 108
953 666
338 114
585 2012
958 2063
5 745
913 357
966 35
1426 700
1919 1345
53 1242
1655 1291
687 304
792 716
467 601
464 1684
2143 604
845 1228
1572 2125
561 1644
2127 1117
129 596
1272 803
1744 1320
836 857
1314 1500
1635 1914
1433 922
197 1709
2056 387
1519 1735
1953 312
2170 1261
1248 79
1934 333
547 922
1620 312
2182 874
565 1430
904 693
523 99
1983 2135
2032 1312
551 962
98 185
1012 1038
666 1064
560 1704
453 1805
553 2137
160 525
105 1449
1101 1169
732 2207
1541 1682
885 669
99 121
825 1383
1878 688
194 1357
948 282
1033 1904
725 261
734 11
1506 788
1529 1579
1787 1739
2131 74
1500 157
1698 2132
89 1648
803 17
13 1125
1259 1851
436 716
962 86
736 381
1831 1313
1338 53
538 262
1077 947
80 2214
1152 574
908 1545
1062 1057
1830 371
944 809
2121 846
1821 820
1596 235
598 737
1715 98
1978 111
60 1513
1343 963
987 1771
1451 125
340 1379
1056 2147
362 1772
318 1528
1349 667
1174 1307
1426 1397
856 1378
1829 1025
1889 1014
2010 911
1959 741
1526 317
1601 1228
884 1923
1275 2205
1101 1776
1951 2184
712 677
1442 591
57 1285
2128 310
1490 1287
257 994
2007 1232
688 1346
599 73
282 1664
269 1242
532 2180
502 1350
1589 2127
479 998
1375 961
78 1248
694 267
2040 513
1392 1293
1054 638
2132 153
1940 859
1593 334
1528 897
1501 1864
2076 564
1568 2134
1327 189
352 309
939 154
1472 1504
1297 557
1355 623
376 242
824 487
850 349
381 1464
277 172
1345 1763
1974 1743
1806 2106
1580 1401
672 13
537 59
1803 1953
98 1832
1039 1242
338 1470
1875 584
1728 1248
784 2143
2010 1556
1011 2054
502 1021
2126 284
367 114
250 240
2153 1437
1530 1096
1896 1246
584 760
814 610
341 18
1938 577
1910 1887
2052 33
1886 994
845 580
1515 2103
259 938
123 2113
1405 293
1691 605
503 1965
1297 263
1523 1250
1579 871
1140 1022
1134 1239
578 0
1027 1098
2011 566
1921 515
581 942
672 240
459 615
2191 847
1883 666
1341 980
1322 1055
1704 126
746 2073
656 1433
2209 1765
1483 288
868 179
713 608
2070 663
1304 1172
550 1435
1699 262
1813 584
1809 2099
2163 988
2024 1452
183 1478
1616 623
1564 1373
320 1140
1664 1298
2001 1258
1882 1047
820 1629
861 594
1435 1265
329 1465
110 497
350 235
1204 378
1467 741
1593 2166
1109 1990
1211 530
924 2060
1058 1156
879 94
1687 1690
224 1009
793 229
770 2123
1427 947
426 2173
1401 1742
652 838
418 1825
226 1430
1912 669
1821 1223
2091 1381
1377 2067
1680 2124
380 926
1158 1011
2189 2195
558 705
1037 1966
2069 794
496 530
982 1595
153 1126
1423 1897
149 1174
885 1940
1248 1623
270 730
1667 1318
1429 2072
52 1453
1801 1032
451 2173
754 2162
1362 1416
980 842
2188 1503
1820 732
1215 405
1923 2077
1125 2171
1239 213
406 1952
145 1191
1729 908
1557 381
452 2198
2120 1380
458 170
874 542
30 1327
762 125
1031 591
678 528
2041 150
724 418
890 2161
1777 1903
1139 264
102 1514
1182 588
512 689
652 669
253 2210
1654 914
668 867
1391 1413
1610 1752
1177 335
1926 1115
1515 1786
835 1059
1489 2129
983 681
446 1
68 551
649 1935
221 558
299 1466
1950 1694
1398 1791
806 1286
49 1034
46 1338
327 1675
1438 904
1598 960
1699 800
811 960
860 39
2071 1756
1370 976
342 280
1549 1573
81 1501
1202 1632
1644 2122
1967 1125
885 2193
851 1830
1566 2105
262 241
1982 660
1021 1557
495 1999
134 1247
249 714
95 1844
1686 117
973 1725
519 1302
1760 244
899 848
1312 1144
189 1294
1827 940
815 828
2191 869
26 1469
381 219
428 1894
1588 2079
515 633
1158 1621
1042 2018
484 1187
1103 349
6 911
1912 252
561 1214
1531 682
1249 812
488 2192
1824 2116
494 1346
1418 2012
2055 1123
1559 1940
1111 790
1406 206
954 1530
2184 1684
547 1077
1312 1169
592 1438
1282 89
764 1814
293 1632
251 1746
586 1567
2073 1
1830 547
4 238
707 361
1319 417
1546 654
1681 1745
969 616
2124 1906
33 751
344 2161
287 2045
1679 1304
1697 956
645 53
165 1323
617 1451
736 2179
2132 361
1483 1622
42 1130
2075 422
1979 1786
1574 1890
1924 1540
1590 383
1185 313
1509 1566
1033 1521
2181 781
48 1114
269 1315
133 425
1434 498
798 1721
639 2153
1688 2137
875 641
1373 726
2096 2147
625 586
1729 1548
1135 2035
1430 1434
111 2178
241 1305
154 1422
299 703
1547 2076
1364 1406
232 1949
2090 1656
1921 521
0 1734
885 1339
1882 1545
1015 117
1023 2129
118 1931
1790 199
1635 1478
1925 934
190 608
2169 764
791 588
1917 1372
264 224
881 246
728 663
350 1532
491 1577
936 1854
1627 530
324 1684
192 394
348 1913
1531 119
410 1681
413 1187
568 2113
1829 1392
1794 1304
561 2149
625 1972
568 310
1497 1030
1191 1320
1138 1644
174 1334
492 774
809 538
1720 1618
1410 571
61 1829
502 373
623 55
1435 166
1856 941
2044 2108
1959 342
1364 1368
1321 1362
115 567
951 390
2006 771
40 1880
595 1745
278 1464
333 195
494 331
28 529
219 19
550 327
1583 1589
1501 190
44 1278
1151 958
896 1625
339 556
585 1993
115 1751
727 1313
1513 2108
548 393
1876 1192
310 1797
2146 1478
723 1934
906 1500
113 1594
669 1252
1018 1512
606 1826
1865 1604
450 717
1040 1139
1957 629
1155 2127
1754 1181
745 2193
302 379
927 1574
933 1697
1028 360
74 1842
271 1138
169 2143
989 451
1447 1804
1524 1178
1673 1206
382 480
1257 760
2065 2082
799 1347
1769 535
774 340
1785 955
395 686
437 1617
418 1110
1567 835
584 689
744 1048
879 577
1573 952
584 672
944 1021
1979 2183
2184 1966
459 2075
1172 271
2083 390
776 925
735 490
2190 1366
1153 1030
1969 917
234 1654
91 1909
1564 1464
1347 1450
2062 1310
2157 80
306 197
654 1071
849 1291
1083 921
1028 79
479 767
1687 289
819 1344
1114 1476
507 1680
876 1747
1618 1848
2037 27
1976 38
584 5
2040 219
540 1031
2062 1455
2127 414
1082 622
750 1038
1435 1141
571 1742
2081 1860
24 1687
678 1749
1267 231
1974 58
1678 40
391 1399
1082 101
1114 1539
234 267
1638 1207
234 2035
1835 120
2042 2043
1877 712
573 1124
1165 508
498 1852
2138 712
374 936
1411 1924
2040 1879
287 1924
404 220
1653 291
983 1136
1456 170
1730 2012
401 955
1294 727
720 1590
1922 1146
1915 110
560 774
178 285
2132 849
1673 1446
472 1182
716 639
720 697
1437 1507
1824 1662
301 1718
562 1655
1159 322
165 1000
2099 314
1579 1499
1108 1621
1976 795
0 2026
1220 275
1991 864
2085 1490
1756 1166
229 755
2151 1786
218 690
811 954
1813 1214
402 1643
157 169
599 1233
364 1635
784 571
1694 1949
2105 2082
653 1615
1014 1862
860 719
457 2038
248 143
267 1708
1202 1096
1698 500
678 727
137 1275
1840 936
228 1860
559 1315
1012 437
2075 1162
1644 484
2156 1744
1705 1096
154 1481
635 2049
1347 2185
1277 2025
922 22
1262 995
569 1565
1034 100
1604 1481
1442 283
1655 641
883 125
560 693
1284 1931
884 2208
1060 1644
1347 540
1525 893
613 349
859 2068
1191 692
1986 1504
414 1793
414 390
362 1873
1299 54
2001 1964
1792 1634
1191 432
837 1998
35 1430
842 976
1863 61
1009 1694
1 924
1899 1882
622 568
639 571
422 1265
991 1756
1484 370
262 2169
1015 255
353 1070
1395 620
867 182
95 461
739 302
1596 893
699 1149
1283 727
7 1641
128 658
2165 1598
2140 1148
983 806
2067 1927
534 766
1857 1432
1956 687
511 1503
630 1234
687 1682
1151 268
384 158
1942 203
1446 1162
2005 2154
1521 944
1498 920
2169 939
710 288
278 883
1206 1197
323 353
530 1103
1138 666
643 1577
1938 1070
1559 292
670 1317
1774 708
1466 1027
766 1324
129 1907
266 3
1485 164
2181 1997
421 678
1200 510
1240 226
1776 1398
1688 1770
1084 438
607 2063
994 547
1658 471
2050 1532
318 286
2201 982
161 2176
1734 379
931 944
1469 938
345 622
1190 631
710 1901
294 1838
1779 500
304 1520
1514 579
2107 2031
226 1144
713 662
1616 1961
1998 656
201 2190
2035 1962
1694 1748
835 449
1099 1641
1715 459
1863 1039
969 1362
539 1490
1548 457
1645 740
1384 952
1429 749
2129 684
1235 948
1025 1564
1054 635
647 602
1285 814
410 1359
2029 1559
1774 1610
553 898
1515 512
949 1948
1930 579
1284 28
474 1264
1337 2051
2153 2035
306 712
1186 1957
639 353
2103 1988
702 1325
1069 2031
233 1713
2112 1033
1423 570
1756 1602
1267 1108
180 1036
321 1190
1625 712
1550 1088
2117 749
1487 1371
1842 1973
983 1468
1701 1764
241 1290
1578 754
1361 1402
947 371
1758 1397
716 1635
1344 784
2034 21
1624 2079
628 21
1411 680
2102 1738
545 525
266 1424
1846 1604
1014 1403
1013 291
1848 1548
439 2141
469 21
8 1623
1680 992
31 1890
363 1326
1383 1263
1950 2000
215 1436
362 1828
761 1816
1567 225
1911 1263
367 1444
1655 1861
326 61
1392 1725
1308 390
104 614
952 1400
1634 1145
131 107
2177 989
1594 1759
1949 2130
1954 1545
1563 1941
1059 1221
122 713
2004 1138
1813 730
40 1599
1658 624
1052 1459
187 502
1391 813
1328 860
1455 1470
1435 1045
1504 537
1953 507
744 62
16 248
1251 1158
1183 1102
154 905
2131 1544
584 1703
192 1533
916 1915
1971 571
712 1827
714 1171
1101 1394
1858 768
1676 1496
2056 938
1689 1796
1557 117
2083 1938
1620 916
149 1903
1605 930
1320 747
506 1494
432 1281
411 1696
2194 1181
894 177
172 924
1592 1831
647 1383
1742 1673
803 589
929 264
212 92
101 1149
1371 1163
1624 1607
880 726
1027 1058
2046 201
133 342
1572 2145
110 303
2031 1548
1907 1895
556 2090
710 362
1883 425
2040 2198
41 1848
419 639
475 1180
635 1930
1517 627
654 1826
527 1518
376 2099
76 565
1576 1724
1026 1411
1500 517
1827 366
1035 976
1224 1508
1749 678
1392 1365
766 1520
57 1464
1126 1113
378 1799
804 1939
202 1936
24 1349
2119 579
1257 1902
1341 1127
1433 890
477 828
1099 663
1489 385
116 394
1062 928
247 833
687 2026
770 969
114 1198
1296 391
171 1805
661 2200
1510 1293
1490 50
1731 2100
2109 1599
901 264
82 863
1119 213
1745 1574
515 270
1210 937
532 574
1478 1898
1717 1119
707 1900
307 301
931 349
518 2099
417 292
1806 1724
1037 1877
481 870
1532 2029
1189 1313
842 1199
1419 1804
815 405
1105 1272
2060 98
1426 644
1538 1880
1482 1231
1392 680
1072 119
1334 485
908 2141
1345 1890
1377 48
375 1336
209 1612
1852 377
969 892
526 27
1493 354
1878 930
26 394
2018 716
2148 1882
148 1925
581 2056
2180 1041
1802 1241
2192 853
1970 431
1789 1925
636 1284
704 1488
1371 1792
842 42
1593 182
1170 941
603 419
1050 903
4 1815
1114 231
1709 1541
844 795
2019 1772
1460 100
736 1202
558 734
602 708
258 1649
412 494
511 1453
1061 1148
1213 849
286 1878
912 1221
289 546
318 251
991 57
2056 771
1625 256
1063 1358
1686 2035
1150 1975
1857 253
1426 889
249 599
834 261
143 1798
288 789
514 1683
1808 426
1546 2055
348 1634
994 41
1826 155
1180 731
230 388
769 1955
291 1997
1444 1207
646 2003
571 1443
2049 951
1489 926
823 1490
127 692
333 582
476 2024
531 1507
217 1240
1923 2199
457 147
572 1948
3 772
569 1232
1987 517
1140 1746
1517 1429
2170 444
996 1175
1427 448
543 2055
898 1458
1226 2172
683 138
2036 674
749 2166
367 206
2166 1238
646 2008
1078 2034
146 827
1835 678
1643 330
1891 836
1846 613
1328 1161
841 1548
1219 1402
1352 1152
47 1084
1495 275
72 1027
94 2033
1967 1665
215 41
1083 1721
1202 1077
1325 1920
1118 2119
1947 2057
1602 954
215 450
1726 1052
1116 815
413 612
1448 1880
47 1212
2127 1827
260 867
532 1278
1689 1245
548 181
107 653
2131 1354
980 606
1518 1765
1063 683
1037 2058
458 759
2111 358
908 1421
1666 1237
1586 1268
1282 2074
666 2126
339 1628
1241 1869
1139 1918
1376 1005
1839 1542
617 1849
1400 1568
1189 858
1078 1222
1670 1779
374 683
2038 2162
668 1127
447 1979
149 1166
2099 369
1182 1422
1099 370
799 2113
668 2140
1094 731
405 795
288 489
565 1020
1896 1234
388 1183
1803 1964
802 1464
1742 1609
1099 1200
1041 283
853 518
1076 1313
1347 1535
234 1657
1587 711
361 965
1319 1339
1521 868
2199 1138
1746 883
1563 736
60 2187
1714 1468
1029 1405
105 396
106 484
2177 1577
2087 1217
782 1344
1782 866
1574 1800
2127 1410
1060 1899
1344 1149
540 350
1191 1302
1970 2090
1390 1990
1852 36
1727 130
1998 748
138 1626
2121 1463
2115 428
1080 1884
829 756
1052 1798
1724 1533
384 1267
703 2150
1406 1420
2039 984
1976 56
767 337
2068 8
2018 1987
1210 1957
1153 1620
2054 1054
1126 1135
126 2138
14 418
709 1060
1279 403
578 1419
2200 1764
374 420
