2087 1819
492 1125
1938 1172
1478 1940
1800 1269
357 1267
70 2171
766 1437
268 1683
1842 509
1298 1190
2133 1407
62 2155
1317 500
1877 377
1173 127
1051 1491
65 913
618 182
212 421
1154 125
1152 1057
563 1202
1432 1272
1172 940
534 1993
2165 1074
1668 885
1919 500
399 2
1029 1070
561 1971
1154 1338
1063 1815
291 790
276 1491
754 1693
1459 1666
299 1630
411 1348
1880 770
310 1398
1363 839
1518 221
905 1420
281 541
977 267
2059 149
1995 523
1147 659
2062 1187
1199 1363
2153 357
880 2021
756 1129
430 108
1374 1293
2067 1786
1514 2135
466 345
841 1685
435 1514
741 337
1390 1440
456 1109
1391 1220
1952 1903
1930 125
291 1538
181 1154
1466 553
1132 1067
881 2140
1927 137
285 1611
1496 672
361 1944
825 1614
1899 1308
1365 830
592 2121
1659 1099
775 872
1147 245
2008 79
1914 120
1933 742
1085 1044
1483 494
1930 1231
1081 1911
836 1219
1139 366
1264 2053
2106 2166
1928 1317
1641 1603
2210 1276
1033 1978
940 1992
174 1231
1064 1701
1505 644
1951 870
1918 908
251 0
603 1696
1936 1041
2096 1305
1064 1765
25 1916
1967 807
1337 299
756 484
869 221
174 1948
1897 1118
1642 141
299 2198
1104 1725
2027 1379
548 1460
1943 617
1506 1290
794 1785
170 246
58 553
361 414
1623 77
2029 362
1841 1037
1838 269
536 1485
1851 1772
750 1064
42 843
1950 865
606 1982
92 462
738 1341
762 568
1095 1099
940 682
1666 228
1578 1458
635 343
179 469
1143 1450
494 2200
2109 1357
277 39
1263 1921
1967 274
440 1058
663 1032
669 1907
1481 728
151 971
333 887
761 1678
715 1949
839 532
2190 513
157 767
2109 1622
1064 1542
1690 1516
1876 1007
506 1607
443 1277
1505 560
1000 192
894 2144
1726 832
450 1153
1991 1190
1138 1300
1099 382
1478 1531
903 1392
638 1860
1049 1638
2033 1820
1252 1849
2037 761
2058 1358
2025 1586
2098 1519
1522 693
966 1040
524 692
2010 2025
1867 1604
368 2082
1190 1481
850 1784
541 355
804 890
2176 1736
1486 1092
1916 567
86 1301
1197 453
2175 571
988 966
594 727
1016 338
1587 712
1173 1911
1301 481
1698 1391
487 315
2057 1552
405 2184
2007 2067
1538 1063
946 1916
1555 741
2182 1817
238 1731
1799 777
104 1609
1128 2165
1647 1517
470 1823
810 446
2013 2024
206 76
793 1320
236 636
749 1978
1921 1431
966 1592
1513 272
1216 128
1191 2056
1275 464
1021 665
1689 472
1988 1606
124 765
754 1820
2080 2196
1478 332
1699 1814
870 571
1766 683
1521 2093
1852 54
1276 1492
815 1002
649 861
1197 1473
546 2186
479 1573
1422 178
597 100
1192 1263
1459 1804
66 30
1561 1109
1329 2116
772 1421
1332 2209
2101 563
1934 624
1718 32
862 304
1547 388
1346 1696
1213 2047
1907 1400
611 1197
1975 1729
1304 1996
230 1696
1127 76
896 1246
2009 754
109 1593
1534 1512
625 116
1806 328
648 427
2005 1128
634 389
1192 2063
739 782
965 131
1748 1239
117 794
1572 1988
273 698
1880 1123
1461 1566
81 711
1049 194
1119 1243
1873 1334
1204 446
912 1332
1375 81
1663 1074
210 2162
659 1210
283 725
1632 1948
332 1925
1980 1690
1970 1931
1730 1018
1849 624
283 203
288 635
1915 1863
1689 90
2205 1757
330 2046
509 1945
1319 1968
1942 1735
1776 1526
218 409
185 74
1281 1074
964 2004
2051 1131
439 175
388 2196
525 2097
877 559
1678 1139
1993 2129
1636 186
1658 1946
1185 1901
1772 964
451 1990
241 1605
426 1185
2071 984
1523 1464
320 730
1114 1268
429 579
1191 1166
278 613
656 1325
2053 1627
1496 996
1132 721
1178 2143
162 1930
804 1712
583 1196
1698 1460
2118 1663
96 365
682 97
1831 1240
2121 999
742 1069
1726 1486
1047 133
576 793
758 2125
830 1648
1593 1502
2076 551
421 987
1366 1244
1044 125
1181 1162
1497 363
2146 1377
31 1649
378 1292
2140 922
997 1904
1621 824
504 174
17 1974
936 2028
363 94
706 798
745 579
980 727
787 1393
1120 813
164 1910
881 45
830 1520
1950 1490
1046 1874
1486 1809
1294 289
278 1076
1028 1169
1390 2022
1345 929
57 1467
746 1606
1528 1623
897 1553
719 1485
1006 902
1265 1920
598 2172
488 1795
555 1884
1597 83
772 1943
1706 588
8 828
345 1902
2116 1098
2047 600
1728 639
596 887
384 1722
547 1797
991 740
1149 991
12 622
5 833
418 1951
1056 933
312 22
816 19
1316 511
574 291
998 1636
1368 313
2139 1908
1517 1360
1437 1011
1591 1961
656 211
659 488
555 2039
1258 515
1118 1644
1781 1679
562 1734
1617 1625
1590 850
1904 1658
2179 761
1064 1694
589 255
1315 429
772 462
478 1353
2100 211
1113 1997
680 982
1513 672
169 279
91 1035
1434 140
1406 944
186 1907
460 1483
858 1819
885 1055
1532 2096
621 1717
2206 1373
1255 2009
803 174
1548 1591
129 1069
1682 1776
908 125
1751 1954
1794 176
2170 1320
1318 1432
569 1453
1249 1195
720 1229
993 1084
1696 1798
2034 1171
57 1069
1793 800
1441 1782
1295 853
1322 524
944 45
1866 856
33 1465
134 1969
269 1336
1790 923
127 1831
777 348
845 1685
641 115
1926 881
1405 637
1133 1521
900 1097
228 1891
1 147
946 451
994 1057
646 1039
1417 63
1105 1367
960 1351
245 337
1897 808
2166 886
1954 488
1580 939
540 1251
874 1417
1052 711
581 831
1829 1744
1843 751
308 521
1473 516
293 1365
314 1733
1863 597
428 1596
2118 798
769 2161
133 588
787 1153
1882 607
851 584
860 2123
1752 1034
667 1040
2063 425
2094 1568
414 123
2046 745
1434 1936
1421 658
1603 53
352 1399
194 796
1137 1758
717 720
2124 474
317 253
959 468
835 960
1639 382
1933 1839
52 1704
883 104
14 2144
2037 636
1776 895
556 1112
354 1358
520 144
1749 1461
1858 11
10 134
418 773
201 927
804 1874
136 2084
2201 971
1054 1163
2030 1320
1662 219
1342 1600
2036 1129
1987 1429
1281 1338
1561 178
1790 1392
1944 1564
254 2108
809 982
2069 1378
1337 151
1179 191
757 550
2027 885
1068 169
957 1266
1591 1960
1073 1663
1526 89
1272 980
1333 1226
1278 1009
1001 1132
2108 901
1087 352
867 86
474 506
964 514
380 2065
55 159
630 994
575 1295
2162 2202
1508 1443
1638 132
2154 704
190 624
1861 1688
61 1127
123 673
1625 2053
1394 1166
1020 423
504 2150
1382 1452
1229 537
374 2166
1476 1602
435 946
745 1173
1769 1105
923 1644
414 1113
1129 2011
1233 414
395 1382
760 1756
601 2209
2047 1039
2208 83
1524 1761
1907 888
14 177
1956 1464
1234 995
2077 1743
1426 538
2182 909
316 1859
167 1340
1220 543
286 1228
2108 697
1145 2088
567 1164
769 112
195 731
775 844
1832 1654
966 1522
263 2024
1763 1003
890 1684
1642 1263
1063 1383
1630 1392
1523 1471
820 779
108 1478
2043 1738
47 422
566 1112
1898 1905
527 718
1157 445
1023 425
1770 573
1511 1931
124 592
159 2207
2040 1145
165 18
1349 69
1234 1276
971 1569
93 1302
836 1308
1749 1288
901 1823
1083 962
2078 516
1995 386
2156 1970
566 2
269 1015
233 13
1024 2047
1481 1566
320 285
852 584
2038 1188
797 414
2193 11
286 903
1611 1911
1824 2112
1475 1181
1522 1728
2137 1327
878 526
1711 1028
1795 2166
184 30
2090 571
139 1447
26 2113
1463 693
1680 1423
110 1067
1292 735
2131 1322
1428 295
1193 598
1642 1701
791 796
2085 1419
617 107
1565 1725
795 1271
1641 1892
1744 560
192 1331
941 1600
2101 649
1606 9
1070 1685
1467 1902
888 1600
1376 903
1994 97
945 859
1497 1589
1783 2110
1200 1485
2048 1214
1766 520
579 307
2207 643
217 1731
1495 958
708 694
1636 400
808 1110
1231 349
1729 369
2081 1510
2131 900
494 190
2100 491
2174 1389
139 1877
809 648
1578 183
1426 360
479 2214
854 1136
1550 2063
721 1183
1095 1905
2193 1881
1320 2069
1526 2133
1437 1022
1959 1524
1643 693
1917 1206
2091 1472
568 1192
809 25
2 2133
1473 1295
244 750
1317 2030
1241 934
1628 185
113 473
673 557
1479 2035
2143 318
1878 2172
1633 518
2010 1788
1272 1312
1708 716
895 275
1264 1965
626 2203
966 755
1066 1895
1935 478
1117 1096
1384 34
915 1898
1966 740
1597 1961
1972 1784
281 1959
1640 2040
1410 756
1968 588
2048 1652
850 769
858 1131
1987 649
1694 1322
1194 643
264 2158
1222 120
1329 1641
2096 828
1648 2000
1728 1430
1482 2023
1413 2002
255 1734
143 293
1788 2006
1803 1026
211 1886
398 2127
1230 1693
1632 942
506 1694
123 839
1841 967
94 32
1071 489
1892 618
1998 1278
107 1435
1389 2035
1882 1128
546 1721
1557 65
1626 1128
1433 876
1686 481
1826 1222
993 2211
342 96
2049 1523
133 2110
2172 1142
1660 464
442 1282
1425 198
1630 900
1349 1931
66 1318
1724 496
320 1331
1811 1667
268 1054
435 2115
1000 250
1470 2116
769 1259
840 1557
847 1511
1084 1385
9 1117
1830 1584
1488 1692
1228 148
1343 1727
1350 14
6 1411
1439 1131
771 1326
479 1636
1653 1507
1529 74
1846 1157
1832 678
249 1279
621 1581
239 1708
481 1407
591 837
1403 553
446 853
1474 683
1714 528
1582 2131
1662 1675
1175 970
1030 937
453 173
1681 571
1551 779
2024 2206
1924 2199
2109 1150
1900 1208
43 913
2069 498
1832 81
1431 349
278 1051
1491 694
1133 1066
1945 2040
1236 1232
114 1769
1353 271
784 1235
1716 647
2202 832
1733 625
645 786
1173 1085
1699 359
1841 1664
323 1689
133 287
1692 2159
1998 255
174 699
1180 2108
1999 309
1353 628
850 785
929 2056
1694 707
310 1068
644 508
1998 583
144 1480
2088 1081
570 62
1235 2105
1336 1468
1309 1686
126 1099
1410 898
26 1115
1977 2106
1928 971
1748 82
870 86
2023 1480
2062 1709
289 313
1194 2015
274 298
1650 808
1266 347
1027 993
753 148
377 1976
1239 725
1931 1538
1468 716
800 681
752 617
1777 2162
449 923
2190 2023
410 1635
1920 1787
1168 786
1276 660
1856 727
1941 871
910 852
46 2012
381 1809
1422 1109
465 513
1813 1312
2020 1500
2167 1054
2008 2209
433 305
1898 519
1594 1797
1404 204
777 1911
1723 1638
759 904
70 1665
245 372
2197 1376
1847 1890
1037 57
2106 309
1317 2112
1794 1168
1463 2065
811 635
1891 1287
1880 1679
199 760
216 53
1743 2170
1003 45
273 513
1174 1684
668 1665
1834 387
1188 1041
1768 495
1120 1645
1215 1436
639 1709
369 1998
2105 526
2210 877
545 1668
564 33
1391 2040
833 2158
177 942
662 1562
1973 889
231 2036
2029 964
2105 922
244 796
1761 2041
1003 307
1298 1325
1170 46
1047 1575
380 27
721 233
1715 740
1167 1360
491 1411
803 708
1808 1691
371 1823
188 65
1862 584
1467 1071
539 2212
808 1084
305 119
1678 477
1661 1152
171 50
2 1101
2112 614
2014 47
964 1102
1936 1365
1446 1639
679 2184
427 1736
650 309
1926 240
1880 1363
749 971
490 1294
1105 182
280 1372
558 1859
540 72
731 1013
238 692
745 183
2062 1416
1244 1478
54 226
530 1065
1585 927
2109 1620
982 894
1370 438
801 8
365 1298
1163 1296
496 1543
677 675
641 483
895 1037
929 1783
1 1633
143 270
894 1220
137 1258
2214 1444
850 1542
431 1613
1145 196
1912 527
2013 2075
70 484
1098 96
534 1459
2106 10
455 286
1052 678
1858 1679
705 1226
1027 51
928 404
216 847
1535 1847
1706 1070
232 1728
1912 2025
1770 98
1909 567
487 1834
13 964
45 2017
989 190
1293 444
496 1420
28 1390
519 67
249 708
1421 956
135 614
1246 1575
1176 1584
81 13
1286 1809
1008 1869
569 959
1724 101
1753 75
15 1762
905 755
1324 1260
2196 123
1423 1241
210 753
2046 282
2048 1883
234 253
2131 1739
586 696
36 1786
910 1244
158 280
2041 343
1260 1551
1677 1083
354 483
1755 826
2127 615
46 896
776 82
1163 429
975 2164
1887 1776
654 666
1905 899
221 150
804 1224
928 1296
2005 661
566 758
763 825
1626 669
2170 1715
1265 2071
50 987
47 1451
1011 228
456 109
1029 1884
775 1175
1939 1598
1707 288
684 35
1367 1109
1035 2003
1514 1674
428 112
1604 1548
406 251
1238 193
264 1929
31 445
1811 961
1174 2067
1572 842
1674 1554
1783 1828
750 926
845 1267
646 534
2012 1066
1123 60
1239 450
1214 132
437 84
1465 1774
1583 77
1570 99
46 466
1296 991
1088 888
42 1505
557 541
701 1723
130 1097
2067 41
16 1540
1739 2172
1654 1003
681 1839
885 1153
1350 1811
316 1309
332 2156
778 347
1583 613
692 314
1756 669
1977 2166
18 1230
1923 80
573 1718
2149 492
190 1792
560 1803
280 849
213 984
1654 630
1442 757
534 26
507 926
1227 100
816 102
1354 2053
1815 981
2015 1898
1513 885
1519 132
870 616
1647 1280
2022 282
206 111
977 546
1025 1835
1483 2199
1798 1856
812 57
2052 1342
1758 104
1188 751
904 947
429 1502
2096 976
1959 154
993 590
1680 1798
1933 1946
482 897
322 1477
533 1903
1477 854
1990 1000
1881 1678
790 1237
204 1048
191 31
330 639
1435 1137
363 577
1646 508
836 1347
780 1705
125 487
855 1130
407 1991
1553 2043
24 1748
1822 2115
545 943
644 1108
1023 627
1337 2092
1696 1373
40 1148
132 1246
1548 1499
1975 989
1553 1939
468 625
776 1366
376 814
1255 232
295 370
1442 1278
324 1011
1842 627
1298 2109
1630 2075
1008 639
971 706
970 721
1854 485
471 1775
2078 891
442 1162
1923 168
1435 881
1575 933
749 2201
1585 118
1677 228
731 1785
521 1425
1687 854
1619 1151
633 538
1791 713
312 987
213 1073
455 1187
135 599
1030 1105
585 1903
1626 941
1797 815
1000 833
894 1153
1772 1019
976 1602
642 1343
599 1791
1358 675
1774 1914
1532 588
1495 1774
1129 1309
321 711
2094 2097
1451 640
626 756
1907 1933
1719 2178
1693 1664
702 2130
315 1900
530 1231
214 656
1820 1321
1913 221
1819 708
641 1315
995 1546
109 721
1890 2058
1015 1775
1164 991
7 883
153 1795
1488 1808
1737 652
2015 503
1492 408
1389 1423
362 1773
558 533
978 1139
2061 2181
1201 731
1362 1792
1170 386
1496 1989
341 585
2174 231
2009 995
1136 650
1944 2177
1334 1064
418 683
1570 436
929 78
386 1570
982 486
265 1777
1310 885
658 1770
493 1878
2067 1512
246 1775
1592 1078
920 1207
261 1548
652 477
2167 380
1620 1360
1098 731
1952 448
173 954
1173 694
1280 335
1439 424
951 1980
1804 1746
1902 1643
1966 156
1621 1938
740 583
1330 1974
1355 1171
638 1415
93 1004
1853 1879
1178 2182
1805 2052
2063 786
177 761
943 1024
1877 856
1394 1370
458 1396
1380 1333
1730 1750
2181 117
793 1106
1982 2086
1419 679
1657 875
1685 17
2108 1757
304 1263
2145 85
1007 12
2121 2166
79 1233
1360 2145
175 2055
1119 1688
788 2154
2132 340
1671 1220
444 2162
1348 1059
1071 620
891 717
1642 1577
1225 1991
304 1858
1864 2182
698 370
2034 1382
503 1163
1507 1934
1702 707
1440 497
1583 369
440 845
845 541
911 1217
1857 88
513 33
275 148
90 1936
2187 2162
601 1049
570 169
287 1189
809 1520
781 1099
526 1888
1720 2101
446 2181
2144 51
297 1338
910 1940
711 734
1533 1220
1153 1662
1319 2172
1288 1361
24 391
1017 2028
1677 1924
1166 781
1688 831
578 715
1446 273
1420 1977
513 472
920 1277
928 555
2088 1282
1450 827
1860 550
879 812
325 770
1938 1814
449 69
1464 1732
39 801
818 2157
1416 2197
1125 2001
1384 522
1852 352
2084 1521
914 1584
2030 823
1722 1010
334 120
2132 1957
49 1711
56 572
979 947
1651 2052
132 267
584 523
846 2085
793 1908
507 1291
1172 929
406 130
1868 967
360 1483
1158 516
1227 1761
84 940
263 1535
1849 2161
888 1483
65 1623
1595 258
1429 1922
627 944
681 2049
1189 2122
2146 1234
1811 2179
275 1469
1265 2158
972 1511
1816 1613
312 916
2214 1455
1600 1282
1550 1705
639 1109
247 1261
2136 1338
1885 137
167 838
299 224
847 2148
1675 776
1935 301
1842 337
139 1472
890 1584
1437 1284
877 757
1142 592
2140 762
1093 1779
448 992
716 921
215 1701
7 135
1167 833
1303 734
2174 712
740 453
479 28
397 418
354 296
1262 1551
1313 1215
1412 1069
199 1859
1698 1300
1003 1725
135 355
1512 1049
72 1823
621 1961
2191 194
1381 1668
1394 825
1689 947
1754 1354
1932 67
2031 1051
1399 1847
1491 1036
679 1159
1542 749
2143 665
445 920
1019 1299
1588 1257
925 385
1485 1507
1288 1596
2144 98
1708 1619
288 771
2017 1866
836 1388
1229 532
1804 1254
212 2018
1383 1772
19 976
2083 950
1981 1722
2044 1501
242 899
1687 1489
533 1211
786 2037
1967 1902
15 1224
800 901
487 18
2161 1544
16 8
744 258
1371 1568
1651 1922
58 1924
1061 181
513 1931
1344 908
251 1377
105 575
1706 5
2021 425
930 2144
1226 1511
2202 1139
117 836
85 1556
1991 931
1644 347
1879 258
1210 23
148 2050
776 1544
1642 1412
1376 248
2003 812
482 822
1518 217
578 908
1344 1829
91 403
923 554
1930 313
1134 178
931 651
1261 132
574 236
1956 1347
1501 19
126 2186
2127 877
75 1157
1959 505
807 1377
1707 1604
1104 1696
518 185
858 1511
355 918
1996 601
1430 1906
465 591
1792 465
2026 518
1311 657
323 1675
1703 1879
1196 1757
2213 464
1146 2092
1842 962
1647 1483
1795 580
972 1327
15 713
152 450
668 330
889 596
2066 1604
386 159
188 658
980 931
694 1798
334 314
1490 1590
978 91
1208 1936
1929 362
78 1804
1262 592
369 129
878 1214
471 461
1920 1676
565 1600
2068 2199
861 148
1735 235
414 1768
1563 859
1371 1544
1000 1894
2078 1176
71 806
762 594
199 1628
1062 1056
1467 2142
489 375
1226 1080
1368 1346
1301 586
573 1141
1918 1782
1822 1014
1906 455
1694 483
1265 1006
1869 1408
1540 164
821 419
1335 326
378 1035
1550 770
1669 900
1005 1353
2023 307
1188 773
1420 1506
2062 1260
916 576
1295 1925
432 1450
789 1520
1063 1104
1900 32
1926 1519
2180 1598
973 1447
789 71
544 326
624 917
948 973
2135 1127
1256 1367
2189 25
1773 312
544 1448
1359 1861
1465 904
1801 1221
1539 1462
1066 1519
1074 1425
405 951
935 423
2117 1708
925 685
418 1699
797 225
1252 1249
1705 1963
766 446
450 393
1771 467
1117 1695
1704 1779
911 1443
674 2094
105 1513
2111 825
1485 107
1727 1516
1447 697
131 1224
1956 1099
768 1355
7 1657
2124 1153
345 1356
1152 1260
1523 2031
297 535
595 1933
1211 1809
1572 1523
302 245
1126 427
1105 103
638 2099
781 2074
718 1529
195 1969
997 908
1142 1053
69 126
1396 2126
578 1863
1244 945
2070 1146
1712 1594
9 373
789 96
1181 973
754 2058
1268 334
101 1405
1318 762
355 1223
1982 1356
553 2139
1969 760
590 26
1081 304
267 2073
73 811
1117 1582
1032 1353
725 760
625 2102
378 477
956 1614
1202 1687
465 1796
1045 1686
1598 1003
979 1665
1521 1278
1079 238
569 1071
656 1724
507 919
586 2116
56 1165
434 993
85 811
238 1210
715 1200
595 1058
2195 1241
1186 179
1455 1563
2169 114
1073 934
2023 1386
1241 90
923 119
1335 481
1089 408
1314 611
2172 1742
983 189
967 1833
1571 1774
1574 1616
967 387
1246 923
865 14
317 979
1764 34
128 90
423 125
329 523
114 1235
752 528
650 1332
2082 1236
1934 1461
1654 899
1247 1218
1908 2145
1734 1834
1986 105
1544 1340
388 421
1456 1205
573 400
936 668
1518 338
1729 1660
149 1522
1828 1350
1869 2098
1725 557
1553 530
521 681
1249 748
557 843
2166 2126
2159 1866
984 692
1851 1347
1570 1105
1539 646
2085 555
601 1413
1875 2191
972 2063
222 484
437 1729
1013 183
913 1256
46 654
2047 1545
73 903
1685 1092
1031 642
2087 1046
1621 234
1396 931
6 1037
1732 1746
897 2210
872 662
1002 1755
1384 181
1303 2124
960 1771
508 1963
1622 1750
81 1489
1725 1720
1030 358
999 2170
149 673
2108 888
1774 1550
80 1914
1058 759
1556 772
250 924
210 1759
679 392
2015 1277
405 611
1317 1713
1215 187
696 1287
357 1401
272 219
435 494
756 2199
1558 1002
2037 1766
1750 112
1034 921
367 1453
499 354
889 721
1852 1654
1754 1
1468 1225
1636 892
1143 1738
348 1434
821 1567
764 98
1146 117
817 1676
457 1230
1957 2110
1850 1458
766 742
2187 1030
1325 1493
1638 1432
238 1450
5 409
426 2056
1241 1247
112 1072
1168 840
257 1538
549 500
1520 627
756 440
1306 166
1802 824
664 1712
1735 613
1136 1438
561 1299
2008 1515
90 1686
244 1027
2200 1128
1012 974
135 263
1851 2065
1651 285
1946 81
1413 890
1420 718
1599 412
85 1484
88 82
1619 63
1501 1051
1153 1461
866 1558
254 701
499 1349
1571 140
1258 712
333 62
1916 1059
1754 1477
2047 1832
490 1530
13 1774
200 641
206 1912
1381 942
1534 587
2152 1058
713 1369
1969 726
2134 347
1303 283
1928 2168
88 1872
749 919
1613 2180
2172 1241
1029 1899
1540 804
232 977
553 1701
1212 1494
399 1192
1582 503
1860 2057
2132 373
2028 345
1858 734
2112 1077
911 1965
2135 149
592 1846
1148 1428
367 1192
2023 1291
922 648
1537 469
814 736
715 124
1970 1831
1342 1957
1440 1475
1001 1535
53 237
1730 637
387 1657
1530 1223
341 760
1631 1036
15 1617
1304 1440
1080 1861
393 1289
1608 669
1579 610
803 1492
347 1792
158 1337
742 632
564 1798
1379 373
1070 2016
564 1873
64 60
1027 1537
1073 1035
1471 1805
602 199
1385 2054
291 2146
1179 688
2081 668
546 1874
797 1288
1349 1113
1685 1947
1878 1268
938 2051
1980 979
14 1951
494 1841
1933 1256
2146 321
535 61
776 1722
417 1935
699 1927
1889 233
1724 1368
75 1430
368 1005
131 78
89 321
234 1369
1512 828
1010 311
871 815
409 978
1996 2098
544 1346
1806 1945
743 1611
1082 2073
477 87
1747 1877
538 1721
817 1593
787 1589
407 463
1056 2000
1375 999
309 61
1940 374
427 182
1362 227
497 628
1919 1185
2084 1977
1578 947
266 235
1705 1359
408 1169
1822 395
1020 1042
427 756
302 1075
1004 1117
1495 2092
1325 1378
101 1822
141 2036
1154 2015
2018 1664
555 1572
1065 948
1681 442
1493 1846
1146 961
937 364
377 2109
303 1775
2075 233
6 1986
1105 997
1125 1786
6 1489
165 657
60 1869
715 168
232 1007
1852 316
1699 2191
416 1631
1919 1801
942 1911
329 2051
1615 1716
1790 2133
690 1707
1139 156
995 613
1190 1286
290 877
1812 1734
2190 1113
482 1185
1557 2176
698 1475
2188 477
990 274
201 1074
2189 1730
1253 1221
1491 1299
1347 1278
150 1133
1933 483
1009 591
1760 815
866 1819
443 1142
780 1893
308 789
987 436
567 1380
133 1810
184 236
674 1218
1300 214
1308 208
1652 1328
1084 1327
130 988
1011 477
1010 1576
647 398
631 739
1852 2184
625 2180
768 560
1599 1778
1061 2030
2117 1881
1630 1589
393 2142
751 1792
1096 592
674 842
1353 2133
933 732
754 695
1234 55
596 1352
1119 1422
287 161
62 598
2192 576
521 1001
409 419
505 1384
326 1709
198 1345
1187 1607
842 2117
232 1783
1032 2068
1505 1676
712 2105
1590 1845
148 1953
889 1168
546 1134
1781 380
1496 906
1168 8
332 173
905 440
128 259
947 278
1825 123
460 1255
458 486
833 1333
865 439
1540 2132
448 1665
1677 1077
71 977
1337 90
291 664
1915 54
401 549
726 2066
1004 501
72 2115
839 554
1713 1128
462 2114
1766 1101
1828 2137
688 1909
771 631
887 453
2186 2075
332 1617
159 1228
153 2021
2065 1342
2079 1561
660 693
1481 262
777 816
602 1941
2160 2189
1049 692
1768 507
1963 2171
1623 546
1133 918
549 663
881 1216
1860 2148
897 2087
1699 680
792 1258
695 349
303 1267
998 1161
1069 597
570 298
1088 738
393 1666
2147 1611
668 338
35 2208
1114 1362
63 1167
2188 749
352 1320
656 1615
1623 1664
1238 554
495 77
2188 2018
1666 715
2211 272
102 48
1564 1737
852 334
1291 2000
1558 535
1723 560
1891 396
1843 391
1403 828
316 558
648 290
1620 322
560 1306
1869 76
1568 1363
819 1042
904 2105
734 951
935 106
174 1608
248 1391
861 29
77 1830
1010 2197
455 872
791 816
802 2045
312 1825
890 1546
13 1608
694 179
586 362
868 1397
1473 1424
100 745
1727 1588
891 1322
1461 985
574 0
25 2046
792 1630
1059 94
1051 1148
410 1052
131 1969
1924 408
142 155
606 519
901 2049
990 290
2163 640
53 1882
765 566
650 679
553 952
2189 702
1148 377
801 846
1643 2004
2105 1263
346 792
483 1641
1 1790
2036 1710
1290 580
1135 1824
953 1912
2014 1831
2187 54
2074 1396
524 1349
784 2132
2155 1470
429 1606
942 1974
966 2036
1241 2154
1403 1127
1245 331
2105 1061
1913 889
924 1075
2124 819
709 1324
1978 1669
1894 1783
1135 574
1761 599
1667 1613
97 1762
1250 815
1744 1771
2153 334
558 1464
1475 562
4 1405
1405 1649
146 1215
1979 200
125 459
702 1284
1606 216
103 1126
1048 983
1729 1211
1049 1979
481 1580
1225 989
1392 707
1667 2143
138 1265
875 1879
1124 2026
1737 870
1411 1839
839 1424
142 1425
867 1957
49 1886
1623 1208
193 489
553 2109
1177 544
1003 790
543 634
1123 1210
1793 892
1022 1194
316 145
1688 1199
42 1932
1210 1076
1029 1639
1044 229
1026 991
340 596
2042 1344
366 1840
1327 397
368 342
1946 849
695 2135
1579 1711
1166 1670
1006 715
1094 2059
2178 594
220 2032
2013 771
2195 1596
1849 910
646 2017
2176 667
2197 683
953 825
1293 309
2137 1200
1775 2
337 476
1883 177
1482 18
498 1472
167 434
254 317
2 1992
338 201
330 296
1911 1912
690 1259
2165 892
1014 1225
1278 1185
2094 52
1681 602
621 618
1788 2122
444 2110
825 1554
2068 1693
1877 1727
1177 150
2083 312
147 179
442 1855
2141 2067
942 934
1127 1980
1790 826
115 267
1539 1881
1938 1896
1773 765
2117 1960
1029 1102
1065 1562
1511 47
987 20
216 943
1874 405
1713 1748
1543 1830
19 1987
952 1769
232 2009
2067 2055
1158 682
849 2005
234 1622
1552 936
670 1922
1663 1677
1201 1875
985 1069
1414 467
1735 893
613 1201
520 1834
122 848
217 1610
922 942
1033 884
976 588
392 2061
1990 1288
99 628
1282 714
1072 1406
1804 1148
111 326
879 1337
1667 509
797 56
1324 613
2189 1064
1784 862
439 1527
1462 1978
2038 161
1156 167
1806 1314
1572 399
1953 1337
791 284
1106 947
2051 1801
1818 566
192 1686
807 1868
267 1855
444 1797
1100 526
1697 591
1077 344
1293 1079
124 278
949 357
1063 290
962 402
702 1184
728 638
701 1834
1896 1223
1226 712
2174 2145
591 2070
1078 217
897 1714
1710 1780
436 1248
1087 240
600 505
297 134
1955 1288
1521 2164
1074 2039
250 1846
957 1799
890 392
1202 2066
1682 1739
1481 2188
57 681
1704 1179
1632 404
1323 1795
1435 615
736 928
1930 131
1339 1593
906 1000
1253 1126
2198 775
1793 1434
1853 954
972 1938
1150 2187
1822 726
671 1559
171 2140
1774 2136
778 2208
1694 379
1871 1141
2110 423
702 1309
1348 2181
1933 46
2054 607
1117 2086
2086 232
1031 992
884 1148
795 318
68 260
973 200
86 309
121 996
1766 1785
2002 1776
2195 1366
729 1775
516 1424
520 2094
311 767
1762 177
2032 1080
33 1416
662 1913
1574 1281
237 1416
543 611
730 2210
1368 1144
595 583
7 411
1503 1302
1108 1766
794 1114
901 1333
2028 1752
17 195
1436 526
785 1386
1391 834
1004 496
810 1480
1711 1031
351 278
1243 1365
2158 1587
577 763
793 413
807 2062
1237 1433
435 99
1404 823
1047 1454
1391 668
1501 1217
776 1082
1721 1787
1429 1310
1465 254
1549 1191
867 848
156 214
1077 1086
204 1815
657 2088
1736 314
1962 1012
262 328
1411 1207
714 636
613 205
1990 2054
1674 608
2083 814
1182 1832
1263 29
717 1852
1391 328
2136 1778
1440 1954
9 1021
1561 141
161 1668
1929 1173
592 1272
951 967
2176 100
2155 1830
823 281
774 179
2114 1268
1036 1474
415 1795
1942 1614
1187 1269
1732 1119
318 2193
242 1912
1519 255
423 989
1363 2211
772 1688
292 1034
380 977
1664 1393
2105 846
146 2020
2094 816
958 1437
1261 571
769 690
620 1371
1541 763
1345 1755
736 815
1893 2093
135 1674
1099 1736
1416 60
947 1882
2006 1507
788 1854
72 930
191 699
294 1690
1694 492
107 2142
1778 595
1937 43
1742 600
735 1191
1965 254
342 1895
331 1006
1847 486
346 2076
1554 1175
2090 537
176 145
940 15
504 1902
535 1272
67 1941
2042 1940
695 510
1364 244
613 1031
630 488
92 843
569 141
110 753
1259 1446
536 1330
154 20
99 854
836 1763
1461 64
281 365
1754 350
630 122
954 1083
1925 2124
840 1276
1358 149
289 1329
1708 1598
475 318
956 1478
1293 53
1378 331
1985 368
201 539
1227 92
1871 789
1139 1960
2028 336
1702 2021
21 754
247 177
2014 1038
1213 869
2028 1355
1192 965
1255 6
613 685
2166 425
672 2079
228 654
482 1322
1037 2075
507 1571
2086 1814
1434 567
511 1903
1279 1525
2120 788
431 1822
1451 1383
1891 2019
106 1477
37 1015
63 1526
64 886
824 2154
1248 1662
47 115
707 1716
302 2152
123 86
522 802
2115 1020
1477 1337
1029 984
1802 2171
556 755
405 62
158 1141
706 1073
1204 2174
683 971
871 1359
2144 1838
1453 1773
1387 1353
1095 1909
2036 2179
1430 906
178 1390
550 881
171 1599
2062 2101
720 284
1944 263
1795 2205
829 1212
686 108
1142 510
766 632
1646 444
227 511
730 265
2077 1359
2164 551
2163 1553
661 42
988 94
1500 1385
2109 625
1403 2119
1438 1671
36 2091
454 494
1569 434
553 1505
1286 1726
1980 807
710 907
1718 2142
1606 1721
1738 1501
146 933
223 1477
1941 1095
131 1218
956 240
1729 968
1094 2100
2138 1715
843 472
402 1543
1015 112
148 1565
1479 52
2025 960
140 1245
193 801
940 1289
173 1645
605 2067
1818 2165
201 368
80 90
1681 2102
627 1602
1732 132
2170 642
349 1503
2159 1834
425 820
5 1619
1595 1221
171 1061
1396 22
486 1587
645 190
545 2169
701 41
2100 643
874 1729
1854 822
329 1022
960 1949
296 173
1501 2183
1289 441
1381 755
282 53
881 227
1990 1558
705 193
333 1735
1578 725
625 682
868 409
1290 864
1402 1867
351 767
348 1672
1133 1694
1877 557
1971 1676
446 311
857 1366
1553 1259
1098 1608
623 869
1701 396
444 1532
544 163
661 1503
1810 573
552 334
127 1357
1744 495
1802 184
2182 226
96 362
1738 81
1649 1645
604 935
786 1300
862 419
1626 1457
310 769
399 1883
945 640
1452 1267
1164 1002
432 836
2077 1241
1235 663
602 381
1332 1795
545 686
1082 1475
895 1353
305 1429
1325 1319
1353 1432
1736 575
366 2206
230 1669
1962 497
1560 637
49 1892
1484 1181
1690 2040
104 1604
1265 1182
1724 608
1977 373
556 1296
501 1609
1679 318
1664 22
1298 246
1079 452
1740 1659
1278 800
2113 738
1026 1986
87 327
1913 1817
849 1505
410 1339
1929 1673
808 1334
1749 700
1590 2110
1936 1316
255 908
1792 1344
813 1920
1768 365
748 2156
1312 233
62 1210
842 1467
841 2054
1183 2173
297 1882
164 1372
1378 183
204 1859
1663 1669
103 871
707 239
1364 1273
1360 2155
829 763
311 353
684 1890
730 1713
87 2103
1274 1072
622 1743
112 501
76 704
97 1547
1209 970
757 497
991 1138
648 1436
1504 742
1288 399
292 2210
1540 1795
688 959
962 542
2013 556
2160 1906
2188 1056
638 878
2178 708
1205 1605
1362 1237
23 394
40 1303
759 1935
1587 265
113 368
233 590
1836 1408
994 265
1854 425
403 1891
872 1850
727 944
568 1247
212 1163
1868 1703
407 1124
624 102
29 439
1673 1691
923 363
2017 2098
786 942
1686 889
55 672
318 2179
706 674
86 1267
1482 159
226 1794
1581 1985
1462 742
780 2121
1096 476
1692 1527
117 865
1098 212
339 1452
1330 563
1199 612
1300 190
2026 2117
1761 311
142 1851
151 299
575 1868
2064 1931
2074 1012
1056 366
682 2107
1540 1743
691 1032
283 1646
513 125
855 1614
1670 201
1400 1690
94 579
1119 114
1676 1151
550 884
834 961
818 2011
1045 482
1091 707
2020 199
1239 2038
1805 529
1588 1886
1971 23
1661 1727
1104 844
934 1707
101 1943
814 353
327 1164
965 1713
1070 1140
1719 964
275 1206
1167 403
227 1364
911 2168
1923 225
2094 1904
1292 1013
1448 1751
1376 1798
1217 1768
283 422
2179 1969
443 1525
815 161
1377 1644
1758 434
1287 200
1009 623
218 719
1797 191
1678 253
1033 1320
983 2172
1495 639
2044 1
7 119
505 1933
202 13
274 973
1208 2083
1093 563
1017 1019
651 885
940 1989
19 2018
2006 799
1327 1304
2019 1552
585 387
1136 1267
1111 2203
170 829
1191 1329
78 1229
1255 1289
2210 496
214 2047
244 1450
234 339
590 1358
2076 1096
1927 1351
1651 70
1505 1355
1374 1873
1467 965
1478 1572
949 692
247 650
794 1213
1997 1897
2170 1046
888 2152
1742 852
2083 1127
1145 2072
1853 358
1635 5
930 829
732 985
1604 2013
237 1020
945 2146
1506 539
728 622
669 1133
1620 1416
1413 675
7 1493
1932 509
644 1197
1809 120
1129 1160
749 521
1248 1476
1889 203
727 1622
1974 1976
368 725
941 1943
1807 1756
2142 1361
1138 230
1604 1134
1154 249
1223 1023
108 1851
194 612
447 2156
788 204
1806 136
995 1764
1132 2203
132 1948
404 927
843 1572
603 1789
472 507
53 2214
476 207
543 499
2194 889
742 419
683 1351
1965 657
1089 828
1822 515
1495 623
7 1730
1089 1135
128 1220
1723 540
332 1383
734 504
2168 300
21 1572
841 310
1900 635
1517 1006
1555 1618
320 1011
136 2020
630 1707
1903 2047
1291 972
1919 1631
1385 1003
2150 378
1695 859
1471 658
157 694
2112 498
388 1081
2155 1200
1064 973
185 559
937 1472
1438 1199
804 230
364 1455
1772 1191
1369 810
1545 444
1207 1390
1694 1517
2202 1495
839 436
1845 1963
1942 482
171 897
1383 1910
876 92
2002 878
503 140
994 1850
1005 1865
2056 1564
2090 1666
1860 2162
850 45
776 675
2009 1583
8 506
1148 2100
241 1477
673 857
1555 1621
1147 2012
125 879
1555 1636
572 1529
973 1468
657 312
787 1288
23 230
1321 1632
1312 1536
249 1835
616 689
372 1514
252 753
839 488
636 54
702 1076
1367 1866
1414 171
2023 1622
945 1592
1954 1881
13 2106
1590 1283
872 1697
929 406
2078 354
518 1611
827 1766
669 1095
1576 648
1230 1692
609 765
388 1839
1984 1115
152 501
1949 1229
874 1736
38 1578
1736 1916
1198 2170
595 717
1332 204
190 692
157 1645
479 1498
2187 1541
1411 1263
1794 1079
352 1791
1988 1513
1179 698
1455 1137
1267 119
248 1798
1354 0
1704 1607
742 295
453 1587
2188 458
1229 245
446 744
1814 1641
1324 1740
989 988
1699 1462
1928 375
1924 1083
709 1307
1298 229
1494 1018
750 2033
1717 1917
645 855
1827 2012
1585 1566
5 914
387 148
1803 1535
1619 591
732 2065
945 1119
1177 220
634 373
556 1174
333 1000
1318 587
1494 1116
770 2174
149 727
469 1590
275 412
370 602
2041 9
1697 645
1483 1209
1817 291
32 571
873 976
1874 1587
1949 312
2028 1868
625 246
2074 563
2030 37
1071 743
2063 1491
189 859
758 1474
2112 1868
2066 36
1667 565
949 1260
2170 307
500 715
1953 1998
1407 1914
1663 145
199 1974
706 1463
102 1781
567 1307
1836 2186
1998 1942
650 2125
1577 959
1294 2190
1502 1119
199 543
6 164
730 557
602 413
1088 1222
5 1276
1652 894
1868 1430
1785 1674
885 1176
1711 1181
1428 1031
1174 1163
2183 634
429 265
1551 890
1181 1864
191 1945
713 2101
1263 81
1762 1531
1867 1586
1425 672
702 966
636 1812
1469 1178
892 547
1758 1208
1764 790
726 92
1665 219
1152 1632
1241 900
1695 1541
1468 1815
2156 703
581 1503
882 2202
107 613
146 1447
745 1393
2120 334
1043 1862
1125 853
984 16
805 1028
2008 179
90 1546
1907 1671
738 1545
402 271
191 1845
924 1888
1108 572
553 1422
816 1231
1283 545
1856 23
2006 2185
1240 602
97 2075
1487 10
705 500
1232 1706
2194 382
893 1384
1362 1622
1420 658
1044 596
529 1568
1737 1401
1465 2114
896 1242
1765 725
1344 1853
381 2048
1797 1995
2076 1549
2203 1035
77 1791
2053 1013
34 321
465 188
375 23
1849 1297
1849 1102
1138 1190
725 554
2015 254
2181 736
1759 1138
1751 2167
1261 1146
1719 448
1005 1637
1338 1047
1598 1166
1338 309
802 1106
2129 1792
184 1420
1 2159
2168 240
36 891
754 41
1259 53
267 1242
288 908
1303 262
289 1101
1809 1979
339 1947
1472 1167
1993 1588
858 420
1500 1570
517 640
186 1549
361 1820
1904 1320
294 1571
322 1091
1820 1066
613 175
2026 2028
118 1873
340 262
1236 893
1105 1172
1057 510
1480 1906
2012 263
1653 282
1625 1481
1669 1684
334 85
83 431
1849 403
224 1808
1191 26
466 1035
2191 2090
2113 1707
1784 979
1706 2128
377 1101
969 582
1980 314
1155 135
633 1780
1640 1424
998 530
403 2187
959 1507
1732 1208
1838 1047
1697 1538
729 300
1771 1438
2054 1581
2092 2041
637 2200
250 782
646 339
1680 1252
1248 610
1527 1972
333 798
1381 942
1623 1400
983 20
1430 1330
991 144
1874 256
198 523
1210 473
1087 953
1588 1126
1640 2063
1569 1955
943 780
960 145
1979 2197
1860 1553
411 1416
2172 61
284 2051
2199 53
1848 1000
150 174
298 638
1839 780
1215 387
1801 1016
2043 895
56 2135
2175 1351
1797 1018
1443 2175
2097 104
47 1461
1086 881
2176 123
1888 413
1398 329
1322 1299
139 1196
1194 1175
1524 1121
1887 2036
1436 1834
1848 2038
375 1658
1071 1610
1990 1962
1196 740
1325 967
845 722
90 241
1911 1402
1875 1245
761 1315
650 1367
2143 643
1023 1131
1970 1168
1579 1222
691 389
240 924
223 2145
315 1855
3 2085
1098 1719
1153 1648
994 75
928 2049
863 2137
2008 2075
333 1434
843 50
245 1445
785 1886
2071 1404
1534 1448
2034 1888
921 1163
1674 284
113 797
556 1326
680 823
87 1549
914 756
81 1870
1909 150
1563 971
2048 568
357 2118
913 1155
232 1291
523 1189
681 1205
2028 982
986 1076
289 2060
861 839
312 707
67 1400
860 1520
1176 1256
1443 152
53 381
571 900
2089 462
843 382
1229 1740
680 1952
120 1094
1525 1556
1092 2168
42 1422
1734 1706
1438 635
1065 1862
655 1267
987 824
1010 1571
1250 1185
829 1167
1773 1723
512 194
1128 171
977 1395
518 692
521 1639
706 2208
830 2188
1674 1731
1532 1435
2043 1013
2060 1111
228 81
1317 1650
2050 476
1948 875
249 1569
674 2031
354 1894
1352 60
597 1426
594 696
1331 1158
1396 589
1785 1657
779 1731
147 2207
1988 2059
1135 154
1739 1964
850 1575
1903 2167
1467 275
744 453
2166 114
19 214
183 2084
890 809
1825 1165
564 1957
1059 714
245 134
1037 2028
1306 1502
192 1479
1379 1625
911 1045
998 1236
1462 839
386 248
1206 1153
1569 1783
635 1791
1745 147
1520 1340
1711 785
1889 1086
881 289
1062 1186
1640 614
1333 1219
1117 1645
1706 449
215 1167
708 1349
783 51
1390 279
1274 1824
89 899
1887 1833
157 918
1076 209
123 2111
890 679
1188 111
1146 369
525 1150
1702 2121
1866 2152
1219 1574
1681 192
1625 1479
2013 1418
340 387
634 337
1929 1058
136 899
1086 1542
1821 2050
1552 66
675 86
307 521
335 288
1049 293
1455 1402
567 1382
1316 1707
556 1865
840 645
1615 1263
1969 2197
1977 444
800 590
470 1756
304 469
1639 1607
803 1404
1722 649
1322 560
702 1266
1354 458
624 1126
1789 760
804 228
1647 275
839 105
819 809
84 355
1146 403
809 205
399 673
223 1863
1316 540
1349 2125
1230 2134
1383 1297
2184 459
1209 804
515 2143
218 1254
2061 1085
1908 181
1408 1784
942 704
420 162
183 1031
1797 521
866 46
1398 552
1755 1262
2109 2142
394 257
1042 1675
761 1086
1249 529
1904 1855
1119 153
874 689
1638 2179
9 971
1572 2173
1718 1405
67 2092
915 525
2100 1486
562 1764
314 1568
1925 1340
294 1768
461 86
663 597
1331 1590
1496 444
2013 1789
533 1666
1016 1438
1447 1326
1675 1905
1853 855
1812 139
984 1981
1049 1147
570 88
1564 804
406 983
1931 1792
2129 914
227 1346
1506 867
2012 1417
1479 1622
2147 929
566 254
1387 2020
371 788
1621 655
1441 2016
1947 533
2041 2110
503 1872
1159 1809
1304 2198
151 1331
1668 1408
1199 466
2204 1114
2 317
1178 242
2194 679
1625 1569
1062 1916
140 647
1397 912
1135 1538
640 871
1020 2155
540 1955
370 888
1996 857
1445 925
961 1005
979 1616
907 1155
1527 1999
1968 1467
675 1435
603 832
826 585
879 869
462 545
977 1624
771 1514
1921 319
1632 1714
1240 1512
1889 1594
1330 409
866 1534
685 1325
322 2162
921 1741
1614 155
1148 1396
809 2059
319 1112
1574 874
584 1278
323 590
1139 888
1755 1462
1924 1393
1648 7
995 1528
51 1837
1173 886
806 2119
2170 243
1688 127
2067 1045
1946 1154
1028 1937
1621 907
728 400
788 2175
547 820
1214 983
2144 1546
414 1527
973 1230
2123 2194
1231 1620
1084 1472
1943 1274
2106 1440
345 1725
2136 2149
2103 1094
1432 45
79 1461
160 564
614 682
1371 465
279 1633
1451 986
1285 2003
1559 1486
623 596
394 1435
750 2212
2015 958
2144 1443
649 1322
120 451
1168 412
1760 439
1358 479
99 1422
153 1974
128 1290
245 480
1329 2032
2154 783
610 1501
1695 1106
1859 610
1451 569
1801 1704
1159 1581
2011 49
79 453
1707 2097
561 1763
766 73
2056 724
2027 1587
1706 853
1645 1455
1544 1860
1149 46
1534 1962
773 193
1618 1457
497 871
1303 375
375 132
2198 989
1729 334
745 232
842 1955
747 1143
152 1081
2096 408
945 20
1939 1926
178 621
352 1522
2207 735
7 590
2143 966
1991 667
1032 732
1734 776
1561 112
1856 728
1029 1600
129 2189
1132 693
932 2113
913 54
704 2182
2001 1994
731 1519
380 159
1626 74
2117 715
1288 1256
865 2021
2093 233
117 1318
685 1264
1978 427
721 1384
772 1905
517 280
1850 16
340 346
1933 1788
734 1754
2119 1430
2164 1670
2013 709
1701 1842
1601 1065
143 2135
1843 1566
2117 65
997 707
1370 1069
74 1676
8 613
1831 1604
704 940
1856 359
569 1867
533 388
438 1743
247 165
1677 1710
1431 708
9 1222
64 999
1818 840
943 82
1693 1364
1555 2008
790 242
2092 485
1802 1644
471 1924
1981 66
32 1475
2177 813
1634 782
1589 2018
1033 196
1083 567
1252 1754
28 874
119 375
935 166
2161 1065
1293 654
828 1876
476 1472
914 370
978 937
2068 2167
851 1825
1754 1120
1048 436
371 1951
894 1679
2200 295
662 766
2008 1342
1093 1534
436 2013
622 1685
2136 578
1971 1473
1839 204
2013 552
1604 1040
1491 2179
1313 2075
73 707
1064 712
1573 1266
1311 1079
393 838
65 127
621 1667
58 610
1113 1646
974 1320
1230 1046
1304 2052
1046 1239
1830 1160
1438 2212
1124 1375
1751 36
1504 1672
1034 1068
1042 931
1350 16
2184 2177
1038 789
1024 649
1571 287
557 1149
1885 1569
544 59
1078 1536
1617 360
229 1564
373 220
224 1827
8 2172
468 836
1368 2151
1941 1492
1075 467
1865 1338
2183 1276
1193 193
955 413
323 1857
1236 2017
279 502
1619 743
205 1183
1486 983
26 1863
468 1443
227 1284
298 160
417 1446
1127 689
1642 281
372 718
1406 89
362 1758
1809 1716
1800 1696
1419 1346
1887 1370
1405 1911
319 2077
120 1649
1176 1676
601 995
583 860
795 1627
4 66
898 1109
529 1164
1108 1831
36 959
332 640
1509 271
395 216
1370 732
1415 1519
1161 191
2093 732
1206 1926
553 1099
1946 2020
828 1333
1824 885
10 696
859 835
1198 1176
779 387
299 169
792 515
1964 872
678 1805
1158 980
1467 869
1701 417
230 1824
759 1832
164 182
804 1864
2194 1891
1471 1262
295 1791
254 481
409 522
1227 928
2187 30
1644 1065
353 880
994 176
1022 561
552 1245
503 1656
1983 1689
114 265
1650 745
484 1927
102 237
1362 1670
850 1745
1331 2186
1352 1760
2023 454
2155 183
1291 1970
3 896
1154 733
271 1891
1402 1073
1805 1307
363 279
1559 2078
18 1639
2130 1375
1051 1052
842 323
830 121
442 595
1477 1132
198 965
2058 558
1353 1331
1148 323
1629 274
1365 2093
1508 1350
2021 1362
157 972
1161 1962
351 671
1615 1465
2080 1826
1294 1968
1383 1577
1622 583
556 853
345 48
958 0
1910 1707
264 1708
1437 1951
1539 1647
2209 1373
1115 294
1867 1907
1747 420
1588 1731
355 1399
439 479
2007 1230
999 682
1662 112
1199 1161
1076 1109
1215 539
1660 2074
1617 610
1834 2010
658 1228
1027 1455
857 719
1034 798
771 117
1915 1724
1463 2122
1970 1396
1413 1136
2169 455
2011 806
701 4
524 1371
1076 958
156 259
1166 537
1739 1881
70 301
1050 1017
1534 1800
1026 2163
32 159
575 1779
2210 1407
1049 952
37 600
146 665
1513 15
318 414
1511 84
1137 1159
14 888
2021 321
482 1285
567 2201
505 203
1096 444
1742 2003
991 1123
1303 1276
1848 2166
305 352
1502 152
656 942
662 74
331 1846
999 745
396 599
185 1037
1767 651
1373 1917
843 754
1879 1195
363 401
1248 1223
46 286
1592 74
476 131
385 1959
1827 1000
961 491
1660 762
1187 1038
812 515
1276 1675
2132 527
1537 143
1860 1840
2124 1298
2065 1333
901 1304
1670 1831
622 1788
78 661
774 1433
1693 933
2140 458
963 1331
2030 1692
472 121
220 135
985 1247
617 84
1792 317
2155 472
959 1065
1789 925
1131 1637
1111 1433
1685 160
1212 22
1576 608
1824 23
1807 2166
330 26
1201 1651
1280 1246
271 925
1901 290
11 1794
1254 1101
1859 1397
2123 363
748 1358
140 1070
238 62
277 1682
1261 1009
854 1835
696 928
1967 1910
1495 2038
2131 86
273 917
1417 1831
196 1408
474 548
342 1290
1258 1998
1395 1211
540 501
1427 743
1553 109
1506 731
191 723
88 2029
565 1447
115 1947
50 570
664 98
147 1612
1675 1097
509 1191
2078 687
1983 798
251 886
520 1438
190 1333
2137 68
1371 808
2067 1311
2165 1381
650 1717
297 377
1562 1475
1678 1962
1757 1447
2000 474
1206 1089
600 38
817 163
1324 319
134 236
1947 225
42 158
13 776
1983 1015
1236 2021
1539 114
1507 974
2192 1759
689 1306
244 2036
103 2115
58 906
2094 1552
1413 591
630 1448
1564 1342
121 239
486 1890
1669 1096
1780 1216
1597 1630
197 351
2200 1379
205 1729
1100 864
1112 1812
1833 1443
1664 143
1850 1797
1216 92
212 749
1411 179
1238 1777
1210 34
2158 6
392 791
753 1440
259 1588
1111 1315
588 212
151 1852
612 1242
76 1303
1558 1284
1435 691
1299 11
555 1585
1417 1711
376 2028
569 1349
2130 1029
1859 394
682 2159
1482 968
1584 1514
1506 1489
1868 1436
807 174
1230 1524
1342 1624
992 1500
1339 802
702 1584
1005 315
1599 1721
295 103
157 449
478 381
1408 129
331 1298
1056 818
858 1607
1472 1340
2080 1746
2036 1931
1494 1306
888 356
1891 2206
462 1234
1516 412
1374 1648
955 2132
1240 1971
1366 280
347 1136
1952 1024
1064 1385
998 127
1588 533
226 1388
1777 1209
1609 1028
1195 1962
2011 113
972 655
1371 775
1156 1016
1030 148
96 1214
1718 35
1227 727
129 1990
940 725
312 1497
1890 1306
1286 1343
849 743
200 1626
1184 905
1267 1078
447 526
864 1612
1407 377
239 648
1986 344
47 233
1339 269
1281 1562
1675 2186
1650 1247
1157 1301
1005 526
1558 1197
793 1151
1351 1255
1560 70
1069 673
428 307
1491 812
365 239
489 1632
1710 1402
1219 1149
638 1845
2052 2027
847 1646
111 406
927 846
999 1046
927 88
2200 1932
511 2058
806 1239
1053 1329
1683 1369
1283 52
637 551
200 933
1004 799
829 1966
1592 1404
2053 2095
763 661
1202 1422
379 35
1597 621
1105 1025
190 642
1872 2156
862 955
1447 2181
2072 2207
1556 988
2024 276
1712 2013
1018 592
322 821
2118 1562
2063 1890
359 568
1702 1098
1941 170
528 1779
1568 32
612 684
281 130
1586 1260
457 346
605 675
319 276
2147 437
730 1549
1365 386
1995 1548
1332 1468
1992 903
70 1901
1917 1793
1313 2191
1929 948
1438 161
1078 1405
1292 2053
1810 753
104 469
2099 1766
809 242
764 2150
1515 1426
570 1644
1698 466
1443 360
1610 586
1511 1718
45 640
402 1990
1262 2141
1132 799
1672 914
414 1830
2013 1693
96 1160
246 1990
1561 1672
1216 391
1883 552
2200 175
1388 1552
920 712
1275 863
2149 197
1061 1936
1401 1534
222 2052
2212 1524
601 1637
734 644
1240 760
35 1331
1345 1481
1854 1335
1308 199
1528 2034
770 431
700 1329
1379 1581
387 644
1192 1952
159 824
1574 1613
2063 693
1465 1657
1315 2113
1495 2018
502 1629
1848 2167
1546 2023
1527 978
243 2012
457 1661
636 668
452 534
1407 1397
1813 98
2100 435
287 788
493 1980
787 733
919 868
2139 1861
1935 607
1932 1459
1883 862
572 1308
1630 1476
1379 1550
268 1794
986 39
1829 600
2031 221
1321 1889
1170 124
1057 1662
75 902
96 1545
1279 144
740 1798
1314 464
1092 684
142 1757
1602 497
1424 640
1844 2161
1686 2092
1804 1947
1695 2109
1778 1836
1387 502
369 670
469 2177
881 563
905 719
1479 96
1415 1766
1390 533
790 41
930 1318
1818 963
142 683
1945 863
715 619
1606 761
2205 635
1045 623
2132 1687
2210 1582
1209 1897
1420 1374
1730 564
411 874
1684 2151
572 1934
669 2184
2171 787
63 1644
1098 600
1335 685
335 1041
1210 2111
294 176
1648 2058
1704 1124
1881 730
1443 1109
586 1549
830 909
1944 41
2141 1312
2128 2040
910 1336
861 186
577 1011
583 1725
631 1568
330 605
460 693
1863 501
1954 48
124 425
1548 675
24 1504
982 1493
2002 1440
1358 921
2184 1751
655 604
488 1783
127 588
1703 541
515 216
1505 367
1870 2175
1920 313
1678 1335
650 2018
1939 1707
1399 1254
1148 1703
1043 2177
651 105
86 1070
526 692
466 573
2136 206
2211 1021
168 1358
1197 1866
38 546
1122 1022
165 1414
1339 1634
39 1587
1921 493
201 1923
1453 1359
575 1856
393 1703
864 1270
643 1864
1242 997
1503 1166
1922 188
1364 813
2161 645
1378 1752
2028 731
854 261
1829 1112
1600 1503
844 1704
389 812
2047 1555
1302 932
881 1516
2175 1480
2054 2154
1113 2066
589 1261
1605 255
1110 1806
420 1025
299 2026
1045 3
597 865
2090 1013
1253 559
1768 511
1648 969
2146 167
1319 1626
1215 148
1459 977
596 1054
641 14
1032 2129
1668 1961
1950 773
1684 567
1886 1092
432 1776
778 1753
1970 1386
2164 2007
635 236
140 641
522 117
1839 1878
1861 79
265 850
1863 1089
2117 2177
1868 1624
1084 1677
1645 1910
1242 145
2133 1213
529 762
549 992
61 814
1487 1966
587 1160
1781 881
1547 1166
1849 178
1954 1024
403 1851
208 1278
766 556
1201 1029
1428 2120
2129 961
573 278
796 1714
994 667
686 1486
1183 873
264 1688
927 1115
1578 2192
869 448
93 263
1823 62
987 106
2168 593
93 1521
1168 434
1508 1986
266 1513
1932 2115
1352 1379
1255 938
59 715
1152 1782
1688 638
1445 198
1980 1357
1975 867
1531 1550
648 2159
1779 576
401 953
1611 1562
1198 327
1190 1715
2066 2173
853 778
390 1730
1324 930
620 1731
752 2100
1093 710
1657 1983
1420 1924
853 1775
520 1734
717 1936
1630 1429
834 431
1144 683
2156 561
95 657
795 1283
1835 1962
52 1312
639 1219
204 1305
1402 256
1961 1239
1210 1146
1277 588
304 886
1816 769
175 1457
1038 10
2007 232
207 1626
4 382
1548 1149
1743 2144
2012 975
371 1111
797 254
792 1427
1471 2173
27 2113
849 1540
687 1419
823 331
1252 1615
1820 1251
1935 1714
610 173
826 1369
1311 1548
194 358
108 1207
948 44
271 743
2045 605
1238 159
2007 2038
1792 397
1844 1749
1135 1393
442 2121
663 1059
1599 473
6 366
957 2203
390 215
2088 2004
2194 1926
204 188
313 1712
678 2006
304 1647
1237 1619
1104 1024
527 2030
127 185
902 906
1048 1840
1555 1788
182 2136
762 420
1355 2136
101 1440
1132 2072
2209 2204
1177 391
117 1814
666 479
775 886
884 1253
497 144
2081 1908
2054 602
744 223
1008 31
251 246
597 288
167 1479
2124 2110
1890 1693
1624 905
1327 501
463 243
1171 1170
656 1804
1395 299
1357 24
1011 151
1735 1000
458 1459
719 1338
1482 625
181 1942
662 1436
1102 281
715 1658
1386 1415
162 11
1271 1686
1931 1830
1687 884
553 1576
1033 289
764 681
1079 458
1796 738
406 1570
1049 1869
742 1133
137 2117
489 1020
118 512
2126 1481
300 1937
1308 1647
732 488
2062 170
863 204
1327 1379
77 2043
1671 2040
416 160
205 522
654 901
1736 102
2078 166
1087 1607
1135 105
1261 1926
535 13
1697 1289
866 909
1859 455
852 305
1988 1123
683 47
1769 921
1319 1675
1610 1864
942 1550
1902 1024
644 569
1976 1080
1253 459
2097 1462
1768 194
1071 1433
1241 1178
424 1194
523 813
705 521
1074 1717
1525 884
1286 562
1749 1865
1596 84
1734 1143
159 2072
11 0
1367 420
1756 1350
1795 546
317 331
1856 2014
1934 1595
729 1073
195 290
127 2069
23 811
1670 996
1525 445
608 722
189 1847
558 696
1822 290
916 1222
1424 1821
1532 974
843 520
1650 327
1114 2038
228 1608
1791 935
1453 371
909 2021
1875 1881
934 1230
487 1971
1314 283
1182 22
757 1924
1731 657
1291 1957
1804 497
14 1754
297 1191
1923 494
393 1097
658 1678
548 1921
432 1507
1454 926
1516 986
2165 1720
719 1249
287 103
1426 95
991 388
1739 33
127 1832
522 2078
1599 829
253 694
2020 1568
2156 1506
36 1737
284 0
1312 453
695 105
43 1591
707 243
97 2066
1678 1231
1732 652
1313 2118
438 1479
1238 2196
130 1307
434 406
700 776
163 1848
1860 1737
87 1021
1481 1541
1726 944
147 1779
1781 93
1553 2154
1446 731
1253 1572
610 358
1671 245
1828 1984
1200 1015
318 1056
1869 172
12 520
755 1479
960 260
1030 2172
1556 2028
993 880
1177 156
195 1229
698 844
14 2077
1695 1421
1830 1635
168 1766
1972 435
1520 1559
9 1186
1589 478
460 1041
832 773
1305 1651
1803 548
1878 2034
570 2003
1384 611
472 2092
906 44
2161 478
388 92
1527 1352
234 1595
256 1309
928 1877
2065 1914
682 2202
733 1782
1662 1381
1683 198
1338 2050
571 959
1120 270
779 2037
439 165
512 444
441 139
10 305
1661 1247
76 536
1696 567
34 454
603 1805
2016 830
1398 30
622 805
780 1061
1020 2032
1212 924
256 1019
2038 304
1519 1640
1295 758
1977 1426
1850 1997
1406 512
197 849
501 2024
1034 1235
51 1334
1001 440
497 1371
1841 1805
1781 2081
2207 1145
900 1724
236 1901
1466 1288
2186 336
1679 1895
1560 91
156 519
763 64
764 420
1666 1067
1034 1892
768 1355
410 1002
787 1092
987 738
1199 2063
1973 1172
1949 155
747 1288
1830 1051
1498 536
1897 2029
1417 71
1817 1364
341 598
1176 277
896 415
1256 526
448 1190
795 598
440 1795
2163 2149
1651 1986
1129 737
295 926
1227 1688
1828 1591
1094 650
927 499
1903 1817
480 2087
1027 2059
930 509
1909 2126
2097 2187
1848 1210
235 1166
1347 2008
1590 695
1050 770
1102 1848
175 1576
1364 630
1483 1791
322 1397
1686 682
1586 72
879 1082
599 83
1277 736
200 75
638 1920
96 1589
2163 1490
2075 55
1489 1083
642 319
215 1325
372 27
1390 1778
1523 1744
273 490
882 474
593 934
2166 1519
2107 1414
750 1391
1213 387
294 1909
833 197
531 2197
499 167
835 641
100 1381
1786 1364
2045 1689
1815 1316
1435 1067
793 609
1893 1222
1686 983
289 30
398 1072
1297 1547
1917 870
1691 233
1974 689
164 329
102 530
1786 1204
558 253
901 716
1031 2140
1492 814
1132 1487
1163 1566
1741 1569
24 403
1382 2195
1184 1876
927 170
1469 718
965 2140
1649 1148
1470 1492
1956 916
829 691
2113 1228
229 1435
331 1876
333 1821
1220 640
952 671
968 1253
343 1939
847 1770
1616 1887
1445 1457
502 577
1783 1643
1661 240
983 108
1004 755
2097 125
1142 209
2036 1783
2052 1385
1305 324
2154 989
343 868
309 286
79 1491
1084 150
528 917
1046 1205
1230 1465
1942 1670
79 1932
1712 359
1613 1937
1040 902
1226 1454
185 1340
1839 917
539 2140
602 668
1311 11
2210 2165
2015 672
261 599
1148 772
1727 956
1609 609
2186 1583
309 1778
2088 1228
1768 2077
305 499
790 31
1291 66
1785 1150
1119 775
1760 1410
1413 1964
1297 675
1907 1386
1747 1986
1725 2027
1230 989
1575 394
1348 1118
1667 686
339 497
2151 1184
617 1695
1501 1431
1288 1082
207 711
1229 224
1523 802
263 329
1216 622
1508 1367
931 985
1244 1509
1470 1083
447 472
1440 130
1043 2061
800 2080
1712 1265
299 959
1103 950
2174 1191
284 172
970 1217
1203 85
1330 439
488 1656
792 303
1870 913
176 2163
1921 382
1398 1867
675 1013
172 654
1337 964
2171 2026
917 51
612 72
1451 942
861 811
1352 1821
1623 451
187 38
1539 27
1798 263
494 934
948 608
1927 1493
80 480
1742 2051
937 2062
1111 936
407 748
892 925
101 1485
976 234
239 1218
1369 1509
482 750
39 162
1657 1847
562 1472
494 1234
1865 204
1308 642
2001 595
1031 243
1802 1819
339 1021
811 1849
1452 693
80 568
1119 210
51 958
1016 1801
616 1091
304 249
242 285
698 1190
1010 965
449 81
15 439
398 970
837 1120
1649 480
1305 1544
2118 803
1121 1942
1228 1167
1068 462
1391 214
850 336
1601 477
1799 39
1011 403
1281 2144
1392 207
