41 1297
342 586
2008 121
1387 100
42 1851
1836 1406
1720 279
867 861
1770 783
756 2031
1043 568
646 255
452 285
278 1707
1613 1376
616 955
1841 693
1341 340
1085 2193
114 314
41 1695
1559 521
898 1292
1371 762
1078 1804
1728 1483
2040 1747
760 1520
1344 150
354 405
1520 855
1393 448
2198 1024
1964 1766
1868 156
874 1662
1773 1562
1996 15
1455 822
1295 786
1510 374
454 1308
100 612
2017 629
1672 977
770 649
2204 1643
146 788
1409 14
978 801
185 1869
1676 609
1668 1927
1881 1069
327 716
1449 1186
150 2138
306 1622
1636 2009
496 2070
902 794
1803 1937
1951 1012
322 1287
287 143
760 592
1097 527
154 1745
808 1267
803 1093
686 1488
717 762
842 1835
796 1550
1353 193
2210 622
1410 1998
663 579
1164 1440
1842 1593
517 337
27 1348
1845 2158
701 2037
2178 1680
725 1395
701 1176
1307 415
1408 1493
301 960
203 1549
1478 1263
1409 999
976 1425
25 1370
978 54
370 2081
222 1020
883 1828
2191 1181
1036 412
640 1582
1775 1439
1332 751
89 1334
543 1595
627 1621
393 844
2021 1606
1596 1538
2035 1405
735 994
758 785
94 225
590 700
1323 2161
1937 811
1038 846
329 1632
1919 1455
1029 1273
1397 1618
1560 957
803 1371
1663 2010
206 1637
184 1503
1529 1632
2129 1616
470 2055
557 1606
1748 926
1482 532
285 1203
468 580
684 538
726 1966
416 1063
1698 763
1189 745
1527 1540
2187 1763
1951 1369
769 140
344 1319
1710 714
252 735
1230 568
356 104
1050 996
1481 636
1947 536
2211 1724
2181 1080
1607 768
1457 207
1094 742
2112 1452
1716 433
1482 579
1083 1267
1685 1786
638 1294
1295 461
380 1841
1681 848
618 1785
1252 792
1938 1279
209 1012
2096 420
1469 1544
1260 2035
8 1591
1284 836
395 1948
1643 1931
1353 2186
426 1499
1942 1561
1854 2213
212 1648
284 97
937 1051
806 1181
2129 499
475 1040
381 834
652 1456
240 468
2092 1446
92 1064
307 1041
226 76
2005 744
508 1295
624 522
2057 1326
2152 523
779 1327
532 1136
1049 1117
1880 1367
1504 2152
409 1043
2090 407
143 2057
194 1992
1228 1498
512 1256
215 2039
117 1842
1527 295
1925 2001
257 1266
1963 1539
1285 622
19 2065
83 1024
2188 182
1187 286
333 1212
1035 1471
793 1732
169 1244
753 141
1459 1927
1340 1643
2058 493
2129 1687
1015 1215
1676 1935
1410 554
1269 2168
1669 1890
1239 14
1405 440
573 1600
1439 1641
985 596
274 1858
102 2173
1771 781
1913 794
1074 968
553 803
1796 829
951 258
1592 693
127 1110
1822 1613
266 199
2173 209
1400 251
1205 1640
33 1207
653 1556
553 1185
5 1626
616 2140
89 1696
876 77
835 1195
1505 502
3 1555
2139 441
625 1502
668 1107
1922 1910
2068 215
112 832
1179 290
28 917
807 444
1166 559
501 834
1837 720
1174 1404
1332 403
1163 2186
1445 1002
1831 1157
1756 1221
941 1909
174 1618
1602 2190
2038 434
216 1424
157 972
2196 1910
80 1131
1687 1039
859 1395
130 953
1597 1200
286 1309
2028 1638
1654 1132
829 1800
803 606
127 2060
181 1920
1327 573
461 1727
303 694
2153 534
475 658
2160 808
186 660
452 2056
145 1901
945 1169
1665 177
1505 2100
189 1931
1627 1618
907 1908
1396 2013
1093 1938
306 1875
753 965
942 1807
1048 1492
1712 390
1140 1199
313 784
566 759
831 145
1724 1788
815 1919
591 1534
125 1890
1376 87
1527 200
1560 1250
1020 379
2131 1622
172 1411
153 170
720 776
1506 1082
1517 44
1819 380
246 1914
2214 399
1852 1606
1402 34
756 103
37 452
1475 1057
1228 1983
1740 1068
131 861
443 408
1042 646
791 2189
225 2038
882 463
55 935
1963 1442
296 83
1924 1088
391 1584
250 1338
1594 485
527 1537
1434 897
753 1773
1339 1846
901 848
1304 1162
732 1679
287 845
1660 254
633 1126
693 1422
1451 178
1989 400
1247 15
12 497
2005 675
688 374
1376 173
1367 928
643 1927
543 1250
1806 1915
226 1156
1593 76
782 561
1208 1426
339 188
1065 138
1830 2016
1752 2210
1010 832
72 979
920 1075
705 436
242 227
1504 2136
1042 1287
1224 1076
769 783
281 934
1069 623
990 1126
2029 519
1034 1528
408 479
1575 2164
2045 1406
1962 1891
1790 1423
932 297
602 446
638 402
1691 749
852 614
813 542
443 752
372 1203
125 1894
404 2197
1818 928
275 695
1522 455
1245 1038
1420 249
1709 1244
1419 1960
929 11
396 378
49 1919
1560 1741
1379 714
1761 430
624 2046
1183 787
98 1378
2161 1390
1276 466
867 1529
1568 1598
1531 1651
1201 2150
1242 179
1758 1918
2210 1969
1154 223
296 1705
1135 2144
1734 2096
1710 299
2194 1499
1215 2025
2080 1697
1030 2077
1022 499
949 965
1543 1286
1886 647
1837 1554
194 450
847 304
372 2201
769 815
1310 2176
1601 1422
2187 1701
892 1857
504 1028
344 537
1978 914
1751 323
1725 1513
193 1432
1668 1430
1312 558
542 432
325 916
1031 880
754 1640
726 1127
1474 1878
800 258
335 133
1908 1119
1841 604
155 1254
987 1220
1939 942
710 1535
826 1428
7 452
1418 1772
1547 138
1444 41
1235 161
1566 388
2084 330
1812 1364
1890 1262
857 506
1983 801
1698 1253
1017 908
85 37
2156 689
163 1412
1684 1213
1048 2149
1340 1786
1711 731
1907 636
208 1107
1700 1895
1060 1686
2000 1831
513 1066
244 1378
843 638
264 1366
1073 1296
1090 322
1135 129
1701 1584
1637 1854
750 1639
1843 779
1520 542
1789 566
697 86
925 2013
683 2213
1241 789
276 1079
1885 471
2125 1402
1822 250
1112 2086
1408 1640
1031 1841
2146 279
1093 1114
732 943
966 1000
623 2040
1548 475
393 1487
736 1897
2012 1059
1411 327
1632 281
1344 1711
1549 1174
1950 1476
1435 1152
998 1553
725 1785
1495 609
860 800
1935 1839
1574 769
31 1786
1580 883
465 1232
56 981
1280 377
834 1829
365 1008
1134 2002
13 2084
1319 1145
1351 1081
228 1501
1015 1340
1584 370
264 386
958 523
1729 81
1847 1286
1947 1114
2171 1629
323 1172
1393 555
974 897
689 1248
2210 706
1131 1190
1029 1129
865 139
1357 1072
1955 1997
1061 651
1737 547
849 1034
2031 1633
2022 278
369 2084
570 949
698 2146
1925 1783
254 1912
117 334
592 218
332 1368
1620 1279
1974 1934
2 1802
1707 1082
492 314
1893 1250
2184 1255
1854 673
1911 803
850 1971
822 1060
532 527
2083 452
1651 1772
1986 978
1097 875
1095 1568
1453 1877
1467 1625
91 1549
668 1683
168 1784
746 1297
1233 831
253 1680
1665 2117
357 588
966 1849
1089 371
2097 1312
1131 1742
1346 1917
2104 97
1787 1457
1377 1886
290 526
1782 1821
98 1228
1922 1984
2178 1690
649 1320
453 1267
843 1815
1022 7
1399 646
514 109
274 1068
1860 1425
1651 958
579 2144
1495 1428
490 1252
605 1373
1240 1088
355 1347
827 1500
2083 1172
193 418
1145 1941
1424 2197
1087 89
1571 562
766 1334
150 1937
237 93
270 1542
1278 198
1507 70
79 109
1817 337
769 516
33 2026
147 1621
706 1641
273 842
505 2058
1260 312
32 1729
2018 1213
1306 932
36 1123
91 1140
1905 704
1836 1159
405 576
809 448
1837 1707
1788 1486
962 595
371 1603
353 100
334 1444
2125 1273
1250 1872
1780 224
392 1920
2100 753
1420 1758
0 1525
1282 583
297 558
970 444
1297 882
810 1674
17 352
81 1713
1213 1047
1315 2111
233 834
1725 1969
2115 742
384 686
616 1222
1083 99
712 1922
529 548
2158 1320
2181 1560
819 1945
1883 509
604 742
1605 2012
223 1475
647 150
1990 1495
91 847
1167 1301
1225 75
556 931
607 818
146 11
555 1532
984 137
1175 160
2018 857
889 1578
1950 1153
1018 3
50 297
378 356
1766 1808
665 2156
1944 1709
1255 1119
590 1209
1881 1403
1379 931
498 405
2000 478
3 1420
383 1477
544 1184
759 1072
1176 134
722 1332
1620 684
522 1829
1091 1895
1813 80
60 1543
591 296
646 1627
1350 2189
1088 118
873 1146
822 1225
1266 1452
1476 979
232 1260
2043 1986
1224 1214
1199 1387
1198 1955
68 603
556 1976
1867 268
2111 2072
1170 1706
598 1602
1704 842
1458 1081
690 1999
1889 139
1709 729
1345 2186
705 791
612 1974
822 814
1009 1342
1240 101
13 1658
97 1201
551 743
1646 1791
1466 527
1712 1288
1668 1434
1860 403
1000 353
225 558
2080 1144
1124 17
1715 1965
66 377
857 2066
2000 1844
962 1238
1984 500
730 1201
464 517
1265 1875
402 100
32 1928
145 1708
893 1328
708 345
1819 622
1648 763
320 1854
1609 1619
1136 1883
2115 357
699 1016
614 238
1446 155
1862 169
763 1899
868 2127
895 654
819 1897
1145 672
835 2039
460 952
1394 226
568 643
833 444
1041 524
562 988
1801 1097
479 1849
2189 2105
1162 1295
51 1523
840 1423
76 712
1338 1989
1481 822
1884 368
1708 1310
1481 1621
934 1108
2166 897
42 2113
2069 547
610 1482
28 2045
938 2196
1274 2014
2006 1922
1857 1296
538 2183
1422 256
1199 1449
1616 1566
583 334
459 2175
629 76
252 225
1693 1441
1562 1866
1965 1273
1370 795
27 1260
276 1733
674 1291
1726 259
1081 1914
1806 1288
938 1060
1686 866
18 961
1720 1277
1065 726
248 475
333 2194
1630 1547
724 1530
1647 402
1537 240
151 1320
1322 651
541 506
1047 877
333 2132
797 1622
1948 758
1941 1868
841 1202
325 91
1547 897
1788 115
1758 2151
503 740
2067 54
1566 270
1 1819
1786 816
927 235
325 976
297 1081
1197 240
1166 801
1146 1322
473 1320
95 357
2026 964
1488 1165
1096 1658
223 1832
1218 1180
695 987
1308 1472
2174 476
1450 1923
301 291
619 1177
1149 1025
895 1390
419 1584
723 774
369 1649
2010 227
2186 167
142 736
1810 233
1858 1386
1717 579
1493 997
1278 904
1766 466
1739 1741
1458 2204
1028 776
1986 518
241 94
1818 1586
1736 680
1866 58
1622 1499
767 1380
1385 1935
1677 1850
1281 303
1877 871
444 359
2103 1129
0 955
1146 1205
1228 553
1368 879
452 639
1149 1606
208 1934
1058 1762
2103 2065
312 988
501 844
1464 105
1741 1239
2 973
486 2012
28 276
1365 1114
1729 896
677 2089
1112 794
1087 459
1677 1281
1129 1598
1264 954
573 88
160 2172
1654 179
39 1592
1772 1823
355 1464
321 1456
510 767
635 1881
189 941
553 2165
200 997
1059 1865
1174 1120
2110 599
2101 2147
173 563
1189 259
1627 827
1507 1182
385 644
1561 493
1529 463
1802 1541
1687 861
1216 1448
1909 1465
333 1195
1862 542
738 1221
1906 744
1870 6
256 2038
1874 1131
106 1145
1028 1662
1800 2156
1123 404
375 1647
1333 1681
2079 806
1389 1555
601 2197
1337 1543
308 1904
1058 1586
254 1315
434 49
1308 1905
1171 205
1776 604
1257 1622
2025 351
1143 656
1412 913
1888 1283
148 1738
1180 1521
248 721
1444 1208
895 1742
563 49
1094 1953
2077 918
1796 367
378 1780
1440 1305
1301 1246
760 2137
2182 1041
1447 470
1139 1788
1812 2160
474 1910
1229 135
1593 1426
1678 1409
979 988
1878 505
589 643
2061 1823
140 1358
90 920
713 198
732 92
227 368
1825 1217
2031 41
33 1288
1513 726
1758 596
181 64
229 712
1589 1077
352 1842
621 2085
1212 1486
1931 104
579 707
1558 1309
359 1691
519 2182
269 1895
2007 129
2103 1184
2137 1943
992 1569
2064 1791
1742 1992
1521 410
572 1327
1439 297
1649 519
2029 664
1940 969
913 2048
334 2183
2040 1214
962 312
1213 1476
809 316
1599 1740
1697 2074
1332 1956
910 1186
513 1576
1110 1349
1115 1146
206 2191
441 636
616 482
219 56
889 1742
435 109
941 436
905 1457
1446 498
1144 1532
479 1223
271 287
741 288
1729 152
2173 1155
643 1746
6 1018
782 481
888 42
644 1670
750 459
950 1366
1718 81
689 2133
2064 956
1597 1454
1165 2122
1700 2068
71 220
1662 950
428 183
274 644
302 1097
1520 1881
923 265
870 1096
448 2176
2139 609
51 1150
541 1827
132 1646
935 504
787 46
225 104
524 1780
780 770
695 1157
1665 311
464 1431
752 144
1219 307
1219 1069
106 587
920 1630
1583 841
1115 1784
262 1100
198 2060
1712 1417
326 64
469 2151
1998 1409
1967 1126
1054 30
664 2063
294 537
2074 2110
785 1197
1977 199
542 993
440 450
1875 1604
1536 664
545 728
207 1654
1254 13
1505 61
1996 1286
1948 1336
1923 673
878 833
2144 465
857 114
771 1233
621 521
840 948
1811 1369
1559 1791
1184 1177
1325 365
1802 2193
1564 788
2025 1950
308 509
1899 1987
1355 2143
1565 2020
206 449
1635 1337
858 1397
557 170
1939 1852
2076 1753
651 1336
2167 2214
580 805
94 1368
622 1739
92 975
708 1232
517 1960
708 1412
2193 165
2137 1
1880 1995
114 661
1833 1924
516 172
1280 1978
1487 1186
1326 303
1436 1158
915 10
987 2098
893 440
726 1159
1421 1965
1177 1273
1772 1572
418 328
113 1661
732 446
1571 205
354 2147
2190 206
2096 917
1426 1247
1673 2209
1599 931
1629 1260
603 2141
731 1771
1936 2071
18 1834
1172 866
1305 610
277 1752
1548 486
1584 1866
1411 1065
1568 964
1330 1723
871 1229
884 1141
1945 1850
1561 1603
1145 1220
938 1241
1392 1534
1406 957
127 516
2053 1218
28 937
1214 1143
453 22
1711 444
186 190
132 1817
222 904
1216 1495
1314 438
469 2116
1479 1248
918 98
778 175
898 947
1242 170
18 0
1434 1758
480 957
1035 2059
299 2077
177 1580
1614 1896
1736 1482
1771 92
119 1845
1942 895
842 408
301 1697
1982 1874
1248 1747
1113 1825
1295 689
675 607
1854 242
1710 1847
124 1042
1880 501
1951 245
1767 354
1682 1963
847 1415
587 429
925 1583
621 84
1475 2125
263 448
1911 1978
1097 2160
1095 656
297 1541
1465 1193
644 1619
818 1809
402 1442
932 1928
2073 181
34 2185
974 1186
522 1509
1416 809
957 2123
2207 1362
119 1547
916 789
1234 486
1931 1828
2075 1089
1619 2173
2046 874
167 983
1303 1638
1131 420
1802 1185
1429 1787
530 930
663 1630
1744 1797
865 1486
514 1189
2181 824
694 114
892 1944
960 1089
968 241
1672 2066
1566 1507
947 978
2112 1181
1347 1986
1403 1545
409 560
7 47
219 1700
1232 828
1509 872
1875 56
1024 1731
1545 1750
1377 1538
1170 1140
1147 1769
1159 2024
498 239
928 1329
2109 84
801 125
1307 171
1954 1828
416 2194
119 1722
1183 996
1086 1805
644 1257
113 1811
1081 1313
371 283
435 694
920 492
980 125
1816 1115
1704 62
1256 1697
573 1834
80 538
877 55
1404 1032
2083 565
1737 1915
900 608
517 1966
1975 609
1326 269
728 1604
1149 375
373 1004
54 421
461 871
859 1172
9 1133
1312 121
634 799
87 1582
707 516
2161 528
829 1168
903 264
643 1597
390 447
729 1290
615 2198
969 392
1928 693
1905 583
1360 343
1277 617
2149 1281
1106 783
380 1122
814 1953
1818 1483
773 801
1520 1287
1599 90
1477 640
225 688
2025 2101
1620 1865
1709 496
1907 452
1681 1266
1106 199
81 793
888 635
1162 267
929 1052
2201 547
790 1961
652 663
973 890
1210 127
1959 1709
2032 1519
1883 2031
64 1976
1587 378
1041 1685
1105 1962
136 922
1902 2102
729 1576
969 892
1258 1880
574 979
920 2051
1682 514
2120 106
2054 846
1211 325
1909 1273
452 300
1193 1140
26 1577
799 423
534 1304
1228 525
1705 601
629 872
644 999
1044 259
1418 877
993 1864
817 427
670 598
1062 638
1549 510
339 2080
2076 464
1320 2067
521 567
1446 456
965 1056
1364 1304
8 562
467 1281
1899 2176
1769 668
2169 1064
947 133
2106 1365
315 1263
2009 1197
1114 255
260 1915
649 1884
92 1438
1502 1602
1604 991
1467 1597
2041 2034
810 417
1003 1937
194 1598
1777 1898
1366 551
700 1894
271 569
1446 985
1759 1989
780 2132
2157 2186
965 1321
352 1302
1243 1160
2038 1119
501 194
486 1290
1432 869
344 1226
166 2057
218 582
1116 1332
1462 2091
1343 1874
1182 1479
115 2072
729 15
554 29
1259 1566
13 754
2120 697
92 1987
2115 453
1451 329
991 448
970 1781
443 1265
1709 2051
921 1567
824 2144
214 1720
1725 1771
1641 164
76 1220
1969 914
1072 2062
1191 935
945 2081
1321 1414
2078 324
1752 506
1390 999
968 1023
1626 1823
115 1590
2020 384
1611 1554
530 1490
1408 1767
43 823
723 1111
79 1934
1941 1774
589 1806
2133 1485
1153 1969
566 466
1460 904
1975 114
635 960
801 763
144 260
1906 63
1299 1686
1304 1502
1276 994
1415 1414
172 1182
1743 277
762 761
1955 890
1765 241
916 1859
2030 86
151 1511
1896 642
1849 1877
558 229
1418 1627
2038 31
658 433
43 642
783 1468
1268 1130
1585 1731
1707 210
393 35
1993 68
1186 793
203 1462
966 1322
340 1324
1217 529
1866 522
276 495
1477 743
1034 1815
1374 374
195 1744
1172 105
165 1915
867 2003
0 2115
1775 1598
1628 172
681 1400
125 1253
1961 139
2141 554
380 1877
2103 2206
212 669
781 1534
509 1461
454 1516
645 588
1271 607
984 306
347 486
386 1274
109 910
1421 1746
1707 200
49 1430
1394 802
44 121
38 1734
1409 412
1940 296
144 1004
1983 1826
879 1000
795 1213
1051 1064
1831 398
1477 1442
703 1293
159 1287
797 1703
987 545
1751 1727
1489 817
221 1503
184 2185
271 246
1916 1087
2015 371
1789 1469
1378 459
2010 1297
278 1414
2175 952
1317 790
175 835
544 477
3 536
499 1280
2114 0
1495 180
1663 961
902 600
740 1646
907 672
1302 981
492 22
452 341
2204 1079
1103 96
1855 1611
2011 794
546 1471
1831 1682
527 841
645 158
267 1667
1563 260
1913 1265
1320 1084
2208 2202
1808 1471
219 864
1753 1479
115 1288
1414 1317
360 2214
1237 307
1429 1120
1134 152
1626 1108
729 1483
1696 277
224 1714
615 1671
2037 148
662 1972
709 2078
592 2062
1859 669
1894 700
2150 946
453 519
1046 846
53 1167
41 291
1365 1085
1769 1851
2127 448
1286 1400
1462 845
512 1571
1648 1580
562 1709
383 544
824 763
137 1349
927 1043
260 1098
16 604
603 744
678 1045
1774 1519
1411 996
2016 789
104 629
1942 725
408 1861
2204 898
501 274
415 2146
305 626
1526 1514
1157 1881
746 421
2134 394
530 1562
1528 789
567 1698
829 1934
49 2200
399 594
1610 449
868 1876
611 1959
177 2061
194 465
801 962
926 690
2059 1586
2180 517
1291 1418
36 2173
312 1835
815 880
724 415
978 313
1207 244
313 7
382 1155
2142 220
1017 671
491 2116
1976 1714
880 823
1680 94
634 211
33 1259
800 593
60 475
2163 1000
1054 484
1836 859
1210 399
1075 418
66 1280
1441 182
1696 75
92 2064
374 1115
1609 63
1519 1247
419 890
899 1098
1229 401
1469 1335
1399 771
640 2178
2158 1245
923 748
1963 1485
1098 1012
1428 1753
1675 1726
419 957
955 341
2143 866
1366 460
1024 676
2008 1019
2007 1960
1037 1990
1162 1459
806 581
479 1710
885 284
1067 1207
866 72
1660 1245
2020 1961
123 2002
1530 1723
1397 1089
654 1778
752 862
1481 1304
1342 1221
1724 1980
1363 123
539 680
695 733
711 1420
91 1795
1145 1927
674 610
1981 879
779 42
994 300
1422 2068
1838 895
1683 1053
2018 1874
1891 673
816 96
907 1514
1833 301
1525 1467
273 1091
1700 218
696 565
66 457
1078 1811
2030 1768
1383 1674
572 1286
1814 729
811 708
1434 1087
774 1455
693 76
1960 295
352 1997
124 98
1685 572
91 506
1717 386
38 704
2200 303
2075 624
1350 229
2049 927
1431 106
1026 1550
1158 109
1054 469
1632 229
1430 1487
1436 1877
1736 898
1966 168
1121 470
632 2014
1396 967
1307 322
1016 1872
1338 1762
1406 44
1754 1292
648 230
2108 1711
753 1442
1012 2159
1050 1540
313 1958
351 1785
196 958
1977 1259
885 57
1828 1301
994 18
600 1604
849 1439
865 2140
1405 712
1504 819
256 1144
148 565
250 2068
1555 1821
134 621
343 1751
1582 708
1648 1361
1990 164
1323 41
27 1081
2010 1488
1515 542
1376 845
1748 309
388 1202
1688 1078
763 1583
1354 826
1003 282
456 1620
1013 1919
1240 2080
840 1527
1017 777
1375 1385
1064 437
532 847
644 1784
1439 1002
1244 995
250 194
165 1600
996 1582
319 1744
739 1691
1319 835
1386 1942
478 1743
1976 1406
1839 913
386 659
1878 1202
463 990
1447 1458
443 1804
1173 2026
1980 934
1081 1546
2124 2201
242 1935
392 1066
1325 267
1925 895
1349 2071
733 1940
2027 910
1878 1710
1251 1242
1770 1393
401 1235
1473 1302
1627 1762
2026 2028
1497 765
292 262
549 1608
504 239
1508 640
1401 560
2095 1395
281 1749
384 1160
128 2201
1248 1070
119 2007
2017 1150
638 1277
1198 382
308 990
213 637
561 515
1442 829
631 719
1505 1000
2085 490
1528 1590
6 955
2202 273
1414 282
2029 1547
1591 592
1709 1941
2207 1560
521 700
1979 1284
923 1355
2169 1284
865 1838
506 16
1045 963
2001 1083
1065 1313
1342 2137
309 595
566 1349
663 1363
1658 1933
1139 476
281 1462
1199 332
407 1166
393 671
791 1837
2160 494
2029 1468
649 1565
1927 34
1817 1886
241 281
359 2192
580 671
53 654
2161 298
2208 412
1300 1842
2022 1228
236 1288
2135 124
1422 1479
2040 1624
260 673
1155 760
557 1484
1454 2099
2143 1489
1034 1563
1837 1629
1702 8
1717 21
928 628
328 922
1236 2060
1935 851
1565 950
622 1247
785 1321
626 1571
209 340
337 2008
2204 1042
483 41
1052 279
1827 182
1746 1204
646 560
1407 855
192 45
751 2058
1765 1647
2180 2167
761 2168
1119 1249
1040 1120
1751 786
409 1194
1908 1827
721 1611
1242 394
2144 0
1933 1654
1926 1155
1061 1582
585 101
1363 1825
146 811
706 614
175 1197
1880 2122
75 522
2112 1977
1859 1294
506 254
1697 1907
1356 2056
145 1498
1719 31
776 777
990 185
1538 951
1060 876
734 1894
282 448
1791 1834
1704 349
1540 586
733 2035
1375 414
376 345
488 1452
933 623
185 1098
1188 496
1518 1763
2062 399
589 1553
2146 2016
197 1605
927 1125
761 870
355 549
1945 1405
1338 1480
858 1198
1780 415
1592 1251
347 1033
626 956
707 48
1207 1205
696 1682
2103 2016
542 2199
1143 2178
1681 1555
98 1892
832 1921
2212 956
2125 522
1457 212
658 1318
1511 185
285 1884
521 618
93 1039
697 1722
679 1037
352 1763
1758 1572
1186 194
475 2189
1961 1099
1507 1090
1517 1473
1475 1911
1745 1726
2124 134
926 1681
1948 1784
591 2056
1171 1922
895 274
1519 7
1195 670
231 1052
201 628
167 1031
775 237
2168 1756
697 624
947 1624
1717 2162
198 1661
997 238
332 2025
114 455
217 1975
1895 304
151 913
1748 1934
1980 112
1146 685
1163 517
1746 236
2171 931
2060 572
1645 2136
524 2156
140 2044
1679 1184
1873 1449
499 436
2140 1699
2022 294
1427 1305
644 43
34 726
723 1873
1861 99
1715 761
403 627
645 840
680 1906
1369 156
2185 1202
760 68
625 801
891 1713
1199 1586
422 1443
2026 162
810 7
1922 708
1653 2139
58 108
75 1417
394 1601
1262 946
47 1145
1583 2155
132 1142
309 106
712 2211
448 830
1937 814
448 164
1730 2124
1230 907
2126 166
1245 1568
139 2066
2095 2152
656 1274
168 1311
1311 1665
1567 1669
347 561
1671 366
895 994
193 437
110 1437
585 599
2166 97
479 134
812 195
803 1890
1624 1099
1584 1438
696 1732
1055 10
2124 451
1678 1333
1363 2073
191 1735
1088 1584
2003 189
2035 965
386 108
1891 280
204 1077
999 1742
1020 250
737 1732
1640 906
234 1179
1074 2091
1707 1073
125 2048
1954 1928
1385 2141
2010 282
1578 2108
1915 2013
1983 411
1735 1782
406 732
2072 2063
163 1581
1992 2062
1142 1203
94 484
1082 1998
1970 2047
529 1509
1608 1883
1992 1462
2108 1896
664 951
854 1323
1250 2175
627 2040
1871 1323
1941 2041
1042 704
1883 2200
515 1076
1702 330
668 1525
1122 287
91 394
1350 842
792 1133
349 1159
884 1367
2019 1795
1276 995
1341 6
342 2139
2158 1838
1135 1188
1571 439
1545 1772
1947 1937
1508 2070
461 1330
1468 605
362 586
1826 971
1128 1316
660 270
425 1218
750 403
1257 2067
1415 641
839 1666
173 2213
1794 1432
58 1575
203 1210
408 1244
1444 2147
1112 1738
1278 708
1753 267
1893 846
1264 1589
32 1126
359 1018
1496 774
770 626
441 829
230 1488
487 1556
2066 655
2067 1677
2143 1517
2011 1081
2213 1732
871 1606
1774 250
1 532
940 692
484 2206
904 756
943 896
694 1092
1980 1427
1385 1736
795 1298
1680 1871
387 784
755 2119
60 1533
1538 1899
1569 2166
1961 1232
1103 654
1947 1933
12 804
1476 1292
1338 1777
890 1995
1057 1641
2164 1225
1374 912
931 1413
2167 1758
421 1952
107 1429
1137 1120
1088 83
514 1230
1185 1687
371 29
1303 1842
1429 1874
2080 2069
1115 593
973 1950
651 1362
1247 796
114 1703
1961 1957
999 1351
1928 747
1735 1412
1833 357
488 410
1329 322
1646 868
461 1251
2189 1688
1591 2164
991 1196
1275 1285
1078 892
650 39
1572 876
1728 1093
1735 1836
1442 1453
1709 1003
1422 2070
1613 400
2144 1863
1607 471
947 1510
558 1571
1601 1390
1447 2071
1693 1188
2196 638
2028 648
1089 1706
1832 1450
64 1951
345 171
966 1475
1370 1892
1648 1700
33 950
1376 1589
2191 1889
1170 1293
2005 1989
2119 1192
573 1804
1398 1356
1100 772
1282 1361
10 2145
933 1332
2138 234
2209 1791
515 1741
12 404
273 1023
1776 953
1274 1377
1162 1532
897 657
2026 265
2017 991
2202 1322
669 1530
529 1247
360 2091
294 813
411 1822
207 1155
1387 841
1146 2210
541 371
1233 1895
256 66
1209 3
1971 1324
1117 61
410 1840
930 1513
852 558
1214 952
1959 404
1161 1992
1098 248
474 467
1213 1749
695 1427
780 274
725 831
402 919
252 312
4 2089
1453 376
1670 199
2178 348
1484 2155
1055 1593
83 1730
2012 1729
1700 567
907 1265
1915 803
1022 1884
1960 1365
819 1861
1107 147
786 2199
266 2050
1302 2143
1489 853
202 370
914 185
2006 900
1544 2042
2134 343
1096 953
1774 2178
316 1848
1699 2124
365 1223
2146 246
1911 1686
259 2214
353 1556
1433 96
1449 221
845 1543
1621 1326
1680 727
1554 326
1747 1129
14 717
2059 855
1830 1578
2169 1907
1483 1150
1526 601
1234 334
1515 2196
1957 569
1122 1423
224 886
637 559
961 740
992 14
782 1633
944 1233
452 1878
1749 1767
405 2211
1727 807
1386 807
2156 1117
1514 1400
609 389
1207 444
379 1131
516 768
1368 544
557 66
310 742
1889 447
1145 1233
1863 1732
1707 1078
1614 912
823 1734
649 16
1633 724
1318 594
1362 553
1910 775
76 1788
1038 936
1321 1310
665 1529
90 2148
156 399
906 1733
553 107
1787 1002
297 1107
2170 1260
574 686
1591 829
1566 679
1550 390
1225 744
1595 143
526 1858
937 2178
906 555
1291 150
661 664
1154 897
1605 1680
697 1271
1838 616
1274 1176
223 313
392 1739
1796 612
1927 675
1580 734
378 1855
894 1282
180 360
1887 1973
2077 539
1215 1084
1599 597
2017 1201
121 2164
223 501
2079 2002
707 1498
746 1279
163 1835
558 1110
681 18
269 2202
698 93
1268 1671
1844 1096
307 12
195 46
1715 722
283 1532
5 304
184 6
1023 2090
671 976
1968 885
1123 1548
618 2203
141 888
377 385
1091 199
1814 1772
2212 461
1936 1275
1123 550
2182 1333
1398 2211
1924 977
488 1318
1291 1357
1392 813
1982 1195
245 429
1200 1501
1018 1140
961 244
1474 1376
785 1597
2012 856
1802 1874
1272 2211
804 1744
1715 1364
1293 1196
1853 2018
816 13
890 1818
9 2015
992 1375
2212 1571
1375 2013
1567 731
437 1049
1126 685
393 1215
1461 1596
509 32
1018 979
266 168
1210 1311
1260 617
1724 1998
772 137
1353 1571
1774 1629
1790 389
1955 664
547 727
19 58
2043 8
1969 165
1869 2166
1760 1399
326 366
1989 299
666 485
1002 1679
905 561
1259 1381
1709 367
722 197
1374 1777
242 738
1175 834
1097 32
254 1773
1460 443
984 64
1945 27
710 1653
1960 1736
952 2162
694 980
1369 1612
892 490
518 578
737 231
236 788
1960 387
2186 2193
1334 530
336 583
1268 875
712 1877
87 124
1187 608
748 122
1961 1460
715 147
1690 696
1744 2141
113 967
452 1062
686 1578
1206 1019
1812 1291
932 1149
796 1645
1432 180
1489 38
551 1582
952 1584
1202 1310
25 1197
2162 60
1150 2097
1564 1462
1453 911
545 135
45 296
1284 791
753 789
1592 1346
1007 935
1604 991
67 1449
1794 96
640 1078
2208 434
86 25
1728 1876
944 803
1984 1578
1670 963
192 1189
1051 2108
290 1877
1977 1824
3 1202
1240 1579
2206 1690
324 1193
2057 1668
1010 790
713 810
1744 1885
181 690
1821 1869
1462 154
548 1999
1311 2077
207 933
2041 1272
1204 1915
580 730
1857 1440
1830 2126
316 1308
456 280
1660 1622
395 759
2085 156
827 215
1678 1291
514 829
408 1536
671 2213
722 60
581 1105
1470 1963
1490 506
577 253
1920 2024
1427 1466
400 179
2196 193
926 881
1682 318
119 293
2087 1411
2177 1449
847 1095
427 924
713 251
883 2000
593 1160
1412 434
1058 496
287 1412
544 163
1379 1820
1965 958
726 838
1822 2194
1252 1829
62 392
5 1615
1735 1241
1436 1716
638 1571
1981 753
1900 752
178 818
1999 841
215 1164
575 1289
2064 1529
1581 848
1624 648
685 613
685 1913
684 318
1934 1779
1976 1881
2011 24
376 162
1620 675
1635 60
374 2140
1347 2015
1555 1563
1225 163
603 1201
991 184
1338 1762
1322 684
2059 1357
47 1955
401 657
163 1459
101 1469
1411 2126
553 109
1322 900
1594 698
339 2181
303 1276
1298 1648
1632 1898
598 254
1147 1928
748 147
1397 1572
793 401
1697 959
86 606
2206 784
1351 1837
2205 1804
1878 310
953 474
34 241
1773 152
730 1592
1658 1025
24 1533
1520 43
1755 387
841 555
129 2157
1735 2043
1641 1877
1594 898
787 382
1888 2166
1958 1624
904 1946
762 993
1790 534
700 92
48 1874
1812 1883
1052 135
865 1183
502 773
1578 286
273 820
832 1623
1484 1776
28 653
1922 1911
1971 1490
1651 479
1586 304
1833 871
1071 766
193 141
109 1568
388 376
341 1668
1403 850
1964 746
320 364
785 319
1530 898
831 473
2152 870
1266 651
1514 211
1211 204
2036 535
766 1791
233 1006
1840 818
1659 2213
952 657
738 1268
1403 1674
259 1477
1895 277
1356 49
1122 2161
590 1088
205 599
381 370
1789 1550
1159 2132
404 528
126 30
581 751
1913 996
973 118
1527 1647
2137 355
53 1989
2161 1344
188 1041
1138 250
2184 625
1311 304
946 88
777 2127
336 1787
1725 1532
703 1211
497 887
698 1987
1329 1809
62 388
1785 1544
478 1909
198 1565
2169 1413
2048 722
2024 1665
402 1901
1906 1049
1017 1889
2011 1286
24 1110
664 1751
768 634
834 1516
1156 493
739 1806
1684 85
2026 530
1103 1889
1135 16
989 1410
1996 361
647 1039
2127 1883
174 441
1544 1264
610 445
1677 2214
1344 408
1586 2098
1820 1155
2004 399
8 60
2092 2187
57 1376
1897 1735
1849 450
1292 887
2080 2135
656 546
846 969
1450 1421
188 2144
1375 700
505 1956
910 1306
1526 457
2060 1123
2132 813
1751 1660
1606 1226
1297 2020
151 1652
2168 1711
1614 135
1697 882
276 1997
1526 1951
735 643
659 1788
26 867
2118 2003
1487 1017
750 2205
288 1195
1133 1576
2156 1754
2165 1299
1510 2186
1986 1990
1434 2103
279 1244
216 1698
831 2021
260 1662
696 1769
614 1086
263 1588
151 1651
2059 1706
203 1371
1028 2110
58 1249
828 1628
872 846
1611 1031
1532 1880
804 778
1187 2186
1595 1000
1819 1554
2146 1783
952 536
2115 116
1984 1649
1163 153
2016 2036
1595 1361
2084 1935
589 1774
1831 703
1620 1281
292 1228
659 2098
904 1338
726 292
1613 2144
1608 722
115 1171
23 1312
1022 368
787 971
1914 1935
160 1944
1777 1221
1466 1151
388 61
1493 1748
1618 2025
1836 2032
1508 2054
691 521
1610 316
621 1349
1856 979
1635 1096
1810 1798
106 1161
249 1769
1004 235
1493 993
1553 1155
236 1041
2198 490
973 442
1833 504
1440 2102
415 1666
1005 745
1989 1829
1909 1227
1851 675
244 1406
211 1526
1618 432
1888 716
217 263
1691 1407
1981 813
1529 1894
216 656
1352 1056
1031 1862
198 1670
1094 1310
130 1201
801 1517
140 1752
1573 34
1536 1623
1340 584
621 1470
2164 1571
1014 283
2160 1737
1162 172
1507 346
989 910
511 1541
1018 670
515 1635
1200 730
1301 1854
166 779
40 1753
1360 570
881 2094
586 1453
1170 1920
1464 286
799 522
672 1980
1691 1080
1591 619
1087 1744
1595 2036
2009 383
27 739
1757 1428
1521 1382
520 354
2084 143
888 1556
590 655
761 1316
516 142
1042 1002
546 1582
1700 1495
1415 1532
913 2149
963 1497
1348 1905
1394 1113
943 1746
1298 2108
1069 1704
1731 1551
269 1573
2080 1199
995 2032
296 1070
427 519
216 89
1530 1129
1570 11
758 85
369 1253
141 1884
2015 1805
1577 495
585 2053
172 1362
1230 586
1751 1681
2202 857
1946 2158
55 1535
2177 1685
335 1421
232 1786
1709 761
199 1848
1737 1739
1331 455
1091 27
2127 1546
945 1248
439 917
834 2040
68 2029
1517 1048
481 620
977 1440
1981 533
838 2104
109 1935
1070 209
130 781
1622 475
989 1955
1096 2204
1605 1879
599 1864
424 164
2043 1730
811 1841
1288 392
325 721
420 1707
1504 1696
1955 1812
1647 534
1585 869
359 950
1671 2143
263 1996
1160 1616
1876 816
1360 1231
122 391
1887 2190
2099 2107
125 1463
1504 556
298 1744
1556 726
673 2176
199 859
1709 2189
560 1297
511 967
1160 1949
729 388
705 1614
1338 1816
1044 1590
179 649
2079 556
1329 1822
969 1795
412 1435
787 989
1216 1866
1693 242
700 495
2211 430
432 1336
1858 607
1907 1640
823 921
835 364
1065 73
1897 398
1020 2179
18 1256
755 705
1664 632
780 1870
1351 850
2122 441
77 1885
157 1759
432 1287
1661 1635
1034 1881
113 2020
81 1118
1224 814
194 2029
1964 1287
510 1421
798 1499
973 630
1115 2021
883 214
280 1746
1183 602
1702 1811
46 1103
127 971
939 1153
1210 316
730 394
206 2209
1048 1485
119 104
2167 1065
405 968
631 1846
1687 1310
1598 1063
1836 425
607 1643
2136 881
412 60
559 451
2026 215
725 2186
1502 881
1565 593
181 1028
1250 431
510 346
1946 1986
2209 120
125 1192
756 1642
2082 1870
702 1849
771 102
2040 1388
254 1499
1570 1744
424 994
398 838
1240 765
1545 1604
1728 795
2211 237
2159 2198
1441 166
231 412
921 738
1327 2029
1939 1247
1101 1607
1471 702
931 602
2153 222
320 2136
2179 112
58 104
1348 1828
609 42
9 1092
353 142
893 636
2134 15
515 1924
1678 1919
1427 1038
467 770
771 295
699 1407
232 916
1906 205
1532 1918
1374 1655
949 1117
1806 726
1950 852
619 309
2175 2207
509 416
611 1494
496 1098
750 1289
551 1935
1519 547
912 1581
2183 606
1268 2014
1140 1336
1076 1269
717 397
1955 2033
1879 1001
1878 440
447 1524
329 2157
1179 912
332 910
1761 32
223 317
280 1811
90 308
351 121
1093 1215
1341 971
1680 500
886 1709
1139 85
217 392
1401 815
684 1853
742 237
342 701
2178 1164
866 1160
717 1742
617 1843
1917 1910
872 2043
1959 1218
885 263
1784 535
1979 1964
2037 590
1109 710
1241 2000
406 1950
1709 1408
1339 1897
1626 1033
26 1606
890 676
1656 1614
990 470
315 1562
1222 2069
919 107
2005 531
2196 529
683 1102
1017 1437
2173 1570
1496 1076
516 1406
101 946
2001 2077
1274 1557
1802 356
531 171
1267 1420
908 775
972 2042
1670 1792
1659 179
1131 950
1114 176
1877 1495
679 1091
2141 1942
389 1113
1125 1859
140 1666
1058 1685
1235 854
193 2082
603 564
1426 198
2031 818
557 1902
2143 1203
115 1278
146 400
730 1314
1464 168
671 2036
442 274
325 1372
769 528
1235 1396
1823 1483
1878 1097
2021 101
1757 121
434 1941
1645 1377
908 1008
1007 1564
1402 2047
85 573
290 1840
441 393
1969 627
563 622
183 849
245 687
1229 201
605 558
1973 937
836 1537
889 785
306 2004
1545 115
664 1886
103 549
454 282
292 1694
2072 487
1211 412
675 517
554 1231
109 503
141 1504
521 1948
524 423
1848 589
191 1413
1326 1533
627 394
551 68
2056 847
196 830
1709 684
1867 590
231 224
276 1032
285 1522
1447 205
451 331
904 531
958 1123
2201 677
965 1180
581 175
645 2017
760 1761
1659 221
392 755
703 1865
782 723
880 936
343 589
1493 1501
1683 797
318 1795
986 813
380 288
2159 443
1627 316
1373 1763
638 1090
1831 822
1379 1911
774 907
592 1752
1069 701
593 348
1332 342
517 2173
627 1748
1021 2027
2144 758
802 990
286 1330
11 947
1824 1657
1714 305
1678 2062
498 1469
524 494
377 696
1175 1795
421 583
72 379
851 949
504 367
1647 1746
1543 1703
101 333
407 2156
238 712
583 1008
2022 1630
1198 2090
1934 1162
333 2104
2071 673
915 2196
947 1885
1741 1822
1300 1606
1919 960
871 330
1810 1724
267 1980
272 2141
672 1285
2127 341
2004 190
492 1268
1548 428
1217 854
1979 2114
125 1693
603 256
1604 1229
1052 285
569 1740
320 1938
791 1766
1112 615
1752 1663
1148 939
1777 939
423 1540
597 1471
1991 635
1450 1132
1630 1794
754 714
521 1125
855 1978
1218 1852
892 1557
1069 355
1209 673
42 1285
1263 532
714 472
2084 917
2211 1157
739 514
1199 639
185 580
596 255
497 1805
1961 407
799 263
883 193
1704 399
464 53
1363 1413
886 984
1341 172
980 1290
305 665
1062 1768
1681 2022
1075 562
6 1109
1286 1484
760 1524
196 1362
1838 2121
856 1786
149 1621
1227 2147
175 1395
2090 1927
683 454
672 506
476 1727
2050 136
1889 2133
1942 1869
899 1983
805 646
1155 1124
1891 2150
98 2134
1210 1903
945 2133
2102 1025
2066 1888
1803 1190
1100 1116
1013 592
1134 1475
1030 789
1052 1392
1139 1088
105 78
1109 1032
623 281
353 1722
107 259
184 1641
791 1115
962 2167
2210 1494
2038 998
1195 117
1783 1990
417 615
756 170
1515 1319
963 574
1436 742
1524 926
2188 2120
1408 19
1367 2176
2049 1385
259 651
1454 2081
1175 1905
540 2032
2181 616
1440 201
1633 549
87 1983
897 890
110 1011
947 2072
1892 764
1771 2027
1498 1723
1327 777
322 894
1233 1352
1324 2178
1801 589
1648 970
1474 1048
404 1642
1571 1527
1605 2150
2145 1938
250 2127
2125 1599
582 1505
73 626
498 20
733 2065
799 1000
961 173
534 313
933 1866
1266 1570
1713 1668
1889 2004
736 1122
1955 1173
1804 1852
1211 762
1305 1575
470 78
379 2033
1607 1219
1314 476
2162 605
1242 550
775 22
930 521
1299 582
1344 1818
1872 660
1404 261
1821 787
653 1287
747 813
92 1094
707 2210
700 764
1496 1215
967 433
1950 860
501 539
231 403
943 1790
1973 1323
1569 1951
1861 1833
551 633
116 1360
2191 39
1384 16
1965 626
239 974
725 784
1537 414
361 251
2030 1390
439 477
1478 1519
443 649
66 1654
1073 721
905 99
165 2049
240 1939
1846 170
2046 798
948 1593
2120 250
2131 721
994 1583
1573 423
1805 1510
1683 70
1687 2197
960 125
1633 1314
781 601
2197 468
218 1611
927 1674
1702 1301
1877 1771
896 1214
242 1202
159 1192
1454 1207
789 2014
484 381
7 348
786 952
1231 416
1173 399
1065 2017
2189 1861
258 787
1221 1806
1669 353
740 1686
483 712
816 1433
1061 2112
1146 1257
1185 92
2079 2074
784 318
208 951
1221 774
462 745
1251 2191
2101 538
1934 530
1274 1117
1199 1283
613 4
4 460
1135 1414
431 494
2056 2082
2030 587
958 88
1999 1132
1513 32
1498 545
689 1266
990 233
386 2081
302 294
1332 1665
1777 1089
631 311
721 634
700 1197
176 1026
416 1852
1070 1267
2204 1073
2101 656
211 1828
1729 1428
1661 1268
791 73
876 195
129 380
100 144
2100 30
1060 2067
104 1043
592 862
1233 127
1753 542
370 1684
258 617
1055 427
2064 2017
231 220
1634 250
2189 716
1223 1063
702 2054
1875 2048
1144 1250
1681 971
2096 279
1677 75
237 1864
833 444
1293 892
994 2031
1817 1554
1267 292
2149 137
1007 2163
100 2149
473 452
1801 1047
846 2021
1085 2200
1457 1565
1042 2202
495 426
112 931
157 271
2082 268
451 662
498 652
539 2074
1942 804
1773 1878
467 1723
1251 438
738 1879
1132 717
459 2154
758 1336
210 1219
708 1859
1631 1679
948 1688
1061 1241
886 1319
427 1355
825 864
714 2139
1469 1105
134 1831
393 2021
1619 388
1265 339
1119 1128
409 547
59 1448
425 437
2094 323
2203 828
1796 983
809 629
761 830
55 1077
985 1012
1549 1936
530 1419
789 689
14 1515
1503 315
1190 1533
1219 1692
356 1086
1792 1629
1533 1581
1228 1926
2040 208
1955 1431
1042 1424
558 698
772 1766
1637 1101
1379 676
1379 1581
1393 490
933 1176
398 1192
1583 1572
1110 1035
341 1823
1834 2166
1011 1284
2035 144
433 129
1779 1265
1542 2167
1698 664
933 1026
1002 502
259 1786
217 746
1318 1336
2005 498
1864 2159
1210 398
239 637
578 89
2067 1330
2166 1127
1958 547
1233 1458
314 1626
361 1651
1570 1962
1206 1648
1525 2092
1771 1331
815 2086
1988 1042
705 1727
446 451
139 1449
2038 694
943 1855
165 2092
1829 1552
1495 745
622 503
1121 1960
521 1287
86 2150
196 1854
1852 1326
1655 1475
1581 1963
1062 1715
1880 273
2076 19
1569 356
433 918
1160 928
1510 1131
555 817
1879 1098
495 1467
1248 1868
412 170
586 724
1310 1339
392 307
431 238
961 182
1995 1643
1576 1485
2173 637
1467 244
1194 826
725 1276
1271 2053
1497 41
939 1299
898 1252
530 1470
1005 855
527 2148
113 1081
1810 1494
2061 689
1337 345
859 1579
961 1916
1359 33
1868 228
413 200
982 2135
1046 2118
871 1690
1760 673
554 135
1711 1513
2173 39
1455 751
75 1636
1741 784
884 2206
1437 1385
1582 1481
1333 1856
2163 1867
1474 194
805 890
64 967
933 350
188 1014
523 605
904 1657
380 1203
895 1914
2023 2135
1866 743
1859 976
290 329
152 2198
1362 1388
750 565
240 1023
695 1433
1257 1564
1933 383
1798 372
728 108
1800 313
501 1691
506 1761
2005 3
1306 241
84 1918
580 162
1442 1769
1229 1343
1146 76
593 178
961 868
1882 1904
215 1737
1105 458
644 1569
1963 1475
1672 1765
1120 778
1442 1213
421 1533
558 620
695 2188
1168 516
831 2013
1412 1480
914 57
2058 2194
1945 2192
983 1733
818 159
2080 1701
2105 2063
1690 1773
1719 636
1785 368
2209 882
757 1926
2061 2142
1530 544
427 1261
154 273
1567 614
848 1401
749 1220
1673 1660
673 1987
2062 1449
553 467
1079 180
1157 1613
171 505
963 185
1811 766
220 211
388 2126
1059 1164
2023 1927
1656 1458
1642 1928
601 1676
8 2028
1229 1281
981 2005
9 1469
1042 1947
411 1619
907 1517
628 984
683 1859
1271 1832
0 1831
1413 280
772 910
1861 1386
893 1008
458 836
44 1711
585 2007
1640 1364
429 1497
288 234
1607 1261
637 2182
1000 1330
196 1876
1205 914
2107 1794
395 74
685 1516
38 681
623 1031
55 2147
1540 820
220 373
2177 661
409 1496
1309 803
2061 1272
1792 515
331 144
569 1418
1460 790
50 1537
1692 1527
1745 1881
1315 1512
881 322
359 1461
514 1795
229 1141
818 2124
2101 224
1157 60
1196 532
233 2089
1693 1208
1096 1748
710 633
1687 1433
223 1709
2119 435
547 1203
1118 341
275 1930
580 1695
1714 1223
1357 958
1387 1253
107 1521
422 825
255 185
1841 459
2090 1386
510 945
1119 1463
2098 583
827 1862
578 446
1604 1658
961 211
409 2031
1176 1958
1 1077
2156 1257
841 792
416 923
625 559
804 1717
1564 171
0 786
95 1406
1974 96
1402 1041
187 601
700 983
626 1392
50 213
1500 620
855 1281
1505 279
2106 696
823 590
1020 712
452 781
2032 530
921 1054
1132 2189
1189 860
1572 1537
260 1512
2177 1500
1605 1322
1602 1411
1594 383
1130 183
651 757
471 2062
1035 2016
1394 66
547 1980
240 821
309 414
1081 447
31 452
1700 2042
445 1175
1212 268
1690 290
832 654
1346 2103
1053 1384
1118 1879
1993 1029
538 2103
716 1306
337 1092
1476 1153
1275 2097
1208 267
1236 1163
311 729
2074 1182
2068 2044
242 1210
1230 972
1106 601
2036 1583
1323 1577
1590 38
105 650
1542 1527
272 1707
258 404
2213 972
802 1844
186 94
1787 1387
1610 1358
521 1975
1814 1289
1641 1964
1837 997
660 559
1193 1844
412 1028
505 377
288 575
1261 2090
957 1161
373 1678
1986 737
1121 2058
213 2141
831 1879
1210 2093
604 1692
1456 2026
1806 20
1420 1375
925 1917
1310 770
965 1000
44 2066
2011 2078
1054 263
515 1923
495 1672
1866 330
55 814
1803 146
170 2105
1922 517
168 1117
88 733
1959 339
1475 2046
1480 251
991 1637
582 1185
544 32
2022 1175
371 103
75 1669
283 1411
1204 680
741 921
404 1195
158 84
2100 426
605 62
1076 1127
680 1822
1746 247
1776 583
674 1830
723 999
559 1563
321 395
288 2073
1720 599
1086 1830
732 1354
388 1471
1783 1819
1000 1
1136 1336
543 757
1555 1595
777 129
355 2106
1843 40
1017 2018
1087 1735
942 1456
455 284
1905 612
2112 994
1306 780
1355 2118
1129 487
994 804
1396 173
2199 592
602 2055
2018 2044
186 850
1803 653
1832 1055
1704 1796
937 1845
1213 677
1740 2074
1526 418
1550 720
1985 860
1339 148
1020 1697
1642 945
0 1227
517 1650
62 288
223 1959
507 1221
1359 17
1725 725
1371 1958
1417 1570
1439 2022
554 2006
2111 2028
1202 1222
1541 301
15 196
1138 2056
1946 838
591 2006
565 756
438 2166
428 1509
1079 1542
220 1100
2008 1695
1832 787
2063 2104
328 1056
1949 1326
2129 638
30 670
1935 595
1140 216
1221 147
1775 522
865 1495
1642 1225
115 1151
1254 128
1715 481
1529 223
2071 1639
71 383
829 1806
395 1253
1591 2095
1120 1101
133 2214
1786 882
1481 866
753 543
2067 1462
1366 1475
774 2125
1275 1924
1470 755
560 98
162 33
886 1211
134 504
1440 862
628 668
800 1803
781 750
1140 1468
926 1735
94 11
1129 1527
1553 968
2020 170
713 934
240 594
2059 771
192 1678
1200 436
532 1740
1717 1952
1376 2077
1240 1458
974 872
381 1560
206 462
598 889
382 1471
541 1894
1181 779
565 1573
1877 1120
1594 1825
1792 1390
717 1398
276 1312
1928 1701
529 601
1256 1105
1247 1557
2142 1487
2020 2062
1570 167
1724 1627
688 414
1414 1270
827 716
1406 2013
826 238
743 176
1000 1485
117 1543
939 451
556 1511
2202 1553
1691 584
1915 690
2155 1179
650 876
442 737
109 1413
59 1551
391 705
1731 923
918 2005
115 59
367 2006
1611 1718
346 1210
474 1029
968 1351
1387 1731
249 966
762 1368
448 1713
1978 540
1465 948
244 342
1296 1299
1321 567
1749 1178
994 210
967 370
2090 424
1575 833
1671 1453
1473 37
1505 397
556 876
331 232
2022 1801
516 1455
1924 190
2182 339
1836 1802
1073 659
19 2022
52 1112
1209 1691
657 1927
1507 1712
635 551
1423 1949
425 1568
2084 496
1377 1043
1884 1117
1302 1668
569 1805
1974 343
100 58
2114 772
1947 1890
1773 1992
1770 592
132 2140
1833 1987
486 508
453 2052
778 816
2160 2139
1279 1435
786 702
568 193
657 662
1563 1072
617 1566
1875 583
754 587
201 1521
167 1377
2153 1154
170 2005
377 2180
468 1651
350 524
23 336
1250 782
534 53
298 1185
1862 1563
465 1443
914 1113
2195 150
653 56
611 1583
2098 443
739 2171
893 559
1010 1055
1124 1600
489 122
253 80
486 1492
736 1710
1228 299
85 2003
1311 200
42 136
2047 1304
951 1233
1987 1135
926 1753
1775 1628
1827 145
1641 947
1277 2192
236 942
364 660
799 441
1320 1126
1557 1039
2192 1406
2074 1631
804 2193
943 1000
1630 217
1281 421
667 1879
1526 2198
112 127
1236 1528
860 446
469 1835
115 631
17 1777
817 1966
1914 1347
798 485
1207 245
750 206
2074 1404
1358 461
394 829
1346 2209
1487 78
617 123
24 807
1 102
9 138
1676 1810
961 1111
379 1915
2118 1007
469 714
2070 2014
1815 1763
247 306
1051 650
775 2129
413 1189
719 1551
710 422
2196 1362
142 763
2133 797
1603 1469
1511 644
934 987
1122 1671
644 979
1313 1209
1519 1760
1537 1200
923 1809
747 242
1798 987
1526 663
1736 222
1253 205
1941 796
866 1660
348 1693
2083 130
1994 1968
297 63
1639 1707
1729 651
798 1871
1663 1509
1235 112
442 1264
1878 667
1998 2004
2171 828
351 626
815 1256
1414 1080
336 1006
1547 1205
1217 1563
1262 1017
1085 1515
1385 977
965 1944
1648 358
943 454
1916 58
1056 511
1786 419
1192 2021
732 460
175 1709
1652 494
1884 939
1958 1165
821 1812
2099 1795
889 1836
1770 2122
1049 26
1098 1767
554 1790
1676 1138
262 1807
1501 1971
1440 354
1088 1431
932 1141
1713 959
765 18
470 1536
1005 2172
1266 1475
1052 2091
844 474
1698 4
1046 548
2198 963
813 12
859 1192
1832 509
43 404
321 828
1892 456
1370 1302
546 810
1500 90
786 511
2100 489
148 1707
1927 1772
1664 1163
191 1195
1833 316
336 686
948 1496
784 1448
1894 919
2214 454
1596 117
179 1857
1351 765
187 620
2209 501
982 81
787 1025
1915 1349
497 1984
1968 1013
545 38
563 1016
1571 1978
1898 544
1717 1242
754 16
684 253
608 1670
1791 1772
1048 2127
1464 1684
403 1298
810 985
129 99
236 602
1377 426
1515 1265
1965 1654
1416 1252
2018 225
1236 1127
1442 1294
156 1179
2174 1598
371 1259
310 1235
1537 1210
357 1090
1442 558
267 602
539 1648
1532 585
274 2089
1597 174
1328 970
1212 711
1415 1315
475 99
1909 28
1339 1968
581 1765
1542 1779
1849 1248
5 665
1147 751
844 866
437 873
432 2071
96 886
1511 2033
2134 523
1664 1943
330 2181
1851 93
438 1045
705 437
1512 431
1484 1278
604 2198
1030 1957
852 1028
1105 1831
2086 2152
1136 1228
2125 1620
1624 1341
89 1801
1954 453
1110 1948
1458 1883
172 754
1677 481
1997 960
1210 1502
609 550
121 1660
1705 1487
1304 683
1315 1875
1775 2035
804 297
1485 1160
1062 1314
1270 511
693 1351
2147 1393
1489 233
1092 1638
1960 2007
982 481
1595 1640
2030 2181
1980 261
1558 1495
771 1136
1390 2072
390 1262
531 555
2036 951
2060 16
1366 2066
1564 1815
345 263
10 1556
130 1539
934 606
1720 688
1088 809
1416 1098
2053 258
1704 491
1848 1394
234 96
790 434
1884 592
900 1614
193 86
320 1649
634 179
633 374
579 932
7 1662
1421 864
188 1387
2021 880
1479 160
49 438
562 117
849 1900
988 1550
1479 1349
983 92
169 412
2167 1198
1523 795
2115 1895
717 1402
1975 1742
479 1859
1050 1859
225 1627
1629 332
1343 181
31 1728
799 443
70 649
1817 778
1794 1552
2000 1738
833 1543
374 600
1568 216
1988 673
403 1249
155 967
319 49
467 2208
1029 1766
560 1271
1971 2008
1224 2188
1405 949
1979 2098
1187 10
627 409
38 2016
503 112
903 1145
1731 683
1886 99
384 877
1951 34
694 556
527 1935
1584 1598
587 1916
1615 1050
1586 1771
2153 202
552 1372
1146 625
1134 333
2069 664
1954 456
1083 346
219 1093
115 1547
708 738
1378 212
191 650
1618 1249
1372 436
1588 856
1300 1054
1378 971
1901 1212
130 1141
1042 514
663 254
1480 704
1721 841
1261 1474
2179 2003
793 17
1756 1688
112 838
1539 1163
248 1003
1792 265
346 935
552 1795
132 1011
1683 1563
998 866
1336 1318
1242 1645
1019 1506
2128 434
1623 1128
843 1124
1029 2193
193 465
1529 1657
771 64
1490 464
718 1325
49 1579
1707 948
1655 464
2061 585
885 841
619 176
2006 421
1059 616
1583 161
1675 1106
246 803
871 188
1674 530
275 87
649 211
888 463
20 189
1117 247
1995 316
882 20
1686 1037
939 667
1798 1758
1976 2113
1966 1733
1247 1573
2202 207
1816 971
1066 1314
1747 567
1587 1891
1311 852
1058 4
1292 1269
574 402
50 379
2085 951
958 558
230 521
523 765
2029 2033
872 1814
1850 878
2171 1725
1981 1149
976 608
2129 1914
315 657
1433 385
2157 2209
2046 558
1399 1146
1894 194
683 755
1789 1209
2053 336
2179 1300
1771 883
1151 2146
1297 1919
1148 1690
432 1145
2037 2061
1313 241
516 1427
409 976
1725 530
909 836
1977 610
1114 425
370 1288
915 1959
70 946
975 1248
1205 229
1476 786
772 1503
1098 857
1620 1367
1759 509
1095 458
1514 607
870 1206
531 1172
1219 102
156 1223
963 146
1289 2152
1758 1254
545 1475
1349 753
1024 1658
236 398
9 1273
994 581
221 1331
978 1929
1706 2111
1559 1097
1791 1596
594 1039
541 2046
1689 1519
1148 2045
1934 888
625 261
156 1679
303 1041
1953 1558
1115 1014
1258 526
1012 1476
1551 698
1714 742
685 2072
1677 666
604 19
1492 743
1080 567
2143 1506
612 1203
1233 1680
42 1228
645 185
2019 1922
1121 1417
410 638
77 2100
1655 1305
83 2192
495 408
2047 458
1571 321
150 140
369 1389
1576 390
932 1928
2162 465
1650 762
958 745
257 209
983 368
558 2115
1890 446
18 730
1583 126
602 1434
1417 225
2056 92
1683 424
32 1949
2165 1229
339 327
1470 1130
1621 1883
1474 2143
23 1236
513 1362
610 2003
1523 477
2021 1595
1309 1041
404 905
186 424
2023 267
284 557
873 1466
2095 512
411 1434
1123 410
1773 142
1652 1568
1466 1493
48 1410
2013 191
1840 747
2039 897
929 185
165 101
186 1476
305 138
1861 1832
1597 488
2202 629
1468 1680
776 2066
1841 775
872 944
985 1448
1619 1974
1889 24
1436 334
1457 154
1208 455
604 1185
2013 553
350 1280
363 815
99 2130
2124 1889
1858 1609
1972 1647
425 1523
1383 1412
2196 1577
1042 261
929 36
709 1652
1082 94
1594 245
929 2151
549 2049
1132 1566
2 493
451 2099
870 677
1470 766
1733 231
45 1012
466 1429
1013 1760
1614 1281
319 118
103 326
457 396
1835 1882
717 8
181 1873
1019 1190
1816 677
1891 157
517 1697
1665 2165
468 1060
2105 1480
470 1659
1925 1210
469 1753
170 2111
1987 343
605 341
1587 289
1779 2067
370 1015
984 867
2038 2069
653 805
26 903
633 350
1947 1775
1024 133
850 1783
1837 2167
1091 171
281 1488
2015 1232
1061 1620
174 152
1355 1513
852 1555
1176 201
1336 781
2157 1036
1221 1096
391 2035
697 301
995 548
2028 1816
1877 1518
999 1192
735 831
968 709
260 761
1188 420
1428 1892
1349 350
118 304
1010 1832
479 420
916 2112
1176 906
2079 1580
769 511
161 1445
238 827
1225 791
1595 839
707 1060
1904 471
2051 509
198 1547
434 2079
1888 1493
1737 158
2151 36
243 1886
226 1430
1989 645
708 2011
771 252
59 343
981 1238
1379 1732
1662 403
858 2022
765 2159
839 2100
378 1275
652 1847
2069 1982
676 571
834 1991
1872 676
1966 255
1882 1647
1372 804
1323 1457
1425 912
326 591
1568 1594
1151 490
2075 1601
256 2040
339 1105
704 861
2067 1791
516 1512
534 947
271 1187
1054 275
848 1750
1917 1094
1779 2080
244 602
1216 778
1063 2066
41 737
838 1963
1507 54
1524 2084
993 236
71 522
1076 1093
1825 33
1145 247
723 114
1858 377
2055 114
2 531
1285 316
1367 400
231 1112
1675 1043
614 1454
378 1773
380 569
1810 1924
1453 148
594 1019
1117 266
1675 1354
1329 468
492 623
653 536
2204 1873
1398 1591
2082 2007
1705 938
1708 1732
829 714
1089 1320
1871 282
2031 2016
643 337
1249 620
1320 2065
1812 467
827 824
2188 1776
483 798
1791 1582
983 241
728 1966
1267 220
529 282
882 2009
1358 689
2120 474
2159 412
107 1474
1826 81
308 2159
210 1876
1991 2049
1512 1649
1139 126
1057 171
1338 1847
1186 1550
1498 1566
1889 1551
1126 443
2053 1031
624 1768
591 1342
1946 1342
369 1122
1691 1729
1390 1611
2158 735
698 405
858 1820
1367 394
532 1906
1621 1618
1270 1702
1138 1127
1603 820
1121 1339
104 2034
777 1147
469 178
1886 493
1126 552
1717 254
1954 2207
1822 1915
2099 1505
857 863
2143 1011
197 581
1846 623
1883 674
349 285
2170 12
1010 2201
7 1897
1828 1969
642 957
1446 926
769 1218
1829 2030
1453 1707
214 240
1888 447
1354 803
904 1153
1186 166
775 836
1438 1497
1359 534
1264 1444
86 1124
2140 547
1409 1947
757 1988
1588 1904
1716 1249
1660 715
2149 1928
2195 769
1264 937
1933 581
392 574
815 1000
552 0
846 1210
1024 555
718 377
1889 1586
73 507
755 990
559 1873
2144 2164
1686 627
804 594
981 1395
87 536
1085 1579
50 1869
1226 789
1354 1098
1367 155
2 127
1215 874
246 184
892 146
1153 175
827 561
1849 1758
22 593
458 539
646 1676
1105 178
1963 164
491 1906
426 1508
313 2007
7 874
164 1
1739 677
913 938
158 1312
2126 2204
1786 590
363 2181
1895 1636
1916 917
1906 1240
1197 211
618 495
730 355
1433 1181
1681 256
848 1599
1886 408
325 1508
1147 1667
1338 803
1261 1057
1201 83
1270 467
1254 39
872 1697
301 1055
327 1752
231 1207
1618 136
876 1094
946 238
876 1873
168 1897
1443 1622
546 1545
144 1377
2055 1988
2110 1773
2147 702
382 1133
671 777
1532 208
929 1844
568 2004
1669 1210
1543 1668
704 1653
2033 1554
1054 1775
356 1552
1776 407
1774 475
1570 1107
476 387
1316 1335
427 1242
2047 372
80 1201
653 84
1421 1328
83 2007
1672 1813
1276 327
1553 1166
2037 1007
2042 315
1211 423
1708 649
1071 2125
952 1545
98 1877
1021 1203
2029 925
1375 312
1236 596
900 558
1332 1254
1365 172
1638 185
2103 1307
2131 1512
146 1406
1398 1532
1484 75
2065 1749
184 342
1806 1502
1653 23
532 621
1556 598
2149 290
