106 1574
586 995
412 771
1307 1192
16 814
470 556
1295 1538
727 886
655 1981
477 1618
722 507
1822 678
2122 2175
1848 242
1355 684
1974 359
2005 671
260 1555
487 1279
447 237
1397 499
879 847
1960 1979
592 174
481 1013
183 870
50 680
1178 566
1905 1841
316 1237
1009 1144
14 1949
378 1874
1629 482
483 1739
18 506
1679 1430
856 1475
333 572
1154 2193
97 761
1744 825
130 110
997 1884
157 219
1903 666
599 1107
803 64
804 931
194 899
2197 1972
2025 1473
792 513
1898 1175
537 1785
71 616
1870 2081
1482 225
130 1036
2203 209
154 584
875 911
600 1763
1971 2207
181 1052
65 1757
1610 399
2040 1202
1193 779
944 2189
1671 298
166 1542
1636 1685
239 1933
1630 1829
1718 1840
897 247
1148 1279
2012 1474
2038 314
2085 692
935 336
571 654
1642 1667
2088 77
395 39
1793 1802
941 1235
761 590
240 1882
1833 119
315 659
2207 1188
1117 665
221 1392
1392 545
1244 438
1960 224
344 149
517 1507
647 878
1068 1503
2013 1652
588 1987
1130 472
2203 479
1537 501
813 1775
1602 1920
244 53
1955 1500
855 236
1538 1803
39 1803
810 796
1280 60
2002 1933
41 500
1539 512
2118 1685
1993 518
1791 1120
271 447
1920 1014
728 328
1084 1456
1651 1554
1290 919
1093 219
582 1931
707 1384
420 1045
94 735
2148 929
941 1842
1363 1317
682 2203
1951 1042
107 518
191 1603
476 880
1862 2049
1907 2110
1693 1490
1581 2095
382 1417
1806 332
1110 409
1083 1326
2208 2136
1713 1118
1228 44
201 1412
2098 346
1751 1967
2076 509
2186 368
640 665
184 2038
1151 558
409 1418
1835 1382
569 1894
924 817
1165 869
1871 641
1712 1245
2088 934
133 374
804 324
2043 164
358 147
827 372
1540 511
1331 1675
1156 158
1429 2079
531 2189
552 606
160 309
441 784
1837 866
1077 1596
1817 437
2123 500
2054 1271
1265 782
1055 1910
245 1305
411 1684
784 788
2191 926
1178 1738
622 1988
97 1646
886 106
901 1260
1400 1330
646 1624
715 1847
1591 316
1480 649
79 418
1683 407
1632 1803
176 1233
87 1254
30 821
302 197
1879 694
150 1617
2017 190
1830 2004
518 1656
569 707
330 1320
615 134
1916 1241
1199 2082
1361 1768
1581 1400
1005 567
614 1620
180 337
1176 948
849 717
229 232
2045 1692
1150 475
2197 1071
2092 1601
644 1154
1728 2086
863 1844
1055 478
1652 212
873 1285
702 1178
696 650
1208 1905
1549 1450
131 357
1154 1861
904 1361
2067 820
1144 924
1686 1887
479 1448
1081 1634
134 1884
2152 517
786 1439
1798 311
567 353
692 1744
661 284
2019 1580
1033 2085
1103 2101
1071 2042
656 708
1134 544
1016 1089
866 414
1719 1912
506 625
1123 2077
1939 1773
2174 1851
2090 868
1025 1457
1690 1241
853 974
1358 510
1182 1151
1957 2107
557 1679
1968 1806
763 1682
441 1806
977 1192
2212 2147
943 1529
2190 474
692 1586
286 1316
1377 334
1996 1333
1166 34
2171 382
2116 45
1453 610
1960 1614
639 2031
153 995
398 213
2012 1469
518 1545
224 314
210 275
1544 532
196 1977
959 1509
142 1878
1229 1209
1343 2060
968 199
1384 533
628 713
835 1502
691 414
378 1005
1041 903
1056 1627
925 1579
873 655
1809 1646
1621 658
1223 889
675 796
187 529
1277 560
714 1935
1135 1988
941 871
1122 199
333 1528
1151 993
1256 1531
386 193
165 1705
2026 2207
832 710
705 262
383 2078
310 900
939 1479
1303 1765
1858 786
1609 1901
1121 470
1631 1475
1367 1204
1698 1997
1430 1197
1927 172
226 1059
1180 1495
1908 271
35 2174
1875 625
413 1662
2118 272
639 1735
1954 258
2051 599
1027 2035
2167 2044
631 1648
1635 451
301 589
1745 736
347 1312
1850 637
1034 760
976 197
539 556
1275 1751
125 2145
1229 921
1590 446
1804 1023
1477 944
1607 504
350 731
581 1681
569 398
335 527
359 2193
1164 1114
1021 1450
1763 1091
1513 1938
1459 62
1824 1313
543 498
1367 494
1292 1722
303 1271
913 1838
1807 628
1355 1985
556 1112
1171 1170
861 406
2052 748
1400 786
699 1464
2199 2108
249 1699
416 1666
1418 517
517 552
1646 171
1000 1545
2135 617
1167 1402
854 1537
975 993
2009 1141
859 644
2110 374
229 1885
2148 728
1369 1094
679 1296
565 1032
1386 1771
603 1813
506 68
505 113
1901 1120
875 384
655 1007
2143 1635
958 31
658 1512
54 1704
1967 155
2173 522
1847 508
599 1414
1829 1070
1838 1559
1327 1193
1547 1532
1217 1524
1196 726
156 58
673 286
1347 1074
1367 1054
722 1374
320 257
2027 1104
294 1090
570 1020
1908 77
1989 1414
917 1620
1329 145
652 1149
757 1099
1755 1295
1632 1311
1654 983
889 1450
1798 1376
1654 1216
12 1443
1464 597
1130 49
585 355
1638 80
56 373
484 720
835 1744
1036 113
1028 1757
1767 2003
1531 1547
2070 649
535 1285
178 1017
1039 1131
415 1688
1039 1778
1719 879
1780 1927
615 144
1188 705
1183 1361
290 1250
41 651
1988 965
1187 557
959 1644
1604 1169
492 206
2197 1253
1718 1819
1015 1995
1297 1099
741 779
33 938
1912 1497
2124 1936
756 390
2178 1305
834 851
1218 2106
1333 1393
215 1017
1331 1640
1862 1141
524 481
976 2093
1731 1159
601 850
961 1479
1000 870
973 1691
294 1986
542 2156
2033 573
113 865
1939 488
2202 2141
599 760
51 760
2119 996
1799 1175
103 126
1242 1543
998 392
45 1663
336 977
269 1717
1266 1413
1723 278
603 65
1210 390
2063 1594
449 1871
1277 1299
2177 100
1651 1703
596 1142
269 22
88 1212
1511 1491
2016 1247
2144 993
1922 1037
182 52
1833 937
1163 1800
436 760
270 1894
1084 571
113 1302
534 1143
435 391
275 1554
2006 1515
2174 1033
445 1573
1974 1285
1723 451
772 1865
1828 4
1538 1819
941 634
1899 209
1726 1003
132 1018
977 1453
238 40
1460 222
1512 1920
1563 1471
413 328
1070 510
941 1059
1053 1533
975 1353
36 716
1089 2075
9 1097
230 1531
1508 290
1444 999
556 439
119 2212
962 523
837 191
1022 2152
1079 1267
1656 1542
794 2056
961 1316
303 419
1325 1672
1231 408
1030 1939
2116 1114
125 1067
1135 1501
437 313
1525 926
367 69
763 1278
0 1985
957 847
615 564
496 1144
2072 816
1619 114
1752 618
1034 1232
561 2186
104 819
1136 2175
1503 7
647 510
1367 1969
1211 71
416 39
214 1010
1736 2072
30 1104
413 765
654 981
1836 2005
433 1180
1539 558
465 957
451 152
668 1475
910 1958
1089 1659
644 710
1293 453
913 82
430 47
1948 235
466 964
1633 1299
2141 1247
2148 1362
2177 872
932 1516
1274 503
66 2032
2139 335
338 1360
1397 599
1456 1290
2073 1463
670 116
323 1417
344 437
1391 1328
1883 208
54 1408
114 362
783 555
67 209
1757 302
159 1623
27 1705
2094 1373
94 1718
606 1409
1683 1081
990 1816
1350 784
319 785
783 548
1596 1139
615 1628
392 2121
511 1596
320 664
2193 1235
1466 54
20 1704
1507 1769
1165 1599
451 1796
612 1816
2007 2028
442 505
1826 1735
1520 750
1331 484
765 1702
1775 109
335 1349
772 1899
1559 340
232 904
876 692
743 1179
2172 1507
493 1263
1993 1792
1168 20
812 1213
1025 1627
319 1805
1735 882
176 356
1211 2204
1089 1254
821 478
519 1177
1526 2071
372 310
1645 26
517 2187
1202 1456
1700 898
791 749
264 1029
1880 35
1385 1680
685 741
1822 836
1159 861
2131 772
788 1556
2187 1507
945 1362
65 1246
2168 1470
947 1145
1172 1804
692 1597
1021 1220
2024 1089
1067 1549
1806 1912
1478 1684
677 1887
2214 2144
502 1704
1248 2015
335 1930
1579 354
1561 772
1716 1020
814 1803
196 6
630 929
1702 1504
438 1363
282 1649
1432 722
223 1970
613 776
1060 2091
677 2185
1766 613
781 1799
1306 1651
10 966
808 1223
1501 1767
969 679
1240 2166
696 1668
497 841
213 346
580 327
2171 1709
203 1815
1458 450
594 1290
156 1707
1915 409
2064 902
1825 353
451 1872
111 1254
1521 1190
642 1545
1189 638
1030 722
1244 566
685 1975
1646 2185
1032 1401
815 2146
356 1297
26 750
1750 1633
196 933
2199 1470
1682 1969
42 1346
1516 1701
47 1998
1111 27
364 821
972 1453
1589 858
562 1742
582 292
1499 26
1111 2097
753 1664
20 2014
1056 1397
2128 578
581 2089
1453 1712
1475 1557
2137 821
509 1132
819 968
1564 1917
260 826
826 270
824 884
1343 579
1880 692
775 1569
398 1537
1666 241
188 191
2011 881
1032 913
636 1317
843 926
310 1534
2074 842
579 1496
908 1520
1086 974
1792 1746
576 1085
382 267
1022 2090
2125 728
263 628
1774 528
328 743
1001 1405
1515 1341
1904 1818
1404 1341
548 575
1681 751
447 1646
1125 421
893 214
837 470
120 2170
732 2204
336 1754
1062 613
1556 688
1156 988
1579 635
914 137
827 568
39 1252
161 1637
567 540
549 1669
391 1541
120 1175
2091 259
146 974
807 1272
1024 461
703 1302
1955 1573
908 1285
516 1393
1877 1927
70 85
189 1756
544 1604
1596 1640
1908 593
2128 638
779 1333
671 2201
1819 780
87 1592
591 1608
614 840
2047 1047
1316 622
2015 1719
964 2171
2124 709
1913 1491
288 1835
2143 91
162 1999
1213 159
1268 1138
1300 1969
1512 1563
2071 416
1841 847
1450 877
1630 1546
1966 1929
1745 1828
1019 81
1944 2125
442 1731
772 277
495 1614
1269 952
763 475
44 486
936 11
1014 2206
1579 1648
1007 1476
1463 1558
1100 734
107 1431
570 1343
931 1828
1455 941
137 1213
2187 737
2142 180
1293 1275
1895 1488
1049 1708
1514 1579
2107 1404
1316 1260
830 986
236 2128
1110 1473
1798 168
2151 569
761 1639
479 1015
2153 471
777 1938
1339 1746
801 689
1164 2114
1852 693
1620 1179
1980 17
1625 956
1917 64
1246 811
1348 1914
85 2052
1645 1206
1738 1704
1640 1421
85 275
1751 229
1677 2125
734 1038
784 570
1909 827
16 432
1254 1788
362 2131
484 913
1992 573
2054 305
1627 1030
517 1273
1754 219
440 647
135 1006
1259 1314
552 1784
1948 146
1780 504
1324 1504
1647 1977
548 1215
1580 786
2130 376
1052 2174
2196 445
584 2161
645 2051
1573 2189
1324 952
882 234
631 520
1478 277
2013 11
1776 1716
18 251
809 1301
922 1549
2170 2115
452 1090
1473 2116
448 305
1702 894
356 1393
1945 2074
645 179
1779 1159
1286 2098
830 1600
44 224
934 1163
149 18
1692 1133
755 519
2203 1889
143 1230
1961 852
1598 1813
2115 1169
822 635
1501 673
1077 871
717 1284
2203 1159
648 1758
816 341
1603 1056
372 1862
1765 2091
2042 1512
1926 495
925 767
169 57
263 1439
441 1647
840 1841
1022 821
1971 1119
723 1322
192 1214
578 1760
1886 1429
1969 853
1358 596
1562 690
1559 1243
2187 706
1921 953
1902 117
1531 519
1029 2184
1635 1877
1704 1009
1023 204
1423 1690
263 1542
997 290
498 1260
822 355
148 2142
1608 2068
569 2161
349 269
2205 21
1755 1373
1678 2162
1575 1884
1614 1902
1863 1384
2031 1669
2040 1541
183 1262
2199 900
1639 374
1244 1028
547 1119
1868 391
1419 54
1878 55
442 1337
684 1833
840 1480
410 1447
1485 418
1187 44
1622 1201
765 1296
1274 1011
557 998
1132 186
101 644
995 1861
355 474
1572 1562
2005 1323
1539 34
1588 1963
128 1221
1410 1613
978 1783
244 457
1276 1463
382 1332
1453 650
1038 1799
204 1432
1693 792
74 1412
1262 593
2183 807
75 1445
1582 1385
285 171
539 2094
568 51
1137 1448
1920 507
1982 1677
810 704
1164 1117
658 117
1403 1415
1991 1865
2119 2087
150 592
1345 1909
1897 1214
1646 102
1783 1935
1175 629
9 954
836 2141
1183 1360
1159 901
1779 1656
1148 814
933 1055
1133 1570
66 1892
586 124
939 870
6 1615
1991 317
1581 911
1842 1142
504 215
1203 2119
270 1833
106 207
673 1802
752 2189
1961 2098
1358 267
1988 672
1305 1129
1984 1344
156 732
836 1104
1740 525
560 734
1753 353
1681 1836
1037 346
1790 2106
1497 688
1787 1996
1464 1018
427 181
1558 1887
361 1358
1647 1940
1463 1199
536 968
2100 2142
551 176
1896 2093
1338 1407
2020 845
1998 1410
1106 1956
1765 115
36 1988
1192 1317
1301 932
26 141
156 1264
1090 731
1593 353
1858 2102
1554 730
81 1746
760 2087
210 1804
778 1701
1517 1858
85 1192
837 271
1636 850
1613 450
509 1562
1552 20
1733 2135
852 1352
717 660
124 644
733 783
2012 1078
1062 1907
1485 1291
1887 1902
2079 1437
1588 1955
1135 1508
423 638
1031 2174
1750 732
19 186
1836 517
658 983
220 351
2001 739
663 1855
373 1835
1887 843
566 151
1198 1917
1546 821
128 182
692 1296
2140 951
2206 1542
1536 346
1113 265
945 157
1540 1221
1154 1085
860 586
2095 28
2081 362
118 911
1377 1919
2184 1203
1840 292
368 417
673 1337
1528 1156
1792 954
1823 671
358 1782
1103 255
1119 1575
362 15
963 2034
592 596
75 651
941 1211
2148 2037
1007 24
2099 825
774 1102
444 232
1799 874
1089 1721
1309 580
1359 696
271 624
520 674
545 314
1679 523
467 113
963 360
1178 353
1976 2032
1588 1726
966 2076
753 1020
2209 1608
1093 263
587 1741
920 659
1044 1915
1106 1349
1091 874
1834 1614
526 1744
2000 1388
828 1108
2050 1420
403 428
228 1378
1674 979
710 74
333 1973
772 1295
302 2178
1202 796
2135 2080
941 438
95 34
349 1059
667 1917
2026 1125
2072 1318
1519 505
1172 694
236 1107
1928 377
79 2166
1196 835
248 80
1583 1248
1719 1659
1116 1712
1024 1353
1775 887
736 1750
1989 828
2211 2121
2090 527
909 1061
1969 2098
1916 1296
1921 926
515 330
57 1763
1964 2179
916 1889
1852 1688
830 1526
753 930
828 1425
614 1012
865 1069
587 1392
2172 1365
779 1332
788 1334
271 649
1105 269
1831 1941
1102 2154
1975 2175
359 646
633 401
1719 175
2072 2180
1869 915
625 58
411 83
1579 1707
814 743
59 1761
1832 1033
57 2009
1198 103
765 119
1586 2068
1668 494
962 1886
731 1432
1071 2170
73 546
2138 1981
1471 560
1137 2202
1041 60
1977 980
1452 1225
1060 1634
2199 342
1971 2175
1757 1135
563 1308
1389 427
1515 692
2004 1357
110 540
1645 1022
1714 1120
1908 887
541 2141
1179 827
964 188
1643 159
1511 1148
614 421
495 951
1126 494
1132 77
331 880
1946 2123
1570 120
1439 955
1156 1457
1145 1414
1772 665
1836 2
210 265
795 2130
2207 645
1681 384
1828 590
1757 1395
1128 1113
653 1238
1187 517
1918 281
438 1712
1912 1171
894 22
1013 1079
336 1830
2021 234
2030 1875
649 674
1143 1861
1095 30
921 1301
1610 987
1840 2191
1449 1681
1092 1937
1493 2160
2079 734
829 669
572 1825
1016 1101
121 1614
298 2143
2137 1218
1012 1709
147 615
784 1004
565 7
1521 1012
1911 1347
95 787
1762 60
545 109
1487 424
1476 732
500 1306
354 698
858 1211
1064 1929
205 466
1530 831
1762 970
151 67
1775 1363
69 1338
598 1462
80 1029
1004 1576
872 830
1713 432
914 944
2092 590
309 1147
680 63
1434 1331
542 1096
1831 265
1028 249
152 2173
1940 365
1958 1517
651 1584
1144 1569
1101 951
1047 95
41 654
1213 297
446 445
2181 1088
254 2185
1926 229
799 1967
1599 2048
1601 1094
1484 1129
129 152
1241 414
1618 1697
1754 953
1819 1766
1527 384
710 1378
344 1544
1391 1895
137 1362
2026 726
50 4
440 1622
1107 2118
1676 1210
18 791
1650 2134
1646 256
465 822
368 849
74 145
1188 516
861 827
1181 79
763 2190
646 1380
997 1408
890 855
819 939
423 672
2088 917
2064 200
1521 725
757 2069
200 1181
369 262
1153 928
1863 995
434 309
901 1113
295 1571
139 1754
1555 632
1022 1807
1911 2001
28 1141
1909 2020
1248 336
489 180
1383 211
1637 770
1060 1812
1236 861
2055 730
72 1766
2071 1638
804 1800
1913 207
425 1625
1625 815
68 841
684 401
743 579
41 1810
1467 766
1834 964
102 1673
806 2022
1264 974
747 2181
698 961
1626 296
1426 1107
1330 1202
1165 942
2018 1191
691 1641
274 2022
511 410
325 825
134 1573
1614 184
1288 855
396 599
500 303
2149 1429
2112 1213
338 758
1671 1864
1139 92
2193 1685
1940 1283
727 647
1292 1814
972 8
1509 458
2170 2016
1004 49
917 386
1414 754
1974 1262
1887 1461
1314 2112
1448 853
295 131
194 133
1661 1754
546 1067
1863 1831
1594 1631
414 1012
1504 2039
1821 1287
1372 245
794 1543
215 1660
1585 1023
363 636
511 462
761 2155
787 782
2052 9
1811 1041
1325 1164
292 1407
542 757
540 285
1830 1125
469 1625
877 972
936 1944
36 1546
229 1384
1563 53
1104 1251
206 620
2118 1380
805 239
1921 739
1233 385
1431 523
60 706
763 1989
74 1847
299 1529
1959 972
2195 712
2076 1645
873 1955
1299 618
1589 117
1472 154
2064 2164
1220 1048
1168 1900
1980 1613
1059 346
2057 607
1224 1139
1534 1996
661 2100
2137 498
1728 1984
2208 1101
168 1682
469 1969
2105 99
285 1933
898 493
1878 1232
228 2076
1472 236
2214 2115
1328 1697
1727 984
1241 2188
1167 1632
48 772
774 140
940 292
1349 174
490 1791
1793 821
1463 919
1777 633
1357 1007
731 1391
1949 1709
947 624
1430 982
127 54
643 77
879 970
1893 1863
2075 546
523 1164
824 193
1489 56
2091 1386
2143 1725
1159 1303
293 2094
1107 1380
2076 702
859 1084
574 221
240 845
96 305
1378 1422
1101 1416
157 1924
101 2054
1578 1115
210 620
2197 1563
2195 760
301 1354
129 1886
187 1842
1373 336
249 1804
666 1871
1940 1240
582 817
1984 132
1845 1588
598 615
94 1112
761 2190
325 1638
1788 2199
2050 1557
1457 1836
1449 697
383 1215
974 1130
1280 839
248 2023
1112 2096
2102 2195
777 241
1860 1137
6 281
2155 2025
1799 1063
466 1842
828 768
1910 848
1674 233
1416 296
1592 707
89 1132
664 926
391 1984
507 987
1319 843
2161 1981
1140 1662
1263 1778
983 1507
2074 540
409 1975
2209 2143
893 1881
935 1678
885 62
498 829
1057 2083
1916 493
361 194
571 2088
1600 1492
1181 2003
1839 2046
1973 944
231 1698
1370 95
930 1840
1492 1189
1034 495
1868 1429
187 513
1882 870
2128 1990
1436 540
775 1138
1785 87
768 291
1346 139
1800 636
1217 1816
1936 1737
1947 814
728 368
1295 1227
2155 1851
1634 622
388 2172
77 276
89 2154
1602 440
331 899
484 745
1806 1381
728 146
1775 1624
338 1190
232 1797
1680 1
1169 39
1579 314
1853 1186
1369 250
1952 2004
1968 761
1098 1727
1462 790
2156 342
2088 994
1679 735
194 573
1285 247
2134 122
703 1762
843 1793
1527 858
99 986
1350 538
1669 479
1493 1732
1039 740
1839 100
1337 130
1641 92
2072 1573
370 150
1830 514
405 1707
589 12
663 988
1136 1775
687 1365
1609 1058
64 2041
560 170
1782 1922
18 1787
1923 586
7 435
1580 2110
1920 980
1413 738
1873 1254
1488 1965
1707 1648
953 1907
869 1993
1825 241
711 1793
1347 1753
1042 899
1480 650
351 770
1683 934
66 2101
1906 97
230 297
1990 1609
443 2142
1208 1349
1953 637
1330 766
1689 1427
560 276
911 1536
1609 1604
1104 2109
882 836
2159 1773
239 1249
976 1246
1206 1651
1865 294
1720 2159
860 1596
587 1389
713 715
1118 2169
272 337
1476 1003
858 705
1736 554
497 548
1205 1363
651 2201
401 119
341 872
1394 38
551 97
383 708
1434 601
1182 1300
1496 1069
1300 184
100 263
770 765
210 68
1762 169
833 1847
1435 1207
352 1816
724 2016
2080 1442
1157 778
935 58
52 1923
2023 1417
1530 1494
2192 2066
1969 1897
1794 1211
1913 1045
1301 30
939 96
659 1707
1072 1506
1587 1332
1497 691
1421 384
1748 231
1403 119
260 1038
1494 2042
143 1053
176 938
904 856
1705 1090
359 1969
686 264
1196 646
173 1385
856 956
1201 593
2126 661
318 689
1056 1482
2149 1023
256 1548
2072 597
447 935
1842 1047
1034 844
165 477
1964 918
970 456
473 994
1720 1607
672 2093
130 1895
1197 475
892 1593
1793 1595
546 2028
493 525
302 1382
1366 350
2151 1416
1287 184
206 1105
775 1889
1596 338
430 1835
1836 1971
2 2038
1631 43
1672 935
1078 476
1045 285
2067 882
2062 1307
1007 158
159 556
1839 834
2013 440
302 1224
237 1073
1185 1414
1176 940
2088 1163
1498 1407
1155 2185
725 1444
23 512
1419 149
510 1377
1863 939
1860 2118
924 731
2108 1363
243 1279
4 2098
1812 1621
313 1982
1349 999
1132 215
898 1848
2187 544
130 1876
123 2205
101 251
1906 1633
947 1540
1205 1002
2028 1734
420 1102
1702 930
1615 420
294 1302
389 446
1177 872
570 382
1517 1557
1053 1517
1451 108
1923 968
283 1367
808 300
1478 464
1652 1754
645 2208
1677 202
2091 1604
1756 1593
68 2055
658 1932
281 786
354 651
209 1041
282 581
273 1130
1623 554
1822 432
1233 91
193 1221
42 1889
263 2053
784 684
1589 744
292 1926
1007 266
818 1341
178 357
7 855
85 1227
182 1963
1848 1584
1366 76
948 1632
1981 1351
1724 1732
1367 596
330 1938
2048 980
1966 1432
1983 1649
970 1916
679 571
875 2056
1270 472
1263 1177
1112 1358
746 849
1334 884
2009 1096
1735 1869
2183 1576
2090 1372
1285 925
815 167
2186 1861
1249 1266
531 1390
1317 64
2086 89
175 587
1938 763
1202 28
671 363
368 871
466 1532
622 1111
1079 1827
261 1772
1938 1255
1952 1146
96 611
1533 2008
2140 427
970 423
117 1230
611 932
557 270
693 753
2171 441
1931 937
2042 450
1425 1612
1897 1473
1028 1307
1979 307
1422 933
1457 238
1098 730
1434 542
624 453
463 2143
866 528
1447 2162
841 1528
231 1155
442 764
2084 729
2117 455
351 1869
2190 316
915 2136
1156 462
1084 646
2057 1670
1747 1284
1597 662
538 1967
1914 80
778 2124
1132 429
60 508
1332 484
69 1573
79 831
343 2071
1924 601
740 2184
2024 895
295 81
1194 1416
969 1619
752 194
506 1090
1774 1240
1643 1033
1408 439
121 387
600 1414
837 1247
591 167
1006 533
1843 85
666 2054
728 433
2020 214
1037 2125
1708 1315
1182 663
1917 318
1304 245
1923 1482
2085 1760
351 1918
1595 565
1644 454
1670 1727
1410 314
319 1910
899 69
1393 1572
1266 680
88 1461
263 314
404 1240
316 1272
443 900
2052 1729
2048 134
613 1080
579 521
1459 46
1646 1708
811 865
2129 339
1399 1181
158 1883
430 893
2144 1469
313 890
2004 425
160 1448
64 116
1262 350
435 403
2061 1407
611 1134
1036 107
271 1111
1840 932
625 328
1253 2020
1978 454
1216 1346
323 1724
1253 360
867 787
269 647
1187 371
1176 1119
519 2123
330 584
2145 449
422 791
1064 1147
150 739
1838 372
1753 1245
1146 27
1479 403
1585 1050
1770 1402
969 372
980 1516
1972 103
34 1074
446 487
259 663
1530 1549
319 630
1048 625
2172 786
1535 899
2201 1609
2156 1870
446 1380
1732 963
337 441
824 706
1090 2187
1738 1744
1135 2109
1712 191
254 1023
977 815
318 1050
768 1720
892 1224
457 1932
1512 1562
1501 1887
1776 322
757 559
390 1067
1326 38
1336 1559
495 720
1106 1842
1329 2202
142 1272
641 904
306 302
2111 2106
2015 1668
181 126
1705 1338
1817 1968
343 976
97 536
2107 333
1459 1084
586 1272
1335 1707
1594 583
403 1690
592 478
507 1856
298 1148
963 884
475 860
860 565
1727 1042
504 1113
609 891
1484 548
855 1726
241 464
1012 2042
280 2192
1587 1595
2181 1485
1264 1684
956 2073
964 638
2067 1084
1208 1643
1385 1253
931 981
713 1288
772 819
1654 801
2099 903
732 1569
1234 1415
921 628
1783 1091
482 315
1551 1134
1581 18
761 1039
47 1480
1425 463
132 797
357 1951
537 1168
1015 1053
687 1543
2115 1936
38 169
2211 957
298 243
1565 180
1496 1081
362 268
1933 513
802 922
560 323
1499 1781
1085 681
2192 939
2140 1145
642 1402
209 2173
296 2141
1446 2182
1789 505
1797 1241
2127 1863
689 1984
490 449
1911 861
1251 1682
2116 1592
855 776
72 410
2210 1681
451 373
514 1649
1413 1775
1699 433
1664 76
262 453
2163 1373
1964 1300
1841 1806
884 671
229 1033
920 551
1344 2132
872 1601
600 1618
1985 1703
520 354
712 2062
2007 677
1958 1778
1280 1327
1838 1352
479 952
494 1950
1236 427
2144 608
1303 1840
1396 1662
1410 2195
43 1498
1557 599
170 460
1852 489
719 393
1142 2050
1685 1891
1872 526
1440 1452
949 292
1034 386
177 1333
1546 133
155 2130
2089 269
1838 1009
1247 286
493 919
1484 1615
2185 1762
1486 943
660 350
541 573
564 682
410 282
2082 201
1092 2074
346 389
2005 383
1202 1294
402 1436
947 410
553 78
1565 1472
466 2214
885 795
1375 2020
1877 591
1308 1805
1342 474
1917 89
740 580
1295 105
1679 1151
1086 1637
1003 606
359 815
213 1455
1729 161
1590 1772
1661 1915
900 2172
1082 2208
151 221
1433 1568
153 1981
1635 1466
1799 908
754 802
2191 2214
1297 1967
2181 1284
2045 1516
1620 2107
1156 321
1343 513
1622 1234
1142 982
472 850
975 1272
1389 2053
1081 1654
866 2083
2142 1034
1644 611
384 567
679 71
1022 176
402 584
1557 1919
1574 1352
1554 873
1117 716
394 505
2020 1838
1520 2092
1065 937
2201 975
110 318
57 2200
1021 987
1782 1432
565 698
1424 1274
2003 1429
406 1135
1049 1501
537 891
2129 311
1794 1646
676 399
1828 93
766 2110
383 1263
2023 365
156 1848
279 2089
1304 1103
665 1043
1584 2161
1000 668
444 840
787 636
1954 1283
1883 720
131 1397
628 105
1842 1734
1532 105
501 2151
104 1604
1413 653
128 909
1822 2171
1202 885
1872 564
107 249
1561 951
1603 992
444 588
1508 895
1469 780
1855 7
1503 66
1143 643
1288 917
2050 1865
688 1340
1189 365
582 2055
1754 315
1819 1195
160 77
925 1327
335 562
1307 274
543 1177
2084 766
2070 1567
1000 1946
1830 697
696 1763
2170 764
1445 1899
792 1237
28 622
1001 567
1741 1230
786 171
141 1442
1350 2139
1621 1755
1692 1723
922 964
920 53
1049 2166
513 92
704 1427
115 764
263 202
1917 488
1163 1366
555 1989
321 980
355 813
823 953
1193 807
57 1352
1923 1539
1838 1659
1896 704
272 372
453 291
1336 956
1707 1326
1452 1905
2000 1153
702 820
680 1788
1586 1894
1794 2037
1370 1220
835 1354
98 407
1186 365
16 6
800 946
1641 1174
47 2169
385 1319
265 266
2116 1515
1635 427
1266 2174
2119 132
158 532
2137 1826
1302 123
1483 752
315 2199
574 1205
899 663
123 348
307 1619
1448 919
1650 1700
161 567
598 1949
1798 1645
568 1656
1274 752
2162 51
1368 1256
252 1228
652 48
785 879
1879 367
825 131
2170 1184
1313 192
309 1796
2046 1160
457 1205
935 1419
1487 1248
1227 1236
2064 314
1163 920
510 699
32 1509
265 1649
555 897
25 363
126 382
1050 1146
240 2040
1052 1359
754 1604
1325 1397
78 837
1583 1204
1055 404
180 1512
1450 576
965 99
434 227
19 2183
1382 164
103 1579
52 1759
1557 1263
2157 471
1217 2196
674 1321
1281 48
1493 434
628 33
780 332
1564 1419
1766 721
1798 2094
1158 1873
2106 1021
2011 631
105 1068
1133 655
231 278
2174 2141
2099 1178
681 1737
1805 2206
713 74
640 416
1445 971
1595 314
488 238
365 1233
2109 1265
437 652
1649 2055
1685 1310
1090 1675
691 723
858 1758
1931 1245
484 208
1295 233
1831 316
692 1468
1167 422
873 655
1144 1255
1430 2099
1774 1093
403 1992
1336 1296
1592 1071
781 102
1334 1500
1367 1458
1166 121
403 698
229 1956
463 1210
299 967
1968 1209
1158 733
2174 135
240 909
675 1359
717 1329
1820 608
1047 275
486 1609
374 275
299 372
18 1322
582 1953
2175 992
64 2138
599 1044
1278 1097
724 654
1837 388
1603 1458
1210 2063
780 815
540 1667
708 629
1394 1787
1258 1406
35 69
444 871
395 1871
987 1143
1055 854
216 116
398 1659
587 2120
197 725
1548 1308
482 1793
1489 949
1051 1684
652 1450
1753 981
172 1411
758 2151
2184 578
1315 1721
430 16
1693 1393
1676 2012
1171 1247
60 884
1424 620
507 1778
2036 262
883 1066
27 597
1875 1897
1856 1282
1226 524
57 421
1216 1444
970 1162
1322 1060
1016 1786
335 1573
352 2079
1181 2003
1957 1112
1558 1472
416 1566
1425 1661
205 668
2192 1692
825 1700
1612 71
513 257
2085 1224
297 1527
72 24
1384 1498
87 285
959 669
1943 1352
677 2022
1837 911
880 1991
1578 1816
2185 1934
1264 1658
1142 1141
2035 1649
377 1197
1057 1595
47 383
1838 1456
1788 1565
815 1838
1440 88
35 116
499 1433
1705 1890
277 74
1579 1262
1302 29
811 207
881 568
1014 1653
22 608
255 1634
2021 999
2029 884
142 1246
1672 954
905 1042
942 259
84 281
768 774
731 1183
1069 897
1294 591
1054 1051
581 1895
1807 1323
1844 1287
1029 1039
32 1477
931 1752
463 571
1817 959
1641 322
222 736
1442 466
1629 1584
1079 1714
1966 1960
1256 1740
871 1080
1963 1193
249 1807
1016 2080
1261 658
1465 1370
189 100
1719 205
659 1543
33 707
1291 1207
1058 2080
1430 737
55 415
670 537
313 1974
1994 829
700 263
1496 1082
340 946
557 1850
69 1779
1973 552
2196 1366
843 1661
1633 1684
1052 858
97 9
2131 283
1210 561
598 242
284 501
1992 1059
2065 1867
1763 2065
27 423
194 904
2065 1896
555 151
1042 47
1529 359
23 429
2198 1845
415 1678
1348 2197
595 1211
1186 2153
2073 1929
1156 1489
55 1190
1436 1073
1498 448
1903 2173
2108 713
1105 556
1828 1688
828 25
1151 101
1692 1243
592 49
1235 1834
773 1981
1601 371
1464 1153
1776 17
1295 1070
368 1670
638 523
99 1579
0 555
1196 1612
1398 507
2083 1365
2016 594
2029 1262
589 643
413 1292
1531 1309
924 509
1113 2188
390 1998
2074 1769
429 558
812 1641
1407 1757
1428 1266
74 671
2154 865
1258 100
1716 195
426 2180
1740 772
139 2214
1654 1835
1197 2130
784 945
359 1383
211 1808
189 610
1014 1147
1714 921
1778 1547
808 833
1390 1954
1273 658
1044 955
173 1779
339 748
1489 1467
901 178
897 1957
281 1597
1970 1158
76 1803
1770 1697
398 1997
206 1208
1215 308
978 504
692 818
740 1249
772 1869
369 382
1328 257
1452 230
1768 406
489 1821
1216 2120
1879 1836
1594 635
670 2144
517 30
1387 346
1607 1293
584 1343
196 382
1291 1427
302 42
1270 707
1622 1508
2021 545
465 1355
1876 1523
381 638
14 1909
2056 113
758 267
990 949
1598 67
1227 1054
182 1370
1696 1661
78 1346
2211 2122
791 1432
1936 1371
1611 1207
1174 452
266 60
365 1374
1828 1209
1186 1112
122 1581
1119 307
2167 1867
1588 1750
2195 342
950 366
282 1489
1662 1607
695 1087
1726 478
2176 139
966 1906
1183 558
474 24
1896 579
260 343
232 588
1940 953
2075 1443
1108 632
2001 29
728 1323
481 1866
211 2030
98 1666
603 1212
1290 327
802 2125
1751 913
783 880
347 681
1198 731
2135 315
1442 1860
1140 1694
55 474
1762 572
1746 2102
876 2021
2164 1753
789 834
1480 1268
684 214
1460 645
379 1271
1812 72
1060 758
605 1664
2009 806
772 2106
487 598
2195 222
1895 999
1242 822
90 472
1340 1201
612 102
346 145
836 1560
533 2026
1439 1222
1950 1356
415 1992
2073 353
480 1701
1353 492
1959 2100
156 1544
726 150
2035 2024
889 204
2186 1950
1593 1785
904 890
1572 296
2002 1127
1072 2210
1990 2087
459 450
2157 160
944 467
1001 1596
1961 601
1762 1417
1934 45
1780 1827
1351 1764
169 117
2157 534
177 1901
1772 720
319 1778
1505 381
33 452
929 1484
497 485
603 1858
726 453
1588 166
69 1877
502 1829
1933 134
30 1187
1306 2146
1612 1111
884 1912
1289 309
2163 2073
615 2025
800 405
289 1497
974 770
728 1313
587 2098
341 1475
1141 1880
2032 1555
817 1160
638 406
1980 85
1124 908
244 576
555 859
400 1294
1200 637
1391 1600
181 1774
1324 334
1834 1940
1036 993
1720 3
940 285
546 1930
1994 2168
2135 1321
544 1747
120 722
880 528
488 1405
1363 1570
1063 496
395 865
2003 1946
890 660
714 726
1274 271
1855 1400
442 2159
1806 458
2005 2047
2135 1569
2065 1061
1031 215
1919 2162
1620 897
407 1746
587 527
283 225
1472 1509
2091 1804
861 2079
773 1482
1721 417
1957 348
1010 307
2113 1293
2205 2141
1838 170
1231 344
738 2141
122 2161
1603 760
1477 258
558 2040
1610 1920
1680 442
827 53
476 227
1353 741
2089 1856
235 1468
957 1683
1001 1449
1223 456
62 294
397 778
1574 1561
1597 1546
641 1383
1988 1499
2056 2065
1821 1233
594 1260
9 510
1776 1979
1028 1651
2171 1128
2199 88
1438 583
849 180
2116 804
2123 877
1934 354
2038 1196
1087 303
1319 2172
1114 1240
627 71
1521 1051
1327 1658
1731 351
1913 1997
48 980
808 1782
1819 726
760 1901
1651 1154
934 1635
1454 1810
1320 60
2025 1485
726 742
2130 1892
1123 711
504 1047
1189 1790
631 1845
1742 1815
2131 1452
132 568
390 1023
1091 553
1472 1102
2168 302
668 1941
999 991
41 1444
1241 1945
963 696
242 560
1912 242
221 1926
728 494
432 1471
1714 909
888 355
858 1935
1597 390
1970 2021
201 69
1773 483
1030 1471
1446 1253
1520 1492
1426 75
2200 848
1396 978
1707 2186
694 1974
1512 526
787 1843
1423 2093
1977 738
1859 1118
132 699
1372 1938
761 379
107 2204
438 334
473 319
2202 480
1003 1051
1852 2012
117 1521
169 1016
1430 299
650 1497
1461 2060
1097 529
949 770
1769 429
2121 494
1035 55
1130 1309
72 1437
1251 1800
383 2140
480 2039
1584 1666
560 2118
1381 1998
250 1985
1509 1007
579 7
1835 92
1145 1885
1744 1961
1692 608
1761 1100
1920 2131
646 538
1804 2142
1010 1867
119 687
168 2018
1359 995
1229 1417
1502 2114
27 427
873 356
1896 925
2007 2142
1444 1530
1454 1220
1701 493
694 1653
1382 116
36 1755
1340 1931
1103 285
1747 1404
743 1821
1881 1885
1478 1733
575 636
1987 2202
366 104
1767 1578
691 1626
326 1776
1458 909
1694 1566
1526 1201
1990 182
555 1940
1636 931
1833 1639
530 1737
738 1001
1995 577
128 1240
2158 680
0 1741
1419 1837
1720 2131
206 683
1292 1286
1345 884
271 1781
613 609
720 44
502 292
0 345
911 2050
2006 1382
526 2118
230 847
2209 33
509 692
1426 902
975 1670
2085 1506
903 342
865 426
105 1602
1662 201
1536 198
1682 1498
1196 1544
2211 671
52 452
1261 1617
1266 868
1403 1839
1794 341
1503 871
2185 2133
247 1387
947 889
1216 852
625 113
2104 1570
1952 126
535 660
852 1064
1304 430
1537 1985
873 1507
1907 335
2132 2
433 1740
532 1499
1262 895
433 1663
1456 436
541 1137
754 546
644 464
724 1095
1728 860
1770 213
1539 1886
133 1069
1542 2082
2163 1700
1453 1138
1431 1670
1196 2022
1500 709
507 939
1329 369
2016 1400
28 1328
1707 226
271 31
1280 1082
306 1134
2104 808
94 964
1724 607
347 774
109 637
84 647
1320 1656
759 1405
721 1201
973 107
1134 841
2021 652
1731 150
543 1540
1104 1528
809 1200
150 466
1648 1444
1182 768
1463 950
175 1813
729 695
1884 375
2127 1746
1515 1318
860 1399
1131 1883
635 65
653 1287
1693 858
475 7
1651 988
2003 1672
2025 1418
36 1332
1015 429
1360 1278
749 249
452 676
975 2120
1261 244
2037 1569
450 1243
571 985
50 848
1749 80
163 1208
987 1766
974 890
1540 1472
55 905
963 1787
680 590
2052 666
878 1035
160 840
523 1337
573 705
1287 411
1778 1511
1516 2039
1405 1917
861 647
1874 638
1537 1233
899 413
1497 54
155 1225
1039 1462
1751 64
352 1189
1303 704
2127 834
1737 1098
1005 1015
14 1013
1694 448
1423 1740
1046 795
74 1657
2163 368
1352 1662
1402 397
2054 1583
237 1271
359 538
93 1024
992 742
523 1586
792 248
1555 640
1304 1998
181 1037
519 1954
1481 1962
1033 664
1977 8
2001 874
1370 485
41 1443
760 724
572 1846
868 1555
1051 896
1706 1908
2186 209
2021 982
1432 1929
1662 1318
719 1247
171 521
590 981
1471 644
2053 1965
1395 1223
1234 691
199 522
64 17
1594 668
63 2192
694 231
314 37
2108 0
900 1932
565 177
1389 1582
2132 1787
524 2130
1681 1293
1934 1981
791 2183
1457 1237
2202 1987
1264 820
1907 1735
44 1407
1427 332
1450 694
1936 779
1123 1573
1247 1133
1265 594
926 1201
1224 2160
366 127
1332 483
304 189
489 597
1676 484
781 341
1449 1376
1177 154
1554 1756
286 1271
421 462
2191 1624
4 469
308 958
1934 1686
137 1100
1148 1537
1234 1413
111 1677
383 484
22 202
629 1307
159 776
413 2045
526 20
390 819
87 1820
440 1764
2119 1340
2169 944
87 1326
839 2158
345 1480
801 514
330 771
2029 639
1304 1981
2074 1936
875 1882
965 160
2006 1309
1840 514
1021 452
1309 88
300 2051
1738 236
1728 370
1682 2181
1818 2097
1664 2058
487 1371
734 215
256 1308
1987 549
1337 717
1667 1999
741 2137
24 985
1681 67
307 1881
679 447
412 1169
531 1473
1617 849
1882 1245
1995 1083
1803 359
1875 1768
238 721
1580 1816
1573 333
1486 2050
1162 1373
576 493
628 847
2141 1009
908 1430
1717 261
162 646
1927 552
2000 1135
1381 1560
733 1070
730 2110
1076 2059
1244 837
1717 255
900 1297
195 25
214 388
1810 38
1286 160
1851 59
1778 1888
2047 77
1450 1032
2035 1334
1420 744
2156 582
1089 792
978 557
641 279
1304 489
184 756
472 503
1328 2019
2139 1429
1379 1089
245 2124
149 398
1516 1785
1127 483
1123 657
840 768
1549 448
381 2095
1372 1884
17 2139
970 2172
237 691
2065 2009
2044 1187
630 1559
972 1308
230 1304
1197 1487
1202 1874
1043 973
2078 1277
747 504
884 1331
135 1534
441 38
1632 1207
1859 1101
2077 2059
699 738
1386 2148
1341 1760
1887 1822
290 2189
1294 1116
1355 2132
1340 350
610 1387
1640 1015
1861 119
931 1341
1413 693
1080 571
2007 1279
364 1928
1479 564
2201 496
582 539
680 1978
620 2036
991 809
1279 517
1428 326
805 1094
1714 2041
2102 450
1740 1036
146 346
2180 1449
1059 1479
1120 1447
1075 1035
493 90
1498 908
818 809
1862 59
1450 810
1582 2035
1715 1978
1352 1511
1532 992
1714 1210
1156 441
620 1155
176 281
1542 323
475 924
2109 343
913 1749
354 216
1729 1686
1955 36
2070 1660
1243 285
1123 688
1860 295
116 1313
491 203
1047 867
1967 2005
1922 1295
332 696
1620 1143
1757 714
1614 1879
1618 1567
1580 1581
442 2007
661 81
1645 1801
2201 1210
1775 326
717 2149
1010 921
172 2165
765 154
1572 1159
658 562
236 1656
656 1359
1730 1842
1234 1239
645 1468
519 1491
260 386
1789 1400
1842 513
992 960
1820 2013
1380 2063
1217 442
1226 571
740 1869
1075 313
153 1194
387 276
893 332
355 1923
33 941
1704 1811
1848 634
35 935
2159 5
1955 171
1747 1222
802 31
670 815
814 1976
464 1911
2181 356
1114 1786
641 2096
1796 235
208 2209
2062 59
1293 1896
1117 46
122 1617
2008 163
750 116
1775 1218
3 1522
459 35
1242 640
1079 2023
832 1956
786 542
1312 676
1462 1112
1842 216
7 1843
2177 1183
835 293
1284 357
1107 24
712 481
861 1738
1935 168
1377 1695
583 1
237 754
329 1574
1736 2205
156 390
694 1701
1383 551
1331 1621
427 403
1901 12
2201 243
2193 419
1831 1505
316 1174
1393 254
1174 1650
873 1863
2 444
754 2195
1088 956
622 2016
1453 1942
314 1747
556 260
1332 740
1050 477
1986 1498
243 1637
1871 1659
1070 1765
121 673
1078 2177
2106 1892
1325 1223
2034 809
1672 2214
1498 989
11 915
1218 1875
277 1674
41 1021
1145 188
179 4
1642 1297
416 1848
213 128
761 1127
2170 106
1689 1112
1028 1420
1004 168
2174 1448
1663 419
193 709
1030 1648
289 1924
796 1318
1525 1645
1095 254
2032 1653
370 1074
758 209
756 1416
453 211
63 1279
2031 1463
1549 2161
1533 1459
843 1372
641 1165
2112 943
685 687
158 1595
792 716
1893 1567
398 1611
1479 1750
570 2117
2154 155
1720 1708
523 817
1239 1599
1561 266
1931 72
630 258
358 1515
822 663
853 1887
2117 1040
1537 1311
911 414
1648 660
593 229
2046 1677
632 539
1659 1360
2209 1958
28 1563
2114 1931
689 464
642 2080
1396 1953
1618 439
1207 1480
481 161
707 1211
1900 2150
804 946
747 73
193 212
1921 446
1191 588
515 903
875 1502
863 1332
1261 1966
1670 170
792 482
1048 1372
1398 899
586 1424
907 1178
1801 1123
37 1283
1217 293
821 1418
554 1762
1705 64
2066 764
1535 809
1025 249
2085 1345
994 404
952 1531
1857 989
2107 432
234 1330
842 1003
1622 2130
357 2064
924 1028
844 190
519 89
447 1600
106 784
1589 949
742 219
2036 61
1025 1675
405 2167
143 737
2102 358
1415 723
1011 1953
1557 436
666 983
1939 1153
1467 672
1877 910
196 1793
2122 1800
1611 616
1029 971
2153 83
1754 1449
1145 276
873 234
94 1146
1529 1511
1771 1488
1201 2008
1077 1529
2119 1410
405 28
2083 930
424 1254
1251 842
1199 720
884 1759
1465 1725
1935 860
2121 2194
567 2194
60 374
178 1981
1368 851
1165 1508
2044 1900
1594 1
649 946
185 2101
847 2057
1201 589
526 342
1302 2102
1671 126
255 1369
911 2068
1911 1964
1193 1302
1353 2063
1842 390
1313 1189
74 1952
101 1957
1266 1884
365 2150
1579 1660
1335 1988
689 1995
555 1917
2078 1636
782 1853
223 1734
778 1152
420 1928
461 1854
1434 12
924 1663
1154 1995
1540 7
652 1088
493 1792
1478 1139
2110 2078
411 472
1341 1839
1415 125
668 1331
1374 469
980 1559
81 1501
2139 843
443 1205
594 1989
1669 1031
433 1471
2157 435
695 199
1158 218
744 1545
422 992
128 645
58 203
512 187
1800 317
1225 822
48 330
823 892
990 2209
1442 442
1254 1256
1625 18
37 39
1290 1287
1054 1956
1493 1895
1348 1487
211 377
691 1955
485 1910
1819 139
352 842
895 2060
1518 1153
1 1939
1691 1564
1501 231
212 499
226 1182
187 47
1259 1488
1624 2053
1478 1528
2115 1400
980 1765
366 448
1596 1531
1124 1523
312 1801
1823 935
637 1265
1714 1055
173 872
1173 1603
1581 1284
2188 1136
1615 2073
560 1303
1920 906
214 1531
1424 1556
1513 1681
1023 400
1938 668
1578 2115
1897 1824
1062 967
1958 1582
2180 386
1493 273
841 843
46 541
2055 920
1042 1631
906 1360
147 171
31 840
403 1810
836 1593
620 1559
419 1557
887 1097
2044 1806
584 189
1831 1062
1454 1718
516 32
48 1659
35 1349
1973 1080
1377 408
2023 493
386 883
2074 914
658 774
2170 392
844 1169
992 1574
761 1336
1624 1194
1985 552
787 230
748 1725
1101 1275
1003 902
503 332
1774 661
1614 1397
1627 618
1242 1632
1414 126
2043 132
1693 1954
1820 1554
628 1170
695 1939
1062 911
954 1502
404 347
1296 678
894 1485
2012 1857
1897 759
1516 93
219 806
1536 68
235 2176
2042 552
136 47
1359 1009
1801 1512
1058 1030
1126 1627
1838 1397
1380 269
1139 2111
1541 661
1297 1964
2195 723
325 1697
39 1166
1640 618
1599 171
934 925
1749 2122
250 1065
1962 40
1235 1302
2182 1847
1450 1667
1991 1376
1562 135
530 2086
469 1917
620 666
759 146
1649 442
1360 1817
1490 892
380 778
1561 320
2052 930
595 1792
1545 1586
1148 803
1994 493
2123 641
1753 1975
1405 1603
686 1845
1782 1858
2024 805
1816 1757
1901 1271
1742 980
990 685
1496 2165
1828 1409
1920 1957
2145 1106
2088 1904
1783 1722
1875 2027
1349 1714
483 279
1584 1165
1532 1829
1976 781
1226 1752
717 1631
833 21
1467 399
125 787
110 1718
2057 987
446 223
763 2188
284 613
1482 1232
989 1402
491 2019
2083 383
1322 509
53 603
744 1208
12 648
2126 1076
2143 1438
453 0
1275 1116
1308 38
519 2186
1266 1796
1633 916
1592 1254
1464 491
516 755
2093 403
1008 20
2015 318
493 1193
1880 2022
1005 346
1416 1363
1252 1957
429 712
1341 2121
1189 817
2005 647
1079 1295
969 1849
177 226
2033 320
2123 677
1949 385
1008 1154
1280 622
319 2154
1443 1855
2132 123
1352 1693
724 493
1173 778
1321 720
886 1401
274 1585
1461 1969
657 1402
525 1574
1157 1027
525 595
1425 1540
254 486
2179 1176
725 65
1259 1782
595 1467
334 579
1729 1334
1731 565
1102 65
970 392
1397 2200
799 101
1908 946
48 1065
1083 679
1018 1154
153 2054
1653 2205
1129 2070
1409 1466
1121 1209
2162 1887
1817 2049
919 2065
723 1017
1981 634
141 2200
600 554
631 1556
76 2120
481 1573
1424 885
1649 1674
234 2034
1911 949
1313 1457
1912 1119
1851 1066
2140 2041
2132 1749
145 1417
1741 1336
1279 905
978 1527
118 169
1186 1349
1142 1589
2192 1081
151 254
535 814
1531 50
31 1558
578 1902
1408 1534
1168 1888
212 920
743 546
1484 1113
672 863
296 1771
690 483
1417 267
1370 522
1045 639
1608 699
38 1378
1980 482
1140 392
1678 23
1870 1610
1660 1353
652 1412
1326 71
794 1858
501 1857
66 1566
2034 1567
1083 1444
973 2099
1503 166
1432 1086
1191 667
1977 1624
742 1548
1529 509
781 565
645 640
700 828
335 230
1888 662
1309 1037
1323 1502
1657 900
1019 2024
2045 638
1116 2149
389 65
1560 1953
231 167
1112 343
184 2025
935 1936
790 1921
1643 763
1526 373
2131 1655
419 1638
1903 1757
505 1032
1041 1555
1710 2197
1126 1489
350 1615
112 995
1928 1504
1608 238
1848 224
1797 1365
1553 269
711 68
2176 837
2061 2117
1753 697
20 1899
468 267
1052 1775
2080 1823
1319 767
1666 934
2207 152
1346 1005
1878 812
1591 1556
905 596
1039 337
740 1976
726 795
1805 1488
675 670
2156 726
2021 1361
1686 570
1938 702
906 879
322 1823
1552 1598
330 784
2072 312
1840 1226
1632 335
1976 1581
2143 822
560 1879
1662 1559
1915 842
1120 501
2139 1427
1055 1856
1154 2074
145 177
1219 1228
259 1109
305 602
1728 0
1451 1359
541 888
1473 881
1854 983
1466 2175
812 1063
975 978
483 399
421 230
1373 949
1432 256
82 690
1562 487
1681 2102
794 145
1385 911
339 1508
88 2146
1469 2063
1298 423
1987 1824
505 221
1634 562
2051 1112
1526 922
1725 1141
1906 1787
1737 739
425 921
2102 694
1707 903
1223 1084
142 1581
1412 18
190 282
991 1349
1979 2131
708 1695
758 856
2160 993
1368 2197
422 2212
644 474
638 175
2176 1409
885 1924
1978 1795
46 706
1399 1969
397 1728
8 1357
2045 1231
609 1160
378 1235
889 1873
70 1250
769 1575
988 1084
98 2183
1037 1089
2150 1957
668 1968
389 1663
1570 336
531 1022
1843 2084
578 1642
227 1089
2202 212
1323 1931
99 908
1499 1013
2046 1679
1933 2037
827 1141
896 1936
29 959
450 1586
547 571
434 566
1362 709
271 413
2017 299
123 1011
506 364
1020 487
2201 1932
1833 843
588 161
2056 360
1764 2040
1261 1667
543 1932
185 510
1044 1856
223 1388
2185 1870
1616 627
182 806
198 1065
696 1436
678 1582
265 1141
588 930
622 1112
2080 798
1459 858
1910 837
1982 544
1463 98
1434 1884
1126 1568
633 1560
519 402
802 2108
2158 1774
661 565
1854 353
912 956
1552 728
672 127
1402 792
984 1956
2072 1513
2176 463
2130 245
994 773
2078 712
1983 449
935 1512
1611 990
1859 870
347 1808
927 642
931 59
1373 2182
1718 1284
1494 1637
1503 952
1705 1841
1041 29
1640 1285
325 1857
1471 1358
1956 1964
885 137
2046 693
1459 485
1408 1562
1091 1482
1442 663
327 1343
757 1726
425 260
258 113
90 1839
1923 769
1734 1755
1563 499
1107 1351
2004 1861
933 1950
1882 755
724 1046
728 320
203 2167
817 1465
1567 465
147 682
859 901
293 45
1165 488
1440 2169
1871 969
1438 450
869 550
324 1322
2111 1480
979 654
1748 2026
301 496
842 88
1348 319
2204 991
1649 69
367 1614
1694 1128
671 998
678 613
1667 1392
1675 394
1161 1594
832 788
1365 652
1301 464
1588 1744
1685 1397
538 129
798 1128
1547 652
859 1425
91 618
1565 1198
183 1954
766 1341
483 1003
291 1260
1239 606
628 1895
522 1285
2077 839
1024 1587
843 2099
1567 356
2194 99
1622 181
1187 1323
1983 1854
149 413
1606 74
608 539
1871 1438
1827 2132
1649 1162
456 1288
1176 2007
252 2115
269 886
163 982
1571 1097
633 297
251 795
1792 855
1830 135
589 1123
130 166
1622 2199
1564 1843
1190 1284
1448 1386
890 1487
1449 1463
1088 1955
1548 632
1433 1984
1126 1332
259 1141
2080 2200
1851 1248
2165 192
1128 1394
1090 1168
1137 1504
1654 394
997 1111
1099 1696
184 185
936 438
612 1464
243 437
702 1226
125 1975
2013 1911
2082 1578
664 1778
314 2214
1802 1195
1987 881
890 1209
739 21
1328 146
409 2160
1700 491
1715 1614
2114 94
599 1556
77 324
1382 52
593 15
2056 400
1362 1862
1843 335
1292 711
1277 497
2008 1143
904 463
614 1555
2142 1289
1091 1427
928 2135
745 947
1782 1796
1352 723
2184 1391
486 1183
855 1809
776 1409
1429 335
840 579
1700 69
34 1599
990 441
961 351
549 210
1833 1771
1924 383
787 43
1634 1554
1653 572
451 1588
227 1265
604 2187
980 631
918 587
379 33
883 1847
1258 2188
1543 1282
1642 1099
265 620
1369 296
1011 1709
1373 341
791 1475
1884 246
681 96
1645 130
852 666
326 1458
358 362
1002 517
925 1969
73 1009
1548 1450
556 1377
1149 2066
342 1393
1160 1532
937 1025
1332 1487
1128 931
949 1736
1033 318
765 1693
396 728
1384 1496
715 869
243 1983
1532 870
1333 1534
1062 277
758 998
767 425
1045 1542
1790 41
1238 1401
523 1994
846 653
333 1736
2060 339
1393 1065
2133 1744
1372 376
155 1598
387 478
45 824
1353 1035
150 1904
1662 48
849 131
260 448
896 831
1836 1270
254 1900
2090 208
648 772
979 390
665 1386
324 2011
1422 2050
170 924
625 328
1160 24
1695 1933
1635 2125
386 14
90 1078
391 920
2132 378
447 292
15 1562
190 1995
708 129
2150 1963
239 283
381 731
2136 685
151 58
2068 1455
122 381
1547 2096
632 1961
1964 1557
512 1298
19 1411
2189 1000
1138 972
196 2053
589 1298
1001 694
2034 1855
1466 1770
1331 657
1908 224
1418 1835
1825 1299
1770 2000
1988 2101
937 303
1535 1202
664 1214
2144 1833
543 764
612 229
1608 1795
109 309
1644 678
805 194
1471 2166
2157 544
1741 2124
686 561
2129 854
2195 672
86 132
629 884
539 1484
923 301
1113 1629
1978 1238
1819 1657
1956 1442
1579 832
1173 249
521 1895
1086 1311
1138 2155
1962 1901
1365 1672
2141 75
1014 634
84 1360
1007 1689
28 1475
928 1688
847 1941
291 1124
1346 496
192 1119
1285 1109
1441 882
1141 389
1728 793
2185 359
1075 184
1762 949
1573 1686
227 2108
1720 73
457 829
1412 928
1705 280
763 1233
987 262
2089 478
2201 87
1857 22
2068 1133
281 904
797 863
2029 833
1504 1983
1201 1314
77 704
1313 1678
1580 149
429 2147
191 1045
1774 428
2157 680
1375 2174
1136 408
1909 1649
226 1820
1095 326
865 202
1866 1608
720 1970
982 2106
513 2169
1408 1831
1104 2166
595 2161
1237 1402
280 1161
788 908
463 266
241 1346
708 392
252 1480
642 1008
2126 1222
1715 1671
988 918
1719 1729
1362 2139
402 965
195 1584
1931 1669
1420 1121
729 1432
1374 1864
1663 2136
161 237
1511 1547
1245 508
104 1337
1225 1688
1978 547
341 102
1222 2106
1828 680
1778 1876
1629 836
108 604
1939 250
1172 2176
939 1143
1639 1826
1172 222
451 1076
868 1414
1881 2021
2150 1148
1378 332
1349 365
1642 532
774 1
76 764
431 733
2178 62
1049 1415
352 936
1677 532
1292 735
422 804
768 1379
1784 557
150 433
575 930
1776 209
1969 1072
60 2041
1062 803
2045 1254
1263 196
947 689
1376 335
1486 92
1955 64
828 1876
584 1798
989 2151
772 604
1556 1045
1625 456
788 1128
615 209
883 1616
1862 589
1478 1897
119 1688
2171 2170
761 729
1391 616
348 1401
1645 854
278 942
1275 1101
1170 2145
1122 1688
25 131
601 333
1814 516
841 927
1421 1801
1546 819
2081 1903
1601 126
2205 166
1877 1137
444 878
1449 88
582 1199
1886 962
326 721
330 1007
1917 1405
1261 1968
1396 1771
1418 363
2199 1342
1685 846
928 144
2166 473
1618 948
762 967
1708 2064
349 959
2136 1137
918 827
217 2209
1949 2139
1497 1506
1705 319
1788 232
1671 267
1217 1434
1216 1959
1727 620
1965 818
222 1937
694 1917
1165 2005
516 1158
2115 180
2183 673
549 473
1299 2175
226 772
1901 760
1771 1516
1957 1096
167 388
1262 1125
1878 1602
1172 412
1290 2021
1042 2047
1413 136
480 1021
9 1313
798 165
178 332
1750 2045
1481 1748
1598 964
1003 684
645 1874
1658 617
990 1010
1078 894
832 1952
168 1117
37 1821
266 416
375 1456
1942 343
676 1949
1050 185
1059 1853
847 1176
1597 1557
63 1386
2208 1761
1645 627
1917 1178
1746 392
450 929
551 950
1071 1597
263 1362
1503 1425
506 2001
810 1409
1124 781
2076 728
1805 194
1173 1310
318 2195
1352 1384
241 221
1759 1556
1436 473
1051 695
1890 1118
1258 1120
1739 2158
777 2152
214 610
1082 2019
1036 1308
1619 627
1941 1097
1658 80
433 1472
144 843
533 144
857 1200
2176 861
1971 1136
1628 455
1200 187
594 2031
47 479
2037 186
308 143
42 1522
372 928
1106 498
450 1365
1811 1994
829 507
1271 733
752 1557
438 2032
1525 257
776 1563
793 148
1259 5
2085 1661
1521 1668
560 1623
1802 2148
1289 2003
1096 1628
127 1973
158 1923
1773 1933
667 475
987 2180
1144 1545
2106 1499
666 843
1565 594
1480 1054
1147 443
545 1217
1048 1891
695 1809
218 952
2103 1692
833 1852
946 1795
561 1950
1037 1527
985 1409
362 1683
1915 502
1237 718
374 298
1685 1520
735 663
1287 2069
2062 469
664 1822
773 1286
1217 1372
915 234
832 996
944 1291
1562 503
321 198
1776 1981
328 543
445 1948
2091 399
421 2054
947 1306
2153 32
380 1218
2096 870
1298 167
2154 646
1961 1994
1642 1186
602 240
1695 735
596 553
1322 1077
1720 205
787 1679
2083 486
999 1855
720 880
573 364
1485 1063
743 552
395 516
1388 1138
1230 525
2162 1059
1029 1423
1684 329
1600 564
1908 448
1459 23
406 2074
1587 1102
533 1751
1585 1983
2157 2046
535 796
1512 1390
1133 7
1435 727
2163 1221
1038 1198
577 1886
1902 575
1312 1618
1563 553
210 237
1332 1513
1798 628
1286 1704
126 137
1687 1495
1206 947
408 300
999 2204
203 64
889 57
551 2206
1800 1826
1255 62
519 363
787 1351
402 2148
2169 1702
686 880
868 12
545 475
1812 591
873 1128
2107 673
514 1463
1811 1055
2 540
838 1318
792 511
1299 1324
1399 849
2140 1926
1459 503
1467 875
180 155
946 1479
828 1436
1127 1
1853 780
653 1030
603 564
1384 1215
1714 1815
276 651
748 2190
852 235
1669 787
307 1606
2058 2130
1028 1175
1705 1458
1991 986
2079 2003
672 749
643 1071
119 801
225 1647
1617 779
1306 1056
500 1394
319 1827
322 1363
625 1085
794 346
1631 197
732 532
1125 1556
1522 276
2190 960
2061 487
1680 2
2206 431
1532 1111
1424 1977
2050 832
1993 611
162 1779
454 1536
675 1143
807 650
428 666
1884 1575
2005 1118
880 722
513 1386
1088 382
316 498
1925 150
885 1902
413 1860
520 1597
1374 2190
1526 2090
1537 136
709 847
1164 1538
522 212
1786 638
1134 302
575 1845
1013 1986
183 1070
789 1043
3 1310
2016 1334
1316 594
1966 16
1091 1490
1795 1534
1329 377
816 424
1414 941
598 1545
1334 1942
2025 2184
1639 1081
854 827
1646 1741
1149 1358
1211 524
1844 114
1007 1015
147 1686
1845 456
1309 1179
934 137
1697 1003
413 612
911 1448
1928 1855
1857 1789
1647 1680
581 612
724 1579
777 878
1247 1930
763 58
2086 1693
1323 804
761 1643
662 21
1004 948
1477 639
1908 66
750 118
1084 107
1777 1603
1431 841
195 1565
1210 408
1902 1715
1767 261
1589 651
1654 1126
145 1906
1995 1832
2119 455
360 166
520 2063
1390 589
1041 451
1305 1520
1396 473
1225 1980
709 1871
2201 2117
931 1791
718 728
911 831
929 1667
1088 1226
1040 182
606 1692
43 1394
591 2027
2006 1763
149 559
440 1518
1136 1326
608 144
1223 2063
2106 1375
1217 1829
735 1028
1065 2212
1691 504
1509 656
665 1972
1251 1098
1244 222
2210 1984
425 1851
1942 432
2203 57
280 1469
1468 1456
291 1911
602 1254
1602 1411
2039 570
1146 323
1010 1722
1434 1448
1025 234
1116 191
1681 312
1138 327
783 1746
1483 1761
2015 1870
142 813
1654 773
2039 1441
1205 864
1830 333
687 501
1977 2184
2165 782
791 371
1366 1337
498 878
265 1913
239 291
1795 300
1587 2086
415 1638
1996 304
1689 155
1271 831
39 2016
373 25
202 169
266 422
1972 306
1896 1028
1781 845
1181 192
607 1186
1610 1935
1730 96
1540 1064
2152 1154
707 1187
842 2190
1578 1882
2149 1539
2062 451
323 2052
1180 368
2123 897
1892 466
1132 2035
1233 2096
1923 1343
1982 1045
711 544
947 1515
1820 771
857 1354
1050 1910
2191 984
1210 1067
959 1682
226 1114
698 1512
1754 73
747 1589
1399 135
373 1085
55 1574
878 1159
1138 364
346 1213
1889 980
713 916
1636 1912
1481 231
1766 1981
1580 676
1920 547
357 1260
2133 1947
868 216
498 631
2067 1019
748 2214
1507 923
1805 996
1446 863
1491 1888
1461 1846
182 706
419 2147
2185 1712
1460 2029
1866 508
1943 607
1622 1477
2169 304
1009 2132
279 698
2212 900
486 1009
2014 1443
2176 1502
187 545
1727 366
2132 797
1925 537
1671 964
873 1003
2022 139
1088 2183
1335 2188
402 1215
1990 401
1360 987
492 46
2019 1051
