591 506
1087 772
1320 847
930 1537
555 1137
203 1246
125 1525
1015 894
1643 1567
2157 88
120 513
161 865
1335 1992
1123 317
1520 1020
2084 1536
2124 1999
1407 1773
894 1213
760 1295
1825 1034
638 182
1399 1416
1181 1061
1022 1427
556 1380
306 1878
1062 1276
1860 536
480 450
1626 345
1822 216
1256 1053
1030 460
594 1736
312 981
2199 1592
369 1030
384 2046
1579 878
1974 338
509 1162
459 1718
1664 804
1371 776
1141 1365
39 1349
337 1576
899 220
1170 137
1586 604
171 850
1049 551
767 1695
1655 376
946 1970
1574 1691
1321 1847
508 1061
735 36
1474 1435
204 276
421 342
2156 824
1874 450
517 2186
1031 1586
671 1911
2206 1409
1701 382
1044 1881
205 1645
967 501
444 1625
480 729
1626 1320
35 32
315 906
1800 130
174 1343
1729 2025
529 1001
1128 1229
1132 2075
664 1067
667 1283
97 164
394 918
828 1379
78 1214
1404 926
953 1318
1933 1731
841 1663
316 650
2047 515
871 180
287 2200
1450 1646
1065 1666
1731 490
1950 859
1717 1846
1848 1609
113 1817
1385 1507
835 1643
1959 1792
1442 437
2035 1386
1389 2144
26 54
1737 1695
1344 1310
1077 291
58 1472
1490 328
1161 1821
1326 888
1121 1559
738 216
1942 771
710 113
322 1646
931 160
137 1337
1030 1188
134 1988
695 1868
1228 1092
2161 1232
647 1608
173 1425
1645 2123
817 1312
642 379
626 1117
182 1349
369 1456
880 461
1514 902
1959 1515
213 666
1760 758
1464 1680
938 1990
255 1874
1491 606
954 235
1457 2028
1808 170
1394 1166
2060 2212
1403 918
1621 20
1713 1816
1169 106
1076 1031
580 1832
144 1002
115 797
315 601
317 2143
1398 160
397 103
187 200
639 1761
1859 2128
62 1741
836 354
539 1546
1108 862
1017 580
1126 1187
805 687
2198 1909
640 60
1829 1016
475 1355
1479 2138
1844 183
91 104
505 1885
538 941
522 1414
1156 1533
1308 1443
2047 1860
196 1042
402 326
1138 506
1821 1261
839 273
106 1104
2115 442
685 700
645 2171
896 2119
1299 310
1979 334
950 552
1372 2056
1364 1224
739 2013
1749 264
416 1264
755 39
238 652
25 21
1148 177
1306 1229
1289 1139
320 774
1178 550
40 848
1320 610
2037 1382
545 68
1232 1226
435 577
1385 281
411 545
571 293
1486 428
78 835
1906 1172
1666 2035
137 2049
1988 1156
1141 1310
1638 2145
46 490
618 359
1600 2166
460 971
1694 1049
1421 349
1655 231
1041 1380
2090 1001
429 1582
243 1965
2074 1546
1463 2178
2137 54
1783 1816
309 1443
932 657
529 1157
515 877
752 210
11 403
79 1591
736 512
919 509
2115 251
1215 319
249 432
114 239
223 437
1683 2057
160 90
663 35
1334 1042
65 1851
1963 1805
260 60
1910 193
1243 171
301 231
1798 391
748 418
3 298
656 556
1523 900
127 90
297 1430
19 76
1502 1120
624 1997
970 1003
974 1598
1509 1714
1658 1939
1906 103
1898 1433
605 1956
1403 774
1257 1218
1971 481
78 436
930 1994
1751 669
297 1997
41 2022
360 186
725 1814
872 2014
1575 266
503 1467
1358 2122
1729 577
664 1874
1777 2175
603 2040
366 637
1581 764
1070 834
729 1815
522 2160
1603 1390
136 504
2171 29
2152 1576
84 1661
2096 1586
1089 469
1783 1331
1290 1680
1553 1041
963 1573
1032 631
1753 441
1520 490
691 2192
1207 1831
1544 1452
59 1533
1357 1919
217 504
2076 1896
387 1094
564 265
586 1626
1876 529
1509 956
1727 1126
953 1888
551 1103
1173 1778
1874 252
800 1291
115 1779
2126 272
1707 1068
1575 1001
1128 399
384 1826
994 1575
1184 490
1657 603
2122 1695
1067 992
147 362
14 154
168 1882
390 621
110 2151
828 2152
1771 2077
1324 1733
150 684
1061 367
1315 2145
355 1712
1285 1298
1784 1967
578 2071
2082 1867
508 2212
899 426
1854 1875
1125 1716
146 1483
44 1258
1585 397
1460 1128
1752 1444
891 1051
1524 1239
1641 1439
2001 2145
1524 638
1688 2082
1454 43
642 338
1960 2198
543 865
600 1930
1570 593
701 1158
1398 19
1248 897
1699 107
1002 182
2165 1775
1799 1496
560 1322
1223 1108
208 1162
477 1312
656 2029
574 595
452 1765
976 282
72 1380
138 1412
620 18
1357 1574
828 1603
277 581
1006 1035
1036 1422
513 1362
1542 78
1055 1017
1711 308
1681 1105
964 252
2068 436
1824 1684
2179 559
640 1634
902 1974
103 1363
51 1325
2048 1146
709 764
1008 951
1805 1370
1325 1689
1109 1883
1896 395
944 985
1285 281
2180 1109
1068 1424
1756 1752
1710 649
953 1309
65 1484
532 608
2063 1780
1323 592
821 2024
1589 600
1416 1328
2136 816
1010 1534
1647 1457
126 940
1901 2124
1132 963
1100 613
507 74
1417 846
995 1644
936 2025
274 1647
297 29
1061 633
495 1381
1417 2107
910 1201
924 164
1925 555
1862 1070
1200 957
1037 2141
1822 1740
760 1906
1670 272
2075 1276
467 1722
550 1119
166 2140
780 922
157 412
554 143
1318 1763
720 1205
930 1283
442 2105
1244 1476
2048 2059
1018 1607
812 486
1663 1263
1614 1983
1908 1562
1903 963
1648 2210
1873 76
457 871
2127 1446
1431 983
851 379
1241 660
1691 569
1846 486
1558 1446
2087 2174
2057 1439
113 1759
82 1541
1416 1297
1323 1629
891 1527
433 1591
581 1839
1055 1284
690 2057
1572 343
272 595
831 456
1240 2103
1620 968
15 112
928 1061
2056 2189
1559 252
822 662
207 2011
800 2042
1256 1575
820 589
189 860
1275 1241
881 603
978 2213
400 616
1361 1703
1250 437
1779 1469
676 160
565 778
1777 1011
76 1862
107 1460
1199 1311
2213 1822
548 1115
1200 736
388 1369
1598 388
1440 1429
1130 965
1124 224
2049 1720
547 1277
479 152
794 1311
1234 1123
1572 2130
2143 288
1926 1188
412 1571
1086 1329
2104 1656
160 2161
2087 1001
372 1021
2045 1182
1367 2119
985 1985
840 1700
1372 778
1114 1752
1360 256
1634 2073
749 1984
1496 117
334 1982
653 1131
1265 467
2159 530
199 1479
1919 464
1617 1494
22 244
1780 1771
1124 1228
459 1396
93 2135
1382 1198
1271 1539
238 1483
768 87
1070 2080
526 949
1620 2073
1693 2169
1383 1789
2130 928
320 1133
101 1265
1735 184
1409 2085
627 1212
1296 995
1756 2086
1917 986
28 1259
1961 934
1613 256
1284 272
868 1193
619 1749
0 2184
1707 705
379 89
200 240
1721 1952
208 1641
1591 58
1793 1495
768 956
517 1679
883 1088
1949 570
579 848
1394 189
285 130
581 1611
1205 1721
1191 1233
848 1876
1478 64
634 1492
1149 1785
2029 1278
1991 1418
1278 220
386 1025
1392 1263
102 892
253 1914
642 309
1509 832
877 1362
1662 320
1505 1966
1105 1880
1369 644
1623 2028
2056 1093
352 753
1915 638
1522 2128
1966 1568
1530 2145
2064 1997
1618 794
2170 767
744 2109
2153 1965
1460 1883
1308 1952
1396 1661
1301 282
1640 2034
788 1091
981 587
983 228
876 2089
797 602
1021 1652
314 162
26 1829
144 643
1807 505
1650 1810
1419 2133
948 1153
1313 1129
1371 1278
1631 1712
1079 562
1242 2093
390 1373
1792 505
1093 742
836 740
1471 2135
1894 457
854 1812
244 4
321 761
240 450
1038 2161
2045 105
704 595
2008 78
1959 1539
797 482
1434 2013
1950 359
1372 1525
1787 1230
971 786
206 2124
807 750
2006 1589
74 798
249 913
872 214
1669 1162
2120 754
1382 1496
974 1607
1925 921
1743 760
1681 1371
1978 1293
7 1432
299 2017
921 810
2035 1081
691 1560
353 350
944 1925
1571 3
1330 2172
1309 1439
1496 31
1674 1496
1764 2072
1994 781
145 2052
1509 2184
798 1825
174 1110
189 229
296 253
639 1463
1029 860
1220 1444
186 2128
2063 1158
1647 1821
2135 2118
1018 450
355 1986
2042 1015
1163 343
1948 1665
950 211
1107 299
388 1575
1858 2202
1919 2127
1073 743
536 1067
44 506
1845 1709
547 355
1911 1835
178 758
2107 1674
1578 2188
515 1291
360 1069
1703 1364
1550 1491
699 1620
2203 1046
257 387
1466 1829
715 908
718 1517
1351 1659
169 1577
1440 988
613 997
2019 1227
2096 658
811 1591
434 1392
1451 1405
556 1495
1802 121
1498 1985
1736 979
620 500
275 517
2194 1135
1429 840
2116 226
505 1805
1826 2069
62 195
2078 305
477 168
1368 529
1350 1317
1445 934
620 782
1377 876
2070 2087
1479 665
579 2193
1580 2112
457 1702
481 559
1792 1979
929 1399
271 924
1382 750
82 1924
449 1785
1957 1019
2032 303
843 2111
1746 2133
624 1641
1357 490
1844 1137
585 1575
1612 948
1324 839
789 2115
744 1612
105 952
1013 595
860 944
10 601
653 540
1126 483
1253 612
2002 1677
1220 118
503 854
1586 1521
1146 1947
1133 2114
822 462
390 1666
1441 714
1248 743
610 1803
1793 2001
2039 715
1597 2145
1940 2158
1010 139
275 312
1638 650
775 1452
1189 1900
2064 548
2011 1001
2039 166
229 1089
73 1678
1230 879
181 1163
118 734
1674 1988
1673 923
2122 274
430 1733
1389 1244
247 545
443 1625
602 1154
2013 861
1694 913
538 1881
268 1475
1923 434
791 392
451 1524
2178 461
2080 1237
773 1063
2177 936
1311 1790
903 1408
2000 45
2060 1094
129 401
308 199
1667 1414
1115 158
716 2173
1086 362
164 2135
1294 1809
1153 1056
804 624
534 1248
248 1002
676 100
203 1409
1628 893
419 1184
472 1179
1857 1723
1170 777
2044 168
1579 1919
628 1675
248 177
1401 1477
829 748
1728 1669
1245 1906
493 1811
2189 582
1845 1859
41 1134
1991 1267
1432 1013
2190 505
433 578
1971 1874
1991 291
1277 185
620 868
1917 177
1380 2159
59 1555
1102 1372
1542 1802
1896 719
1559 2106
2027 242
1568 473
663 816
1272 993
376 1564
2190 489
746 121
343 1970
1093 2213
287 1129
1568 1457
1215 30
637 152
2140 1420
2000 1255
1429 1897
490 544
890 718
739 303
390 1481
470 442
2158 1321
739 1576
8 493
1489 776
1160 1726
2122 416
2182 790
1167 457
941 1448
1852 2090
286 2077
1334 455
1427 931
45 733
386 1174
468 770
1185 57
589 1828
976 1990
1943 1144
279 555
1453 827
2137 1838
1801 1162
1050 20
645 2020
560 1592
75 36
729 488
1494 691
554 1306
225 1068
1570 1404
1804 354
1133 1662
1057 747
428 1614
703 656
2148 1696
1536 1986
530 441
2014 404
1435 1362
387 646
3 317
348 1526
841 2088
1837 84
546 1456
1961 1577
1338 1451
2123 45
2122 2050
307 502
1419 347
1268 1331
1332 573
848 723
2104 2033
1446 1817
15 2015
193 913
1503 656
1397 1980
1133 1708
29 2094
452 2170
1222 1161
1523 1306
1877 1155
378 1667
1001 1761
1996 1863
1752 1011
865 1524
1727 178
909 573
949 93
540 2170
1216 1720
1807 478
1486 2086
2195 1774
2150 5
2132 141
401 1242
1052 1628
1694 1734
1177 263
630 1369
29 939
1152 786
697 1392
1558 515
333 1083
1451 1726
339 1892
26 1217
401 1006
1022 397
210 1490
1562 1161
1130 824
2207 210
849 1132
1108 547
1668 1784
1395 2180
1121 1597
546 396
393 1880
501 591
813 1343
725 1157
2120 1313
1400 740
310 1298
1425 113
485 53
1193 782
1621 2195
711 1649
705 671
131 1869
112 1741
1968 1289
1661 1925
723 1278
2206 1897
675 1052
803 1436
769 1381
940 1799
501 2203
671 1173
2123 549
55 1835
855 621
2094 413
2123 1369
1329 880
842 1964
403 248
1510 1545
1073 1000
511 2043
526 418
1776 635
1976 618
731 2128
1368 1217
622 102
1458 954
1188 854
1624 1103
778 54
1771 2081
1089 663
683 548
1113 1879
1265 918
783 665
2162 1078
2099 1515
1904 361
941 1972
2078 1186
1381 1492
2084 704
722 219
1163 277
1115 638
1576 1991
513 1695
1948 1904
1855 670
639 357
1132 1450
808 1575
1032 1064
967 1820
436 1272
1796 558
50 12
1134 1615
121 1118
2044 2125
570 641
2055 967
1748 2206
114 946
845 2082
1574 1368
351 719
970 1261
20 286
1808 753
2205 1197
768 1010
2142 1306
291 969
1215 272
92 598
879 2155
2089 1136
485 75
795 820
2151 2023
1193 1165
1064 1139
903 351
1220 870
1833 444
2081 267
1883 629
1478 1991
1253 1329
1331 1898
1955 1315
1436 1828
1622 985
600 1248
1901 1941
1425 2170
1984 387
828 40
2009 822
1054 1629
2200 1037
1152 1695
679 583
1930 1830
1242 1558
1119 879
199 2037
1774 2125
1165 1171
1042 218
820 1210
869 896
639 1634
1080 1693
977 562
9 400
1881 1737
753 1742
1770 77
266 1516
1109 1536
484 211
1594 1339
1894 1685
1970 614
21 106
2164 1385
282 2051
1986 805
1792 110
965 656
2127 1364
1464 534
2006 1951
349 111
749 2034
1410 31
456 178
164 1115
753 1611
1918 2112
795 1767
847 2039
1905 89
204 1858
390 2145
2159 383
948 1821
1629 1434
607 820
1256 2018
2120 1763
238 223
1505 318
1830 1188
522 935
41 754
751 263
1403 1828
916 1082
1803 1015
1908 347
752 2123
1823 931
177 1067
2154 487
492 1866
1114 2195
2099 1903
184 640
1898 1531
769 1808
1652 1240
1844 875
226 1886
947 1980
448 912
2132 2180
705 255
862 1135
2132 1918
1295 1527
391 100
74 105
598 793
1453 2090
1652 1734
1200 1291
835 755
1275 1634
1559 698
921 1329
219 1813
1155 1009
2171 735
1789 1827
903 1518
766 1901
684 1350
517 318
67 1501
127 551
1815 286
2054 1402
581 1100
726 500
1420 780
1845 1165
1967 47
935 455
1588 2075
1190 2043
1186 956
770 1558
511 2102
1206 280
146 504
849 1947
335 1188
1989 1214
1575 1138
1176 632
1276 1751
2160 1337
1567 947
1533 902
1550 2189
1143 1927
1070 1302
1951 448
758 1377
2120 898
1191 1898
512 2084
440 985
1747 336
449 1694
1272 641
2044 643
570 1228
458 2134
681 1395
500 415
1725 1885
1100 926
941 1697
1934 1075
1960 983
13 180
335 1138
1187 1256
527 1941
1563 448
475 920
2069 247
427 1029
1835 1985
1960 403
985 1804
1181 2177
787 598
2046 1143
1951 2132
908 484
1904 1088
504 92
2013 1657
458 1853
1433 234
1217 1622
224 1415
1749 1682
1109 34
1960 879
1540 696
653 1586
1311 464
2214 1094
662 270
1706 565
800 1533
1336 1614
1788 1516
2139 771
1 1074
1284 537
229 359
1119 1547
1449 1653
1551 1173
1291 42
1035 981
2135 125
1728 1102
2125 1571
1552 352
180 1114
1892 22
1067 817
2018 1044
784 1337
984 385
1002 1356
1893 1844
73 1533
197 1950
1180 1843
774 36
1952 1505
1795 1784
1712 1430
1604 1866
1004 1763
593 583
1706 1082
1319 1235
771 2041
704 1323
1971 503
2028 1227
1188 1901
1069 343
1331 1987
218 1738
268 1956
1354 535
746 1285
1775 243
1264 437
32 599
2057 1285
1686 100
595 2060
1005 731
1457 531
341 323
994 2033
951 1425
2123 654
1591 327
1418 1249
983 1676
549 277
1837 1698
1986 1693
1150 1000
596 1492
1864 1309
1489 1753
1914 110
1158 699
1466 157
1749 2161
2118 2061
1164 2137
1036 1580
1505 546
1193 966
1751 1191
561 376
1367 300
386 1126
1631 1163
92 1452
605 383
328 759
666 1377
20 894
514 1823
1621 1398
358 1802
1289 98
1055 791
134 1044
1866 99
948 2010
1014 1871
1138 37
84 1136
197 823
972 1779
929 731
675 1635
353 1030
2087 1557
708 1659
453 1971
313 642
1357 1375
2148 225
909 6
1961 1417
1537 753
1359 2027
362 2077
1003 733
763 426
2211 734
140 147
1567 1549
935 1878
736 1671
1957 1782
1556 168
647 1919
1147 346
1959 1181
99 1980
582 1135
616 2202
1508 679
253 400
2095 1498
1217 1059
44 1313
1886 527
1387 711
402 1164
1412 430
1358 1926
2170 1304
210 881
917 238
147 199
1833 1181
759 480
117 232
262 2046
1968 185
92 501
948 280
1744 1924
278 1332
910 1944
1021 869
1332 309
415 765
541 133
329 937
1058 1245
419 840
2125 33
1152 390
2023 1422
2084 813
983 83
860 87
598 893
1232 1859
1094 476
1222 1407
1032 870
1181 482
1590 1549
983 949
1824 229
1753 177
2026 8
1950 1307
1190 490
1140 1236
829 2012
1517 1863
605 542
1748 276
1742 1117
1357 1550
1455 774
1149 197
151 1289
1317 1300
957 1319
2011 2089
965 501
330 1480
962 2056
918 1892
516 2056
1432 1800
63 402
1354 1213
2187 1573
2155 135
359 1346
1595 1631
427 1579
1176 2058
292 1637
2119 775
401 346
762 649
419 777
1796 173
1404 2135
1691 2113
1098 222
609 394
77 816
220 1466
90 1201
2067 700
1335 1700
210 2037
367 1128
902 1556
1287 345
2189 2041
1226 825
368 1149
1682 1367
125 477
1526 1227
629 1624
2024 269
1277 818
2052 2118
781 1753
191 2113
499 334
261 140
133 1707
846 1270
1709 1690
1771 276
55 934
883 655
318 46
1350 2191
1952 1930
1057 1797
846 169
1041 606
125 1269
1904 2063
575 1058
616 2020
309 172
940 1865
725 660
1155 949
237 507
293 1533
1582 537
436 127
1036 921
1434 12
1441 1077
568 632
573 996
1930 307
2033 345
1517 714
1756 1182
930 2103
956 1765
1123 1888
1503 1545
1950 1716
1155 2041
1012 1975
1955 711
231 1434
311 635
1155 2063
15 373
484 1435
1015 900
1925 423
1300 342
1489 1953
1047 773
1811 692
1094 1759
1621 467
1466 1656
332 1747
1995 1981
519 1487
1043 1901
617 784
1562 197
1775 371
155 1268
1193 512
1993 1142
741 404
370 1475
700 105
259 1053
814 1045
373 314
1317 60
186 1032
504 882
1051 1789
1295 1775
679 1433
1137 443
221 245
483 2172
1838 532
1024 551
409 1818
2148 3
729 334
1326 1340
1425 1459
1569 82
1173 235
401 1997
169 1211
2178 1265
1508 1409
1110 1736
1012 1500
1640 1280
156 1506
512 309
1641 1640
137 1428
172 1421
994 2144
765 1605
1737 1618
895 810
1948 700
133 1117
1265 1891
17 2162
366 1677
78 1412
1955 149
230 1678
1098 1716
960 1321
833 597
2188 887
2095 55
1724 1949
1827 1476
1489 1807
817 453
1576 1783
230 1640
2050 552
11 1337
466 1477
375 1063
395 1525
1996 1602
173 1861
119 1553
1013 1318
1354 69
1804 1914
1726 1682
1739 1549
733 996
15 1417
833 870
1665 1019
976 1760
990 1139
455 340
1136 1343
1465 1364
443 829
1596 393
1679 1349
382 809
1046 1583
477 1963
470 2062
1068 1247
360 749
452 2116
1107 650
1460 249
1265 267
1443 360
1269 881
510 1290
1349 19
557 1260
167 1721
1614 292
464 944
1921 796
873 440
1084 1800
1070 1328
1617 1366
165 1683
1121 549
1724 1085
1498 993
1643 1826
485 570
1758 352
338 2136
895 1077
1569 180
1113 374
1923 1609
419 1514
1384 1742
8 1059
1136 1611
114 85
716 353
2130 1695
592 227
541 725
1516 1151
1681 1852
154 713
858 2115
1883 1507
1130 1341
1703 1658
927 239
1342 2095
1991 1702
1036 56
1151 1278
1035 1202
914 1092
1266 1061
1312 1014
1119 852
1674 1575
123 816
1325 1040
1590 65
1899 1186
1163 27
1621 493
284 874
939 385
1723 1812
1915 1868
210 2128
193 1584
1551 1835
617 836
698 570
1659 436
921 396
2055 890
1064 1966
89 1373
920 1951
908 1924
703 1510
945 1640
1820 917
331 1500
466 888
1285 224
1704 368
250 935
1454 1244
1616 1565
2033 1423
1104 393
275 1879
1413 660
510 1218
1103 1434
1888 1931
366 1499
706 2025
848 445
2032 151
2159 451
1893 884
279 1743
426 1967
1546 2025
2085 1163
1659 1600
2014 689
2137 1673
1992 1517
1174 145
1233 398
1623 933
581 1013
532 325
1926 199
206 1945
909 1482
996 926
1285 1096
48 1437
710 778
517 1487
1303 376
279 575
464 1781
994 539
726 2161
2190 1204
785 2050
1391 546
2205 604
527 674
1206 1258
1720 966
1062 1334
952 1632
1125 1542
1131 2075
2148 1349
1776 2210
640 584
45 1098
1051 2185
2211 1059
1126 916
431 316
305 221
1269 676
938 471
701 86
568 1841
1068 65
960 2166
593 1242
1365 61
642 1495
739 862
1732 1456
427 1690
1852 504
1044 1449
587 966
188 1674
204 2113
763 2102
1137 695
471 1660
647 1939
1264 1812
1866 378
1580 1008
1919 1753
101 1564
531 972
733 1368
1302 607
1200 1417
1840 1035
1254 1083
1055 1408
1804 923
2058 1228
1391 785
134 198
226 660
1768 1530
1813 793
312 1034
785 2060
855 324
2001 1439
346 1104
1397 1821
821 2173
1612 716
233 1647
670 1530
1264 1441
1329 1831
381 428
917 1423
797 276
2013 1542
817 1310
1855 1414
792 835
2203 537
488 1020
364 2175
2128 823
1992 2196
1813 1416
996 149
475 904
504 776
1395 299
124 1957
1917 600
52 224
606 1670
1339 1610
71 172
345 721
1894 620
796 1121
2033 1489
1349 1929
685 2093
921 851
1180 1252
667 872
2058 311
153 1208
886 1630
873 1589
539 58
2066 1557
1480 1198
838 273
875 629
1541 186
783 1228
1961 1391
165 1966
219 1252
2123 1235
635 1147
68 1297
601 579
1335 1170
428 1704
2167 985
1783 479
1412 1023
926 1357
1953 585
362 930
1294 1058
1170 1194
501 407
9 1260
484 266
1524 283
531 173
208 782
809 1856
776 1095
698 914
2080 1518
1516 1593
491 576
1033 1270
1268 198
1523 1628
2101 1345
916 802
1503 1815
339 372
830 1119
1232 1274
1411 1452
1120 553
1788 2142
1112 490
2212 1452
1329 526
2016 1676
1221 969
1769 2022
1877 521
605 1738
889 2162
763 1442
1755 2040
860 31
1953 1809
1774 1201
506 60
2018 1880
1198 1651
1104 1324
297 1074
1173 637
899 1806
1343 911
163 904
340 1176
7 388
1736 2017
1225 1453
1453 1967
1077 1770
1364 724
1931 152
673 1147
2059 1792
1909 1528
362 1620
1262 1596
175 1503
110 2027
1520 1709
1094 908
897 578
939 536
723 1045
1489 329
72 1096
1959 1419
823 1625
244 2118
1634 1252
1521 1023
1473 2191
559 2071
1724 876
531 671
65 1965
127 1699
468 1847
1634 1445
1275 1438
767 1095
1661 838
48 2126
1236 1506
1417 1264
830 1698
1829 1071
626 693
1771 1573
1998 327
1925 1450
1104 1322
339 1856
1368 567
587 1484
175 803
1956 1575
1713 1627
1433 412
2051 64
360 2002
1490 526
1130 707
1860 636
618 98
1800 1992
1083 1544
516 1387
1425 1011
2100 1918
278 885
173 694
174 91
628 1300
1289 1074
1518 1172
1373 1350
600 940
988 808
1410 964
1208 987
937 1447
2072 1949
498 775
1169 488
1420 771
1958 1628
890 552
478 1040
1578 1434
2196 918
183 917
1730 1794
946 679
1060 1549
1269 498
1903 229
2119 175
1171 774
1530 473
1596 1663
1498 1596
415 2033
1419 832
1462 1101
741 1157
655 1500
700 59
1384 1247
1244 989
575 965
196 1138
763 474
1949 867
464 1087
573 832
1440 1504
1830 6
258 1288
1835 478
876 1491
812 485
283 924
1587 1935
2201 1449
1968 2149
2063 1036
1570 453
1883 174
1423 1371
1306 466
92 1889
313 1643
134 506
762 301
844 601
922 1865
1685 554
248 648
613 621
1658 93
2091 1157
535 182
1653 31
1646 1988
1938 2035
1310 887
917 631
2121 1313
455 772
903 1458
39 151
130 813
2030 618
1913 1529
1390 1788
1877 772
2160 207
1083 839
873 472
319 456
560 1202
699 2089
2108 168
1049 613
1475 868
1701 90
1130 1036
1886 10
1641 767
702 17
1214 1616
1076 1514
262 1923
785 1992
1066 509
1177 176
1054 1057
431 2139
1546 1476
2146 48
197 1725
869 1318
518 1891
1581 1744
1392 828
1736 554
1693 1489
33 524
554 310
1315 616
1803 1394
1751 1723
1967 1022
1714 1645
1712 1449
1280 1247
993 1609
1772 1
535 1995
1924 538
1377 1349
1270 1360
1566 1529
8 1079
136 531
1073 1029
2024 1227
1646 103
433 2061
603 1409
114 1470
917 1813
1056 2046
1628 582
968 1800
1167 2172
1008 1706
281 628
73 296
1761 865
602 165
1734 288
2137 1798
1999 173
743 10
1681 2088
1788 1325
919 1201
896 1731
30 1430
1741 333
1623 1933
1102 1730
1898 1657
510 1836
2198 608
1527 88
935 1987
1197 1901
1058 1118
48 191
1526 798
988 990
1064 489
84 159
823 190
846 939
321 789
54 746
1573 656
876 1988
1017 264
1416 2133
2169 1961
1141 1059
1655 394
321 73
1643 1603
721 1039
910 1104
1524 1825
250 1118
1940 1604
562 152
980 1612
2103 190
1599 463
1214 1475
1250 283
439 863
2038 1532
1205 1626
1622 2152
1275 1757
2185 2201
1481 2060
2132 1067
2148 1004
270 388
2213 659
1053 1128
404 1352
1817 1648
2033 1272
1802 1761
1773 927
1411 561
1806 1580
968 1536
29 248
253 1364
1242 1902
491 1402
906 1068
2199 1067
835 1796
1552 2002
472 1852
995 1823
1810 2062
203 942
965 484
1099 1506
740 455
258 2097
886 35
96 605
1736 1337
1210 1313
1264 453
2121 1299
2078 584
1102 734
1392 76
424 1989
1694 1972
1744 2087
259 2154
2204 437
910 1027
1234 1728
69 1038
907 2194
966 142
1231 1579
315 312
1026 1429
121 739
2171 1970
1391 698
1907 899
597 1891
1863 1385
478 1664
1858 2081
336 52
1778 534
1027 16
831 1813
345 1114
1186 318
2129 53
2049 1383
1531 865
1965 1645
2052 1720
142 814
199 1712
1899 490
1278 180
1110 152
1566 204
927 936
1368 336
739 1524
2131 802
2148 1263
1163 1813
78 884
1176 2157
79 1135
1931 395
872 1901
730 861
1043 1604
341 2180
1250 1487
1337 131
1255 631
977 185
1992 1893
1452 1301
714 1996
701 1938
719 1189
317 7
1093 837
1628 723
1044 155
143 643
847 1127
1141 551
254 375
1307 2123
313 1442
1244 1782
1834 1208
144 1334
1578 1033
1829 884
952 2020
678 1537
901 1893
58 1779
364 2150
2152 1650
1316 1898
1391 1382
1900 777
5 630
1612 275
1693 799
1395 2038
2189 635
410 1553
76 1701
845 1679
186 1158
1094 959
1934 193
179 1604
1777 1621
1456 2110
1352 2002
1543 1860
988 1982
619 1415
2097 798
1011 683
1907 333
1558 725
2195 1977
748 1634
158 1764
640 2075
1642 1568
2059 2115
1799 138
1027 2148
717 627
1845 846
1505 934
2060 2043
1764 991
1195 1851
196 1822
2200 1631
633 599
244 1340
572 285
1621 370
844 1234
2191 1659
1275 1560
2154 1912
1757 1243
1329 949
2075 999
838 2007
134 1178
228 1382
1198 232
154 2146
1891 2099
1177 1732
2048 627
353 1892
1304 658
569 478
1172 126
553 247
802 1701
2018 2037
798 778
332 891
971 1047
9 391
1176 1947
2077 240
1096 1853
819 796
524 645
1225 796
1943 1453
491 1217
1511 1497
1261 2061
213 151
641 1236
470 1898
973 2195
2169 2128
2121 1810
1030 1492
202 1339
150 1749
1786 1104
665 422
294 1522
346 1989
500 1807
1844 230
345 996
135 1747
782 1710
417 339
639 1914
297 478
832 1525
806 23
495 2093
974 1659
1545 183
107 271
1121 2091
829 1624
1902 288
913 1434
76 1767
64 855
154 475
1115 319
1381 1071
898 1423
87 1535
1242 823
1451 171
776 1766
799 111
1476 1993
137 551
1497 338
955 481
1145 714
1792 1498
483 2134
607 613
588 1268
752 188
898 1986
1443 2101
2024 907
2040 1369
795 1099
1840 1149
1960 2150
327 1812
2192 270
1692 240
1027 917
2212 217
1857 1586
635 1444
2070 1797
1667 1863
1073 438
511 944
998 163
623 245
882 975
1093 593
1360 2020
165 1004
1137 536
926 1869
149 1163
740 1623
869 1316
1509 1933
918 1671
1850 1303
510 1704
882 1071
326 1218
99 394
578 114
759 1190
270 1383
1117 1463
940 2144
1260 175
1525 1046
1317 1314
1714 1712
711 1483
2171 1678
2035 175
1566 1138
979 626
687 1342
1118 11
1066 1729
862 355
124 1421
306 1539
236 549
1795 420
1855 689
275 1333
179 1560
96 616
381 1087
574 126
2107 46
153 624
473 667
1296 1014
898 1721
614 637
1514 1296
1164 114
1665 1999
1904 1968
2213 1249
2206 1766
1831 765
1043 851
1989 789
2129 680
191 390
329 777
1220 1952
28 641
708 2190
1475 1837
1035 699
439 1464
1621 1142
1291 1246
280 1226
303 1812
653 1873
1237 2060
339 1211
527 147
633 965
1984 1168
2003 1301
1857 684
617 27
344 833
1604 570
1627 841
1148 1999
2142 1571
489 1122
423 2092
140 870
1723 2168
1714 1029
232 1212
418 1198
128 796
1932 937
1353 2099
1040 107
596 2002
1779 957
1684 1437
1360 218
185 625
579 1818
1749 184
390 769
1355 2170
1483 364
1549 565
45 1742
524 1607
2045 425
927 1004
298 683
1423 1345
464 1869
368 1418
126 1050
1749 1532
1892 814
1652 804
186 1249
2187 981
1825 1922
719 196
96 1502
1309 1337
401 1565
346 339
62 1206
416 1066
956 2130
544 1941
1655 2104
1885 1084
490 1068
190 1560
921 128
1962 137
996 1362
64 358
484 736
937 733
37 911
1814 1260
710 635
682 2138
1198 996
1267 76
1879 199
1417 1255
50 130
859 1753
1891 789
111 965
1 1291
1316 1947
1134 832
521 2187
717 1412
2026 877
2123 1150
579 1385
1731 804
841 1121
1490 1337
139 420
760 1420
79 1362
1250 705
247 1177
1769 1534
517 2120
1357 1813
646 2094
1587 1114
1347 1410
1488 1501
483 951
453 105
1658 660
1593 445
1190 1344
912 1768
283 1432
350 1648
1386 1090
72 1203
1201 8
1945 169
477 2000
2107 45
1445 1583
1257 1403
246 236
401 1375
66 493
2180 1500
1443 2194
361 1833
1336 205
830 1606
1245 1216
98 954
28 856
859 1608
21 733
14 130
1857 1458
998 1938
1758 2188
775 874
1228 1293
1848 1930
101 103
92 32
29 2027
1199 1814
2007 1512
544 127
613 20
660 301
1884 2080
1066 360
2142 750
895 1693
17 959
795 528
330 27
623 17
2144 1171
537 1996
250 1291
309 165
814 1251
1240 1643
1789 1439
1033 133
2096 1160
1904 1646
487 1431
604 1473
1134 1196
194 761
722 1496
1811 1367
1314 389
1341 761
1762 1276
2033 1132
219 546
1438 93
1631 1983
990 1796
765 379
1343 2205
1541 688
276 49
224 447
1630 1226
828 1888
1926 713
335 1285
1920 733
1224 469
2205 693
1239 1859
1775 279
460 436
1966 364
850 2132
1229 552
1071 1276
682 781
1881 872
1836 1374
261 1012
866 709
1568 182
24 444
254 1516
380 137
2177 72
1009 1624
681 1468
1983 1706
371 1353
1516 703
1969 2123
332 1937
485 844
1317 2071
1894 360
2198 1488
849 439
394 1425
219 321
1005 393
916 1813
904 1996
794 1021
1048 374
1126 1444
1920 899
1941 1290
1244 971
852 2198
631 1353
890 988
1533 728
1021 803
1213 1596
1803 768
1543 2090
145 1995
1097 303
2191 356
124 2039
1456 567
778 975
995 405
1810 1007
500 1509
1482 82
1373 1517
1231 2007
358 396
441 1880
1841 2061
322 189
1475 750
913 194
2168 1965
2183 2121
1846 816
610 1009
868 452
2040 1830
1569 1756
780 1253
1385 260
634 263
163 1868
2117 1878
542 334
1150 1295
421 425
308 536
392 2067
1798 2026
1670 409
639 931
611 1943
943 1754
1988 1410
1013 2020
864 975
1823 354
2138 1704
243 2049
250 465
1442 1182
1902 1996
1715 1906
1802 393
1260 95
1024 425
1890 192
2098 646
58 941
1934 443
1489 2007
561 2192
471 1552
585 2044
20 1505
948 683
617 1436
2067 1868
374 1695
114 1833
1477 1716
836 376
1317 896
672 611
1130 754
1443 1842
18 1076
1484 2151
2212 2124
1598 1251
1050 870
1003 1274
1844 776
821 1204
2081 1325
1196 206
2020 1098
2016 499
425 663
296 573
2133 1552
1235 728
1013 487
1322 766
2197 506
2101 1304
1348 227
264 407
674 1948
514 63
1906 1510
419 1276
1808 71
1636 133
1161 329
127 1838
471 384
1776 1077
2164 899
1053 642
1156 1707
510 690
830 356
72 1892
131 1369
1150 1151
629 1267
1359 1250
695 8
1165 884
1625 176
1068 2058
162 495
1574 1313
1256 717
1143 2123
1353 48
1752 1959
927 1731
387 624
291 388
807 1833
179 1266
1371 239
2026 418
897 1899
2193 681
299 323
361 205
1274 1005
1574 1168
77 1392
1602 1097
1176 996
1324 1323
413 941
286 576
877 2158
1596 609
732 716
356 1990
1714 1200
1414 1860
474 2170
1328 1870
816 1352
956 1847
224 893
398 594
882 1699
1452 203
2176 1373
1936 386
737 1990
2112 1155
1249 739
1145 1080
2047 198
1215 333
360 177
2181 908
2009 1913
884 1965
1612 1608
588 1433
869 1549
166 2174
2150 883
1017 1022
824 1126
1175 1004
1977 1713
174 186
980 1661
1580 122
1871 498
45 1263
851 685
1072 662
668 1689
393 586
812 2162
789 1121
1117 1095
1237 519
608 1132
840 618
1973 501
863 348
2153 208
888 1244
780 1440
773 1208
1898 694
106 1969
384 325
1141 1036
391 897
498 1762
996 551
1801 30
1663 665
1231 524
1524 1252
1457 1524
904 1804
1233 1698
954 1997
1238 379
1593 347
593 390
216 458
1303 886
1220 268
2018 2154
128 1001
629 1550
2063 2115
485 1159
1140 1749
1662 1665
1096 1264
1037 749
996 714
1421 986
1661 899
1981 379
1144 1097
1774 2007
2024 1265
376 149
1635 1788
1283 493
569 1303
2114 1930
1923 114
2187 493
1026 1591
866 403
648 1031
1190 2195
725 1207
1419 1960
1727 204
127 1504
965 1228
2030 89
415 1078
2041 214
2056 1505
1707 815
225 1806
1175 1006
628 1197
600 44
1657 341
1069 353
580 305
1628 534
642 1286
1927 1972
1069 899
38 1102
2 1836
2078 264
1427 1563
144 350
1670 175
252 742
1386 1226
668 2159
1605 1911
117 694
2005 1762
1617 1907
1660 565
2194 1739
991 185
272 691
1278 1256
244 2130
232 550
2157 392
202 1276
1524 2009
1361 1515
2122 37
173 61
13 1001
1305 90
1542 819
1105 2024
851 1748
197 2205
1077 719
449 1151
2201 365
1043 160
1130 1045
158 1466
828 1533
1046 1777
1899 1301
2163 2103
1744 1856
175 915
1681 991
412 1280
1695 1154
1951 454
409 689
290 1047
1749 434
209 515
863 1793
1002 119
950 1570
66 2158
260 792
1435 1073
408 912
530 1407
1617 1031
1544 727
67 603
1982 1351
636 2081
1237 1286
442 333
309 1534
1032 475
1806 38
395 1238
483 1988
943 1388
574 1315
1209 691
1390 1343
987 645
335 5
841 1059
1079 204
1590 169
2020 1832
1804 1757
884 1978
1353 1915
1555 606
446 2040
214 1416
1043 1786
1609 1008
1529 1228
770 799
1706 1582
1121 393
1318 784
757 1040
650 655
1900 435
997 117
1932 2191
1761 624
2068 452
646 2028
864 2089
1266 740
644 1328
999 1484
370 1621
919 1777
1696 896
961 263
2145 1443
1943 593
2117 1223
90 1812
1156 177
1798 1928
1525 1910
237 1113
893 1537
270 1656
879 1160
1515 521
1695 2212
754 618
1485 2047
2111 1818
2148 950
1475 504
583 1445
1149 243
1996 1937
1065 606
41 309
1706 1160
1418 698
1252 972
551 354
998 1384
1119 165
2021 931
1262 1835
1406 1082
1773 1983
1891 1205
1838 1631
1122 790
1960 551
146 48
1412 1556
213 913
212 2146
865 694
2020 22
1758 122
2154 1316
344 397
54 5
4 2105
415 1244
2084 1845
728 483
1590 1726
1078 374
20 2009
643 1113
390 644
299 1964
1720 1138
640 424
1802 1839
309 486
293 1614
511 1948
742 1133
1714 1246
430 1950
70 438
1736 322
1399 1630
1263 1102
1965 2150
1841 297
738 643
1505 1673
1929 2177
1505 719
1076 1941
403 1392
844 1617
549 1532
1672 1052
179 394
431 732
369 2031
1945 2199
1248 328
1188 1123
1311 1607
727 257
32 248
2062 1420
32 313
865 112
1135 824
1116 1185
1747 1200
32 349
1490 2010
1686 1053
611 1480
2031 1700
1757 505
1133 444
531 1898
1381 1366
221 436
166 110
1153 1953
1296 260
956 32
1137 1245
1175 2081
1800 635
486 1626
1464 628
87 878
1029 1227
380 1933
562 861
820 817
1430 1968
2095 1765
1839 107
1228 2122
1055 1050
1522 124
2157 1216
1294 523
362 1987
0 191
1477 1242
322 1645
1927 1104
1991 45
1367 988
1638 197
225 1228
1915 1950
557 2031
729 1470
1042 1472
930 1546
159 878
899 2106
440 1097
1307 1345
174 2199
1082 1951
1340 1436
2057 914
1939 1707
662 2030
1280 554
917 685
1161 1621
2003 496
1702 1433
118 1776
359 428
532 691
2039 1096
1609 972
1527 1624
1415 919
12 722
1617 1643
594 1633
1573 442
1494 1890
1691 647
1514 616
418 657
333 76
1605 1350
440 532
187 248
2163 700
1898 460
485 1401
768 685
1689 20
1660 474
1864 963
312 2020
1608 297
227 112
75 2091
1408 1673
893 1703
1307 1040
183 663
251 937
724 1851
1484 1850
431 1582
1416 672
506 721
1126 734
1280 52
813 1467
2137 616
1669 1788
406 1041
1846 335
1500 1290
222 925
2149 1135
582 1178
167 1858
604 1290
2082 1149
1833 1842
1895 1423
263 446
160 2004
1293 1087
1124 1320
837 1105
327 1962
1314 1813
1261 2
1308 608
260 578
344 801
1502 1290
887 852
1401 1987
1535 1621
118 317
884 1637
1506 1285
2209 670
483 584
1106 2107
425 845
373 1913
634 1733
1643 600
1777 1863
1702 1461
1247 1322
2161 0
383 544
450 2045
1198 45
1682 156
1425 2009
2168 440
1896 2078
1679 521
1470 1900
420 1381
156 2077
2143 902
1024 1227
551 426
1554 1156
1481 67
2024 501
1703 1560
1994 2022
2076 88
523 1753
1106 210
1389 1984
137 415
1911 375
1015 213
581 836
986 286
322 2128
1761 276
1166 322
852 895
3 1255
1961 1709
318 1394
1006 245
1569 2061
341 1945
1709 175
743 507
932 184
1751 895
1313 112
1297 2081
1927 1776
250 287
1262 1632
1298 1601
666 1722
1799 1136
2096 84
1032 931
1260 741
1231 990
636 1954
886 129
1020 366
69 1217
1731 1409
137 766
314 58
1791 2011
1889 885
452 980
979 1851
494 2122
1810 548
1852 923
1211 2171
1786 1708
795 365
807 1723
2121 1725
780 579
1217 74
1700 1289
608 424
1469 763
558 887
627 2025
2077 1087
612 745
1034 372
1308 1525
462 1619
1385 1933
2099 2017
613 603
1729 905
1528 1609
682 1981
1978 167
1516 351
1612 1641
1596 1421
1987 1747
1574 1770
1292 1375
1507 719
988 1135
908 617
1791 316
2065 551
796 517
207 572
634 1220
305 279
180 2116
2053 780
1497 2131
1425 1787
1634 1978
1806 433
1855 526
1779 239
719 1949
243 1869
539 1520
1963 2057
1658 1125
1959 1575
1173 2115
623 143
1641 1745
862 346
398 1038
1000 1061
1949 1071
125 1330
173 25
1020 1079
348 1577
1448 562
1635 344
1584 1644
338 1937
882 784
113 995
200 449
1047 1378
1251 1412
1895 1988
2114 1976
1693 1045
102 258
689 953
202 936
2181 566
1774 1886
368 927
850 383
1002 1617
336 1961
1884 751
1118 531
2094 1292
195 1933
1906 335
1009 869
1124 608
1058 89
1661 1631
1130 2033
1822 895
1935 1608
1508 1869
1987 96
1731 368
49 1848
206 1663
1870 219
685 235
2150 483
1999 1764
443 119
490 412
502 1725
1219 949
1190 1626
1440 30
1690 1789
471 1228
1124 775
316 167
202 1037
2026 2187
485 1719
1213 963
1369 853
1183 859
655 1950
1863 191
1541 110
421 1891
81 2061
1472 948
1461 2062
321 2187
992 1191
786 1534
1309 939
1130 170
822 927
2016 1009
1755 1270
261 1404
1732 1113
226 27
1044 504
567 1459
43 597
315 1190
1915 1867
186 522
171 1937
1735 792
791 1891
612 327
1447 601
1689 1613
1733 939
1904 768
271 439
1857 1930
74 70
1557 121
994 195
473 414
805 474
550 1457
78 217
776 200
1170 343
1697 2052
1604 2133
1282 1723
2117 1657
63 878
28 1820
1001 659
942 1607
509 51
1603 1531
912 1442
648 1730
157 1942
661 1827
384 986
2112 273
326 2077
526 2166
2131 1004
1616 1872
1615 568
43 1668
1923 25
1758 487
1047 119
1009 316
34 1421
1517 2020
1962 1435
1638 1701
1416 1648
603 2070
256 1959
2175 2035
1509 18
1563 780
1251 655
2038 1156
2119 1882
32 1883
1528 2026
2031 789
1537 389
2134 235
804 12
1352 1351
761 1740
1259 1991
2071 204
136 1038
1788 876
954 1770
1314 1697
1232 1267
1749 1589
868 284
2139 611
552 2000
943 925
887 404
784 1655
1752 838
559 1349
1180 600
1321 688
1154 965
1931 801
985 1799
1521 1297
1737 2170
995 2081
1025 1804
1046 1674
1303 778
1918 1893
1089 1875
1437 1383
146 85
1372 687
1895 1262
1330 685
1881 1758
1158 855
1252 999
1425 1926
2193 1295
469 1273
2170 701
1492 2154
1738 520
1532 1367
2098 536
1039 1745
1857 604
185 1078
629 314
948 90
1660 1713
1161 2077
2049 163
256 131
560 1485
130 1442
491 2036
581 987
373 948
1688 680
514 1020
165 1755
1432 1735
1741 1657
1201 1991
1278 1513
2109 1302
322 1572
3 1564
1820 1027
568 478
1606 325
1457 508
183 465
533 1985
23 1529
365 544
29 2077
1123 353
1555 1215
375 876
893 800
636 940
409 368
902 1510
1518 581
1181 1177
670 1342
189 56
1348 410
383 1107
474 78
1975 1353
1049 574
1749 1292
376 1964
1795 1227
780 1606
1942 209
556 101
51 1096
519 406
635 1039
1894 967
1794 1725
1544 2053
1075 2016
350 181
1428 1588
1149 1470
932 2037
466 1156
1789 1517
2095 2027
390 1120
83 2173
1382 1910
1536 1139
1159 2073
429 539
1471 181
421 624
1842 1941
767 1233
45 1557
1025 987
945 1739
1786 1088
577 1972
329 1945
154 1156
1090 1218
1872 58
636 1911
1095 1453
2107 38
327 526
1442 1276
735 1873
30 1482
1138 285
985 1952
1499 432
28 946
2039 1637
1729 2152
1986 1224
481 1842
611 216
1070 36
137 2167
745 1441
1356 2093
1641 563
380 250
991 224
97 1183
1160 345
38 1748
1549 323
1972 1538
1798 1939
1758 1673
1825 1177
1675 169
1688 1988
530 1961
2065 1543
1835 1091
837 2210
2205 10
2121 1767
2013 432
1247 1026
1731 611
1731 140
134 65
405 123
1865 2061
1095 1223
1020 169
1519 1482
1178 82
1514 123
2010 2080
1418 558
1990 1209
1020 729
1992 829
168 2111
492 413
208 1985
581 909
1910 134
591 456
1036 687
1147 1642
1954 586
1638 856
1976 1008
1171 1065
1097 227
874 685
2145 755
1283 650
33 1197
1901 621
2108 901
1583 1797
1919 383
1808 207
122 1987
1959 1632
848 542
1422 1030
1698 181
158 402
412 1021
1979 1385
1029 1574
768 2115
1576 911
1332 181
1642 1448
1732 139
2009 636
915 2195
1147 505
606 1149
399 644
359 1526
1716 918
546 798
1515 621
1766 2034
1316 1424
697 1625
1048 1350
2068 1416
87 1064
45 679
748 257
1898 807
599 967
759 79
18 1395
1019 712
441 2020
365 610
1574 1616
931 508
94 1657
1529 1129
441 1339
1633 978
845 653
1763 1741
1065 182
906 1544
610 1372
1182 1350
1859 1131
1909 826
34 1935
2189 1555
727 243
953 1449
906 681
499 537
227 4
626 932
463 1381
538 267
630 2141
1305 2174
1047 742
1502 1537
1429 891
1517 434
1840 747
1659 162
1304 1253
1093 157
1342 463
888 1195
223 960
1781 564
1231 1993
1979 1064
1852 320
1589 275
2065 1197
2091 1548
2195 2179
1537 1969
827 1211
1381 328
631 2203
1631 215
1135 1837
1533 2167
1166 1192
1698 688
1840 87
93 577
663 80
2043 825
711 794
2100 704
1286 906
1432 1541
63 1993
1591 1165
1171 1333
356 1463
1973 1689
617 221
2064 1203
994 1958
1637 1897
1073 917
1181 819
1948 860
1141 1248
1705 1617
336 1683
680 101
1966 1763
253 810
251 2021
1898 421
991 1824
1171 639
1079 1365
815 1017
1562 2011
1849 242
1879 26
1924 306
1921 1327
1127 1386
900 1817
48 1000
1752 905
1873 1793
2048 969
1843 352
226 1646
253 4
893 1069
2121 1298
93 1764
627 62
12 1518
782 279
601 241
1669 589
713 2075
1010 1115
1789 1081
1112 1044
177 1652
567 1487
1622 920
396 1242
727 1967
169 988
714 163
1780 1593
982 1757
547 376
63 1958
1662 86
1140 340
1112 2169
2195 674
970 1341
2045 1498
905 1040
1801 1444
337 1380
1759 313
1019 275
227 1388
2074 1817
2189 2117
1128 113
1386 2213
898 1551
1562 431
1549 439
570 1066
520 120
1876 130
855 1224
1682 759
416 1414
120 89
901 1589
1791 1785
801 1779
275 599
196 1658
1133 999
1986 1349
1346 530
1484 1012
1843 1382
629 342
1717 934
694 401
391 1926
361 810
1937 639
653 1462
835 2118
271 138
149 1638
1439 1618
1865 789
1949 579
1014 1307
329 363
467 1505
159 680
1147 1364
1441 1699
175 203
1490 1245
1476 1599
1092 1862
1362 687
1313 2016
358 539
2103 2123
2191 1202
1066 1115
1561 1389
1380 88
1169 616
669 510
2009 364
2014 1485
2020 812
1069 663
2025 1789
901 211
840 442
1133 1844
2129 2070
943 586
1829 1727
215 577
151 1451
1664 856
1067 616
2019 1925
347 342
948 133
1154 1492
1868 305
651 960
1308 1489
365 158
96 310
1470 692
1639 760
540 1308
311 1309
876 514
152 1231
1233 1474
968 2152
92 1481
383 2211
1898 562
1340 657
30 2185
1094 968
1600 1745
419 827
1822 564
1065 1813
780 926
1156 1479
231 888
223 2070
1444 1106
368 1036
746 349
1052 321
1675 685
682 1586
2032 628
741 883
1904 48
1451 240
814 1351
170 1564
161 1130
2172 1978
1045 246
1406 1922
780 1313
1897 1015
483 974
1755 371
349 461
1756 1374
160 1634
1978 1089
449 139
996 1144
1172 1961
1760 960
1912 1785
1700 1834
441 224
504 2102
1439 1050
633 596
1835 1405
790 1929
865 1318
1381 1521
1906 276
338 495
1737 861
1145 635
115 425
1934 198
1751 1787
498 1107
1564 1543
2157 1121
41 974
1468 1427
968 2185
804 1440
1704 514
835 1364
2070 289
201 890
727 1648
1783 1524
990 1483
2173 1628
951 97
259 1368
1028 1316
1479 369
2090 1030
289 1518
404 1970
2184 842
1850 1113
598 809
2174 2175
1108 1439
214 1915
1291 635
1239 61
1496 749
19 1004
1653 373
819 1687
2055 577
2059 746
1478 1766
931 2186
79 1115
2051 1957
528 1118
2021 1698
530 17
384 793
1044 42
82 757
2201 230
727 324
1934 2100
672 860
553 1582
201 2134
1451 751
319 1076
142 149
1019 1662
2208 1544
628 1263
390 228
1768 593
325 1113
2202 1163
1789 1190
915 274
1354 1771
1312 1456
1579 481
2160 1248
1890 1616
2011 1065
708 937
314 1686
1529 878
850 1148
305 938
1578 546
2150 707
811 534
132 800
830 1658
1667 1947
290 317
1008 1290
245 240
2058 1609
1931 1002
1374 845
904 2163
1677 837
1119 1671
526 1072
455 2202
1281 2033
1672 1933
1177 1576
1385 884
35 2059
1866 1633
1063 1316
1499 498
1564 600
1636 1602
361 1071
925 246
403 1836
422 1905
345 1071
1266 2
2064 45
1188 1182
748 1625
548 650
1059 1005
526 879
1016 1685
1042 786
1425 1464
998 28
1776 1750
1070 2060
42 2201
1739 730
1081 609
1020 2124
345 1960
338 505
2003 1438
2025 603
1563 1482
1978 2202
1409 316
1694 1969
177 576
1454 1363
770 1196
707 1909
1577 82
2177 1966
1111 435
1634 155
1972 1319
872 2110
985 974
1189 2093
1747 332
1317 159
1509 1888
1731 1576
2002 224
1527 2078
2193 539
1229 845
28 2110
828 752
1279 169
82 524
827 1187
135 1184
1868 596
1336 1124
311 1791
2157 1717
1972 23
1720 1832
911 46
2090 1929
1913 244
275 782
2145 1156
473 591
139 1911
1543 295
159 820
1881 2163
1816 761
427 1118
1902 641
1864 1365
1502 1798
2168 1547
182 192
177 894
803 1938
264 1150
1745 1506
989 1022
2033 1468
1809 2012
305 14
1235 666
1590 1607
1671 2059
1024 600
2207 6
14 808
736 1549
2177 688
497 1458
470 56
748 441
661 131
907 106
1489 1479
1975 2145
1713 317
803 1496
1854 1670
1112 556
1816 55
299 270
1642 1577
1994 942
746 121
1220 1266
1216 635
541 255
557 2038
2139 2202
1909 1206
1473 811
1609 647
1603 672
1064 1673
2026 509
146 2167
1896 1325
1791 1689
2123 867
52 895
226 1281
1061 1360
1258 124
1319 676
2116 1577
2060 877
2003 1412
605 328
1731 733
552 391
323 236
734 2008
1117 2085
1451 2168
76 93
1223 206
1122 474
1121 1264
256 1356
1226 556
1358 593
366 298
1674 1604
890 611
2122 1228
617 1083
1139 920
2061 567
1335 1308
1760 1013
802 2153
749 764
822 1652
383 2131
940 66
2035 529
1179 1483
41 993
436 1470
1789 1167
990 1871
1825 2024
1580 773
1160 640
386 1778
973 839
49 617
2181 786
689 424
1700 1504
1099 1278
1999 2103
557 780
1248 1226
1912 1085
824 1936
440 67
1283 1145
1335 2185
522 1421
1476 691
95 46
1365 843
2120 1358
1159 1237
1818 751
527 875
951 2196
1639 27
1873 1313
427 1131
1974 1325
1308 521
2177 1249
2030 1996
1362 1875
1071 1905
1417 461
107 1296
190 385
1116 15
1801 860
1866 2131
67 1440
1355 1189
1217 1896
526 1160
1507 73
1514 936
1098 1866
16 164
443 1430
1933 298
2150 433
1239 1914
1755 732
806 1181
1762 552
825 1988
1138 760
430 2195
2091 1294
1510 1188
1691 2172
856 883
1530 2118
1085 618
1431 1200
27 747
322 1637
352 591
1299 2055
1894 1965
129 1917
662 1086
1514 2195
736 898
854 1317
2185 1229
386 619
843 26
213 1012
1315 1559
390 1710
1252 1599
122 1080
1246 1067
803 1715
540 827
946 1608
1838 789
747 1685
292 1407
2108 1108
1787 1480
998 2032
391 1245
732 36
1158 700
1545 817
734 795
1654 537
1141 459
1911 1183
1742 1449
1032 1498
1870 846
886 1030
1548 1356
2033 2120
1961 1302
1026 1150
1772 1474
1652 6
1484 2083
519 1595
1690 598
891 330
1292 1978
133 1932
528 1119
477 551
1193 2098
1455 1699
1267 1330
844 1587
1227 1236
1050 930
914 155
932 1909
1760 161
1461 1318
276 1370
1673 1339
270 2054
1879 1749
16 872
981 416
1939 1690
1239 406
775 500
103 2045
625 187
31 1560
1617 1446
348 509
1255 2038
2056 1867
1262 174
1046 641
230 2173
383 1594
1819 111
861 134
940 71
1123 169
1799 1323
1039 1044
155 1347
863 1679
921 1452
1907 2205
1531 49
220 687
2159 983
408 1625
109 1503
79 570
487 1342
323 1816
820 192
984 637
1623 482
1421 116
2181 1145
1356 1096
2140 1748
1245 396
1168 182
2133 1456
1625 49
1134 158
1013 811
1245 690
1205 1694
1292 802
513 1075
1475 2129
1370 560
1925 900
68 1066
696 1411
2030 132
1787 2128
1253 1535
750 689
1617 504
1455 1312
127 1700
2145 1659
1493 2048
1825 1579
1582 1549
736 1650
1459 1997
986 1584
854 340
55 1129
159 499
820 1636
1473 1132
1856 1937
2166 826
2195 102
1953 1049
56 192
413 1821
978 1915
2146 727
1746 1108
1463 1903
1937 198
1923 807
12 1236
292 620
318 647
1958 1999
2038 126
2184 378
2162 1626
947 599
578 932
309 1920
216 1185
2046 396
1097 1467
2145 278
399 1009
1765 857
2157 1291
913 384
2100 1864
489 476
211 462
1382 1824
1518 1636
99 1635
460 2048
2086 545
1323 119
205 2032
611 235
641 1541
892 1401
2019 946
947 484
155 252
895 2183
2053 206
2104 747
924 911
1772 1613
685 1231
1895 1468
588 1463
219 1168
1113 464
734 2135
9 1871
1131 36
1894 619
110 1470
757 995
107 1525
2093 933
1819 830
1879 434
2096 1839
742 979
286 1525
1576 878
1472 527
1377 390
1249 1823
1691 559
97 166
1453 1682
682 731
992 1480
1621 85
581 293
1755 15
1687 1571
353 897
1183 578
1534 1124
846 1529
272 248
2193 956
1501 1773
821 624
1942 1210
2024 1089
365 1405
485 1939
1160 1179
420 2165
920 1059
2008 1753
375 6
55 1063
1783 2173
1222 659
1180 255
1743 1351
195 150
379 248
454 329
184 1301
1218 58
2006 1117
1164 433
1477 1393
1743 252
475 2074
1879 1612
5 721
1786 2141
293 798
1319 1900
2001 143
1344 415
229 101
1542 43
1453 2050
1910 1590
886 2118
132 1597
1476 1659
573 1203
574 527
1583 1969
49 4
1203 1400
102 1606
1862 2032
53 1484
2057 452
1405 2094
1147 1177
1259 1723
1081 1084
903 409
1058 602
1828 1939
1394 684
378 1928
1641 1618
702 107
590 1486
41 1105
1956 284
1162 1504
565 1879
2115 349
1705 2206
2028 58
1010 553
701 1537
1606 1228
983 288
329 660
914 945
1634 1029
1958 2193
27 1491
1501 1968
1899 2122
276 517
986 1292
914 1086
682 605
936 2065
1001 512
213 1840
817 1099
1304 843
56 330
181 1207
1602 1501
1827 1642
1200 1867
480 1572
1297 1619
1419 1313
920 1047
315 2112
2169 1755
2168 1393
1104 1553
409 378
545 976
1156 345
1191 409
2119 1511
1692 2196
2106 1116
689 335
216 874
209 370
1777 1267
2132 984
2183 1892
496 1467
13 886
1604 494
1324 836
599 1263
325 1535
1393 1490
854 479
1564 1224
1654 276
618 605
1230 1903
865 566
933 1520
1704 2161
1512 1296
1093 1228
1717 1592
1727 829
343 415
596 2046
127 824
1905 385
985 1375
352 903
927 1347
1781 1071
2097 2006
698 309
293 760
1083 1662
2055 715
118 233
84 1772
115 455
1321 1127
712 1833
1001 1495
1022 1704
1703 2029
536 145
227 1606
879 1030
261 748
2047 1978
897 1404
2125 1443
963 1304
265 1209
366 1398
1576 584
1783 174
1430 1671
1713 219
1470 554
1693 388
1173 444
566 1120
1254 1301
34 803
860 1115
1520 1065
1614 679
236 2168
2052 30
105 114
2082 1752
198 1176
676 1673
674 2043
9 1534
1162 1612
1398 512
1256 879
89 471
476 209
721 1417
1570 661
452 1246
1631 841
1511 2157
2131 1311
69 823
1511 1223
1764 719
1195 709
1321 2137
1569 2190
2044 756
1725 426
668 1875
1039 1117
1094 1624
607 76
775 178
89 797
9 943
877 1839
1005 1414
598 112
1174 1916
1959 1032
1844 1400
97 169
1086 1943
2049 1040
958 140
1795 754
477 1912
847 2138
1259 1858
23 284
858 1804
584 1882
995 1918
2103 1658
471 1622
595 660
1124 1980
1321 377
2205 1634
957 685
262 1611
1713 1883
1982 1175
949 226
1284 2091
1269 1665
1229 256
1737 1934
134 837
1007 1233
220 1777
1436 501
1523 11
1518 302
1254 473
1656 2189
1916 787
779 962
394 913
2004 1124
665 573
1742 2012
1792 293
2177 550
1553 1812
1833 1535
1782 1111
684 1708
1896 1593
155 377
1257 1894
630 963
1207 140
203 738
139 1032
2162 627
1768 561
330 1058
176 1662
1965 1544
888 985
2181 244
1088 282
677 1678
266 53
1632 1999
497 244
1506 226
1502 956
372 2072
1256 668
998 648
168 1747
830 176
1506 1347
1403 31
1641 2081
1515 415
2040 1331
614 930
1632 330
752 2150
755 1740
1089 1405
1254 1405
221 754
341 734
216 1412
1652 580
1142 348
229 102
1790 752
34 1974
589 453
1756 1177
1607 1488
1244 875
353 1994
1395 189
671 218
379 1681
237 266
818 560
1167 1371
1990 422
413 377
1164 976
67 694
750 1608
585 164
746 405
1 1107
1667 1562
1911 460
1640 1124
955 619
600 750
1458 150
1972 255
820 1228
681 1009
2159 1773
226 745
1989 942
1644 1535
2053 1519
857 1320
814 1692
731 108
916 1808
407 1067
1071 879
1532 171
446 831
48 315
1749 1977
2105 816
4 1363
1507 452
218 757
2046 1883
1625 699
554 1299
207 289
1106 497
21 1793
288 1845
737 1272
1041 831
2130 1663
737 1977
1704 757
272 515
1426 1999
1428 199
109 384
1043 1620
1142 376
282 1547
1294 434
464 1825
298 883
228 157
1705 1428
1166 704
2122 844
302 749
657 1059
19 740
775 75
595 1544
1102 515
2171 1729
424 1587
4 158
1755 2143
231 929
1021 1635
2040 546
677 334
1967 1863
850 1396
1635 1801
1013 1954
2147 1385
1898 2185
1305 1386
715 1749
648 1721
1087 1859
1440 163
1106 229
413 2137
492 668
1119 927
994 1833
1584 1733
1130 979
1079 1851
410 483
901 2141
1540 1247
907 2154
1548 1967
1972 1567
962 930
28 1632
728 670
1726 895
360 869
1775 1807
1246 1460
376 584
556 2018
388 1748
1259 1303
646 1756
257 2191
929 1235
218 737
1442 1842
17 435
295 658
1636 793
2105 486
1450 21
705 641
1036 1272
268 1398
2111 1573
655 635
682 502
1546 398
1772 1662
1803 385
1383 1057
718 241
538 397
1922 2160
1837 716
1392 1361
606 37
1933 1638
1063 1459
611 2129
1504 308
1568 357
1142 663
912 1460
1601 1083
443 1664
1402 2099
506 87
1928 264
1457 790
2005 635
2174 502
61 2205
1225 1348
327 179
156 485
1172 2039
1827 774
1124 691
754 386
158 856
495 334
1205 1779
585 787
846 155
329 323
2160 1046
245 1256
2065 333
1179 587
847 2139
1526 549
274 1579
136 1540
1983 1193
1093 260
1548 2095
1283 2004
497 515
247 1859
417 1754
985 1973
2190 456
1665 1579
2103 967
707 626
2023 485
1059 1396
652 1240
1912 1103
1520 201
1946 730
1919 1487
1639 76
1460 1433
401 1225
848 820
1270 705
472 1652
1593 9
1051 1471
1669 2035
299 1761
1408 363
2083 1490
999 1263
747 606
86 522
1662 349
1878 1302
259 1103
731 1175
136 415
796 2201
1207 1394
2032 250
723 1821
203 929
821 428
819 434
339 1346
2186 1053
489 1136
1067 1701
729 524
966 52
1447 594
678 1236
1841 1684
1350 1608
561 1558
1515 1262
1806 1009
321 1168
1613 1580
2003 1391
1565 316
2015 322
612 1925
2059 2105
57 2134
69 447
1112 235
1199 424
1754 982
1424 1112
2169 167
26 1569
1180 646
888 610
233 360
1988 1965
34 1799
1067 38
1650 1535
1838 1870
1643 529
819 958
1236 1460
1428 2069
907 1622
1819 467
1906 1476
640 2131
161 745
1334 402
29 205
1339 1244
344 451
1538 212
1341 171
319 1559
1637 1202
1965 1517
1280 1540
292 1678
297 1907
1153 1863
1398 799
194 949
1132 410
679 269
522 286
707 1014
1512 112
771 1074
1635 2067
1070 758
1519 1700
689 283
2023 107
157 1383
1149 1728
1995 1448
1529 186
2108 1991
1540 1092
338 1703
2163 1573
739 718
357 1211
27 682
540 275
886 2182
82 1944
873 1522
1955 2169
1988 261
970 179
1160 301
602 2115
117 1966
1939 1416
1571 1347
1846 81
409 1844
504 276
2116 433
854 44
1881 2050
1126 1587
586 623
1844 1075
2170 782
1535 1049
35 2192
1410 1036
1532 407
2129 581
1854 1542
1086 401
1413 2098
1493 1848
727 1140
844 2171
764 1423
401 1793
659 2213
879 1887
577 1170
479 646
101 1434
419 613
120 1786
2199 2098
449 1569
1500 1008
565 1555
2071 1807
347 1298
847 1745
1420 482
1526 1586
1985 849
