487 644
752 672
702 837
1124 668
2175 1007
455 1508
1587 2181
1100 395
2066 1563
2154 2095
1745 1602
292 1349
229 2042
1651 1308
1837 1871
194 367
20 811
2047 1337
210 541
726 1797
1892 1799
248 1353
1974 1009
2081 1955
605 418
679 263
558 1886
1441 866
236 1897
29 706
2010 1733
1031 1193
273 638
827 2018
152 783
1461 1859
737 205
1951 522
1780 850
1346 443
618 1939
2126 889
2115 1789
1972 1693
177 2071
217 466
2145 657
1590 623
619 1722
1549 1445
568 1535
2094 1823
1128 698
1121 1466
1971 2026
372 363
718 1705
870 803
293 824
1967 1630
1569 1301
1167 831
2121 1554
1734 2199
471 1486
1984 187
936 1324
1453 187
349 777
661 1641
649 1522
1761 1746
1808 471
617 1792
119 1211
1723 1102
1732 1915
1922 1434
2035 2125
161 1722
1484 587
126 1962
2003 1752
1234 28
651 1745
169 1313
680 2192
11 261
1783 213
144 756
1995 1323
875 211
1264 1976
1972 2164
447 953
288 546
1819 1605
0 2175
473 556
73 915
1591 1678
235 1252
1863 33
541 1738
922 1799
1239 512
2159 1420
2056 2120
459 1352
727 1940
1486 330
2038 1156
1643 950
295 924
1874 1435
1255 1425
730 473
234 1550
751 1627
86 484
560 513
603 251
994 1160
403 331
489 1376
1987 504
1785 794
1867 1654
17 1804
1199 1161
346 448
1091 122
826 145
2057 1738
858 1025
1027 1659
2053 406
1754 719
1511 638
1262 1398
347 1896
255 1703
1768 1675
1059 102
1957 348
941 1981
1276 836
1619 1863
2205 282
431 1288
1641 184
400 864
2061 1463
946 1407
959 208
2123 2127
2097 1461
2093 395
1250 177
1615 1386
1220 1968
712 577
1869 1004
802 1415
1561 1697
1086 1864
734 1250
953 552
233 1738
1310 1526
377 139
697 718
1636 543
1390 1259
923 1211
302 1865
560 1247
1978 834
312 443
685 1868
778 1314
2143 461
1513 657
1830 760
455 2068
2201 134
101 1530
1027 1935
389 1024
1716 1155
1675 1644
85 636
2040 838
1714 1431
1220 480
1929 1094
84 823
1629 42
1147 1542
935 279
639 319
1352 166
2080 337
2059 18
2104 1782
311 884
1787 1926
878 2152
1840 1491
64 967
1627 1108
16 1156
671 1964
1768 2014
1700 1435
2058 1116
1761 598
352 884
244 1305
1003 659
924 571
1547 1996
1723 986
799 75
2040 446
72 1062
754 753
408 1764
1217 329
531 1188
144 1450
1785 1899
334 2021
1307 113
815 456
1114 1875
1493 1533
481 1364
96 2180
1180 193
1081 1701
1250 1664
2004 1920
1792 1
726 637
399 1326
1983 61
649 144
1201 542
1513 1688
277 523
1688 2
192 1351
1947 1412
974 620
1189 1466
2006 562
108 1974
1981 1541
1317 967
413 1757
1743 2108
1049 779
1274 1659
350 284
2167 1840
271 82
1700 307
227 1228
199 1123
979 1851
2126 2183
460 1777
314 303
228 257
253 354
74 989
1992 1550
38 184
2049 1052
633 312
1858 865
999 741
590 1850
858 2155
1896 3
120 2203
526 1536
112 1639
1506 526
1480 1428
1453 2207
2183 1083
387 551
218 1356
692 2190
2055 1050
1698 160
79 864
1928 195
2188 2093
892 1102
2093 1756
1317 1208
958 244
222 1377
498 1296
1869 1380
2192 290
1720 393
2004 1460
1352 1033
139 2020
1286 1822
1076 162
245 1840
883 2172
681 1518
1897 1082
270 364
387 650
1835 303
1333 1337
1441 1537
741 721
1529 1202
943 733
709 154
1128 655
741 472
1406 2153
53 324
640 1793
2108 2120
1949 1578
2057 807
1168 643
1599 1806
938 413
1678 470
1282 1514
1839 1169
714 1213
1417 1710
397 910
1272 2203
1401 75
465 434
51 1841
1134 484
1125 1637
1358 1525
1313 1072
1522 1950
1129 1683
52 1641
394 1083
295 602
2038 1747
1582 293
1756 391
1924 559
2157 363
1285 1400
484 2095
1986 1342
241 471
1389 744
156 1674
995 1333
647 1055
751 1894
2120 1463
1909 896
1688 1824
1886 589
42 618
888 764
1790 1311
398 1707
1141 1750
1554 185
1242 407
1778 708
1388 392
620 1104
399 1258
1573 1991
186 2059
1265 1616
1087 527
2144 1869
2097 1718
823 217
1562 150
1507 587
2074 237
1009 1797
1268 445
716 1533
1033 695
826 623
223 580
2173 96
1596 455
1233 1544
1333 1000
2114 398
1855 1962
76 1150
454 1020
1638 1240
1009 342
469 898
1854 415
982 1310
372 569
2151 524
749 90
449 1596
1781 1163
1833 1652
932 1699
1087 1540
1049 203
139 1436
1285 225
355 872
1473 1166
1378 1587
121 974
621 861
853 164
347 1825
1879 132
1181 2133
1156 979
1319 2092
581 197
647 205
1818 1623
1485 928
183 1290
1208 1973
1561 168
1177 1571
2020 1994
1020 931
894 287
1648 1112
375 2209
598 1522
408 477
106 582
2214 1004
1252 1114
785 2029
1460 1696
1925 1584
333 1144
1524 322
284 1670
293 523
325 187
1460 1797
677 544
1922 1316
628 757
1292 2180
316 678
832 2099
650 1253
1383 1569
1226 887
266 901
22 437
1940 1954
1589 155
167 1071
807 1910
205 731
732 422
229 887
1316 1816
87 81
1636 1391
1300 1752
159 990
532 1933
2034 2120
1943 256
217 2002
165 329
533 2066
1188 472
776 884
50 553
1676 501
624 368
1293 1674
129 2208
2038 1218
855 2150
2121 373
989 120
1454 370
1042 1153
2039 73
539 69
2040 949
273 1152
67 612
834 2074
845 280
866 1570
1156 1206
60 1636
1202 1721
727 857
321 792
1596 1447
1943 903
1191 1940
547 2095
443 926
1962 30
601 1228
2162 1107
1308 2180
2131 2138
1595 1701
1612 413
2002 2067
1567 1026
980 1062
668 2001
1250 1265
1364 157
696 467
574 1760
559 1217
563 573
2148 1471
455 2104
396 2062
2104 372
550 1987
1034 795
2027 161
165 1769
717 2208
2184 698
860 265
135 2186
241 2155
1270 2208
1514 566
1663 2047
1572 2155
172 1242
1925 231
1930 1045
731 226
1110 433
979 1599
1660 1016
1549 661
1109 1228
2069 722
196 821
1636 1088
1782 755
2200 165
634 2126
736 1435
54 1624
2072 1821
80 253
886 1220
21 653
610 292
660 2142
871 942
2003 238
2106 1536
407 679
1174 885
940 2199
1417 764
1504 1092
671 1030
2079 1943
49 415
636 347
903 345
421 587
2167 2025
464 890
1516 512
1037 804
1524 858
358 1878
1757 1103
449 413
415 1925
1123 1888
1062 1776
276 752
635 2124
206 602
1427 1682
1988 1147
1280 1806
124 206
206 806
1779 1135
106 48
82 300
1218 1781
1034 1987
1758 882
2202 178
774 1605
1738 343
948 143
1953 125
1248 533
534 372
168 2201
2169 357
621 2030
390 268
949 444
1206 1422
106 1451
513 823
595 1081
461 1358
93 1000
921 266
1946 1563
448 1867
1826 970
1617 1958
278 684
808 1825
1223 1421
31 1714
370 1641
2026 1577
1664 1777
1388 1689
238 1112
316 1544
674 954
2077 429
369 1229
311 370
246 479
1118 1874
1507 1646
331 1593
6 1203
895 2083
1796 1717
1896 1666
55 362
1004 754
1090 1325
505 801
2128 1799
912 387
1963 2161
218 2158
2137 295
1045 865
89 585
1232 2008
1592 1527
835 1011
221 203
2044 968
1261 1109
536 63
92 1427
1457 1564
229 649
1140 1494
1494 1770
526 195
971 566
725 1729
2034 1801
186 1466
989 803
1529 752
1878 1242
1033 663
1113 1901
355 215
1358 1392
1573 806
2078 1055
698 448
956 1480
360 1424
1532 1589
38 2079
965 2087
578 773
1102 1014
757 1293
299 789
1334 1937
113 1455
263 1526
345 1451
2115 985
1039 456
1277 917
1224 1598
698 778
1288 2199
1761 2060
1496 2138
1206 904
320 1843
212 2089
2105 752
1052 2115
1785 331
1650 162
375 926
1038 1158
359 1395
1209 1351
1505 931
364 319
393 978
916 1840
854 1382
1719 92
1388 2206
1114 1105
591 687
1296 2033
507 1905
1522 1178
672 309
236 350
1443 1039
2152 1838
1951 2196
1144 1210
956 1899
978 1797
1896 1694
1001 2171
576 764
849 256
2197 80
1867 1046
322 1586
309 1260
514 869
209 1213
430 391
73 2195
1917 166
483 1322
1523 449
1249 1886
1696 2195
1389 1137
2196 1947
1852 950
608 1674
1057 803
766 202
1099 349
2078 872
1580 1461
543 444
1737 634
1683 184
974 2010
1896 718
255 1101
57 690
1509 412
1616 67
251 1447
1695 1918
2173 82
1486 233
1727 1830
1797 1032
185 1639
154 352
1013 1218
1707 1961
1016 271
2096 1982
2075 937
1600 660
1951 1033
830 1715
2159 206
2153 1210
733 417
533 1820
1189 7
651 1845
2011 1288
1253 1144
1118 1413
944 1665
1778 1524
1872 1523
90 1101
1758 1629
1089 862
2 1954
2019 850
1381 1360
1995 831
1563 1434
975 167
524 1738
1552 1062
498 2043
1121 665
972 317
537 207
66 254
23 235
2053 1565
734 1000
397 522
1372 880
2163 1198
1827 26
1340 170
1194 559
2084 2092
282 2027
317 207
1038 807
85 20
1319 973
1298 1162
166 286
1353 85
1183 553
2027 87
264 1586
1141 904
1574 1225
549 126
1250 466
497 1844
1034 437
1206 1288
1072 1936
203 214
646 1418
645 1511
1843 770
873 214
1719 964
1568 1876
2087 1539
1186 1616
1606 182
1337 839
1423 2041
1304 1288
317 881
716 1609
2071 52
787 912
483 42
1093 442
440 298
1482 1084
1589 1640
2067 499
621 969
608 1596
766 431
12 1102
1084 123
1815 726
1977 448
397 1049
292 2199
2098 792
1095 1017
1840 1938
2120 507
1211 1145
1896 175
739 356
2082 1066
2084 1532
1553 1431
2033 908
1901 120
19 501
1420 568
1410 124
1188 1835
483 992
340 1624
236 1031
611 203
1738 905
1460 1092
696 1423
190 2062
1151 1994
368 41
933 1679
1479 993
1095 2117
341 907
1955 736
1427 355
405 1101
1021 2060
2028 123
555 68
666 1046
807 176
9 1417
567 724
2108 557
94 2080
2 1342
1126 979
774 1158
426 17
637 1600
12 1297
511 39
1809 948
706 627
1373 1527
1990 1053
925 1631
1517 1033
1951 1068
1952 1470
1259 1784
570 1023
1301 1075
2155 728
718 1569
155 1740
281 629
988 403
1719 1064
1965 1521
1812 251
1368 841
1188 1242
220 2107
1524 2143
1367 516
831 641
1088 1112
346 1113
1643 986
1824 459
911 771
1448 393
1632 925
1500 1969
669 1076
1679 1411
896 670
1323 1638
340 1100
1597 2173
36 1094
833 281
402 377
828 1373
207 402
1877 1357
798 1949
1146 1380
1673 1637
1815 144
1936 2037
1878 988
1905 2029
2197 2142
496 28
1347 2102
1705 1873
1013 1554
1970 665
1085 683
125 269
1755 1364
971 999
1455 1437
422 1814
1314 236
555 84
1083 1178
1201 641
1594 1858
1625 2160
756 977
1035 1707
1241 877
919 1929
1270 1843
819 677
1206 2091
58 456
1255 1073
2111 1449
1505 2209
523 1801
2153 1470
1814 67
684 491
730 2126
618 144
733 730
302 1158
702 1227
1132 1026
266 91
490 1875
2064 1044
900 689
1123 474
1042 702
1588 780
1384 334
136 1914
967 782
1184 1400
444 852
976 805
1066 1071
1986 2029
1661 1596
1302 1239
438 1818
1531 1258
1681 188
384 446
846 1498
1189 237
2041 1996
2173 2013
2053 305
1099 170
57 1538
607 1758
1702 192
957 301
1920 438
177 260
2182 716
1506 351
1987 1168
988 1756
823 1857
1931 1465
307 1889
1236 1361
2156 343
703 1831
566 1170
2199 1205
1926 2156
1508 2032
2209 1853
1454 1767
317 502
1770 1210
1262 1800
156 1291
964 1373
1037 746
1314 559
1685 2087
1327 1857
1998 451
996 1542
1456 1245
698 19
373 490
697 836
603 1227
2013 1762
2088 1756
45 1378
2077 826
654 467
2092 438
1387 354
1355 1479
1447 2064
1153 302
1595 488
621 1579
347 730
2182 664
656 721
658 361
1581 491
323 1216
1290 466
1479 372
1102 804
1782 719
556 476
1402 1762
1920 2057
668 1067
1966 1225
1608 1595
1054 148
1186 1753
823 1951
454 601
441 342
1896 873
667 1947
1645 1426
82 1466
1811 1366
1007 1049
446 1105
1059 618
558 144
174 2093
1885 1206
1903 1060
830 346
80 103
4 2185
1776 1824
959 1820
2057 2071
1340 815
1190 673
1626 124
296 1291
2013 1672
1265 1869
1621 1125
744 1903
1759 1295
1745 181
354 1672
1719 217
90 62
2106 1617
748 916
10 668
1527 84
497 765
156 616
72 378
59 889
2137 1610
33 1354
325 446
821 85
707 117
1698 1756
1984 1870
599 1332
1056 2096
1007 1630
769 559
1239 113
1741 582
1457 1416
1650 1520
365 974
1038 1744
1842 654
337 1801
1736 208
1285 1923
2065 46
2124 569
1737 150
76 1881
105 183
2050 563
1648 1510
139 1077
1054 1193
1724 444
1529 1669
1626 1733
548 773
1631 1523
1365 569
306 421
234 1221
1710 1500
1225 1300
1823 974
447 1535
214 730
480 1093
756 1247
1102 264
103 961
976 2070
1633 373
1526 668
862 2090
1405 1454
1007 2208
1031 1434
1721 1711
2021 1024
1714 1709
828 1151
496 1040
1592 646
976 621
612 2108
29 237
2016 722
1939 1670
1524 871
1155 1877
290 1268
2209 1248
650 786
2078 467
2036 2040
718 1164
2180 1535
1545 2165
1535 164
839 865
2179 828
1398 2176
1727 394
1924 368
1325 1402
1669 600
1411 995
67 578
2000 282
2119 1964
223 626
1797 1870
1830 1182
971 2162
179 47
448 747
1664 1264
1944 1169
669 1621
2062 2060
310 1752
2105 1236
334 103
1243 1040
1155 760
561 1973
1423 644
1358 1289
1704 1135
1743 444
351 1343
613 508
884 1067
1679 1970
1332 256
1030 1064
1927 511
1628 1575
1840 1985
1268 580
2137 24
1158 643
992 2048
1506 2074
1373 122
574 1019
715 10
638 1167
365 42
55 318
2103 2113
283 1591
945 200
1409 1292
1996 1643
934 1387
924 1889
419 630
841 1885
195 23
1894 990
225 1551
777 1009
594 1699
2124 272
785 20
531 195
1282 244
1651 935
1644 994
945 2170
1922 2008
2025 95
2104 967
1906 1588
1500 1663
1888 1874
487 700
372 63
1914 1886
1039 1069
533 1133
343 1581
1187 529
1167 1743
608 1043
854 346
1783 231
1706 1631
1132 1496
1904 544
696 1023
1752 1644
1532 1295
1041 1522
1035 2179
1443 1887
1537 2108
385 1059
1398 888
832 1052
53 1123
1735 1111
1002 98
318 1825
1044 1533
1374 1543
1811 960
1051 316
669 1690
659 1175
1931 817
1139 524
1129 258
863 1237
420 343
2055 1012
934 855
639 1887
167 235
1291 245
302 1894
566 1238
894 1401
918 2095
1979 1448
2090 1050
2198 1043
1739 966
2083 1436
1123 128
1234 1975
357 572
722 1064
728 1381
430 2087
1347 2040
431 970
1389 454
894 1897
1789 1276
1075 1875
760 712
447 1843
2160 1386
1517 55
633 431
1856 2132
19 1068
1765 1694
1287 645
2119 2003
1741 241
2137 1390
2003 1911
1238 1928
158 750
1201 2116
1471 753
1856 531
816 1932
336 1844
1952 1589
2083 1472
280 1469
256 386
213 1855
660 681
2170 1291
661 1673
418 2116
1232 1334
161 1118
3 1346
1555 245
1499 1890
728 753
1082 2006
732 845
204 1323
675 1664
288 1933
1346 1828
2198 2185
1980 1200
846 251
1054 498
1034 2009
106 1028
1230 678
2012 66
1005 455
1379 610
508 50
893 697
579 624
1557 282
395 1291
776 955
1356 930
1669 1734
1221 448
1584 1251
1248 2030
1194 1683
619 634
2204 1064
648 2116
1303 161
1809 2038
751 241
886 1829
95 1011
1858 1427
1483 1756
1902 315
184 1467
43 1254
1329 1723
807 576
1221 582
34 1357
2000 2073
187 431
588 154
1608 1717
88 1199
1417 1274
149 898
1784 1789
1703 852
2045 2073
910 1260
1341 923
450 209
1529 2165
1070 367
239 418
109 970
540 200
1096 1273
665 365
338 42
618 2022
217 1367
2012 1912
484 996
341 258
1690 81
1056 1558
373 1051
1292 239
130 1778
2108 75
1618 901
21 1053
214 124
1885 2086
1498 422
939 2002
2053 1389
1898 745
247 893
142 386
1874 546
658 655
964 982
429 1462
1858 894
731 2200
16 585
900 2064
264 964
239 1011
679 1407
1408 372
1612 781
84 329
2007 1168
1117 990
312 937
1541 237
98 1118
716 1926
824 1221
1548 457
233 660
1439 2110
479 375
17 1352
450 1855
830 1122
263 1873
1808 224
802 1365
1621 1095
1479 1431
102 2128
943 674
1843 1838
1334 599
1804 2093
1559 2188
1262 197
2073 496
1642 1176
973 1086
421 704
560 1903
777 1970
1775 1861
313 1172
418 1495
1141 1029
1856 1784
1809 1926
1986 736
928 722
1467 286
732 660
1898 889
925 741
147 1066
447 1903
1240 992
750 1012
1574 1779
862 490
1216 1426
885 2193
1656 601
939 400
1578 100
1147 2012
1093 1244
426 2009
806 2150
6 1618
1904 75
987 1022
1071 338
1189 282
74 890
1490 78
2117 1999
1578 1658
681 389
1340 1414
1680 504
834 170
1824 289
2173 1089
1488 238
1420 642
722 408
212 1417
1137 77
1652 44
567 1650
1030 1863
275 442
1420 528
1941 57
1014 605
620 453
338 1395
1393 101
2077 2206
1785 1746
981 898
203 851
664 405
1776 550
2163 59
889 1289
1546 633
1736 526
67 1361
1030 1284
635 1023
1297 175
144 1577
1328 1945
1506 177
1773 217
1589 1503
2100 1990
1837 361
1473 1949
1242 1744
1561 1256
1639 2078
1024 1592
1922 300
1371 1434
998 923
1082 293
1561 229
695 936
212 1769
2153 334
252 1715
2070 1918
1786 1297
1874 1361
465 1303
1304 1934
1861 220
1867 109
1865 306
817 89
836 430
2118 1343
1156 1365
1486 1551
966 515
71 482
921 221
1385 1795
773 441
1829 2055
91 1660
338 86
451 1467
1960 180
1793 1918
2039 1894
269 168
2050 343
562 101
1524 928
2078 1658
1523 62
1668 1150
583 161
707 970
2028 1212
1729 2158
412 1989
1788 675
351 1064
394 1918
1150 1468
2188 1680
444 365
65 1511
1473 1956
305 2021
923 979
1287 1201
1039 2002
908 2031
785 214
488 624
1310 2125
779 1888
1384 1052
1393 1482
1337 1795
349 494
1672 1110
1904 2000
1055 1930
1671 2035
1584 515
1251 1164
873 1182
1512 662
404 1933
410 1772
1119 447
742 1903
1884 194
634 1183
1876 255
779 1477
366 529
514 198
961 784
805 361
71 399
2206 2208
2200 2061
547 1715
1876 324
1819 247
710 2052
98 2011
1539 1521
1151 1187
407 1496
340 901
438 792
336 1827
467 1837
2068 201
623 165
2129 1761
199 1032
27 1344
1979 769
1889 118
495 1171
56 2134
1893 557
1356 1091
1945 321
615 851
1795 777
1051 12
267 417
2201 436
151 63
674 989
938 1838
686 521
2060 1041
1831 1549
475 1062
1312 175
727 760
1945 1093
95 0
1704 1290
1174 1589
1557 146
545 350
995 736
1652 1497
2193 588
2192 1432
1442 1534
1123 678
1148 597
1305 1838
189 1076
1535 219
1962 303
1277 862
1463 1033
155 788
407 164
1869 1331
447 1502
1970 2048
2003 336
1273 1936
1655 1459
126 34
1237 32
1387 2125
572 2004
1711 2057
1357 55
1579 652
1681 2090
2214 1455
1488 1257
1592 600
1283 1542
2196 994
1041 2029
1763 1781
123 1806
399 147
1184 1698
1287 1151
909 1288
1000 27
1643 2091
642 533
1593 75
2166 996
879 1106
21 414
973 405
445 1441
2097 1980
1679 924
1210 983
740 607
840 2145
482 236
2031 1459
1530 962
1774 1006
1627 1344
1818 877
159 1097
1159 2099
872 2163
410 376
1339 1313
1606 2116
2046 943
45 622
673 1404
1456 281
927 277
1183 553
982 1408
1375 861
201 890
1564 733
2006 462
2010 556
504 28
1590 748
2010 82
1999 1686
726 1292
877 455
2039 313
248 189
114 326
781 642
1733 286
145 1339
145 2209
1811 1713
1891 1543
1616 29
55 830
723 2208
798 1864
1383 166
904 1981
258 2185
489 887
534 2115
486 2133
1621 222
128 551
240 261
1061 1000
2141 1758
1926 592
1738 2213
738 1135
888 785
1590 2002
1764 1421
1700 1789
992 1094
1022 66
587 873
696 425
128 864
427 2206
1110 485
1152 1509
1264 920
105 957
1980 2133
1212 92
1343 1251
259 1612
1148 1594
75 1425
365 754
39 355
1227 893
1562 1079
1524 1999
2108 566
1982 1981
1509 2099
1869 160
2048 1670
1600 1395
1519 1823
566 16
2093 1574
2160 2154
2152 243
340 779
564 1932
1986 1726
786 1858
322 273
1660 1737
1477 580
1614 191
1046 1395
1054 1951
1718 538
739 1917
696 70
1205 1198
582 415
1013 262
917 1307
561 737
1908 1631
1659 1707
1463 1904
1310 1139
996 1939
857 1864
1996 1969
738 1500
787 2003
1889 863
24 1403
601 1755
931 621
839 937
308 1529
763 1519
657 1056
133 2073
1685 76
39 1492
225 1189
1586 1841
1416 351
131 1603
560 2157
561 2132
1202 1179
693 1862
34 1432
1746 1182
1631 1161
1021 128
1982 2165
1149 1113
177 2108
122 1426
2068 1655
2032 547
1992 1908
828 1007
343 759
2017 1732
1935 1676
18 561
1219 1248
89 587
1026 125
1438 1482
2193 94
737 1588
435 1492
542 414
1868 278
2028 1022
375 1108
1404 229
334 820
863 75
915 628
2063 1755
314 15
1604 1108
216 479
330 236
305 1770
1038 1735
965 380
1331 545
674 1338
259 1374
1763 1156
1019 1665
503 696
394 950
2116 1705
1044 251
728 2210
1236 1638
717 1907
1278 342
90 1549
850 2102
200 1750
709 1918
423 2063
923 1589
1946 1609
424 1985
1938 746
1619 1196
970 1947
1472 359
189 1163
1644 1793
431 1849
276 189
1802 1331
1678 1883
1910 575
1169 1796
2199 452
2158 2096
900 1794
1846 494
1607 45
2062 606
421 406
476 1760
1441 1778
1220 2058
1319 978
546 607
575 1753
1292 294
182 1374
537 1104
2040 509
1171 2037
1702 1578
1739 1381
904 1833
516 2007
1397 983
76 1067
459 1156
1155 838
789 446
2186 565
861 1748
109 2197
901 311
1175 1572
1338 1285
454 221
1137 436
1904 559
1943 713
763 1430
1285 258
857 1292
515 12
1856 2120
2093 1252
1453 1756
2057 1085
1959 1719
582 1557
585 1004
469 671
88 1577
1232 2007
1070 1884
1380 32
1089 2126
1124 2167
2200 164
180 1579
239 849
1686 821
307 1183
231 1624
1766 1007
2108 1979
1254 1600
340 807
485 2060
1212 173
206 2048
195 2057
535 365
1897 1282
355 220
211 1376
316 1174
686 46
1870 170
2168 217
503 638
1841 900
241 232
787 1893
1714 1567
368 841
1258 1854
1322 1144
291 688
863 567
564 1324
1177 1891
1734 1748
2126 763
1461 318
190 716
513 998
1880 768
700 826
1012 2132
648 5
5 12
616 1009
1030 2087
2051 612
817 1283
483 1196
116 1457
1820 529
1954 656
901 910
1543 1010
2093 545
1567 794
925 1115
1518 792
1874 2067
1309 2129
585 1858
501 2139
250 458
1290 599
1956 557
757 542
1948 1449
2195 1041
159 771
1169 1507
1697 1590
1526 1448
1129 1145
1914 2203
5 375
1834 497
2008 1287
1080 1423
1431 1856
221 393
1831 903
1384 257
636 454
1541 258
391 902
1121 1041
710 1839
83 2182
781 768
47 791
1109 277
1342 1065
314 2117
1975 1474
701 1060
836 404
884 43
953 214
260 1898
458 1991
1797 1910
465 973
1273 267
881 1837
87 2001
560 1871
440 478
624 118
414 171
62 803
367 1876
1758 159
316 1975
307 134
1312 784
1346 274
47 502
2084 929
1352 1488
1054 1766
647 1118
193 1667
1325 2146
424 313
1698 2058
495 75
1426 1487
201 666
1022 1321
710 1156
1905 994
848 742
829 1489
2060 1850
1955 786
669 1757
655 1295
1698 2010
1817 2131
128 805
489 925
2038 1419
1496 1031
447 372
781 831
1803 2146
207 842
1119 560
999 231
1028 890
1056 1161
1070 964
1052 1399
1059 29
1398 15
1290 1462
1275 195
39 1764
2034 1294
1283 590
1139 1159
1586 1895
906 826
1903 828
1715 1395
1251 1671
1426 875
538 2002
631 2191
495 283
564 305
1293 399
909 811
955 969
1793 962
974 465
255 402
818 874
596 1017
584 1405
19 326
1073 843
704 2196
158 1895
417 547
702 120
150 211
1131 503
1237 1558
1503 622
1947 2206
1774 1408
222 985
1625 553
2089 138
700 1219
364 1603
1518 1859
1844 457
789 260
1036 44
489 1480
854 1710
119 1562
535 1426
1236 921
1905 1273
319 1868
1110 1442
330 1364
1906 1975
248 1702
1461 30
2161 842
292 1683
1306 792
762 911
911 1031
80 644
2116 1679
632 1682
1952 814
377 1482
1073 983
792 812
806 1552
570 1394
1532 712
371 790
396 1889
1685 1890
509 233
1633 1115
1992 630
1385 827
368 1385
1327 1400
775 1152
821 446
2064 276
1813 307
1580 1662
1375 1491
956 1824
989 291
1973 650
429 161
1540 580
211 374
1181 2036
1903 444
1313 566
299 2026
190 1717
184 189
1660 1214
39 765
386 1032
1234 1465
409 1153
844 1108
890 501
119 1098
1213 2112
632 1179
1303 956
1699 1002
179 964
1961 1869
1883 2173
1836 1753
0 924
139 347
2063 1603
313 1246
227 234
888 725
749 1014
1134 1761
2107 371
1395 451
613 1043
185 1135
601 994
1488 935
786 717
2179 1864
980 1034
1282 537
406 1242
1394 846
941 488
1695 1568
1378 393
1719 862
2094 1946
83 1380
1240 426
220 277
2123 1589
537 475
307 2081
1131 1171
1771 532
1748 69
425 1891
1050 1422
969 1864
1217 746
97 545
5 2121
1377 246
844 1431
1695 1819
976 239
2071 1647
1880 1974
103 959
1471 1081
2096 474
1274 461
473 1095
1451 1667
83 1462
1148 976
647 1701
1896 1181
1405 336
1287 857
855 1642
123 496
1227 1631
1200 1206
1284 1254
1275 1092
2028 200
719 232
479 1711
2117 293
1645 1934
1457 1221
1938 1370
686 1839
1976 1118
1702 148
1216 2153
1837 1575
2155 8
2207 858
1539 653
2200 1133
147 876
1710 865
603 215
607 325
287 323
1322 2068
1299 1588
1777 678
1131 1251
27 1884
1333 101
1244 1803
566 875
1153 537
2175 737
2006 2010
2025 397
553 2075
2001 1016
30 684
2042 634
1997 911
1673 728
1751 1863
271 1518
51 1226
1212 285
164 1284
660 1045
959 1654
201 1382
112 44
858 1679
2164 460
2053 933
1942 1966
1577 283
2195 663
1016 170
1585 319
78 1042
657 1644
16 2205
1488 1438
825 1881
447 829
1129 275
808 1851
968 232
1407 674
136 1683
166 1567
766 974
2168 175
1829 965
620 1871
1788 1905
1627 1741
1656 483
781 1021
570 981
1474 1389
670 1073
1892 146
541 728
1346 711
484 1144
1408 1678
434 1654
1321 47
1591 2125
1246 1076
1427 1575
281 169
984 1987
627 1271
713 1869
1453 2022
1393 2032
27 982
978 2093
1627 1920
1843 683
647 1946
1981 1559
14 78
1430 868
804 335
1370 1990
862 301
1824 727
1095 945
1730 1386
237 555
528 29
1956 914
764 867
1363 574
492 190
710 6
1803 1346
559 2157
888 859
979 909
817 71
1416 1800
2032 1256
688 2125
927 35
1449 2037
2069 92
727 197
1939 859
607 1087
1704 38
1105 116
1561 1102
2121 1563
698 1382
1700 1109
1467 413
834 1874
1173 1265
1406 71
22 869
706 1726
1527 82
1207 1139
399 271
81 2099
1748 1243
1698 564
1645 344
1959 294
349 2049
66 466
1631 2207
1338 400
1345 1808
2201 729
995 1130
2081 567
1765 99
1908 1514
1523 354
2125 1287
214 1644
2130 1054
1796 351
89 1737
1811 397
2093 1616
2037 939
39 486
1197 860
2026 1000
1852 1475
2176 828
2098 1306
1887 2052
311 1917
208 1414
1388 47
248 1300
822 1244
1379 649
920 1616
143 75
1604 1397
442 1481
474 2140
1548 1704
394 682
689 932
1437 2031
1920 1122
1420 1787
1893 851
1224 885
1860 177
2116 292
2208 1893
747 1720
2162 1891
1860 655
314 237
1386 449
2023 1895
1194 1380
1143 1278
1844 1281
1914 2003
2032 1933
246 456
1981 290
1595 1985
27 2123
304 1128
153 848
1076 499
519 1901
132 112
1305 1072
781 101
1022 1224
1770 897
908 273
232 1462
1150 730
384 146
807 353
285 1520
1514 1180
2099 2048
1849 1346
1795 262
1419 567
2211 542
952 2143
755 1020
1211 464
1075 637
1112 2105
1012 693
1366 2028
253 617
1879 1971
559 1983
826 1099
113 843
252 1453
859 1501
1523 338
534 929
1865 935
1980 1675
1553 1642
1951 1842
92 497
1311 1734
919 1622
746 1285
482 1305
1868 1830
1131 1554
1409 2134
996 2020
716 995
1728 1320
985 1601
1302 1837
702 569
396 1056
1459 258
787 423
664 2102
474 370
610 2199
2007 459
644 347
361 1187
1781 1156
1286 1196
1131 2114
1449 505
1826 547
1609 517
1301 486
153 319
1264 1307
1464 617
1655 107
1954 1369
126 59
648 588
1397 607
867 1103
809 1504
1980 742
1046 1532
140 2087
2009 1124
1873 656
895 1606
1786 669
1782 1389
1881 15
359 505
1036 69
1036 2134
620 481
1786 1533
1182 1492
1264 1415
1618 488
1157 2214
1606 1180
1398 476
332 2097
11 36
2057 1505
1910 1956
1607 1013
914 665
905 2018
1270 682
737 1710
808 999
353 416
2174 112
1922 306
542 1956
744 1931
493 1171
1022 1728
1785 2038
68 30
181 1454
628 1212
98 2158
1911 779
526 1777
1445 642
803 2087
251 1447
723 528
1598 238
132 395
323 1516
619 2015
1976 1455
1718 367
2179 1860
392 1369
421 1163
1636 1092
1304 1918
2207 978
1849 30
1564 130
200 2162
1407 677
1418 967
633 1807
23 1285
1964 1962
1536 822
590 588
337 981
487 1850
1945 995
765 1688
1322 796
118 2026
804 294
1115 193
2022 1745
1954 686
264 2004
45 2134
900 1432
634 1120
1088 56
1213 1873
1150 90
403 1846
1361 622
280 110
1880 2200
421 99
1473 261
2126 1534
708 1183
510 485
638 1726
689 2023
2091 392
2045 1397
2065 1115
267 1918
76 965
1188 1986
2159 222
698 697
1144 952
213 1514
623 235
1063 1150
1487 1769
2205 821
2161 1978
1053 1016
1678 2024
1310 203
139 1769
1887 1661
1884 471
480 1013
1065 1546
1000 259
1355 304
1207 1391
130 1646
1974 68
164 1812
32 152
166 2181
1931 2193
1798 1036
301 927
2077 1515
877 1152
203 446
724 1606
1583 2145
765 1049
417 1144
944 1663
1482 1551
1234 677
2033 780
1261 1009
554 1565
635 1533
217 739
1357 2070
1276 910
2210 955
383 1816
450 308
2149 755
826 312
1701 778
386 806
1512 1042
0 2087
670 746
567 2100
641 1505
662 671
1057 2060
2165 1736
1670 1986
1792 1580
964 1615
647 62
200 1470
1845 1573
463 1910
1222 194
216 637
938 643
1397 478
4 2166
958 1653
440 1269
1410 818
1039 1545
1324 1687
416 831
972 503
121 1130
756 1748
225 619
2051 1972
857 53
173 1439
1291 1783
372 1408
1255 1110
1556 463
907 1440
442 1305
1663 1647
2116 1045
118 576
45 621
518 1363
771 2105
1886 47
1347 1407
850 1994
222 452
1802 1642
1199 1680
1614 62
1482 787
1434 2037
366 1325
357 354
1109 263
1753 1669
2117 1557
2004 667
1376 1936
761 1491
789 1543
621 1481
618 1819
2132 1823
2045 1155
1941 419
857 51
171 2107
310 837
1675 738
1710 1802
1417 1990
2206 1775
804 197
975 1355
1378 1068
285 1076
619 365
374 908
1370 2100
1935 1607
1081 1401
1592 1327
985 606
58 1923
2056 1404
1402 690
1850 314
2039 27
1538 672
1196 1961
2147 720
824 1126
1323 957
1066 1331
2198 574
257 145
728 2037
1196 1085
321 1585
889 355
982 1706
975 1595
122 1250
1114 468
557 886
1164 2133
1637 966
1188 303
1254 1338
867 526
1075 330
1566 1996
1412 327
496 1596
1854 958
68 658
1283 1849
516 1765
736 2097
1204 736
2211 889
831 930
1657 1176
901 248
1376 814
1769 2166
1247 1614
2081 103
533 882
1468 671
1014 497
1686 254
284 2135
28 1373
53 896
2186 57
314 185
1791 121
486 1493
608 1936
866 1263
907 339
1590 2094
2075 150
1687 1956
2131 1457
1014 2172
1202 455
1791 156
1343 1289
2178 293
1029 1672
1245 1551
203 393
407 934
1059 955
393 666
1738 1797
388 1439
286 1218
1396 319
1250 1159
1799 147
1886 517
1267 2023
830 847
1700 1564
927 1052
588 1368
168 1155
489 1630
863 274
1435 1206
1368 1199
1044 2028
36 715
863 719
2120 1036
816 120
673 252
1314 521
771 625
1840 317
2192 1662
313 20
1566 1061
250 735
745 165
1981 305
545 698
675 315
431 1977
803 832
2125 795
992 231
460 1207
218 814
2120 52
1405 633
690 1127
254 1124
762 438
1104 1137
1315 1903
857 679
1513 1741
2121 360
214 629
1722 745
468 1849
1262 716
795 319
460 1011
1470 584
1635 739
289 1929
1971 1113
1668 1755
815 2019
1820 81
245 1659
1698 1237
2080 862
291 1872
1437 881
2128 1921
1185 99
420 1519
1938 1442
1014 235
147 872
2161 663
125 1238
747 1979
866 1834
407 2
618 278
6 1239
1313 2175
1606 1114
1196 132
1279 915
366 1495
959 379
2094 1857
777 62
1912 51
526 35
322 1900
153 1936
1348 1345
981 2199
1426 761
1548 476
1831 19
1732 1259
344 450
1245 412
95 886
1349 974
580 2054
316 1455
2163 1446
2195 786
313 1330
1304 1072
1347 1527
622 2081
968 1732
525 552
1618 882
40 525
2118 1146
1151 1467
518 1444
81 212
1204 685
225 1886
255 611
1393 2006
1664 936
1966 2105
1603 1652
53 501
212 626
1582 833
893 53
1714 883
1413 2211
964 378
1660 2023
1534 626
1117 415
699 1400
1075 1617
2101 585
1449 1851
2010 1335
855 162
1833 1744
1036 2082
235 481
2121 1857
1555 707
664 130
488 311
1253 587
1138 851
637 2145
1221 53
1905 1221
708 621
1877 1077
237 628
1250 1434
937 51
141 2073
1730 1023
1640 800
475 1389
1060 1413
1898 127
948 981
127 1102
521 1857
450 1085
913 1897
987 1146
947 261
1212 576
1532 1688
594 738
167 964
2046 1331
805 810
153 1313
1098 669
154 1287
1202 1949
2111 1740
1144 1649
94 1022
1422 995
462 929
1922 955
688 1972
2058 542
171 593
1965 1459
406 390
64 1333
712 224
553 892
2032 488
1800 1637
380 735
1709 2189
1430 1383
1489 1771
91 632
251 1993
66 2017
1680 338
374 148
644 122
155 1285
2150 1550
1867 2199
69 1449
1541 1322
839 369
1702 184
1345 815
703 2049
1986 1369
930 2003
380 978
349 37
390 2202
308 697
1527 176
450 2149
555 863
478 1694
1430 847
1469 1636
746 1520
901 1376
29 523
936 1304
2058 291
1230 42
630 713
601 1010
412 1451
592 710
412 853
1137 946
241 437
456 1255
2117 624
1168 871
852 1112
2044 2013
1723 2093
900 1351
1176 733
857 521
1714 1406
1603 816
736 2000
1095 303
255 1419
1101 1346
733 465
1335 1083
1729 1397
1807 1331
1939 612
161 2118
2183 1575
1836 1342
150 1604
358 1841
1495 246
1764 1653
12 1742
80 655
2143 179
1277 1274
1900 2199
855 1214
36 229
1135 438
770 1198
1550 723
426 456
1775 792
1083 177
1599 1717
372 1190
1797 700
977 1825
136 1934
1656 169
1289 498
786 971
1207 167
1061 2101
1457 1873
257 1519
641 1029
1037 890
326 1278
504 1862
1847 1897
1121 138
1602 1647
1234 1761
1476 1411
230 426
2065 627
2183 1750
211 925
874 117
1783 1739
652 1447
866 1771
587 2106
581 1603
832 41
1846 407
1417 202
1271 1025
1402 1312
283 1416
121 757
1128 124
210 1305
203 1361
1697 413
1536 1765
1166 444
1783 1560
733 1929
1137 280
1740 1526
1396 1154
1139 552
678 2125
1009 509
118 284
38 330
73 1916
1444 1133
110 1711
1759 1645
2011 1841
614 1390
1695 1853
247 983
702 1369
1165 2113
1522 660
940 768
1409 1505
297 620
209 1758
1159 116
1027 405
824 1107
1356 59
249 608
1685 494
1242 920
361 616
1814 1193
994 1620
1974 214
1274 2178
1287 210
827 1307
535 1219
701 857
949 1440
1112 70
360 1741
1135 1484
702 367
736 1904
1348 801
565 1752
1239 688
2109 1037
433 392
521 1080
914 424
1850 1272
1765 639
675 834
2080 2047
888 622
1132 159
468 610
1552 2170
39 2157
237 1527
2214 800
1794 961
1508 1236
1316 227
2057 730
1961 1415
433 858
193 1959
699 1211
1966 862
1677 398
1450 98
2058 372
1745 2067
1375 2100
82 806
845 1084
358 1448
2029 1192
1208 2196
719 379
341 1413
1481 1087
664 1259
1693 355
845 1981
156 1709
2204 1027
2001 32
757 1567
184 1714
850 2155
1622 1098
1566 2150
632 1013
1726 540
824 1661
2175 1525
2052 1108
229 1947
1967 1080
2141 38
66 1044
1475 1129
993 560
1645 344
141 969
765 2144
624 1834
969 98
744 616
1239 869
918 1588
274 807
1137 1106
1920 2020
1103 790
55 777
31 597
1813 1440
1828 2163
5 1
1533 1077
1672 161
1400 1796
2014 4
1662 1710
1591 32
1748 446
353 1112
194 1022
2151 304
193 2136
1502 600
161 35
1734 1794
1324 2042
973 2040
1494 2075
1774 1192
1947 369
549 1673
1141 873
1839 1923
1568 316
1481 604
2131 130
1921 1942
1235 1556
98 1345
977 523
473 342
965 877
1293 895
1424 64
1986 1732
88 1394
1048 614
1594 757
2122 494
1159 482
1084 1805
1249 1459
706 313
1645 198
1703 1384
1707 1841
274 287
108 1943
147 415
1092 1132
1796 1065
558 147
1952 494
1303 1102
442 228
67 593
552 1328
2175 909
1477 1954
489 943
223 285
1004 1324
234 1989
779 1942
327 154
1831 139
1713 1516
56 41
802 740
1418 1115
1836 796
895 269
80 806
744 903
908 508
384 1831
945 788
1433 916
1451 735
60 667
1705 1625
358 117
256 323
1257 1414
1757 197
104 825
1964 259
1599 25
1162 969
2179 2108
512 764
1661 1169
1873 834
1538 1981
788 2204
395 217
153 631
1039 1255
1486 343
913 2087
2118 461
904 751
1956 503
166 509
1209 1866
1787 355
564 516
2007 1693
1416 1041
1059 1822
1987 1158
591 1986
2047 425
1805 2124
1788 950
1343 1203
595 1247
503 2142
1925 828
704 188
378 1888
1442 1358
762 131
295 942
0 1829
500 1351
377 1131
997 2025
395 1951
1326 2146
1110 1819
257 1260
2017 1190
1164 2152
199 1840
518 1700
1161 1996
1969 589
1638 1544
1472 1977
102 2175
1055 826
1570 1220
2098 1910
1574 2127
387 1083
1787 1643
1102 1778
1528 1465
223 2172
368 1639
1382 881
822 1792
1898 347
38 1805
1559 1873
2 840
1737 468
1143 1164
806 877
755 384
1275 1597
694 2126
1751 1001
2041 649
266 1886
926 739
1984 1616
820 1080
2118 169
678 130
458 1072
1236 170
1724 1116
1563 1572
1292 972
2184 1661
1424 224
468 649
704 1407
1314 2035
1249 1520
569 79
1579 174
912 672
920 819
1377 1683
86 674
147 1752
2063 61
1496 1033
1342 1888
879 366
1514 543
972 513
1171 1548
1790 1189
2170 1035
739 936
691 1161
496 371
1969 881
1611 1189
43 873
2123 510
571 668
779 1596
1681 1566
1657 1217
177 70
2041 958
1538 2032
513 2015
1505 491
1318 47
1056 373
2188 247
1270 1344
578 1427
1789 1266
2065 809
1003 2010
1577 492
508 1598
301 108
2145 172
1448 1445
463 840
1669 1938
517 1143
2058 1746
1540 866
1609 1461
2212 1257
1057 123
1417 299
2007 139
1365 1318
493 813
1296 98
2081 1187
1637 1876
1247 887
2128 197
173 807
146 2076
483 50
1812 176
439 1107
912 986
1266 1173
391 1866
1939 1020
1377 1774
2184 1800
1648 1169
627 1591
697 1580
1290 4
2143 1134
1112 828
2112 571
404 1334
1444 516
280 625
1212 1249
1536 291
2019 1967
2140 633
310 1279
849 68
1625 2040
981 1195
1623 1391
531 2139
587 264
741 193
1255 1934
1432 637
1606 2000
1511 433
2178 860
1655 1571
800 1532
352 1018
2097 434
1511 559
1243 915
167 1825
1321 1562
1827 553
1729 710
464 336
1093 558
2214 1145
264 1590
455 2073
748 1952
1363 1391
135 143
1404 426
708 1892
853 1070
531 1826
1991 145
177 787
505 35
2182 260
478 1307
479 1361
621 1018
1673 1531
1848 209
583 1830
1427 2017
396 39
2128 2069
283 2205
591 388
884 2000
1253 2120
489 1811
594 395
368 1230
1260 559
1516 1939
13 1530
233 1263
545 198
1457 1274
2064 407
1619 1304
1410 168
115 71
67 309
1857 1624
1409 1006
1893 515
1075 264
942 2040
955 1645
322 1440
955 238
410 799
1731 729
232 492
307 1526
364 1190
1356 128
1889 226
1130 504
509 1439
505 2059
42 647
1867 306
1970 1433
1166 667
893 1619
1543 1545
1656 1398
1868 971
827 2160
1948 646
389 1877
1973 130
1852 1996
215 1886
783 539
127 1820
1973 779
837 143
815 1937
2059 1724
1650 869
1470 1370
972 2211
549 268
1742 1580
2083 2108
1740 2116
1630 1149
1766 547
1957 1217
943 810
655 219
1205 1840
319 2033
1461 1574
1218 1981
326 1247
1265 896
1971 1468
2197 1056
1664 205
451 1286
27 772
1457 821
93 996
938 1098
1292 127
372 2035
1380 2047
1400 1091
1672 1939
917 1340
1006 1835
1266 485
238 355
817 744
579 947
142 1970
439 1448
1058 1896
204 2210
1695 89
1514 873
2205 1290
1377 680
1809 1158
1252 1872
469 871
195 1899
8 368
1949 1820
1471 1682
1206 16
1613 1084
808 1551
1424 752
1039 1575
1102 2109
1122 1132
726 1718
160 2023
602 1448
877 1264
1389 1967
997 1654
903 29
963 915
635 1896
2000 822
1187 1744
125 1808
189 1588
902 43
1852 939
1125 1622
687 805
1810 1907
1051 793
1000 1748
1840 434
1656 1422
329 176
588 1658
539 1985
544 681
757 1060
1939 814
362 1826
1057 2136
1176 1573
586 374
2123 290
508 579
1405 2104
324 2170
1937 1296
356 853
1003 751
2084 1851
885 1373
718 559
1248 749
328 600
2138 1263
1845 162
1265 704
99 1403
1316 1629
600 2055
1929 67
1185 1888
1338 1013
121 666
1177 1329
60 771
429 1593
863 489
838 811
56 1010
353 873
1027 724
426 1684
1149 1744
958 646
1670 1871
1529 161
432 683
368 798
1292 1550
1920 1434
2159 646
67 1576
1400 2111
1493 1584
1483 202
1604 1521
397 26
187 840
303 1307
254 1409
1825 1065
2023 791
1336 2131
1143 1478
37 1177
1619 182
1926 682
1734 885
247 1593
1488 979
1608 1256
2139 505
116 1388
2117 112
885 289
1026 1551
389 431
421 1138
121 95
175 512
1627 1245
1083 1552
604 1028
1144 39
783 301
1618 1752
769 524
988 514
1548 177
753 275
597 1846
1612 552
1655 1206
1534 2174
2077 111
587 2093
496 1190
1430 507
382 1503
1138 1989
1420 899
768 1179
1430 679
2016 645
1516 1452
588 70
1065 1064
1163 1579
1521 1318
430 1021
2073 1462
106 640
455 308
695 2134
1352 2087
741 1080
2072 2150
1116 1708
443 1553
769 507
436 154
1237 1390
1385 2164
1324 1767
1133 846
25 722
663 1320
623 1845
2035 1573
668 506
2115 947
1253 1888
1133 2191
1644 1595
2040 381
1953 115
1579 2038
1628 174
23 1227
779 1618
2099 1431
456 839
945 596
1732 894
1843 1769
1381 43
2113 1886
558 187
858 951
984 886
1074 1591
1050 1805
1402 2165
140 850
310 387
1096 813
1920 1304
146 657
1633 509
481 715
2079 2174
10 1764
1170 1051
905 2162
386 858
894 961
1907 70
364 1822
1522 1074
239 264
1673 1985
2011 1178
1527 377
151 1015
1741 841
1448 1232
354 1507
678 454
782 2046
758 2207
1879 1164
16 93
855 1556
330 846
1269 475
1096 1118
1720 380
940 963
96 651
1095 759
1284 115
1386 356
1961 882
1283 2116
899 1926
1358 479
1862 1739
1716 577
1247 1063
1954 1187
1057 1373
2077 1185
258 1056
544 488
371 818
97 362
1450 501
1086 397
265 82
1999 758
800 181
1891 633
1735 1886
1350 104
197 1911
1235 1011
1813 459
869 860
1480 66
1240 940
1850 1107
363 518
416 1788
2210 66
1939 1209
2030 1173
2109 1911
1597 394
698 851
353 121
2100 192
76 776
2037 1114
1985 1539
909 977
749 919
199 1651
668 2030
1438 1594
284 1516
164 1157
737 1668
1602 1113
786 242
2107 189
2118 2120
458 162
496 1424
1845 470
640 435
829 205
553 1513
433 1579
659 1722
968 886
1857 439
2156 1765
1459 2046
955 2129
1788 1037
1677 2035
1998 107
1279 1953
1744 1400
659 1213
1410 295
10 1624
982 1859
1828 624
106 614
1366 1186
683 2125
288 1029
1523 718
1140 713
2205 220
2016 1079
1215 1397
269 968
1782 1691
1298 1793
1601 341
1601 679
448 1273
411 1107
1119 973
1242 584
1727 1580
2173 146
415 1377
1031 1355
1022 1401
1969 634
1018 758
393 883
33 429
1006 153
1239 2143
1508 1859
1238 1352
1637 1039
187 652
1184 1770
943 96
1720 1318
117 256
1091 2138
1705 608
1723 1832
966 1667
1365 275
839 1650
552 1562
1210 362
452 1734
1063 1566
1798 913
1349 112
643 10
2076 321
835 328
392 1634
195 581
1589 1886
125 1545
1655 2164
1148 1514
847 1888
2145 1451
1524 788
192 1578
327 1594
1416 1762
1478 1278
551 890
905 1426
1847 1196
1472 521
980 2096
1090 199
1184 1297
1187 1590
33 1810
1730 686
1250 2135
143 1693
1006 1216
1957 2117
1016 1179
310 1156
382 148
241 1115
769 195
1097 1405
1076 1003
40 1875
1114 25
1574 199
1285 697
75 86
2075 1950
2102 359
152 2104
2005 1175
635 852
409 645
1587 1392
1819 734
1553 1478
520 1621
1175 80
2168 1238
1103 1744
690 1484
1033 407
2188 1367
552 342
807 1360
815 1769
697 2006
2190 1408
1429 2113
1662 1837
126 88
1576 1207
617 1199
1133 1750
1953 1407
161 2116
2071 1113
1434 1718
821 1551
1339 103
1957 1657
797 2133
948 1519
1228 1242
1361 1614
1014 1364
1158 1712
1213 600
1671 1454
1038 1525
1944 18
287 2149
2102 1550
1592 273
1038 39
2107 990
461 799
204 602
1191 105
859 1484
497 1217
550 461
1138 1259
644 2200
454 1131
998 1742
1845 1622
2156 974
1500 1653
1878 1663
854 936
741 1186
773 853
1577 360
1926 470
1595 884
2181 1476
290 1238
1529 2181
1242 381
680 1167
1093 617
371 530
1603 2080
349 859
1248 6
2190 506
284 1339
992 1115
627 397
1909 487
41 1601
1935 143
2193 351
1691 1528
510 1932
1921 1780
1328 1276
1468 309
47 1411
827 326
804 2153
330 1556
310 896
432 1488
1808 306
2198 732
1364 1168
591 1476
1531 651
1500 736
829 831
1570 195
1994 989
2149 98
1791 1863
1932 1423
1426 330
1562 566
434 2087
1617 823
2079 723
591 199
633 92
1106 754
572 20
150 2073
513 2027
48 471
2047 1059
1579 959
763 477
986 1108
2063 1544
673 1664
259 148
1158 1939
1925 1782
302 75
1965 1231
1812 640
1868 1071
1072 1797
48 1219
903 887
843 218
89 356
1243 1176
123 1097
1475 1731
44 235
1614 1472
1327 1173
2123 2129
1132 617
2166 1968
1958 1557
1915 345
496 1812
1809 215
1958 1609
2000 1813
1163 628
1379 822
1694 301
451 1781
1339 1765
1261 1322
894 488
1220 897
922 4
1578 1124
1623 579
53 1095
119 1426
200 814
1489 1577
1628 1110
1639 664
1401 1807
402 1635
1751 963
1297 1282
937 923
126 425
457 605
1252 1569
172 2079
1291 2121
428 1476
2200 1832
857 737
1213 495
105 902
1641 818
622 1380
1405 2008
53 1315
609 1684
1386 2023
2078 342
1240 416
1366 2116
1152 1497
1342 100
644 1847
920 1795
1838 1344
1300 725
1087 266
99 669
598 982
94 281
1088 2195
338 1741
1711 676
1514 654
1315 1975
1054 927
144 1291
1302 574
1712 1931
802 1560
183 495
223 528
781 3
815 2145
1022 2037
817 1197
170 1513
479 1678
1517 1884
410 140
498 2128
1131 1763
1489 227
1471 1288
355 2083
1829 1347
1184 787
471 720
1797 653
1148 1839
2200 1070
964 2060
2146 462
313 1182
698 321
1127 1478
2124 2110
1967 911
414 1669
2051 1464
347 1496
643 272
369 678
1738 735
1593 1625
1491 2195
2019 1571
226 185
1557 1153
34 1721
2148 573
1318 1903
1050 1764
163 1821
2043 969
959 1358
1576 1255
17 1482
1464 972
200 1179
1582 961
590 979
1516 1551
663 525
814 633
1359 462
341 1451
1734 399
308 2058
1867 1961
1669 193
1053 1206
1997 2140
1377 2180
2025 1237
1424 1081
497 1490
9 2160
658 2197
2134 336
1716 2119
2151 1189
651 179
1308 679
910 1092
1463 815
557 1609
194 1925
1903 1669
782 1528
1042 530
830 880
121 69
1890 1140
2176 1770
111 1825
1491 1254
1794 1806
1668 985
327 531
1305 683
1911 1940
1427 1667
676 1689
2060 656
384 1718
2094 1061
1107 813
480 232
1400 1563
1038 2124
822 1004
1668 1488
384 1333
1749 2112
233 645
546 2127
648 1417
951 1337
482 1547
234 480
6 1092
529 1952
649 908
416 1022
1669 989
1126 1598
444 101
1677 393
842 1755
1244 1381
47 1115
975 878
1061 2209
1125 1135
2204 684
1295 1223
2067 405
277 1022
363 931
1264 1833
2063 1516
174 1887
303 478
487 1798
806 2115
1185 972
1532 1974
1333 1170
111 222
354 473
485 1120
1191 1159
632 167
1422 1300
1715 1552
1648 1439
2214 1785
223 1521
810 1034
1039 814
2058 907
1562 1647
657 447
1807 1501
596 1969
986 1136
1767 1385
1684 710
871 1139
493 1079
1712 1174
1567 590
794 1951
95 1618
845 1957
1148 300
68 1829
918 2168
207 1105
1311 783
1808 324
686 665
1967 1658
1803 1664
2047 2155
1340 14
1788 77
1197 1009
1366 1508
1870 881
1343 908
1909 1143
2120 1312
496 916
617 815
1330 427
204 360
467 247
1446 1257
1478 156
1775 1857
1531 507
1642 1971
1748 1516
1993 2046
2115 168
1614 42
751 1453
961 1250
1840 2099
1224 136
458 38
375 1332
1512 896
1192 1752
877 1120
1562 979
852 1965
1404 1479
1507 1457
1078 659
416 1851
1376 2173
1990 1799
893 28
240 743
382 945
1303 221
1000 389
2129 1580
646 1625
1639 684
1991 1943
1713 84
1872 1451
936 1786
911 692
170 1490
1325 1950
1897 32
379 6
1936 406
138 1127
443 340
168 322
1884 682
759 1993
947 644
1120 913
1290 1948
567 2038
1161 681
1322 2079
1747 1832
519 434
2084 396
1088 1210
1424 545
1845 358
1654 1016
1347 709
531 826
1400 1843
68 1847
1660 651
1602 517
1465 1040
363 685
1217 768
2116 345
394 364
598 679
1319 1576
616 54
823 1341
1381 1596
428 388
921 61
1087 530
1938 443
1958 918
1869 1606
26 152
1576 332
825 2129
817 711
254 1525
564 534
1390 510
216 1648
434 345
1495 970
1472 210
1484 2050
620 1379
422 832
186 1139
1397 386
377 2093
1501 609
1678 2043
520 1615
2206 477
674 1993
1591 1148
2156 957
148 1239
1411 1477
2038 922
126 1769
1710 840
529 2133
1102 648
438 1559
727 1818
95 686
453 1238
1833 1949
202 1285
515 520
2193 946
418 642
673 373
1846 16
1461 2012
1509 1379
1843 2134
1988 1794
2106 153
547 472
664 2147
1979 1911
1100 939
1118 1019
1688 481
646 1290
1258 273
255 937
1586 1496
805 1426
1400 2117
1581 1675
883 1119
1115 1117
1728 2013
890 1395
1149 2043
1548 1757
902 733
1399 565
1685 882
1298 2125
865 2125
647 455
1010 1772
835 179
898 840
1081 950
1536 58
2021 1541
917 56
2006 1022
2163 1602
1695 2183
1439 940
1779 653
1166 1535
2130 522
2126 458
1229 1524
1342 836
1272 1579
2023 439
1699 1377
1467 1900
1240 728
741 1365
499 2211
1655 2150
175 152
1887 1715
1386 1362
474 1062
1464 1540
921 1405
709 655
2133 1315
169 1368
40 622
119 737
1353 331
1461 955
1285 1576
975 2152
339 600
502 1964
98 703
1972 344
908 2176
1820 2117
1397 1353
299 322
671 370
857 141
1952 251
1736 1327
219 759
1417 219
30 1567
2025 379
1310 228
2057 206
719 426
1457 162
718 1966
752 1570
1301 1067
979 1930
1913 1180
1733 288
10 293
589 1121
188 426
1101 2053
1813 653
1789 1006
1230 1356
1087 1126
815 664
186 1256
903 1362
1741 1591
1658 2031
2196 15
329 2094
584 1001
66 1273
1478 1844
989 1706
2025 1169
1185 82
2093 710
130 953
801 1770
508 1307
494 1157
21 93
198 843
466 877
349 2031
297 5
2020 817
1263 1046
1577 1781
368 1832
1334 1269
1083 514
1110 557
569 1291
2164 803
266 2059
307 1464
907 913
1143 1088
1687 1510
1549 1073
1740 718
2008 551
1620 659
1936 1528
1122 652
1977 641
402 1641
895 2107
244 2175
1830 838
388 2178
572 1129
1719 483
86 384
1709 839
1403 53
1990 4
488 1640
290 2005
338 817
1191 2093
214 456
1735 893
1516 1202
1021 68
1915 1667
2140 949
742 940
1979 903
905 1538
1080 1084
966 1848
2071 475
742 1078
25 1862
1839 2024
1796 2145
359 87
622 2026
1634 1058
2130 228
54 1596
315 2184
570 750
1724 1051
322 1323
1660 1172
166 760
1953 341
1846 1912
1535 1221
1314 1337
776 1657
1311 491
693 45
467 7
1146 1046
2016 801
1754 4
383 459
215 1943
26 1851
260 2048
1455 550
1108 1193
627 799
1377 324
2192 1714
1765 712
1544 1166
2112 196
196 535
2165 1008
2132 1297
263 1475
1857 2184
1998 2048
1270 1562
2202 1487
722 1184
845 1397
2097 1292
1759 1461
1962 1608
1837 666
1777 1056
1310 424
2077 1616
1392 1526
2210 2043
187 1216
848 375
1794 1652
112 2082
1070 1848
1909 146
1220 1547
625 1810
724 123
1630 2104
1785 1986
1103 1296
297 471
1066 1243
2026 1621
1218 484
1423 101
1392 2125
627 1879
619 2065
1167 3
1332 1865
447 1250
857 620
1168 1236
1736 978
1843 1770
1669 1741
1664 628
1310 708
787 543
1644 1283
1518 1117
660 1787
1128 241
995 6
273 765
529 1541
1467 793
1897 482
1306 1987
1398 2085
1792 409
1637 1231
57 108
1116 1835
1042 268
274 1723
274 1395
536 1375
7 702
2018 1521
593 1059
1530 1546
875 684
1810 735
1086 1283
1771 1451
2016 1956
1400 735
414 611
552 539
1766 1475
1038 913
1340 1138
627 129
1856 1750
489 406
1499 1644
135 485
2056 1967
1886 1966
1648 659
1049 2203
1063 1600
678 1266
1049 24
1000 78
1404 859
316 1220
966 1764
185 986
1552 2116
1857 2092
1133 254
977 1476
1462 2133
1155 1019
895 2132
1587 194
2041 328
1459 756
1520 2038
115 1552
901 2002
789 1671
2116 582
1225 1365
793 1807
1936 469
123 1957
1246 1582
690 1508
1330 1185
1634 640
1865 885
1140 528
213 712
1449 17
1133 1580
915 90
12 1517
2210 68
838 893
893 475
1013 7
1709 553
1848 1946
1092 1526
917 1598
66 358
142 775
873 585
1107 1176
1868 1847
1540 1221
1444 1305
764 1648
2122 549
1550 1716
2153 2078
1640 892
1856 2138
449 542
607 836
1759 449
2133 1223
1620 1895
237 1620
4 1978
1545 422
2064 830
86 685
1412 456
911 1697
1381 856
708 1728
860 1750
673 1178
1585 1422
1240 496
1964 631
803 1997
1000 1150
688 847
1551 321
526 1195
1715 1345
96 1483
1905 975
228 636
1392 250
1981 1713
324 74
856 273
1837 1849
1853 1053
1750 1001
807 2120
704 1577
1307 1199
1073 128
2201 255
1434 1375
831 893
1010 1771
1264 1836
1843 989
1500 407
1516 2074
2116 1460
1595 1544
1680 2016
2204 1348
2163 123
98 959
278 2009
785 740
2040 395
81 747
1145 1983
312 561
1038 338
163 798
1644 1048
291 245
2078 904
723 2088
1067 2171
497 1321
320 1089
360 1229
1746 1014
127 897
34 1207
1396 1216
1025 51
1727 198
395 1288
1584 174
2050 476
1518 1379
2073 980
901 465
1264 1665
2056 294
1282 665
360 435
848 461
1065 194
30 206
790 1094
1780 1383
1400 2056
1102 1980
785 250
1639 1018
1330 46
1106 1698
31 1721
1915 381
1351 108
1805 1103
100 1941
1857 1220
2211 1340
722 2083
823 1049
565 734
1848 1951
232 395
1738 1393
1709 1471
325 746
791 846
1739 1609
308 162
2067 1642
1301 1592
977 2051
625 494
1387 2025
1547 1803
2114 2061
1567 1055
399 1141
1828 1587
1963 1232
402 379
1552 390
39 441
1810 2032
2124 2026
1388 603
186 1055
236 1767
1376 2145
1547 87
601 712
390 407
957 1421
504 14
84 1345
616 2029
751 1707
959 679
419 786
254 404
354 2163
2066 1227
1999 1428
1965 483
395 816
1111 819
802 2164
1414 1333
1997 64
1436 2205
1644 1303
1357 975
928 1297
2009 2104
1701 1259
1857 1938
393 749
2043 1102
1172 443
2155 1270
560 1900
1552 1556
1489 279
787 1076
720 254
112 2204
1217 707
1852 453
1456 2061
199 64
1742 1828
897 862
965 695
594 911
1569 1977
1003 1215
2125 337
2026 1440
1448 1765
1632 818
599 108
671 1697
1438 1004
1922 1721
80 489
315 350
1106 634
1099 941
120 771
197 1404
631 461
990 699
742 312
183 988
2057 1141
1440 1544
908 1087
1191 189
1777 574
154 149
670 1504
1409 226
1171 1362
1672 1066
603 2186
1798 1392
1834 1978
316 655
165 964
239 1824
240 2187
1573 433
1815 107
752 210
1270 1005
949 1492
862 2018
673 1055
1125 797
969 760
1462 1609
1378 1793
264 742
146 2062
1815 1919
726 1613
931 1392
2092 859
1452 2132
2178 666
1168 2008
959 1169
1266 1544
894 841
1337 1552
1121 1165
666 54
1630 647
678 1246
268 1579
738 767
1582 1271
1986 37
59 1299
1068 17
1242 869
1383 1779
2051 648
878 698
1789 538
1257 2087
630 501
975 1280
1351 433
509 975
74 1653
1202 424
1001 2063
481 1334
176 1339
1666 1420
545 1223
891 1818
1467 1579
1446 302
1403 1007
1727 98
834 1547
1643 644
170 867
1914 2012
1737 8
1552 803
341 678
1726 1503
1494 1825
1359 1337
790 734
585 570
818 1904
1799 1717
1690 1995
474 492
842 1816
613 2056
185 1287
757 746
257 114
1292 44
1191 1881
893 1715
481 628
833 4
1061 1933
239 1315
422 2128
355 1787
1584 481
126 61
821 871
1618 1844
1707 995
2066 259
782 1173
163 216
1745 148
1033 1296
1176 44
1925 952
1753 90
224 1619
956 1302
240 269
1286 508
1217 633
2103 1112
208 571
1075 876
1966 1884
1816 980
1236 1684
1368 1437
1281 1138
1875 11
1062 1404
194 600
321 735
1099 1512
1300 1406
1445 516
225 616
423 220
1031 1969
1945 1968
878 1188
316 860
756 1621
389 33
274 1377
423 931
986 192
2133 883
949 631
1109 1206
756 132
2174 975
801 702
679 2159
2072 781
1706 1958
2202 1882
363 401
498 869
1508 1040
2067 1112
822 247
220 215
1819 2184
267 1130
1131 499
1693 1099
2212 750
954 1148
1071 1842
1674 1791
1873 2136
2078 2022
1833 2100
1530 2149
1440 2045
39 1395
817 1066
913 338
2078 2189
766 119
1035 663
1184 1332
1368 1717
1189 874
1482 244
269 858
1100 2181
827 1855
187 1789
