248 709
330 465
1102 1839
1778 1668
784 841
975 1272
2078 1329
1967 51
499 1177
2090 927
755 1597
1481 1514
2162 2006
1128 1645
636 911
1991 2016
1719 71
2200 2062
2111 1958
1072 1459
1574 2161
1171 2067
2083 1123
161 1693
205 2127
1143 1739
1485 696
1739 319
1346 187
236 83
235 2037
447 2170
1 1818
426 222
490 658
444 2140
1282 2098
2199 1602
1159 102
182 1627
968 1705
247 1375
974 2137
1371 919
177 552
418 1235
907 2001
79 1006
134 1703
207 365
780 1880
1468 1229
880 214
240 1050
229 1126
1204 1325
1033 949
191 974
1318 552
1892 752
519 1658
905 1830
107 532
2183 948
2209 1615
1176 2067
1259 1415
1302 1015
122 361
55 593
1587 883
2006 222
1157 1394
493 1254
2202 674
713 2001
282 1043
522 1177
187 2012
380 660
1951 1919
1890 625
1630 893
104 934
1807 1455
289 704
1240 290
626 1296
1619 941
1120 2081
96 1642
1959 66
586 2177
598 1609
2129 697
1170 29
638 729
665 1744
635 995
963 497
937 418
1812 1537
561 884
2069 340
143 1439
1455 1042
510 1867
318 1079
837 1995
1639 955
155 999
1834 705
2026 230
1563 304
1155 1929
345 83
1657 57
2042 5
2119 329
794 1700
1801 1292
2214 1437
112 505
1668 56
952 234
94 274
430 2119
1321 1710
1085 561
41 558
1840 280
443 2173
2174 1485
2213 132
1797 782
756 1323
374 808
1985 1766
477 96
288 1531
1951 586
1501 87
2148 1280
18 380
1368 1214
1847 1503
38 1305
1478 1720
1220 650
286 1922
58 1438
951 2049
1855 238
539 1503
1790 2099
264 64
1077 708
1381 2178
253 1130
58 1828
1702 2007
1527 1600
477 1884
131 1613
93 76
1151 1816
216 687
2182 9
925 75
1168 1558
799 1876
923 501
586 1671
1855 2100
473 1391
1474 1640
1476 28
1894 276
419 1250
786 553
789 667
682 2211
1894 322
1083 382
1889 843
164 555
2056 1325
1656 2003
1275 136
95 2050
1411 750
1897 2200
1684 2200
779 480
1308 1823
1295 119
248 828
1214 339
1081 555
812 1011
1197 1327
213 360
1747 1758
1097 1142
1167 163
22 1560
1137 1414
2010 1056
1109 993
981 1791
2174 580
1430 2020
2077 173
1930 1095
1828 761
2183 934
1692 429
1288 1033
272 843
1305 382
1310 1680
1753 703
630 830
1280 1802
911 730
2049 1342
1889 1494
369 1598
1676 221
85 2094
1656 1558
574 838
911 1892
1687 1595
1722 1185
1492 769
578 1973
848 1451
1314 843
83 577
1242 2029
1032 1041
24 1596
1545 2019
1357 245
1356 665
240 146
88 556
296 1004
1943 455
1516 921
1747 1268
1987 772
2143 470
36 1330
1744 906
1539 2078
818 1841
1394 646
731 1929
121 1095
570 1784
1549 703
1804 1284
1185 290
161 617
1950 1181
902 226
1704 2035
2121 1124
1016 1277
1148 720
486 603
1746 345
1431 1717
1158 286
1049 452
992 50
24 2064
1334 1474
1722 635
101 1204
2086 202
2097 935
1073 609
573 777
1146 423
761 295
1739 447
967 1403
307 1513
1954 1184
1385 1331
1793 1739
1740 1055
1809 595
1046 1363
1257 60
3 1244
1838 1774
1806 2043
1493 2201
1003 1878
2164 0
2059 2138
1023 1992
1196 595
1056 1700
369 354
1457 708
557 612
386 744
1191 2152
129 1186
27 993
1594 2123
200 1242
1157 2198
875 549
804 670
1876 745
2043 985
363 1573
248 867
875 1932
249 571
324 253
72 1942
625 1263
560 226
628 462
1281 1668
351 2136
1964 2003
2025 1092
562 1190
1817 2066
597 817
620 1179
1679 1316
401 223
724 16
1194 549
1305 149
1337 1088
345 1862
1089 1583
1374 853
891 1682
537 716
1282 1748
583 2010
1322 1949
1909 1567
1184 807
1960 638
1739 1726
746 311
681 74
306 1599
269 1601
1005 1284
1148 897
493 153
1946 2126
1138 588
190 1093
1343 1925
1944 1528
419 160
1163 2005
1846 949
1836 1802
647 1654
170 194
26 1803
1823 575
886 1081
1226 95
476 2147
1547 821
786 1778
510 2107
1930 646
290 47
946 1148
743 996
490 1610
58 1340
1521 413
1292 1317
600 293
2097 142
1244 1493
783 837
1014 717
1864 2049
1052 622
1243 43
1539 873
1820 527
39 1600
1774 1372
1825 781
1817 973
1921 2014
284 768
742 1553
499 1211
587 1270
811 939
1511 1587
966 1589
1094 136
1825 1819
2056 731
1462 570
1547 1391
1912 1143
1699 1451
1711 1231
1249 2131
6 1967
1340 1711
165 366
1353 1573
32 1967
905 1888
144 119
235 211
1146 490
1833 1546
809 1701
746 2084
316 1548
738 1992
700 1946
541 1271
630 1470
468 1073
1473 43
1490 1839
3 1274
1285 1549
1376 1175
1681 1336
489 348
46 2107
1765 1826
1176 535
639 103
1355 1568
595 2188
1970 1694
1294 1064
2196 2058
1231 127
948 1303
1409 778
2115 603
1989 434
828 690
359 1169
1526 1512
2135 2133
182 1103
419 1262
684 1955
1503 472
183 1971
616 1703
1871 2063
498 754
788 104
271 1892
1781 490
23 79
2076 113
1061 163
1225 1336
2115 1965
915 851
0 935
1655 1831
633 1547
1693 860
1544 1627
241 138
813 437
285 516
898 665
481 1890
1886 798
1306 1158
1539 1615
766 1531
2213 1603
834 357
1849 658
712 621
1291 198
1743 1544
126 469
2124 1288
2104 1284
2153 1602
2088 1858
2058 698
1370 899
1153 2186
1374 1590
2037 2168
31 1750
362 1192
1770 1147
1705 1521
772 1144
793 2098
1663 572
1762 311
230 737
311 398
389 1475
2077 618
1363 1600
287 957
2040 179
1415 540
1681 1127
564 1569
1061 65
1241 1160
2046 1669
1836 1809
1292 1031
507 280
937 538
1422 149
724 1349
1883 1852
610 800
665 1250
634 1793
1044 717
509 1642
732 218
148 356
2168 1194
1907 696
1272 1607
2145 1454
2009 1777
555 1560
559 851
48 2011
2174 23
1792 1910
133 1267
262 963
322 43
2145 1415
1093 826
441 1973
2108 427
831 35
1197 1416
2165 165
587 1124
1055 1465
1493 1172
1567 1007
836 2066
2133 219
788 1522
1011 45
2046 1012
514 749
1145 62
1146 1212
526 73
250 143
1370 156
1459 1347
1202 379
1445 731
1294 1886
497 545
1426 1349
518 994
283 483
325 1203
1559 447
1076 1839
885 2105
1932 1208
1793 1504
1124 1653
415 1509
1161 1798
79 2017
1304 600
341 222
354 1963
298 1180
268 1001
642 2038
678 840
1643 1862
1165 407
1560 786
486 1286
68 2163
1161 357
867 1872
149 401
1829 66
2163 1595
785 1088
1231 992
447 349
712 435
676 523
915 1179
1629 223
1645 1252
907 2201
618 306
568 1238
590 371
377 1631
766 2202
1324 1186
531 100
1333 1784
76 594
2190 1687
1715 270
136 1188
609 923
595 2045
2065 705
265 1615
1616 2207
886 1163
823 2051
1356 1092
1784 2032
1694 598
276 2094
408 1650
1188 1002
829 551
1445 404
1940 2204
313 1148
2125 95
1165 471
1558 961
1426 570
1460 107
132 1121
1313 1088
633 2213
1937 1190
1630 1638
761 1190
1370 268
761 1975
498 1947
679 507
820 1661
1397 2180
525 50
225 267
1813 1648
490 97
1944 428
1715 633
2059 739
2138 2151
886 450
1789 1696
54 414
846 875
300 256
289 2156
383 20
1173 1256
1716 632
598 1042
1776 428
1569 1851
1203 619
1110 2080
163 1458
1225 1548
1222 0
2176 1623
132 2068
525 1945
557 1019
241 687
246 1657
1295 1045
314 1838
563 1368
27 811
96 30
1386 102
847 1998
1670 297
586 1039
276 1290
605 513
118 393
435 1806
818 2210
1587 2095
526 569
1500 1460
1729 89
2079 1821
1429 2053
1812 2196
1771 1086
1324 1343
2030 1456
25 1303
1652 211
840 997
1081 393
269 1940
324 1258
1945 1306
1861 322
985 1081
1716 160
1288 1290
1650 2035
291 393
1053 890
1138 1948
1956 1573
1382 90
310 42
166 1585
1982 276
619 1331
1479 323
1244 813
2171 1062
745 659
2175 1942
100 1602
974 586
1047 1619
63 761
1897 1649
1939 840
1619 1411
794 1607
2193 1054
742 524
1570 1321
323 1722
654 1262
926 1163
610 1384
10 1573
1723 360
1029 1145
148 1255
379 2133
802 125
215 846
1641 556
2036 2193
1817 883
1185 1247
1562 641
1531 671
805 976
972 1598
1192 2072
258 960
1340 318
527 1344
1625 770
11 1642
329 132
823 1234
736 1194
2136 562
2038 964
634 699
699 725
396 1939
1551 226
225 567
796 1609
909 1650
1560 909
1898 1077
1044 1715
245 1278
1341 314
1766 372
1288 949
176 777
959 796
314 1296
1329 535
1216 2190
337 1082
974 135
328 2084
331 559
1156 1236
776 1300
316 1195
864 1371
1878 1205
1060 500
1 1233
1637 1397
261 251
1031 99
1196 1606
1507 835
1312 246
1140 993
85 500
1911 125
139 634
1265 2172
165 2157
986 1306
1751 839
1878 73
2123 1766
1928 1600
1614 903
2055 406
350 739
2028 2111
1354 995
1967 1623
72 1290
1753 1431
297 304
924 1201
1171 370
2106 1189
535 1178
106 733
505 332
332 1492
1363 1077
1158 1327
1683 345
740 1438
1093 619
528 331
520 1876
16 1051
540 4
1509 112
1920 138
211 1433
540 1552
1492 531
1792 215
862 1031
1262 412
158 1739
1428 913
280 2155
2137 1139
680 500
1320 945
818 769
795 936
268 1283
1060 350
1272 19
42 489
1676 2039
538 113
1156 514
1598 1398
996 757
836 413
759 1064
771 290
401 310
421 1053
207 1345
1128 1862
381 2031
1092 1877
1674 920
847 1655
1495 1
1 2050
1239 74
1236 1153
767 413
1478 1370
2162 156
1356 1843
1910 1223
841 345
128 1156
799 625
1615 517
1985 754
763 1678
1518 613
458 1274
1331 288
724 435
936 1964
2081 574
1369 717
136 1872
1765 1926
279 98
1688 1342
121 759
126 1475
1140 1016
303 1747
703 797
1314 246
17 977
357 1692
487 865
1331 542
88 1578
2053 104
317 1834
1540 1649
52 1897
1504 653
1238 1048
1260 1795
2083 350
29 1390
61 937
1340 681
2187 2098
484 625
1719 511
1893 247
1131 1695
491 1235
1450 1177
311 2070
1213 279
1284 1640
1196 376
950 859
133 515
462 1577
442 2053
829 123
2047 136
1827 1890
416 1563
2087 541
1374 749
57 2105
846 1679
1098 1468
1358 1461
1922 2070
1790 924
1235 718
1030 1443
306 1437
701 1936
1420 1973
673 979
844 1453
460 1733
1700 768
1804 254
1834 1429
1758 2022
348 535
1189 173
1282 2144
1518 64
481 1267
1846 1463
1250 1141
8 570
736 95
1454 257
1117 44
1410 701
1576 360
412 169
1287 1854
739 863
1092 1879
1726 864
1136 2202
733 1422
1790 1544
66 1398
538 59
2090 2054
1625 148
2090 1902
340 1704
1381 798
98 690
302 1629
2104 76
255 1914
510 774
274 1419
59 80
1781 822
2100 144
1806 1716
680 0
961 186
228 570
1464 610
195 360
614 860
2032 1452
1449 799
1496 583
1622 2093
469 136
1491 2016
1780 1594
1042 625
284 1694
154 652
1185 389
780 1797
2089 140
1582 1126
1216 1100
2022 227
1904 1074
1299 2072
209 140
1099 883
79 1432
1662 1205
32 1198
289 13
1196 1690
1180 2002
752 422
987 1245
123 803
625 1221
2086 858
298 168
1362 1737
625 1496
1096 328
1062 2102
1570 2180
1228 1328
2025 380
715 403
969 934
24 1795
1173 1882
1903 495
863 2084
473 466
265 741
976 307
672 828
940 1876
1679 639
1987 1415
920 333
1295 1219
240 876
1114 749
1017 1031
1968 169
2006 1596
2138 2108
2146 1897
784 336
1312 186
1219 934
123 1792
2194 169
736 239
2199 1785
1602 2010
1040 1989
8 1263
1040 1688
374 171
1574 934
858 695
1999 2050
1276 114
1497 2190
1456 1554
1524 1855
558 2069
1711 1606
850 1536
1130 727
906 1617
201 1265
1077 7
1937 675
143 1848
1149 273
2171 728
1158 1044
731 1597
1970 1891
1884 1087
1903 2181
1907 795
2194 1964
1701 185
1487 925
1661 660
2035 1904
1769 253
752 1017
1397 1500
926 931
366 1876
2059 2028
951 36
1412 1712
1099 896
1048 719
1527 2197
683 350
158 1904
1871 661
906 1749
504 858
71 87
1531 1962
1993 1560
1460 858
894 1287
458 265
1530 2012
1320 863
1380 685
405 2166
124 475
2170 1107
1385 1268
194 1366
751 2021
1943 277
263 428
1000 1718
1790 328
1796 338
383 352
296 1031
322 708
1996 1424
159 117
371 890
1298 672
1886 1571
313 770
1682 362
200 658
593 68
750 637
424 321
1781 1596
2183 347
963 846
487 343
2071 967
400 1476
1768 1054
2168 1283
896 135
800 683
1868 2056
419 340
592 481
872 665
1306 1150
1091 489
1238 304
186 1762
672 1370
1952 1488
105 840
393 1628
1207 2177
607 1923
1 1652
570 1941
1259 1043
314 864
773 336
145 450
1912 257
26 945
121 1889
213 1236
341 1103
1063 1652
851 1341
229 1058
1950 993
925 278
1697 322
748 599
585 238
488 1158
810 243
2026 866
469 187
1678 1905
1577 689
1859 421
1937 1038
832 1943
843 526
1425 1407
1620 2037
707 359
1385 2212
589 1974
401 1868
1783 1103
734 1017
1446 1429
2030 428
329 990
1733 2130
977 917
586 630
530 1882
1556 2195
390 1789
2147 1004
332 1720
1998 1683
940 837
1916 1520
2128 1836
1139 934
468 1886
574 1271
2092 1310
405 1548
2130 964
784 772
519 589
319 1205
842 449
2205 2084
1146 850
493 635
18 1518
1197 1623
566 1379
398 177
870 1913
285 1835
2094 1128
1580 873
1681 883
2025 1860
1556 967
453 1258
1985 1701
1030 1773
2166 2082
352 1915
1890 1300
1512 2081
503 944
151 1180
1609 40
296 998
327 1936
296 736
70 1704
277 142
1517 1946
1260 609
1848 1850
1967 1580
1199 2102
1887 316
2162 2196
68 353
404 80
608 1103
929 175
1223 1839
153 2149
1657 116
459 1796
1332 1866
1752 249
388 346
1180 1024
2014 1667
2064 73
175 1166
304 77
1408 1038
1610 1411
414 629
1369 1328
374 581
1355 725
977 1960
2040 2183
842 601
2006 796
1968 175
1202 1534
1044 562
1570 1867
1144 1577
1576 189
1915 351
421 378
858 957
1447 690
1621 1904
611 1712
2055 763
1804 2169
693 1554
912 1992
1515 951
441 1082
1891 258
2000 1449
2114 1613
1323 1724
1498 1651
400 683
770 2189
2196 926
972 304
479 155
1502 725
306 730
1794 1583
1981 1226
133 1853
405 1280
1945 537
1174 1581
629 1256
942 1679
706 770
2198 889
1067 284
960 1960
1760 531
2057 858
765 1072
985 663
864 285
1652 506
1336 1788
2087 1594
945 1926
1000 1635
267 60
37 2074
2172 638
1132 1703
535 194
527 1220
801 2071
136 1702
332 2106
1746 51
358 1261
554 1445
1843 2081
1464 1039
1383 1775
793 2105
851 1966
1594 1331
736 1750
1507 2123
97 160
1204 35
1257 143
2148 1292
329 1196
2158 1299
1530 1394
1292 972
266 1422
2005 928
588 1509
1034 1232
1006 1096
330 1449
1536 123
1822 940
2070 28
27 1047
1651 1076
390 686
568 73
127 1974
1741 370
2077 121
181 715
598 13
2189 352
1912 1914
1522 1210
1116 671
1640 2154
59 2056
1330 1280
602 436
412 405
250 812
1837 1190
443 1771
1744 567
272 767
1417 1739
1362 1212
588 258
1798 1956
1906 1530
619 797
1040 1777
2179 1425
1137 1319
1730 154
1191 1821
2045 255
138 539
140 801
1057 2007
1097 1719
2137 553
1685 270
319 394
1192 1826
294 1107
1180 485
194 370
438 2082
2107 361
117 130
1030 1746
69 384
481 2197
1075 1367
815 1835
814 1406
1216 1904
1542 1807
988 1877
1883 19
671 542
1835 1438
929 1461
1465 1827
1036 1903
2065 1624
69 922
858 1784
1512 1107
1798 50
1189 962
1181 538
2090 1501
715 1013
1652 90
1081 812
1148 191
2163 1134
1355 752
855 878
629 2192
1206 1481
2089 1442
1694 449
1713 1596
781 1488
2182 1157
258 1880
717 326
1505 1491
438 88
1657 2110
943 837
122 2183
629 1986
1811 2197
1852 1084
1624 630
286 2187
749 448
253 865
2017 182
499 1441
811 1039
1147 1130
534 386
435 220
2054 1218
712 1311
2145 452
836 271
2168 327
1534 2153
859 64
1006 1068
2177 907
1398 516
698 2096
1726 1171
682 472
1730 823
1333 1781
470 387
1973 1971
743 1553
894 1905
709 1620
807 1558
288 864
503 288
1803 1649
1037 17
1365 1338
2168 1660
12 1981
664 1551
992 831
457 1998
214 1475
1269 934
1181 406
1913 78
550 1174
451 677
1746 1966
486 1007
263 1947
1147 1725
1008 1156
1872 1606
1401 1629
957 762
429 198
1604 705
262 1933
1030 978
1718 1072
86 1933
1659 929
1395 473
497 1528
2207 227
1057 1489
772 738
811 1615
396 56
2068 1114
935 739
82 1521
1127 615
1120 866
1724 952
1754 306
695 1262
176 1607
546 2074
806 1903
1178 911
975 60
561 789
1639 1499
1950 1967
634 645
1132 161
576 448
9 27
1224 946
2161 1183
231 1575
755 856
1127 2020
1431 1547
1153 1506
969 1509
624 1619
832 1426
1158 1775
988 1410
587 1852
536 435
2155 331
1042 1695
1103 926
1632 603
1005 1043
821 345
1463 1126
232 335
1522 1126
2208 329
1404 84
1039 1676
363 0
1907 877
473 1475
2081 749
2170 262
1365 1499
1227 878
821 1009
1598 1201
983 1018
462 2024
2132 1595
1418 1098
1393 433
176 1823
1217 853
1129 1643
1755 1725
1011 1552
150 757
1821 1475
759 442
1023 2059
1463 1853
1327 1628
601 1097
1405 300
764 1158
2076 1520
1515 710
635 1807
971 2096
265 608
1201 241
1180 298
1895 1062
935 1999
1918 1869
2178 2132
1551 77
0 1947
274 1932
415 1353
163 1287
1505 1479
1986 1165
2037 424
1209 673
1403 1142
1833 117
731 380
1682 2037
1945 232
1367 1718
102 1946
1758 1715
576 1016
1880 301
1245 729
407 572
619 583
270 532
1876 1467
1638 354
2192 1361
2145 1456
1803 1676
1692 1920
1782 765
870 153
807 958
1639 911
1708 2193
1368 1641
1237 823
43 184
1138 1085
704 1018
2183 266
1866 1872
416 1542
1031 815
1853 799
1168 458
272 2025
1874 516
917 1950
1305 1746
820 1647
131 825
2156 904
1454 2042
1120 2018
554 368
1848 2047
1351 942
813 0
2026 1392
1416 2033
1077 1815
302 1250
1672 1853
1467 735
88 1090
1565 1439
1365 1540
431 2125
1384 1474
799 509
1269 2211
1873 43
1303 1339
1795 943
333 1428
1533 736
1717 591
1580 1345
2054 298
653 793
327 1994
413 352
1101 1954
847 38
2019 259
110 389
574 682
1869 1542
1418 863
2211 1084
478 92
579 1611
1884 268
1587 751
1780 248
2044 257
293 1886
1631 1202
509 615
5 543
99 836
1561 502
665 1124
1896 1312
1169 497
295 1267
644 2089
2017 117
1365 1165
781 2114
218 1587
888 1980
1134 1934
2086 1861
1928 1159
255 1445
1856 1692
491 1032
165 160
1093 1112
449 581
1628 166
1409 931
214 2181
474 1050
1284 2192
15 722
186 34
618 468
408 808
1033 1350
472 1461
129 921
761 1217
1152 94
1166 1065
534 1050
2040 716
186 1021
1089 307
1573 241
88 385
1335 1942
151 2003
337 480
350 1697
1665 1098
289 2148
1424 882
1744 801
1220 1446
988 274
551 87
1510 1376
1864 708
1567 1909
525 228
720 2214
1147 1507
1594 2159
1062 1177
1122 1180
1496 1885
1253 787
1869 1990
1820 81
514 1939
747 1421
546 1027
726 127
943 649
1482 1651
724 1519
870 1177
687 529
869 1453
653 1345
74 712
1901 303
1159 496
1145 383
1189 1345
2136 329
1304 925
1122 1440
207 1644
201 387
1396 51
1626 237
745 422
1083 219
1887 968
2117 1319
1505 1233
1717 2001
977 1738
1092 2142
727 263
1588 1664
1166 488
1148 1043
281 301
82 2138
67 87
369 354
1843 835
1676 449
1918 2000
126 673
69 2068
1323 398
460 1616
195 687
953 472
861 2127
2201 1017
770 924
318 395
1713 1032
1982 1287
314 160
626 734
94 907
231 173
557 505
1144 2007
2138 541
308 1425
16 971
945 889
858 1851
1061 775
118 1481
1170 640
171 432
23 800
599 2183
1986 36
1882 607
1899 2172
307 1168
1556 1067
72 2179
1713 199
2127 1855
1154 1481
1183 859
832 1885
103 1645
1551 456
17 1487
1510 992
1120 224
1161 2202
153 1769
151 1846
76 1211
2165 576
119 144
8 1213
1674 954
1979 61
170 471
526 184
748 2200
1897 1715
145 1317
1227 2153
491 988
1964 1657
1369 34
223 244
747 1826
740 1704
2066 1080
636 102
385 21
667 1107
1556 1104
105 2068
1888 555
726 1547
1653 1384
1648 1174
332 1916
972 105
1953 1049
652 1709
1157 1484
1741 386
718 1863
96 44
484 1639
1510 2139
1256 911
46 1220
1399 1068
1720 926
34 1014
1360 923
167 629
1152 1878
763 1681
1643 2133
1701 1968
1661 1134
1009 501
1522 2013
1091 1997
1741 1546
1627 760
1615 1066
103 1418
721 183
1741 353
654 1563
578 1391
171 1552
1446 1834
1673 1555
1476 1617
896 949
1113 1057
1012 1135
570 308
496 331
1193 2209
137 397
1479 1671
1764 981
612 77
1905 5
1849 733
861 1706
2049 1381
211 2189
110 375
132 1843
62 79
1841 522
1440 548
1567 626
550 624
197 525
916 1582
1944 130
1828 225
1754 466
1454 457
1928 2142
1861 1283
1267 228
2129 429
1437 740
730 900
239 294
29 50
787 758
110 2127
608 1837
2049 385
750 412
505 1152
641 954
1158 2086
1771 904
2161 657
1495 1415
717 1441
1066 925
725 1700
1067 1025
1561 606
1762 607
29 1377
1276 808
977 490
487 240
135 155
460 2009
1538 706
950 573
2198 1795
1609 858
2018 1144
2082 363
256 470
2085 1552
778 1230
228 769
439 1900
735 1020
938 1902
597 1148
630 799
2168 56
241 571
1902 64
346 1118
1539 1966
172 626
1635 326
1036 665
1292 910
734 2123
250 1971
2164 310
166 866
959 1502
578 2102
1921 857
691 231
2007 388
1157 1174
1077 301
1886 1820
1216 1657
1062 1405
353 443
761 155
24 1235
372 2174
1806 1346
2138 1347
792 252
1248 1157
550 1435
2205 1282
258 33
1238 1397
2062 2115
798 1901
1835 1979
517 577
1807 1886
77 645
1558 1298
1940 1237
767 21
2011 1359
435 547
373 196
451 646
694 456
1791 1649
152 2042
92 1452
878 472
141 104
1233 1890
1991 443
1681 429
122 1856
1498 2123
80 382
1001 1323
1146 145
268 1870
1191 1476
773 692
1257 1110
1592 336
797 1967
1204 679
1535 272
1096 1934
1916 1746
745 1994
2138 47
288 915
1838 1198
1955 1354
2137 1214
383 1069
161 125
1437 1761
1521 945
1162 597
1328 483
589 2213
1146 2182
809 282
1118 2189
1569 702
551 1917
1486 2110
1822 532
1330 796
1959 847
2176 619
1772 309
419 468
1615 1236
1312 329
1288 2118
316 2179
1027 2144
2132 1795
1672 1575
183 1414
193 1145
1010 1897
1546 1992
1762 1297
1436 834
1819 1421
201 22
733 473
944 1051
510 1222
221 2132
507 1614
128 282
1248 1418
1034 1146
561 772
1572 1480
1554 1409
968 862
2183 1050
2151 566
2198 893
2045 2040
484 420
1850 1265
834 462
367 1497
1396 662
1802 2139
1359 2074
624 944
1876 1733
1858 835
1724 2056
866 1831
167 124
563 142
1854 703
1407 863
1177 1923
865 1659
588 1405
1614 2212
480 951
2085 295
1284 266
997 206
578 1939
1470 1732
2086 996
1381 768
1627 542
902 1383
1042 992
2017 1684
432 10
1696 1870
409 1153
2005 1243
1764 1027
395 895
1900 1693
871 974
380 1628
2113 378
2194 1395
748 1445
1140 2110
1659 1809
947 1563
403 2050
601 177
297 1947
1021 774
46 704
1476 325
1572 989
1855 277
1998 1123
1270 1039
1035 222
1221 1779
2164 186
690 747
1488 120
183 855
898 2014
533 855
728 2113
1851 164
69 1679
41 1572
1907 2108
518 1922
654 1336
1840 499
404 680
154 1870
1968 1644
1318 341
621 478
1060 1102
1645 963
178 1824
1389 126
1462 132
1172 638
1915 1636
661 959
1262 373
252 1706
1420 1207
117 1123
856 645
1776 1383
1853 1163
1971 2211
1515 1188
654 470
1052 659
206 159
1535 1867
110 1742
241 1664
1327 381
1207 126
2095 2009
1897 909
563 754
62 1732
440 517
1435 2070
781 1370
1034 859
2207 385
1325 1812
476 1461
720 1295
1603 383
1704 738
658 1306
1899 1060
1669 384
1207 250
1302 1486
257 1337
586 52
1849 72
481 2139
2183 1478
721 1008
1154 1993
774 1752
2116 2145
750 1594
1485 453
1594 820
1871 2159
842 591
1821 2152
474 1282
640 1313
2097 2058
1454 553
467 1743
154 259
1777 1757
1190 666
181 900
350 445
1695 1659
1506 751
1498 898
2129 503
1979 2002
398 933
1800 388
1752 989
666 769
1371 212
442 1581
340 1212
305 995
52 1947
2110 292
1503 502
545 990
539 2054
1973 1189
1479 229
1200 1109
251 2078
1178 395
1425 1640
948 1356
1776 393
871 305
288 1522
1208 1983
1623 1510
841 798
348 1498
2199 1233
1687 705
885 1846
238 309
202 1248
970 449
1438 1971
682 1928
2094 285
1522 28
2159 1825
2028 1050
1939 891
447 574
931 1535
1469 181
1327 1767
512 1235
876 699
1987 524
917 407
452 1072
409 280
725 1279
478 1857
977 1512
663 1187
710 2100
1979 1513
2111 251
1914 1870
483 1459
1831 1791
748 167
1490 10
1907 1307
1308 950
2098 294
1813 125
550 1503
1576 400
1841 1754
1695 2037
1108 49
1272 2064
704 1693
1998 1363
1881 832
478 841
487 1756
644 1718
585 914
512 1779
386 615
576 2004
1080 574
2096 225
2024 1664
1884 2175
997 1533
146 764
2138 0
1680 495
787 1214
436 972
20 877
2202 9
1142 2085
624 996
388 532
405 1863
391 933
1356 1685
2107 472
2142 1559
2002 1891
756 1438
1259 191
968 2075
608 446
1787 577
457 2177
1933 384
1106 1504
1636 116
1850 1537
1964 1788
1419 203
937 1424
440 6
1175 1794
1856 1264
830 1965
1187 1825
494 1553
1997 1969
1133 71
1265 929
1590 726
2000 408
1279 2052
55 536
563 1203
103 2168
1669 630
93 537
594 722
1204 1648
1236 651
166 13
874 1496
1857 2148
50 1789
1889 1740
951 286
203 1283
1997 853
380 1130
1781 3
1628 384
2006 5
1929 1909
1565 1750
358 1686
145 81
2138 988
1872 2056
713 973
801 522
974 1786
1935 1914
689 23
1281 1850
945 584
1143 1392
281 1522
203 1332
637 1320
255 1732
1223 1089
2140 325
1270 1189
566 1941
1520 251
1745 129
1841 398
1676 353
1358 1756
1490 2187
1358 1309
1149 856
982 639
1243 673
262 2163
822 1620
906 1461
1178 1408
301 1889
1780 1328
1786 1496
1291 1266
1769 1503
542 1694
498 1822
1220 1811
1178 2063
1611 1214
23 1868
1589 1138
1412 270
656 1021
1992 2208
1731 654
769 940
162 2083
1431 398
362 0
851 291
1227 1671
1635 1332
2199 2054
1727 1720
1896 992
970 1136
789 2084
504 264
1621 628
119 1962
161 1481
152 430
943 490
1913 1499
478 1213
14 1565
91 1708
184 1213
53 1333
184 636
568 217
1465 613
1502 1305
136 1794
559 1392
1504 45
381 2029
619 470
1725 457
182 748
95 1388
695 1911
1964 233
1749 267
1829 500
801 963
1875 1402
1561 1763
2103 1640
446 266
678 1982
1423 2163
181 786
769 395
1302 138
1179 1673
1504 191
1442 1013
487 1023
876 2049
1517 1678
1473 2016
1009 1631
1905 84
1506 2168
2203 1673
596 545
430 241
6 1721
1732 778
233 1063
6 372
137 1248
1586 2150
336 235
1003 1688
402 2150
1966 723
2087 837
794 312
1773 917
1822 1196
1837 1261
830 137
1861 1798
1039 981
464 108
186 517
590 855
1315 1998
1937 1813
304 506
1737 2083
577 190
129 2009
1254 1499
363 777
358 1872
785 1172
2147 956
1207 1863
2117 1765
1764 1454
577 1266
829 581
2057 982
181 679
503 1627
712 744
1076 496
1169 740
1909 738
1956 2143
1996 479
1827 1464
1398 1169
1867 140
2167 1844
653 301
1240 1244
864 1313
505 1790
1279 1094
153 1470
1505 393
71 1990
1080 773
1158 675
2053 1372
110 1510
752 498
626 61
601 1801
1115 648
445 603
818 956
995 1384
1206 1827
283 1962
425 719
1322 906
1269 820
252 117
1466 2058
1424 1350
1041 940
757 1711
2031 1447
1511 198
2002 1325
255 567
2149 282
130 305
2142 644
105 1924
524 1356
313 1635
982 873
1728 1887
300 797
216 926
1718 1032
1339 1137
776 684
654 789
2062 1524
1760 1129
594 1992
1836 1658
770 353
541 897
2160 1482
801 1718
678 698
1451 1401
1247 222
1908 1657
1377 1817
2198 1472
554 827
1084 119
1095 609
1960 782
1391 241
214 107
314 1919
1111 1442
687 1002
2120 1847
889 376
1785 1541
570 1319
53 1970
1983 1350
397 244
1370 1087
1778 171
230 1355
1804 1281
2003 1017
562 712
818 749
1141 718
833 1466
61 410
776 444
1781 2062
217 1825
1820 1672
69 185
479 1526
2067 876
1958 562
2148 1942
1489 626
1601 995
608 580
1491 506
2057 1608
1558 1814
240 2018
19 960
1685 123
474 1944
1352 1120
2041 1077
1041 326
1108 718
1408 1246
1278 1971
1738 469
2061 1301
428 2087
1711 2053
415 360
232 1882
2030 1093
862 2167
1684 1286
1522 1454
1116 172
677 1672
1234 485
1265 2199
1309 1394
1675 2022
1960 1250
573 1852
120 1582
1769 1791
1824 1167
765 1734
656 367
2092 1940
145 210
1883 1386
2100 2156
837 398
640 572
1986 443
980 759
704 1926
1684 181
2056 1679
144 1268
2111 432
133 899
1975 1924
867 1048
576 18
42 85
1444 1845
851 840
304 1950
573 1328
1390 1100
734 824
1073 970
1963 113
1590 334
1501 657
1193 607
457 1995
575 1794
469 1762
2100 987
33 1270
1120 1276
495 1733
1782 296
1496 225
1779 576
1815 43
1067 95
1537 666
601 386
1857 865
1744 1551
1326 324
2092 763
491 1590
1536 1054
58 1671
1254 513
626 1931
833 1117
2051 677
420 286
514 2123
1638 234
477 1058
1600 1842
494 878
70 2026
1568 1868
1893 2105
1376 1482
1436 1973
703 1246
1044 918
2074 1296
1410 541
1858 779
1207 247
826 1527
1589 1751
2109 54
401 645
540 354
1086 2210
275 1207
1395 127
739 1646
796 1420
499 1916
44 1546
138 55
495 195
488 423
247 792
2156 328
416 1997
521 1042
1744 1938
867 336
603 1532
1699 1221
372 502
1597 1702
909 193
1545 4
1650 171
1040 1461
1835 1303
1661 1160
1569 1764
2148 478
1143 62
1999 1730
780 300
1521 1746
919 386
591 1580
2017 326
1776 1833
1537 1553
1134 621
911 1671
798 1236
1986 2179
319 1179
206 1574
1585 887
987 1392
1515 1943
1603 1849
1971 1178
828 316
1088 1391
1316 1395
1564 1033
306 2131
1962 2210
1783 1295
958 62
1241 735
1653 1600
1619 185
1024 757
1609 727
1848 473
1612 205
1 1259
106 1255
2149 229
10 2181
808 1773
1764 524
1004 1618
1354 263
695 1666
152 961
499 1306
1577 1481
674 287
2082 882
1333 272
1348 571
1859 346
791 108
226 18
290 205
2062 681
153 74
835 694
15 454
1843 299
279 1076
1623 1390
1478 338
1042 1322
1158 447
975 36
1050 2121
2013 1866
581 1411
1288 435
1506 137
910 1632
553 1573
603 619
415 177
1182 1969
293 1896
161 1715
1065 1915
704 1170
1512 131
254 883
63 1611
922 1080
551 1043
1148 1581
1829 330
149 1798
2082 1459
548 1508
959 1120
1082 2068
970 2042
1275 415
1456 2203
1327 1975
1216 41
583 607
2127 454
88 1923
1179 495
1022 660
1941 2103
1389 1435
437 269
1332 1317
1710 1334
428 830
1372 1595
1723 903
1758 1100
2138 654
2163 1732
1026 1770
77 2166
1067 617
1203 1032
1851 897
1005 1239
686 1276
1768 487
1005 567
727 358
657 1548
614 1762
1191 1818
1441 98
10 231
2009 1833
1200 1608
910 1206
612 1743
1728 804
1228 507
1604 1791
289 1994
693 1330
2028 401
1335 508
569 283
968 1399
284 644
1742 1839
1986 611
728 240
660 543
1053 1630
656 974
474 1891
1497 314
813 885
389 1923
1000 42
1241 419
1887 980
1296 537
587 551
869 2040
1543 949
1608 126
1773 1996
1612 1496
50 1264
580 1513
853 359
544 760
440 1207
1438 1374
1579 1219
2204 1053
1493 1571
1123 189
1977 1155
1373 905
257 152
1869 1000
834 2129
1524 1924
789 1899
175 1836
320 308
1050 1936
667 780
1416 751
374 1862
840 772
62 622
792 1034
925 1969
156 1461
300 1559
2018 73
1283 2060
606 1778
673 1762
401 1531
1974 481
329 2160
1559 1051
1718 202
1317 125
170 288
1230 1364
2147 1048
56 753
1069 1753
990 1927
1883 466
1856 2028
69 266
2186 1559
249 1877
1483 2060
154 1758
1626 1804
1582 2122
672 2179
1277 1420
2063 314
2201 1426
186 740
124 1464
501 1582
762 1198
1410 279
1967 462
2158 1911
382 325
1443 954
365 1629
716 1407
1258 1267
958 1419
1794 256
999 664
1777 626
1549 965
961 607
838 843
411 1072
926 1631
755 2069
492 244
2061 1760
1982 324
1284 1882
1227 4
1185 912
636 288
376 874
1253 1610
1574 55
832 1207
2176 1404
705 1079
411 1103
1446 1054
1192 824
1861 2148
87 1262
691 1770
1948 1736
291 1281
506 291
1498 2105
2111 713
1457 1494
217 2183
43 1957
619 1048
2076 457
1089 154
214 1189
646 2184
2008 210
2085 1570
776 2083
234 317
433 547
755 1559
461 1694
1371 1232
436 1970
1948 1306
1608 1383
945 79
1603 950
660 821
1547 1663
1983 1361
0 1100
657 1126
971 43
430 303
626 1513
529 1969
92 1740
1353 1654
1319 440
229 1346
1256 1076
47 2168
1845 1814
957 786
2087 609
1004 1686
115 1700
1352 1576
570 390
300 1073
656 770
760 1677
322 290
2052 617
1653 852
7 1416
212 966
1047 1498
1583 971
408 921
1179 586
1718 1661
98 431
860 2089
1120 1163
889 1324
1830 1198
720 2082
309 773
343 277
329 973
1617 1771
942 849
1750 1926
1878 2199
643 2209
1776 1325
1525 1670
871 402
698 1744
2016 1418
645 1674
2127 1160
1398 314
522 778
1211 363
1191 594
2202 1291
539 1185
1875 1850
1548 2012
1607 1286
805 899
2152 1551
781 855
165 1053
1813 2206
941 1460
734 2001
1728 1829
822 197
233 872
623 582
372 2197
1350 644
1538 999
819 141
683 783
960 1735
2084 1607
1072 2101
2168 308
28 731
48 1975
546 2134
32 2073
1852 628
412 532
596 104
215 1814
1621 962
301 1724
314 431
1055 2190
362 929
51 650
1949 400
1459 483
25 1416
1655 1985
1177 153
821 421
1363 1439
1777 757
1418 913
1447 955
562 1510
1365 954
1578 850
255 25
889 1777
1984 335
1878 856
2146 2165
969 1912
1733 1946
1723 515
1682 1413
1288 1825
1349 1083
373 2126
1995 54
1806 388
277 1867
1708 480
984 757
297 303
763 266
1684 214
1633 320
519 1450
744 1364
752 2030
742 425
1613 551
1795 1866
1627 1045
2031 860
938 1372
1068 144
485 961
1092 1721
1785 1646
182 2165
1333 519
524 1022
1233 1189
494 1863
1882 916
1541 1391
1300 451
1708 691
974 765
232 1133
1987 356
1645 323
1161 281
978 1378
104 49
1940 1060
1590 95
649 1968
1219 1001
516 1667
1305 1383
103 202
1887 1273
590 1395
1488 1359
328 1976
138 157
1731 1305
30 314
750 1584
558 402
1768 1716
1325 786
998 1263
1103 1758
1082 471
1316 16
1209 11
1093 1885
135 1450
143 1009
467 2190
1287 829
301 1708
2201 1595
14 893
1472 1446
989 655
538 845
256 1690
1651 1583
1787 809
1139 1290
648 1280
1315 740
1760 880
2051 1319
1694 1288
2123 1219
124 897
1096 943
1992 1036
376 1227
747 1715
2039 2149
1122 1322
835 425
1152 319
513 776
854 968
439 766
2197 964
368 1592
679 1048
358 835
546 1490
1226 439
1284 223
772 831
988 1536
116 1342
1546 413
2127 649
336 63
437 826
1742 356
1021 1232
1948 1228
188 1535
1077 1885
1883 226
425 931
1782 169
1470 372
1365 2191
1906 2200
391 1096
546 1450
975 2006
1750 278
158 1581
0 785
1544 1907
2046 1914
1173 1970
1260 1777
43 1167
1054 543
163 154
483 959
164 1583
352 1477
235 1310
1411 2039
1596 135
1178 817
1706 1477
1268 103
1968 40
1730 2170
216 1373
1895 1706
1576 1272
948 1444
2169 1243
634 1043
2001 1094
1209 1953
1317 1014
2164 1557
233 1064
1267 4
1011 1983
1910 100
104 1236
1247 289
1118 709
339 484
694 1206
1764 1633
49 1778
2113 1561
1931 1511
1162 1894
904 676
2036 2163
1956 1919
987 1399
350 2065
2015 1722
528 1406
187 1985
964 1326
298 1174
628 543
830 731
2121 1084
2148 1528
1113 734
360 1558
980 1793
523 944
107 915
762 381
451 1800
29 2033
1233 327
168 84
265 780
1012 924
754 602
605 2067
1792 1576
961 739
124 2112
2163 792
1471 806
1633 1336
856 2198
260 547
201 396
541 350
1727 1881
1415 1146
60 1914
484 899
2008 1485
1605 323
23 1938
399 674
2186 1238
179 934
2094 1252
2123 1078
766 1081
22 10
1393 981
1736 2125
381 857
1988 272
669 1776
104 1021
812 768
43 1842
113 903
1272 1029
2182 325
1806 1891
230 1401
589 575
1527 1275
867 592
1851 424
30 537
1995 688
1982 819
225 2128
1710 1030
2205 614
1308 1642
1461 1582
991 522
627 633
201 218
780 103
129 1437
1891 879
275 384
790 1171
1175 863
1310 1800
2156 1954
641 1847
539 38
8 1947
286 1089
1356 1027
1367 1446
1052 187
450 1483
264 1290
733 750
1402 1280
920 1480
1097 2193
1398 1014
1939 265
272 2169
1962 377
263 1526
540 1251
1177 464
1628 190
2098 1592
325 1568
887 328
152 188
1813 1604
659 1234
1500 2159
1919 2174
1184 1155
1519 2127
728 851
1932 526
2010 1308
1062 727
251 1749
1753 194
1077 681
433 410
925 1538
464 622
1776 2205
550 1883
1232 320
623 2106
1056 1887
1542 216
1816 1438
367 149
545 493
1071 724
1782 662
1967 725
720 1655
2132 1851
502 1093
1828 900
642 63
968 306
462 1526
168 1598
1624 1585
1487 1397
1159 1731
1031 2126
2019 1158
1706 1737
1918 1561
1483 204
1330 2111
684 1560
1099 905
1020 1294
1845 2142
652 2173
1640 1505
1726 1524
1139 316
1855 1960
511 2068
1797 330
782 1417
1092 937
1769 1108
905 480
618 60
1881 618
1231 2198
1648 1524
831 1392
784 1920
496 1386
171 1864
1424 1799
137 1793
904 1678
694 1288
383 757
903 2114
1493 1494
1350 135
417 1052
10 554
599 1242
1273 920
612 1450
1908 357
784 1716
1463 1088
1735 1828
362 1608
26 1781
684 2118
698 1141
1189 872
2084 1818
1821 1293
825 709
1160 1240
1920 863
1460 997
1128 159
709 357
18 1674
138 990
1443 750
276 453
1542 1668
1533 722
1167 1050
572 556
692 952
1997 853
537 811
1760 1529
2201 1936
1919 390
1729 921
1495 1752
2143 589
1619 19
512 1347
1308 485
234 1171
976 529
369 891
803 1484
1510 1859
1882 951
2006 2122
836 517
1558 1341
2111 1127
687 1838
832 335
1501 272
173 1751
2211 679
296 784
2025 1753
46 395
1473 1053
667 1852
815 418
1756 1241
104 1761
7 1218
1609 707
1925 974
861 1331
2189 166
386 2097
2148 609
1357 1779
693 870
2197 1669
798 1036
473 2188
1874 1125
1402 1822
411 1244
1362 219
1512 154
311 488
1215 1757
323 1834
117 1721
123 1805
395 2174
1106 1079
1583 223
391 94
1171 1110
781 1156
1870 552
1208 198
1602 1485
1304 1352
1816 881
1682 1642
1302 1438
586 1316
1778 14
1746 1782
1825 2164
495 1386
1854 1221
2037 1583
2107 1684
1505 2107
1500 1543
2092 961
1962 1415
474 1890
2103 807
81 328
1868 1261
689 1738
103 487
1148 86
1747 857
982 185
173 500
1766 619
1285 1147
1167 1063
33 1978
1302 707
328 1462
152 1220
250 115
773 2195
1128 746
2050 630
869 1995
1928 1798
1187 773
1111 987
2012 658
1243 402
2144 1114
1332 1076
335 107
1377 1303
2066 367
241 2042
1082 1106
1751 1879
411 527
344 1255
1110 783
1849 136
327 1662
958 381
495 887
1023 820
699 204
89 2197
1500 1858
1813 1138
1851 1375
808 1936
559 86
638 2100
536 1066
1358 1914
791 219
1694 571
426 282
1271 714
1623 164
138 1877
1783 2119
97 541
305 2145
1133 1706
1520 1123
1988 23
1752 1502
640 1700
575 1482
1439 1748
1156 382
1176 632
546 551
1505 829
34 267
989 2166
1315 920
477 428
196 1488
1856 1606
85 760
664 1155
1400 879
412 568
1090 342
70 662
838 21
235 1325
1933 1072
2202 103
1529 134
1985 855
140 868
2022 477
218 842
1306 1098
1581 878
1028 822
1694 1120
1573 2200
592 262
723 967
1759 1512
97 427
800 1834
761 1026
560 1142
1404 974
2126 1731
1682 1276
888 75
82 2173
1818 1425
2097 1970
649 608
1474 2205
614 1221
999 1455
1673 88
1879 2195
1529 1106
1562 2005
1362 585
1415 685
1928 352
1710 360
270 1638
464 1339
2188 992
325 1884
957 1263
487 1599
1153 1471
1636 540
360 848
1519 590
1915 361
1199 1376
456 619
715 167
1684 411
60 1629
942 1562
276 95
1715 1754
1125 1452
1465 2114
2122 2182
2190 164
557 1347
1738 1549
810 296
93 1716
686 33
1037 1811
2053 400
805 1567
1825 1466
1777 769
12 720
2060 1643
1422 106
1442 976
2130 2172
750 616
1442 1964
471 2177
639 2124
51 1443
1587 1565
1283 1228
1058 981
1308 1518
408 1789
1579 1887
545 1588
2031 1914
1206 2110
458 1719
850 987
1198 1519
1111 485
1429 117
1030 991
324 421
1689 1302
11 921
2126 1950
1832 1505
2162 1851
472 1399
474 2131
1131 1634
1319 225
198 994
1211 138
122 1084
624 1088
1991 314
1320 401
1935 1034
1826 1273
1762 1240
2111 376
327 2206
1056 1170
422 1676
260 127
485 404
282 475
1739 728
2053 209
2200 698
1665 2026
31 143
469 1834
840 1767
777 584
871 493
1478 942
1071 1053
1750 962
413 2141
1449 168
1045 299
1782 853
216 1116
650 889
463 540
246 1122
983 168
110 572
1563 1452
1009 989
2007 2191
1366 1631
461 422
387 2026
436 1383
666 1089
1041 434
1623 1595
1428 179
516 2011
801 2125
394 1678
567 1439
1079 812
1866 1305
1776 906
869 1427
438 2211
1898 1225
2078 1718
739 2105
403 1752
568 1313
1769 2161
2188 112
2085 840
608 1771
2011 1125
1320 64
172 562
243 1731
1333 1491
1510 490
1940 1312
1340 197
1129 2091
1804 414
334 1724
226 1494
1191 1953
2173 999
2037 872
127 1276
354 1766
1747 1651
663 1091
104 940
1077 1650
1107 1772
766 1266
776 1603
1472 403
1374 664
874 263
343 1462
409 798
1383 477
1778 1532
839 762
1090 1329
93 342
1332 1453
1927 1751
362 364
754 363
1450 206
1738 566
361 1361
1719 789
2022 228
805 1374
1413 537
1297 134
1199 454
835 1929
1555 1498
1415 1411
435 605
844 1748
1239 556
1530 1661
495 1881
1431 1242
1678 1400
364 2188
1092 1100
1670 2008
546 1531
2139 844
739 291
1151 1393
1736 1368
1479 2068
1892 1631
749 105
703 1345
1273 337
1218 1419
728 481
1620 299
1504 2107
244 949
769 245
925 745
708 680
1820 287
1239 131
371 1646
214 1752
518 100
1967 674
382 1387
1033 1297
2199 176
594 392
1022 1722
1076 1538
2028 1536
699 491
1216 2021
1106 1340
930 722
1739 1312
394 718
1339 274
307 1922
1197 2085
2008 1636
940 1353
1742 1363
566 557
1257 1020
1811 504
938 2014
762 704
2111 489
1493 1142
217 680
1452 12
226 1933
1731 1324
2120 156
810 1216
1312 206
2046 1767
199 1743
940 1610
286 1645
485 591
2166 1235
1795 882
2133 1356
1057 1502
235 326
976 405
576 1695
267 1347
461 1945
497 369
733 789
1616 702
1373 1245
1479 490
1290 1509
351 2176
1537 1291
1675 69
2067 1977
731 271
989 599
2018 1890
950 1686
1305 1360
1169 1108
1022 2044
1472 1311
2121 1739
1167 1109
757 1183
1568 1450
132 1851
509 135
1454 1775
1388 323
1757 1111
1600 1624
251 1321
408 1224
1111 2130
1473 1585
1295 1260
610 186
1784 881
237 504
1598 1222
1140 2015
94 1325
552 1815
1547 2047
1513 1473
1130 478
1109 1358
1603 1013
797 893
746 5
1346 197
345 1172
2099 561
1176 797
1947 932
1071 1018
667 820
1318 1305
1265 2086
2150 96
32 656
889 1921
905 1395
2202 126
72 855
843 1306
1562 1782
1965 1402
1296 2053
1058 1860
1872 531
1917 216
1581 651
1822 929
630 1864
2045 2093
1733 696
1029 1577
1501 7
36 1183
1389 493
2098 475
726 1614
1791 1250
778 2045
349 708
674 1821
2122 648
1901 751
740 1928
1786 821
151 357
879 1625
1143 1126
2003 1744
576 1846
539 325
1651 225
1020 1717
1120 505
557 798
1846 657
1531 1360
1933 26
1431 1810
1393 2060
828 813
1774 1830
919 2123
2030 2132
1899 1231
1657 736
515 1908
920 2084
1932 1939
2126 564
44 176
1322 907
113 1252
1738 745
1354 436
2083 160
451 1072
873 2100
885 1722
2033 183
245 1856
1388 340
1907 1447
1344 1555
1908 1773
1676 1671
1662 1325
1756 713
113 1304
1336 1383
184 978
301 1378
1407 865
1933 1219
1064 652
1185 1594
2143 1190
1940 669
892 1560
1018 807
1736 601
298 1220
1732 524
899 1836
887 1533
1466 1183
797 1683
729 809
1506 1381
1422 1117
1011 86
819 689
1063 498
2157 1846
82 907
1231 545
661 1243
1207 1999
936 1110
1842 625
2120 1319
203 1841
804 1967
564 1975
840 1644
1058 1302
195 1842
585 555
29 960
127 963
2138 169
2193 2106
969 861
1887 732
1736 308
1855 1109
1676 1694
536 929
920 2179
371 597
1656 2053
1707 1050
299 3
1924 928
1075 458
788 1486
474 1017
1188 1453
802 1817
2136 1768
2033 717
1352 1249
53 1443
308 1647
1571 568
888 808
415 1856
1960 1913
1089 1250
1698 227
1856 1800
1480 1519
373 223
2143 1778
483 169
1780 1443
1558 363
670 1660
1836 1510
1273 625
1889 1051
208 1397
91 1297
108 1428
1175 2041
1350 1840
1690 1335
609 1087
355 490
704 1254
1957 429
1965 1794
526 1279
409 669
184 192
442 369
1374 1834
1805 668
533 456
769 908
1844 688
1367 1936
1918 414
969 1951
1095 1205
1153 2131
51 82
1695 2168
420 93
103 697
1021 320
1799 1760
2124 202
1862 1515
1723 1298
1559 1723
2099 878
561 816
1179 2045
924 1659
695 708
1031 189
1565 1115
1422 1733
381 240
1124 1048
62 663
328 607
107 1609
1816 1241
876 1523
1137 127
504 23
1362 462
1725 159
1137 1127
1994 2060
915 72
1044 1834
1805 538
340 591
852 155
1830 1918
1937 616
1073 701
1769 923
435 1342
2031 1299
1343 2021
1414 824
1085 1163
1442 2154
581 1400
682 1236
572 175
2057 2013
402 31
1856 302
648 768
594 1175
205 1887
2173 1979
383 1799
98 2019
62 339
398 1766
20 271
1403 662
1585 376
444 1114
1397 361
2141 936
604 1822
915 1389
839 999
1762 933
1032 269
366 667
1834 1052
1776 550
1726 543
896 2021
1974 2010
2145 2124
1745 976
407 151
1784 858
725 419
1175 1705
1378 2067
1869 1074
157 1243
822 593
1486 1995
365 1949
25 1902
116 1207
2155 1933
974 1760
453 914
1354 1784
945 1997
216 788
270 1836
218 408
159 316
1045 2146
1010 287
932 1479
1449 1324
1657 1217
1718 1013
880 1519
1386 1301
806 1554
1503 1509
1039 400
1875 428
2196 2012
380 1299
2213 2210
2160 1938
1445 893
1418 186
758 932
2176 621
817 1562
1577 653
1696 1608
1417 314
2088 2136
1684 1782
1212 622
882 1611
30 1636
54 1619
891 1279
851 472
1459 520
1640 770
330 344
1290 966
912 965
1185 855
2158 941
1545 1330
198 432
2195 1271
1344 1279
2199 363
946 2046
1159 591
1316 270
2143 1508
1545 174
889 981
2143 1733
2014 410
214 1055
242 1651
901 1242
1747 274
722 2051
279 680
885 658
696 16
592 2123
172 1681
221 1591
13 1096
756 558
480 1941
1019 2018
1306 1670
419 298
33 760
1246 1369
2193 763
1501 1791
1738 1635
1541 135
1724 432
1999 542
542 978
1434 953
870 527
1183 1198
2144 945
1446 923
1396 2191
1987 275
542 988
186 208
2077 993
2075 97
15 1166
1217 1869
491 2102
524 590
2159 223
366 1456
317 1579
1459 1153
507 702
1763 420
785 674
1785 1772
1579 1037
1948 1335
1052 478
52 361
653 524
1590 490
751 901
324 301
592 865
1326 799
766 1141
29 780
2152 682
2110 1488
968 2057
1828 145
199 852
1327 626
1322 2135
1992 1070
637 936
672 1712
1263 1740
639 1210
872 494
1301 849
774 895
1974 651
1194 627
2134 1761
2114 650
461 223
1510 958
239 1922
2024 597
614 1639
1105 493
469 1322
584 763
1770 1595
461 1986
1827 1583
1376 578
1743 1278
874 444
1706 1323
1544 1516
2214 216
1596 347
1880 1647
134 806
1221 448
1812 1107
1844 1309
18 1452
446 859
1089 1057
218 1138
1517 981
564 1632
882 1664
889 92
1393 1679
1721 550
531 361
2058 151
1364 559
2128 284
1080 1114
1330 1109
24 405
874 1744
2195 1133
1388 1551
754 814
742 1264
1396 694
1174 1347
854 1536
716 1575
1275 1178
2045 1057
427 1659
1815 1091
1807 158
2123 711
1119 2074
96 2097
1517 452
2077 1986
1665 1183
1526 1105
98 1369
958 1114
2149 1828
1092 1723
250 1707
280 284
61 963
310 677
255 2182
1559 1327
1056 1859
1489 709
408 2049
1175 939
1567 653
339 880
1716 869
1513 1757
1710 1312
1763 1471
2116 307
1635 539
377 1919
736 1278
1701 1222
1817 2191
1316 1965
668 1852
10 848
1468 1697
398 1388
22 69
1547 420
21 670
1268 1180
904 1697
1963 253
259 1446
355 1719
420 771
1523 902
328 1614
10 687
1607 1583
520 1796
167 1420
1683 2103
2034 1218
717 2147
1577 204
1773 1008
1828 464
1578 1524
886 1219
546 700
270 1962
1892 1341
1457 1197
1465 1038
346 1428
233 1861
1811 1821
1959 902
1163 397
141 1284
1444 1144
1612 1108
449 389
744 295
1682 1586
1944 2120
811 429
889 1890
1270 130
276 1019
1004 1483
716 240
301 2006
1037 422
462 1185
2176 370
421 1514
654 807
1918 1394
2063 1404
1652 388
1866 850
1615 748
311 2085
1569 1801
1136 295
886 1547
791 1182
451 2063
2202 407
2170 290
2155 1773
916 1838
203 981
497 1791
161 1734
130 1365
2186 2066
402 1538
1852 1669
1431 907
438 668
480 1061
1971 1619
573 1384
456 597
1283 1697
2053 386
534 1364
1174 1804
2156 1611
1795 1075
438 1712
94 334
2090 762
928 19
245 986
2149 838
135 1286
1373 859
1913 1638
995 1576
1259 375
863 1519
940 1172
1122 1120
1227 752
90 780
1592 2127
153 2125
1574 504
1662 1936
635 1480
1350 1732
1693 120
1730 605
531 2162
889 217
337 389
1226 1781
1585 1160
1882 1247
523 1097
1082 1737
57 1515
1636 337
1268 2176
1668 569
1532 818
1194 1456
1050 255
153 694
783 1262
1440 1331
1839 133
764 837
639 1378
1987 808
969 2047
129 649
2118 897
1968 584
982 596
1252 1484
888 334
1846 680
892 1230
641 1441
719 206
1968 1435
1015 377
1172 1426
1387 2098
540 1894
2133 1954
0 643
151 944
1986 941
512 1487
1687 934
1631 444
1833 254
1669 4
1487 1843
1280 1560
1708 189
1266 1497
447 1273
1538 761
771 1592
35 2162
425 1473
968 1767
1684 1167
459 2052
792 2201
584 1040
1276 81
462 1056
1428 249
1516 618
603 1563
1061 1593
577 338
1923 591
277 1962
760 2093
216 2035
1045 1905
2056 2025
535 1331
897 1373
1156 2144
324 175
352 1776
682 356
1954 1550
1718 439
774 22
2031 883
794 1147
2146 569
1806 2118
246 2003
981 1391
501 2047
1461 1250
1921 1293
1787 1324
2190 1670
958 1711
1404 1063
568 1187
494 436
488 176
1098 84
1465 1838
1090 500
454 1822
1160 655
1734 2164
1717 1988
912 257
1284 1364
960 927
1446 2113
1068 539
776 2163
464 528
355 1174
414 1615
531 1783
2206 209
1960 129
854 1006
903 1930
902 1611
1155 554
1970 1112
2183 1355
2150 1230
1600 1741
1409 963
1870 2103
1502 236
939 1600
728 1465
1592 1423
228 1708
560 1358
1509 167
732 1746
2117 520
815 2055
1847 2202
1072 616
758 1808
1067 286
1334 1260
788 1996
1937 2067
1676 1098
1790 1532
1015 2113
2015 2069
970 2023
812 807
436 1454
172 1704
839 94
1790 31
639 524
620 748
1185 914
649 1830
507 1136
1389 70
1576 1220
475 740
276 918
215 300
646 1266
132 1298
1194 2100
842 291
2171 1049
1682 396
1307 1140
182 970
2084 416
2019 587
614 1634
181 968
470 1830
1781 1515
638 2205
1967 297
1122 1680
1659 780
1344 890
2211 2176
1408 2127
1314 33
2135 1782
1932 313
1826 566
948 1654
815 783
103 343
831 146
833 819
1976 291
1314 1304
908 607
1067 1206
958 972
2211 1738
660 50
1425 330
1559 2123
604 453
1012 395
1392 973
898 1134
231 1829
962 1009
497 704
918 522
508 212
617 1820
722 1019
789 1186
1416 1676
1939 556
1492 727
875 1922
1370 664
1220 562
372 842
27 2114
1730 829
2012 1190
1001 165
1588 2115
1247 1552
2022 1648
342 441
510 366
1738 1054
2183 1121
1826 1800
51 1024
1990 253
1899 297
123 729
379 1946
37 1368
1505 2166
215 993
1630 352
1390 819
1030 963
177 1998
1233 1778
1754 2165
838 1872
173 636
948 2069
35 69
1019 1794
321 584
1669 141
170 1203
538 1971
242 2053
1526 2036
995 671
1082 905
674 1453
199 1214
773 676
164 1232
1615 1295
993 1865
1663 1232
1631 1954
568 316
1491 266
346 99
1632 41
314 1405
2032 1989
101 1114
773 1879
443 1811
1824 1936
1329 288
2177 1847
638 1452
237 711
1188 1012
1347 185
1592 1511
354 1007
2028 1109
2188 604
115 1847
256 539
1063 1459
2115 811
1738 742
988 1121
1434 952
1013 1290
90 1391
282 1726
335 1680
1422 625
1279 2012
659 1113
945 297
2054 1489
1228 779
1266 15
182 2157
684 1779
2008 1959
152 824
1715 1447
312 1111
980 575
222 1792
1764 667
2004 1008
50 1888
1350 630
2075 1984
1686 522
2049 1658
933 1394
1729 2178
2113 1468
893 678
388 754
1341 181
1172 1733
1089 1399
991 1547
986 1078
1569 468
638 1660
942 985
2080 92
488 67
2149 1910
212 671
1139 411
1726 335
241 465
700 158
1700 1698
1936 1515
1930 301
533 1632
1770 596
1038 32
712 163
1163 452
207 1519
1546 399
1312 437
486 842
199 1027
496 751
1623 700
1356 1768
70 704
996 1798
388 719
1808 378
743 130
515 1863
652 1893
158 1387
1509 2076
121 1722
1652 807
604 697
1920 1800
1800 1630
1896 1846
2024 1118
1154 1302
1180 1704
945 1331
342 1315
1456 944
138 203
831 461
599 23
665 872
984 728
458 802
1281 1596
1019 340
766 1730
195 968
1877 982
1526 2091
932 218
1635 1686
1617 68
1496 1672
1500 1648
895 1472
1266 530
1056 1827
859 83
1285 2081
1479 1167
465 369
693 1541
1409 276
1850 305
300 1748
1103 1517
1930 1438
1178 35
163 289
2198 2024
1352 128
2139 1267
2115 747
2179 898
1136 1882
1342 1781
1944 368
2017 1707
2191 1378
1951 1213
2203 329
980 1674
1750 380
75 1024
1663 1466
1073 1970
1493 1883
1750 270
2072 1135
1608 2050
1201 1205
1862 1344
318 2113
778 916
1413 429
2126 735
164 431
1365 476
51 1896
282 1835
673 1882
2157 181
1123 1822
1546 638
103 953
1567 454
2208 2203
945 1012
1908 1838
155 984
1966 1350
54 355
1230 1126
135 1454
691 98
187 1734
1553 722
89 1244
286 593
1698 1189
1622 2154
1324 1630
1195 958
397 1329
1292 2089
974 1211
546 142
70 903
1576 517
1605 1602
1693 394
2047 143
1436 1072
114 1338
34 595
1860 1913
1616 770
1022 534
1687 697
226 169
2003 1253
1297 733
1691 1193
673 540
2210 277
69 503
1686 173
2050 109
335 1952
720 25
728 569
1151 251
1096 1395
1351 2177
503 110
1932 1387
165 1452
1737 734
1807 789
747 1896
531 267
1243 1705
55 379
152 142
1015 987
429 1002
486 2194
184 103
1356 2025
1558 1925
1903 512
1252 1699
1892 636
1455 659
1381 1827
247 1711
2146 143
2115 531
1082 245
982 1484
656 2137
981 395
1626 321
94 493
1371 30
769 617
512 1167
179 753
732 904
1924 934
1179 1277
1941 1467
1929 1882
435 1585
1718 1643
932 1090
2204 1774
2207 422
851 1022
2187 1945
178 1653
1128 1785
649 1698
967 330
393 1811
1413 795
342 1936
1809 437
496 1428
1199 193
906 1658
1090 293
861 285
339 410
1333 922
1904 406
2059 909
52 1565
1968 739
1200 1564
2121 1325
1656 1468
1175 1384
211 1172
507 1260
970 1222
1604 179
247 789
1136 476
2195 1884
1859 1867
1471 1795
1335 1773
1646 4
1672 2166
396 50
2202 299
1811 1924
993 1976
732 842
1263 1725
901 77
1241 1747
399 1827
1155 1857
959 811
157 1633
63 1721
975 162
1765 206
1287 194
1158 1088
430 2016
1823 948
961 1765
190 590
818 2185
1502 578
250 1684
2110 152
1501 2096
1226 2200
1500 1623
708 529
71 1740
999 2151
1272 1107
1499 1564
1369 1989
66 1695
2132 854
1280 726
593 1368
2133 15
1648 593
1197 1869
1930 932
1237 1425
295 1695
1115 883
1748 790
1555 819
1550 1364
124 1590
2015 360
1614 891
263 480
1736 1630
123 2179
1591 285
1380 583
836 904
688 1975
991 686
634 1625
1708 1259
48 1483
1273 2126
484 733
654 1822
2155 124
2124 364
930 1010
446 439
1819 1236
681 2174
1596 1924
739 1763
385 1826
510 1983
443 60
1143 68
485 248
1449 1169
1540 597
2028 884
26 575
1339 2163
576 426
1826 1054
607 350
1151 249
1228 1624
1775 1269
219 2098
2012 597
59 1254
893 1218
2077 331
1788 1897
2160 587
2032 1553
373 1233
1025 830
1965 1774
1830 758
1837 2171
246 2126
1151 1215
645 1766
1340 620
2039 1711
2191 152
663 2160
121 1713
576 185
526 1629
1339 159
1291 317
1535 1532
1674 127
777 1081
1981 555
461 420
1734 200
1623 1484
679 1128
1649 1563
1591 747
743 449
1351 2175
769 1949
2079 100
1621 71
1898 117
451 778
1429 187
1516 1023
578 127
1962 823
1960 948
425 397
1726 1901
1777 145
1862 1530
66 1607
1606 1823
2040 1831
1343 373
1044 1598
953 1402
1181 315
934 1263
369 633
91 334
705 1176
884 1459
1513 1111
265 1084
1544 2134
770 1144
1758 1219
999 1177
1955 2163
41 238
384 697
1110 1001
1091 1317
1971 565
1570 1113
901 1879
162 583
1980 770
373 57
185 102
937 335
