0 162 0
0 15 0
0 239 0
0 13 0
0 286 0
0 17 0
0 102 0
0 14 0
0 310 0
0 5 0
0 97 0
0 272 0
0 311 0
2 249 0
249 41 0
4 128 0
4 272 0
4 311 1
4 13 0
4 286 0
4 6 0
4 135 1
4 15 0
4 239 1
5 80 0
5 13 0
5 286 1
5 0 0
5 21 0
5 15 0
5 239 0
5 272 1
5 311 0
5 6 0
5 135 0
80 249 0
6 138 0
6 249 0
6 135 0
6 14 0
6 310 0
6 4 0
6 191 0
6 0 0
6 21 0
6 13 0
6 286 0
6 272 0
6 311 0
138 249 0
8 272 0
8 311 0
8 5 0
8 97 0
8 6 0
8 135 0
8 13 0
8 286 0
8 17 0
8 102 0
272 218 0
272 249 0
272 311 0
272 5 0
272 97 0
272 6 1
272 135 0
272 13 0
272 286 0
272 17 0
272 102 1
311 218 0
311 249 0
9 249 0
10 249 0
13 248 0
13 249 0
13 286 1
13 272 0
13 311 0
13 6 1
13 135 0
13 5 0
13 97 0
13 17 1
13 102 1
14 42 1
14 249 0
14 17 0
14 102 0
14 6 0
14 135 0
42 249 0
15 290 0
15 6 1
15 135 1
15 5 1
15 97 1
15 14 0
15 310 0
15 13 0
15 286 0
15 272 0
15 311 0
15 0 1
15 21 0
290 249 0
16 249 0
17 249 0
17 295 0
17 14 1
17 310 0
17 13 0
17 286 0
17 6 0
17 135 0
17 15 1
17 239 1
17 5 0
17 97 0
19 222 0
19 284 0
222 331 0
284 331 1
21 162 0
23 49 0
24 198 1
24 287 0
198 1 0
198 249 1
287 1 0
287 249 0
26 122 0
28 249 0
29 264 0
30 156 0
30 249 0
30 390 1
156 374 0
390 374 0
33 329 0
35 249 0
37 74 0
39 304 0
304 249 0
40 249 0
43 249 1
44 4 0
44 191 0
44 272 0
44 311 0
44 13 1
44 286 0
44 6 1
44 135 1
44 15 0
44 239 0
191 128 0
45 249 0
46 249 0
46 320 1
47 17 0
47 102 0
47 14 0
47 310 0
47 13 1
47 286 0
47 6 0
47 135 0
47 15 0
47 239 0
47 5 0
47 97 1
102 295 0
50 56 0
56 249 0
51 249 0
53 228 0
53 277 0
228 67 0
277 67 1
54 296 0
55 229 0
57 309 0
58 366 1
58 387 0
366 81 0
366 249 0
387 81 0
387 249 0
59 113 0
60 63 0
60 249 0
60 327 0
63 125 0
63 249 0
327 125 0
327 249 0
61 249 0
62 249 0
62 316 0
64 280 0
67 249 0
69 249 0
70 99 1
72 84 0
72 249 0
84 249 0
73 244 0
75 249 0
75 316 0
77 249 1
77 388 0
388 249 0
78 2 0
82 249 0
83 249 1
86 249 0
87 29 1
87 249 0
87 386 0
386 249 0
386 264 0
88 250 0
250 249 0
89 249 0
91 247 0
92 122 0
95 70 1
95 232 0
232 99 1
97 80 0
98 249 0
101 221 0
101 249 0
101 302 1
221 216 0
302 45 0
302 216 0
302 249 0
103 105 1
103 205 0
103 249 0
103 263 1
105 249 0
205 256 1
263 256 0
109 260 0
260 249 1
110 297 0
111 136 1
112 104 0
114 249 0
115 62 1
115 75 0
115 249 0
116 293 0
116 360 0
293 348 0
360 348 0
119 143 0
119 249 1
120 5 0
120 97 0
120 13 0
120 286 0
120 0 1
120 21 1
120 15 0
120 239 1
120 272 0
120 311 0
120 6 0
120 135 0
121 249 0
121 328 0
328 88 0
328 192 0
328 249 0
123 23 0
123 163 0
163 49 1
126 312 0
127 43 0
130 119 0
130 253 0
253 143 0
253 249 0
131 165 0
133 249 0
135 138 0
135 249 0
141 352 1
141 398 0
352 249 1
352 326 0
398 249 0
398 326 0
142 52 0
146 110 1
146 249 0
146 344 0
344 249 1
344 297 1
148 254 0
148 392 0
254 267 0
392 249 0
392 267 0
149 185 0
149 188 0
185 249 0
185 356 0
188 249 1
188 356 0
151 52 0
151 249 0
152 14 1
152 249 0
152 310 0
152 17 0
152 102 1
152 6 0
152 135 1
310 42 0
154 13 0
154 249 0
154 286 0
154 272 0
154 311 0
154 6 0
154 135 0
154 5 0
154 97 1
154 17 1
154 102 0
286 248 1
155 204 0
155 364 0
204 346 0
364 346 0
374 249 0
157 249 0
158 249 0
159 249 0
160 230 0
160 242 0
230 396 1
242 249 1
242 396 1
161 33 0
161 294 0
294 329 0
164 249 0
166 332 0
166 399 0
332 172 0
399 172 1
168 342 0
342 249 0
169 249 0
173 76 0
173 249 0
174 54 0
174 249 0
174 307 0
307 296 0
176 249 1
177 136 0
177 249 0
179 181 0
181 249 0
180 249 0
182 193 0
182 395 0
193 176 0
395 176 0
395 249 0
183 249 0
187 168 0
187 266 0
266 342 0
189 244 0
189 249 0
192 250 0
194 249 1
196 249 0
196 301 0
301 249 1
199 56 0
199 249 0
200 142 0
200 151 0
201 14 0
201 76 1
201 249 0
203 111 1
203 177 0
203 249 0
206 309 0
207 249 0
208 249 1
209 32 0
209 249 1
210 104 0
211 249 0
212 55 0
212 249 0
212 353 0
353 229 1
353 249 0
213 84 0
213 249 0
214 388 0
215 314 0
215 373 0
314 223 0
373 223 0
373 249 0
219 249 0
219 312 0
220 249 0
224 165 0
225 249 0
225 280 1
226 249 0
227 41 0
396 249 0
231 249 0
233 249 0
234 257 0
234 359 0
257 233 0
257 249 0
359 233 0
235 91 0
235 249 0
235 282 1
282 247 0
236 209 0
236 249 0
236 377 0
377 32 1
377 249 1
238 77 0
238 214 1
239 290 0
241 173 1
241 201 0
243 64 1
243 225 0
246 249 1
251 45 0
252 2 0
255 365 0
258 320 1
259 249 0
262 249 0
265 249 0
269 249 0
270 249 0
271 249 0
273 249 0
274 249 0
275 365 0
279 249 0
281 82 1
281 249 0
283 249 0
285 181 1
285 249 0
285 371 0
371 227 0
371 249 0
289 26 0
289 92 0
348 249 0
300 249 0
303 304 0
313 260 0
315 0 0
315 21 0
315 15 0
315 239 1
315 13 0
315 286 0
315 17 0
315 102 0
315 14 0
315 310 0
315 5 0
315 97 1
315 272 0
315 311 1
317 179 1
317 249 0
317 285 1
319 251 0
319 337 0
337 45 0
321 43 0
321 249 0
324 113 0
325 73 0
325 189 0
325 249 1
326 249 0
330 249 0
333 78 0
333 252 0
334 6 0
334 135 0
334 249 1
334 14 0
334 310 0
334 4 0
334 191 0
334 0 0
334 21 0
334 13 0
334 286 0
334 272 0
334 311 0
336 13 1
336 249 0
338 249 0
339 109 1
339 249 0
339 313 0
343 249 1
345 249 0
347 37 0
347 249 0
347 357 1
357 74 1
349 255 0
349 275 0
351 127 1
351 378 0
378 43 0
378 249 0
355 126 0
355 219 0
358 112 1
358 210 1
358 249 0
362 46 0
362 258 0
363 59 0
363 324 0
367 131 1
367 224 0
375 72 0
375 213 0
376 57 0
376 206 0
379 50 0
379 199 0
380 249 0
380 300 0
384 15 0
384 239 1
384 6 0
384 135 0
384 5 0
384 97 1
384 14 0
384 310 0
384 13 0
384 286 1
384 272 0
384 311 0
384 0 0
384 21 1
394 39 0
394 303 0
397 249 0
