0 21 0
0 13 0
0 360 1
0 245 0
0 9 0
0 377 0
0 15 1
0 384 0
21 551 0
1 551 0
551 82 0
3 82 0
3 551 0
3 5 0
3 303 0
3 15 0
3 384 0
3 13 0
3 142 0
3 421 1
3 516 0
4 328 0
4 13 0
4 142 0
4 391 0
4 5 0
4 303 0
4 421 1
4 516 0
4 9 0
4 377 0
5 205 0
5 551 0
5 15 1
5 384 0
5 13 0
5 360 0
5 303 0
205 551 0
7 551 0
8 551 0
9 432 0
9 551 0
9 3 0
9 15 0
9 384 0
9 377 0
9 13 0
9 142 0
9 4 0
9 391 0
9 0 0
9 245 0
9 5 0
9 303 0
432 551 0
10 0 0
10 245 0
10 551 0
10 13 0
10 360 1
10 9 0
10 377 0
10 15 0
10 384 0
245 21 1
11 551 0
12 551 0
13 484 0
13 551 0
13 9 0
13 377 0
13 360 0
13 421 0
13 516 0
13 0 0
13 245 0
13 3 1
13 142 0
13 4 0
13 391 1
13 15 1
13 384 0
484 551 1
15 320 0
15 551 0
15 13 0
15 360 0
15 0 0
15 245 0
15 5 0
15 303 1
16 551 1
17 551 0
18 15 0
18 384 0
18 13 1
18 360 0
18 0 0
18 245 0
18 5 0
18 303 0
384 320 1
19 551 0
22 551 0
23 133 0
133 551 0
24 287 0
25 112 0
25 551 0
27 551 0
29 586 0
586 551 0
30 356 1
30 551 1
34 551 0
35 551 1
36 9 0
36 377 1
36 3 0
36 551 0
36 15 0
36 384 0
36 13 0
36 142 0
36 4 0
36 391 0
36 0 0
36 245 0
36 5 0
36 303 0
377 432 0
377 551 0
37 551 0
38 551 1
39 551 0
40 551 0
42 89 1
42 232 1
42 551 0
232 470 0
232 551 1
43 250 0
43 551 0
250 551 1
44 4 0
44 391 0
44 551 0
44 13 0
44 142 0
44 5 1
44 303 0
44 421 0
44 516 0
44 9 0
44 377 1
391 328 0
391 551 1
46 439 0
439 551 0
47 437 0
47 502 1
47 551 0
437 120 0
502 120 0
49 133 1
50 458 0
50 551 0
52 202 0
202 551 0
53 551 1
54 551 1
56 280 0
280 440 0
280 551 0
57 551 0
58 256 0
58 551 1
256 551 0
60 551 0
61 551 1
62 316 1
62 551 0
63 551 1
65 551 0
67 551 0
68 551 1
69 551 0
70 551 0
72 78 1
72 551 0
74 232 1
74 495 0
495 470 1
76 219 0
76 562 0
219 22 0
562 22 0
77 551 0
79 551 0
80 347 0
80 551 0
80 557 0
347 37 0
557 37 0
557 551 0
81 241 0
81 373 1
81 551 0
241 542 0
373 542 0
373 551 1
83 551 1
84 551 0
85 179 0
87 29 0
87 186 0
87 551 0
186 586 0
88 374 0
88 458 0
88 551 1
374 551 0
90 141 0
90 156 0
90 551 0
141 235 1
141 551 0
156 235 0
91 354 0
91 482 0
354 86 0
354 551 0
482 86 0
94 129 0
129 551 1
95 137 0
95 551 1
137 551 0
96 551 0
97 551 0
98 551 1
99 103 0
99 366 0
103 387 1
103 551 1
366 387 0
366 551 0
102 551 1
106 551 0
108 551 0
109 379 0
109 460 0
379 551 0
379 599 1
460 551 0
460 599 0
110 528 1
113 551 1
114 551 0
115 551 0
116 551 1
116 560 0
117 179 0
119 137 0
119 551 0
121 551 0
122 196 0
196 551 0
123 551 0
124 313 1
313 551 0
126 25 0
126 264 0
126 551 0
264 112 0
127 322 0
322 551 0
130 319 0
130 453 1
319 343 0
319 551 0
453 343 0
453 551 0
131 551 0
132 551 1
134 406 1
134 443 0
134 551 0
406 535 0
443 535 0
138 238 0
138 477 1
238 214 0
477 214 0
139 551 0
235 551 0
142 167 0
142 424 0
142 551 0
167 381 0
167 531 0
167 551 0
424 531 0
143 551 0
144 551 0
147 273 0
147 525 0
273 19 0
273 551 0
525 19 0
149 385 1
151 178 0
178 551 0
152 42 1
152 310 0
152 551 0
310 89 0
310 551 0
154 551 0
155 146 0
158 410 0
158 512 1
410 304 0
410 551 0
512 304 0
512 551 0
160 513 0
513 551 0
162 258 1
162 551 1
163 23 0
163 49 1
165 551 0
165 576 0
166 532 0
532 551 0
532 570 0
381 46 0
381 394 1
381 551 0
531 551 0
168 266 0
266 551 0
169 551 0
170 323 0
170 551 0
323 523 0
323 551 0
171 551 0
172 551 0
173 551 0
174 551 0
175 78 0
176 551 1
177 3 0
177 551 1
177 5 1
177 303 1
177 15 0
177 384 0
177 13 0
177 142 0
177 421 0
177 516 0
180 551 1
182 262 0
262 551 0
183 551 0
184 551 0
188 551 0
189 551 0
190 551 1
191 43 1
191 551 0
191 588 0
588 250 0
588 551 0
192 54 0
192 551 0
193 551 0
193 576 0
194 551 1
195 165 1
195 193 1
195 551 0
197 551 0
198 287 0
199 532 0
199 551 0
201 62 1
201 475 0
475 316 1
203 551 1
204 551 0
206 551 0
207 551 0
208 311 1
311 551 1
209 58 1
209 463 0
209 551 0
463 256 0
463 551 0
211 551 0
213 182 0
213 448 0
213 551 0
448 262 0
448 551 1
214 551 0
215 220 0
215 514 0
215 551 0
220 551 0
514 551 0
218 551 0
221 551 0
222 551 0
223 551 0
225 551 0
228 551 0
229 134 0
229 551 0
233 129 0
233 551 0
234 551 0
237 551 0
239 30 1
239 290 0
239 551 0
290 356 0
242 166 0
242 199 0
242 551 1
246 326 0
246 355 0
246 551 1
326 419 0
326 551 0
355 419 0
247 551 1
248 551 0
249 551 0
251 551 0
254 551 0
255 551 0
257 551 0
260 551 0
261 551 0
263 325 0
263 527 0
325 243 0
527 243 0
268 551 0
269 551 0
270 551 0
271 551 1
272 551 1
274 551 0
275 558 0
276 551 0
440 551 0
281 551 0
282 496 1
284 323 0
284 551 0
284 565 0
565 523 0
565 551 0
285 551 1
289 551 0
291 551 0
292 551 0
296 551 0
297 280 0
298 17 0
298 551 1
299 551 0
301 421 0
301 516 0
301 551 1
301 0 0
301 245 0
301 3 0
421 16 0
421 551 0
421 0 0
421 245 0
421 3 1
421 516 0
516 16 0
516 551 1
303 205 1
303 551 1
304 551 0
305 551 1
306 551 0
307 551 1
308 551 1
309 551 0
312 116 1
312 493 1
493 551 0
493 560 0
315 551 0
317 551 0
318 551 0
324 90 1
324 551 0
419 551 0
327 178 0
329 551 0
331 13 0
331 142 1
331 360 0
331 551 0
331 9 0
331 377 1
331 421 0
331 516 0
331 0 0
331 245 0
331 3 0
331 4 0
331 391 1
331 15 0
331 384 0
360 484 0
334 551 0
337 551 1
338 551 0
339 160 1
339 537 0
339 551 0
537 513 1
537 551 0
340 551 0
340 581 1
581 551 0
342 488 0
342 497 0
488 507 0
497 507 0
344 528 0
344 551 0
348 54 0
349 551 0
352 60 0
352 551 0
361 94 0
361 233 0
362 551 0
363 124 0
363 459 0
459 313 0
459 551 0
364 146 0
365 192 1
365 348 0
367 551 0
371 551 0
372 376 1
372 457 1
372 551 0
376 486 0
457 486 0
486 551 0
378 551 0
599 551 0
394 439 0
382 192 0
382 551 1
388 385 0
388 551 0
390 162 0
390 574 0
574 258 0
574 551 0
392 60 0
392 551 0
396 551 0
397 551 0
397 571 0
571 551 0
398 551 0
400 127 0
400 526 0
400 551 0
526 322 0
401 208 1
401 472 0
401 551 1
472 311 0
405 97 0
405 551 0
535 551 1
408 551 0
411 551 0
412 330 0
412 465 0
412 551 0
465 551 0
414 551 0
415 202 0
415 551 0
416 151 0
416 327 0
416 551 1
417 95 0
417 119 0
418 551 0
420 551 1
422 551 0
423 551 0
426 522 0
426 551 0
427 551 0
428 551 0
429 72 0
429 175 1
429 551 0
430 551 0
433 551 1
434 215 1
434 559 0
559 514 0
435 522 0
436 551 0
438 551 0
441 551 0
442 196 0
444 426 0
444 435 0
445 515 1
515 551 0
447 282 0
447 454 0
447 551 0
454 496 1
450 412 0
450 551 0
450 553 1
553 330 1
553 551 0
451 445 0
451 556 0
556 515 1
556 551 1
452 122 0
452 442 0
455 551 0
455 558 1
456 551 0
461 551 0
464 5 0
464 303 1
464 15 0
464 384 0
464 13 0
464 360 1
466 551 0
467 405 0
467 520 0
520 97 0
469 551 0
471 551 0
474 551 0
476 551 0
478 52 0
478 415 0
478 551 0
479 551 0
480 85 0
480 117 0
483 551 0
507 551 0
490 551 0
491 551 0
492 56 0
492 297 0
492 551 0
494 551 0
498 551 0
499 24 0
499 198 0
499 551 0
501 551 1
504 149 0
504 388 0
504 551 0
506 551 1
508 551 0
509 551 1
511 551 0
518 551 0
519 551 0
521 551 0
529 551 1
570 551 1
533 551 1
534 551 0
541 352 0
541 392 1
543 551 1
545 551 0
546 110 0
546 344 0
546 551 0
549 275 0
549 455 0
549 551 0
550 551 0
554 551 1
563 168 0
563 587 0
587 266 0
566 551 0
572 551 1
573 551 1
575 551 1
579 551 0
580 551 1
582 551 0
583 551 1
584 551 0
585 551 0
589 155 0
589 364 1
590 551 0
591 551 0
592 50 0
592 88 0
593 551 0
595 551 0
597 551 0
598 67 0
598 551 0
