0 288 1
0 3 1
0 321 0
0 6 0
0 334 0
0 323 1
288 512 1
288 2 1
288 401 1
288 425 1
288 149 1
288 175 1
288 376 1
288 0 1
288 348 1
288 724 1
288 3 1
288 321 1
1 206 1
1 512 1
206 512 1
512 315 0
2 512 1
2 3 1
2 321 1
2 84 1
2 233 1
2 0 1
2 348 1
2 190 0
2 288 1
2 425 1
2 724 1
2 323 0
2 149 1
2 175 1
2 376 1
3 512 1
3 190 1
3 323 1
3 84 1
3 233 1
3 0 1
3 348 0
3 321 1
3 6 1
3 334 1
3 149 1
3 175 0
3 2 1
3 724 0
3 401 1
3 288 1
3 425 1
4 373 0
4 512 1
373 512 1
5 149 0
5 512 1
149 512 1
149 2 0
149 401 1
6 512 1
6 761 1
6 288 1
6 425 0
6 3 1
6 323 1
6 376 0
6 190 1
6 84 0
6 233 1
761 512 1
7 512 1
8 512 1
10 512 1
11 512 1
12 496 1
12 767 0
496 512 0
767 512 1
13 166 1
13 512 1
166 512 1
14 19 1
14 43 1
14 512 1
19 512 1
43 367 1
43 442 1
43 512 1
15 512 0
15 653 1
653 512 1
16 284 1
16 512 1
284 133 1
284 512 0
17 512 0
17 706 0
706 512 1
18 512 1
21 512 1
22 512 1
23 512 1
24 512 1
25 512 1
25 541 1
541 512 1
26 208 1
26 512 1
208 512 1
27 94 1
27 512 0
94 512 0
28 512 1
28 682 1
682 512 1
29 486 1
29 512 1
486 512 0
30 512 0
31 103 1
31 677 0
103 512 0
677 512 1
32 512 1
33 512 1
33 700 1
700 512 0
35 512 1
36 213 1
36 512 0
213 512 1
213 526 1
37 512 0
38 512 0
40 512 0
40 619 1
619 512 1
41 512 1
41 568 1
568 201 1
568 512 1
568 575 1
42 512 1
42 720 1
720 512 1
367 137 1
367 401 1
367 512 0
367 598 1
442 2 1
442 401 1
442 724 1
442 3 0
442 321 0
442 84 1
442 233 0
442 0 1
442 348 1
442 190 0
442 288 1
442 425 1
442 323 1
442 149 1
442 175 1
442 376 1
44 512 1
45 24 1
45 512 0
46 512 0
47 512 1
47 632 1
632 512 0
48 129 1
48 512 0
129 132 1
129 512 1
49 328 0
49 512 0
328 512 1
328 767 1
50 512 0
51 27 0
51 277 1
277 512 1
52 512 1
53 543 1
53 598 1
543 512 0
598 512 1
54 262 1
54 512 0
54 686 1
262 512 1
262 614 1
686 512 1
686 614 1
55 512 1
55 663 0
663 512 0
56 512 1
56 656 1
656 44 1
656 512 1
57 512 1
59 512 0
60 512 0
60 732 1
732 512 1
62 512 1
62 532 1
532 81 1
532 512 1
63 336 1
63 512 1
336 23 0
336 512 1
64 512 0
65 66 1
65 150 0
65 512 1
66 512 1
66 651 1
150 512 1
651 265 1
651 323 1
68 512 1
69 512 1
70 512 1
71 240 1
71 512 0
240 269 0
240 315 1
240 337 1
72 126 1
72 164 1
72 512 1
126 187 0
126 512 0
126 668 1
164 187 1
164 512 0
73 420 0
73 512 0
420 512 0
75 512 1
77 512 1
77 753 1
753 216 0
753 348 0
753 512 1
78 5 1
78 512 1
79 18 1
79 784 1
784 163 1
784 512 0
80 512 1
81 512 1
82 512 1
83 23 1
83 512 1
84 3 0
84 321 1
84 323 1
84 190 1
84 149 1
84 175 1
84 6 1
84 334 1
84 233 1
84 0 0
84 348 1
321 225 1
321 512 1
323 512 1
85 16 1
85 512 1
86 512 1
87 512 0
88 512 0
89 137 1
89 512 1
137 512 1
90 512 1
90 635 1
635 327 1
635 512 0
92 512 1
95 512 1
96 512 1
97 512 1
99 512 1
100 512 1
101 512 1
102 512 0
104 512 1
105 512 1
106 400 0
106 512 1
400 512 1
108 512 1
109 236 1
109 295 1
109 512 0
236 222 1
236 252 1
236 512 1
295 252 0
295 495 1
295 534 1
110 512 1
111 512 1
112 462 1
112 512 1
462 512 1
462 778 0
113 512 1
114 167 1
114 512 1
167 512 1
115 252 1
115 512 0
252 512 0
116 512 1
117 512 1
117 761 1
118 512 1
119 222 1
119 512 1
222 512 1
120 495 1
120 512 1
495 512 1
495 761 1
121 512 1
122 95 1
122 686 1
123 368 1
123 774 1
368 82 1
368 512 1
774 512 0
774 656 1
124 512 1
125 512 1
187 512 1
668 512 1
668 596 1
127 512 1
127 644 1
644 512 1
644 651 1
128 512 1
132 512 1
133 512 0
133 672 0
672 512 1
135 512 1
135 703 1
703 512 1
136 512 1
138 512 1
138 701 1
701 512 1
139 512 0
140 404 1
140 487 1
140 512 1
404 83 1
404 737 0
487 512 1
141 167 1
141 635 0
141 725 1
725 512 1
142 512 0
143 19 1
143 612 1
612 512 0
612 755 1
144 512 0
144 732 1
145 512 1
146 512 1
147 512 1
147 635 1
148 66 1
148 512 1
148 644 1
151 512 0
151 661 1
661 512 1
152 222 1
152 512 1
153 512 1
154 512 1
154 703 1
157 512 0
157 518 1
518 512 1
158 512 1
159 512 0
160 80 0
160 644 1
161 512 1
162 512 1
162 557 0
557 512 1
163 512 1
165 109 1
165 512 0
168 512 1
168 646 1
646 298 1
646 512 1
169 438 1
169 512 1
438 512 1
170 37 1
170 512 1
171 231 1
171 512 1
231 512 1
172 512 1
173 305 1
173 656 1
305 311 0
305 518 0
175 512 1
176 512 1
177 512 1
178 398 1
178 512 1
398 512 1
179 410 1
179 719 1
410 512 0
719 512 1
180 512 1
182 175 0
182 512 1
183 374 1
183 512 0
374 512 1
184 512 1
185 104 1
185 512 0
186 512 0
188 512 1
189 512 0
190 512 1
191 512 1
192 512 1
194 512 1
194 691 1
691 512 1
691 628 1
195 512 1
195 574 1
574 512 1
196 225 0
196 512 1
225 512 1
197 512 1
198 512 0
198 604 1
604 394 1
604 512 0
199 512 1
200 512 1
201 512 0
201 687 0
201 745 1
687 512 1
745 512 1
202 512 1
203 189 1
203 512 1
204 512 1
205 512 1
205 697 1
697 512 0
207 512 1
209 512 1
210 97 1
210 512 1
211 512 1
214 512 1
215 37 1
215 512 1
216 512 1
217 512 1
217 548 1
548 488 1
548 512 0
218 512 0
219 512 1
220 512 1
221 167 1
221 213 1
221 425 1
221 512 1
425 512 1
425 526 0
223 354 1
223 512 1
354 406 0
354 512 1
224 308 1
224 512 1
308 512 1
227 512 1
228 512 1
229 512 1
230 512 1
230 693 0
693 512 1
232 512 1
233 3 1
233 190 1
233 512 1
233 84 1
233 0 1
233 348 1
233 321 1
233 2 1
233 724 1
233 401 1
233 288 0
233 425 1
234 512 1
235 512 0
237 512 1
239 512 1
269 512 1
337 512 0
241 512 1
241 594 1
594 512 1
242 512 1
243 512 0
244 512 1
245 512 1
246 380 1
246 512 1
246 692 1
380 512 1
380 603 1
692 603 1
247 512 1
248 512 1
249 512 0
250 512 1
250 661 0
253 202 0
253 512 1
254 318 1
254 512 1
318 512 0
255 512 1
256 434 1
256 512 1
434 512 1
257 512 1
257 645 0
257 660 1
645 512 1
660 512 1
660 578 1
258 27 1
258 382 1
382 512 1
259 512 1
260 512 1
261 417 1
261 512 1
261 672 1
417 512 0
614 133 0
614 512 1
614 575 1
263 512 1
264 512 1
265 512 1
266 326 1
266 512 1
266 660 1
326 512 1
267 512 0
268 512 1
268 719 1
272 60 0
272 133 1
272 512 1
273 379 1
273 512 0
273 563 1
273 595 1
379 110 1
379 387 1
563 512 1
563 732 0
595 202 1
595 334 0
595 512 0
274 337 0
274 406 1
406 512 0
275 512 1
276 512 1
276 746 1
746 263 1
746 512 1
278 512 1
279 106 1
279 512 1
280 799 1
281 480 1
281 512 1
281 624 1
480 512 1
480 680 1
624 42 1
624 219 1
624 785 1
282 512 1
283 132 0
283 350 0
283 512 1
350 512 1
285 512 0
285 513 1
513 512 1
286 512 1
289 512 1
290 104 1
290 512 0
291 512 1
292 512 1
293 512 1
293 705 1
705 37 1
705 104 1
294 512 1
534 512 0
297 512 1
298 616 1
298 653 1
616 512 0
616 596 1
299 512 1
300 32 1
300 512 1
301 512 1
303 101 1
303 225 1
303 512 1
304 164 1
304 512 1
311 512 0
307 96 1
307 506 1
307 512 1
506 512 1
309 512 1
310 512 1
312 512 0
313 183 1
313 512 1
314 512 1
317 122 1
317 512 1
317 593 1
593 512 0
593 533 0
319 512 1
319 560 1
319 685 1
560 758 1
685 35 1
685 512 0
685 758 1
320 43 1
320 512 0
322 512 0
322 702 1
702 512 1
702 648 1
324 512 0
325 512 0
327 512 1
329 313 1
329 512 1
329 604 1
330 512 1
331 512 1
332 465 1
332 512 0
332 699 1
465 512 1
699 512 1
333 512 1
334 396 1
334 512 1
396 94 1
396 512 1
335 512 1
338 512 0
339 512 1
339 788 1
788 512 1
340 512 0
341 512 1
342 512 1
343 512 1
345 23 1
345 512 1
346 512 1
346 650 1
650 512 1
347 512 1
348 288 1
348 376 1
348 425 1
348 2 1
348 401 0
348 149 0
348 175 0
348 0 1
348 724 1
348 3 0
348 321 1
376 66 1
376 512 1
349 94 1
349 437 0
437 512 1
351 512 1
351 785 1
785 16 1
785 512 1
352 347 1
352 778 1
778 512 1
353 341 1
353 428 1
353 761 1
428 512 1
428 565 1
428 624 1
355 512 0
356 175 0
356 512 1
356 713 0
713 512 1
357 308 1
357 512 1
357 564 0
357 673 1
564 297 1
673 297 0
673 512 1
358 273 1
358 512 0
358 749 1
749 512 1
749 595 1
359 512 1
359 782 1
782 512 1
360 110 1
360 512 1
361 227 1
361 512 0
362 512 1
363 512 1
365 512 1
366 512 1
366 656 0
401 512 0
369 512 0
370 512 1
371 512 1
375 114 1
375 250 1
375 512 1
377 512 0
378 512 1
378 766 1
766 512 1
387 164 1
387 512 1
603 512 1
603 594 1
381 78 1
381 493 1
493 5 1
493 12 1
493 512 1
383 512 1
384 474 1
384 608 1
384 648 1
474 512 1
474 646 1
608 512 1
648 512 1
648 594 1
386 512 1
388 512 0
390 202 1
390 512 1
391 512 0
392 322 1
392 512 1
394 512 1
395 512 0
397 512 1
399 512 0
402 512 1
403 512 0
737 512 1
405 369 1
405 512 1
407 512 1
407 653 1
408 512 1
411 512 1
414 512 1
415 439 1
415 512 1
439 129 1
439 283 1
439 512 1
416 512 1
418 189 1
418 512 1
419 291 1
419 512 0
421 257 0
421 266 0
421 512 1
422 512 1
423 512 1
424 158 1
424 512 1
426 405 1
426 512 1
426 686 1
565 369 1
565 512 1
565 785 1
429 512 1
430 705 1
430 715 1
715 512 0
431 512 1
433 512 1
433 719 1
435 512 1
440 512 1
441 512 0
441 617 1
441 686 1
617 200 1
617 512 0
724 512 1
443 225 1
443 512 1
444 512 1
444 673 1
445 512 1
446 143 1
446 512 1
447 512 1
448 512 1
449 512 1
450 128 1
450 512 1
451 396 1
451 512 1
452 512 1
453 512 1
454 512 1
454 680 1
680 512 1
455 32 1
455 512 1
456 512 1
457 512 1
458 225 0
458 512 1
458 728 1
728 512 1
728 568 1
460 512 1
460 556 1
556 6 1
556 334 1
556 512 0
556 288 1
556 425 0
556 3 1
556 323 1
556 376 1
556 190 1
556 84 1
556 233 1
463 512 1
464 29 1
464 512 1
466 512 1
467 512 1
468 334 1
468 512 0
469 200 1
469 512 1
470 512 1
471 512 0
473 512 1
475 512 1
475 609 1
609 512 0
609 578 1
476 204 0
476 512 1
477 19 1
477 749 1
478 512 0
481 512 1
482 512 1
483 512 1
484 190 1
484 512 1
485 512 0
485 719 1
488 512 1
488 680 1
489 608 0
489 726 1
726 512 1
490 512 1
490 578 0
578 280 1
578 512 1
578 755 1
491 512 1
492 512 0
492 661 1
494 512 1
497 246 1
497 557 1
499 512 1
499 761 1
500 512 1
501 221 1
501 300 1
501 512 1
502 512 1
503 182 1
503 512 1
504 311 1
504 512 1
505 512 1
507 512 1
508 512 1
509 512 1
509 713 1
510 512 1
511 512 1
514 164 1
514 512 0
515 512 1
516 512 0
516 761 1
519 512 1
522 512 1
522 725 1
522 749 0
523 512 1
524 512 1
525 512 0
525 593 1
527 512 1
528 512 1
528 522 1
531 512 1
531 701 1
533 512 1
535 512 1
535 761 0
536 84 1
536 233 1
536 512 1
536 149 1
536 175 1
538 512 1
539 512 1
542 512 1
544 6 1
544 485 1
544 512 0
546 359 1
546 590 0
546 609 1
590 0 1
590 348 1
590 512 1
590 3 1
590 321 1
590 6 1
590 334 1
590 323 1
547 512 1
549 209 1
549 512 1
550 227 1
550 299 1
551 513 1
551 761 0
552 406 1
552 512 1
554 512 1
555 512 1
558 245 1
558 512 1
758 512 1
561 512 1
562 512 1
562 514 1
575 512 0
575 745 0
569 512 1
570 512 1
571 512 1
571 740 1
740 97 1
740 512 1
572 512 1
577 512 0
755 512 1
755 799 1
579 213 1
579 227 1
580 512 1
582 97 1
582 512 1
583 512 0
584 512 1
585 512 0
586 512 1
587 512 1
589 512 1
591 329 0
591 512 1
591 639 1
591 724 1
639 313 1
592 543 1
592 796 1
796 512 1
596 133 0
596 512 1
597 334 1
597 512 1
599 512 1
600 512 1
600 719 1
601 237 1
601 411 1
602 512 0
602 779 1
779 512 1
605 401 1
605 512 1
606 512 1
607 512 1
610 512 1
611 512 1
613 512 1
613 541 1
618 396 1
618 512 1
620 512 1
620 739 0
739 512 1
623 210 1
623 512 1
623 740 1
625 512 1
626 299 0
626 512 1
628 512 1
629 512 1
630 512 1
631 400 1
631 512 1
633 512 1
634 228 1
634 342 1
636 512 1
637 141 1
637 512 1
637 522 1
638 222 1
638 716 0
716 157 1
716 512 1
640 512 1
641 335 1
641 512 1
642 376 1
642 590 1
643 512 0
647 311 1
647 512 0
649 512 1
652 512 1
654 512 0
655 512 1
655 630 1
657 512 0
658 512 1
658 544 1
658 556 1
659 486 1
659 512 1
664 512 1
665 512 1
665 677 0
666 512 1
667 512 1
669 512 1
670 512 1
674 346 1
674 688 1
688 512 0
675 512 1
675 703 1
676 512 1
676 771 0
771 512 1
678 216 1
678 512 0
679 512 1
681 201 0
681 554 1
681 748 1
748 512 1
683 512 1
684 512 1
690 512 1
694 512 0
695 512 1
695 717 1
717 512 0
696 512 1
698 512 1
698 717 1
707 512 1
708 512 1
709 512 1
710 269 1
710 428 0
710 484 0
711 512 1
711 640 1
714 327 1
714 512 1
718 512 1
721 512 0
721 591 1
722 168 1
722 474 1
722 512 1
722 594 1
727 172 1
727 512 1
729 169 1
729 204 1
729 687 1
730 327 1
730 512 1
731 512 1
733 512 1
734 512 1
735 512 0
735 600 1
738 512 1
741 124 1
741 512 1
742 512 1
743 512 1
744 512 1
744 584 1
747 192 1
747 512 1
750 512 1
751 301 0
751 512 1
752 512 1
754 512 1
757 50 1
757 496 1
757 512 1
760 192 0
760 512 1
762 512 1
762 782 1
763 512 0
764 66 1
764 512 1
764 578 1
765 512 1
768 512 1
769 450 0
769 512 1
770 512 1
772 23 1
772 512 0
773 512 1
776 512 1
780 512 0
781 512 1
786 149 1
786 175 1
786 512 1
786 2 1
786 401 1
787 512 1
789 244 1
789 512 1
790 210 1
790 213 1
792 512 0
793 512 1
794 110 1
794 584 1
797 512 1
