0 353 1
353 592 1
1 353 1
2 68 0
2 353 1
2 750 0
2 36 1
2 587 1
2 475 1
2 481 1
2 808 1
2 213 0
2 571 1
2 469 1
2 633 1
2 34 1
2 428 1
2 211 1
2 717 1
68 353 1
68 211 1
68 717 0
68 571 0
68 475 1
68 481 1
68 2 1
68 750 1
68 34 0
68 428 1
68 808 0
68 213 1
68 469 1
68 633 1
3 353 1
4 353 0
4 469 1
4 633 1
4 808 0
4 213 1
4 34 1
4 428 1
4 475 1
4 481 1
4 2 1
4 750 0
4 36 1
4 587 1
469 679 1
469 808 0
469 213 1
469 34 1
469 428 1
469 475 1
469 481 1
469 2 1
469 750 1
469 36 1
469 587 1
633 679 1
5 353 1
6 353 1
8 353 1
9 353 1
10 353 1
11 353 1
12 213 1
12 353 1
12 808 1
12 34 1
12 428 1
12 36 0
12 587 1
12 469 1
12 633 1
213 353 1
213 697 1
213 36 0
213 587 1
213 469 0
213 633 1
213 808 0
808 353 1
808 697 1
808 34 1
808 428 1
808 213 1
15 353 1
16 353 1
17 353 1
18 353 1
19 353 1
20 353 1
21 353 0
22 353 1
23 353 1
24 353 1
25 353 1
27 475 1
27 481 1
27 2 1
27 750 1
27 211 1
27 717 1
27 469 1
27 633 0
475 392 0
475 2 1
475 750 0
475 211 1
475 717 1
475 469 1
475 633 1
475 481 1
481 392 1
28 353 1
29 166 1
29 353 1
166 353 1
31 353 1
32 353 1
33 353 1
34 353 1
34 675 1
34 68 0
34 571 0
34 808 1
34 213 1
34 475 1
34 481 1
34 36 1
34 587 0
34 469 1
34 633 1
675 353 1
35 353 1
36 353 1
36 813 1
36 213 1
36 808 1
36 211 1
36 717 1
36 475 1
36 481 1
36 2 1
36 750 1
813 353 0
38 353 1
39 353 1
40 353 1
41 353 1
42 353 1
43 49 1
43 353 1
49 353 1
46 353 0
47 353 1
48 85 1
48 215 1
48 340 1
48 353 0
85 353 1
215 353 1
340 353 1
50 353 1
51 353 1
53 353 1
54 353 0
55 353 0
57 353 1
58 16 1
58 353 1
59 353 1
60 353 1
61 353 1
61 653 1
653 353 0
62 11 0
62 57 1
62 353 1
64 353 0
65 353 1
65 956 1
956 353 1
66 353 0
67 353 1
69 353 1
70 353 1
71 353 0
71 358 1
358 353 1
72 353 1
73 353 1
76 353 1
77 353 1
78 353 1
79 353 1
80 353 0
81 353 1
82 131 1
82 353 0
82 386 1
131 221 0
131 353 1
131 672 0
386 353 0
386 672 1
84 353 1
86 353 1
86 648 1
648 86 1
648 353 0
87 161 1
87 353 1
161 353 1
88 353 0
92 353 1
93 353 1
95 353 1
96 353 1
97 353 1
99 353 1
100 353 0
100 400 1
400 353 1
102 353 1
104 353 1
104 786 1
786 353 1
105 353 1
106 353 1
107 353 1
108 353 1
109 353 1
110 353 1
111 353 1
112 353 1
113 353 1
114 353 0
116 353 1
116 841 0
841 353 0
117 353 1
118 201 1
118 353 0
201 353 1
119 353 1
119 975 1
975 353 1
120 353 1
123 353 1
125 353 1
126 353 0
126 949 0
949 353 1
127 353 1
129 353 1
130 353 1
221 353 1
672 353 1
132 353 1
133 353 1
136 353 1
137 353 1
138 353 1
139 353 0
139 495 1
495 353 1
141 353 1
143 353 0
143 964 1
964 353 1
144 353 1
145 353 1
146 353 1
147 353 1
147 916 1
147 988 1
916 83 1
916 353 1
988 83 1
148 353 1
148 486 1
486 353 1
149 353 0
150 353 1
152 353 1
153 353 0
154 353 1
155 353 1
156 127 0
156 353 1
157 353 1
158 353 1
159 353 0
160 353 0
162 353 1
163 353 1
164 353 1
165 353 1
167 353 1
168 353 1
169 345 1
169 353 1
169 498 1
169 708 1
345 353 1
345 749 1
498 353 1
708 353 1
708 749 1
170 353 0
172 353 1
173 353 1
175 353 1
176 353 1
176 861 1
861 353 1
177 353 1
178 353 1
178 601 1
601 353 1
179 353 1
180 353 0
181 353 1
182 353 1
183 353 1
184 353 1
184 657 1
657 353 1
185 353 1
186 353 0
188 353 1
189 353 1
190 353 1
191 353 1
192 353 1
193 353 0
194 353 1
195 353 1
197 353 0
198 353 1
199 2 1
199 750 1
199 36 1
199 587 1
199 475 0
199 481 1
199 808 0
199 213 1
199 68 1
199 571 1
199 469 0
199 633 1
199 34 1
199 428 1
199 211 1
199 717 1
750 68 1
750 353 1
750 571 1
750 211 1
750 717 0
750 475 1
750 481 1
750 2 1
750 34 1
750 428 1
750 808 1
750 213 1
750 469 1
750 633 0
202 353 1
202 849 1
849 353 1
849 819 1
203 353 1
204 353 1
205 353 0
206 353 1
206 821 1
821 87 1
821 321 0
821 353 1
821 719 1
208 353 0
209 353 1
210 353 1
211 23 1
211 353 1
211 808 1
211 213 1
211 469 0
211 633 1
211 717 1
211 2 1
211 750 1
211 68 0
211 571 1
212 353 1
214 55 1
214 353 1
216 353 0
217 353 1
217 444 1
444 353 1
444 977 0
218 353 1
218 801 1
801 353 0
219 353 0
222 353 1
222 607 1
607 353 1
225 353 1
226 353 0
226 452 1
226 512 1
452 353 1
452 779 0
512 353 1
512 779 1
227 353 1
228 55 1
229 353 1
229 874 0
229 899 1
874 462 1
899 462 0
230 353 1
231 353 1
231 513 1
513 353 0
232 353 1
232 593 1
232 699 1
593 353 1
699 86 0
699 353 1
699 961 0
233 246 1
233 353 1
233 374 0
246 126 0
246 353 1
374 126 1
374 295 0
374 353 1
234 353 1
235 773 1
235 816 1
773 234 0
773 353 0
816 234 1
816 353 1
236 353 1
237 353 1
238 48 1
238 650 0
650 340 1
239 353 1
239 412 0
412 353 0
412 571 1
241 353 0
242 353 0
244 353 1
244 527 1
244 820 1
244 967 1
527 631 1
820 353 1
967 353 1
967 631 1
967 925 1
245 353 1
247 195 1
247 353 1
248 353 0
249 353 1
250 353 1
251 353 1
253 353 1
255 353 1
256 222 1
256 353 1
256 897 1
897 353 0
897 607 1
257 353 1
258 353 1
259 353 0
259 740 1
261 134 1
261 353 0
262 353 0
263 353 1
263 356 1
356 312 1
356 353 0
264 218 1
264 353 1
265 353 1
269 184 1
269 353 0
269 561 0
561 657 1
270 353 1
271 353 1
272 353 0
273 353 1
274 156 1
274 353 1
274 925 0
925 127 1
925 353 1
275 353 1
276 353 1
277 112 1
277 353 0
278 147 1
278 353 1
279 353 1
280 353 1
281 353 1
282 353 1
282 923 1
923 353 1
283 353 1
283 739 1
284 353 1
285 740 1
287 353 1
287 485 1
485 353 1
288 353 1
288 872 1
872 353 1
289 353 1
290 353 1
292 236 1
292 353 1
293 353 1
295 353 1
295 529 1
295 615 1
529 353 0
296 297 1
296 689 1
297 353 1
297 493 1
689 353 1
689 493 1
298 353 1
299 353 1
300 353 1
301 353 0
304 353 1
305 353 1
307 353 1
308 353 1
309 353 1
311 353 1
311 798 1
798 353 0
312 353 0
313 353 1
313 954 1
954 353 1
314 353 1
314 396 1
396 353 1
315 353 1
318 353 1
319 62 1
319 518 1
518 11 0
518 353 1
518 451 1
518 599 1
320 353 1
321 327 1
321 353 0
321 869 1
327 44 1
327 353 0
869 44 1
869 353 1
323 353 1
324 353 1
326 353 1
328 353 1
328 990 1
990 353 1
330 353 1
331 353 1
332 353 1
332 644 1
644 353 1
334 353 1
335 353 0
335 376 1
376 353 1
336 353 1
338 353 1
338 615 1
339 353 0
342 353 1
343 51 0
343 353 1
344 353 0
749 353 1
346 1 1
346 353 1
348 353 1
349 353 1
350 353 0
351 43 1
351 353 1
351 379 1
379 49 1
379 353 0
592 353 1
592 602 0
592 931 1
355 353 0
360 353 1
362 353 1
364 353 0
365 353 0
366 232 1
366 353 0
366 742 0
742 353 1
742 593 1
368 353 1
368 923 1
368 938 1
938 353 1
369 353 1
370 189 1
370 353 0
372 353 1
373 353 1
375 353 0
377 353 1
378 353 1
380 353 1
381 353 1
384 51 1
385 353 1
387 353 1
387 846 1
846 353 1
388 353 1
389 353 0
390 333 1
390 353 0
390 728 0
728 353 1
391 353 1
392 353 1
393 739 0
394 353 1
395 353 1
395 647 1
647 353 1
397 353 1
398 353 1
398 954 1
401 353 1
402 204 1
402 353 1
403 353 1
404 353 0
405 353 1
407 213 1
407 353 1
408 353 1
409 353 1
410 353 0
411 353 1
571 353 1
413 353 1
414 444 1
414 926 1
926 353 1
926 977 1
415 353 0
416 353 1
417 353 0
417 814 1
417 887 1
814 810 0
887 353 1
887 810 1
418 353 1
418 765 1
418 801 1
765 353 0
419 353 1
420 353 1
422 353 0
423 353 1
424 353 1
425 353 1
426 353 1
427 353 1
428 353 1
428 675 1
429 113 1
429 353 1
430 282 1
430 353 0
430 368 1
431 275 1
431 353 1
432 353 1
432 416 1
433 353 1
433 582 1
433 646 1
582 187 1
582 353 1
646 187 1
646 353 1
434 353 1
435 110 1
435 353 1
438 353 1
438 470 1
470 353 1
439 353 1
440 353 1
441 353 1
442 353 1
443 353 1
977 353 1
977 419 1
977 504 0
445 353 1
446 353 0
449 353 1
450 353 1
451 353 0
779 41 1
779 353 1
779 856 0
453 353 1
455 353 1
456 353 1
457 353 1
458 353 0
459 353 1
460 353 1
461 353 1
463 353 1
467 353 1
468 353 1
679 353 1
472 353 0
473 589 1
473 625 0
589 353 0
589 365 1
625 353 1
625 365 1
476 353 0
479 353 1
480 353 1
482 353 1
483 353 1
484 353 1
487 353 1
488 353 1
490 353 1
491 353 1
494 353 1
496 353 1
496 975 1
497 353 1
499 353 1
501 353 1
502 218 1
502 418 1
504 353 1
505 353 1
506 353 0
507 353 1
507 534 0
534 353 1
509 353 1
509 836 1
836 353 1
510 353 1
511 353 0
515 353 1
516 353 1
599 353 1
519 353 1
520 353 1
521 353 1
521 485 1
521 497 1
522 353 1
523 353 0
525 353 1
526 353 1
528 251 1
530 353 0
531 287 1
531 353 1
531 521 1
532 353 1
533 353 1
536 353 1
537 353 1
539 353 1
540 353 1
540 612 1
540 635 1
612 353 0
612 670 1
635 353 1
635 670 1
541 353 1
542 353 1
543 353 1
543 463 1
544 353 0
545 353 0
545 846 1
546 353 1
547 353 1
548 353 1
549 353 1
550 353 1
551 353 1
552 353 1
553 36 1
553 353 1
553 587 0
553 213 0
553 808 1
553 211 0
553 717 0
553 475 1
553 481 0
553 2 1
553 750 1
587 353 1
587 813 1
554 353 1
555 353 1
556 86 1
556 353 1
557 353 1
560 353 0
562 390 1
562 793 1
793 333 1
793 353 0
563 353 1
564 353 1
564 480 1
565 353 0
566 353 1
567 353 1
568 353 1
569 247 1
569 353 1
569 520 1
569 776 1
776 195 1
574 353 1
576 353 1
577 353 1
579 353 0
581 353 1
584 353 1
585 353 1
586 353 1
588 353 1
590 353 1
590 402 1
590 827 1
827 204 1
827 288 1
827 353 0
602 178 1
602 353 1
602 674 1
931 353 0
931 403 1
594 353 1
595 353 1
596 353 1
598 202 1
598 353 0
598 725 1
725 353 0
725 849 1
600 353 1
674 353 1
674 601 1
603 261 1
603 353 1
604 353 1
605 353 1
606 353 1
608 353 0
608 413 1
608 833 1
833 353 1
609 353 1
610 353 1
613 353 1
614 353 1
616 353 1
617 353 1
617 628 1
617 656 1
628 812 1
656 353 1
656 812 1
619 353 1
620 353 1
621 353 1
622 353 0
623 353 0
624 353 1
626 113 1
626 353 1
626 945 1
945 353 1
945 642 1
812 353 1
629 353 1
630 353 1
632 850 0
632 866 0
850 353 1
850 914 1
866 914 1
634 353 0
636 353 1
636 510 1
637 353 1
638 353 0
640 353 1
642 353 1
642 820 1
643 353 1
645 353 0
649 353 1
649 714 1
714 353 1
651 353 1
652 353 1
654 353 1
658 353 1
660 353 1
661 353 1
662 353 1
665 353 1
666 799 1
666 897 1
666 986 1
799 353 1
986 353 1
668 353 1
671 353 1
673 353 0
676 353 1
677 353 1
678 353 1
680 353 1
681 353 1
684 353 1
685 353 0
686 353 1
688 353 1
690 353 1
692 353 1
693 353 0
694 353 1
695 353 0
698 353 0
961 353 1
961 648 1
700 353 1
701 353 1
702 353 1
703 353 1
704 211 1
704 353 1
704 717 0
704 808 0
704 213 1
704 469 1
704 633 1
704 2 1
704 750 1
704 68 0
704 571 1
717 23 1
705 353 1
706 257 1
706 353 1
707 353 1
710 353 1
711 353 1
712 353 0
713 353 1
713 429 1
713 626 1
716 836 1
718 353 0
718 771 0
719 161 1
719 353 1
720 353 1
721 353 1
722 353 1
723 353 1
723 428 1
726 353 1
726 945 1
726 961 0
727 353 0
729 353 1
731 353 1
732 353 1
735 353 0
736 34 1
736 428 0
736 68 1
736 571 1
736 808 0
736 213 0
736 475 1
736 481 1
736 36 1
736 587 1
736 469 1
736 633 0
737 353 1
738 353 1
741 353 1
743 353 1
744 353 1
745 353 1
747 353 1
748 353 1
748 796 1
796 353 1
751 353 1
752 353 1
752 872 1
753 353 1
754 353 1
755 353 1
756 353 1
757 353 1
758 353 1
759 353 0
762 353 1
766 353 1
767 353 1
768 353 1
769 353 1
774 353 1
777 353 1
778 295 1
778 338 0
778 353 0
856 353 0
780 353 0
781 353 1
782 353 1
783 353 1
784 353 1
785 353 1
787 353 1
788 353 1
789 353 0
790 213 1
790 353 0
791 353 1
797 353 1
800 353 1
802 343 1
802 384 1
803 353 1
804 353 1
805 353 1
806 353 0
807 353 1
809 353 1
810 353 1
815 353 1
817 353 0
818 353 0
819 119 1
819 353 1
819 496 0
819 921 1
921 353 1
822 353 0
823 353 1
824 353 1
825 353 1
826 353 1
829 353 1
830 353 1
831 353 1
832 353 0
834 353 1
834 692 1
835 290 1
835 353 1
837 353 1
838 253 1
838 353 1
838 609 1
840 353 0
842 353 1
843 353 1
844 353 1
845 353 1
845 571 1
847 353 1
848 353 1
851 353 1
852 353 1
853 353 1
853 718 1
853 952 1
952 771 1
857 353 1
858 353 1
859 353 1
862 353 1
863 353 1
863 630 1
865 353 1
867 353 1
868 353 1
868 509 1
868 716 1
870 353 0
871 353 1
875 353 1
876 353 1
877 353 1
879 353 1
882 353 0
883 353 0
884 353 0
885 214 1
885 228 1
885 353 1
889 353 1
890 353 1
891 353 1
892 353 1
893 261 1
893 353 1
893 942 0
942 134 1
894 353 1
895 353 1
895 844 1
896 353 1
898 353 1
898 400 1
900 353 1
900 472 1
901 353 1
902 41 1
902 353 1
902 405 1
906 353 1
907 353 1
908 353 0
909 353 0
909 504 1
909 925 1
910 353 0
911 353 1
912 353 1
913 353 1
913 972 1
972 353 1
915 353 1
917 353 1
918 353 1
918 528 0
918 928 0
928 251 1
919 353 1
920 353 1
922 353 1
927 76 1
927 353 1
930 353 1
932 353 0
933 353 1
935 353 1
937 353 1
939 353 1
940 353 1
941 353 1
943 353 1
946 353 0
947 353 1
948 281 1
948 353 1
951 353 1
951 959 1
959 592 1
953 353 1
955 353 1
958 353 1
960 353 0
962 353 1
963 283 1
963 353 1
963 393 1
963 400 1
966 353 1
969 353 1
970 353 1
971 353 1
973 353 1
974 259 1
974 285 0
974 353 1
976 353 1
979 353 1
979 439 0
980 353 1
981 353 1
982 353 0
983 353 1
984 353 1
985 400 1
985 755 0
987 313 0
987 353 1
987 398 0
989 353 1
991 353 0
991 412 1
991 845 1
992 353 1
992 646 1
993 353 1
994 353 1
994 593 0
995 139 1
995 353 1
996 353 1
997 353 1
999 353 1
