0 206 0
0 292 1
0 754 0
0 759 0
0 911 0
0 260 0
0 406 1
0 333 1
0 521 0
0 64 0
0 834 0
206 788 0
206 759 1
206 911 0
206 292 0
206 260 1
206 406 1
206 333 0
206 521 0
206 64 1
206 834 1
292 788 1
754 133 0
1 754 0
3 754 1
5 229 0
5 754 0
229 754 0
229 759 1
229 911 1
229 64 0
229 834 1
229 260 0
229 406 1
229 6 0
229 749 1
229 544 1
229 823 0
229 333 1
229 521 1
229 31 0
229 157 1
229 206 1
229 292 0
6 668 1
6 754 1
6 260 0
6 406 1
6 333 0
6 521 0
6 544 0
6 823 1
6 759 1
6 911 0
668 754 0
8 754 1
9 754 1
11 754 1
12 342 0
12 754 0
342 754 1
13 260 0
13 406 0
13 754 0
13 31 1
13 157 1
13 759 1
13 911 0
13 333 1
13 521 0
13 206 1
13 292 1
13 6 1
13 749 0
13 64 1
13 834 1
260 285 1
260 754 1
260 31 1
260 157 1
260 406 0
260 759 0
260 911 0
260 333 0
260 521 0
260 206 0
260 292 0
260 6 0
260 749 0
260 64 1
260 834 1
406 285 0
406 754 1
14 754 1
15 754 0
20 754 1
21 754 0
21 757 1
757 754 0
757 930 1
22 754 0
23 754 0
24 754 0
25 333 1
25 521 1
25 754 0
25 64 0
25 834 1
25 206 0
25 292 0
25 544 1
25 823 1
333 754 1
333 64 1
333 834 0
333 206 1
333 292 1
333 544 0
333 823 1
521 387 0
521 754 0
26 754 0
27 754 1
29 754 0
30 754 1
31 754 1
31 984 0
31 6 1
31 749 1
31 260 0
31 406 1
31 64 1
31 834 1
984 754 1
32 754 1
34 754 1
35 754 0
37 754 0
39 754 1
40 754 0
42 754 0
42 854 1
854 754 1
43 754 0
44 605 1
44 754 0
605 754 1
45 663 1
45 754 0
45 983 0
663 317 1
983 317 1
983 754 1
47 754 0
48 754 1
51 188 0
188 754 1
53 754 1
54 754 0
55 754 1
56 754 0
57 754 0
58 754 0
58 954 0
954 754 0
59 754 0
60 754 0
61 754 1
62 754 0
64 15 1
64 754 0
64 6 1
64 749 1
64 333 1
64 521 1
66 269 1
66 754 1
269 754 1
69 74 0
69 754 0
74 432 1
74 754 1
74 983 1
70 754 0
71 754 0
72 680 1
72 754 0
680 754 0
73 754 0
432 754 1
75 670 1
75 754 0
670 754 0
77 754 1
78 754 0
78 854 1
79 754 1
80 754 0
82 754 0
84 754 0
85 683 1
85 724 1
85 754 1
683 754 0
683 777 1
724 777 1
86 754 1
87 754 0
88 728 0
88 754 0
728 754 1
89 120 0
89 754 1
91 754 0
92 754 0
93 754 1
94 754 1
95 754 1
96 754 0
97 24 1
97 754 0
99 200 1
99 754 0
99 964 1
200 754 1
200 759 0
200 954 0
964 954 0
100 754 1
101 383 1
101 754 1
101 888 1
383 287 0
383 378 0
383 754 0
888 287 0
888 754 1
103 754 1
104 754 0
105 754 0
106 668 0
106 754 0
107 754 0
107 993 0
993 754 0
108 718 1
718 754 0
109 754 0
110 754 0
111 754 1
112 103 0
112 754 0
113 754 1
114 754 0
115 754 0
118 754 1
119 133 0
119 754 1
122 718 1
122 754 1
123 754 1
124 754 1
125 754 1
126 754 1
128 754 0
129 754 0
131 754 0
132 754 1
132 838 0
838 754 1
135 754 0
136 754 1
136 948 0
137 754 0
138 754 1
139 754 0
139 880 1
139 927 0
880 140 1
927 140 1
927 754 0
141 754 0
144 754 1
145 754 1
146 754 1
146 996 1
148 827 0
827 754 0
150 754 1
151 521 0
151 754 0
152 754 0
154 754 1
155 754 0
156 162 0
156 754 0
156 942 0
162 290 0
162 754 1
942 290 1
942 754 1
157 754 1
157 984 0
158 754 1
159 754 0
161 754 0
290 754 0
163 754 0
164 547 1
164 754 1
547 754 1
165 754 1
167 754 0
168 754 0
169 754 1
170 754 0
171 553 0
553 754 0
172 754 0
173 277 0
173 754 1
277 427 1
277 754 0
174 754 0
175 754 1
180 754 1
181 754 1
182 170 1
184 754 1
185 754 1
187 754 0
190 370 0
190 715 1
190 754 0
370 754 0
370 867 0
715 754 0
715 867 0
191 702 1
191 754 0
702 754 0
193 329 0
193 348 1
193 754 0
329 281 1
329 754 1
348 281 1
348 754 0
195 739 0
196 754 1
197 188 0
198 754 0
759 234 1
759 754 1
759 64 1
759 834 0
759 260 0
759 406 1
759 6 1
759 749 1
759 544 1
759 823 1
759 333 1
759 521 0
759 31 0
759 157 0
759 206 1
759 292 1
759 911 0
202 754 1
203 754 0
204 754 1
205 210 1
210 754 1
207 754 1
209 223 0
209 944 0
223 511 0
223 754 0
944 511 0
211 754 0
212 814 1
814 754 1
214 754 1
215 754 1
217 754 0
218 754 1
219 182 0
219 633 0
219 754 0
633 170 0
633 754 1
220 670 0
220 754 0
221 212 0
221 294 0
221 754 1
294 754 0
294 814 0
226 274 0
227 754 0
228 754 1
911 234 0
911 754 1
231 623 0
623 754 1
232 754 1
233 681 1
233 754 0
681 754 1
234 754 0
234 844 1
844 754 0
235 754 1
237 427 1
237 754 1
427 754 0
238 123 0
238 754 1
239 754 0
241 754 1
243 754 1
244 623 1
244 754 1
245 754 1
247 754 1
248 89 1
248 798 0
798 120 1
249 621 0
249 627 1
621 319 0
621 754 1
627 319 0
627 754 0
250 754 0
251 754 1
253 620 0
253 819 1
620 67 0
620 754 0
620 784 0
819 67 0
819 754 0
254 754 1
255 754 1
256 754 0
258 754 1
285 754 1
261 754 1
262 754 0
264 287 0
264 754 0
287 754 1
265 754 1
265 948 0
266 754 0
267 754 0
270 754 0
271 754 0
272 301 1
272 660 0
301 337 0
301 754 0
660 337 0
273 754 0
275 62 0
275 754 0
276 651 1
276 661 1
651 754 0
651 896 0
661 896 1
278 405 1
278 637 0
405 746 1
637 746 0
637 754 1
279 754 0
280 754 1
284 7 1
284 754 1
286 754 1
289 151 0
289 382 1
289 754 1
382 521 1
382 754 0
293 393 0
295 754 1
296 316 1
296 754 1
297 809 1
809 754 0
299 754 0
300 754 0
302 398 1
302 754 1
398 754 1
303 754 0
304 38 0
304 616 1
304 754 0
616 754 1
305 754 0
306 202 0
306 754 1
307 754 0
308 754 0
309 754 1
310 754 1
311 754 0
312 754 0
313 856 0
313 969 1
856 619 0
856 754 1
969 619 1
314 754 1
315 148 0
315 602 0
315 754 1
602 754 1
602 827 0
317 754 0
319 754 1
320 42 0
320 78 0
320 754 1
321 754 1
322 754 1
324 754 1
325 393 0
327 754 0
328 433 0
328 754 1
328 783 1
433 606 1
783 606 0
783 754 1
330 754 0
331 754 0
332 683 1
332 754 0
334 754 0
335 363 0
335 754 0
363 754 0
338 447 1
340 195 1
340 345 0
340 754 1
345 739 1
344 754 0
347 599 0
347 754 0
599 754 1
349 754 0
350 754 0
351 662 1
351 754 0
352 728 0
353 754 0
355 107 1
355 551 1
355 754 1
551 754 0
551 993 1
356 585 1
356 754 1
585 754 0
357 467 1
357 754 1
467 754 1
358 754 0
359 754 1
361 228 1
361 754 0
362 754 0
365 754 0
366 754 0
367 754 1
368 754 0
369 570 0
369 754 0
369 879 1
570 203 1
570 754 0
879 203 0
879 754 0
867 754 0
371 754 1
372 60 0
372 754 0
374 754 0
375 754 0
376 296 0
376 478 1
376 644 0
376 754 1
478 316 1
644 347 0
644 482 0
644 754 1
377 754 0
378 754 1
379 754 1
380 123 1
380 754 1
381 754 1
385 44 0
385 754 0
385 793 1
793 605 0
793 754 0
386 677 0
386 754 0
677 754 0
387 754 1
387 904 1
904 754 1
388 754 0
388 886 0
886 754 1
389 342 0
389 754 0
391 622 1
391 754 1
392 681 0
392 754 1
396 754 1
401 754 0
402 754 0
403 754 0
403 878 0
878 410 0
878 504 0
878 754 0
404 754 0
746 754 0
407 360 1
407 754 1
409 164 0
409 572 1
409 754 0
572 547 1
572 754 0
410 160 0
410 754 0
411 754 1
413 754 0
416 754 1
417 261 1
417 754 0
418 673 0
418 754 1
419 754 1
420 754 0
421 388 0
421 754 0
421 986 1
986 754 0
986 886 0
422 754 0
423 754 0
423 996 1
424 585 1
424 754 0
428 754 0
429 754 0
430 754 1
431 754 1
606 754 0
434 754 0
435 754 1
436 236 0
437 350 0
437 754 1
438 754 0
439 587 1
439 754 1
587 754 0
440 735 1
441 754 1
442 460 0
442 485 1
442 754 1
460 545 0
460 754 1
485 545 1
485 754 1
443 351 0
443 807 0
807 662 1
807 754 0
444 24 0
444 754 1
445 754 0
448 754 1
449 754 0
451 754 1
452 754 0
453 754 0
454 754 1
455 754 0
457 553 0
457 754 0
458 587 1
461 754 1
463 754 0
464 754 1
465 306 0
465 650 1
465 754 1
650 202 1
466 191 1
466 877 1
877 702 0
877 754 0
468 754 0
471 754 0
472 29 0
472 754 0
473 6 0
473 749 1
473 260 1
473 406 1
473 333 1
473 521 1
473 544 1
473 823 1
473 759 1
473 911 0
749 668 1
749 754 1
475 386 0
475 558 1
558 677 0
558 754 0
476 402 0
476 754 1
480 754 1
481 754 0
482 599 1
482 754 1
484 754 1
487 754 0
491 356 1
491 424 1
491 754 1
493 447 0
493 754 1
495 616 0
495 754 1
496 233 1
496 392 1
496 754 1
498 75 1
498 220 1
498 754 0
499 754 0
501 754 1
502 754 1
503 754 1
504 160 1
505 754 1
507 38 0
507 754 1
508 610 1
508 754 1
610 754 1
509 31 1
509 157 1
509 754 0
509 6 1
509 749 0
509 260 1
509 406 1
509 64 1
509 834 1
510 237 0
510 277 1
512 210 0
512 754 0
513 754 0
514 754 0
515 754 0
517 754 1
520 302 0
520 674 0
674 398 1
674 754 0
523 754 0
524 754 0
527 754 1
527 762 1
762 754 1
528 754 0
529 754 0
530 754 1
531 754 1
532 754 1
533 754 1
535 754 0
536 171 0
536 457 1
536 754 0
537 754 0
538 754 1
539 754 0
541 564 1
541 764 0
564 508 0
564 754 1
764 508 1
764 754 0
543 754 1
544 3 1
544 64 0
544 834 1
544 759 1
544 911 0
544 6 0
544 749 1
544 260 1
544 406 1
548 659 0
548 754 1
548 875 0
659 940 0
875 754 0
875 940 1
550 754 0
555 754 0
556 439 1
556 458 0
556 754 1
559 518 0
560 754 1
562 754 1
563 754 0
566 275 1
566 754 1
566 836 0
836 62 0
836 754 1
567 611 1
567 754 1
567 997 0
611 389 1
611 754 1
997 389 0
997 754 0
568 842 0
568 937 1
842 8 0
937 8 0
571 754 1
574 754 1
575 559 1
575 935 1
935 518 1
576 29 1
576 754 1
577 754 1
578 754 1
579 754 0
580 754 0
582 754 1
583 754 0
584 754 0
588 754 1
591 357 1
591 822 1
822 467 1
593 754 1
594 754 1
595 754 1
596 274 1
597 754 0
600 754 0
601 754 0
603 754 1
604 754 0
607 754 1
608 642 0
608 754 0
608 917 0
642 946 1
917 754 0
917 946 1
613 754 0
615 146 1
615 423 1
615 754 1
617 754 1
618 754 0
784 754 1
626 754 0
628 754 0
629 256 1
629 754 0
631 754 1
632 754 0
635 754 1
636 754 1
639 754 1
640 754 1
641 754 1
641 809 0
946 754 0
643 754 0
645 754 0
646 754 0
647 754 0
648 754 0
649 754 1
652 754 0
654 754 1
654 902 0
902 754 1
655 238 0
655 380 0
655 754 0
656 754 1
657 754 0
658 754 1
664 754 1
665 757 0
665 924 1
924 930 1
669 754 0
671 754 0
672 284 1
672 981 0
981 7 0
981 754 1
676 754 1
678 754 0
679 754 0
682 754 1
777 754 1
684 754 1
685 857 1
685 882 1
857 5 0
857 754 0
882 5 1
882 754 0
686 754 0
687 754 0
689 754 1
690 754 1
692 754 1
695 754 0
697 754 0
698 754 0
701 754 1
704 754 1
705 754 1
706 754 0
707 711 1
707 754 1
711 754 0
709 754 0
710 754 0
712 754 0
714 754 0
716 754 1
719 754 0
720 754 1
722 64 1
722 754 0
722 834 0
722 6 1
722 749 1
722 333 0
722 521 1
834 15 0
723 436 1
723 754 0
723 903 0
903 236 1
903 754 1
727 754 1
729 754 1
730 99 1
730 754 1
731 754 0
734 754 1
737 754 0
738 754 0
742 754 0
744 754 0
745 754 1
747 754 0
750 754 0
751 544 0
751 754 0
751 823 0
751 64 0
751 834 0
751 759 1
751 911 0
751 6 1
751 749 0
751 260 0
751 406 0
823 3 1
823 754 1
752 754 0
753 205 1
753 512 1
753 754 0
755 622 1
758 754 0
760 304 0
760 507 1
760 754 0
761 754 1
765 103 0
765 754 1
766 293 0
766 325 0
766 754 1
767 754 1
768 299 0
768 754 1
769 742 1
769 754 1
770 629 1
770 754 1
770 995 0
995 256 0
995 754 0
771 754 1
772 754 0
773 754 1
774 754 0
775 754 0
776 754 1
778 754 0
785 536 0
785 754 1
789 754 1
791 754 0
792 754 1
794 754 1
795 754 0
796 754 1
797 754 1
801 275 0
801 297 1
801 641 0
801 754 0
803 754 1
804 360 0
804 754 1
805 754 1
808 432 1
808 754 0
810 29 1
810 754 1
811 754 1
813 407 1
813 754 1
813 804 0
815 754 0
817 754 1
818 754 0
820 754 1
824 754 0
825 226 0
825 596 0
825 754 0
830 754 0
831 88 0
831 352 1
832 735 0
832 754 1
833 754 0
837 754 0
839 108 1
839 122 0
839 754 1
840 754 1
843 231 1
843 244 0
845 335 1
845 754 0
846 754 0
847 754 1
848 754 1
849 754 1
850 754 0
851 754 0
853 754 1
855 72 1
855 754 1
855 869 1
869 680 0
869 754 0
858 754 1
860 754 0
861 754 1
862 754 1
863 754 0
864 754 1
866 448 0
866 754 0
868 754 1
870 754 1
871 754 1
872 391 1
872 754 1
872 755 1
873 51 1
873 197 0
883 754 0
884 74 1
884 754 0
884 808 0
885 440 0
885 832 1
887 754 1
892 754 1
894 754 1
895 754 0
897 754 0
898 97 1
898 444 1
899 754 0
901 754 0
906 338 1
906 493 0
907 754 0
909 754 1
912 754 1
913 418 0
913 974 1
974 673 1
914 754 0
916 754 1
920 754 1
926 754 0
928 754 0
929 754 1
932 154 1
932 754 1
933 754 1
936 754 0
938 902 0
941 136 1
941 265 1
941 754 1
943 654 1
943 938 0
947 754 0
949 754 1
951 754 1
952 754 1
956 754 1
959 754 0
960 754 1
962 754 1
965 754 1
966 754 0
967 754 0
968 754 0
971 754 0
973 754 1
975 754 0
976 754 1
977 754 0
979 119 0
979 754 1
982 754 0
985 754 0
991 754 0
992 754 1
994 754 1
999 754 0
