1 275 1
1 2 1
1 210 1
1 467 1
1 558 1
1 481 1
1 153 0
1 551 1
1 99 0
1 388 1
1 133 1
1 61 1
275 394 1
2 275 0
2 1 1
2 76 0
2 210 1
2 551 1
2 153 1
2 481 1
2 467 1
3 275 1
4 99 1
4 275 0
99 275 1
99 540 1
99 153 1
99 61 1
99 2 1
99 210 1
99 133 1
99 467 1
99 481 1
5 153 1
5 275 1
5 467 1
5 481 1
5 99 1
5 388 1
5 1 1
5 551 1
5 61 0
5 76 1
153 275 1
153 99 1
153 388 1
153 133 1
153 61 0
153 2 0
153 210 0
153 1 0
153 382 1
153 467 1
153 481 1
153 76 1
467 275 1
467 362 1
467 481 0
467 153 1
467 133 1
467 2 0
467 210 1
467 1 0
467 382 1
467 99 1
467 388 1
467 551 0
467 558 1
467 76 0
481 275 1
6 275 0
6 529 1
529 238 1
529 260 1
529 275 1
7 49 1
7 140 1
7 314 1
49 275 1
140 85 1
140 160 0
140 275 1
314 275 0
8 275 1
8 588 1
588 275 1
9 243 1
9 275 1
243 275 1
243 315 1
10 275 1
11 275 1
12 275 0
13 275 0
14 274 1
14 275 1
274 275 0
15 232 1
15 275 1
232 275 0
232 387 1
232 503 0
16 62 0
62 275 1
62 531 1
17 275 1
19 275 1
19 449 1
19 598 1
449 104 1
449 275 1
449 383 1
598 173 1
598 275 1
21 275 0
23 37 1
23 176 0
23 558 0
37 275 1
176 275 1
176 289 1
176 535 1
558 275 1
24 275 1
25 209 1
25 275 1
209 275 1
27 275 1
28 275 1
28 281 1
28 455 1
281 195 0
455 195 1
455 275 1
29 275 0
30 11 1
30 120 1
30 214 1
30 275 1
120 275 1
214 111 0
214 201 1
214 275 1
31 62 1
31 275 1
32 275 1
34 275 0
36 275 0
36 517 1
36 556 1
517 275 1
556 4 1
556 275 1
38 115 1
38 275 1
38 308 1
38 561 1
115 275 1
115 278 1
308 275 0
561 275 1
39 275 1
40 159 1
40 275 1
159 275 1
159 452 0
159 489 1
41 275 1
41 480 0
480 275 1
42 275 1
43 275 0
43 307 1
43 360 1
43 509 1
307 275 1
360 275 1
360 431 1
360 433 1
360 488 1
509 275 1
44 275 0
45 275 1
48 275 1
48 313 1
313 275 0
51 147 0
51 275 1
51 450 1
147 34 1
147 275 1
147 299 1
450 275 0
450 442 1
450 505 1
52 275 1
52 544 1
544 275 1
54 10 1
54 275 1
55 275 1
56 275 0
57 2 1
57 275 1
58 275 1
58 494 1
494 275 1
59 206 0
59 275 1
59 368 1
59 508 1
59 545 0
206 275 1
368 275 1
508 275 1
545 160 1
545 275 1
60 274 1
60 275 1
61 190 0
61 275 1
61 446 1
190 275 1
446 275 1
531 275 0
64 275 1
65 275 1
66 275 1
67 275 1
68 275 1
69 275 1
70 255 1
70 275 1
255 275 1
71 275 1
71 566 1
566 275 1
72 270 1
72 275 1
72 537 1
270 275 1
270 538 1
537 201 1
537 275 1
537 433 1
73 95 1
73 162 1
73 275 1
95 225 1
95 275 0
162 173 1
162 225 1
162 275 0
74 275 0
74 311 1
311 275 0
76 275 1
78 275 1
79 275 1
79 290 1
79 509 1
290 275 1
290 278 1
80 185 1
80 211 1
80 275 1
185 70 1
185 275 0
185 348 1
185 558 0
211 275 1
81 275 1
82 61 1
82 133 1
82 153 1
82 275 1
82 99 1
82 388 1
82 2 1
82 210 0
82 1 1
82 382 0
82 467 1
82 481 0
133 275 1
133 309 1
133 473 1
83 157 1
83 211 0
83 275 0
157 85 1
157 275 0
84 31 1
84 275 1
85 275 1
85 420 1
85 598 1
420 275 1
86 71 1
86 155 1
86 261 0
86 275 0
155 275 1
155 543 1
261 275 0
87 34 1
87 144 1
87 275 1
87 560 1
144 32 1
144 140 1
144 275 1
144 335 0
560 180 1
560 275 1
560 484 1
560 578 1
88 275 1
90 81 1
90 275 1
90 427 1
427 275 1
91 58 1
91 85 0
91 275 1
92 275 1
93 275 0
94 275 1
94 558 1
225 275 1
96 275 1
97 275 1
98 2 1
98 275 1
98 408 1
408 159 1
408 322 0
408 446 1
540 275 1
100 52 1
100 275 1
101 275 1
101 293 1
293 70 1
293 148 1
293 158 1
293 304 1
293 533 1
102 156 1
102 169 1
102 204 1
102 275 1
102 433 0
156 275 0
169 275 1
204 190 1
204 275 1
433 275 1
433 278 0
103 275 1
103 467 1
103 558 1
103 481 1
103 153 1
103 133 1
103 2 1
103 210 0
103 1 1
103 382 1
103 76 1
103 551 1
104 275 1
104 323 1
104 370 1
323 275 1
323 384 1
370 52 1
370 275 0
105 82 1
105 275 1
106 207 1
106 274 1
106 275 1
207 81 1
207 170 0
207 545 1
107 275 1
107 409 1
409 275 1
409 316 1
108 113 1
108 275 1
108 473 1
113 275 1
473 205 1
473 275 1
473 299 1
109 28 1
109 134 1
109 162 1
109 275 1
134 190 1
134 275 1
110 152 1
110 275 1
152 275 1
152 529 1
111 275 1
112 275 0
112 540 1
114 275 0
114 517 1
278 275 1
116 275 1
116 325 0
325 275 1
117 57 0
117 126 1
117 216 1
126 275 1
126 589 1
216 275 1
118 275 1
118 557 0
557 275 1
557 498 0
119 110 1
121 275 1
122 275 1
123 275 0
123 598 0
124 275 1
124 284 1
284 275 1
125 123 1
125 275 1
125 330 0
330 275 1
330 365 1
330 524 1
589 236 1
589 275 1
127 245 0
127 275 1
127 441 1
245 275 1
245 309 1
441 275 1
128 10 1
128 275 1
128 353 1
128 538 1
353 39 1
353 275 0
538 114 1
538 275 1
538 319 0
130 275 1
130 283 1
283 275 0
131 275 1
132 275 1
132 362 0
132 365 1
362 171 1
362 223 0
362 275 1
362 279 1
365 275 1
365 276 1
309 275 0
136 133 1
136 275 1
136 488 0
136 494 0
488 275 0
137 275 0
138 275 1
139 275 1
160 275 1
141 275 1
141 314 1
141 384 1
384 275 0
142 140 0
142 275 1
143 169 1
143 275 0
335 85 1
335 275 1
145 275 1
146 275 0
299 110 1
299 275 1
148 275 1
149 275 1
150 275 1
150 409 1
543 81 0
543 275 1
543 515 0
158 185 0
158 275 1
158 390 0
390 147 1
390 228 1
390 275 1
390 537 1
452 545 1
489 275 1
489 545 1
161 66 1
161 234 1
161 243 0
161 455 1
234 13 1
234 207 1
234 275 1
234 427 1
173 233 1
173 275 1
173 360 0
163 275 1
164 275 1
165 275 1
165 312 1
165 441 1
165 549 1
312 275 0
549 207 1
549 275 0
166 159 1
166 275 0
167 180 1
167 275 1
180 275 1
180 414 1
168 188 0
168 275 1
168 502 1
188 259 1
188 275 0
502 275 0
170 166 1
170 275 1
170 508 1
171 188 0
171 275 1
172 59 1
172 126 1
172 275 1
172 578 0
578 94 1
578 275 1
578 459 1
578 508 1
578 529 1
233 126 0
233 275 1
233 431 1
174 275 1
174 446 0
175 275 1
289 275 1
535 275 1
178 159 1
178 275 1
178 312 1
178 465 1
414 275 1
181 159 1
181 275 1
181 355 1
355 139 1
355 275 1
182 275 1
182 348 1
182 535 1
348 130 1
348 133 1
348 150 1
348 207 0
183 275 0
183 488 1
184 275 1
184 592 1
592 275 1
186 275 0
186 325 1
186 503 1
503 275 1
187 275 1
259 49 1
259 275 1
259 394 1
259 531 0
189 275 0
191 275 1
191 299 1
192 275 1
195 246 1
195 275 1
195 400 1
246 236 1
246 275 1
246 529 1
246 544 1
400 86 0
400 275 1
196 275 1
196 533 1
533 100 0
533 275 1
197 93 1
197 275 1
197 598 1
198 137 1
198 255 1
198 275 1
199 159 1
199 289 1
199 556 1
200 156 0
200 275 1
200 381 1
200 571 1
381 309 1
571 275 1
571 309 1
571 313 1
201 275 1
202 36 1
202 148 1
202 275 0
203 83 1
203 205 0
203 275 0
205 49 1
205 275 1
205 573 0
573 34 1
573 275 1
208 275 1
208 540 1
210 254 1
210 275 1
210 355 1
254 275 1
212 143 1
212 185 1
212 275 0
212 476 1
476 275 1
213 118 1
213 275 1
213 319 1
213 539 1
319 275 1
539 275 1
215 275 1
215 487 1
487 37 1
487 275 0
487 494 0
217 275 0
218 275 1
219 275 1
219 517 1
220 111 0
220 255 1
220 275 1
221 275 1
223 1 0
223 23 1
223 76 1
223 382 1
223 551 1
223 2 1
223 210 1
223 467 1
223 558 1
223 481 1
223 153 1
223 99 0
223 388 1
223 133 1
223 61 1
382 275 1
382 424 1
551 275 1
551 582 1
224 275 0
226 459 1
459 138 1
459 217 1
459 275 0
227 275 1
228 219 1
228 275 1
231 275 0
387 275 1
387 540 1
431 275 1
431 544 1
235 187 1
235 196 1
235 505 0
235 517 1
505 216 1
505 275 1
236 275 1
237 10 1
237 275 1
237 433 1
238 275 1
239 275 1
241 156 1
241 275 0
242 348 1
315 275 1
244 476 1
247 274 1
247 275 1
248 275 0
250 275 0
251 275 1
251 564 1
564 275 1
253 275 0
253 330 0
256 275 1
257 82 1
257 119 1
257 275 1
257 299 1
257 474 0
257 582 1
474 159 1
474 243 1
474 275 1
474 543 0
582 275 1
258 213 1
258 275 1
258 411 0
411 118 1
411 207 1
411 275 1
411 362 1
260 275 1
262 211 1
262 275 1
264 275 1
264 305 1
305 275 1
265 261 1
265 275 0
265 460 1
460 32 1
460 99 1
460 275 1
460 576 1
266 275 0
267 275 0
267 585 1
585 217 1
585 275 1
585 432 1
268 212 1
268 244 0
268 275 1
269 275 1
272 115 1
272 275 1
272 463 1
463 122 1
463 275 1
463 410 1
463 428 1
273 213 0
273 275 1
273 287 1
287 275 0
287 315 1
276 275 1
277 275 1
277 536 1
536 275 1
279 100 0
279 365 1
279 382 1
279 504 1
279 536 1
504 173 1
504 275 1
280 160 1
280 275 0
282 275 0
285 259 1
285 275 0
291 207 0
291 275 1
292 275 1
292 498 1
498 275 1
498 459 1
304 15 1
304 56 1
304 275 0
304 307 1
295 275 1
295 350 0
295 375 0
350 275 1
375 275 1
297 140 1
297 517 1
297 531 1
297 581 1
581 275 1
300 275 1
300 371 1
300 545 0
371 275 1
371 316 1
301 275 0
301 362 1
302 13 1
302 275 1
303 160 1
303 275 1
306 275 1
310 275 1
316 275 1
317 275 1
321 275 1
322 275 0
324 225 0
324 275 1
324 322 1
326 14 0
326 217 1
326 472 1
472 275 1
472 441 1
328 275 1
524 275 1
524 531 1
332 275 0
332 500 1
500 275 1
500 531 1
333 275 1
333 531 1
334 275 0
334 311 0
334 492 1
492 16 1
492 31 1
492 76 1
492 275 1
336 275 1
336 387 1
337 275 1
337 530 1
530 274 0
530 275 0
530 362 1
530 404 0
341 270 1
341 275 0
342 275 1
344 270 1
344 275 0
344 277 1
344 293 0
346 73 1
346 275 1
346 558 1
347 275 1
347 453 1
453 14 0
453 275 1
453 378 1
349 187 1
349 275 0
351 275 1
352 275 1
354 275 1
356 232 1
356 275 1
356 424 1
424 275 0
357 103 1
357 275 1
357 278 1
358 275 1
358 361 1
358 514 1
358 524 1
361 197 1
361 275 1
514 275 1
359 241 1
359 275 1
364 275 1
367 225 1
367 275 0
367 494 1
369 113 0
369 275 1
372 160 1
372 275 1
372 299 1
372 367 1
373 12 0
373 255 1
373 275 1
374 156 1
374 205 1
374 275 0
374 556 1
376 275 0
377 61 1
377 275 1
377 334 1
377 388 1
388 81 1
388 192 1
388 275 1
388 446 1
378 275 1
380 275 1
380 430 1
430 275 1
383 275 1
383 370 1
385 275 1
389 59 1
389 275 1
391 275 1
392 275 1
392 513 0
392 564 1
513 275 1
393 275 1
395 62 1
395 275 1
395 420 0
396 275 1
398 275 1
398 276 1
399 115 1
399 275 1
401 275 1
401 420 1
402 226 1
402 498 1
403 275 0
404 275 1
406 275 1
407 275 1
407 312 1
410 99 1
410 181 1
410 275 1
410 388 1
410 153 1
410 61 1
410 2 1
410 210 1
410 133 1
410 467 0
410 481 1
412 27 0
412 275 1
412 416 1
412 581 1
416 275 1
416 573 1
413 275 0
415 102 1
415 207 1
415 241 1
415 275 0
415 409 1
417 139 0
417 275 1
418 44 1
418 219 1
418 275 1
422 231 1
422 275 1
422 393 1
422 480 0
423 40 1
423 275 1
425 275 1
426 142 1
426 275 1
426 549 0
428 148 1
428 275 0
428 319 1
429 189 1
429 275 1
432 275 1
434 275 0
435 275 0
436 139 1
436 275 1
438 113 1
438 275 1
439 275 0
440 56 1
440 232 0
440 275 1
440 540 1
442 275 1
443 236 1
443 275 1
445 118 0
445 137 0
445 275 1
445 310 1
447 197 1
447 511 1
511 25 0
511 93 1
511 275 1
454 178 0
454 577 1
577 236 1
577 275 1
577 465 1
456 7 1
456 97 1
456 182 1
456 242 1
456 275 1
457 275 1
457 311 1
458 275 1
576 275 1
576 540 1
462 275 1
462 314 1
462 545 1
464 23 0
464 189 1
464 275 1
464 489 1
466 275 0
466 589 0
468 275 1
469 275 1
469 415 1
471 145 1
471 275 1
471 388 1
478 147 0
478 275 1
479 275 0
479 293 1
479 532 0
532 275 1
532 304 1
482 232 1
482 275 1
483 275 1
483 316 1
484 275 0
484 457 1
485 17 1
485 275 1
485 315 1
486 275 0
490 275 1
490 430 1
491 92 1
491 275 0
493 2 1
493 210 0
493 275 1
493 1 1
493 76 0
493 551 1
493 153 0
493 481 0
493 467 1
495 49 0
495 275 0
496 275 1
497 269 1
497 275 1
497 307 1
497 368 0
499 217 1
499 275 0
499 558 1
501 275 1
501 336 0
501 352 1
506 275 1
506 351 1
506 387 1
506 549 1
507 90 0
507 254 1
507 275 1
507 361 1
510 275 1
510 388 1
510 404 1
515 216 1
515 275 1
519 88 1
519 275 0
521 108 1
521 133 0
523 275 1
523 348 1
525 82 1
525 275 1
528 275 1
528 413 0
528 579 1
579 211 1
579 275 1
534 171 1
534 275 1
534 545 1
541 275 1
541 410 1
541 510 1
547 275 1
548 66 0
548 275 1
548 406 1
550 275 1
554 275 1
555 275 1
559 81 1
559 91 0
559 275 1
562 275 1
563 275 0
563 430 1
565 275 1
565 498 1
567 275 1
567 458 1
568 275 0
568 449 1
569 201 1
569 275 1
570 275 1
570 407 1
572 275 1
572 413 1
574 275 0
575 145 1
575 275 1
575 314 1
575 479 1
580 275 1
580 473 1
580 545 1
580 575 1
583 44 1
583 275 1
583 479 1
584 170 1
584 275 1
584 307 1
586 158 1
586 275 1
587 8 0
587 197 1
587 275 1
587 382 1
590 93 1
590 275 1
590 408 1
594 158 1
594 275 0
594 321 0
595 245 1
595 275 0
596 275 1
596 359 1
597 275 1
