0 2 1
0 550 1
2 265 1
550 2 0
550 228 1
265 2 0
265 364 1
265 478 1
265 204 1
265 769 1
265 319 1
265 473 1
265 3 1
265 688 1
265 75 1
265 796 1
265 234 1
3 2 1
3 75 0
3 796 1
3 488 0
3 204 1
3 234 1
3 688 1
3 769 1
3 364 0
3 478 0
75 2 1
75 234 1
75 769 1
75 3 0
75 688 1
75 204 1
75 796 1
75 488 1
796 2 1
796 364 1
796 478 1
796 488 1
796 3 1
796 688 1
796 204 1
796 769 1
5 2 1
5 204 1
5 234 1
5 769 1
5 3 0
5 688 0
5 364 0
5 478 1
5 75 1
5 796 1
5 265 1
5 117 1
5 488 1
5 319 1
5 473 1
204 2 1
204 319 1
204 473 1
204 3 1
204 688 1
204 265 1
204 117 1
204 75 0
204 796 1
204 488 0
204 234 1
204 769 1
204 364 1
204 478 1
234 2 1
234 769 1
234 3 1
234 688 1
234 364 1
234 478 1
234 204 1
234 75 0
234 796 1
234 319 1
234 473 1
234 265 1
234 117 1
769 2 1
769 319 1
769 615 1
6 2 1
6 278 1
6 366 1
278 2 1
366 2 1
366 396 1
7 2 1
8 2 1
8 179 0
179 2 1
179 499 1
9 2 1
9 590 1
9 640 1
590 2 1
590 727 0
640 2 1
640 38 1
10 2 1
12 2 0
12 437 0
437 2 1
13 2 0
13 611 1
611 2 1
14 2 1
15 2 1
15 161 0
15 270 1
161 2 0
270 2 1
270 180 1
270 600 1
16 2 0
17 2 1
18 2 1
18 362 0
362 2 1
19 2 1
20 2 1
21 2 1
23 2 1
24 2 1
25 2 0
25 297 1
25 300 1
297 2 1
300 2 1
27 2 1
27 332 0
332 2 1
28 2 1
28 122 0
122 2 1
29 2 1
30 2 1
31 2 1
32 2 1
33 2 1
34 2 1
34 724 1
724 2 1
724 177 1
35 2 1
36 2 1
36 642 1
642 2 1
38 2 1
39 2 1
39 24 1
39 192 1
39 226 1
192 2 1
226 2 0
40 2 1
41 2 1
41 154 1
154 2 0
44 2 1
45 2 1
45 169 1
45 742 1
169 2 1
169 222 1
169 668 1
742 2 0
742 222 1
46 2 1
46 167 1
46 746 1
167 2 1
746 2 1
746 58 0
746 250 0
48 2 1
48 758 1
758 2 0
758 613 0
49 2 1
49 680 1
680 2 1
50 2 1
50 346 1
346 2 0
51 2 1
51 38 1
51 251 1
251 2 0
55 2 1
56 112 0
56 220 1
112 2 1
112 55 1
220 2 1
220 55 1
57 2 0
58 2 1
59 2 1
59 557 0
59 586 1
557 2 1
586 2 1
586 70 1
60 2 1
60 363 1
60 636 1
363 2 1
636 2 1
636 238 1
636 420 1
636 678 1
61 2 1
62 2 1
62 600 1
600 2 1
600 661 1
63 2 1
63 51 1
63 81 1
81 2 1
65 2 1
65 707 1
707 2 1
707 257 1
707 669 1
66 536 0
536 2 1
536 557 1
67 2 0
67 329 1
329 2 0
68 2 1
69 2 0
69 748 1
748 2 0
748 140 1
748 278 1
70 2 0
73 2 1
74 2 1
76 2 0
77 2 1
77 69 0
77 127 1
127 2 1
79 2 1
80 2 1
80 531 1
531 2 1
531 481 1
82 2 1
83 342 0
83 646 1
342 2 0
342 647 1
646 647 1
84 2 0
84 173 0
84 328 1
173 2 1
173 469 1
173 488 1
173 724 1
328 2 0
85 2 1
85 40 0
86 2 1
86 362 1
87 2 0
87 796 1
88 2 0
89 2 1
89 6 1
90 2 1
92 2 0
92 557 1
93 2 1
94 2 1
95 2 1
96 2 1
97 2 1
99 2 1
100 2 1
100 20 1
101 2 1
101 45 1
101 232 1
232 2 1
232 308 1
232 406 1
102 2 1
102 122 1
103 2 1
103 34 1
104 2 1
105 2 1
105 9 1
105 92 1
105 327 1
327 2 1
327 640 1
106 2 1
106 661 1
661 2 1
107 2 1
108 2 1
110 2 0
111 2 1
111 594 1
594 2 1
113 2 1
113 106 1
113 355 1
113 600 1
355 2 1
355 668 1
114 2 1
114 212 1
212 2 1
212 216 1
212 309 1
115 2 0
115 79 1
116 2 1
116 747 1
747 2 1
117 2 1
117 346 1
118 2 1
119 2 1
120 2 1
120 731 1
731 2 1
121 2 0
121 221 1
121 325 1
121 487 1
221 469 1
325 2 1
325 469 1
487 2 1
487 150 0
123 2 0
123 94 1
123 270 1
123 369 1
369 2 1
369 355 1
124 2 1
124 128 0
128 2 1
125 2 1
125 210 0
125 551 0
210 2 1
551 2 1
551 31 1
551 478 1
126 299 1
126 361 1
126 515 1
126 728 1
299 2 1
299 372 1
361 2 1
515 2 1
515 719 1
728 2 1
728 237 1
129 2 0
129 616 1
616 2 1
131 2 1
132 2 1
133 2 1
134 2 1
135 2 1
137 2 1
138 2 1
138 756 1
756 2 1
756 122 1
139 2 1
139 212 1
140 2 1
141 2 0
141 79 1
142 2 1
142 79 1
142 127 1
142 137 1
143 2 0
143 557 1
144 2 0
144 191 1
191 2 0
145 2 1
146 2 1
147 2 1
148 2 1
148 383 1
148 557 1
383 2 0
149 2 1
149 421 1
149 746 1
421 2 1
421 58 0
150 2 0
151 2 1
151 385 1
151 667 1
385 2 0
667 2 1
152 2 1
152 508 1
508 2 1
508 236 1
508 593 0
153 2 1
153 264 0
153 613 1
264 2 1
613 2 0
613 174 0
613 600 0
155 2 1
155 228 1
228 2 0
228 282 1
156 2 1
157 2 1
157 20 1
157 736 1
736 2 1
158 2 1
159 2 1
160 2 1
162 2 1
163 695 1
695 2 1
695 681 1
164 2 1
165 2 1
165 374 1
374 2 1
168 2 1
168 16 1
668 2 1
170 2 1
171 2 1
171 357 1
357 2 1
357 406 1
469 2 1
469 741 1
488 2 1
174 2 1
174 488 1
175 2 0
177 2 1
177 617 1
617 2 1
617 270 1
499 2 1
499 33 1
180 2 1
180 489 1
180 795 1
489 2 1
795 2 1
795 778 1
181 2 1
181 529 0
529 2 1
529 213 1
182 2 1
183 2 0
183 45 1
183 428 0
428 2 1
428 267 1
184 2 1
184 467 1
184 668 1
467 2 0
186 2 0
186 247 1
247 2 1
187 2 0
187 209 0
187 553 0
209 2 1
209 778 1
553 2 1
189 2 1
189 450 1
450 2 1
190 2 1
190 368 1
190 584 1
368 2 0
584 2 1
193 2 0
194 2 1
194 220 0
194 470 1
470 2 1
470 15 1
470 617 1
195 2 1
197 2 1
199 2 1
200 2 1
202 2 0
203 2 1
203 247 1
319 2 1
319 559 0
319 764 1
319 265 0
319 117 1
319 364 1
319 478 0
319 234 1
319 769 1
319 473 1
473 2 1
473 600 1
207 2 1
208 305 1
305 2 1
305 397 0
778 2 1
778 213 1
216 2 1
216 190 1
216 529 1
216 702 1
309 702 0
213 2 1
214 2 0
214 325 1
214 687 1
214 725 0
687 2 1
725 2 1
215 2 1
702 2 1
702 595 1
217 2 1
219 2 1
219 113 1
223 2 1
224 2 0
225 2 0
227 2 1
227 157 0
282 2 1
282 642 1
229 2 0
229 536 1
230 2 1
308 2 1
406 2 1
233 2 1
233 191 1
235 2 1
236 2 1
236 79 1
237 2 1
238 2 1
238 728 1
239 2 1
239 697 1
697 2 1
697 410 1
697 643 1
240 2 1
240 30 0
241 2 1
242 2 1
243 2 1
243 483 0
483 2 1
244 2 0
244 186 0
244 400 1
244 612 1
244 676 1
400 2 1
612 709 1
676 2 1
676 277 0
676 366 1
676 709 1
245 2 1
245 436 1
245 503 1
436 2 1
503 2 1
248 2 1
249 2 1
250 2 1
252 2 0
253 2 0
253 756 1
254 2 1
254 8 1
254 397 1
397 2 1
397 84 1
397 471 1
397 583 0
255 2 0
257 2 1
258 2 1
258 474 1
258 731 1
474 2 1
474 559 1
261 2 1
261 364 1
261 532 1
364 2 1
364 386 1
364 499 1
364 204 1
364 769 0
364 319 0
364 473 1
364 75 0
364 796 1
532 2 0
262 2 0
262 755 1
755 2 1
755 737 1
478 2 1
267 2 1
267 553 1
268 2 1
268 257 1
269 2 1
269 476 1
476 2 1
476 275 1
476 320 1
271 2 1
271 376 1
271 478 1
376 2 1
272 2 0
272 118 0
273 2 1
273 437 0
273 538 0
273 734 0
538 2 1
734 2 1
734 669 1
274 2 0
275 2 1
275 24 0
276 2 1
276 174 0
276 490 0
490 2 0
277 2 1
277 81 1
280 2 1
280 179 0
280 604 1
604 2 0
604 300 0
604 338 1
281 2 1
281 666 1
666 2 0
666 499 1
283 2 1
283 331 1
331 2 1
284 2 0
284 207 1
285 2 1
287 2 1
288 2 1
288 742 1
289 2 1
290 2 0
291 2 1
291 264 1
291 551 1
292 2 1
293 2 1
293 423 1
423 2 1
423 418 1
294 2 1
294 133 1
294 292 1
294 310 1
310 2 0
310 428 0
295 214 1
296 2 1
296 144 1
298 2 1
298 163 1
298 300 1
298 513 1
513 695 1
372 2 1
301 2 1
302 2 1
303 2 1
303 81 1
304 2 1
304 243 0
306 2 1
306 50 1
311 2 1
312 2 0
312 94 1
312 478 1
313 2 1
313 227 1
314 2 0
315 2 1
317 2 1
318 2 1
559 2 1
764 2 1
764 229 0
320 2 1
320 15 1
321 2 0
321 262 1
322 2 1
324 2 1
324 50 1
324 117 1
324 347 1
324 377 1
324 610 1
347 2 1
347 229 1
377 2 1
610 2 0
610 6 1
326 2 1
330 2 1
333 2 1
333 267 1
333 321 0
333 746 1
334 2 1
334 8 1
335 2 1
335 94 0
335 407 1
407 2 0
336 2 1
336 144 1
337 2 1
337 212 1
337 766 1
766 2 1
338 2 1
338 385 1
338 744 1
338 795 0
744 2 1
339 2 1
339 102 1
341 2 1
341 531 1
344 2 0
344 114 1
344 232 1
345 2 1
348 2 0
348 175 1
348 312 0
349 2 1
349 92 1
349 290 0
350 2 1
350 114 0
350 525 1
350 715 1
525 2 1
525 509 1
715 2 1
715 677 0
351 2 1
353 2 1
353 272 0
360 2 1
386 2 1
386 33 1
386 602 1
365 2 0
396 2 1
396 731 1
396 764 1
370 2 1
371 2 1
373 2 1
378 2 1
378 227 1
378 421 1
379 2 1
380 2 1
380 520 1
520 2 1
520 38 1
520 526 1
520 799 1
381 2 1
381 252 1
381 372 1
384 2 1
384 44 1
602 2 1
388 2 1
389 2 1
390 2 1
390 128 1
390 299 1
391 16 0
392 2 1
392 97 1
392 152 1
392 690 1
690 508 1
393 2 1
393 272 1
394 2 1
394 795 1
471 2 1
583 2 1
583 173 1
398 2 1
398 170 1
399 2 0
401 2 1
401 9 1
403 2 1
403 229 1
403 768 1
768 2 1
404 2 1
404 304 1
404 465 1
465 2 1
408 2 1
408 14 0
408 55 1
408 318 1
409 2 1
409 665 1
665 2 1
665 559 1
410 2 1
410 329 1
411 2 1
412 2 0
414 432 0
414 610 1
432 6 1
415 2 1
416 2 0
419 2 0
419 492 1
492 2 1
420 2 1
422 2 1
425 2 1
425 561 1
561 2 1
426 391 1
426 717 0
717 2 1
717 16 1
717 360 1
427 2 1
430 2 1
431 2 1
431 557 1
433 2 1
434 2 1
434 372 1
435 2 1
435 157 1
435 290 0
438 2 0
439 2 0
439 140 1
439 588 1
588 2 0
440 2 1
440 229 1
441 2 1
443 2 1
443 15 1
444 2 0
444 140 1
446 2 1
446 61 1
447 2 1
447 557 0
448 2 1
448 257 0
449 2 1
449 241 1
451 2 1
452 2 0
452 321 1
452 437 0
452 488 1
453 2 1
453 252 1
454 2 1
455 2 0
457 2 1
457 379 1
458 2 1
459 2 0
460 2 1
461 2 1
462 2 1
464 2 1
464 423 0
464 743 1
743 2 0
466 2 1
466 643 1
643 132 1
643 253 0
643 329 1
643 422 1
643 433 1
468 2 1
468 3 1
468 688 1
468 796 1
468 488 1
468 204 1
468 234 1
468 75 1
468 364 1
468 478 1
468 769 1
688 2 1
688 488 1
688 796 1
688 364 1
688 478 0
688 3 1
688 204 1
688 769 1
741 2 0
475 272 1
479 2 1
480 2 1
481 2 1
482 2 1
484 2 1
484 475 1
484 576 1
576 272 1
485 2 1
486 2 1
491 2 1
491 604 1
493 2 1
493 21 1
496 2 0
496 661 0
496 761 1
761 2 1
497 2 1
497 8 1
498 2 1
498 138 1
498 737 1
737 2 1
500 2 1
500 85 1
500 703 0
703 2 1
703 557 0
502 2 1
502 381 1
502 450 1
504 2 0
504 374 1
505 2 1
505 135 1
593 2 1
593 20 1
509 2 1
509 267 1
511 2 1
511 288 1
511 501 1
512 2 1
514 2 1
514 482 1
514 599 1
599 2 1
599 752 1
719 2 1
516 2 1
516 667 0
517 2 1
517 695 0
526 2 1
526 48 0
526 483 0
799 2 1
799 48 0
521 305 0
521 360 1
521 523 1
523 2 1
522 2 0
522 556 1
556 2 1
524 2 0
527 2 1
527 275 1
527 673 0
673 2 1
673 132 1
528 2 1
530 2 1
530 755 0
533 2 1
533 333 0
533 452 0
533 591 1
591 2 0
534 2 1
535 418 1
537 2 1
539 2 1
540 2 1
540 267 0
540 372 1
541 2 1
542 2 1
542 15 1
542 138 1
542 253 1
544 2 1
545 2 1
546 2 1
547 2 1
547 561 1
549 2 1
549 315 1
549 636 0
554 2 1
554 40 1
554 590 0
555 2 1
555 34 0
555 208 1
555 621 0
555 728 1
621 2 1
621 305 1
621 533 1
558 2 0
558 155 1
558 550 1
560 2 1
560 257 1
560 669 1
669 2 1
562 2 0
563 2 0
564 2 1
564 376 1
565 2 1
565 736 0
566 2 0
567 2 1
568 2 1
570 2 1
571 2 1
571 32 1
572 2 1
572 634 1
572 676 1
634 2 1
634 384 1
575 2 1
577 2 1
577 38 1
577 342 1
578 2 1
579 2 0
580 2 1
580 694 1
694 2 1
694 490 1
581 2 1
581 145 1
581 411 1
582 2 1
582 97 1
582 213 1
582 748 1
585 2 0
589 2 1
589 312 1
589 795 1
727 2 1
592 2 1
595 2 1
595 134 1
596 2 0
596 639 1
639 2 1
639 699 1
597 2 1
597 236 1
597 380 1
752 2 1
752 381 1
752 434 1
601 2 1
606 2 1
606 127 1
606 236 1
606 516 0
607 2 1
607 21 1
608 2 1
608 433 1
609 2 0
709 2 1
615 2 0
618 2 1
618 434 1
618 795 1
622 2 1
622 294 1
622 489 1
623 2 1
623 147 1
623 295 1
623 648 1
648 2 1
648 214 1
648 257 1
648 713 1
624 2 1
624 126 1
624 434 1
627 2 1
628 2 0
630 2 1
630 118 1
631 2 1
632 2 1
633 2 0
635 2 1
678 728 1
637 2 1
699 2 1
699 664 1
699 765 1
644 2 1
645 2 1
713 2 1
649 2 1
649 247 1
650 2 0
650 726 1
726 2 1
726 236 0
726 668 1
651 28 1
651 533 1
651 730 1
651 771 1
730 2 1
771 2 0
653 613 1
653 691 1
691 174 1
654 2 1
654 255 1
655 2 1
655 511 1
655 708 0
708 2 1
708 501 1
656 2 1
656 32 1
659 2 0
662 2 0
662 394 0
663 2 1
664 2 1
670 2 1
672 2 1
674 2 1
674 447 1
674 515 1
674 628 1
674 762 1
762 719 1
675 2 0
675 10 1
675 117 0
675 265 1
675 204 0
675 769 1
675 3 0
675 688 1
675 234 1
677 2 1
677 586 0
679 2 1
679 773 1
773 2 0
681 2 1
682 2 1
683 2 1
683 81 0
684 2 1
686 2 1
686 680 1
689 2 1
689 588 1
692 2 1
692 516 1
696 2 1
696 400 1
698 2 1
698 675 1
765 2 1
701 2 1
701 342 1
704 141 1
704 236 1
705 2 1
705 114 1
705 544 0
706 2 1
706 592 1
706 731 1
711 2 1
712 2 1
712 274 1
712 509 1
714 2 1
714 217 1
718 2 0
718 76 1
720 2 1
720 101 1
720 117 1
721 2 0
721 423 1
721 535 1
721 781 1
781 2 1
723 2 0
723 66 1
723 229 1
729 2 1
729 531 1
729 654 0
732 2 0
732 88 1
732 160 0
733 2 1
735 2 1
735 116 1
735 229 1
739 2 1
745 2 1
745 243 1
749 2 0
749 137 1
750 2 0
750 341 0
751 2 1
751 584 1
751 781 0
757 2 1
759 2 1
760 2 0
760 561 1
763 2 1
763 7 1
767 2 1
767 578 1
770 2 1
770 55 1
772 2 1
774 2 1
774 217 1
774 747 1
775 2 1
775 225 1
776 2 1
776 583 1
777 2 1
777 114 1
777 474 1
779 2 1
780 2 0
783 2 1
783 627 1
784 2 0
784 86 1
785 2 1
786 2 1
787 2 1
788 2 1
788 561 1
790 2 1
791 2 1
792 2 1
792 486 1
794 2 0
797 2 1
