0 2 0
0 550 0
2 265 0
550 2 0
550 228 0
265 2 0
265 364 0
265 478 1
265 204 0
265 769 1
265 319 1
265 473 0
265 3 0
265 688 0
265 75 0
265 796 0
265 234 0
3 2 0
3 75 0
3 796 0
3 488 0
3 204 0
3 234 0
3 688 0
3 769 0
3 364 0
3 478 0
75 2 0
75 234 0
75 769 0
75 3 0
75 688 0
75 204 0
75 796 0
75 488 0
796 2 0
796 364 0
796 478 1
796 488 0
796 3 0
796 688 0
796 204 0
796 769 0
5 2 0
5 204 0
5 234 0
5 769 0
5 3 0
5 688 0
5 364 0
5 478 0
5 75 0
5 796 0
5 265 0
5 117 0
5 488 0
5 319 0
5 473 1
204 2 0
204 319 0
204 473 0
204 3 1
204 688 0
204 265 1
204 117 0
204 75 0
204 796 1
204 488 0
204 234 0
204 769 0
204 364 0
204 478 0
234 2 0
234 769 0
234 3 0
234 688 0
234 364 0
234 478 1
234 204 0
234 75 0
234 796 0
234 319 0
234 473 0
234 265 1
234 117 0
769 2 0
769 319 0
769 615 1
6 2 0
6 278 0
6 366 0
278 2 0
366 2 0
366 396 0
7 2 0
8 2 0
8 179 0
179 2 0
179 499 0
9 2 1
9 590 0
9 640 0
590 2 0
590 727 0
640 2 1
640 38 0
10 2 1
12 2 0
12 437 0
437 2 0
13 2 0
13 611 0
611 2 0
14 2 0
15 2 0
15 161 0
15 270 0
161 2 0
270 2 0
270 180 0
270 600 0
16 2 0
17 2 0
18 2 1
18 362 0
362 2 0
19 2 0
20 2 0
21 2 0
23 2 1
24 2 0
25 2 0
25 297 1
25 300 1
297 2 1
300 2 0
27 2 1
27 332 0
332 2 1
28 2 0
28 122 0
122 2 1
29 2 1
30 2 0
31 2 1
32 2 0
33 2 0
34 2 0
34 724 1
724 2 0
724 177 0
35 2 0
36 2 1
36 642 0
642 2 0
38 2 0
39 2 1
39 24 0
39 192 0
39 226 0
192 2 0
226 2 1
40 2 1
41 2 0
41 154 0
154 2 0
44 2 0
45 2 0
45 169 0
45 742 0
169 2 0
169 222 0
169 668 0
742 2 0
742 222 0
46 2 0
46 167 0
46 746 1
167 2 0
746 2 0
746 58 0
746 250 1
48 2 0
48 758 1
758 2 0
758 613 0
49 2 0
49 680 0
680 2 1
50 2 0
50 346 1
346 2 0
51 2 0
51 38 0
51 251 1
251 2 0
55 2 0
56 112 1
56 220 1
112 2 1
112 55 0
220 2 0
220 55 0
57 2 0
58 2 1
59 2 0
59 557 0
59 586 1
557 2 0
586 2 0
586 70 0
60 2 0
60 363 0
60 636 1
363 2 0
636 2 0
636 238 0
636 420 1
636 678 0
61 2 0
62 2 1
62 600 0
600 2 0
600 661 0
63 2 0
63 51 1
63 81 0
81 2 0
65 2 1
65 707 0
707 2 0
707 257 0
707 669 0
66 536 0
536 2 0
536 557 0
67 2 0
67 329 0
329 2 1
68 2 1
69 2 0
69 748 0
748 2 1
748 140 0
748 278 0
70 2 0
73 2 1
74 2 0
76 2 0
77 2 0
77 69 0
77 127 0
127 2 0
79 2 0
80 2 0
80 531 0
531 2 0
531 481 0
82 2 0
83 342 0
83 646 1
342 2 0
342 647 1
646 647 0
84 2 0
84 173 1
84 328 1
173 2 0
173 469 0
173 488 0
173 724 1
328 2 0
85 2 0
85 40 1
86 2 0
86 362 1
87 2 0
87 796 0
88 2 0
89 2 0
89 6 0
90 2 0
92 2 1
92 557 0
93 2 0
94 2 0
95 2 0
96 2 0
97 2 1
99 2 0
100 2 0
100 20 0
101 2 0
101 45 0
101 232 0
232 2 0
232 308 0
232 406 1
102 2 0
102 122 1
103 2 0
103 34 0
104 2 0
105 2 0
105 9 0
105 92 0
105 327 0
327 2 0
327 640 1
106 2 1
106 661 1
661 2 0
107 2 0
108 2 0
110 2 0
111 2 0
111 594 0
594 2 1
113 2 1
113 106 0
113 355 0
113 600 0
355 2 1
355 668 0
114 2 0
114 212 0
212 2 0
212 216 0
212 309 0
115 2 1
115 79 0
116 2 0
116 747 0
747 2 0
117 2 1
117 346 0
118 2 1
119 2 0
120 2 0
120 731 0
731 2 0
121 2 0
121 221 1
121 325 0
121 487 1
221 469 0
325 2 0
325 469 0
487 2 0
487 150 0
123 2 0
123 94 0
123 270 0
123 369 0
369 2 1
369 355 1
124 2 0
124 128 1
128 2 0
125 2 0
125 210 0
125 551 1
210 2 0
551 2 1
551 31 1
551 478 0
126 299 0
126 361 0
126 515 0
126 728 0
299 2 0
299 372 0
361 2 1
515 2 0
515 719 0
728 2 0
728 237 0
129 2 0
129 616 0
616 2 1
131 2 0
132 2 0
133 2 0
134 2 1
135 2 0
137 2 0
138 2 0
138 756 1
756 2 0
756 122 0
139 2 0
139 212 0
140 2 0
141 2 0
141 79 1
142 2 0
142 79 0
142 127 0
142 137 1
143 2 0
143 557 0
144 2 0
144 191 0
191 2 0
145 2 1
146 2 0
147 2 1
148 2 1
148 383 0
148 557 0
383 2 0
149 2 0
149 421 0
149 746 0
421 2 0
421 58 1
150 2 0
151 2 0
151 385 0
151 667 1
385 2 0
667 2 0
152 2 0
152 508 0
508 2 0
508 236 0
508 593 0
153 2 0
153 264 0
153 613 0
264 2 0
613 2 0
613 174 0
613 600 0
155 2 1
155 228 0
228 2 1
228 282 0
156 2 0
157 2 0
157 20 0
157 736 0
736 2 0
158 2 0
159 2 0
160 2 0
162 2 0
163 695 0
695 2 0
695 681 0
164 2 0
165 2 0
165 374 0
374 2 0
168 2 0
168 16 0
668 2 0
170 2 0
171 2 0
171 357 0
357 2 0
357 406 0
469 2 0
469 741 0
488 2 0
174 2 0
174 488 0
175 2 1
177 2 0
177 617 0
617 2 0
617 270 0
499 2 0
499 33 0
180 2 0
180 489 0
180 795 0
489 2 0
795 2 0
795 778 0
181 2 0
181 529 0
529 2 1
529 213 0
182 2 0
183 2 1
183 45 0
183 428 0
428 2 1
428 267 1
184 2 0
184 467 0
184 668 0
467 2 0
186 2 0
186 247 0
247 2 1
187 2 0
187 209 0
187 553 0
209 2 0
209 778 0
553 2 0
189 2 0
189 450 0
450 2 0
190 2 0
190 368 0
190 584 1
368 2 0
584 2 0
193 2 1
194 2 1
194 220 0
194 470 1
470 2 0
470 15 0
470 617 0
195 2 1
197 2 0
199 2 0
200 2 0
202 2 1
203 2 0
203 247 0
319 2 0
319 559 0
319 764 0
319 265 0
319 117 0
319 364 0
319 478 1
319 234 0
319 769 0
319 473 0
473 2 0
473 600 0
207 2 0
208 305 0
305 2 0
305 397 0
778 2 0
778 213 1
216 2 0
216 190 0
216 529 0
216 702 0
309 702 0
213 2 0
214 2 0
214 325 0
214 687 0
214 725 1
687 2 0
725 2 0
215 2 1
702 2 0
702 595 0
217 2 0
219 2 1
219 113 0
223 2 0
224 2 0
225 2 0
227 2 0
227 157 0
282 2 0
282 642 0
229 2 0
229 536 0
230 2 1
308 2 0
406 2 0
233 2 0
233 191 0
235 2 0
236 2 0
236 79 0
237 2 0
238 2 0
238 728 1
239 2 0
239 697 0
697 2 0
697 410 0
697 643 0
240 2 0
240 30 1
241 2 1
242 2 0
243 2 0
243 483 0
483 2 0
244 2 0
244 186 0
244 400 1
244 612 1
244 676 1
400 2 1
612 709 0
676 2 0
676 277 0
676 366 0
676 709 0
245 2 0
245 436 0
245 503 0
436 2 0
503 2 0
248 2 1
249 2 0
250 2 0
252 2 1
253 2 0
253 756 0
254 2 1
254 8 0
254 397 0
397 2 0
397 84 0
397 471 0
397 583 0
255 2 0
257 2 0
258 2 0
258 474 1
258 731 1
474 2 1
474 559 0
261 2 0
261 364 0
261 532 0
364 2 0
364 386 0
364 499 0
364 204 0
364 769 0
364 319 1
364 473 0
364 75 0
364 796 0
532 2 1
262 2 1
262 755 0
755 2 0
755 737 0
478 2 1
267 2 0
267 553 0
268 2 0
268 257 0
269 2 1
269 476 1
476 2 0
476 275 0
476 320 0
271 2 0
271 376 0
271 478 0
376 2 0
272 2 0
272 118 0
273 2 0
273 437 0
273 538 1
273 734 0
538 2 0
734 2 1
734 669 0
274 2 0
275 2 0
275 24 0
276 2 0
276 174 0
276 490 1
490 2 0
277 2 0
277 81 0
280 2 1
280 179 0
280 604 0
604 2 0
604 300 0
604 338 0
281 2 0
281 666 0
666 2 0
666 499 0
283 2 0
283 331 0
331 2 0
284 2 0
284 207 0
285 2 0
287 2 1
288 2 1
288 742 0
289 2 0
290 2 0
291 2 0
291 264 0
291 551 0
292 2 1
293 2 0
293 423 0
423 2 1
423 418 0
294 2 0
294 133 0
294 292 1
294 310 0
310 2 0
310 428 0
295 214 0
296 2 0
296 144 0
298 2 0
298 163 1
298 300 0
298 513 0
513 695 0
372 2 0
301 2 0
302 2 0
303 2 0
303 81 0
304 2 0
304 243 1
306 2 0
306 50 0
311 2 0
312 2 1
312 94 0
312 478 1
313 2 0
313 227 0
314 2 0
315 2 1
317 2 0
318 2 0
559 2 1
764 2 0
764 229 0
320 2 1
320 15 1
321 2 0
321 262 0
322 2 1
324 2 0
324 50 0
324 117 0
324 347 0
324 377 0
324 610 0
347 2 0
347 229 0
377 2 0
610 2 0
610 6 0
326 2 1
330 2 0
333 2 0
333 267 0
333 321 1
333 746 0
334 2 0
334 8 0
335 2 0
335 94 0
335 407 1
407 2 1
336 2 0
336 144 1
337 2 0
337 212 0
337 766 0
766 2 0
338 2 0
338 385 0
338 744 0
338 795 0
744 2 0
339 2 0
339 102 0
341 2 0
341 531 0
344 2 0
344 114 0
344 232 1
345 2 0
348 2 0
348 175 1
348 312 0
349 2 0
349 92 0
349 290 0
350 2 1
350 114 0
350 525 0
350 715 0
525 2 0
525 509 0
715 2 0
715 677 0
351 2 0
353 2 0
353 272 0
360 2 0
386 2 0
386 33 0
386 602 0
365 2 0
396 2 0
396 731 0
396 764 0
370 2 1
371 2 0
373 2 1
378 2 0
378 227 0
378 421 0
379 2 0
380 2 1
380 520 0
520 2 1
520 38 0
520 526 0
520 799 0
381 2 0
381 252 0
381 372 0
384 2 1
384 44 0
602 2 0
388 2 0
389 2 1
390 2 0
390 128 0
390 299 0
391 16 0
392 2 0
392 97 1
392 152 0
392 690 0
690 508 0
393 2 0
393 272 0
394 2 0
394 795 0
471 2 0
583 2 0
583 173 1
398 2 0
398 170 0
399 2 0
401 2 1
401 9 0
403 2 0
403 229 0
403 768 1
768 2 0
404 2 1
404 304 0
404 465 0
465 2 0
408 2 0
408 14 0
408 55 1
408 318 0
409 2 0
409 665 0
665 2 0
665 559 1
410 2 0
410 329 0
411 2 0
412 2 0
414 432 0
414 610 0
432 6 1
415 2 0
416 2 0
419 2 0
419 492 0
492 2 0
420 2 0
422 2 0
425 2 0
425 561 0
561 2 0
426 391 0
426 717 0
717 2 0
717 16 1
717 360 0
427 2 0
430 2 1
431 2 1
431 557 0
433 2 1
434 2 0
434 372 1
435 2 0
435 157 0
435 290 0
438 2 0
439 2 0
439 140 0
439 588 0
588 2 0
440 2 0
440 229 1
441 2 0
443 2 0
443 15 1
444 2 0
444 140 0
446 2 0
446 61 1
447 2 0
447 557 0
448 2 1
448 257 0
449 2 0
449 241 0
451 2 0
452 2 0
452 321 1
452 437 0
452 488 0
453 2 0
453 252 1
454 2 0
455 2 0
457 2 0
457 379 1
458 2 0
459 2 0
460 2 1
461 2 0
462 2 0
464 2 0
464 423 0
464 743 0
743 2 1
466 2 0
466 643 0
643 132 0
643 253 0
643 329 0
643 422 0
643 433 0
468 2 1
468 3 0
468 688 1
468 796 1
468 488 0
468 204 0
468 234 0
468 75 0
468 364 0
468 478 0
468 769 1
688 2 1
688 488 0
688 796 0
688 364 0
688 478 0
688 3 0
688 204 0
688 769 0
741 2 1
475 272 0
479 2 0
480 2 1
481 2 0
482 2 0
484 2 0
484 475 0
484 576 0
576 272 1
485 2 1
486 2 0
491 2 0
491 604 0
493 2 0
493 21 1
496 2 0
496 661 0
496 761 0
761 2 1
497 2 0
497 8 0
498 2 0
498 138 0
498 737 0
737 2 0
500 2 1
500 85 0
500 703 0
703 2 0
703 557 0
502 2 0
502 381 0
502 450 0
504 2 1
504 374 0
505 2 0
505 135 0
593 2 0
593 20 0
509 2 0
509 267 0
511 2 0
511 288 0
511 501 0
512 2 0
514 2 1
514 482 0
514 599 1
599 2 1
599 752 0
719 2 1
516 2 0
516 667 0
517 2 0
517 695 0
526 2 0
526 48 0
526 483 0
799 2 0
799 48 0
521 305 0
521 360 0
521 523 0
523 2 0
522 2 0
522 556 1
556 2 0
524 2 1
527 2 1
527 275 0
527 673 0
673 2 0
673 132 0
528 2 0
530 2 0
530 755 0
533 2 0
533 333 0
533 452 0
533 591 0
591 2 0
534 2 0
535 418 1
537 2 0
539 2 0
540 2 0
540 267 0
540 372 0
541 2 0
542 2 1
542 15 0
542 138 0
542 253 0
544 2 0
545 2 0
546 2 0
547 2 0
547 561 0
549 2 1
549 315 0
549 636 0
554 2 0
554 40 0
554 590 0
555 2 0
555 34 0
555 208 0
555 621 0
555 728 0
621 2 0
621 305 0
621 533 1
558 2 0
558 155 1
558 550 1
560 2 0
560 257 0
560 669 1
669 2 0
562 2 0
563 2 0
564 2 0
564 376 0
565 2 0
565 736 0
566 2 0
567 2 0
568 2 0
570 2 0
571 2 0
571 32 1
572 2 0
572 634 0
572 676 0
634 2 0
634 384 0
575 2 0
577 2 0
577 38 1
577 342 1
578 2 0
579 2 0
580 2 0
580 694 0
694 2 0
694 490 0
581 2 0
581 145 0
581 411 0
582 2 0
582 97 0
582 213 1
582 748 0
585 2 0
589 2 0
589 312 0
589 795 0
727 2 0
592 2 0
595 2 0
595 134 1
596 2 0
596 639 0
639 2 1
639 699 0
597 2 0
597 236 0
597 380 0
752 2 1
752 381 0
752 434 0
601 2 0
606 2 0
606 127 0
606 236 0
606 516 0
607 2 1
607 21 0
608 2 1
608 433 0
609 2 0
709 2 0
615 2 1
618 2 0
618 434 0
618 795 1
622 2 0
622 294 1
622 489 0
623 2 0
623 147 0
623 295 0
623 648 0
648 2 0
648 214 0
648 257 0
648 713 0
624 2 0
624 126 0
624 434 0
627 2 0
628 2 0
630 2 0
630 118 0
631 2 0
632 2 0
633 2 0
635 2 0
678 728 1
637 2 0
699 2 0
699 664 0
699 765 0
644 2 0
645 2 0
713 2 0
649 2 0
649 247 0
650 2 0
650 726 0
726 2 0
726 236 0
726 668 0
651 28 1
651 533 0
651 730 0
651 771 0
730 2 0
771 2 0
653 613 0
653 691 0
691 174 0
654 2 1
654 255 0
655 2 0
655 511 0
655 708 0
708 2 0
708 501 0
656 2 0
656 32 0
659 2 0
662 2 0
662 394 0
663 2 0
664 2 0
670 2 0
672 2 0
674 2 0
674 447 0
674 515 0
674 628 0
674 762 0
762 719 1
675 2 0
675 10 1
675 117 0
675 265 0
675 204 0
675 769 0
675 3 1
675 688 0
675 234 0
677 2 0
677 586 0
679 2 1
679 773 0
773 2 0
681 2 0
682 2 0
683 2 0
683 81 0
684 2 0
686 2 0
686 680 0
689 2 0
689 588 0
692 2 0
692 516 0
696 2 0
696 400 1
698 2 0
698 675 0
765 2 0
701 2 0
701 342 0
704 141 0
704 236 0
705 2 0
705 114 0
705 544 0
706 2 0
706 592 1
706 731 1
711 2 0
712 2 0
712 274 0
712 509 0
714 2 0
714 217 0
718 2 0
718 76 0
720 2 0
720 101 0
720 117 0
721 2 0
721 423 0
721 535 0
721 781 0
781 2 0
723 2 0
723 66 1
723 229 1
729 2 0
729 531 0
729 654 0
732 2 1
732 88 0
732 160 0
733 2 0
735 2 0
735 116 0
735 229 0
739 2 0
745 2 0
745 243 0
749 2 0
749 137 0
750 2 0
750 341 0
751 2 0
751 584 0
751 781 0
757 2 1
759 2 0
760 2 0
760 561 1
763 2 0
763 7 0
767 2 0
767 578 0
770 2 1
770 55 1
772 2 0
774 2 0
774 217 0
774 747 1
775 2 1
775 225 0
776 2 0
776 583 0
777 2 0
777 114 0
777 474 0
779 2 1
780 2 0
783 2 0
783 627 1
784 2 0
784 86 0
785 2 0
786 2 0
787 2 0
788 2 1
788 561 0
790 2 0
791 2 0
792 2 1
792 486 0
794 2 0
797 2 0
