0 739 1
0 2 0
0 675 0
0 93 0
0 204 0
0 6 0
0 374 0
739 358 1
739 384 1
2 265 0
2 384 0
2 121 0
2 3 1
2 688 1
2 520 1
2 675 0
2 6 1
2 374 0
2 93 0
2 204 1
384 197 0
3 384 0
3 796 1
3 70 0
3 572 0
3 688 1
3 6 0
3 20 0
3 2 0
3 121 0
3 769 0
3 204 0
796 384 1
4 186 1
4 384 1
186 70 0
186 384 1
186 572 1
186 3 1
186 688 1
186 2 0
186 675 1
186 0 1
186 477 0
186 6 1
186 20 1
5 93 0
5 204 0
5 384 0
5 769 1
5 6 1
5 374 1
5 0 1
5 477 0
5 3 0
5 688 0
5 70 0
5 572 0
5 2 1
5 121 0
5 675 0
93 384 0
93 0 1
93 477 0
93 70 0
93 572 1
93 3 0
93 688 0
93 2 1
93 675 0
204 319 0
204 384 0
769 319 1
769 6 1
769 374 1
769 3 0
769 688 0
769 2 1
769 121 0
769 204 0
6 384 1
6 70 0
6 572 0
6 374 0
6 0 0
6 477 1
6 769 0
6 204 0
6 93 0
6 2 0
6 121 0
6 3 1
6 688 1
6 20 0
7 384 1
8 384 1
9 326 1
9 384 0
9 640 0
326 384 0
10 384 0
11 384 1
12 384 1
13 384 1
14 384 0
14 644 0
14 681 0
644 422 1
681 384 0
681 422 1
15 98 1
15 270 1
15 384 1
98 384 1
270 330 0
270 384 1
16 384 1
18 384 0
19 384 0
19 585 1
585 384 0
20 384 1
21 18 0
21 384 0
22 384 1
23 384 1
24 384 0
25 384 0
27 384 1
28 384 1
29 384 1
30 384 0
31 384 0
32 230 0
32 384 0
32 605 1
230 384 0
230 652 0
605 652 1
33 384 0
33 600 1
600 145 1
600 384 1
600 661 0
34 561 1
561 384 0
36 141 0
36 384 0
141 79 1
141 384 0
38 145 1
38 251 1
38 384 0
145 384 1
145 669 0
251 669 0
39 384 1
42 384 0
43 384 1
44 20 1
44 384 0
45 169 0
45 384 1
45 742 1
169 222 1
169 384 0
742 222 1
742 384 1
46 384 1
47 384 1
48 384 1
49 384 1
50 346 0
50 384 1
346 384 1
51 384 1
54 171 1
54 781 1
171 384 1
171 570 1
781 384 1
781 570 1
55 384 1
55 679 0
679 384 1
56 112 1
56 220 0
112 55 1
220 55 0
59 384 1
61 384 1
62 384 0
66 384 0
66 435 0
66 536 0
435 384 0
536 384 0
67 384 1
68 281 1
68 495 1
281 134 0
281 384 0
281 733 1
495 134 1
495 384 0
70 384 0
70 3 0
70 688 0
70 2 0
70 675 1
70 0 1
70 477 1
70 6 1
70 20 0
72 384 1
73 384 1
73 664 0
664 263 1
664 384 0
74 13 1
74 384 0
75 384 0
75 611 1
611 384 1
76 384 1
77 384 0
78 384 0
79 384 1
80 384 1
81 384 1
81 507 1
507 384 1
83 342 0
83 384 1
83 646 0
83 742 0
342 384 0
342 647 1
646 131 0
646 384 0
646 647 0
84 173 0
173 384 0
85 384 0
86 384 1
86 388 1
388 384 0
90 32 0
90 384 1
91 384 1
94 384 1
97 384 1
99 384 0
100 384 1
101 30 0
101 384 0
103 384 1
104 384 1
105 9 0
105 327 0
105 345 1
105 384 1
327 384 1
327 640 1
345 384 1
345 598 0
106 384 1
106 661 1
108 384 1
109 384 0
110 384 0
111 384 0
113 106 1
113 384 0
113 600 0
114 384 0
116 384 0
117 346 1
119 384 0
121 221 0
121 325 1
121 384 1
221 384 0
221 469 1
325 384 0
325 469 0
122 384 1
124 129 1
124 183 1
124 188 0
124 384 1
124 615 0
124 623 1
129 110 0
129 384 0
183 384 0
188 110 0
615 384 1
623 295 0
623 384 0
623 648 1
126 263 1
126 384 0
263 384 0
131 197 1
131 384 1
197 384 0
132 384 0
133 263 1
133 384 0
134 384 1
134 487 0
487 384 0
135 384 0
137 59 1
137 384 0
138 384 1
138 428 1
138 756 1
428 384 1
140 94 1
140 384 1
142 384 1
143 384 0
146 384 1
147 384 0
147 461 1
147 758 0
461 180 0
758 180 1
758 384 0
148 384 0
149 421 1
149 746 1
421 58 1
421 384 0
746 58 0
746 384 1
150 384 0
151 384 1
151 592 0
592 384 0
152 508 0
508 384 1
153 384 1
154 38 0
154 352 1
154 384 1
352 384 0
155 228 0
155 382 0
155 384 0
228 384 0
382 384 0
156 384 0
157 384 0
158 384 0
159 384 0
160 384 0
161 384 1
162 184 0
162 384 1
184 363 1
184 384 0
184 523 0
163 384 1
163 695 1
164 384 1
165 384 0
166 384 1
166 481 1
166 708 1
481 384 1
708 384 0
708 501 0
167 384 1
170 384 0
570 384 1
174 384 1
175 429 0
175 591 1
429 374 1
591 374 1
176 384 0
177 384 0
179 384 1
179 457 1
457 384 0
180 384 1
181 384 0
182 384 0
363 384 0
363 772 1
523 384 0
523 772 0
572 384 1
191 384 0
191 511 1
511 384 1
511 501 1
192 384 1
194 384 1
195 384 1
196 384 0
198 384 0
202 384 0
202 728 0
728 384 0
206 384 1
207 384 1
208 305 1
208 384 1
305 384 1
209 302 1
209 384 1
302 384 0
210 384 1
211 384 1
212 216 1
212 309 1
212 384 0
212 706 0
216 702 1
309 702 0
706 384 0
214 384 0
215 384 0
702 384 0
217 384 0
218 384 0
218 394 1
394 384 0
219 384 0
223 274 1
223 384 1
274 384 1
224 384 0
227 384 1
229 536 0
231 384 1
234 384 1
235 384 1
235 561 1
236 79 0
236 384 1
237 384 1
238 384 1
238 728 1
240 384 0
243 384 0
244 384 1
244 612 0
244 676 1
612 709 0
676 383 0
676 384 1
676 709 0
245 384 1
246 243 0
246 384 0
248 231 0
248 384 1
248 419 0
419 384 1
419 616 0
249 384 0
252 384 0
253 384 0
253 756 0
254 384 0
255 384 1
256 75 1
256 516 1
516 384 0
516 611 1
257 384 1
258 31 0
258 131 1
258 384 1
259 223 1
259 384 1
260 384 0
262 97 0
262 384 0
264 384 1
267 384 1
268 384 1
269 384 1
330 384 1
330 600 0
271 384 0
272 384 1
275 384 1
278 384 0
279 30 0
279 384 1
280 255 0
280 384 1
733 384 1
282 384 0
283 384 0
283 602 0
602 384 1
284 384 1
285 384 0
287 384 1
289 384 0
290 384 1
290 618 1
290 792 1
618 260 1
792 260 1
792 384 0
291 384 1
292 384 1
292 496 1
496 384 1
293 384 1
294 384 1
295 214 1
296 384 0
298 163 1
298 384 0
298 513 0
513 137 0
513 384 0
513 695 0
299 384 0
300 384 1
301 384 1
303 384 0
303 660 0
660 384 1
304 384 1
306 384 0
307 384 1
308 384 0
310 517 0
310 741 1
517 296 0
517 384 1
741 296 1
741 384 1
312 67 1
312 384 1
312 635 1
312 788 1
635 315 0
788 315 0
788 384 0
314 384 1
317 384 0
318 384 1
320 384 0
322 260 1
322 384 1
324 50 1
324 117 0
324 384 0
328 384 0
329 384 1
331 384 0
333 208 1
333 321 1
333 384 1
334 384 0
335 384 0
335 424 0
424 384 1
337 384 0
337 459 1
338 31 1
338 384 1
339 384 0
340 384 1
340 559 1
340 683 0
559 409 0
683 384 0
683 409 0
683 557 1
341 322 1
343 384 1
344 384 1
598 384 1
347 384 1
349 384 1
350 384 0
351 384 0
353 73 1
353 165 1
353 371 0
353 384 0
371 664 1
354 384 0
355 384 0
357 384 1
358 384 1
361 343 1
361 384 0
362 384 0
772 384 0
364 384 1
364 386 1
364 499 0
386 33 1
386 384 0
499 33 1
499 384 0
499 465 0
365 384 1
366 34 1
366 235 1
367 384 1
368 384 0
369 384 1
370 384 0
372 384 0
373 384 0
374 384 1
374 598 0
375 384 0
376 384 1
377 384 1
378 384 1
381 372 1
381 384 0
383 384 0
387 384 0
389 0 0
389 384 1
389 477 0
389 2 0
389 675 1
389 93 1
389 204 1
389 6 1
389 374 0
477 739 0
391 16 1
392 152 0
392 384 0
392 690 1
690 508 1
393 384 0
396 384 1
397 84 0
397 384 0
397 583 1
583 173 1
583 384 0
398 384 1
399 345 1
399 401 1
401 598 1
400 384 1
403 44 1
403 384 0
404 384 0
405 384 0
406 384 1
406 575 1
406 786 0
575 15 1
575 40 0
575 384 1
786 40 0
407 384 0
408 384 1
408 683 0
409 119 1
409 384 1
410 329 0
410 384 0
411 384 1
413 384 0
414 432 0
414 610 1
432 6 1
432 20 1
432 384 1
432 374 0
432 2 0
432 121 1
432 0 0
432 477 1
432 3 0
432 688 0
610 6 0
610 374 1
610 384 0
610 70 1
610 572 1
610 0 0
610 477 1
610 769 1
610 204 0
610 93 0
610 3 1
610 688 0
610 20 1
415 384 0
416 384 0
417 314 0
417 384 1
417 599 1
599 384 0
418 307 1
418 384 0
616 384 0
420 384 1
423 384 1
423 393 1
423 418 0
425 384 1
426 384 1
426 391 1
426 717 0
717 16 1
717 384 0
427 384 1
430 384 1
431 384 1
434 372 1
436 101 1
436 279 1
436 384 0
437 384 1
438 384 1
440 384 0
440 459 1
443 384 0
444 384 1
445 384 0
446 384 0
447 384 0
448 384 1
448 387 1
450 384 0
452 321 0
452 384 1
453 384 0
454 384 0
455 384 1
458 384 0
460 384 1
462 384 0
465 384 0
467 384 1
468 3 0
468 384 1
468 688 1
468 70 1
468 572 0
468 6 1
468 20 1
468 2 1
468 121 0
468 769 1
468 204 1
688 384 1
688 444 1
688 796 0
470 15 0
470 617 1
617 270 1
617 384 0
617 585 1
471 384 1
472 12 0
472 384 1
473 98 1
473 384 0
474 384 0
474 428 1
475 272 1
475 384 0
478 384 1
479 384 1
480 384 0
484 384 1
484 475 1
484 576 1
484 759 1
576 272 1
759 384 1
485 90 0
485 301 1
485 384 0
486 384 0
488 384 1
488 403 1
489 384 1
490 384 1
491 384 0
492 384 1
497 384 1
498 384 1
500 384 1
504 384 1
505 384 0
506 384 1
515 384 1
515 719 0
719 384 1
519 384 0
520 384 1
520 526 0
520 799 0
526 48 0
526 384 1
799 48 0
799 384 0
522 90 0
522 384 0
524 384 1
524 448 1
524 766 0
766 384 0
766 387 0
525 384 1
525 589 0
589 384 1
527 32 0
527 384 0
529 384 0
529 753 1
753 384 1
531 137 1
531 778 1
778 59 0
778 384 1
778 679 0
532 384 0
533 333 0
533 384 0
533 452 1
534 384 1
535 384 1
535 418 1
540 384 1
542 138 0
542 253 1
544 384 0
545 384 0
546 384 0
547 384 1
548 384 1
549 384 1
550 228 1
551 384 0
552 384 0
555 208 0
555 384 1
555 621 0
621 24 1
621 305 1
621 384 1
556 384 1
557 384 1
558 155 1
558 550 1
560 384 1
563 384 1
565 333 0
565 384 1
566 384 0
567 384 1
567 676 0
568 384 0
569 384 1
571 384 0
577 384 1
584 384 1
590 384 0
593 384 1
595 384 0
596 384 1
597 384 1
603 384 0
604 384 1
606 384 0
607 384 1
609 384 0
709 384 1
613 174 0
613 384 0
614 384 1
648 214 0
648 384 1
624 384 0
626 384 1
627 259 0
627 384 1
627 446 0
629 384 0
631 384 0
632 384 0
633 384 1
633 557 1
634 131 0
634 384 0
636 238 1
636 384 0
636 678 1
678 384 1
678 728 0
642 384 1
643 329 0
650 384 0
653 384 0
653 613 1
653 691 1
691 174 1
654 23 1
654 384 0
655 384 1
655 511 0
655 708 1
656 384 0
656 674 1
674 384 1
674 515 1
674 762 0
657 384 0
662 42 0
662 384 0
666 384 0
667 163 1
667 384 1
668 384 1
670 384 0
671 384 0
672 384 1
673 384 1
673 411 0
762 719 1
675 265 1
680 384 0
684 384 0
685 384 1
686 240 0
686 384 1
687 384 1
689 384 1
692 384 1
694 384 0
696 384 0
697 384 0
697 410 1
697 643 1
698 2 1
698 121 0
698 384 0
698 520 1
698 675 1
698 3 1
698 688 0
698 6 0
698 374 0
698 93 1
698 204 0
699 384 1
700 384 0
701 384 1
703 384 0
703 780 0
780 384 1
704 141 0
704 236 1
704 384 1
705 159 0
705 384 1
707 384 0
707 424 1
711 341 1
711 775 1
775 322 0
775 383 0
775 384 1
713 384 1
714 384 1
721 384 0
721 423 0
721 535 1
722 384 0
723 66 0
723 229 0
723 384 0
726 170 1
726 384 1
727 384 1
729 384 0
730 384 0
730 699 0
731 384 0
734 384 1
736 325 0
736 384 0
744 384 1
745 384 0
747 384 0
749 384 1
750 91 0
750 384 0
751 384 0
752 381 0
752 434 1
755 384 1
755 674 1
757 384 0
760 384 1
763 174 0
763 300 1
763 384 1
764 384 1
765 384 1
765 491 0
768 384 1
770 384 1
771 36 0
771 384 1
773 384 1
774 384 0
774 411 0
776 337 0
776 384 0
776 440 0
779 384 0
782 384 1
783 384 1
783 772 0
785 133 1
785 384 0
787 384 0
787 607 1
789 67 1
789 384 0
790 384 1
791 384 1
793 384 0
794 384 0
795 208 1
795 384 0
798 101 0
798 384 1
