1 146 0
1 198 0
1 12 1
1 530 0
1 7 0
1 515 0
1 4 0
1 772 0
1 145 0
1 2 0
1 298 1
1 175 0
1 522 0
146 462 0
2 5 0
2 146 0
2 1 0
2 145 0
2 298 0
2 14 0
2 832 0
2 12 0
2 530 0
2 4 0
2 772 0
2 175 0
2 522 0
5 146 0
5 941 0
3 146 0
4 835 0
4 7 0
4 515 1
4 1 1
4 145 0
4 2 1
4 298 0
4 772 0
941 146 0
941 175 0
941 522 0
941 4 1
941 772 0
941 12 0
941 530 0
941 7 1
941 515 1
941 14 0
941 832 0
6 146 0
7 146 0
7 633 0
7 515 0
7 2 0
7 298 0
7 4 0
7 772 0
7 14 1
7 832 0
7 175 0
7 522 1
7 12 0
7 530 0
633 146 0
9 146 0
11 146 0
12 146 0
12 578 0
12 530 0
12 7 0
12 515 1
12 175 0
12 522 1
12 4 0
12 772 0
12 2 0
12 298 1
14 146 1
14 610 0
14 832 0
14 2 1
14 298 0
610 146 0
15 146 0
15 485 0
485 146 0
16 146 0
17 15 0
18 146 0
19 146 0
20 146 0
20 912 0
912 146 1
21 146 0
21 898 0
898 146 0
898 757 0
22 495 0
22 623 0
495 146 0
495 448 0
623 448 0
23 146 0
24 146 0
25 146 0
26 146 0
27 146 1
27 597 0
597 146 0
28 146 0
29 810 0
810 146 0
31 146 0
31 850 0
850 146 0
32 211 0
32 278 0
211 779 0
278 779 0
33 146 0
34 146 0
34 172 0
172 146 0
172 427 0
35 146 0
36 443 0
36 878 0
443 38 0
443 146 0
878 38 0
878 146 1
37 146 0
43 146 1
44 137 0
44 146 0
44 331 1
137 146 1
137 378 0
331 146 0
331 378 0
45 146 0
45 369 0
46 146 0
47 146 0
47 857 0
857 146 0
857 416 0
48 146 1
48 155 0
48 308 0
48 997 0
155 146 0
155 484 0
308 146 0
308 607 0
997 484 0
50 146 0
51 146 0
52 146 0
53 146 0
53 613 0
613 146 1
54 146 0
54 365 1
365 146 0
56 146 0
56 912 1
58 146 1
59 146 1
60 146 1
61 146 1
64 146 0
65 146 0
67 881 1
881 146 1
68 146 1
69 146 0
71 516 1
71 874 0
516 146 0
516 500 0
874 146 0
874 500 0
72 219 0
219 146 0
73 146 0
73 664 0
664 146 0
74 146 0
75 636 1
76 146 0
76 709 0
709 146 0
78 146 0
79 146 1
79 830 0
80 146 0
81 146 1
81 861 1
81 913 0
861 146 0
861 295 0
913 146 0
913 291 0
913 295 0
82 146 0
82 343 0
83 717 0
717 146 1
84 146 1
84 675 0
84 976 0
675 146 0
675 872 1
976 146 1
976 872 0
86 146 0
88 146 0
88 203 1
89 146 0
90 146 0
90 478 0
90 627 0
478 827 0
627 827 0
91 146 0
92 146 0
93 146 0
94 146 0
95 146 0
97 210 0
210 146 0
99 146 0
99 322 0
99 420 0
322 800 0
420 800 0
100 146 0
101 146 0
101 347 0
101 408 1
101 421 0
347 146 0
408 146 1
408 705 0
421 146 0
421 705 0
103 122 0
103 128 1
103 146 1
103 668 0
122 146 1
122 747 0
128 747 1
668 146 0
104 146 0
105 146 0
108 146 0
111 146 0
112 146 0
114 146 1
116 146 0
117 0 1
119 146 1
120 146 0
747 146 1
124 146 0
126 146 1
127 146 0
129 146 0
131 396 1
133 885 0
885 146 0
134 146 0
134 524 0
134 648 0
524 924 0
648 146 1
648 924 0
135 146 1
136 146 0
138 556 0
556 146 0
139 146 0
140 146 0
141 146 0
141 592 1
142 146 0
142 369 0
143 146 0
144 146 0
145 146 0
145 198 0
462 146 0
147 146 0
148 237 1
237 146 0
237 656 1
149 21 1
149 858 0
858 898 0
150 146 0
151 146 0
151 592 1
156 146 0
156 237 0
158 146 1
159 146 0
161 146 0
162 146 0
162 715 0
164 146 1
165 146 0
166 146 0
167 146 0
168 146 0
169 385 1
385 146 0
170 146 0
171 146 0
171 384 0
384 146 1
427 146 0
427 415 0
427 755 1
174 146 0
174 764 1
174 786 0
764 499 0
786 146 0
786 499 0
175 146 0
175 376 0
175 4 0
175 772 0
175 522 0
175 12 0
175 530 0
175 7 0
175 515 0
175 14 0
175 832 0
176 146 0
179 146 0
180 146 1
180 289 0
180 641 0
289 146 1
181 146 0
183 146 0
183 952 0
183 973 0
952 146 0
952 581 0
973 146 0
973 581 1
184 146 0
185 462 0
186 146 1
187 146 0
187 256 0
187 916 0
256 146 0
256 788 0
916 146 0
916 788 0
188 146 0
188 247 0
188 547 0
547 146 0
547 358 0
190 146 1
191 463 1
191 951 0
463 529 0
951 146 0
951 529 0
192 146 0
192 620 1
620 146 0
193 146 0
193 903 0
903 146 0
903 238 1
194 146 0
195 146 0
195 332 0
332 146 0
196 97 0
196 843 0
843 146 0
843 210 0
199 146 0
199 326 0
201 146 0
204 948 0
205 430 0
205 465 0
430 796 0
465 146 1
465 796 0
207 146 0
207 848 0
208 146 0
209 146 0
779 146 0
213 146 0
214 146 0
214 216 0
214 812 0
216 109 0
812 109 0
812 146 0
215 146 1
217 34 1
217 615 0
615 172 1
218 146 0
222 146 0
223 146 0
223 972 0
972 146 0
224 146 0
224 231 0
224 383 0
231 146 1
231 457 0
231 647 1
383 146 1
383 457 0
226 366 0
226 518 0
366 489 1
518 146 1
518 489 0
227 146 0
229 781 1
229 791 1
781 102 1
791 102 1
457 146 1
647 146 0
647 219 0
232 146 0
233 20 0
233 56 0
233 146 0
233 382 0
382 146 1
234 146 0
235 146 0
235 709 0
236 146 0
656 146 1
656 887 0
238 146 0
239 146 0
240 146 0
240 737 0
737 146 0
241 146 0
243 146 0
244 146 1
244 969 0
969 146 0
246 146 0
248 146 0
249 146 0
250 146 1
251 146 0
251 836 1
836 146 0
253 556 0
255 311 0
311 146 0
788 146 0
257 146 1
258 146 1
258 455 1
455 146 1
259 566 0
259 834 1
566 711 0
834 711 0
261 146 0
261 414 0
261 780 0
414 281 0
780 146 0
780 281 0
263 947 0
947 146 0
264 146 0
264 853 0
853 146 0
265 396 0
266 146 0
266 872 0
872 146 0
271 343 0
273 146 0
274 146 1
275 146 0
275 583 0
277 146 0
279 283 0
279 846 0
283 146 1
283 447 0
846 447 0
280 146 1
280 521 0
521 146 0
282 146 0
282 352 0
352 146 1
447 146 0
284 146 0
285 146 0
286 146 0
287 146 0
288 146 0
290 146 1
291 146 1
291 473 0
473 146 1
295 146 0
296 146 0
297 146 0
298 5 0
298 146 0
299 146 0
301 146 0
301 263 0
301 513 1
513 146 0
513 947 0
302 17 0
302 146 0
302 470 0
470 15 0
304 146 0
304 741 0
741 146 0
305 146 0
306 461 0
461 146 0
607 146 0
310 146 0
312 146 1
313 695 0
695 146 0
314 146 0
317 146 1
317 416 0
416 146 0
318 146 0
319 146 0
320 146 0
321 146 0
323 146 0
323 666 0
666 146 0
324 117 0
324 450 1
450 0 0
450 146 0
325 270 1
328 146 0
330 146 1
333 1 0
333 145 0
333 146 0
333 531 1
333 12 0
333 530 0
333 7 0
333 515 0
333 4 0
333 772 0
333 2 0
333 298 0
333 175 0
333 522 0
531 146 1
335 146 0
337 146 0
338 146 0
339 146 0
340 146 0
341 146 0
344 146 0
345 146 1
346 146 0
348 146 1
349 146 1
351 146 0
353 146 1
354 67 0
354 146 0
354 811 0
811 881 0
356 146 0
357 146 0
358 146 1
360 146 1
360 671 0
360 687 1
671 593 1
687 593 0
361 146 0
361 629 0
361 718 0
629 979 0
718 146 1
718 979 0
363 146 1
370 141 0
370 146 0
370 151 0
370 461 0
374 146 0
375 146 1
379 146 0
380 146 0
381 76 0
381 146 0
381 996 0
996 146 1
996 296 0
386 146 0
387 146 1
388 2 0
388 146 1
388 298 0
388 1 1
388 145 0
388 14 0
388 832 0
388 12 1
388 530 0
388 4 0
388 772 0
388 175 0
388 522 1
389 180 0
389 862 0
862 641 0
391 146 0
391 466 0
391 810 0
466 146 0
392 146 0
393 146 0
394 146 0
395 146 0
397 146 0
397 385 0
398 146 1
398 280 0
398 917 0
917 521 0
399 717 0
400 146 0
400 461 0
401 146 0
404 597 0
406 146 0
406 986 1
407 146 1
705 146 0
409 358 1
410 146 0
411 146 0
411 583 1
412 146 0
412 709 0
413 146 0
415 146 0
415 726 0
417 146 0
419 146 1
422 146 0
423 146 0
424 146 1
426 317 0
426 591 0
591 416 0
755 146 0
755 726 0
428 146 0
428 344 0
429 146 0
796 146 0
431 146 0
432 146 0
433 146 0
433 185 0
435 146 1
436 146 0
436 741 1
437 146 0
438 146 0
439 146 0
440 146 0
440 221 0
441 80 0
441 146 0
442 146 0
444 76 0
444 146 0
444 412 1
445 146 0
446 146 0
449 146 0
451 69 0
452 121 1
452 146 0
454 16 0
454 146 1
459 146 0
460 147 1
468 146 0
468 203 0
469 270 1
471 146 0
472 146 0
476 146 0
827 146 0
479 146 0
480 54 0
480 146 0
481 146 1
487 146 1
490 146 1
490 552 0
552 146 1
491 613 1
492 146 0
493 146 0
496 68 1
496 146 0
497 146 0
499 146 0
499 754 0
754 146 0
501 146 0
508 146 0
508 311 0
510 68 0
510 146 0
511 146 0
512 146 1
515 146 0
515 633 0
517 146 0
519 146 0
519 948 1
520 146 1
520 199 0
520 679 0
679 146 0
679 326 0
522 146 1
522 376 0
924 146 0
525 146 0
525 745 0
745 69 0
745 146 0
745 880 1
527 146 0
528 53 0
528 146 0
528 491 0
530 146 0
530 578 0
532 146 0
534 146 0
535 146 0
537 146 0
537 803 1
803 146 0
539 146 0
539 690 1
690 146 0
690 810 0
540 146 0
541 146 0
542 138 0
542 253 1
543 146 0
544 146 0
546 146 0
549 146 0
551 146 0
553 146 0
554 146 1
554 544 1
555 146 0
555 244 0
557 146 1
559 146 0
560 146 1
561 146 0
563 188 0
563 923 1
923 146 0
923 247 0
564 146 0
564 544 1
565 146 0
565 465 1
711 146 0
568 146 0
568 460 0
568 782 1
568 915 0
782 146 0
782 147 0
915 146 0
569 146 0
570 146 1
571 146 0
571 664 0
572 409 0
572 547 0
574 240 0
574 576 0
576 737 0
575 29 0
575 391 1
580 146 0
581 146 0
582 82 0
582 146 0
582 271 0
585 146 0
585 242 0
588 4 0
588 146 0
588 772 0
588 7 0
588 515 0
588 1 0
588 145 0
588 2 1
588 298 1
772 146 0
772 835 1
589 146 0
589 539 0
589 877 0
877 690 0
590 146 1
594 146 0
595 146 0
600 79 1
600 901 0
901 146 0
901 830 0
602 75 0
602 146 0
602 865 0
865 636 0
604 146 0
604 319 0
604 433 0
611 146 1
612 221 0
614 146 0
616 146 0
618 146 1
618 490 0
618 560 0
618 792 0
792 552 0
619 146 0
619 677 0
619 728 0
677 371 0
728 371 0
622 146 0
624 146 0
625 146 0
628 146 0
979 146 1
630 146 0
631 146 0
632 146 1
634 131 0
634 146 0
634 265 0
635 454 1
635 761 0
761 16 1
761 146 0
638 146 0
638 451 0
638 745 0
639 146 0
640 14 0
640 832 1
640 2 0
640 298 1
832 146 0
832 610 0
643 146 0
643 436 0
644 146 1
645 146 0
645 148 0
645 156 1
646 7 0
646 515 0
646 2 1
646 298 0
646 4 0
646 772 1
646 14 0
646 832 1
646 175 0
646 522 1
646 12 0
646 530 0
649 146 0
650 452 0
650 733 0
733 121 0
733 146 0
733 809 0
651 146 0
652 146 0
653 146 0
653 492 0
655 146 0
887 146 0
887 628 0
657 146 0
659 146 1
660 146 0
662 146 0
663 146 1
665 146 1
667 146 1
667 204 0
667 519 0
669 146 0
670 146 0
673 146 0
674 715 0
676 146 0
676 831 0
831 146 0
678 585 0
678 871 1
871 146 1
871 242 0
680 146 0
681 146 0
682 146 1
682 516 1
683 146 0
684 146 0
685 146 0
686 146 0
688 146 0
689 146 0
692 146 1
693 146 0
693 398 0
694 146 1
697 146 1
698 146 0
698 313 0
698 763 0
763 146 0
763 695 0
699 146 0
700 146 0
704 19 0
704 146 0
710 496 1
710 510 1
712 146 0
713 146 1
713 306 0
713 400 0
713 540 1
719 304 1
719 436 0
722 146 1
723 146 1
723 842 0
842 146 0
842 169 0
842 352 0
842 397 0
725 146 0
727 9 0
727 146 1
729 146 0
729 184 0
730 146 0
809 146 0
734 146 0
735 823 1
823 146 1
736 727 0
736 905 0
905 9 0
905 146 0
738 146 0
739 27 1
739 146 0
739 404 0
739 649 0
740 146 1
742 146 0
743 146 0
880 146 0
746 146 0
748 146 0
749 146 1
750 228 0
751 146 1
752 146 0
757 146 1
758 146 0
758 750 0
758 955 0
955 146 1
955 228 0
759 146 0
760 146 1
762 207 0
762 767 0
767 848 0
768 146 0
768 159 0
769 146 0
769 255 0
769 508 0
770 146 0
771 146 0
773 146 0
773 686 0
774 146 0
776 146 1
783 146 0
790 146 0
793 146 1
795 146 0
799 146 1
802 146 0
804 146 1
805 146 0
805 319 0
806 162 0
806 674 0
807 146 0
814 146 1
814 291 0
814 863 0
863 473 0
815 146 0
816 146 0
819 146 0
820 146 0
821 325 0
821 469 0
822 146 1
824 146 0
825 133 0
825 891 0
891 146 1
891 885 0
826 146 1
829 666 1
833 146 0
833 282 0
837 146 0
840 146 1
844 146 0
845 146 0
847 146 0
854 146 0
859 83 0
859 399 0
860 184 0
864 146 0
867 146 0
869 146 0
869 188 0
869 585 0
870 323 0
870 829 0
875 275 0
875 411 0
876 146 0
879 146 1
882 12 0
882 530 0
882 7 0
882 515 0
882 175 0
882 522 1
882 4 1
882 772 1
882 2 0
882 298 0
883 783 0
888 146 0
889 146 1
890 146 0
894 146 0
900 146 0
902 25 0
902 146 1
904 146 0
904 361 0
908 45 0
908 142 0
908 146 0
910 146 0
914 146 1
918 146 1
918 301 0
920 146 1
921 735 0
921 935 0
935 823 0
922 146 0
925 146 1
926 146 0
927 146 0
928 72 1
928 146 0
928 647 0
929 604 0
929 805 1
930 146 0
931 146 0
934 146 0
936 146 1
937 146 0
939 146 0
940 146 0
940 883 0
940 959 0
959 783 0
942 146 0
943 146 0
944 554 0
944 564 0
945 146 0
946 88 1
946 468 0
950 146 0
953 73 0
953 571 0
957 146 0
961 146 0
962 146 0
963 146 0
964 146 0
965 146 0
965 291 0
966 146 0
967 146 0
968 146 1
970 986 0
971 146 0
975 146 0
975 440 0
975 612 0
981 406 0
981 970 0
983 146 0
984 146 0
985 146 0
992 729 0
992 860 1
994 146 0
994 209 1
995 146 0
998 146 0
999 146 0
