1 163 1
163 12 1
2 163 1
4 163 1
4 781 0
781 163 1
5 895 1
5 15 0
5 842 1
5 989 1
5 899 1
5 227 1
5 555 1
5 479 1
5 934 0
895 163 1
7 163 1
8 163 1
9 163 1
10 163 1
11 163 1
12 163 1
13 79 1
13 163 1
13 592 1
13 808 1
13 227 1
13 989 1
13 555 0
79 560 1
79 808 1
79 227 1
79 989 1
79 592 1
592 163 1
592 555 1
592 989 0
592 227 1
808 163 1
808 560 1
14 163 0
15 790 1
15 479 1
15 934 0
15 5 1
15 751 1
15 592 0
15 808 1
15 79 1
790 163 1
16 163 1
17 163 1
17 227 0
17 555 1
17 989 0
17 899 0
17 366 1
17 5 1
17 751 1
17 592 1
17 808 1
17 79 1
17 15 0
17 842 0
17 479 1
17 934 1
227 163 1
227 745 1
227 989 1
227 899 0
227 592 1
227 808 1
227 555 1
227 366 1
227 479 1
227 934 1
227 79 1
555 163 1
555 745 1
555 989 1
555 366 1
555 5 1
555 751 0
555 79 1
555 808 1
555 15 1
555 842 1
555 227 1
555 899 1
555 592 1
989 163 1
989 555 1
989 479 1
989 934 1
989 227 1
989 5 1
989 751 1
989 366 1
18 254 1
19 163 0
19 500 1
20 163 1
22 163 1
23 26 0
23 702 1
26 39 1
26 163 0
702 39 1
702 163 1
24 163 1
24 369 0
369 163 0
25 163 1
39 163 1
39 903 0
28 18 1
28 163 1
28 473 0
473 254 1
30 163 1
30 405 1
405 163 1
33 704 1
704 163 1
35 163 1
36 163 0
37 163 0
903 163 1
40 163 1
40 957 1
957 163 1
41 163 1
41 227 1
42 163 0
44 163 1
45 111 1
46 163 1
46 367 0
47 163 1
48 163 1
48 425 1
49 761 0
50 163 1
51 163 1
52 478 1
53 163 0
54 163 1
57 163 1
58 163 0
58 367 1
59 163 1
60 163 1
62 163 1
64 667 0
64 878 1
667 519 0
878 519 0
65 566 1
65 809 1
566 782 0
809 163 1
809 782 1
66 163 1
66 518 0
518 163 1
67 163 1
68 163 0
68 309 1
69 163 1
69 900 1
900 32 1
900 163 1
70 163 1
70 392 1
392 163 1
392 255 1
392 686 1
71 163 1
72 100 0
72 163 1
72 772 0
100 69 1
772 69 1
772 163 0
74 163 1
75 218 1
75 774 1
218 967 0
774 163 1
774 967 1
560 163 1
80 163 0
80 764 1
81 163 1
82 163 0
84 163 1
84 950 1
950 163 0
85 163 0
85 486 1
86 84 1
86 163 0
86 615 1
615 950 1
87 163 1
88 653 1
90 163 1
91 163 1
92 163 1
94 163 0
94 570 1
570 163 1
570 488 1
570 685 0
95 163 0
96 163 1
97 163 1
98 163 1
99 163 1
102 163 1
102 605 1
102 952 0
605 631 1
952 163 0
952 631 1
103 90 0
103 163 1
104 163 0
104 610 1
610 163 0
105 163 1
110 163 1
113 163 0
113 297 1
297 163 1
114 163 1
115 163 1
115 770 1
770 163 1
116 476 1
117 163 1
118 163 1
119 354 1
120 163 1
121 444 0
122 471 1
125 163 1
126 369 1
128 163 1
129 163 1
130 163 1
130 242 1
242 163 1
132 163 0
133 163 1
134 163 1
135 163 1
137 163 1
138 217 1
141 163 1
142 163 1
142 883 1
883 163 1
146 70 1
146 163 0
146 194 0
146 454 1
146 462 1
194 163 1
194 437 1
454 163 1
462 437 1
147 163 1
149 486 1
150 95 0
153 275 1
275 163 1
275 927 1
154 125 1
156 163 1
157 163 1
158 163 1
158 280 0
159 163 0
160 127 1
160 163 1
161 163 1
162 438 1
162 540 0
438 240 1
540 240 0
164 163 1
164 168 0
168 163 1
170 163 1
170 476 1
170 973 1
973 163 0
171 45 1
171 292 1
292 111 1
292 163 1
172 69 1
172 163 0
174 5 0
174 163 1
174 751 1
174 15 1
174 842 1
174 989 1
174 899 0
174 227 1
174 555 1
174 479 1
174 934 1
751 895 0
176 163 1
177 163 1
178 163 1
178 453 1
453 163 1
179 163 1
179 861 1
861 163 1
180 163 1
180 583 0
583 163 1
583 665 1
182 163 1
184 90 1
184 163 1
185 78 1
190 163 1
190 230 1
190 599 1
230 324 0
599 324 1
191 155 1
192 119 1
192 163 1
192 972 1
972 163 1
972 354 1
972 455 1
193 163 1
193 187 1
193 792 1
792 163 1
195 163 1
195 791 1
791 163 1
196 163 1
196 698 1
698 163 1
698 511 0
200 739 1
201 163 1
202 163 1
204 511 1
206 78 0
207 163 0
209 850 1
210 163 1
211 163 1
212 163 1
212 479 0
212 934 1
212 15 1
212 842 1
212 989 1
212 899 1
212 555 0
212 227 1
212 79 1
212 808 0
212 366 1
479 16 1
479 15 1
479 842 1
479 989 0
479 899 1
479 555 1
479 227 1
479 79 1
479 808 1
479 934 0
479 366 1
934 16 1
934 163 0
213 163 1
215 163 1
967 95 0
967 163 1
220 130 1
220 981 1
981 163 1
981 242 0
223 163 0
224 163 1
225 19 1
225 163 1
225 323 0
225 595 1
323 163 1
595 163 1
595 500 0
595 603 1
745 163 1
228 153 1
228 358 1
358 163 1
358 275 1
229 163 1
231 163 1
232 122 1
232 163 1
232 332 1
332 163 0
332 471 1
234 163 1
235 163 1
235 227 1
237 163 1
238 439 1
439 163 1
241 163 0
243 705 0
705 163 0
244 163 1
245 163 1
247 163 0
249 163 1
250 163 1
250 318 0
251 163 1
252 303 1
303 163 1
253 163 0
255 398 1
398 163 1
256 163 0
256 845 1
845 12 1
257 163 0
258 514 1
259 191 0
259 766 1
766 155 1
766 163 1
260 163 1
261 163 1
261 572 1
572 163 1
263 163 1
263 914 1
263 962 1
914 163 1
914 977 0
962 163 0
962 977 1
264 163 0
264 484 0
484 163 1
484 209 1
484 963 0
265 163 1
266 113 1
266 163 1
267 163 0
268 36 0
268 163 0
269 146 1
269 163 1
270 163 1
272 761 1
273 163 1
274 881 1
274 909 1
881 163 0
881 481 1
909 163 1
909 481 1
927 163 1
276 163 0
279 163 1
281 163 1
282 163 1
284 163 1
285 163 0
286 163 0
287 163 0
287 847 1
287 860 1
847 163 1
860 163 0
289 163 1
290 163 1
290 644 0
290 848 1
644 163 0
644 226 0
848 163 1
848 226 1
291 434 1
291 785 1
434 868 1
785 163 0
785 868 1
294 544 1
295 163 1
295 993 0
993 24 1
993 126 1
993 163 0
296 163 1
299 163 0
299 647 1
647 163 1
300 163 0
301 655 1
655 163 1
655 310 1
655 624 1
304 163 1
305 163 1
306 193 1
306 362 1
362 187 1
307 625 1
307 730 1
625 163 0
625 730 1
625 867 1
730 163 1
730 867 1
310 163 1
311 163 1
311 396 1
312 163 1
316 163 1
316 705 1
317 422 1
320 59 1
321 163 1
325 163 0
327 163 0
327 498 1
498 163 1
498 594 1
328 163 1
329 125 0
329 163 1
330 163 1
331 163 1
333 303 1
334 163 0
337 59 1
337 163 0
341 163 0
344 136 1
344 163 1
345 163 1
347 163 1
347 190 1
348 163 1
349 163 1
350 163 1
351 54 1
353 163 0
353 184 1
356 163 1
357 81 1
357 163 1
360 498 1
364 163 1
365 163 1
365 297 1
366 163 1
366 639 0
639 163 1
370 583 1
370 884 1
884 163 1
884 665 1
371 163 1
372 739 0
374 163 1
375 163 1
376 163 1
377 163 1
377 937 1
379 163 1
380 163 1
381 163 0
382 163 1
382 169 0
383 280 1
384 163 1
384 317 1
384 678 1
678 422 1
385 163 1
385 557 1
385 928 1
557 158 1
557 163 1
557 851 1
928 163 0
928 851 1
386 163 0
387 455 1
387 674 1
455 163 1
455 516 1
674 163 1
674 516 1
388 127 1
388 163 0
389 163 1
390 163 1
391 163 1
391 514 1
686 163 1
686 227 1
686 398 0
393 163 0
394 163 1
394 539 1
539 163 0
539 889 1
395 163 1
399 163 1
399 562 1
562 163 0
401 163 1
401 775 1
775 163 1
402 163 1
403 163 1
408 163 1
409 163 1
410 163 0
411 163 1
411 905 1
905 163 1
412 32 0
412 163 1
415 163 1
415 852 0
852 163 1
417 69 1
417 163 1
417 224 1
418 163 1
421 163 1
423 163 1
426 163 0
428 163 0
429 163 0
430 163 0
432 163 0
868 163 1
440 382 1
440 917 1
917 163 0
917 169 0
917 726 1
441 163 1
441 331 1
443 365 0
443 553 1
553 163 1
553 297 1
445 163 1
445 528 1
528 163 1
446 601 1
446 959 1
601 163 0
601 824 1
959 163 1
959 824 1
447 163 1
448 163 1
449 163 0
449 710 1
710 163 1
450 163 1
451 163 1
451 172 1
451 287 0
451 833 0
833 163 1
833 860 1
452 163 1
452 267 1
452 539 1
452 912 1
912 163 1
912 889 1
516 163 0
516 738 1
458 217 1
459 163 1
459 401 1
459 587 1
587 163 1
587 775 0
460 163 0
463 163 0
464 163 1
465 163 0
466 781 1
467 163 0
467 452 1
469 163 1
472 4 1
472 466 1
477 163 1
480 196 1
482 163 1
483 88 0
483 163 1
483 607 1
607 163 1
607 653 0
963 163 0
963 190 1
963 850 1
488 163 0
488 298 1
489 163 1
489 366 1
489 899 0
489 923 1
489 989 1
489 555 1
489 479 1
489 934 1
489 227 0
489 5 1
489 751 1
899 163 1
899 184 0
923 163 1
923 184 1
490 163 1
491 163 0
491 528 1
493 163 1
493 937 1
494 163 1
494 344 0
494 662 1
662 136 1
662 163 1
495 163 1
594 163 0
499 163 1
501 163 1
501 620 1
501 695 1
620 163 1
620 763 1
695 763 0
502 93 1
503 250 0
503 849 1
849 163 1
849 318 1
504 163 1
506 102 1
506 163 0
507 160 1
507 163 1
507 388 1
508 163 1
509 163 1
512 163 1
513 163 0
513 655 1
515 163 1
738 163 1
738 892 1
517 121 1
517 163 1
517 650 1
650 163 1
650 444 1
520 163 1
522 163 1
522 182 1
524 163 0
524 445 1
524 491 1
526 641 1
526 660 1
641 163 1
641 406 1
660 406 1
527 701 1
701 163 1
529 163 1
531 163 1
532 163 1
533 163 0
533 170 0
533 467 1
534 163 0
535 163 1
536 97 1
536 163 0
537 158 0
537 163 1
537 383 1
541 163 0
542 163 1
543 163 1
543 393 1
545 54 1
545 163 1
546 550 0
546 713 1
550 163 1
550 755 0
713 163 1
713 755 1
547 200 1
547 372 1
548 163 1
755 163 1
552 163 1
554 163 1
556 163 1
556 647 1
851 163 1
559 163 1
559 701 1
561 154 1
561 329 0
564 105 1
564 163 1
567 163 0
568 102 0
568 163 1
569 163 1
685 163 1
685 298 1
573 163 1
575 163 1
576 163 1
576 234 1
577 82 1
578 163 1
580 163 1
581 163 1
665 163 1
586 72 1
586 163 1
586 290 0
588 562 1
590 49 1
590 163 1
590 272 1
591 261 1
591 897 1
897 163 1
897 235 1
897 572 1
603 163 1
603 417 1
603 786 0
596 163 1
597 163 1
598 150 1
598 879 1
879 95 1
600 266 0
824 163 1
786 163 1
786 224 1
631 163 1
606 163 1
609 163 1
611 163 1
613 243 1
613 316 0
614 163 1
616 163 0
617 163 1
617 571 1
621 163 1
623 163 1
624 163 1
624 502 1
624 863 1
863 93 1
863 163 1
626 163 0
627 163 1
628 163 1
629 294 1
629 646 1
646 163 1
646 544 1
630 764 1
632 163 0
632 927 1
634 138 0
634 163 1
634 458 1
635 163 1
636 163 0
636 179 1
636 951 1
951 861 0
637 163 1
640 163 1
643 116 1
643 170 1
645 163 1
645 284 1
648 163 1
651 33 1
651 971 1
971 704 1
652 163 1
654 645 1
654 948 1
948 163 1
948 284 1
656 68 1
656 163 1
656 749 1
749 163 0
749 309 1
658 163 0
659 163 0
661 163 0
663 163 1
663 770 1
669 163 1
671 320 1
671 337 1
675 163 1
675 196 1
676 405 0
677 163 1
680 163 1
681 163 0
682 163 1
683 163 1
683 453 1
684 163 1
687 163 0
688 52 1
688 163 1
688 412 1
688 750 0
750 163 1
750 478 1
690 163 1
692 163 1
693 163 1
696 163 0
696 290 0
699 163 0
699 353 1
700 163 1
703 163 1
706 15 1
706 842 0
706 479 0
706 934 1
706 5 1
706 751 1
706 592 1
706 808 0
706 79 1
842 790 0
707 163 1
708 163 0
709 639 1
711 163 0
712 163 1
714 163 1
716 163 1
717 390 0
719 163 1
721 163 0
723 564 1
723 991 1
991 105 1
991 163 1
991 635 1
724 134 0
726 163 1
731 163 1
732 268 1
732 757 1
757 36 1
735 600 1
735 800 1
800 266 1
736 85 1
736 149 1
736 163 0
737 163 1
892 163 1
741 163 1
743 163 0
744 439 1
753 115 0
753 855 1
855 163 1
855 770 1
754 353 1
756 163 1
758 163 1
758 577 0
758 854 0
854 82 1
759 163 0
765 163 1
765 325 1
767 204 1
767 698 1
768 163 1
768 377 1
768 493 1
769 163 1
773 163 1
773 939 1
939 163 0
776 163 1
777 134 1
777 163 1
778 163 1
780 163 1
787 163 1
787 717 0
787 894 0
894 163 1
894 390 1
793 699 1
793 754 1
794 163 1
795 163 1
799 163 1
799 527 1
799 559 0
801 163 1
803 46 0
803 58 1
805 163 1
806 163 1
807 163 1
811 163 1
811 990 1
990 163 1
813 163 1
815 163 1
815 816 1
816 163 1
816 518 0
818 163 0
818 571 1
822 163 1
822 263 1
823 163 0
825 163 1
825 258 0
825 391 1
825 399 1
826 163 1
826 396 0
827 163 1
828 163 1
831 163 1
832 66 1
832 816 1
840 163 1
840 623 1
844 163 0
844 299 1
844 556 1
846 163 1
846 639 1
853 48 1
853 864 1
864 163 1
864 425 1
856 163 0
856 252 1
856 333 1
858 163 1
859 163 0
865 163 1
866 163 1
869 163 1
871 163 1
871 724 1
871 925 0
925 134 1
925 163 1
873 163 1
874 163 1
875 163 1
876 163 0
880 163 1
880 301 1
880 513 0
882 163 1
885 163 1
886 163 1
886 769 1
887 163 1
890 327 1
890 360 1
891 335 1
893 163 1
896 163 0
898 163 1
898 185 0
898 206 1
901 163 1
902 163 1
904 163 1
904 856 1
907 163 1
911 163 1
913 163 1
977 163 1
918 163 1
918 247 1
919 163 0
921 163 1
922 163 1
922 335 1
929 163 1
933 163 1
933 311 1
933 826 1
935 163 0
935 399 0
935 588 1
941 617 1
941 818 1
942 163 1
943 163 1
945 54 1
946 163 1
947 163 1
949 163 1
953 163 1
954 366 1
954 709 1
958 480 1
958 675 1
964 163 1
964 238 0
964 744 1
965 163 1
965 412 1
965 900 1
966 163 1
968 163 0
969 163 1
974 163 1
975 163 1
975 178 1
975 683 1
978 163 1
979 163 1
980 891 1
980 922 1
982 163 1
983 163 1
985 163 1
986 30 0
986 676 0
987 163 1
992 163 1
994 163 0
994 351 1
994 945 1
995 80 1
995 163 1
995 630 1
