0 192 1
0 24 0
0 3 1
0 171 0
0 5 0
0 40 1
0 134 0
0 142 0
0 26 1
0 21 1
192 24 1
3 142 1
3 192 0
3 171 0
3 21 0
3 0 1
3 24 1
3 26 0
3 193 1
3 195 1
3 134 1
3 5 1
3 40 1
3 36 0
142 141 0
142 192 1
142 149 1
142 0 0
142 24 1
142 193 0
142 3 0
142 171 0
142 195 0
142 134 0
142 5 1
142 40 1
142 36 0
4 5 0
4 40 0
4 107 0
4 122 1
4 180 1
4 192 0
4 142 1
4 26 1
4 3 1
4 171 1
4 36 0
4 0 0
4 24 0
4 195 0
5 45 0
5 145 1
5 148 0
5 192 1
5 40 1
5 142 0
5 26 1
5 3 1
5 171 0
5 36 1
5 0 0
5 24 1
5 195 0
40 17 0
40 136 0
40 192 0
107 113 1
107 148 1
107 192 1
122 179 0
122 192 1
180 17 0
180 71 0
180 190 0
180 192 1
45 192 1
145 192 1
148 36 0
148 150 1
148 179 1
148 192 1
6 192 1
7 27 1
7 192 0
27 192 1
8 192 0
9 45 1
9 192 0
10 36 1
10 98 0
10 113 0
10 192 0
36 175 0
36 192 0
98 110 0
98 192 0
113 192 0
12 26 0
12 58 1
12 73 0
12 192 0
26 145 1
26 189 0
26 192 1
58 23 0
58 99 0
58 192 0
73 71 0
73 99 0
73 192 0
15 9 0
15 192 0
16 34 1
16 192 1
34 116 0
34 192 1
17 57 0
17 192 0
18 0 1
18 24 1
18 192 0
18 3 0
18 171 0
18 134 1
18 21 0
18 5 1
18 40 0
24 118 0
24 160 0
24 192 0
19 33 1
19 121 0
19 192 0
33 130 0
121 27 1
121 71 1
121 113 1
121 130 1
121 190 1
121 192 1
20 61 1
20 158 0
61 149 0
61 173 0
61 185 1
61 192 1
158 7 1
158 27 0
158 28 0
158 142 0
158 185 0
158 192 1
21 43 0
21 101 0
21 149 1
21 158 1
21 192 0
43 6 1
43 39 1
43 192 0
101 15 1
101 19 0
101 192 1
149 192 0
22 57 1
23 28 1
23 110 0
23 190 0
23 192 1
23 198 1
28 192 1
110 114 1
110 192 0
190 192 1
198 87 0
198 159 0
198 192 0
118 19 0
118 41 0
118 49 0
118 192 1
160 15 1
160 78 0
160 192 0
189 192 1
29 122 0
29 192 1
31 192 0
116 192 1
35 110 1
35 175 0
35 192 1
175 99 1
175 192 1
37 55 0
37 138 0
37 149 1
37 192 1
55 143 0
55 192 0
138 192 0
39 192 0
136 36 1
136 192 1
136 195 1
41 190 1
41 192 0
44 145 0
44 192 1
47 36 1
47 70 1
47 192 1
70 106 1
70 192 0
48 98 1
48 175 1
48 192 0
49 192 0
51 149 0
53 71 0
53 192 0
71 192 1
54 21 1
54 51 1
143 192 1
56 39 0
56 192 0
99 192 0
59 3 1
59 21 0
59 171 0
59 192 0
59 195 1
59 0 1
59 24 1
59 142 0
59 26 0
59 193 1
59 134 0
59 5 1
59 40 1
59 36 1
171 87 1
171 100 1
171 142 1
171 149 1
171 192 1
171 0 1
171 24 1
171 3 0
171 134 0
171 5 1
171 40 0
195 192 1
60 190 0
60 192 1
173 19 1
173 70 1
173 137 0
173 140 0
173 179 0
173 192 0
62 36 0
62 55 1
62 93 1
62 192 1
93 45 0
93 71 1
93 101 1
93 192 1
63 53 0
63 112 0
63 144 1
63 164 1
63 192 1
63 193 0
112 39 0
112 63 1
112 169 0
112 172 1
112 192 0
144 70 0
144 146 0
144 192 1
164 98 1
164 99 0
164 140 0
164 192 0
193 7 1
193 133 1
193 192 0
64 66 0
64 153 1
66 35 0
153 17 0
153 35 1
153 192 0
65 8 1
65 19 1
65 35 0
65 105 0
65 192 0
105 143 0
105 177 0
105 180 0
105 192 0
68 23 0
68 24 0
68 40 1
68 163 1
68 192 0
163 15 1
163 19 1
163 192 0
106 192 1
72 192 0
74 136 0
77 37 1
77 62 0
77 97 0
77 106 1
77 192 1
97 107 1
97 181 0
97 192 1
78 36 1
78 134 0
78 192 0
134 192 1
79 192 0
80 39 0
80 62 1
80 149 0
80 192 1
81 40 1
81 74 1
82 4 0
82 17 0
82 22 0
82 70 0
82 98 0
82 192 1
83 15 1
83 19 0
83 192 0
84 10 0
84 105 0
84 192 1
87 192 1
89 110 1
89 192 0
92 16 1
92 39 0
92 55 1
92 159 0
92 192 1
159 17 0
159 138 1
159 192 1
94 27 0
94 29 0
94 190 0
94 192 0
95 24 1
95 104 0
95 111 0
95 129 0
95 187 0
95 192 0
104 34 0
104 128 0
104 159 0
104 163 0
104 192 0
111 34 0
111 49 1
111 189 1
111 192 0
129 4 0
129 41 0
129 164 1
129 192 0
187 80 1
187 136 0
187 192 1
181 192 0
100 141 0
141 29 0
141 192 0
141 195 0
103 35 0
103 192 0
128 15 1
128 35 0
128 78 1
128 154 0
128 192 0
177 12 1
177 19 1
177 128 0
177 157 1
177 192 0
108 37 0
108 41 0
108 140 1
108 192 1
140 71 1
140 192 0
140 195 0
109 55 1
109 159 1
109 192 1
109 195 0
114 24 0
114 192 0
169 53 0
172 189 1
172 192 0
115 4 1
115 179 0
115 192 0
179 73 1
179 192 1
119 190 0
119 192 1
123 4 0
123 97 0
123 104 1
123 192 1
125 105 1
125 110 1
125 190 0
125 192 0
126 36 1
126 93 0
126 94 1
126 192 0
154 36 1
131 9 0
131 192 1
132 31 0
132 106 0
132 140 0
132 192 0
133 56 1
133 192 1
137 192 0
139 26 0
139 43 0
139 108 0
139 163 0
139 192 1
146 192 0
147 131 0
147 141 0
147 192 0
150 0 1
150 134 1
150 192 0
150 193 1
150 3 0
150 171 0
150 5 1
150 40 1
150 142 1
150 26 0
150 21 1
156 122 1
156 173 1
157 26 1
157 36 0
157 56 0
157 142 0
157 192 0
157 149 1
157 0 0
157 193 0
157 24 1
157 3 0
157 171 1
157 195 1
167 39 1
167 189 0
167 192 1
168 111 0
168 149 0
168 179 0
168 183 1
168 192 1
183 83 0
183 101 1
183 122 1
183 192 1
174 111 1
174 184 1
184 49 1
186 122 0
186 192 1
188 62 1
188 103 1
188 112 1
188 131 1
188 192 0
191 45 1
191 58 1
191 164 0
191 192 1
