1 16 1
1 19 1
1 22 0
1 110 1
1 176 0
1 37 1
1 5 1
1 53 1
16 22 0
16 35 1
16 176 1
16 110 1
16 19 0
16 1 0
16 37 0
19 22 1
19 1 0
19 37 0
19 176 0
19 16 1
19 110 0
19 53 1
22 57 1
110 22 1
110 176 1
110 1 1
110 53 0
110 5 1
110 19 0
110 16 1
176 22 0
2 11 1
2 22 0
2 62 1
11 22 0
62 22 0
3 22 0
3 64 1
3 107 1
64 22 0
107 22 1
107 35 0
107 148 0
4 5 1
4 107 0
5 22 1
5 75 0
5 148 0
5 193 1
75 22 0
75 171 0
148 22 1
148 176 1
193 22 0
193 33 1
6 22 0
6 189 1
189 22 1
189 30 0
7 6 1
7 22 0
8 74 1
8 104 1
8 107 0
8 125 0
8 194 0
74 22 0
74 29 0
74 125 1
74 132 1
104 22 0
104 125 0
125 22 1
194 29 0
194 30 0
194 139 1
194 154 1
194 171 1
9 22 0
10 1 0
10 7 0
10 81 0
10 143 0
10 156 1
81 27 1
81 91 1
81 99 0
81 139 0
81 160 1
143 9 1
143 22 1
143 96 1
156 22 1
12 17 0
12 23 1
12 26 0
12 132 1
12 139 1
12 192 1
17 22 0
17 53 1
17 57 0
17 150 1
17 183 0
17 189 1
23 11 0
23 61 1
23 66 1
23 85 1
23 110 0
26 2 1
26 22 0
132 22 0
132 59 0
132 103 1
132 156 0
132 158 1
139 7 0
139 22 1
139 171 0
192 5 0
192 22 0
192 26 1
192 119 0
192 142 1
13 5 1
13 22 0
14 11 1
14 22 0
14 37 1
14 85 0
37 22 0
37 62 0
37 95 1
37 134 1
85 5 0
85 22 0
85 103 0
85 189 0
35 22 0
53 22 0
57 9 1
57 22 1
57 100 1
150 22 1
150 76 0
150 87 1
150 90 0
150 176 1
183 22 0
183 83 1
183 101 0
183 158 1
183 176 1
20 3 1
20 22 1
20 26 0
20 61 1
20 91 1
20 110 0
20 158 0
61 22 1
61 26 1
61 31 1
61 121 0
61 185 1
61 193 0
91 22 1
91 100 0
158 22 1
158 27 0
158 53 1
158 185 0
21 22 0
21 100 1
21 119 0
21 143 0
21 149 1
21 189 1
100 22 1
100 141 1
119 22 0
119 66 1
119 131 1
149 22 0
149 111 1
149 166 0
66 22 1
66 113 1
24 134 0
24 165 1
24 169 1
24 175 1
24 193 0
134 22 1
134 87 0
134 103 0
165 14 0
165 22 1
165 76 1
165 127 0
165 193 0
169 7 1
169 22 1
169 35 0
169 53 1
169 193 1
175 22 1
175 31 1
175 134 0
175 154 1
25 1 1
25 5 0
25 22 0
25 53 0
25 19 1
25 176 1
25 16 0
25 110 1
27 22 0
27 28 0
27 107 0
27 171 1
28 22 0
28 35 0
28 64 1
171 22 1
171 100 1
171 142 0
29 22 0
29 107 0
29 121 0
121 22 0
30 22 0
30 110 1
31 22 1
31 176 0
31 193 0
32 11 1
32 16 0
32 22 0
32 64 1
33 22 1
33 64 1
36 22 0
36 33 1
36 120 0
36 160 0
120 22 1
120 75 1
120 111 1
160 9 0
160 22 1
160 101 0
160 163 1
160 171 1
95 22 1
95 62 1
40 22 1
40 125 1
40 131 0
40 154 0
131 9 0
131 16 0
131 22 1
131 103 0
154 22 1
154 36 1
41 22 0
41 100 1
41 152 1
41 189 0
152 22 1
152 132 0
152 171 0
42 89 1
42 94 1
42 158 1
42 171 0
42 193 1
89 22 1
89 140 0
89 198 0
94 22 1
94 35 1
94 138 1
94 177 0
43 22 0
43 65 1
43 137 0
43 169 0
65 6 0
65 22 1
65 29 0
65 62 1
65 86 0
137 22 1
137 50 1
137 154 0
137 164 0
137 175 1
44 7 0
44 40 0
44 54 0
44 160 1
44 171 0
54 21 1
54 22 0
54 51 1
54 113 1
54 115 0
45 84 1
45 85 1
45 100 1
45 154 0
45 171 0
84 5 1
84 65 0
84 76 0
84 92 1
84 118 0
47 73 1
47 101 0
47 103 0
47 154 1
47 176 0
73 22 1
73 62 0
101 15 1
101 22 1
103 22 1
103 82 1
50 16 1
50 31 0
50 57 1
50 115 1
50 166 0
115 22 1
115 62 1
166 22 0
51 125 1
51 142 0
51 149 1
51 154 1
142 22 1
142 33 0
142 62 0
142 141 1
142 189 0
113 22 0
113 53 1
113 140 1
58 22 0
58 57 1
58 156 0
58 189 0
59 22 0
59 76 1
76 22 1
76 91 0
60 25 0
60 43 1
60 138 1
60 152 1
60 164 0
138 22 1
138 195 1
164 22 1
164 62 0
164 125 1
164 132 1
164 148 1
185 22 0
185 113 1
185 139 0
185 176 1
63 53 1
86 22 1
67 35 0
67 61 0
67 84 0
67 94 0
72 16 1
72 61 1
72 90 1
72 148 1
72 160 1
90 22 0
90 156 0
77 22 0
77 29 0
77 65 1
77 175 0
78 22 0
78 36 0
78 121 0
99 5 1
99 37 1
99 54 0
99 122 0
99 154 1
82 17 1
82 22 0
83 15 1
83 16 0
83 22 0
83 62 1
83 176 1
83 189 1
92 5 1
92 14 0
92 54 0
92 111 1
92 164 1
118 13 0
118 31 1
118 64 0
118 121 1
118 125 1
87 22 1
87 35 0
140 22 1
140 30 0
140 33 0
198 22 0
198 95 1
198 121 0
198 125 0
198 159 0
111 22 1
111 49 0
93 64 0
93 89 0
93 144 0
93 171 1
93 194 1
144 33 1
144 61 1
144 73 0
144 120 0
144 163 1
177 1 0
177 12 1
177 16 0
177 37 0
177 154 0
177 157 1
177 164 0
177 19 1
177 110 0
177 176 0
177 53 1
96 5 0
96 22 0
98 61 1
98 73 1
98 81 0
98 176 0
98 188 1
188 22 1
122 22 1
122 113 1
122 115 1
141 54 0
141 61 1
141 86 1
141 127 1
141 194 0
102 11 0
102 53 1
102 110 0
102 126 0
102 133 0
126 2 0
126 5 0
126 9 1
126 21 0
126 76 1
133 14 0
133 22 0
133 160 1
133 165 1
133 176 1
108 22 1
108 140 1
109 28 1
109 73 1
109 78 0
109 136 1
109 195 0
136 17 1
136 62 0
136 149 1
136 164 1
136 198 1
195 22 0
112 63 0
112 169 1
116 22 1
116 127 1
116 131 0
127 2 0
127 22 0
127 25 1
127 40 0
123 96 0
123 110 1
123 139 0
123 140 1
123 157 1
157 26 0
157 53 0
157 62 0
157 96 1
157 181 1
157 194 1
124 11 1
124 37 1
124 54 0
124 170 0
124 174 1
170 6 1
170 22 1
170 103 0
170 131 0
174 1 1
174 2 1
174 61 0
174 99 1
174 111 1
174 176 0
174 184 0
174 16 0
174 110 1
128 78 0
128 154 0
135 22 0
135 62 1
135 86 0
135 158 0
135 170 0
163 22 1
163 26 0
163 40 0
163 75 1
145 22 0
145 33 0
145 154 1
181 22 0
159 30 0
159 75 1
159 107 1
159 131 0
159 140 0
161 58 1
161 72 0
161 84 1
161 125 1
161 170 1
162 13 0
162 19 0
162 76 0
162 107 0
162 121 0
167 21 1
167 22 1
167 37 1
167 104 1
167 194 1
168 22 0
168 50 0
168 57 0
168 73 1
168 175 0
172 9 0
172 22 0
172 107 0
172 121 1
172 152 0
173 22 0
173 109 0
173 139 1
173 158 0
173 199 1
199 6 1
199 22 1
199 122 0
199 160 0
184 22 1
184 49 0
184 61 0
184 134 0
184 163 1
184 165 1
178 16 0
178 22 1
178 175 1
179 30 0
179 35 1
179 73 1
179 131 0
179 134 1
186 7 0
186 22 1
186 103 1
186 157 0
186 164 0
187 16 1
187 22 1
187 64 0
187 154 0
187 158 1
190 9 0
190 86 0
190 142 0
190 188 1
191 22 0
191 29 0
191 170 0
191 171 0
191 193 0
196 22 1
196 33 1
196 103 0
196 168 0
196 189 0
