1 78 0
78 131 0
2 78 0
3 78 0
4 78 0
4 227 1
4 7 0
4 41 0
4 42 0
4 347 0
4 47 0
4 249 0
4 62 0
4 109 0
4 10 1
4 223 0
227 78 0
7 11 1
7 78 1
7 47 0
7 249 0
7 4 0
7 246 1
7 41 0
7 42 0
7 347 0
7 148 0
7 377 0
7 62 0
7 59 0
7 109 0
7 10 0
7 223 0
11 78 0
8 78 0
9 78 1
10 78 0
10 371 0
10 42 0
10 347 0
10 223 0
10 4 0
10 246 0
371 78 0
13 78 1
15 78 0
16 78 1
17 78 1
18 78 1
19 78 1
20 304 0
304 78 0
21 78 0
22 78 0
23 78 0
23 148 1
23 377 0
23 7 1
23 41 1
23 10 1
23 223 0
23 47 0
23 249 0
23 42 0
23 347 0
23 62 0
23 109 1
148 64 1
148 7 0
148 41 0
148 10 0
148 223 1
148 47 1
148 249 0
148 42 0
148 347 0
148 62 0
148 109 1
377 64 0
377 78 1
24 78 0
25 78 0
26 78 0
27 78 0
28 225 0
225 78 1
29 78 1
30 78 1
31 78 0
32 62 0
62 78 0
62 47 0
62 249 0
62 109 0
62 4 0
62 246 1
62 10 0
62 223 0
62 59 1
62 148 1
62 377 1
33 78 1
34 229 0
229 78 0
35 78 0
36 78 1
37 78 0
38 78 0
40 78 0
41 11 0
41 78 0
42 78 0
42 159 0
42 62 1
42 59 0
42 10 0
42 223 0
42 109 0
42 148 0
42 377 0
42 47 0
42 249 0
42 347 0
42 4 0
42 246 0
159 78 1
43 78 0
46 78 1
47 78 0
47 91 1
47 10 0
47 223 0
47 7 0
47 41 0
47 42 1
47 347 0
47 62 0
47 59 0
47 249 0
47 4 0
47 246 0
91 108 0
48 78 0
49 78 0
50 78 0
51 78 0
52 78 0
53 78 0
54 78 0
55 78 1
56 364 0
364 78 0
58 78 0
59 78 0
59 160 1
60 78 0
61 78 0
63 78 1
63 174 0
64 124 0
124 362 0
65 78 0
67 78 1
68 78 1
68 236 0
68 345 0
236 78 1
236 181 0
345 78 1
345 181 0
69 78 0
70 78 0
72 78 0
73 78 1
74 78 0
75 78 0
76 164 0
76 277 0
76 338 0
164 78 0
277 78 0
277 260 0
338 78 0
338 260 1
131 78 0
79 78 0
80 78 0
81 78 0
82 78 0
83 78 0
84 78 0
85 78 0
86 42 0
86 78 0
86 347 0
86 62 0
86 59 1
86 10 0
86 223 0
86 109 0
86 148 0
86 377 0
86 47 1
86 249 1
86 4 0
86 246 1
347 78 0
347 159 0
87 78 0
88 78 1
88 190 0
190 78 0
89 78 0
90 78 0
108 78 0
92 78 0
93 78 1
94 217 1
217 78 0
95 310 1
310 78 0
97 78 0
98 78 1
99 78 1
100 135 0
135 78 1
101 78 0
102 78 0
103 78 0
105 59 0
105 62 0
105 109 0
105 47 0
105 249 0
105 4 0
105 246 1
105 10 0
105 223 0
105 148 0
105 377 1
109 78 0
109 160 0
106 78 0
107 78 0
110 78 0
111 78 0
111 131 0
112 78 0
113 153 0
153 78 0
114 78 0
115 78 1
116 78 0
117 78 0
118 78 0
120 284 1
284 78 0
122 78 0
123 78 1
362 78 1
125 141 0
141 47 0
141 78 0
141 249 0
141 10 1
141 223 0
141 7 0
141 41 0
141 42 0
141 347 0
141 62 0
141 59 0
141 4 0
141 246 1
126 78 1
127 78 0
128 55 1
129 78 0
130 78 0
132 78 0
133 78 0
134 78 0
136 78 0
137 78 0
138 78 0
139 78 0
249 78 1
249 91 0
142 78 0
143 78 0
144 78 0
145 78 0
146 78 0
147 78 0
149 78 0
150 78 0
151 323 0
323 78 0
152 78 0
154 78 1
155 78 0
156 78 0
156 250 0
250 78 0
158 78 1
161 78 0
162 7 0
162 41 0
162 78 0
162 47 0
162 249 0
162 4 0
162 246 0
162 42 0
162 347 0
162 148 0
162 377 0
162 62 0
162 59 1
162 109 0
162 10 0
162 223 0
165 78 0
165 190 1
166 78 0
167 78 1
168 183 1
168 327 0
183 78 0
183 194 1
327 194 0
169 78 0
170 192 1
192 78 1
171 78 0
172 10 0
173 78 0
175 78 0
176 78 0
177 78 0
178 78 0
179 78 1
181 78 0
182 17 0
194 78 0
184 78 1
185 78 0
186 78 0
187 78 0
188 78 0
189 78 0
191 78 0
193 78 0
195 78 0
196 394 0
394 107 0
197 78 1
198 250 0
200 221 0
221 78 0
201 290 0
290 78 0
202 229 1
203 78 1
204 78 0
205 204 0
206 78 0
207 78 0
208 78 0
209 78 0
209 200 0
209 243 0
243 78 0
243 221 0
210 88 0
210 165 0
210 392 0
392 78 0
211 78 0
212 345 1
213 78 0
214 78 1
215 78 0
216 78 0
219 357 0
357 78 0
220 116 0
222 78 1
223 78 0
223 371 1
226 78 0
230 78 1
232 78 0
233 78 0
234 78 0
235 78 0
237 78 0
238 78 0
239 78 0
240 78 1
241 78 1
242 78 0
244 345 0
245 78 0
246 147 1
246 227 0
247 78 0
248 78 0
251 78 0
252 78 0
253 78 0
254 78 0
255 4 0
255 78 0
255 246 0
255 7 0
255 41 1
255 42 1
255 347 0
255 47 0
255 249 0
255 62 0
255 109 1
255 10 0
255 223 0
256 78 0
257 78 0
258 78 0
260 78 0
263 78 1
264 78 0
265 78 1
266 313 1
313 78 0
267 78 0
268 78 0
269 78 0
270 78 0
272 78 0
273 78 1
274 78 0
276 78 0
278 78 0
279 78 0
280 219 0
281 78 0
282 78 1
283 78 0
285 78 0
285 174 1
286 78 0
287 267 0
288 78 0
289 78 0
291 63 0
291 78 0
291 285 0
293 78 1
295 78 1
295 156 0
295 198 1
296 78 0
297 78 0
299 122 0
300 78 0
302 206 0
307 78 1
308 78 0
309 78 0
311 78 0
312 78 0
314 78 0
315 78 0
316 277 1
318 78 0
319 78 0
319 111 0
320 78 0
321 78 1
322 78 0
324 78 0
325 329 0
329 78 0
326 78 0
328 78 0
331 78 1
332 372 0
372 78 0
333 78 0
334 78 0
336 78 1
337 78 1
339 78 1
340 78 0
341 78 0
344 74 0
346 78 0
349 78 0
350 78 0
352 78 0
353 302 0
354 78 1
355 78 0
356 78 1
358 10 0
358 78 0
358 223 0
358 42 0
358 347 1
358 4 0
358 246 0
359 78 1
360 102 0
361 78 1
366 78 0
367 78 0
370 78 0
373 78 0
374 217 1
375 118 0
376 78 0
378 78 0
380 78 0
381 78 0
382 78 0
383 78 0
384 78 0
385 78 1
386 78 0
388 78 0
389 78 1
390 78 0
391 345 0
393 78 1
395 78 0
396 78 0
398 323 0
399 78 0
