0 199 1
0 210 0
199 70 1
199 210 0
210 53 1
2 84 1
2 96 1
2 200 0
2 210 1
2 316 1
2 383 0
2 33 1
2 111 1
84 115 0
84 210 0
84 96 0
84 316 1
84 383 0
84 200 0
84 33 0
84 111 0
96 210 1
96 200 1
96 84 1
96 33 1
96 111 0
96 316 1
96 383 0
200 33 1
200 111 0
200 210 0
200 316 1
200 84 1
200 383 0
200 96 0
316 33 1
316 210 0
316 200 1
316 383 1
316 84 0
316 111 1
383 210 0
3 119 0
3 210 1
119 210 1
4 307 1
307 210 0
5 210 0
6 46 1
6 188 0
46 226 0
188 210 0
188 226 1
7 33 1
7 210 0
7 299 1
33 77 0
33 210 0
33 84 0
33 200 0
33 316 0
33 383 0
33 96 1
33 111 1
299 210 1
8 210 1
9 395 1
10 103 1
10 279 0
103 364 0
279 364 1
11 3 1
11 210 0
11 319 1
319 210 1
319 322 1
12 210 1
13 210 1
13 295 1
295 210 1
14 210 0
14 310 1
310 210 1
16 66 0
16 70 1
16 210 1
66 210 0
66 235 1
70 210 1
17 128 1
128 210 0
18 210 1
18 320 0
320 210 1
320 343 0
19 121 1
19 233 0
121 130 0
121 210 0
233 130 0
20 210 0
20 253 0
20 307 0
253 51 1
253 150 1
253 210 1
253 317 0
21 141 0
21 149 1
21 210 0
21 307 1
21 377 0
141 210 0
141 241 0
149 357 1
377 357 0
22 128 0
23 210 1
24 210 1
24 245 0
25 210 1
26 354 1
354 210 0
354 374 0
28 210 1
30 189 1
30 210 0
189 210 1
31 70 0
31 210 0
32 210 0
32 360 1
360 210 1
77 210 0
34 90 1
35 210 1
35 241 0
241 210 0
36 210 1
37 210 1
38 210 1
39 210 1
40 136 1
40 210 0
40 388 1
388 210 0
41 25 1
41 210 0
41 276 0
41 370 0
276 210 0
370 210 1
42 210 0
43 73 0
43 210 0
73 210 1
44 210 0
45 186 0
47 175 0
47 210 0
47 322 1
175 210 0
322 210 1
322 373 0
48 210 1
50 231 1
50 390 0
231 210 1
231 381 0
390 210 1
390 381 0
52 210 1
54 51 1
54 210 0
56 210 0
56 221 0
221 210 0
221 236 1
57 210 1
57 256 0
57 327 0
256 386 1
327 386 1
59 11 0
59 210 1
61 35 0
61 185 0
61 210 0
61 270 0
185 210 0
270 210 0
270 310 0
62 255 1
255 81 1
255 210 1
63 210 1
64 34 1
64 210 1
64 291 0
291 90 1
291 210 1
65 85 0
65 178 0
85 115 1
178 115 0
235 210 1
235 259 1
68 57 0
68 127 1
68 183 1
68 210 1
127 187 0
127 202 1
127 210 1
183 101 0
183 210 1
183 283 0
69 111 0
69 210 1
69 338 1
111 49 1
111 210 0
338 210 0
338 215 1
71 58 0
71 82 0
71 210 1
82 70 0
82 210 1
72 210 0
74 186 0
75 210 1
78 210 1
78 230 0
78 338 1
230 210 0
81 40 0
81 72 1
81 210 0
81 274 0
274 136 0
83 32 0
83 210 0
115 210 1
87 137 1
87 171 1
87 210 1
87 294 1
137 311 0
171 66 1
171 210 1
171 353 0
294 199 0
294 210 1
294 311 1
294 388 0
88 210 1
89 210 1
93 113 1
94 210 0
94 284 1
94 317 1
284 210 1
317 210 0
97 210 1
99 210 0
100 210 1
101 210 1
101 215 0
215 115 1
215 210 0
102 210 1
102 292 0
292 210 0
104 189 0
107 210 0
108 210 0
110 314 1
112 63 0
114 9 0
114 100 1
114 210 0
114 302 0
302 210 0
302 395 1
130 210 1
123 58 0
124 210 0
124 322 0
126 39 0
187 276 1
202 276 0
129 210 0
131 189 0
131 210 0
132 210 0
133 199 0
133 210 0
133 299 1
134 393 0
135 210 1
140 93 1
140 210 0
140 228 0
140 319 1
228 113 1
142 341 0
341 66 0
341 210 0
146 210 1
147 30 1
148 63 1
148 210 1
148 248 0
248 177 0
248 210 0
357 210 0
150 148 1
150 210 1
151 43 0
151 188 1
151 210 0
151 261 0
151 296 0
261 204 1
261 210 1
296 52 1
296 69 1
296 210 1
296 389 0
152 83 1
152 104 0
152 210 1
152 372 1
372 189 1
372 210 0
372 347 1
153 141 0
153 210 0
156 210 1
157 210 1
157 373 0
158 210 0
162 210 1
164 210 0
165 210 0
166 210 1
166 223 0
166 352 0
223 164 0
223 210 1
352 164 0
352 193 1
352 210 0
352 241 1
167 12 1
167 210 1
168 210 1
170 218 0
170 336 0
218 210 1
218 275 1
336 83 1
336 210 0
336 275 1
353 235 1
174 210 0
174 236 1
174 345 0
236 210 1
345 151 1
345 196 1
345 210 1
177 210 0
179 110 0
179 210 1
179 392 1
392 210 0
392 314 1
180 210 0
181 39 0
181 210 0
181 369 1
369 54 0
369 210 0
369 253 0
283 215 1
184 4 0
184 20 0
192 210 0
193 210 1
193 215 1
193 379 0
379 210 0
379 316 1
194 329 1
329 210 0
195 115 1
195 210 0
196 43 0
196 210 0
197 210 1
201 14 0
201 376 0
376 310 1
203 194 0
203 331 1
331 210 0
331 329 0
205 112 0
205 148 0
206 210 0
209 210 1
209 349 1
349 53 0
211 210 1
212 26 0
212 328 0
328 354 0
217 63 1
217 135 1
217 189 0
217 210 0
217 238 1
238 135 1
238 210 1
238 370 0
275 210 0
219 11 1
220 61 0
220 210 1
220 358 1
358 185 0
222 210 0
224 59 0
224 219 0
225 245 1
229 210 1
229 340 1
340 30 1
340 210 1
381 210 0
381 282 1
232 210 1
259 210 0
237 255 0
240 210 0
240 336 1
249 72 0
249 210 1
249 272 0
272 210 1
250 210 0
252 210 1
386 210 0
257 210 1
257 261 1
257 264 1
264 204 1
262 210 0
263 146 0
263 210 1
266 13 0
266 210 1
267 210 0
267 295 0
268 210 1
268 250 1
268 317 1
269 210 0
271 24 1
271 225 1
277 62 0
277 237 0
278 38 1
278 174 1
278 210 1
278 221 1
281 210 1
282 17 1
282 22 0
282 210 1
282 272 0
282 347 1
347 210 0
285 210 0
286 134 1
286 210 0
286 287 0
287 393 1
288 108 0
288 210 0
293 210 0
389 88 0
389 210 1
389 338 1
298 147 1
298 340 0
300 341 1
303 11 1
303 13 0
303 210 0
303 294 1
305 210 1
306 210 1
312 66 1
312 210 1
313 210 1
315 210 0
315 332 0
332 99 0
332 210 1
318 3 1
318 210 0
343 28 1
343 210 1
321 45 1
321 74 1
325 101 1
325 210 0
330 83 0
330 210 0
330 217 1
330 259 0
333 210 1
334 210 1
335 210 0
342 210 1
344 167 0
344 210 1
346 69 1
346 87 1
346 115 1
346 210 1
350 37 0
350 210 0
374 111 0
374 165 1
374 179 1
374 210 0
374 241 0
374 384 0
356 157 0
356 322 0
359 210 1
363 210 1
366 210 0
371 142 0
371 210 1
371 248 1
371 300 0
384 49 1
384 210 0
385 71 1
385 123 1
387 126 1
387 181 0
394 210 1
394 310 1
