1 273 1
273 308 1
2 257 1
2 589 1
2 312 1
2 348 0
2 10 1
2 276 1
2 19 0
2 459 1
2 17 1
2 328 1
2 16 0
2 508 1
4 273 1
4 307 1
4 19 1
4 459 0
4 16 0
4 508 0
4 10 0
4 276 1
4 7 0
4 235 1
4 2 1
4 589 1
5 312 0
5 348 1
5 16 1
5 508 0
5 320 0
5 503 0
5 10 1
5 276 1
5 17 1
5 328 1
312 63 1
312 16 1
312 508 1
312 320 1
312 503 1
312 10 1
312 276 1
312 17 1
312 328 1
348 63 1
6 273 1
7 388 1
7 19 1
7 459 1
7 235 0
9 273 1
9 351 1
9 395 1
9 502 1
9 312 1
9 348 1
9 2 1
9 589 1
9 19 1
9 459 0
9 10 1
9 276 0
9 4 0
9 220 1
351 273 1
395 110 0
395 312 1
395 348 1
395 2 0
395 589 1
395 19 1
395 459 1
395 10 1
395 276 1
395 4 0
395 220 1
502 110 0
10 79 1
10 19 1
10 459 1
10 320 1
10 503 0
10 16 1
10 508 1
12 273 0
12 596 1
596 273 1
596 443 1
13 172 0
13 273 1
172 273 1
14 273 1
16 84 1
16 320 1
16 503 1
16 4 0
16 220 1
16 395 1
16 502 1
84 273 1
17 457 1
17 4 1
17 220 1
17 19 1
17 459 0
457 273 1
457 320 1
457 503 1
457 16 1
457 508 0
457 312 1
457 348 1
457 17 0
457 328 1
19 273 1
19 411 1
19 16 1
19 508 1
19 17 0
19 328 1
19 459 0
19 320 1
19 503 1
19 312 1
19 348 1
19 10 0
19 276 1
20 158 1
20 461 1
158 385 1
461 273 1
461 385 1
21 273 1
21 406 0
406 273 1
22 17 1
22 328 1
22 4 1
22 220 1
22 19 1
22 459 1
328 273 1
328 457 1
23 273 1
25 273 1
26 273 1
26 554 0
29 367 1
29 390 1
367 428 0
390 273 1
390 428 1
31 570 1
32 273 1
33 273 1
34 90 1
35 273 1
37 379 1
379 35 1
379 87 1
379 273 1
38 273 1
40 77 1
40 336 1
77 251 1
77 262 1
77 273 1
336 262 1
336 273 1
41 71 1
41 229 1
41 273 1
71 519 1
229 273 1
229 519 1
43 273 1
44 213 1
44 273 0
44 444 1
213 380 1
444 273 0
444 380 1
45 75 1
75 273 1
46 273 1
46 412 1
412 26 1
412 128 1
412 273 1
48 273 1
54 451 1
55 249 1
249 273 1
56 133 1
56 273 1
56 365 1
133 273 1
365 273 1
58 273 1
58 399 1
399 273 0
62 97 1
62 273 1
97 273 1
63 273 0
64 273 1
64 466 1
466 273 1
466 563 0
65 273 1
65 285 0
65 378 1
285 315 1
378 273 1
378 315 1
66 248 1
66 334 1
248 167 0
334 167 1
334 273 1
70 16 1
70 273 1
70 508 0
70 320 1
70 503 0
70 4 0
70 220 1
70 395 1
70 502 1
508 84 0
508 273 1
72 273 1
73 273 1
74 273 1
74 521 1
521 106 1
521 273 1
251 273 0
251 372 1
251 449 1
262 273 0
78 236 1
78 273 1
78 574 1
236 82 1
236 273 1
574 82 1
80 273 1
80 471 1
471 24 1
471 273 1
81 273 1
81 295 1
295 273 0
295 523 1
83 15 0
87 273 0
89 273 0
91 273 1
91 558 1
558 308 1
92 260 1
92 282 1
260 273 1
260 375 1
260 538 0
282 375 1
93 170 1
93 273 1
170 273 1
170 561 1
95 97 1
95 273 1
96 269 0
269 273 1
98 143 1
98 273 1
99 42 0
99 273 1
100 273 0
101 273 1
101 514 1
514 273 1
102 273 1
103 564 0
564 273 0
104 262 1
104 273 1
105 63 1
105 273 1
105 496 1
106 273 1
107 223 1
107 431 1
223 364 1
431 273 1
431 364 1
108 273 0
109 7 1
109 235 1
109 273 0
109 19 1
109 459 1
235 388 1
111 273 1
112 278 1
112 495 1
278 273 1
278 347 0
495 347 1
113 273 1
113 396 1
396 273 1
114 210 1
115 238 1
115 273 0
238 122 0
238 273 1
238 414 1
116 138 1
116 234 1
138 540 1
234 273 1
234 540 1
119 143 1
119 219 1
119 273 1
219 273 1
219 507 1
120 41 1
120 273 1
121 178 0
121 245 1
178 274 1
245 274 0
122 87 1
122 273 0
122 335 1
122 378 1
335 273 1
125 42 0
125 273 0
126 273 1
127 256 1
127 273 1
127 586 1
256 206 1
256 273 1
586 206 0
128 554 1
129 273 1
131 273 1
135 60 1
136 273 1
540 273 1
139 273 1
140 228 0
140 273 0
140 493 1
228 113 1
493 113 1
493 273 0
142 273 1
142 341 1
341 273 0
144 273 1
146 273 1
146 538 1
538 273 1
148 41 1
148 103 0
148 273 0
148 421 1
421 564 1
150 273 1
151 237 0
151 273 0
237 273 1
153 34 1
153 291 0
291 90 0
154 504 0
154 552 1
504 572 1
552 572 1
155 146 1
155 330 1
330 538 1
156 366 1
157 273 1
385 273 1
159 105 1
159 270 0
159 273 1
270 273 1
270 496 1
160 273 1
160 435 0
435 273 1
435 474 1
161 73 1
161 273 1
163 273 1
164 273 0
168 273 1
169 273 1
169 511 1
169 537 1
511 545 1
537 273 1
537 545 0
561 73 0
561 273 1
171 273 1
174 443 1
177 273 1
179 273 0
181 273 1
182 273 1
183 83 0
183 273 1
183 301 1
301 15 0
301 273 1
184 49 1
185 273 1
187 526 1
187 581 1
526 39 0
581 39 1
189 287 0
189 294 0
287 273 1
287 310 0
294 310 1
190 273 1
191 273 0
194 273 1
194 354 1
194 363 0
354 273 1
354 436 1
363 436 1
201 14 1
202 273 1
202 487 1
487 219 1
487 273 1
203 331 1
203 394 0
331 129 0
394 4 1
394 129 1
394 273 1
204 521 1
205 273 1
207 322 0
207 548 1
322 6 1
322 273 1
322 370 1
548 273 1
548 370 1
208 98 1
208 119 1
209 549 1
209 595 0
549 566 1
595 273 1
595 566 1
211 271 1
211 585 1
271 123 1
585 123 1
585 136 1
585 273 1
585 433 1
215 273 1
216 273 0
218 273 1
507 273 1
220 307 0
221 273 1
221 349 1
221 385 1
221 577 1
349 157 1
349 171 1
349 273 1
349 412 1
577 157 1
222 273 1
364 273 1
224 19 0
224 273 0
224 432 1
224 459 1
224 16 1
224 508 1
224 17 1
224 328 1
224 320 0
224 503 1
224 312 1
224 348 1
224 10 1
224 276 1
432 273 1
459 273 1
459 411 1
225 366 0
226 273 1
227 273 1
231 62 1
231 95 1
231 273 0
233 224 1
233 226 1
233 273 1
233 336 1
414 87 0
414 273 1
414 489 1
240 273 0
241 267 1
267 273 1
242 273 0
244 182 1
246 233 1
246 588 1
588 226 1
588 273 0
247 273 1
372 273 1
372 533 1
449 533 1
252 273 1
253 156 1
253 225 1
258 201 1
258 376 1
376 14 1
376 273 1
375 98 1
375 273 1
261 111 1
261 273 1
261 548 0
264 60 1
266 273 1
272 241 0
272 273 0
272 333 0
333 229 1
333 267 1
333 273 1
333 345 0
333 419 1
275 24 0
275 126 1
275 273 1
276 79 0
277 273 0
279 273 1
279 523 1
523 273 1
280 273 0
281 474 1
283 273 1
284 273 1
315 273 1
286 96 1
286 273 1
286 389 1
389 269 0
310 273 1
292 456 0
293 273 1
296 273 0
297 273 1
297 507 1
298 430 1
298 547 1
430 273 1
430 402 1
547 273 1
547 402 1
300 273 1
300 341 0
300 590 1
590 31 0
590 273 0
590 381 1
311 49 1
311 273 1
313 75 0
314 50 0
314 273 1
316 33 1
316 273 1
317 273 1
320 273 1
320 16 1
320 508 1
320 312 1
320 348 1
320 17 1
320 328 0
320 503 1
321 133 1
321 273 1
321 279 1
321 412 1
323 273 0
323 486 1
486 202 1
486 273 1
486 534 1
324 70 1
324 273 0
324 470 1
470 273 1
325 273 1
326 273 1
327 2 0
327 589 1
327 312 1
327 348 0
327 10 0
327 276 1
327 19 1
327 459 1
327 17 1
327 328 1
327 16 1
327 508 0
589 257 0
589 273 1
329 273 0
332 91 1
332 273 1
345 273 1
419 221 1
419 237 0
419 249 1
419 273 1
338 275 1
338 471 1
339 321 1
339 550 1
550 133 1
550 273 1
550 399 0
342 111 0
343 273 1
344 194 1
344 273 1
344 362 1
362 273 1
352 273 1
352 314 1
352 386 1
386 50 1
386 273 1
353 281 0
353 435 1
436 273 1
355 273 1
356 557 1
557 273 0
358 139 1
358 273 1
360 273 0
428 273 1
368 273 0
369 54 1
369 453 1
453 273 1
453 451 1
371 273 1
371 466 1
373 379 1
374 184 1
374 273 1
374 311 1
377 292 1
377 539 1
539 456 0
381 570 1
383 273 1
383 342 1
383 503 1
503 111 1
503 273 1
384 64 1
384 371 1
387 273 1
393 210 0
393 273 0
398 273 1
400 316 1
400 422 0
422 33 1
403 273 1
403 557 0
408 273 1
409 273 1
410 273 1
489 273 1
415 273 1
418 464 1
464 273 0
464 368 1
420 273 0
426 273 1
427 182 1
433 204 1
433 273 1
433 512 1
512 273 1
512 448 1
512 521 1
434 273 1
437 55 1
437 419 1
441 273 0
441 300 1
445 273 1
445 487 0
447 62 1
447 273 1
448 45 1
448 273 1
448 313 1
452 135 1
452 264 1
452 273 1
455 273 1
458 273 0
462 273 1
462 316 1
465 273 1
465 376 1
563 273 1
469 100 1
469 273 1
469 293 1
472 99 1
472 125 1
472 273 1
475 273 1
475 435 1
475 464 1
477 114 1
477 393 1
478 273 1
478 498 1
498 273 1
484 273 0
484 576 1
576 273 1
534 487 1
488 273 1
491 108 1
491 273 1
500 215 1
500 273 1
500 557 1
572 273 1
510 101 1
510 592 1
592 514 1
545 273 0
513 273 1
515 162 1
515 273 1
520 226 0
520 273 1
522 37 1
522 373 0
524 273 0
524 376 1
525 273 1
529 273 0
530 273 1
530 356 0
530 500 1
531 244 1
531 273 0
531 427 1
532 273 1
535 273 1
541 273 0
542 418 0
542 475 1
543 162 1
551 174 1
551 596 1
562 515 1
562 543 1
568 273 1
568 320 1
571 142 1
571 300 1
575 161 1
575 273 1
575 561 1
579 273 1
583 273 1
584 4 1
584 220 0
584 273 1
584 19 1
584 459 1
584 16 1
584 508 1
584 10 1
584 276 0
584 7 1
584 235 1
584 2 0
584 589 1
587 10 0
587 273 0
587 276 1
587 19 1
587 459 1
587 320 1
587 503 1
587 16 1
587 508 0
591 273 1
593 273 1
