1 183 1
1 532 1
1 4 1
1 120 1
1 515 1
1 2 1
1 168 1
1 184 1
1 765 1
1 362 0
1 503 1
1 753 1
1 7 1
1 34 1
183 171 1
532 183 0
2 183 1
2 358 1
2 986 0
2 7 1
2 442 1
2 184 0
2 753 0
2 168 0
2 34 0
2 1 0
2 515 1
2 362 0
2 503 1
3 183 1
3 266 1
266 183 1
4 183 1
4 184 1
4 753 1
4 362 1
4 503 1
4 2 1
4 634 1
4 765 1
4 120 1
4 7 0
4 442 0
4 168 1
4 1 1
4 515 1
184 183 1
184 187 1
184 362 1
184 503 0
184 2 0
184 634 1
184 765 1
184 4 0
184 120 1
184 7 1
184 442 0
184 168 1
184 34 1
184 1 1
184 515 1
753 183 1
7 183 1
7 442 1
7 4 1
7 120 0
7 358 1
7 986 1
7 2 1
7 168 1
7 362 1
7 503 1
9 183 1
11 151 1
11 183 1
151 183 1
13 358 0
13 986 1
13 2 1
13 634 1
13 362 1
13 503 0
13 184 1
13 765 1
13 4 1
13 120 0
13 7 1
13 442 1
358 183 1
358 819 1
358 2 1
358 634 1
358 362 1
358 503 1
358 184 0
358 765 0
358 4 1
358 120 1
358 7 0
358 442 0
986 819 1
14 183 0
16 362 1
16 503 1
16 184 1
16 765 1
16 1 0
16 515 0
16 7 1
16 34 0
16 442 1
362 174 1
362 183 1
362 526 0
362 184 1
362 765 1
362 1 1
362 515 1
362 7 0
362 34 0
362 442 1
503 174 1
503 183 0
503 340 1
17 183 1
19 103 1
19 183 0
19 475 0
103 183 1
103 199 1
475 183 1
475 199 1
475 669 1
20 183 0
21 183 1
24 183 1
25 71 1
25 183 1
27 183 1
27 846 1
27 911 1
846 183 1
911 183 1
911 211 0
911 370 1
28 183 1
29 38 1
29 183 0
29 605 1
38 183 1
38 964 0
605 183 1
605 421 0
32 183 0
33 183 1
34 133 1
34 183 1
133 183 1
133 399 0
133 516 1
35 183 1
35 307 1
307 148 1
307 183 0
307 331 1
37 183 1
37 476 0
476 183 1
964 183 1
39 183 1
40 183 1
40 978 0
41 456 1
42 183 1
42 193 1
193 183 1
43 183 1
45 183 1
45 386 1
45 658 1
386 183 1
658 183 1
658 509 1
658 734 1
47 183 0
48 183 1
48 869 1
48 970 1
869 183 1
869 352 0
970 183 1
970 314 1
970 352 1
50 183 0
52 183 1
53 183 1
54 150 0
54 183 0
54 376 1
150 183 1
150 801 1
376 183 1
376 801 0
376 837 1
55 183 1
55 696 0
696 183 1
696 419 1
56 183 1
57 183 1
58 412 1
412 183 1
412 300 1
60 183 0
61 183 1
62 183 0
63 183 1
64 183 0
65 183 1
66 466 0
67 183 1
68 183 1
69 183 1
70 183 1
72 183 1
72 184 1
72 765 1
72 4 1
72 120 1
72 2 0
72 634 1
72 362 1
72 503 1
72 7 1
72 34 1
765 168 0
765 183 1
765 929 1
73 183 0
75 183 1
75 959 1
76 183 1
77 44 1
77 183 1
77 702 1
77 787 1
702 183 1
787 183 1
787 367 0
79 183 1
80 86 0
80 546 1
86 183 1
86 595 1
546 183 0
546 225 1
546 595 1
82 183 1
82 649 1
649 183 1
87 183 1
88 177 1
88 183 1
92 183 1
92 399 0
92 544 1
399 183 0
399 403 1
399 733 0
399 998 1
544 79 1
544 183 0
93 183 1
94 183 1
94 417 0
417 183 1
417 810 1
95 953 1
953 183 1
96 183 1
98 183 1
100 183 0
101 183 1
101 559 1
101 730 1
101 844 1
559 183 1
559 322 1
730 322 1
844 183 1
199 183 1
105 183 0
106 183 1
107 183 0
107 991 0
991 183 0
109 965 1
965 183 0
965 654 1
965 797 1
110 183 1
111 183 1
112 183 1
112 263 0
263 183 1
113 183 1
114 183 1
116 183 1
117 183 1
117 404 0
117 630 1
404 183 1
404 859 0
630 859 1
118 183 1
119 183 1
120 753 1
121 183 1
122 183 1
123 183 1
124 183 1
124 244 1
124 938 1
244 183 1
244 853 1
938 183 1
938 853 1
125 183 1
126 183 1
126 936 0
936 183 1
127 183 0
127 526 1
526 183 1
129 183 1
130 485 1
130 588 1
485 183 1
485 214 1
588 183 1
588 214 0
131 183 1
132 183 0
132 801 1
801 183 1
801 319 1
516 183 1
516 733 1
516 954 1
137 183 0
139 183 1
140 183 1
141 183 1
143 183 0
144 183 1
144 403 1
144 835 1
403 183 1
835 183 1
835 300 0
835 706 1
148 45 1
148 183 1
152 183 0
152 720 0
720 183 1
720 353 0
720 889 1
154 183 1
154 945 1
155 183 1
156 183 0
158 183 0
159 476 1
160 169 1
160 183 1
160 961 1
169 183 1
961 183 0
961 283 1
161 183 1
162 965 1
163 850 1
165 183 1
166 183 1
167 183 1
168 183 1
170 183 1
170 381 0
170 477 1
381 18 0
381 183 1
477 18 1
171 183 1
173 183 1
175 182 1
175 183 1
182 183 1
178 183 0
179 665 0
181 159 1
181 183 1
181 736 1
736 183 0
736 476 0
187 183 1
188 40 1
188 183 1
188 587 1
587 183 1
587 978 1
189 183 1
190 183 0
192 183 1
192 368 1
192 879 1
879 183 0
879 779 0
194 183 1
195 183 1
195 419 1
195 846 1
419 183 1
197 183 1
200 183 1
200 421 1
421 169 1
421 183 1
201 71 1
201 183 1
203 19 1
203 183 1
204 183 0
204 474 1
474 183 1
205 183 1
205 329 1
329 183 1
206 183 1
207 95 1
207 183 1
207 885 1
885 953 0
209 183 1
209 638 1
209 938 1
638 183 1
210 183 1
210 225 1
210 937 1
225 183 1
225 695 0
937 695 1
211 183 1
211 518 1
518 183 1
518 493 1
212 183 0
214 183 1
215 183 1
216 148 1
216 183 1
216 688 1
688 45 1
688 183 1
218 183 1
220 183 1
222 183 1
222 964 1
223 44 1
224 183 1
224 505 1
505 183 1
226 154 0
226 183 1
226 543 1
226 603 1
226 825 1
543 183 1
603 183 0
603 665 1
825 945 1
227 183 1
227 427 1
427 183 1
228 183 1
228 190 0
229 183 1
230 183 1
230 818 1
818 183 0
818 366 1
818 967 1
231 183 0
232 183 1
233 183 0
234 525 1
234 547 1
525 56 1
525 183 1
525 685 1
525 750 0
547 183 1
547 637 1
547 685 1
235 143 1
237 183 0
238 183 1
239 183 0
240 183 1
240 306 1
306 183 1
306 717 0
853 183 0
853 509 1
245 143 1
245 183 1
246 183 0
246 794 1
247 183 1
247 491 1
491 183 1
248 183 0
248 329 0
249 183 1
251 539 1
251 864 1
539 106 1
539 183 1
864 106 1
864 183 1
864 994 1
253 183 0
254 183 1
256 183 1
257 183 1
257 843 1
843 183 0
843 218 1
258 55 1
258 183 1
258 286 1
258 666 1
286 183 1
286 785 1
666 183 1
666 696 1
259 183 1
259 263 0
259 907 1
907 183 1
261 183 0
262 183 1
262 681 1
265 183 1
265 406 1
265 426 1
406 425 0
426 183 1
426 425 1
267 204 1
267 896 1
896 183 1
896 474 1
268 579 1
268 837 1
579 93 0
579 183 0
837 93 1
837 183 1
269 183 0
269 293 1
293 183 1
293 911 1
270 183 1
272 183 1
276 183 1
277 183 1
278 183 1
278 190 1
278 446 1
446 183 1
279 183 1
279 764 1
279 852 1
279 858 1
764 566 0
852 183 1
852 566 0
858 183 1
280 183 1
280 954 1
954 183 1
954 403 1
282 668 1
283 183 1
284 183 0
284 664 0
284 740 1
664 543 1
740 543 0
285 112 1
285 183 1
285 259 1
785 183 1
287 183 1
288 183 1
290 152 1
290 183 0
291 183 1
292 183 0
294 183 0
295 209 1
295 820 0
820 183 1
820 638 1
296 116 1
296 183 1
297 183 1
298 183 1
299 183 1
300 183 0
303 58 1
303 183 1
303 815 1
815 412 1
305 728 1
331 183 1
331 726 1
331 818 1
308 183 0
309 183 1
311 183 1
313 25 0
313 183 1
313 201 1
314 183 1
314 896 1
315 183 1
316 183 1
318 183 1
319 183 1
320 183 1
322 183 1
323 397 1
323 782 1
397 310 1
782 310 0
324 183 0
326 506 1
326 705 0
506 454 0
705 183 1
705 454 1
705 969 1
327 183 1
328 26 1
328 183 0
328 380 1
328 895 1
380 183 1
895 183 1
895 200 1
895 605 1
330 183 1
330 305 1
330 796 1
796 728 1
726 183 0
726 967 1
332 183 1
333 183 1
333 649 0
334 300 1
335 183 0
335 246 1
335 479 1
479 794 1
336 183 1
337 94 1
337 183 1
337 780 0
780 183 1
780 417 0
339 441 1
339 861 1
441 183 1
441 250 1
441 413 1
861 183 1
861 250 1
861 474 1
340 183 1
343 215 0
345 183 0
346 22 1
347 183 0
347 636 1
636 183 0
348 183 1
350 183 1
351 183 1
351 346 1
351 472 1
472 22 0
353 493 1
493 183 1
354 183 0
355 177 1
355 183 1
356 75 0
356 183 1
356 468 1
468 183 1
468 959 1
357 183 1
359 183 1
360 183 0
360 391 0
391 183 1
391 658 1
391 719 1
361 183 1
361 521 1
521 148 1
521 183 0
363 803 1
363 961 1
803 183 0
803 283 1
803 495 1
364 183 1
365 423 1
423 183 1
366 183 1
367 183 1
369 183 1
370 183 1
370 518 0
372 183 1
372 511 1
511 66 1
511 183 1
511 496 1
374 183 1
375 183 1
383 183 1
383 844 1
384 183 1
385 183 1
387 50 1
387 183 1
388 183 1
389 183 1
390 183 1
719 183 1
719 637 1
392 183 1
393 183 1
393 239 1
394 844 1
395 183 1
395 831 0
395 950 1
831 183 1
950 183 1
950 797 1
396 183 1
398 183 1
398 936 1
998 183 1
401 183 1
402 183 1
405 183 1
405 218 1
407 405 0
407 487 1
487 218 1
408 564 1
409 183 1
409 474 1
410 183 0
411 183 1
413 183 1
414 183 1
416 183 1
416 262 0
416 804 1
804 681 1
810 183 1
418 183 0
418 998 0
420 114 1
420 183 1
428 56 1
428 183 1
428 557 1
428 791 1
557 183 1
557 548 1
791 183 1
791 508 1
791 548 1
429 183 1
430 183 1
430 192 1
430 562 1
562 368 0
431 41 1
431 732 1
732 183 1
732 456 1
732 847 0
433 82 1
433 183 1
433 333 1
434 183 1
434 602 1
434 667 1
602 96 0
602 183 1
602 550 1
667 550 1
435 183 0
435 287 1
435 461 1
461 183 1
461 408 1
461 590 1
436 183 0
437 183 1
437 719 1
442 144 1
442 183 1
442 954 1
443 152 1
443 183 1
444 183 1
444 491 1
444 548 0
548 183 1
445 183 1
447 183 1
447 508 1
508 183 0
448 183 1
448 620 0
620 183 1
449 183 1
449 215 1
451 33 0
451 183 0
451 626 1
451 987 1
626 183 1
626 920 1
987 920 0
452 179 0
452 183 1
452 351 1
452 603 1
455 183 1
459 183 1
590 564 1
462 183 0
464 38 1
464 183 0
464 534 1
534 183 1
465 183 0
465 331 1
467 183 0
467 398 1
467 509 1
509 183 0
509 640 1
469 521 1
471 183 1
471 343 0
471 449 0
669 183 1
478 183 1
480 156 1
480 183 1
481 183 0
482 183 1
483 183 0
483 751 0
483 992 1
751 183 1
992 183 1
992 365 1
992 866 0
489 183 0
489 383 1
489 394 1
489 932 0
932 183 0
490 286 1
490 545 0
545 183 0
545 751 1
545 785 1
495 183 1
496 183 1
496 466 1
498 312 1
499 183 0
501 183 0
502 183 1
504 183 0
507 183 0
640 65 1
640 183 1
510 183 1
510 914 1
512 183 1
512 717 0
515 532 1
519 183 0
519 669 1
520 183 1
522 183 1
523 183 1
685 183 0
750 183 1
528 183 1
530 312 0
537 2 1
537 47 1
537 183 0
537 634 1
537 358 1
537 986 0
537 7 0
537 442 1
537 1 1
537 515 1
634 183 1
538 183 1
637 183 1
549 183 1
550 183 1
553 183 1
554 183 0
554 385 0
558 510 0
558 742 1
742 183 0
742 914 1
560 131 1
560 183 1
561 27 1
561 195 1
566 183 0
567 183 1
568 183 1
569 183 1
572 88 0
572 355 1
573 183 1
573 750 1
575 183 1
575 904 1
576 183 1
578 183 1
581 183 0
583 4 1
583 120 1
583 183 1
583 362 1
583 503 1
583 184 1
583 753 1
583 765 0
584 7 1
584 34 1
584 183 1
584 442 1
584 4 1
584 120 1
584 358 1
584 986 1
584 2 1
584 168 1
584 362 1
584 503 1
585 300 0
586 183 1
589 183 0
593 183 0
593 498 1
593 530 1
594 183 1
596 183 1
596 235 1
596 245 1
597 183 1
598 183 1
599 183 1
600 183 1
601 183 0
607 183 0
608 93 0
608 183 1
610 183 1
611 183 0
611 546 1
613 183 1
613 736 1
616 183 1
617 183 1
618 183 0
619 328 1
619 755 1
755 26 1
621 183 1
622 183 0
622 806 1
622 915 1
806 183 1
806 898 1
915 183 1
915 898 1
624 183 0
625 183 0
625 846 0
625 918 0
918 183 1
920 183 1
627 183 0
628 183 1
631 183 1
631 936 1
633 183 0
633 963 1
963 183 1
639 183 1
642 168 1
642 183 0
642 931 1
931 183 1
931 634 0
643 183 1
645 183 1
645 409 1
646 183 0
650 183 1
650 736 1
651 183 1
653 183 1
654 183 1
656 183 1
734 183 1
734 640 1
660 183 1
660 383 1
661 183 0
661 837 1
663 28 0
671 183 1
671 306 0
671 351 1
671 512 1
672 183 1
677 109 1
677 162 1
677 183 0
678 1 0
678 183 1
678 515 0
678 4 1
678 120 1
678 2 1
678 168 0
678 184 1
678 765 0
678 362 1
678 503 1
678 753 1
678 7 1
678 34 0
680 183 1
682 183 0
682 277 1
682 523 1
683 183 1
683 309 1
684 183 1
684 802 1
802 183 1
686 2 1
686 168 1
686 183 0
686 184 0
686 753 1
686 7 1
686 34 1
686 362 1
686 503 1
689 668 1
690 913 1
690 940 1
913 551 0
940 551 1
691 163 1
691 974 0
974 850 1
692 183 0
692 412 1
693 183 1
693 357 0
694 183 0
698 183 0
698 706 1
706 183 1
706 383 1
700 183 1
701 183 1
703 183 1
969 183 1
708 183 1
710 183 0
710 824 1
824 183 1
714 183 1
714 420 1
716 183 1
716 335 1
718 183 0
718 318 1
889 493 1
721 183 1
722 183 1
722 296 0
722 309 1
723 183 1
725 183 1
967 183 1
967 384 1
847 183 1
735 183 1
738 155 1
738 183 1
739 77 1
739 183 1
739 223 0
741 183 1
741 634 1
743 183 1
744 183 1
745 183 0
746 183 0
747 61 1
747 183 0
747 290 1
747 828 0
828 152 0
828 183 1
748 575 1
748 922 1
922 904 1
749 183 1
749 282 1
749 689 1
752 183 0
752 263 1
756 183 1
758 183 1
760 183 1
760 214 1
760 348 0
761 171 1
761 183 0
762 183 1
762 263 1
762 277 1
763 183 1
929 183 1
767 107 1
767 939 1
939 183 0
939 991 1
768 183 1
769 183 1
770 183 1
770 318 1
770 557 0
771 183 1
771 729 1
772 135 1
772 183 1
772 238 1
773 183 1
774 183 1
777 126 0
777 183 1
777 398 0
778 183 0
779 183 0
781 183 1
781 761 0
783 420 0
788 183 0
788 598 1
789 183 1
790 183 1
790 620 1
793 55 0
793 183 1
793 860 0
860 183 1
795 183 1
797 183 1
798 183 1
798 599 1
805 183 1
805 765 1
808 183 1
812 183 1
816 183 1
817 183 1
821 183 1
822 151 0
822 183 1
822 618 1
826 183 1
827 183 1
827 412 0
827 568 0
829 183 1
830 183 1
830 686 1
830 765 1
832 183 1
833 183 1
834 771 1
834 854 1
854 729 1
839 183 1
840 183 1
840 334 0
840 585 0
842 183 1
842 266 1
845 183 1
845 337 1
848 183 1
849 183 1
856 183 1
994 183 1
865 183 0
866 183 1
866 423 1
867 183 1
867 581 1
870 183 1
871 123 1
871 183 1
872 183 1
874 183 1
875 183 1
877 183 1
878 183 0
880 183 1
880 603 1
881 183 0
882 183 1
883 714 1
883 783 1
886 183 1
888 183 1
890 155 1
890 183 1
891 183 1
893 183 1
893 663 1
893 912 1
912 28 1
912 183 0
897 183 1
899 183 1
900 183 1
901 183 1
901 391 0
901 437 0
902 183 0
903 183 1
905 183 1
906 183 0
908 183 0
909 183 1
910 183 1
916 183 1
916 361 1
916 469 1
916 961 1
924 183 1
926 183 0
927 183 1
933 183 1
935 183 1
942 183 0
944 183 1
946 183 0
946 414 1
946 858 0
947 183 0
951 183 0
951 416 1
951 772 1
951 984 0
984 135 1
984 183 1
984 328 1
955 127 1
955 183 1
956 29 0
956 464 1
957 183 1
960 183 1
962 183 1
968 183 1
971 17 1
971 183 1
971 573 1
972 183 1
972 205 1
972 248 1
975 183 1
979 183 0
985 183 0
989 183 1
990 183 1
990 405 1
993 183 1
995 183 1
