1 183 1
1 532 0
1 4 1
1 120 1
1 515 1
1 2 0
1 168 1
1 184 0
1 765 1
1 362 0
1 503 0
1 753 0
1 7 1
1 34 0
183 171 1
532 183 1
2 183 1
2 358 1
2 986 0
2 7 0
2 442 1
2 184 1
2 753 1
2 168 0
2 34 1
2 1 1
2 515 0
2 362 0
2 503 1
3 183 0
3 266 1
266 183 0
4 183 0
4 184 1
4 753 1
4 362 1
4 503 0
4 2 0
4 634 0
4 765 0
4 120 1
4 7 0
4 442 1
4 168 1
4 1 1
4 515 1
184 183 1
184 187 1
184 362 1
184 503 0
184 2 1
184 634 0
184 765 0
184 4 1
184 120 1
184 7 1
184 442 1
184 168 1
184 34 1
184 1 1
184 515 1
753 183 0
7 183 1
7 442 1
7 4 0
7 120 0
7 358 0
7 986 1
7 2 0
7 168 0
7 362 1
7 503 0
9 183 1
11 151 1
11 183 0
151 183 1
13 358 1
13 986 0
13 2 0
13 634 1
13 362 0
13 503 1
13 184 0
13 765 0
13 4 1
13 120 1
13 7 1
13 442 1
358 183 1
358 819 0
358 2 1
358 634 1
358 362 1
358 503 1
358 184 1
358 765 0
358 4 0
358 120 0
358 7 0
358 442 1
986 819 1
14 183 1
16 362 0
16 503 1
16 184 1
16 765 1
16 1 0
16 515 1
16 7 1
16 34 0
16 442 0
362 174 0
362 183 1
362 526 0
362 184 0
362 765 1
362 1 0
362 515 0
362 7 0
362 34 1
362 442 0
503 174 0
503 183 0
503 340 1
17 183 1
19 103 1
19 183 0
19 475 1
103 183 0
103 199 0
475 183 1
475 199 0
475 669 0
20 183 1
21 183 0
24 183 0
25 71 1
25 183 1
27 183 0
27 846 0
27 911 0
846 183 1
911 183 1
911 211 0
911 370 0
28 183 0
29 38 0
29 183 0
29 605 0
38 183 0
38 964 1
605 183 1
605 421 0
32 183 1
33 183 1
34 133 1
34 183 0
133 183 1
133 399 1
133 516 0
35 183 0
35 307 1
307 148 1
307 183 1
307 331 1
37 183 0
37 476 1
476 183 0
964 183 1
39 183 0
40 183 0
40 978 1
41 456 0
42 183 0
42 193 1
193 183 1
43 183 0
45 183 0
45 386 0
45 658 1
386 183 1
658 183 0
658 509 1
658 734 1
47 183 1
48 183 0
48 869 0
48 970 1
869 183 1
869 352 0
970 183 1
970 314 1
970 352 0
50 183 1
52 183 1
53 183 0
54 150 1
54 183 0
54 376 1
150 183 1
150 801 1
376 183 1
376 801 0
376 837 0
55 183 1
55 696 1
696 183 1
696 419 1
56 183 1
57 183 0
58 412 1
412 183 1
412 300 0
60 183 0
61 183 1
62 183 1
63 183 0
64 183 0
65 183 1
66 466 0
67 183 0
68 183 1
69 183 1
70 183 1
72 183 1
72 184 1
72 765 1
72 4 1
72 120 1
72 2 1
72 634 0
72 362 1
72 503 1
72 7 0
72 34 0
765 168 0
765 183 0
765 929 0
73 183 1
75 183 0
75 959 1
76 183 1
77 44 0
77 183 1
77 702 0
77 787 1
702 183 0
787 183 1
787 367 0
79 183 1
80 86 1
80 546 0
86 183 0
86 595 0
546 183 1
546 225 1
546 595 1
82 183 1
82 649 0
649 183 0
87 183 1
88 177 1
88 183 0
92 183 0
92 399 1
92 544 0
399 183 0
399 403 0
399 733 1
399 998 1
544 79 1
544 183 1
93 183 1
94 183 0
94 417 0
417 183 0
417 810 1
95 953 1
953 183 0
96 183 1
98 183 0
100 183 1
101 183 1
101 559 0
101 730 0
101 844 1
559 183 0
559 322 1
730 322 0
844 183 0
199 183 1
105 183 0
106 183 0
107 183 0
107 991 1
991 183 1
109 965 0
965 183 1
965 654 0
965 797 1
110 183 0
111 183 1
112 183 1
112 263 1
263 183 1
113 183 1
114 183 0
116 183 1
117 183 1
117 404 1
117 630 0
404 183 0
404 859 1
630 859 1
118 183 1
119 183 0
120 753 0
121 183 0
122 183 0
123 183 1
124 183 0
124 244 0
124 938 0
244 183 0
244 853 0
938 183 0
938 853 1
125 183 0
126 183 1
126 936 0
936 183 1
127 183 0
127 526 1
526 183 0
129 183 1
130 485 1
130 588 1
485 183 0
485 214 1
588 183 1
588 214 0
131 183 1
132 183 1
132 801 0
801 183 0
801 319 1
516 183 1
516 733 0
516 954 0
137 183 0
139 183 0
140 183 1
141 183 1
143 183 1
144 183 0
144 403 1
144 835 0
403 183 1
835 183 1
835 300 1
835 706 0
148 45 1
148 183 1
152 183 0
152 720 1
720 183 1
720 353 1
720 889 0
154 183 0
154 945 0
155 183 1
156 183 1
158 183 0
159 476 0
160 169 1
160 183 0
160 961 1
169 183 1
961 183 1
961 283 0
161 183 1
162 965 0
163 850 1
165 183 1
166 183 0
167 183 1
168 183 0
170 183 1
170 381 1
170 477 1
381 18 0
381 183 0
477 18 0
171 183 0
173 183 1
175 182 1
175 183 0
182 183 0
178 183 0
179 665 0
181 159 1
181 183 0
181 736 1
736 183 1
736 476 1
187 183 1
188 40 0
188 183 1
188 587 1
587 183 0
587 978 0
189 183 0
190 183 1
192 183 1
192 368 0
192 879 1
879 183 0
879 779 0
194 183 1
195 183 1
195 419 1
195 846 1
419 183 1
197 183 0
200 183 0
200 421 0
421 169 0
421 183 1
201 71 1
201 183 1
203 19 0
203 183 1
204 183 1
204 474 0
474 183 1
205 183 0
205 329 1
329 183 1
206 183 1
207 95 0
207 183 1
207 885 0
885 953 0
209 183 0
209 638 1
209 938 0
638 183 1
210 183 1
210 225 0
210 937 0
225 183 0
225 695 1
937 695 0
211 183 0
211 518 1
518 183 1
518 493 0
212 183 0
214 183 0
215 183 1
216 148 1
216 183 0
216 688 0
688 45 1
688 183 1
218 183 0
220 183 1
222 183 1
222 964 0
223 44 0
224 183 1
224 505 0
505 183 1
226 154 1
226 183 1
226 543 0
226 603 0
226 825 0
543 183 0
603 183 1
603 665 1
825 945 1
227 183 0
227 427 0
427 183 0
228 183 1
228 190 1
229 183 0
230 183 1
230 818 1
818 183 1
818 366 0
818 967 0
231 183 1
232 183 1
233 183 0
234 525 1
234 547 1
525 56 0
525 183 0
525 685 0
525 750 0
547 183 1
547 637 0
547 685 0
235 143 0
237 183 1
238 183 1
239 183 0
240 183 1
240 306 1
306 183 0
306 717 0
853 183 1
853 509 0
245 143 0
245 183 0
246 183 1
246 794 0
247 183 1
247 491 1
491 183 1
248 183 0
248 329 1
249 183 0
251 539 1
251 864 1
539 106 0
539 183 1
864 106 1
864 183 1
864 994 0
253 183 1
254 183 1
256 183 0
257 183 1
257 843 1
843 183 0
843 218 1
258 55 0
258 183 1
258 286 0
258 666 1
286 183 1
286 785 0
666 183 1
666 696 1
259 183 1
259 263 1
259 907 0
907 183 0
261 183 0
262 183 0
262 681 0
265 183 0
265 406 1
265 426 0
406 425 1
426 183 0
426 425 1
267 204 1
267 896 0
896 183 0
896 474 1
268 579 1
268 837 0
579 93 1
579 183 0
837 93 1
837 183 1
269 183 1
269 293 1
293 183 0
293 911 0
270 183 1
272 183 0
276 183 1
277 183 1
278 183 1
278 190 0
278 446 1
446 183 1
279 183 1
279 764 1
279 852 0
279 858 0
764 566 0
852 183 0
852 566 1
858 183 1
280 183 0
280 954 1
954 183 1
954 403 0
282 668 1
283 183 0
284 183 1
284 664 0
284 740 0
664 543 1
740 543 1
285 112 0
285 183 0
285 259 1
785 183 1
287 183 0
288 183 0
290 152 1
290 183 0
291 183 0
292 183 0
294 183 0
295 209 0
295 820 1
820 183 0
820 638 0
296 116 0
296 183 0
297 183 0
298 183 0
299 183 0
300 183 1
303 58 0
303 183 1
303 815 0
815 412 0
305 728 0
331 183 1
331 726 0
331 818 1
308 183 1
309 183 0
311 183 0
313 25 1
313 183 1
313 201 0
314 183 1
314 896 1
315 183 1
316 183 0
318 183 1
319 183 0
320 183 0
322 183 0
323 397 0
323 782 1
397 310 1
782 310 1
324 183 1
326 506 1
326 705 0
506 454 0
705 183 0
705 454 0
705 969 1
327 183 0
328 26 0
328 183 1
328 380 1
328 895 0
380 183 0
895 183 1
895 200 1
895 605 0
330 183 1
330 305 0
330 796 0
796 728 1
726 183 0
726 967 0
332 183 0
333 183 1
333 649 0
334 300 0
335 183 1
335 246 1
335 479 1
479 794 0
336 183 1
337 94 1
337 183 0
337 780 1
780 183 0
780 417 0
339 441 0
339 861 1
441 183 0
441 250 0
441 413 0
861 183 0
861 250 0
861 474 0
340 183 0
343 215 0
345 183 1
346 22 0
347 183 1
347 636 0
636 183 0
348 183 0
350 183 1
351 183 1
351 346 1
351 472 0
472 22 1
353 493 0
493 183 0
354 183 0
355 177 0
355 183 1
356 75 1
356 183 1
356 468 0
468 183 1
468 959 0
357 183 0
359 183 1
360 183 0
360 391 0
391 183 1
391 658 0
391 719 0
361 183 1
361 521 0
521 148 1
521 183 0
363 803 0
363 961 0
803 183 0
803 283 1
803 495 1
364 183 0
365 423 0
423 183 1
366 183 0
367 183 0
369 183 0
370 183 1
370 518 0
372 183 0
372 511 0
511 66 1
511 183 1
511 496 0
374 183 1
375 183 1
383 183 1
383 844 1
384 183 0
385 183 0
387 50 0
387 183 0
388 183 1
389 183 0
390 183 1
719 183 1
719 637 0
392 183 1
393 183 0
393 239 0
394 844 0
395 183 1
395 831 0
395 950 0
831 183 1
950 183 1
950 797 1
396 183 0
398 183 0
398 936 0
998 183 1
401 183 0
402 183 0
405 183 1
405 218 1
407 405 1
407 487 0
487 218 1
408 564 1
409 183 1
409 474 1
410 183 1
411 183 0
413 183 0
414 183 0
416 183 0
416 262 0
416 804 0
804 681 1
810 183 1
418 183 0
418 998 1
420 114 1
420 183 1
428 56 0
428 183 0
428 557 0
428 791 1
557 183 1
557 548 1
791 183 1
791 508 1
791 548 1
429 183 0
430 183 1
430 192 0
430 562 0
562 368 0
431 41 0
431 732 1
732 183 0
732 456 1
732 847 0
433 82 1
433 183 1
433 333 1
434 183 1
434 602 0
434 667 1
602 96 0
602 183 0
602 550 0
667 550 1
435 183 0
435 287 1
435 461 0
461 183 1
461 408 0
461 590 1
436 183 0
437 183 1
437 719 0
442 144 1
442 183 0
442 954 1
443 152 1
443 183 1
444 183 1
444 491 1
444 548 0
548 183 0
445 183 1
447 183 1
447 508 0
508 183 1
448 183 1
448 620 0
620 183 0
449 183 1
449 215 0
451 33 1
451 183 0
451 626 0
451 987 0
626 183 1
626 920 1
987 920 1
452 179 1
452 183 0
452 351 1
452 603 1
455 183 0
459 183 1
590 564 1
462 183 1
464 38 1
464 183 0
464 534 0
534 183 1
465 183 0
465 331 1
467 183 1
467 398 0
467 509 0
509 183 0
509 640 0
469 521 1
471 183 1
471 343 1
471 449 1
669 183 1
478 183 1
480 156 0
480 183 0
481 183 1
482 183 1
483 183 1
483 751 1
483 992 0
751 183 1
992 183 1
992 365 0
992 866 1
489 183 1
489 383 1
489 394 0
489 932 0
932 183 1
490 286 0
490 545 0
545 183 1
545 751 1
545 785 0
495 183 0
496 183 1
496 466 0
498 312 0
499 183 1
501 183 1
502 183 1
504 183 1
507 183 0
640 65 1
640 183 1
510 183 0
510 914 1
512 183 0
512 717 0
515 532 1
519 183 0
519 669 1
520 183 1
522 183 0
523 183 0
685 183 1
750 183 0
528 183 1
530 312 0
537 2 1
537 47 0
537 183 0
537 634 1
537 358 1
537 986 1
537 7 1
537 442 0
537 1 0
537 515 1
634 183 0
538 183 0
637 183 0
549 183 1
550 183 0
553 183 0
554 183 0
554 385 1
558 510 0
558 742 1
742 183 0
742 914 1
560 131 0
560 183 1
561 27 0
561 195 0
566 183 1
567 183 1
568 183 1
569 183 1
572 88 1
572 355 0
573 183 1
573 750 0
575 183 1
575 904 0
576 183 1
578 183 0
581 183 1
583 4 1
583 120 0
583 183 0
583 362 0
583 503 1
583 184 1
583 753 0
583 765 0
584 7 0
584 34 0
584 183 0
584 442 0
584 4 0
584 120 0
584 358 1
584 986 0
584 2 0
584 168 1
584 362 0
584 503 1
585 300 0
586 183 0
589 183 0
593 183 1
593 498 1
593 530 0
594 183 1
596 183 0
596 235 0
596 245 0
597 183 0
598 183 0
599 183 0
600 183 1
601 183 0
607 183 0
608 93 0
608 183 1
610 183 0
611 183 1
611 546 1
613 183 0
613 736 1
616 183 1
617 183 0
618 183 1
619 328 0
619 755 1
755 26 1
621 183 0
622 183 0
622 806 1
622 915 1
806 183 1
806 898 1
915 183 0
915 898 1
624 183 1
625 183 0
625 846 1
625 918 0
918 183 0
920 183 0
627 183 0
628 183 0
631 183 1
631 936 0
633 183 0
633 963 0
963 183 1
639 183 1
642 168 0
642 183 1
642 931 0
931 183 0
931 634 1
643 183 1
645 183 1
645 409 1
646 183 0
650 183 1
650 736 1
651 183 0
653 183 1
654 183 1
656 183 1
734 183 0
734 640 1
660 183 0
660 383 0
661 183 1
661 837 0
663 28 1
671 183 0
671 306 0
671 351 1
671 512 1
672 183 0
677 109 1
677 162 1
677 183 1
678 1 0
678 183 0
678 515 0
678 4 1
678 120 1
678 2 0
678 168 1
678 184 1
678 765 0
678 362 1
678 503 0
678 753 0
678 7 0
678 34 0
680 183 0
682 183 0
682 277 0
682 523 0
683 183 0
683 309 1
684 183 0
684 802 1
802 183 0
686 2 0
686 168 1
686 183 1
686 184 0
686 753 1
686 7 1
686 34 1
686 362 0
686 503 0
689 668 0
690 913 0
690 940 0
913 551 1
940 551 1
691 163 1
691 974 0
974 850 0
692 183 1
692 412 0
693 183 1
693 357 1
694 183 1
698 183 0
698 706 1
706 183 0
706 383 0
700 183 1
701 183 0
703 183 1
969 183 1
708 183 1
710 183 1
710 824 0
824 183 1
714 183 1
714 420 0
716 183 0
716 335 0
718 183 0
718 318 0
889 493 1
721 183 0
722 183 0
722 296 1
722 309 1
723 183 0
725 183 0
967 183 0
967 384 0
847 183 0
735 183 0
738 155 1
738 183 1
739 77 0
739 183 0
739 223 1
741 183 1
741 634 1
743 183 1
744 183 0
745 183 1
746 183 1
747 61 0
747 183 1
747 290 0
747 828 0
828 152 0
828 183 0
748 575 1
748 922 0
922 904 1
749 183 0
749 282 1
749 689 1
752 183 0
752 263 1
756 183 1
758 183 1
760 183 1
760 214 0
760 348 1
761 171 0
761 183 0
762 183 1
762 263 0
762 277 0
763 183 1
929 183 0
767 107 0
767 939 0
939 183 0
939 991 1
768 183 1
769 183 1
770 183 0
770 318 0
770 557 0
771 183 1
771 729 1
772 135 0
772 183 1
772 238 1
773 183 0
774 183 1
777 126 0
777 183 1
777 398 0
778 183 1
779 183 0
781 183 0
781 761 0
783 420 1
788 183 0
788 598 1
789 183 0
790 183 0
790 620 0
793 55 0
793 183 0
793 860 1
860 183 0
795 183 0
797 183 0
798 183 0
798 599 0
805 183 1
805 765 1
808 183 1
812 183 1
816 183 0
817 183 1
821 183 1
822 151 0
822 183 0
822 618 0
826 183 1
827 183 1
827 412 0
827 568 1
829 183 1
830 183 0
830 686 1
830 765 1
832 183 1
833 183 1
834 771 1
834 854 1
854 729 0
839 183 0
840 183 1
840 334 1
840 585 1
842 183 1
842 266 1
845 183 0
845 337 0
848 183 1
849 183 0
856 183 0
994 183 1
865 183 0
866 183 1
866 423 1
867 183 0
867 581 0
870 183 1
871 123 0
871 183 1
872 183 0
874 183 0
875 183 0
877 183 1
878 183 0
880 183 0
880 603 1
881 183 1
882 183 0
883 714 1
883 783 0
886 183 1
888 183 1
890 155 0
890 183 1
891 183 1
893 183 1
893 663 0
893 912 0
912 28 0
912 183 1
897 183 1
899 183 0
900 183 0
901 183 0
901 391 1
901 437 0
902 183 1
903 183 1
905 183 0
906 183 1
908 183 0
909 183 0
910 183 1
916 183 1
916 361 1
916 469 1
916 961 0
924 183 1
926 183 0
927 183 0
933 183 1
935 183 0
942 183 1
944 183 0
946 183 1
946 414 1
946 858 0
947 183 1
951 183 1
951 416 1
951 772 0
951 984 0
984 135 1
984 183 0
984 328 0
955 127 1
955 183 1
956 29 1
956 464 1
957 183 1
960 183 0
962 183 0
968 183 0
971 17 1
971 183 1
971 573 0
972 183 0
972 205 0
972 248 0
975 183 0
979 183 0
985 183 1
989 183 1
990 183 0
990 405 1
993 183 0
995 183 1
