1 183 0
1 532 0
1 4 1
1 120 0
1 515 1
1 2 0
1 168 0
1 184 0
1 765 0
1 362 0
1 503 1
1 753 1
1 7 0
1 34 0
183 171 0
532 183 0
2 183 0
2 358 1
2 986 1
2 7 0
2 442 0
2 184 0
2 753 0
2 168 0
2 34 0
2 1 0
2 515 0
2 362 0
2 503 0
3 183 0
3 266 0
266 183 0
4 183 1
4 184 0
4 753 1
4 362 0
4 503 0
4 2 0
4 634 0
4 765 0
4 120 0
4 7 1
4 442 0
4 168 0
4 1 0
4 515 0
184 183 0
184 187 0
184 362 1
184 503 0
184 2 0
184 634 0
184 765 0
184 4 0
184 120 0
184 7 0
184 442 0
184 168 1
184 34 0
184 1 1
184 515 0
753 183 0
7 183 0
7 442 1
7 4 0
7 120 0
7 358 0
7 986 0
7 2 0
7 168 0
7 362 0
7 503 0
9 183 0
11 151 0
11 183 0
151 183 0
13 358 1
13 986 0
13 2 0
13 634 1
13 362 0
13 503 0
13 184 0
13 765 0
13 4 0
13 120 0
13 7 0
13 442 0
358 183 0
358 819 0
358 2 0
358 634 0
358 362 0
358 503 0
358 184 0
358 765 0
358 4 0
358 120 0
358 7 1
358 442 0
986 819 0
14 183 0
16 362 0
16 503 0
16 184 0
16 765 0
16 1 0
16 515 1
16 7 1
16 34 1
16 442 1
362 174 0
362 183 0
362 526 0
362 184 0
362 765 1
362 1 0
362 515 0
362 7 1
362 34 0
362 442 1
503 174 0
503 183 0
503 340 0
17 183 0
19 103 0
19 183 0
19 475 1
103 183 0
103 199 0
475 183 0
475 199 1
475 669 0
20 183 0
21 183 0
24 183 0
25 71 1
25 183 0
27 183 0
27 846 0
27 911 0
846 183 0
911 183 0
911 211 0
911 370 0
28 183 1
29 38 0
29 183 0
29 605 0
38 183 0
38 964 0
605 183 0
605 421 0
32 183 0
33 183 1
34 133 0
34 183 1
133 183 1
133 399 0
133 516 0
35 183 0
35 307 0
307 148 0
307 183 0
307 331 0
37 183 1
37 476 0
476 183 0
964 183 0
39 183 0
40 183 0
40 978 0
41 456 0
42 183 1
42 193 0
193 183 0
43 183 0
45 183 1
45 386 1
45 658 1
386 183 0
658 183 1
658 509 0
658 734 0
47 183 1
48 183 0
48 869 1
48 970 0
869 183 0
869 352 0
970 183 0
970 314 1
970 352 0
50 183 0
52 183 0
53 183 0
54 150 0
54 183 0
54 376 1
150 183 0
150 801 0
376 183 0
376 801 0
376 837 0
55 183 0
55 696 0
696 183 0
696 419 0
56 183 0
57 183 0
58 412 0
412 183 1
412 300 0
60 183 0
61 183 0
62 183 0
63 183 0
64 183 0
65 183 1
66 466 0
67 183 0
68 183 1
69 183 0
70 183 0
72 183 1
72 184 0
72 765 0
72 4 0
72 120 0
72 2 0
72 634 0
72 362 0
72 503 0
72 7 0
72 34 0
765 168 0
765 183 0
765 929 0
73 183 1
75 183 0
75 959 0
76 183 0
77 44 0
77 183 0
77 702 0
77 787 0
702 183 0
787 183 1
787 367 1
79 183 1
80 86 0
80 546 0
86 183 1
86 595 0
546 183 0
546 225 1
546 595 0
82 183 0
82 649 0
649 183 0
87 183 0
88 177 0
88 183 0
92 183 0
92 399 0
92 544 0
399 183 0
399 403 0
399 733 1
399 998 0
544 79 0
544 183 0
93 183 0
94 183 0
94 417 1
417 183 0
417 810 0
95 953 1
953 183 0
96 183 0
98 183 0
100 183 0
101 183 0
101 559 0
101 730 0
101 844 1
559 183 0
559 322 1
730 322 1
844 183 1
199 183 0
105 183 0
106 183 0
107 183 0
107 991 0
991 183 0
109 965 0
965 183 0
965 654 0
965 797 1
110 183 0
111 183 0
112 183 0
112 263 0
263 183 0
113 183 0
114 183 0
116 183 0
117 183 0
117 404 0
117 630 1
404 183 0
404 859 0
630 859 0
118 183 0
119 183 0
120 753 0
121 183 0
122 183 0
123 183 0
124 183 0
124 244 0
124 938 0
244 183 0
244 853 0
938 183 0
938 853 0
125 183 0
126 183 1
126 936 1
936 183 0
127 183 0
127 526 0
526 183 1
129 183 1
130 485 1
130 588 1
485 183 1
485 214 0
588 183 0
588 214 0
131 183 0
132 183 1
132 801 0
801 183 0
801 319 0
516 183 0
516 733 0
516 954 0
137 183 0
139 183 0
140 183 0
141 183 0
143 183 0
144 183 0
144 403 0
144 835 0
403 183 1
835 183 0
835 300 0
835 706 0
148 45 1
148 183 0
152 183 1
152 720 0
720 183 0
720 353 0
720 889 0
154 183 0
154 945 0
155 183 0
156 183 1
158 183 1
159 476 0
160 169 1
160 183 0
160 961 1
169 183 1
961 183 0
961 283 0
161 183 0
162 965 0
163 850 0
165 183 0
166 183 1
167 183 0
168 183 0
170 183 0
170 381 0
170 477 0
381 18 0
381 183 0
477 18 0
171 183 0
173 183 0
175 182 0
175 183 0
182 183 0
178 183 0
179 665 0
181 159 1
181 183 0
181 736 0
736 183 0
736 476 1
187 183 0
188 40 1
188 183 1
188 587 0
587 183 0
587 978 0
189 183 0
190 183 0
192 183 0
192 368 0
192 879 1
879 183 0
879 779 1
194 183 1
195 183 0
195 419 1
195 846 0
419 183 0
197 183 1
200 183 0
200 421 1
421 169 0
421 183 0
201 71 1
201 183 0
203 19 1
203 183 0
204 183 0
204 474 0
474 183 0
205 183 0
205 329 1
329 183 1
206 183 0
207 95 0
207 183 0
207 885 0
885 953 0
209 183 0
209 638 0
209 938 0
638 183 1
210 183 0
210 225 0
210 937 1
225 183 0
225 695 0
937 695 0
211 183 0
211 518 0
518 183 0
518 493 0
212 183 1
214 183 0
215 183 0
216 148 0
216 183 0
216 688 0
688 45 0
688 183 0
218 183 1
220 183 0
222 183 0
222 964 0
223 44 1
224 183 1
224 505 0
505 183 1
226 154 0
226 183 0
226 543 1
226 603 0
226 825 0
543 183 0
603 183 1
603 665 0
825 945 0
227 183 0
227 427 0
427 183 0
228 183 0
228 190 0
229 183 1
230 183 1
230 818 0
818 183 0
818 366 0
818 967 1
231 183 1
232 183 0
233 183 1
234 525 0
234 547 0
525 56 0
525 183 0
525 685 0
525 750 1
547 183 0
547 637 1
547 685 1
235 143 0
237 183 1
238 183 1
239 183 0
240 183 0
240 306 0
306 183 0
306 717 0
853 183 0
853 509 0
245 143 0
245 183 1
246 183 0
246 794 0
247 183 0
247 491 0
491 183 0
248 183 0
248 329 1
249 183 0
251 539 1
251 864 0
539 106 0
539 183 0
864 106 0
864 183 0
864 994 0
253 183 0
254 183 0
256 183 0
257 183 1
257 843 1
843 183 0
843 218 1
258 55 0
258 183 0
258 286 0
258 666 0
286 183 0
286 785 0
666 183 0
666 696 0
259 183 0
259 263 0
259 907 0
907 183 0
261 183 0
262 183 0
262 681 0
265 183 0
265 406 1
265 426 0
406 425 0
426 183 1
426 425 0
267 204 1
267 896 0
896 183 0
896 474 0
268 579 0
268 837 0
579 93 0
579 183 0
837 93 0
837 183 0
269 183 0
269 293 0
293 183 0
293 911 0
270 183 0
272 183 0
276 183 0
277 183 0
278 183 0
278 190 0
278 446 1
446 183 0
279 183 0
279 764 0
279 852 0
279 858 1
764 566 0
852 183 0
852 566 1
858 183 0
280 183 0
280 954 0
954 183 0
954 403 0
282 668 1
283 183 0
284 183 0
284 664 0
284 740 0
664 543 0
740 543 1
285 112 0
285 183 0
285 259 0
785 183 0
287 183 1
288 183 1
290 152 0
290 183 0
291 183 0
292 183 0
294 183 0
295 209 1
295 820 0
820 183 1
820 638 0
296 116 0
296 183 0
297 183 0
298 183 0
299 183 0
300 183 1
303 58 0
303 183 0
303 815 0
815 412 1
305 728 1
331 183 0
331 726 0
331 818 1
308 183 0
309 183 0
311 183 1
313 25 0
313 183 0
313 201 1
314 183 0
314 896 0
315 183 0
316 183 0
318 183 0
319 183 0
320 183 0
322 183 0
323 397 0
323 782 0
397 310 0
782 310 0
324 183 0
326 506 0
326 705 0
506 454 1
705 183 0
705 454 0
705 969 0
327 183 0
328 26 0
328 183 0
328 380 0
328 895 0
380 183 0
895 183 0
895 200 0
895 605 0
330 183 0
330 305 0
330 796 0
796 728 0
726 183 0
726 967 0
332 183 0
333 183 0
333 649 0
334 300 0
335 183 1
335 246 0
335 479 0
479 794 1
336 183 0
337 94 1
337 183 0
337 780 1
780 183 0
780 417 0
339 441 0
339 861 0
441 183 1
441 250 1
441 413 0
861 183 0
861 250 0
861 474 1
340 183 0
343 215 0
345 183 0
346 22 0
347 183 1
347 636 1
636 183 0
348 183 0
350 183 1
351 183 0
351 346 0
351 472 0
472 22 0
353 493 0
493 183 0
354 183 1
355 177 1
355 183 0
356 75 0
356 183 0
356 468 0
468 183 0
468 959 1
357 183 0
359 183 0
360 183 1
360 391 1
391 183 0
391 658 0
391 719 1
361 183 0
361 521 0
521 148 1
521 183 0
363 803 0
363 961 0
803 183 0
803 283 0
803 495 0
364 183 0
365 423 0
423 183 1
366 183 1
367 183 0
369 183 0
370 183 0
370 518 0
372 183 1
372 511 0
511 66 0
511 183 0
511 496 1
374 183 0
375 183 1
383 183 0
383 844 0
384 183 0
385 183 0
387 50 0
387 183 0
388 183 0
389 183 1
390 183 0
719 183 0
719 637 0
392 183 0
393 183 0
393 239 0
394 844 0
395 183 0
395 831 0
395 950 0
831 183 1
950 183 0
950 797 0
396 183 0
398 183 0
398 936 0
998 183 0
401 183 1
402 183 1
405 183 0
405 218 0
407 405 1
407 487 0
487 218 0
408 564 0
409 183 0
409 474 0
410 183 1
411 183 1
413 183 0
414 183 0
416 183 0
416 262 0
416 804 0
804 681 0
810 183 0
418 183 0
418 998 0
420 114 1
420 183 0
428 56 0
428 183 0
428 557 0
428 791 0
557 183 0
557 548 0
791 183 1
791 508 0
791 548 0
429 183 0
430 183 1
430 192 0
430 562 1
562 368 0
431 41 1
431 732 0
732 183 0
732 456 1
732 847 0
433 82 0
433 183 0
433 333 0
434 183 1
434 602 0
434 667 0
602 96 0
602 183 0
602 550 0
667 550 0
435 183 0
435 287 0
435 461 1
461 183 1
461 408 1
461 590 0
436 183 1
437 183 0
437 719 0
442 144 0
442 183 0
442 954 0
443 152 0
443 183 1
444 183 0
444 491 0
444 548 1
548 183 0
445 183 1
447 183 0
447 508 0
508 183 0
448 183 0
448 620 1
620 183 0
449 183 0
449 215 0
451 33 0
451 183 1
451 626 0
451 987 0
626 183 1
626 920 0
987 920 1
452 179 0
452 183 0
452 351 1
452 603 0
455 183 0
459 183 0
590 564 0
462 183 0
464 38 1
464 183 1
464 534 0
534 183 0
465 183 0
465 331 0
467 183 0
467 398 0
467 509 1
509 183 0
509 640 0
469 521 0
471 183 0
471 343 0
471 449 0
669 183 0
478 183 1
480 156 0
480 183 0
481 183 0
482 183 0
483 183 0
483 751 0
483 992 0
751 183 1
992 183 0
992 365 0
992 866 0
489 183 0
489 383 1
489 394 0
489 932 0
932 183 0
490 286 0
490 545 1
545 183 1
545 751 0
545 785 0
495 183 0
496 183 0
496 466 0
498 312 0
499 183 0
501 183 1
502 183 0
504 183 0
507 183 0
640 65 0
640 183 0
510 183 0
510 914 0
512 183 0
512 717 1
515 532 0
519 183 0
519 669 0
520 183 1
522 183 0
523 183 1
685 183 1
750 183 1
528 183 0
530 312 0
537 2 0
537 47 0
537 183 0
537 634 1
537 358 0
537 986 0
537 7 0
537 442 0
537 1 0
537 515 0
634 183 1
538 183 0
637 183 1
549 183 0
550 183 0
553 183 0
554 183 0
554 385 1
558 510 0
558 742 0
742 183 0
742 914 0
560 131 1
560 183 0
561 27 0
561 195 0
566 183 0
567 183 0
568 183 0
569 183 0
572 88 0
572 355 0
573 183 0
573 750 0
575 183 0
575 904 0
576 183 1
578 183 0
581 183 0
583 4 0
583 120 1
583 183 0
583 362 0
583 503 0
583 184 0
583 753 0
583 765 0
584 7 1
584 34 1
584 183 0
584 442 1
584 4 1
584 120 1
584 358 0
584 986 1
584 2 0
584 168 0
584 362 0
584 503 0
585 300 1
586 183 0
589 183 0
593 183 1
593 498 0
593 530 0
594 183 0
596 183 0
596 235 0
596 245 0
597 183 0
598 183 0
599 183 1
600 183 0
601 183 0
607 183 0
608 93 0
608 183 0
610 183 0
611 183 0
611 546 0
613 183 0
613 736 0
616 183 0
617 183 0
618 183 1
619 328 0
619 755 0
755 26 0
621 183 0
622 183 0
622 806 0
622 915 0
806 183 0
806 898 0
915 183 0
915 898 1
624 183 0
625 183 0
625 846 0
625 918 0
918 183 0
920 183 0
627 183 0
628 183 1
631 183 0
631 936 1
633 183 0
633 963 0
963 183 0
639 183 0
642 168 0
642 183 0
642 931 0
931 183 0
931 634 1
643 183 0
645 183 1
645 409 0
646 183 0
650 183 0
650 736 0
651 183 0
653 183 0
654 183 0
656 183 1
734 183 0
734 640 0
660 183 0
660 383 0
661 183 1
661 837 0
663 28 0
671 183 0
671 306 0
671 351 0
671 512 0
672 183 0
677 109 0
677 162 1
677 183 0
678 1 1
678 183 1
678 515 1
678 4 0
678 120 0
678 2 1
678 168 0
678 184 0
678 765 0
678 362 1
678 503 1
678 753 0
678 7 0
678 34 1
680 183 0
682 183 0
682 277 0
682 523 0
683 183 1
683 309 0
684 183 0
684 802 0
802 183 0
686 2 0
686 168 0
686 183 0
686 184 0
686 753 0
686 7 0
686 34 1
686 362 0
686 503 1
689 668 0
690 913 1
690 940 0
913 551 0
940 551 0
691 163 0
691 974 1
974 850 0
692 183 0
692 412 0
693 183 1
693 357 0
694 183 1
698 183 0
698 706 1
706 183 0
706 383 0
700 183 0
701 183 0
703 183 0
969 183 1
708 183 1
710 183 0
710 824 0
824 183 0
714 183 0
714 420 1
716 183 0
716 335 0
718 183 0
718 318 0
889 493 0
721 183 0
722 183 0
722 296 0
722 309 0
723 183 0
725 183 0
967 183 1
967 384 0
847 183 0
735 183 0
738 155 0
738 183 0
739 77 1
739 183 0
739 223 0
741 183 0
741 634 0
743 183 0
744 183 0
745 183 0
746 183 0
747 61 0
747 183 0
747 290 1
747 828 0
828 152 0
828 183 0
748 575 0
748 922 1
922 904 0
749 183 0
749 282 0
749 689 0
752 183 0
752 263 0
756 183 0
758 183 1
760 183 1
760 214 1
760 348 1
761 171 0
761 183 0
762 183 0
762 263 0
762 277 0
763 183 0
929 183 0
767 107 0
767 939 1
939 183 1
939 991 1
768 183 1
769 183 0
770 183 0
770 318 0
770 557 1
771 183 0
771 729 0
772 135 1
772 183 0
772 238 0
773 183 1
774 183 0
777 126 0
777 183 0
777 398 0
778 183 0
779 183 0
781 183 0
781 761 0
783 420 1
788 183 0
788 598 0
789 183 0
790 183 0
790 620 0
793 55 1
793 183 1
793 860 0
860 183 0
795 183 0
797 183 0
798 183 0
798 599 0
805 183 1
805 765 0
808 183 1
812 183 1
816 183 0
817 183 0
821 183 0
822 151 0
822 183 0
822 618 0
826 183 0
827 183 0
827 412 0
827 568 0
829 183 0
830 183 0
830 686 0
830 765 0
832 183 0
833 183 0
834 771 1
834 854 1
854 729 1
839 183 1
840 183 0
840 334 0
840 585 1
842 183 0
842 266 0
845 183 0
845 337 0
848 183 1
849 183 0
856 183 0
994 183 0
865 183 0
866 183 0
866 423 1
867 183 0
867 581 1
870 183 0
871 123 0
871 183 1
872 183 0
874 183 0
875 183 0
877 183 0
878 183 0
880 183 0
880 603 1
881 183 0
882 183 0
883 714 0
883 783 1
886 183 0
888 183 0
890 155 0
890 183 0
891 183 0
893 183 0
893 663 1
893 912 0
912 28 1
912 183 0
897 183 0
899 183 0
900 183 0
901 183 0
901 391 0
901 437 0
902 183 1
903 183 0
905 183 0
906 183 1
908 183 0
909 183 0
910 183 0
916 183 0
916 361 0
916 469 0
916 961 0
924 183 1
926 183 1
927 183 0
933 183 0
935 183 0
942 183 0
944 183 0
946 183 1
946 414 0
946 858 0
947 183 0
951 183 1
951 416 1
951 772 0
951 984 0
984 135 0
984 183 0
984 328 0
955 127 1
955 183 0
956 29 0
956 464 1
957 183 0
960 183 0
962 183 1
968 183 0
971 17 0
971 183 0
971 573 0
972 183 1
972 205 0
972 248 0
975 183 1
979 183 1
985 183 1
989 183 1
990 183 0
990 405 0
993 183 1
995 183 0
