1 532 0
1 332 0
1 911 0
1 358 1
1 986 0
1 515 0
1 753 1
1 650 1
1 103 0
1 475 0
532 142 0
4 142 1
4 753 0
4 332 0
4 911 1
4 131 0
4 514 1
4 650 1
4 358 1
4 986 1
4 103 1
4 475 0
4 120 0
4 362 0
4 503 0
142 708 0
753 142 1
753 131 1
753 514 0
753 1 1
753 515 1
753 4 1
753 120 1
753 332 0
753 911 1
753 358 1
753 986 0
5 142 0
6 142 0
11 142 0
12 142 0
13 142 1
13 358 1
13 986 0
13 1 0
13 515 1
13 131 1
13 514 0
13 753 1
13 650 0
13 103 1
13 475 1
13 362 0
13 503 1
358 819 0
358 1 0
358 515 0
358 131 0
358 514 1
358 753 0
358 650 0
358 103 1
358 475 0
358 362 1
358 503 1
986 819 0
14 142 0
16 142 0
16 362 1
16 503 0
16 103 0
16 475 0
16 358 1
16 986 1
16 131 0
16 514 0
16 753 0
16 650 0
16 4 0
16 120 1
16 1 0
16 515 1
362 142 0
362 174 0
362 103 1
362 475 0
362 358 0
362 986 0
362 131 0
362 514 1
362 753 0
362 650 1
362 4 1
362 120 0
362 503 1
362 1 1
362 515 0
503 142 0
503 174 0
19 103 0
19 475 1
19 4 1
19 120 0
19 131 0
19 514 0
19 332 0
19 911 0
103 199 1
103 4 1
103 120 1
103 131 1
103 514 0
103 332 1
103 911 1
475 199 1
21 142 0
22 142 0
22 784 0
784 142 0
23 142 1
24 131 1
24 514 1
24 4 0
24 120 0
24 1 1
24 515 1
24 332 1
24 911 0
24 103 0
24 475 0
24 362 1
24 503 0
131 142 1
131 332 1
131 4 1
131 120 1
131 1 1
131 515 1
131 911 0
131 514 1
131 103 1
131 475 1
131 362 0
131 503 0
514 142 0
514 332 0
514 911 1
514 362 1
514 503 0
514 1 0
514 515 0
25 71 1
25 142 1
26 142 0
27 142 0
27 846 1
28 142 1
29 38 1
29 142 0
30 142 0
32 142 0
32 848 1
848 142 0
34 142 0
35 142 0
39 142 1
40 978 0
41 456 0
42 142 0
43 142 0
45 142 1
45 476 1
476 142 0
47 142 0
47 785 0
785 142 1
48 869 1
48 970 1
869 142 1
869 352 1
970 142 1
970 352 1
50 142 1
52 142 1
54 142 1
54 150 0
54 376 0
150 142 1
150 801 0
376 801 1
55 696 1
696 142 0
696 418 1
56 142 1
58 412 1
59 142 1
63 142 1
65 142 1
66 142 1
66 466 0
466 142 0
68 142 0
70 142 1
72 142 0
73 142 0
73 684 1
73 888 1
684 142 0
684 306 1
888 142 1
74 142 0
74 578 1
578 142 1
75 142 1
75 959 0
959 142 1
76 142 0
77 44 1
79 142 0
79 694 1
694 142 0
80 86 0
80 546 1
86 142 1
86 595 0
86 643 1
546 142 0
546 595 1
82 142 1
82 649 1
649 142 0
83 142 0
83 348 1
348 142 0
348 460 1
84 142 1
84 196 0
196 142 1
85 142 0
643 142 1
643 247 0
87 142 1
87 557 1
557 142 0
557 548 0
557 560 0
88 142 0
88 177 1
177 142 0
89 142 1
89 997 0
997 142 1
90 613 0
90 768 1
613 142 1
613 746 1
768 142 1
768 746 1
93 16 1
93 142 0
94 142 1
94 417 1
95 142 0
95 953 0
953 142 1
97 142 0
101 142 1
101 559 0
101 730 1
559 142 0
559 322 1
559 681 0
730 142 0
730 322 0
730 342 0
730 915 0
102 142 0
199 142 1
106 142 1
107 991 1
109 142 0
109 965 0
965 142 1
110 142 0
112 142 0
112 263 1
263 142 0
113 769 0
769 142 1
769 204 0
114 142 0
115 142 1
116 142 1
116 370 1
370 142 1
370 518 1
117 404 0
117 630 1
404 859 0
630 859 0
120 142 1
120 753 0
122 142 0
123 130 1
123 142 0
130 142 1
130 485 0
130 588 0
124 142 1
124 244 0
124 938 0
244 853 0
938 853 0
125 142 0
126 936 0
936 142 0
127 142 1
485 214 1
588 142 1
588 214 0
332 142 0
332 362 0
332 503 1
332 1 0
332 515 0
132 142 1
133 399 0
133 516 1
399 142 0
399 733 0
516 733 1
134 142 0
135 142 1
136 115 1
137 142 1
138 874 1
874 142 1
708 142 1
143 142 1
144 142 0
144 403 0
146 142 0
148 45 0
801 142 0
801 375 1
151 142 1
152 112 0
152 142 0
153 142 1
154 142 1
154 945 0
155 142 0
156 142 1
159 142 1
159 476 0
160 142 0
162 142 1
162 965 1
163 142 0
163 850 0
850 142 1
164 142 1
164 431 1
164 476 0
431 41 0
431 142 1
431 732 0
165 142 0
165 185 0
165 578 1
165 980 0
185 142 1
980 142 0
166 142 0
167 142 1
167 460 0
460 142 0
168 142 0
169 142 1
170 101 0
170 142 1
170 381 1
170 477 1
170 742 1
381 18 1
381 142 1
477 18 0
742 142 1
742 848 1
742 914 1
172 142 1
173 808 0
174 142 0
174 853 0
853 142 0
175 142 1
175 808 1
176 142 1
176 769 1
179 142 1
179 665 0
181 142 0
181 159 1
181 736 0
736 476 1
182 142 1
183 142 1
183 171 1
184 142 0
188 40 0
188 587 1
587 978 0
189 142 1
190 142 1
191 142 1
191 666 0
666 142 0
666 696 0
192 368 1
368 142 0
195 142 0
195 294 0
195 846 1
294 142 0
197 142 0
198 142 1
200 142 0
200 421 0
201 71 1
201 142 0
201 578 0
202 142 1
203 142 1
204 142 1
204 474 1
205 142 0
205 329 1
329 142 1
206 32 0
207 95 0
207 142 1
207 885 0
885 142 0
885 953 0
208 142 1
209 638 1
638 142 0
210 142 1
210 225 1
210 937 0
225 142 0
225 560 1
225 695 0
937 142 1
937 695 0
211 142 0
211 518 1
518 142 0
212 142 0
212 968 1
968 142 1
213 142 0
214 142 0
216 148 1
216 688 1
688 45 1
688 142 0
218 142 0
220 142 1
221 142 1
223 44 1
224 142 1
560 142 0
226 142 1
226 154 0
226 825 1
825 945 1
227 142 1
228 142 0
228 182 1
228 578 0
229 142 0
229 266 0
229 527 1
266 194 0
527 194 1
230 142 0
231 142 0
232 142 0
234 525 1
234 547 1
525 685 1
547 142 0
547 685 1
235 143 1
237 142 0
243 874 0
245 142 1
245 143 1
246 794 1
794 142 0
248 142 1
248 329 1
249 142 1
251 539 0
251 864 1
539 106 0
539 142 1
864 106 1
252 142 0
253 142 1
255 142 1
256 142 1
256 955 0
955 142 1
257 142 1
257 578 0
257 794 0
258 55 1
258 666 1
259 263 1
261 142 0
262 142 0
262 681 1
681 142 0
264 142 0
265 406 1
265 426 0
406 142 1
406 425 0
426 142 0
426 425 0
267 142 1
267 204 0
267 896 0
896 142 0
896 474 1
268 579 1
268 837 0
579 93 1
837 93 0
837 142 0
837 203 1
270 142 1
277 142 1
277 955 0
279 764 1
279 852 0
764 142 1
764 566 0
852 566 1
280 142 0
282 668 0
284 664 1
284 740 0
664 142 0
664 543 1
740 142 1
740 543 1
285 112 0
285 142 0
285 259 1
286 142 1
286 785 1
287 142 0
289 142 1
290 152 0
291 32 0
291 142 1
292 142 0
295 142 0
295 156 1
295 209 0
295 820 1
820 142 0
820 638 0
296 142 1
297 142 1
301 142 0
303 58 1
303 142 0
303 560 0
303 815 1
815 412 0
305 728 1
728 142 1
306 142 0
306 717 0
717 142 1
308 142 0
309 142 0
312 142 0
313 25 1
313 142 1
313 201 1
314 142 1
316 142 0
317 142 1
318 142 0
320 56 0
320 142 0
320 303 1
321 115 0
321 142 1
322 142 1
322 534 1
534 142 1
534 488 1
534 643 1
323 142 1
323 397 1
323 782 1
397 310 0
782 142 0
782 310 0
324 142 0
325 142 0
326 506 0
326 705 0
506 142 0
506 454 0
705 142 1
705 454 0
328 26 0
330 142 0
330 305 0
330 588 1
330 796 0
796 728 1
331 726 0
331 818 0
726 967 0
818 59 0
818 142 1
818 967 0
333 142 1
333 649 0
334 300 1
335 246 0
335 479 0
479 794 1
337 94 1
337 142 0
337 780 1
780 142 1
780 417 1
780 572 1
338 142 0
339 441 0
339 861 0
441 250 0
861 250 1
341 142 1
341 143 0
342 142 1
342 627 1
627 142 0
343 142 1
343 215 1
343 608 1
608 142 1
345 142 0
346 22 1
346 142 0
347 142 0
349 142 1
350 142 1
350 196 0
351 346 1
351 472 1
472 22 0
472 142 0
352 142 1
353 142 1
353 410 0
353 493 0
410 142 0
493 142 0
354 84 1
354 350 1
355 142 0
355 177 1
356 75 0
356 468 1
468 142 0
468 959 1
359 142 0
359 674 1
674 142 0
361 142 1
361 521 1
361 560 0
521 142 1
363 803 1
363 961 1
803 283 0
961 142 0
961 283 1
365 142 0
365 143 0
365 423 1
423 142 1
366 142 0
366 348 1
366 759 1
759 142 0
369 142 0
372 142 0
372 395 0
395 142 0
374 142 1
375 142 1
380 142 0
383 142 1
383 410 0
383 844 1
385 142 0
385 669 0
385 961 0
669 142 0
669 666 1
386 142 0
386 482 1
386 941 1
482 142 1
482 405 0
482 419 1
941 419 1
387 142 0
391 719 1
719 142 0
719 501 0
719 734 1
392 142 0
392 402 0
402 142 1
394 844 0
398 936 0
405 142 1
405 218 1
407 405 0
407 487 0
487 218 1
408 564 1
564 142 0
413 136 1
413 321 0
414 142 0
415 142 1
416 262 1
416 804 1
804 681 0
418 142 1
420 142 1
422 142 1
424 142 0
428 557 1
428 791 0
791 548 1
429 142 1
430 192 1
430 562 1
562 368 0
732 142 1
732 456 1
433 82 1
433 142 0
433 333 0
433 747 0
747 142 0
747 290 1
747 828 1
434 142 0
434 602 0
434 667 0
602 142 1
602 213 1
602 550 0
667 550 1
436 142 0
437 68 1
437 142 1
437 719 0
442 142 1
442 144 0
442 954 1
954 403 1
444 142 0
445 142 1
445 165 0
445 910 0
910 142 1
910 980 1
446 142 1
447 142 0
448 113 0
448 142 0
448 176 1
449 215 0
450 142 1
451 142 1
451 626 0
451 987 0
626 920 0
987 920 0
452 142 0
452 179 1
452 603 0
603 142 1
603 665 1
603 899 1
453 57 0
458 142 1
459 708 1
461 142 0
461 408 0
461 590 0
590 142 0
590 564 1
464 38 0
464 142 1
467 142 0
467 459 0
469 142 1
469 521 1
470 142 0
471 142 0
471 255 0
471 343 1
471 449 0
473 142 0
480 142 1
481 142 1
484 142 0
488 142 0
488 247 0
489 142 0
489 295 0
489 383 0
489 394 1
490 286 1
490 545 1
545 142 0
545 785 1
491 289 1
494 142 1
495 142 0
496 142 1
496 461 0
496 466 1
497 142 0
498 142 1
498 312 1
499 142 1
501 142 1
504 142 1
504 882 0
882 142 0
505 142 0
505 429 1
509 142 1
509 640 1
510 142 1
510 521 1
510 914 1
914 142 1
511 66 1
511 142 0
511 496 0
512 142 1
512 717 0
513 142 1
911 142 1
911 211 1
911 370 0
515 142 1
515 532 0
522 142 0
524 142 1
524 495 0
685 142 1
526 142 0
528 142 0
529 429 1
530 312 0
533 142 0
536 142 1
538 142 1
541 142 0
543 142 0
544 142 0
548 142 0
548 858 0
858 142 1
551 142 0
552 142 0
553 348 1
554 142 1
555 142 1
556 142 0
558 142 0
558 510 1
558 742 0
561 27 1
561 142 1
561 195 1
565 142 0
567 142 1
567 453 0
567 650 0
567 753 1
567 131 0
567 514 0
567 1 1
567 515 1
567 4 0
567 120 1
567 332 0
567 911 1
567 358 0
567 986 0
650 57 0
650 142 0
650 965 1
568 142 0
571 142 0
572 88 1
572 142 0
572 355 1
573 142 1
575 904 1
580 142 0
581 142 1
582 142 1
583 4 1
583 120 0
583 142 0
583 332 0
583 911 1
583 131 0
583 514 0
583 753 1
583 650 1
583 358 0
583 986 0
583 103 1
583 475 0
583 362 1
583 503 1
585 300 1
586 142 0
589 142 0
589 434 0
589 799 1
589 907 1
799 631 1
907 142 1
907 631 1
591 142 0
593 498 1
593 530 0
594 142 1
594 431 1
596 235 1
596 245 1
598 142 0
599 142 1
899 142 1
605 142 1
605 421 1
607 142 1
609 142 0
611 142 0
746 142 0
614 142 0
614 965 1
617 142 0
619 328 1
619 755 1
755 26 0
755 142 0
755 676 0
620 142 1
621 142 1
621 153 1
622 142 0
622 806 1
622 915 1
806 142 0
806 197 1
806 898 0
915 142 1
915 898 0
624 142 1
625 116 0
625 142 0
628 142 1
639 142 1
644 142 0
644 249 1
644 333 1
645 142 0
645 779 0
779 142 1
647 142 1
651 142 1
654 142 0
657 142 0
658 142 0
658 509 1
658 734 0
734 142 1
734 640 1
659 142 1
661 142 1
662 142 1
663 28 1
663 142 1
670 142 0
671 142 0
671 306 1
671 512 1
676 142 1
677 109 0
677 142 1
677 162 1
678 1 0
678 142 1
678 515 1
678 332 0
678 911 1
678 358 1
678 986 0
678 753 1
678 650 1
678 103 0
678 475 0
682 142 0
686 168 0
689 142 1
689 598 0
689 668 1
690 913 1
690 940 0
913 142 1
913 287 0
913 551 0
940 142 0
940 551 0
691 163 0
691 974 0
974 142 1
974 850 0
692 142 1
692 671 0
698 142 1
699 142 1
700 142 1
700 745 1
745 142 1
701 142 1
707 142 0
709 142 1
710 142 0
712 142 1
712 206 0
712 291 1
714 142 1
714 420 1
720 142 0
720 296 0
720 353 1
720 889 1
889 142 0
889 493 1
721 142 0
721 722 0
721 847 1
722 142 0
722 278 1
847 142 1
847 278 0
723 142 1
723 845 1
845 142 1
724 142 1
725 142 1
967 66 0
967 142 1
727 142 1
729 142 0
738 142 0
739 77 1
739 142 1
739 223 1
743 142 1
828 152 1
748 575 0
748 922 0
922 142 0
922 904 1
749 137 1
749 142 1
749 282 0
749 689 1
752 289 1
754 142 0
754 627 1
756 142 1
758 142 0
760 142 1
761 171 1
762 491 0
762 752 0
763 142 0
763 308 0
763 313 0
765 168 0
766 142 1
766 210 1
766 256 1
767 107 1
767 939 0
939 142 0
939 991 0
770 142 1
771 729 0
772 135 0
772 142 1
773 142 0
774 142 1
774 160 0
776 372 0
776 795 0
795 142 0
795 395 0
777 126 0
777 398 0
778 142 1
781 183 1
781 761 0
783 142 1
783 420 0
783 929 0
929 142 0
786 142 0
787 142 1
788 142 1
789 142 1
789 939 1
797 142 1
798 142 0
802 142 1
810 142 0
813 142 0
814 142 1
816 142 0
823 142 1
824 142 0
826 142 0
830 686 0
830 765 0
831 142 1
832 142 1
833 142 1
834 131 0
834 142 0
834 771 0
834 854 0
854 142 1
854 729 1
835 142 1
836 142 0
838 142 0
839 142 1
840 334 0
840 585 0
841 142 0
841 173 0
841 175 0
842 138 1
842 142 0
842 243 0
843 142 0
855 142 0
856 142 0
860 142 1
862 142 1
865 142 0
865 163 1
866 142 0
866 423 1
867 142 1
868 142 1
870 142 1
871 142 0
876 83 0
876 553 1
877 142 0
879 142 1
880 142 1
883 714 0
883 783 1
887 115 1
887 142 0
892 142 0
893 663 0
893 912 1
912 28 1
894 142 0
895 200 1
895 605 1
900 142 0
901 391 1
901 437 0
902 142 1
905 142 0
906 142 0
906 464 1
916 142 0
916 361 0
916 469 0
918 142 1
919 142 0
919 699 1
924 142 1
926 142 1
927 142 0
928 142 1
935 142 1
935 505 0
935 529 0
942 142 0
947 142 1
949 142 0
951 772 0
951 984 1
984 135 1
956 29 1
956 464 0
957 142 1
958 142 0
962 142 1
963 142 1
966 142 1
972 142 0
972 205 1
972 248 0
975 142 1
976 142 0
979 142 0
981 142 1
981 773 0
982 142 0
985 142 0
989 142 0
992 365 1
992 866 1
994 142 1
995 142 1
996 142 0
998 142 1
