0 104 1
0 25 1
0 85 0
0 52 1
0 59 1
0 61 0
0 96 1
104 47 0
2 104 0
2 25 0
2 85 0
2 61 1
2 96 1
3 61 1
3 96 1
3 52 1
3 59 1
3 25 0
3 85 1
3 2 0
3 115 1
3 37 1
3 84 1
61 158 0
61 96 0
61 52 1
61 59 0
61 25 1
61 85 1
61 2 0
61 115 1
61 37 0
61 84 1
96 104 0
96 129 1
96 158 1
4 189 1
4 52 0
4 59 1
4 2 0
4 115 0
4 0 1
4 190 0
4 61 1
4 96 0
4 45 0
4 178 1
5 37 1
5 84 0
5 61 0
5 96 1
5 25 1
5 85 1
5 52 1
5 59 0
5 45 0
5 180 1
5 0 1
37 52 0
37 59 1
37 104 0
37 61 0
37 96 1
37 25 1
37 85 1
37 84 1
37 45 0
37 180 0
37 2 0
37 115 0
37 178 1
37 4 1
37 190 1
37 0 0
84 59 1
6 25 1
6 85 0
6 45 1
6 180 1
6 2 0
6 115 0
6 52 0
6 59 1
6 178 1
6 0 0
6 4 0
6 190 0
25 45 0
25 49 1
25 104 1
25 178 1
25 180 1
25 2 0
25 115 1
25 52 0
25 59 0
25 61 0
25 96 1
25 85 1
25 0 0
25 4 1
25 190 0
85 49 1
85 104 1
7 110 0
110 29 0
110 104 1
11 111 0
11 180 0
111 63 0
180 2 0
180 63 1
180 104 0
12 142 1
142 2 0
142 104 1
13 42 1
13 104 1
14 142 0
16 58 0
16 186 1
58 182 0
186 182 0
18 114 0
19 42 0
21 0 0
22 104 0
45 0 0
45 59 0
45 104 0
45 112 0
45 61 0
45 96 1
45 25 0
45 85 0
45 52 0
45 2 1
45 115 0
45 178 0
45 4 0
45 190 0
178 104 1
26 12 0
26 14 0
28 90 0
28 133 1
90 120 0
133 120 1
29 36 0
29 104 1
29 115 0
29 124 1
29 129 1
115 104 0
124 45 0
124 104 1
129 52 0
129 71 1
129 85 1
129 104 1
30 37 1
30 68 0
30 104 0
30 120 0
30 142 1
120 104 0
120 129 1
32 168 0
32 179 1
168 60 1
179 60 0
33 149 0
52 104 1
52 115 0
52 45 1
52 180 1
52 2 1
52 25 0
52 85 1
52 59 1
52 178 0
52 4 0
52 190 1
52 37 1
52 84 1
59 2 1
59 104 1
59 115 0
59 25 1
59 85 1
59 61 1
59 96 0
40 68 0
41 27 1
43 55 1
43 57 1
43 104 1
43 136 1
55 196 0
57 2 1
57 89 0
57 104 1
57 172 0
136 104 1
136 115 0
136 196 0
112 22 1
112 104 1
47 37 0
47 104 0
47 178 0
50 172 0
51 197 1
56 82 0
56 130 0
82 0 0
82 104 0
82 199 0
130 104 1
130 115 1
130 199 0
89 104 1
182 104 0
60 104 0
60 113 1
113 2 1
113 104 1
113 109 1
113 174 1
62 73 0
62 88 1
73 23 1
88 23 0
65 76 0
65 124 0
76 45 0
66 174 0
69 104 0
70 69 0
71 115 1
77 104 0
77 115 0
77 153 0
78 110 0
80 20 0
81 2 1
81 104 1
92 18 1
92 164 0
164 114 1
93 70 1
93 156 1
156 69 0
94 80 1
94 128 0
128 20 1
95 41 0
95 104 1
95 141 0
141 27 1
100 122 1
100 173 1
122 137 0
173 2 1
173 104 1
173 137 0
101 17 1
102 157 0
102 175 0
157 132 0
175 132 1
105 30 0
105 40 1
105 104 1
106 104 1
106 148 1
106 173 0
106 176 0
148 97 1
176 97 1
108 0 0
109 104 0
117 33 0
117 139 1
139 149 1
119 13 1
119 19 0
121 101 1
121 165 0
165 17 0
165 104 1
125 79 1
126 15 1
127 77 0
127 188 1
188 153 1
131 126 0
131 145 0
145 15 0
145 104 0
134 104 0
134 144 0
134 182 1
144 104 0
144 112 1
144 113 1
144 124 0
140 66 1
140 113 1
143 51 1
143 193 1
193 197 0
147 154 0
147 166 1
154 116 0
166 116 1
151 21 0
151 108 0
152 2 0
155 47 0
162 50 1
162 57 1
163 4 0
163 190 1
163 52 1
163 59 1
163 2 0
163 115 1
163 0 0
163 61 1
163 96 1
163 45 1
163 178 0
190 189 1
167 0 0
167 104 1
167 106 1
167 110 0
169 29 1
169 36 0
169 104 0
169 115 1
169 144 1
169 182 1
181 104 0
181 155 1
183 191 1
183 195 0
191 39 0
195 39 0
184 79 1
185 81 1
185 104 0
185 152 1
185 173 0
192 29 1
192 57 1
192 104 0
192 169 0
192 180 1
194 125 1
194 184 1
198 7 0
198 78 1
