2 48 1
2 57 1
2 74 1
2 4 1
2 190 0
2 61 0
2 96 1
2 186 1
2 44 1
2 5 0
2 29 1
2 79 1
48 57 1
48 101 1
48 61 1
48 96 1
48 4 0
48 190 0
48 2 1
48 5 1
48 29 1
48 79 1
57 172 0
74 57 1
74 61 1
74 96 1
74 45 1
74 4 1
74 190 1
74 84 1
74 37 1
74 2 0
74 5 1
74 44 1
74 79 1
74 186 1
3 61 1
3 96 0
3 48 1
3 74 0
3 29 0
3 79 1
3 44 1
61 158 1
61 48 1
61 74 1
61 29 1
61 79 1
61 96 1
61 44 1
96 158 1
4 189 1
4 61 1
4 96 1
4 48 1
4 74 1
4 29 1
4 79 1
4 44 0
4 37 1
4 186 1
189 29 1
189 44 1
189 57 1
189 79 1
189 48 1
189 74 1
189 84 1
189 37 1
189 2 0
189 5 1
189 61 0
189 96 1
189 4 1
189 190 0
189 186 0
189 45 1
5 37 1
5 57 1
5 84 1
5 186 1
5 44 1
5 79 1
5 48 0
5 74 1
5 29 0
37 51 0
37 57 1
37 59 1
37 29 1
37 79 1
37 186 0
37 44 1
84 59 0
84 44 1
84 79 1
84 37 1
84 186 1
84 48 1
84 74 1
186 57 1
186 44 1
186 79 0
186 4 1
186 190 0
186 61 1
186 96 1
186 29 1
186 37 1
186 84 1
6 25 1
6 85 1
25 49 1
85 2 1
85 49 0
85 57 0
7 51 1
7 57 1
51 57 1
51 197 1
11 111 1
11 180 1
111 63 1
180 57 1
180 63 0
180 78 1
12 142 0
13 42 1
13 57 0
14 142 1
18 5 1
18 44 1
18 57 1
18 114 0
18 115 1
44 57 0
44 159 1
44 79 1
44 84 1
44 37 1
44 2 1
44 5 1
115 57 0
19 42 1
19 57 1
19 89 1
19 167 1
89 22 1
89 57 1
167 57 0
21 0 1
22 57 1
22 132 1
132 57 1
49 57 1
26 12 1
26 14 0
26 57 1
27 45 1
27 57 0
27 74 1
27 61 1
27 96 1
27 4 0
27 190 1
27 84 1
27 37 1
27 2 1
27 5 0
27 44 0
27 79 1
27 186 1
45 57 1
28 90 1
28 133 1
90 57 1
90 89 1
90 120 0
90 152 1
90 171 1
133 120 0
29 36 1
29 57 1
29 48 0
29 74 1
29 61 1
29 96 1
29 4 1
29 190 1
29 37 1
29 186 0
29 45 1
29 79 1
36 22 1
36 57 0
36 101 1
36 115 0
36 152 0
30 68 1
32 57 1
32 168 0
32 179 1
168 60 1
179 51 0
179 57 1
179 60 1
179 182 1
33 149 1
149 57 0
149 177 1
35 57 1
35 186 1
101 17 1
101 57 1
152 2 0
152 5 1
152 57 1
152 4 1
152 190 1
152 186 0
152 44 0
152 48 1
152 74 1
40 68 1
41 27 0
41 57 1
43 55 1
43 57 1
43 136 1
43 184 1
55 196 1
136 196 1
184 57 1
184 79 1
159 57 0
50 172 1
52 115 0
196 57 1
56 82 1
56 130 1
82 57 1
82 89 1
82 199 1
130 199 1
62 73 1
62 88 1
73 23 1
88 23 1
65 76 1
65 124 0
76 45 1
124 45 0
66 174 1
70 51 0
70 57 1
70 69 1
71 115 1
72 57 1
72 87 1
87 57 1
77 153 1
78 57 1
79 57 1
80 20 1
81 2 1
86 57 1
171 57 1
91 44 1
91 57 0
91 186 1
91 79 1
91 4 1
91 190 1
91 61 1
91 96 1
91 29 1
91 37 1
91 84 0
92 18 1
92 164 1
164 36 1
164 57 1
164 114 1
164 152 1
93 70 0
93 156 1
156 45 1
156 57 0
156 69 0
94 80 1
94 128 1
128 20 0
95 41 1
95 141 1
141 27 0
98 57 1
98 156 1
98 159 1
100 122 1
100 173 1
122 57 1
122 91 1
122 137 0
122 155 1
173 137 1
102 157 1
102 175 0
157 132 1
175 132 1
105 30 0
105 40 1
106 148 1
106 176 1
148 97 0
176 97 1
108 0 1
113 57 1
113 174 1
117 33 0
117 139 1
139 57 1
139 149 1
139 156 1
119 13 1
119 19 1
121 57 1
121 101 0
121 165 0
165 17 1
155 35 1
155 57 1
155 182 0
125 79 1
126 15 0
127 77 1
127 188 0
188 153 1
129 52 1
129 71 1
131 126 1
131 145 1
145 15 1
135 57 1
135 89 1
135 159 1
140 66 1
140 113 1
143 51 1
143 193 1
193 197 0
147 154 0
147 166 1
154 116 1
166 116 0
177 57 0
177 78 1
177 87 1
177 159 1
151 21 1
151 108 1
182 57 1
162 50 0
162 57 1
163 4 1
163 190 1
163 61 1
163 96 1
163 48 1
163 74 1
163 29 1
163 79 1
163 44 1
163 37 1
163 186 1
190 189 1
169 36 1
178 57 1
178 182 1
183 191 1
183 195 1
191 39 1
195 39 1
185 22 1
185 57 0
185 81 1
185 152 1
192 29 1
192 169 1
194 125 1
194 184 0
