0 87 1
0 84 1
0 237 1
0 143 0
0 291 1
0 10 1
0 381 1
0 67 1
0 353 1
0 6 0
0 28 0
87 341 1
2 87 0
4 389 1
4 10 0
4 143 0
4 6 1
4 28 1
4 84 1
4 237 1
4 291 1
4 67 1
4 353 1
5 84 1
5 87 1
5 99 1
5 237 1
5 365 1
5 67 1
5 353 1
5 143 1
5 291 1
5 0 1
5 381 1
84 194 1
84 365 1
84 99 1
84 0 1
84 381 1
84 67 1
84 353 1
99 87 1
99 112 1
99 364 1
99 67 0
99 353 1
99 84 1
99 237 0
99 143 1
99 291 0
237 10 1
237 87 1
237 143 0
237 194 1
237 291 1
237 84 1
237 67 0
237 353 0
237 4 1
237 190 1
237 0 0
237 381 1
237 6 1
237 28 1
237 365 1
237 99 1
6 85 1
6 87 1
6 365 1
6 10 1
6 143 1
6 84 1
6 237 1
6 99 1
6 67 1
6 353 1
6 0 1
6 381 1
365 0 1
365 55 1
365 87 1
365 381 1
365 84 1
365 237 1
365 99 1
365 6 1
365 28 1
365 143 1
365 291 1
365 10 1
365 67 1
365 353 1
8 67 1
8 87 1
67 87 1
67 143 1
67 291 1
67 4 1
67 190 0
67 353 1
67 10 1
67 6 1
67 28 1
10 87 0
10 67 0
10 353 1
10 4 1
10 190 1
10 291 1
10 143 0
11 87 1
12 149 1
13 242 0
242 43 0
242 87 1
14 12 1
14 142 1
142 149 1
18 164 1
18 188 1
164 87 1
164 106 0
188 87 1
188 106 1
19 21 1
20 87 1
20 353 1
20 397 1
353 87 1
353 376 0
397 87 0
24 87 1
25 87 1
27 87 0
27 259 1
27 305 1
259 240 1
305 240 1
28 85 1
28 87 1
29 147 1
30 129 1
30 268 1
129 87 1
129 243 1
129 261 1
129 270 1
268 87 0
268 270 1
268 317 0
32 87 1
32 368 1
32 379 1
368 60 0
379 60 1
33 332 1
332 87 1
35 87 0
35 138 1
35 319 1
138 87 1
319 13 1
319 87 1
319 219 1
36 87 1
36 125 0
125 87 1
125 167 1
37 87 0
37 250 1
39 385 1
385 87 1
41 87 1
41 227 1
227 87 1
43 87 1
45 87 1
48 87 1
48 99 1
49 87 1
50 87 1
51 62 1
51 87 0
51 188 1
51 393 1
62 87 1
393 51 1
393 87 0
393 119 1
52 277 1
52 387 1
277 357 0
387 357 1
56 32 1
56 87 0
58 87 1
59 37 1
59 87 1
59 292 1
292 87 1
292 160 1
292 250 1
60 87 0
60 102 1
60 288 1
102 87 1
288 23 1
288 87 1
61 87 1
61 358 1
358 87 1
65 76 1
65 87 0
65 124 1
76 45 1
124 45 1
124 87 1
124 128 0
70 69 1
73 36 1
73 87 1
79 87 1
79 294 1
81 391 1
86 87 1
86 243 1
243 24 1
243 27 1
243 87 1
243 255 1
341 2 1
341 87 0
88 126 1
88 127 0
126 77 1
127 77 1
91 87 1
92 0 1
92 56 0
92 66 1
92 87 0
92 245 0
245 87 1
245 213 1
245 352 1
93 87 1
93 134 1
95 87 0
95 140 1
95 154 1
95 374 1
140 87 1
154 166 1
374 166 1
96 87 1
97 87 1
97 343 1
112 35 1
364 35 1
364 67 1
364 87 0
100 122 1
100 373 1
122 86 1
122 87 0
122 337 1
373 337 1
101 110 1
101 278 1
110 16 1
110 87 1
278 16 1
278 87 1
278 160 0
278 399 1
106 87 1
106 359 0
359 87 1
359 170 1
359 241 1
359 261 1
108 43 1
108 87 1
108 391 1
111 87 1
111 274 1
111 360 1
274 87 1
360 87 1
360 190 1
360 352 1
113 87 1
113 92 1
113 174 0
174 66 1
174 87 1
115 104 1
116 162 1
116 321 0
162 57 1
321 57 1
117 233 0
118 87 1
119 62 1
121 87 1
121 99 1
121 301 1
121 365 1
121 6 1
121 28 1
121 0 0
121 381 1
301 55 1
123 87 1
123 113 1
128 87 1
167 87 1
167 363 1
261 11 1
261 87 1
261 396 1
130 87 1
130 128 1
130 384 1
384 24 1
384 87 1
131 28 1
131 87 1
131 97 1
131 148 1
148 343 1
132 87 1
132 243 1
136 255 1
139 233 1
141 227 1
143 87 1
143 84 1
143 237 1
143 291 1
143 4 0
143 190 0
143 0 1
143 381 1
143 67 1
143 353 0
143 6 1
143 28 1
143 365 1
143 99 1
144 87 0
145 87 0
145 215 1
215 87 0
146 67 1
146 87 1
146 309 1
146 353 1
146 143 1
146 291 1
146 4 1
146 190 1
146 10 0
146 6 1
146 28 1
309 87 1
151 87 0
151 221 1
151 302 1
151 308 1
221 0 0
221 87 0
221 381 0
302 43 1
302 87 1
308 0 1
152 11 1
153 87 1
153 152 1
153 202 1
153 359 0
202 11 1
202 87 1
155 47 1
155 87 1
155 95 1
156 69 1
157 33 1
157 87 1
157 175 1
175 87 1
175 332 0
158 386 0
158 390 1
386 58 1
386 87 1
390 58 1
159 87 1
160 87 1
163 4 1
163 87 1
163 190 1
163 10 1
163 143 1
163 6 0
163 28 1
163 84 1
163 237 1
163 291 1
163 67 1
163 353 1
190 87 1
190 389 1
363 341 0
169 236 1
170 396 1
396 50 1
396 87 1
172 207 1
207 87 1
207 113 1
177 87 1
177 291 1
291 24 0
291 87 1
178 87 1
178 163 0
178 190 1
181 104 1
183 87 1
184 10 1
184 79 0
184 87 1
184 223 1
184 332 1
223 294 1
185 87 1
186 41 0
186 47 1
186 87 1
186 91 0
187 61 1
187 87 1
187 190 1
191 39 1
191 195 1
195 87 1
195 91 1
195 291 1
195 385 1
192 87 1
192 169 1
192 229 0
229 236 1
193 87 1
196 36 1
196 394 1
394 125 1
197 87 1
197 266 1
197 340 1
266 348 1
340 348 1
199 21 1
201 87 1
203 61 1
203 87 1
203 296 1
203 396 1
296 358 1
205 87 1
205 93 1
205 108 1
205 275 1
205 361 1
275 27 1
275 87 1
361 134 1
206 87 0
206 293 1
293 70 0
293 87 0
293 156 1
208 87 1
208 251 1
251 24 1
251 87 0
209 87 0
209 215 1
213 87 1
213 225 1
213 249 1
225 302 1
249 302 1
216 87 1
217 29 0
217 87 0
217 369 1
369 87 1
369 122 1
369 147 1
218 87 1
218 174 1
219 242 1
381 87 1
228 87 1
228 290 1
228 333 1
290 320 1
333 320 1
230 87 1
231 87 1
235 87 1
239 87 1
239 108 0
239 155 1
239 311 1
241 87 1
244 45 1
244 50 1
244 87 1
352 0 1
352 87 1
252 271 0
252 315 1
271 183 1
315 183 0
254 87 0
256 130 1
256 330 1
330 87 1
330 128 1
257 87 1
257 197 1
260 87 1
260 202 1
260 311 1
262 87 0
262 273 1
262 288 0
273 23 0
263 226 1
267 87 1
267 185 1
317 87 1
317 175 0
317 251 0
317 384 1
399 87 0
399 174 0
280 328 1
280 345 1
328 87 1
328 220 0
345 220 1
281 81 1
281 87 1
281 108 1
281 197 0
282 19 1
282 199 0
284 87 1
285 155 1
285 186 1
295 41 1
295 141 1
300 87 1
300 125 1
303 87 1
303 291 1
304 87 0
304 202 1
306 87 1
306 231 1
306 376 0
376 87 1
314 136 1
314 243 0
318 87 0
318 193 1
322 87 1
323 87 1
323 95 1
326 215 1
327 87 0
327 215 1
329 87 1
331 87 1
331 145 1
331 284 1
331 326 1
334 87 1
335 87 0
335 215 1
335 268 1
336 87 1
336 260 1
336 263 1
336 380 1
380 226 1
339 87 1
339 138 1
349 6 1
349 28 1
349 10 1
349 143 1
349 84 1
349 237 0
349 365 0
349 99 1
349 67 1
349 353 1
349 0 1
349 381 1
350 87 1
351 117 1
351 139 1
355 87 1
355 99 1
366 172 1
366 398 0
398 87 0
398 207 1
398 267 0
367 10 1
367 87 1
370 87 1
370 106 1
370 242 1
378 87 1
378 106 1
378 175 1
378 304 1
378 329 1
382 0 1
382 87 0
382 115 1
382 181 1
382 185 0
388 306 1
388 353 1
392 239 1
392 260 1
