1 399 0
1 181 1
1 115 1
1 4 1
1 190 1
1 6 1
1 28 0
399 350 1
3 124 1
3 181 1
3 399 1
3 1 1
3 136 1
3 152 1
3 202 0
3 115 0
124 45 1
124 60 1
124 399 1
124 152 1
124 202 1
124 79 1
124 149 1
124 1 1
124 136 1
124 4 1
124 190 1
124 181 1
124 84 1
124 237 1
124 115 1
181 104 1
181 399 1
181 6 0
181 28 1
181 115 0
181 152 0
181 202 1
181 84 1
181 237 1
181 124 0
181 45 1
181 60 1
181 79 1
181 149 1
4 389 1
4 45 0
4 60 1
4 79 1
4 293 1
4 1 0
4 136 1
4 124 1
4 181 1
4 190 1
4 152 1
4 202 1
4 149 1
5 84 1
5 237 1
5 1 1
5 136 1
5 45 1
5 60 1
5 181 1
5 115 1
5 6 1
5 28 1
84 194 1
84 1 0
84 136 0
84 45 1
84 60 1
84 181 0
84 115 1
84 6 1
84 28 0
237 194 1
6 85 1
6 28 1
6 79 1
6 149 1
6 4 0
6 190 1
6 181 1
6 115 1
85 399 1
8 399 1
9 356 0
9 399 1
356 399 1
11 399 1
12 79 1
12 149 1
12 293 1
12 399 1
12 4 1
12 190 1
12 181 1
12 115 1
12 152 1
12 202 1
12 45 1
12 60 0
79 8 1
79 294 0
79 399 1
79 293 1
79 149 1
79 4 0
79 190 1
79 181 0
79 115 1
79 152 1
79 202 1
79 45 1
79 60 1
149 399 1
293 70 0
293 156 0
293 297 1
293 399 1
13 242 1
14 12 1
14 142 1
142 149 1
15 350 1
18 164 1
18 188 1
18 228 1
18 399 0
164 106 0
188 75 1
188 106 1
188 210 0
188 399 0
228 290 1
228 333 1
228 399 1
19 21 0
26 399 1
27 259 1
27 305 1
259 240 1
259 399 0
305 1 1
305 136 0
305 240 1
305 399 1
305 181 1
305 115 1
305 4 1
305 190 0
305 6 0
305 28 0
28 85 1
29 147 1
30 129 1
30 268 1
129 270 1
129 399 1
268 270 1
31 2 1
31 399 1
32 368 1
32 379 1
368 60 0
379 60 1
379 399 0
33 332 1
332 229 1
332 399 1
35 348 1
35 399 1
348 399 1
36 125 1
36 399 1
37 250 1
250 399 0
39 251 1
39 385 1
39 399 1
251 24 1
251 399 1
41 227 1
43 348 1
43 399 1
45 399 1
45 152 1
45 202 1
45 79 1
45 149 1
45 1 1
45 136 1
45 60 1
45 4 1
45 190 1
45 84 1
45 237 0
46 241 1
241 399 0
48 399 1
50 216 1
50 334 0
216 107 1
216 297 1
216 399 1
334 107 1
51 62 1
62 392 1
62 399 1
52 277 1
52 387 1
277 241 1
277 357 1
277 399 0
387 357 1
53 399 1
56 399 1
58 399 1
59 37 1
59 292 1
292 250 1
60 399 1
61 358 1
392 239 1
392 260 0
392 399 0
64 212 1
64 399 1
212 399 1
65 76 1
65 124 1
76 45 1
67 399 1
68 399 1
70 69 1
71 399 1
72 399 1
75 327 1
75 399 1
327 399 1
77 399 0
80 72 1
80 399 1
81 391 1
81 399 1
87 341 0
87 399 1
341 373 1
341 399 1
88 126 1
88 127 1
126 77 1
127 77 1
92 66 0
93 134 1
134 399 0
94 399 1
95 154 1
95 374 1
154 166 1
154 244 0
154 326 0
154 399 0
374 166 1
96 297 0
96 399 0
297 399 1
97 343 1
97 349 1
97 399 0
349 6 0
349 28 0
349 250 1
349 399 1
349 79 1
349 149 1
349 4 1
349 190 1
349 181 0
349 115 0
99 112 0
99 364 0
112 35 1
364 35 1
100 122 1
100 373 0
122 337 1
373 337 1
373 399 1
101 110 0
101 278 0
110 16 1
278 1 0
278 16 1
278 399 1
103 399 0
105 399 1
108 212 1
108 391 1
108 399 1
111 136 1
111 293 1
111 399 1
136 255 1
136 399 1
113 92 0
113 174 0
174 66 0
114 399 1
115 104 1
115 217 1
115 259 1
115 399 0
217 29 1
217 369 1
217 399 1
116 162 0
116 321 1
162 57 1
321 57 0
321 231 1
321 392 1
321 398 1
321 399 1
117 1 1
117 233 1
117 399 1
233 399 1
118 399 1
119 62 1
121 301 1
121 365 1
301 55 1
365 55 1
365 72 0
365 115 1
365 399 1
123 212 1
123 399 0
270 18 0
270 230 1
270 399 0
130 128 1
130 258 1
130 309 1
130 399 0
258 297 1
258 327 1
258 399 1
309 379 1
309 399 0
131 97 0
131 148 0
148 343 1
148 399 1
133 399 1
135 399 1
255 399 1
138 68 1
138 160 1
138 210 1
138 399 1
160 399 1
210 399 1
139 233 1
139 399 1
140 399 1
141 169 1
141 227 0
141 399 1
169 236 1
169 250 1
169 399 1
143 230 1
143 399 1
230 80 1
230 399 1
144 399 0
145 215 1
215 399 1
151 221 1
151 308 1
151 399 1
221 0 1
308 0 1
152 11 1
152 1 0
152 136 1
152 45 1
152 60 1
152 84 1
152 237 1
152 79 0
152 149 1
152 293 1
153 140 1
153 152 1
153 202 1
153 399 1
153 1 1
153 136 1
153 45 1
153 60 1
153 84 1
153 237 1
153 79 1
153 149 1
153 293 1
202 11 0
244 213 1
244 339 1
244 399 1
326 215 1
326 399 1
155 47 1
156 69 1
157 33 1
157 175 0
175 332 1
175 399 1
158 386 1
158 390 1
386 58 1
386 399 1
390 58 1
390 382 1
390 399 0
159 347 0
159 399 1
347 399 1
163 4 0
163 190 1
163 45 1
163 60 1
163 79 0
163 293 1
163 1 1
163 136 1
163 124 1
163 181 1
163 152 1
163 202 1
163 149 1
190 389 1
167 87 1
167 363 1
363 341 1
170 396 1
170 399 0
171 244 0
171 397 1
171 399 1
397 399 1
172 207 1
207 247 1
207 399 1
182 15 1
182 399 1
184 79 1
184 223 1
184 399 0
223 294 1
185 399 0
186 47 0
191 39 1
191 195 0
195 385 1
192 169 1
192 229 0
192 399 1
229 236 0
229 399 1
193 149 1
193 399 0
196 36 1
196 394 1
196 399 1
394 125 0
197 266 1
197 340 1
197 399 0
266 348 1
340 348 1
199 21 1
199 399 1
203 61 1
203 296 1
296 358 1
204 399 1
205 93 1
205 361 1
361 134 1
206 241 1
247 399 1
213 225 1
213 249 1
213 399 1
225 302 1
249 302 1
249 379 1
249 399 1
214 192 0
214 197 1
214 248 1
214 399 1
248 197 1
248 244 1
248 245 1
248 399 1
369 147 1
219 144 1
219 242 0
219 399 1
290 320 0
333 320 1
231 399 0
234 399 1
239 311 1
243 255 1
339 139 1
339 399 1
245 399 1
246 245 0
246 320 1
246 399 1
320 399 0
252 271 1
252 315 0
271 36 1
271 183 1
271 399 1
315 183 1
256 56 0
256 130 1
256 258 1
256 330 1
256 399 1
330 128 1
260 311 0
261 197 0
261 396 1
261 399 1
262 273 1
262 288 1
273 23 1
288 23 1
288 250 1
288 399 1
263 226 1
267 80 1
267 399 1
269 399 0
275 399 1
276 399 1
279 271 1
279 399 1
280 328 1
280 345 1
328 220 1
345 220 1
281 81 1
281 108 1
282 19 1
282 199 1
283 123 1
283 399 0
285 155 1
285 186 1
286 1 1
286 399 1
289 399 1
291 250 1
291 399 1
295 41 1
295 141 0
304 399 1
306 376 0
314 136 0
314 243 1
316 129 1
316 399 1
317 251 0
317 384 1
384 24 1
319 13 1
319 81 1
319 219 1
319 399 0
398 207 0
398 399 0
322 212 0
322 399 1
323 399 1
331 145 0
331 326 0
335 2 1
336 250 1
336 263 1
336 380 1
336 399 0
380 226 1
346 188 1
346 210 0
346 399 1
351 117 1
351 139 1
352 399 0
353 376 1
354 399 1
355 46 1
355 206 0
355 399 1
359 170 1
359 261 1
362 31 0
362 335 1
366 172 0
366 398 1
367 399 1
377 71 1
377 230 0
377 255 1
377 399 1
378 399 1
382 115 1
382 181 1
382 399 0
382 6 1
382 28 0
382 152 1
382 202 1
382 84 1
382 237 0
382 124 1
382 45 0
382 60 1
382 79 1
382 149 1
383 399 1
388 306 1
388 353 0
393 51 1
393 119 1
393 399 1
