0 81 0
0 1 1
0 216 0
0 36 1
0 2 0
0 271 0
81 391 1
1 81 0
1 216 1
1 36 1
1 0 0
1 2 0
1 126 1
1 354 1
1 271 1
1 163 1
1 379 0
1 221 0
1 308 0
1 67 0
2 81 1
2 369 1
2 1 1
2 36 1
2 216 0
2 0 1
2 379 1
2 221 0
2 308 1
2 163 1
2 126 1
369 81 1
3 1 0
3 36 0
3 81 0
3 216 1
3 354 0
3 0 0
3 2 1
3 126 0
3 271 1
3 163 0
3 379 0
3 221 1
3 308 0
3 67 0
36 81 0
36 125 1
36 253 0
216 81 1
216 280 1
354 81 0
354 169 0
354 243 0
354 287 1
4 43 1
4 81 0
4 292 0
4 389 0
43 81 0
292 81 1
389 81 1
5 81 0
5 84 0
5 237 1
84 194 0
237 81 0
237 89 1
237 182 1
237 194 1
6 7 1
6 81 1
6 85 1
6 123 0
6 363 0
7 81 0
7 132 1
7 369 0
123 81 1
363 81 1
132 81 0
132 367 0
11 81 0
11 242 0
242 81 0
12 81 0
12 203 0
12 314 1
12 364 1
12 374 1
12 377 1
12 378 1
203 81 0
314 81 1
314 136 1
314 243 0
314 325 0
364 81 1
374 81 1
377 81 1
377 152 0
378 81 1
378 181 0
13 242 0
15 81 0
15 219 1
219 81 0
219 181 0
219 242 1
16 81 0
18 81 0
18 164 0
18 188 1
18 374 0
164 81 1
164 106 1
188 106 0
19 21 0
21 18 1
21 81 0
21 321 0
21 336 1
321 81 0
321 354 1
336 81 1
24 81 1
25 81 0
27 81 0
27 181 1
27 259 0
27 305 1
181 81 0
259 36 0
259 81 0
259 219 0
259 240 1
305 240 1
28 85 0
29 81 0
30 81 1
30 129 1
30 161 0
30 173 1
30 182 1
30 268 0
129 81 1
129 270 1
161 81 0
173 81 0
182 37 0
182 81 1
268 81 1
268 270 1
32 368 1
32 379 1
368 60 0
368 81 0
368 223 1
368 235 0
368 242 1
368 275 0
379 60 0
379 81 1
379 263 1
33 81 0
33 332 1
332 81 1
125 81 1
253 81 1
37 81 0
37 174 0
37 332 0
174 66 1
174 81 0
174 364 1
38 81 1
38 83 0
38 199 1
83 81 0
199 21 1
199 81 0
39 385 0
385 81 1
41 81 0
41 94 1
41 227 1
94 81 0
94 106 0
94 178 1
42 81 1
45 81 1
45 93 0
93 81 1
47 81 1
47 181 1
47 369 0
48 81 0
48 207 1
207 81 0
50 81 0
50 87 0
87 81 0
87 271 1
51 62 1
51 81 0
51 378 1
62 81 1
52 81 0
52 263 0
52 373 1
263 81 0
263 87 1
263 218 1
373 54 1
373 81 0
373 111 1
373 126 1
373 273 0
373 337 0
54 81 0
55 66 0
55 81 1
55 247 1
66 81 0
247 81 1
247 350 0
56 81 1
59 81 0
59 266 0
266 81 0
266 106 0
266 348 0
61 81 0
65 76 1
65 124 0
76 45 0
76 81 0
124 45 0
124 81 0
67 81 1
68 81 1
68 218 0
218 81 1
218 96 1
69 81 1
70 69 0
71 81 1
72 81 1
72 152 1
152 81 0
75 81 1
75 297 1
297 81 1
297 97 1
297 363 1
297 382 1
77 81 1
78 61 1
78 81 1
78 167 0
78 207 1
167 81 1
167 93 1
167 222 1
79 69 1
79 81 1
79 119 1
79 294 0
119 62 1
119 81 1
294 81 0
294 226 1
294 255 1
80 81 0
391 81 0
391 166 1
391 186 1
391 260 1
391 355 0
86 81 1
271 81 0
271 183 1
271 350 0
88 126 0
88 127 0
126 77 1
126 81 0
126 93 1
126 123 1
127 77 0
127 81 1
89 5 0
89 81 1
89 232 0
232 81 1
90 81 0
90 178 1
90 336 1
178 81 1
178 215 1
92 66 0
106 81 0
106 242 0
95 81 1
96 81 0
97 81 1
97 309 0
97 343 0
309 81 1
343 36 0
343 81 1
343 129 1
343 191 1
343 309 1
98 25 0
98 81 1
98 238 1
238 5 0
238 81 0
238 134 1
238 292 1
99 81 0
99 365 1
365 81 0
365 309 0
365 386 1
100 122 0
100 373 1
122 337 1
104 81 0
105 0 0
105 81 0
108 3 0
108 7 0
108 81 0
108 391 0
111 81 1
111 234 0
234 81 0
234 390 1
112 81 0
113 92 1
113 174 1
115 81 1
117 81 0
117 233 0
233 68 0
233 81 1
233 117 1
233 271 1
118 52 0
118 81 0
118 173 1
121 81 0
121 95 1
121 219 0
121 282 0
121 298 0
282 19 1
282 81 0
282 199 1
298 81 0
298 207 1
128 81 1
128 142 1
128 219 0
128 325 0
142 81 1
325 81 1
325 397 0
130 128 1
131 97 0
131 148 1
148 24 1
148 81 0
148 185 1
148 343 1
367 27 1
367 81 1
133 76 0
133 81 1
133 304 1
133 330 1
133 397 1
304 81 0
304 167 0
330 81 0
330 128 1
397 81 0
134 81 0
135 81 0
135 234 1
135 280 1
280 81 1
280 328 0
280 345 1
136 81 0
136 207 0
136 255 1
255 81 0
255 329 1
139 233 1
141 227 0
145 81 0
145 215 0
215 81 0
146 6 0
146 81 1
146 111 1
146 159 1
146 230 1
159 81 0
230 81 1
230 93 1
185 81 0
149 81 1
149 124 1
149 334 0
334 81 0
151 81 0
151 186 1
151 221 1
151 308 0
151 1 1
151 216 1
151 0 0
186 81 0
221 0 0
221 1 1
221 81 0
221 163 1
221 216 1
221 36 1
221 2 1
221 126 1
221 354 1
221 379 0
221 67 1
221 308 1
308 0 1
153 81 1
153 87 1
153 192 0
192 43 1
192 81 1
192 169 0
192 229 1
156 69 1
157 33 1
157 81 0
157 175 0
157 243 1
175 81 0
175 332 1
243 81 1
243 245 1
243 255 1
160 81 1
160 235 0
235 43 1
235 81 1
235 127 0
162 81 0
162 397 1
163 4 1
163 81 0
163 190 1
190 43 0
190 81 1
190 111 1
190 160 0
190 389 1
165 50 1
165 81 1
166 81 0
222 81 1
168 81 1
168 222 0
169 81 1
169 236 1
169 367 1
169 399 0
399 81 0
399 181 0
399 203 1
399 365 1
170 81 0
170 151 0
170 326 1
170 367 1
326 4 1
326 81 0
326 215 0
326 218 1
171 81 0
171 219 0
177 81 1
183 81 0
183 399 1
184 79 1
184 81 1
184 129 1
184 223 0
184 397 1
223 56 0
223 81 1
223 294 0
187 18 1
187 81 1
187 367 1
191 39 1
191 81 0
191 127 1
191 195 1
195 81 1
195 385 1
229 81 0
229 236 0
193 81 0
193 142 1
193 151 0
196 36 0
196 81 1
196 277 1
196 394 1
277 81 1
394 125 1
197 81 0
197 105 1
197 201 1
197 266 0
197 281 1
197 340 1
201 81 0
201 207 0
281 81 0
281 108 0
340 348 0
198 81 0
200 81 0
200 199 0
200 330 0
202 81 0
202 282 1
204 5 1
204 81 0
204 142 0
205 81 1
205 186 1
208 81 1
209 81 1
209 242 1
212 81 0
212 142 0
212 355 0
355 81 1
355 152 1
355 175 0
213 81 1
213 164 0
213 225 0
213 249 0
225 27 1
225 81 0
225 302 0
249 302 1
214 7 1
214 81 0
214 207 1
214 272 1
272 81 1
217 77 1
217 81 0
217 221 0
217 359 0
359 81 1
224 80 0
224 81 1
224 174 0
302 81 1
302 364 1
226 81 1
228 290 1
228 333 0
290 320 1
333 320 1
231 81 1
231 373 1
390 81 0
241 81 0
245 81 1
244 54 1
244 81 1
244 287 1
287 81 0
350 27 0
350 67 1
350 81 0
350 281 0
248 81 1
248 161 1
248 225 1
251 81 0
251 173 0
252 2 1
252 67 1
252 81 1
252 126 0
252 271 0
252 315 0
252 1 1
252 36 1
252 216 0
252 0 1
252 379 1
252 221 1
252 308 0
252 163 1
315 183 1
254 81 1
254 174 1
329 81 0
256 130 0
256 330 0
260 81 0
262 273 1
262 288 0
273 16 1
273 23 1
273 81 1
273 365 0
288 18 1
288 23 0
288 81 0
288 129 0
288 202 0
288 223 0
288 330 0
264 81 0
264 166 1
348 76 0
348 81 0
348 126 0
348 136 1
348 317 1
274 81 1
274 298 1
275 81 0
275 182 1
278 81 0
278 98 0
278 320 0
278 390 0
320 81 1
279 81 0
279 229 1
328 54 0
328 81 1
328 94 1
328 124 1
328 220 0
328 231 1
345 50 1
345 81 0
345 220 1
345 222 1
286 24 1
286 81 1
286 363 0
289 81 0
289 111 1
289 171 1
289 260 0
291 81 0
291 117 0
291 152 0
291 376 0
376 81 0
376 93 0
376 178 0
293 70 0
293 81 0
293 156 1
295 41 1
295 81 1
295 141 1
295 223 0
382 81 1
299 62 1
299 81 0
299 124 1
299 382 1
300 81 1
306 81 1
306 376 0
310 81 1
313 81 0
317 81 0
317 292 1
317 313 0
317 350 1
319 13 1
319 219 0
322 81 1
322 199 1
323 81 0
323 198 0
331 66 0
331 81 1
331 145 1
331 254 0
331 326 1
335 81 0
335 125 1
335 271 1
339 50 1
339 81 1
344 81 0
346 0 1
346 81 1
346 123 0
346 379 0
346 1 0
346 216 0
346 36 1
346 2 1
346 271 1
349 6 1
349 28 0
349 81 0
349 235 1
349 317 1
351 117 0
351 139 1
353 376 1
360 81 1
386 81 0
370 81 1
383 81 0
383 124 0
388 306 0
388 353 0
393 51 0
393 119 0
395 45 1
395 81 1
396 81 1
396 127 0
398 81 1
398 126 0
