0 320 1
0 10 0
0 429 0
0 192 0
0 302 1
0 14 0
0 105 1
0 100 0
0 767 1
0 103 0
0 410 0
320 617 1
2 103 0
2 410 0
2 562 1
2 988 0
2 3 0
2 326 1
2 5 0
2 360 0
103 638 0
103 562 0
103 988 0
103 3 0
103 326 0
103 5 0
103 360 0
410 638 0
3 901 0
3 10 0
3 429 1
3 5 1
3 360 0
3 192 1
3 302 1
3 234 0
3 988 1
3 100 0
3 767 0
5 820 0
5 360 1
5 14 0
5 105 0
5 10 1
5 429 1
5 0 0
5 632 0
7 617 0
617 855 0
9 234 0
9 562 0
9 617 0
9 988 0
9 14 0
9 105 0
9 5 0
9 360 0
9 3 0
9 326 0
9 192 1
9 302 0
9 10 0
9 429 0
9 103 0
9 410 0
234 244 0
234 14 0
234 105 0
234 5 0
234 360 0
234 3 0
234 326 0
234 562 1
234 988 0
234 192 0
234 302 0
234 103 1
234 410 1
562 617 0
562 10 0
562 429 0
562 5 0
562 360 1
988 244 0
988 415 1
988 617 0
10 483 0
10 103 0
10 410 0
10 100 0
10 767 0
10 0 1
10 632 1
10 14 0
10 105 0
10 429 1
11 192 0
11 302 1
11 122 0
11 934 0
11 3 0
11 326 0
11 103 1
11 410 1
192 898 0
192 122 0
192 934 0
192 3 0
192 326 1
192 103 0
192 410 0
302 617 0
302 898 1
12 100 0
12 767 0
12 10 0
12 429 1
12 14 0
12 105 0
100 832 0
100 10 1
100 429 0
100 767 1
100 14 1
100 105 0
767 617 1
767 832 0
13 190 0
13 617 0
190 309 0
190 617 0
190 700 0
14 617 1
14 639 0
14 562 1
14 988 1
14 192 1
14 302 1
14 103 0
14 410 0
14 105 0
14 3 0
14 326 0
14 0 0
14 632 0
14 10 0
14 429 0
639 411 0
639 617 0
15 168 0
168 617 0
16 300 0
300 617 0
18 571 0
19 920 1
920 617 0
20 617 0
21 617 0
23 25 0
24 617 0
26 562 0
27 518 0
28 737 0
28 856 0
737 45 0
737 617 0
856 45 0
29 378 0
31 58 0
31 745 0
58 41 1
58 617 0
745 41 1
33 224 0
224 617 0
34 617 1
36 803 0
803 617 0
38 199 0
38 606 0
199 802 0
606 802 1
40 567 0
42 74 0
42 617 0
43 425 0
43 617 0
45 617 0
46 744 0
48 617 0
48 777 0
48 928 1
928 617 1
51 617 0
52 29 0
52 367 1
367 378 0
55 617 0
56 513 0
57 617 0
59 567 0
60 10 0
60 429 1
60 617 0
60 103 0
60 410 0
60 100 0
60 767 1
60 0 0
60 632 0
60 14 0
60 105 1
429 483 0
61 477 0
61 536 0
61 617 0
61 631 0
477 465 0
477 617 0
536 469 0
536 617 1
631 617 0
62 621 0
63 186 0
63 617 0
64 342 0
65 408 0
65 477 1
65 617 1
408 331 1
408 617 0
67 617 0
67 720 1
68 686 1
68 903 1
686 980 0
903 980 1
69 415 1
69 474 1
69 617 0
415 617 0
415 662 0
474 662 0
70 452 0
70 617 0
70 923 0
452 617 0
71 991 1
72 733 0
72 993 0
733 356 0
733 617 0
993 356 1
73 769 0
73 905 0
769 675 0
905 617 0
905 675 0
905 979 0
75 384 0
75 826 0
384 232 0
826 232 0
76 334 0
334 617 0
78 617 1
79 617 0
80 758 1
85 634 0
86 534 1
86 617 0
534 480 1
534 617 0
88 591 1
88 617 0
88 967 0
591 501 0
591 617 0
89 592 0
592 617 1
90 477 0
90 617 1
90 690 1
690 617 0
690 635 1
91 617 1
92 195 0
92 288 0
195 35 0
288 35 0
93 70 1
93 563 0
563 923 0
96 590 0
96 617 0
96 781 0
590 522 0
781 522 0
97 617 0
98 414 0
832 617 0
101 408 0
101 454 1
101 617 0
454 331 0
105 617 1
105 639 0
106 460 1
106 893 1
460 619 0
893 619 0
107 621 0
109 23 0
109 238 0
238 25 0
238 617 0
110 469 1
110 536 0
110 617 0
469 617 0
112 617 0
112 937 0
112 975 1
937 421 0
975 421 1
117 308 0
117 622 0
308 813 0
622 105 0
622 617 0
622 813 0
118 40 0
118 59 0
121 36 0
121 185 0
121 617 0
185 803 0
122 7 0
122 100 0
122 767 0
122 192 0
122 302 0
122 14 0
122 105 0
122 562 1
122 988 0
124 329 0
125 617 1
127 617 1
127 770 0
128 883 0
883 617 0
129 617 0
129 768 0
129 850 0
768 119 0
850 119 1
130 617 1
130 838 0
838 617 0
131 669 0
131 815 0
669 114 0
669 617 0
815 114 0
132 617 0
133 854 0
134 594 1
134 946 1
594 263 0
946 263 0
135 191 0
138 264 0
141 230 0
141 353 1
230 771 1
353 771 0
142 90 0
142 617 0
143 617 0
145 8 1
146 179 0
146 868 1
179 313 0
179 617 0
868 313 0
148 62 0
148 107 0
149 592 0
150 665 1
150 985 1
665 924 0
985 924 0
151 617 0
152 884 1
884 617 0
153 175 0
153 617 0
154 528 0
156 80 0
156 419 0
419 758 0
158 562 0
158 617 1
159 552 0
159 617 0
159 943 0
552 280 0
943 112 0
943 280 0
943 617 0
160 617 0
162 617 1
163 838 1
164 71 0
164 207 0
207 617 1
207 991 0
165 617 0
167 188 0
169 783 1
783 617 0
783 884 0
170 388 0
170 689 0
388 162 0
689 162 0
173 604 1
174 695 0
174 879 0
695 216 0
879 216 0
879 617 0
879 884 1
177 617 0
177 935 0
935 617 0
178 452 0
178 617 0
178 906 0
906 617 0
313 617 0
180 425 0
180 617 0
182 242 0
182 617 0
182 753 0
242 617 0
242 916 0
753 261 0
753 617 0
753 916 0
183 939 0
183 958 0
939 979 0
958 979 1
187 589 1
187 691 0
589 678 1
691 678 0
189 617 1
309 617 0
309 740 0
700 740 0
194 208 0
194 902 0
208 809 0
902 809 0
197 155 1
198 585 0
200 365 0
200 845 1
365 377 0
845 377 0
201 260 0
201 833 0
260 243 0
260 617 0
833 243 0
202 617 0
204 617 0
205 339 0
205 786 0
339 340 0
339 617 0
786 340 1
786 586 0
786 617 0
809 617 0
209 542 1
209 989 0
542 530 0
989 530 0
210 688 0
211 277 0
211 601 0
277 617 1
277 805 0
601 501 0
601 617 0
601 805 1
214 171 0
218 122 0
218 334 1
218 617 0
218 934 0
218 100 0
218 767 1
218 192 0
218 302 0
218 14 0
218 105 0
218 562 0
218 988 1
934 7 0
219 240 0
219 441 0
240 217 0
441 217 0
220 43 0
220 180 0
223 617 0
226 981 0
981 456 1
981 617 0
228 297 0
297 617 0
229 235 1
229 334 0
229 617 1
235 617 0
771 617 0
233 586 0
233 617 0
586 617 0
586 920 0
239 967 0
241 680 1
246 990 0
990 617 0
248 617 0
249 381 0
249 617 0
249 725 0
381 315 0
725 315 0
251 3 0
251 326 0
251 617 0
251 10 0
251 429 0
251 5 0
251 360 1
251 192 0
251 302 0
251 234 0
251 988 0
251 100 1
251 767 0
326 901 0
252 130 0
252 163 0
253 292 0
253 442 0
253 617 0
292 87 1
442 87 0
258 539 1
261 617 0
262 135 0
262 617 0
262 954 0
954 191 0
263 617 0
267 596 0
267 617 0
268 49 0
268 617 1
269 801 1
801 617 1
274 862 0
275 617 0
276 1 0
278 450 0
279 13 1
281 364 0
364 617 0
282 269 0
282 666 0
666 801 0
286 362 0
295 846 0
295 866 0
846 617 0
846 647 0
866 617 0
866 647 0
296 332 0
296 407 0
332 413 1
407 413 0
299 562 0
301 137 1
304 123 1
304 617 0
307 511 0
311 102 0
314 617 0
316 226 0
316 400 0
400 617 0
400 981 1
317 617 0
317 652 0
317 709 0
652 741 0
709 617 1
709 690 0
709 741 0
319 617 0
322 477 0
322 860 0
860 465 0
325 617 0
327 275 1
327 395 0
327 617 1
395 617 0
328 617 0
330 64 0
330 464 0
464 342 0
333 617 0
335 414 0
336 881 0
337 373 0
337 617 0
337 673 0
373 376 0
373 617 0
673 376 0
338 26 0
338 299 0
338 617 0
341 617 0
341 770 1
344 712 0
346 617 0
347 617 0
347 976 0
348 339 0
348 617 0
349 883 1
352 17 1
356 617 0
359 512 0
512 617 0
360 820 0
363 238 1
363 617 0
363 836 0
363 977 0
836 158 0
977 158 0
366 8 0
368 617 0
368 763 0
369 82 0
369 617 0
371 247 1
376 617 0
374 228 0
374 617 0
374 882 0
882 297 0
375 617 0
380 617 1
380 771 0
382 611 0
382 971 0
611 999 0
971 999 1
385 212 1
386 51 0
386 561 0
386 617 0
386 714 0
561 713 1
714 713 0
387 53 0
387 617 0
389 380 0
390 49 1
391 906 0
392 680 0
393 371 0
393 649 0
649 247 0
394 617 1
394 957 0
957 617 0
396 617 0
398 329 0
399 617 0
399 961 0
961 411 1
961 617 0
402 171 0
403 339 0
403 380 0
403 617 0
406 617 0
406 687 0
409 548 0
409 617 0
409 794 0
548 273 1
794 273 0
411 617 1
412 95 1
662 617 0
418 333 0
418 506 0
418 617 0
422 458 0
422 922 0
458 519 0
922 519 0
423 617 0
424 617 0
426 617 0
427 203 0
431 617 0
432 617 0
432 841 0
433 499 0
433 983 0
499 34 0
983 34 1
435 27 0
435 857 0
857 518 0
436 197 0
436 617 0
436 789 0
789 155 0
437 169 0
437 617 0
437 625 0
625 783 0
440 262 0
440 617 0
440 672 0
443 539 0
444 664 0
444 858 0
664 456 0
858 456 0
445 265 0
446 406 0
446 800 0
800 687 0
447 626 0
447 715 0
626 996 0
715 617 0
715 996 0
453 450 1
453 617 0
455 286 0
455 682 0
682 362 0
682 617 0
682 774 0
456 617 0
457 617 0
457 722 0
457 829 0
722 411 0
722 617 0
829 411 0
519 617 1
459 541 1
459 617 0
459 731 0
541 581 0
541 617 0
731 581 0
461 617 0
462 267 0
462 617 0
462 811 0
811 596 0
467 617 0
467 884 0
468 276 0
468 658 0
658 1 1
470 214 0
470 402 1
472 532 0
472 617 0
473 908 0
475 617 0
475 712 1
476 0 0
476 632 0
476 10 0
476 429 0
476 192 0
476 302 0
476 14 0
476 105 0
476 100 1
476 767 1
476 103 0
476 410 0
632 320 1
478 145 1
478 366 0
479 359 0
479 960 0
960 512 0
481 123 0
482 502 0
482 617 1
502 855 1
484 178 0
484 391 0
486 258 0
486 443 0
487 617 1
489 617 0
490 268 0
490 390 0
490 617 0
491 375 0
493 89 0
493 149 0
497 440 1
497 582 0
582 672 0
498 224 1
500 534 0
500 617 0
500 728 0
728 480 0
501 617 0
504 617 0
504 668 0
504 927 1
668 20 0
927 20 0
927 617 1
507 385 0
