0 47 1
47 474 1
1 47 1
2 47 1
3 47 1
4 47 0
5 47 1
6 47 0
6 339 1
6 466 1
6 15 1
6 419 1
6 291 1
6 478 1
6 18 0
6 520 1
6 13 1
6 31 1
339 47 1
339 65 1
339 15 1
339 419 1
339 291 1
339 478 1
339 18 1
339 520 1
339 466 1
339 13 0
339 31 1
466 47 1
466 65 1
7 47 0
8 47 1
8 580 1
8 18 1
8 520 1
8 339 0
8 466 1
8 15 1
8 419 1
9 47 1
10 47 1
11 47 1
13 47 1
13 402 1
13 339 0
13 466 1
13 18 1
13 520 0
13 31 1
13 15 1
13 419 1
13 291 1
13 478 1
13 8 0
13 467 1
402 47 1
15 47 0
15 252 1
15 291 1
15 478 1
15 419 1
15 18 1
15 520 1
15 273 1
15 504 1
15 8 1
15 467 1
15 13 1
15 31 1
252 47 1
16 291 0
16 478 1
16 339 0
16 466 1
16 18 1
16 520 1
16 15 1
16 419 1
291 68 0
291 339 1
291 466 1
291 18 1
291 520 1
291 478 1
291 15 0
291 419 0
478 47 1
478 68 1
18 47 1
18 84 0
18 520 1
18 339 1
18 466 1
18 15 1
18 419 1
18 273 1
18 504 1
18 291 1
18 478 1
19 47 1
20 47 1
20 543 1
22 47 1
23 47 1
23 236 1
236 47 1
26 47 0
27 47 1
28 47 1
28 582 1
582 106 1
29 47 1
30 134 1
134 47 1
31 47 1
31 402 1
32 213 0
32 442 1
213 47 1
213 596 1
442 47 1
442 596 0
33 47 1
34 47 1
35 47 1
36 47 1
37 47 1
38 47 1
38 488 0
488 47 1
39 47 1
41 47 1
45 47 1
45 310 1
45 554 1
310 47 1
310 98 0
554 98 1
46 47 1
474 47 1
48 47 1
49 47 1
50 47 1
51 47 1
52 29 1
52 47 1
53 499 1
54 47 0
54 58 1
54 247 1
58 47 1
58 394 1
247 47 1
247 394 0
55 47 1
56 47 1
57 47 1
394 47 1
61 47 1
64 35 0
65 47 0
66 55 0
67 47 1
68 47 1
69 47 1
70 47 1
70 245 1
245 47 1
71 47 0
71 422 1
422 47 1
422 474 1
73 47 1
74 47 1
74 303 1
303 47 1
75 47 0
77 47 1
78 47 1
78 367 1
78 570 1
367 47 1
367 50 0
570 47 1
570 50 1
79 47 1
80 47 1
80 79 1
81 47 1
82 47 1
85 47 1
86 47 0
87 47 1
88 47 1
88 70 1
88 229 1
229 245 1
90 516 1
516 47 1
91 47 1
91 53 1
91 211 1
211 499 1
92 47 0
93 47 0
94 47 0
95 47 0
97 47 1
97 505 1
505 47 1
98 47 1
101 47 1
102 47 0
103 483 1
103 484 0
483 251 1
484 251 0
105 47 0
106 47 1
107 47 1
108 47 1
109 47 1
111 47 1
113 47 1
114 47 0
115 47 1
116 47 1
117 47 1
118 47 1
120 47 1
121 47 1
123 47 1
123 543 1
124 47 1
125 47 1
126 47 0
128 47 1
128 516 0
130 47 1
131 47 1
131 93 1
133 47 1
135 47 1
136 47 1
137 47 1
138 47 1
139 47 1
140 47 1
141 47 1
143 47 1
143 239 1
143 424 1
239 47 0
239 181 1
424 181 1
144 47 1
145 47 1
145 599 1
599 47 1
146 47 1
147 47 0
148 47 1
148 272 1
148 490 1
272 241 1
490 47 0
490 241 1
149 47 1
150 47 0
150 523 1
152 47 1
153 47 1
155 47 1
155 244 1
155 374 1
244 47 0
244 322 1
374 47 1
374 322 1
157 47 0
158 95 1
159 47 1
162 47 1
164 47 0
165 47 1
166 47 1
167 47 1
168 47 1
169 47 1
169 475 1
169 532 1
475 477 0
475 511 1
532 19 1
532 477 1
171 47 1
171 376 1
171 439 0
376 47 0
376 385 1
439 47 1
439 385 1
172 590 1
590 47 1
175 13 0
175 31 0
175 47 1
175 339 1
175 466 1
175 18 1
175 520 1
175 15 1
175 419 1
175 291 1
175 478 0
175 8 1
175 467 1
176 47 1
178 47 1
180 47 1
181 47 1
184 47 1
185 47 1
186 47 0
187 47 1
190 47 1
192 47 0
194 47 0
195 47 1
196 47 1
197 47 1
198 47 1
199 47 1
200 47 1
201 47 1
202 47 1
203 47 1
204 47 1
204 479 1
479 47 1
205 18 1
205 47 1
205 520 1
205 339 1
205 466 1
205 15 1
205 419 1
205 273 1
205 504 0
205 291 1
205 478 1
520 47 1
520 84 1
206 47 1
206 158 1
206 486 1
486 95 1
207 47 1
208 47 1
209 47 1
209 488 1
215 47 1
216 383 1
383 47 0
217 47 1
218 47 1
219 47 1
220 15 1
220 47 0
220 419 0
220 291 1
220 478 1
220 18 1
220 520 1
220 273 1
220 504 1
220 8 0
220 467 0
220 13 1
220 31 1
419 47 0
419 252 0
221 47 0
223 358 1
224 47 1
225 47 1
226 47 1
227 47 1
227 79 1
228 47 1
231 47 1
232 47 1
232 348 1
348 47 1
233 47 1
235 47 1
237 47 1
238 47 1
240 47 1
241 47 1
242 47 0
243 47 1
246 47 1
248 47 0
248 388 1
249 47 1
250 47 1
253 47 1
255 47 1
256 47 1
257 38 1
257 47 1
257 209 1
258 47 1
260 120 1
261 47 1
264 47 1
265 51 1
266 47 0
269 47 1
270 29 1
270 47 0
271 206 1
273 11 1
273 47 1
273 339 1
273 466 0
273 13 1
273 31 0
273 15 1
273 419 1
273 18 1
273 520 0
275 47 1
276 47 0
277 47 1
278 47 1
279 47 1
279 300 1
279 531 0
300 498 1
531 47 1
531 498 1
280 47 1
280 204 1
280 489 1
489 47 1
489 479 0
281 47 1
283 47 1
283 523 0
285 47 1
286 47 0
286 99 1
287 223 1
287 316 0
316 47 1
316 358 1
288 47 1
290 47 1
290 265 0
290 440 0
440 51 1
293 47 1
294 47 1
294 248 1
294 326 1
326 47 1
326 388 1
295 47 1
296 47 1
297 47 1
298 47 1
299 47 1
302 243 1
305 35 1
306 47 0
307 47 1
307 90 0
307 128 1
308 47 1
308 150 0
308 283 0
309 47 1
311 47 1
312 372 1
372 47 1
313 47 1
314 47 1
314 348 1
317 47 1
319 47 1
319 236 1
323 47 0
324 47 0
325 47 1
327 47 1
328 47 1
329 131 1
329 511 0
511 47 1
511 93 1
331 58 1
332 47 1
333 47 1
334 47 1
335 378 0
378 47 1
336 47 1
337 47 1
341 47 1
342 47 1
343 47 0
346 47 1
347 47 1
350 47 1
351 47 1
353 47 1
354 47 0
354 66 1
354 420 1
420 55 1
355 47 1
356 281 0
357 47 1
359 47 1
360 47 1
361 47 1
361 273 1
361 504 1
361 339 1
361 466 1
361 13 1
361 31 1
361 15 1
361 419 1
361 18 1
361 520 1
504 11 0
504 47 1
362 47 1
363 47 1
364 47 1
364 145 1
364 540 1
540 47 1
540 599 1
366 47 0
368 47 1
369 47 0
371 47 1
375 47 1
377 47 1
379 47 1
380 47 1
381 47 1
382 47 1
382 582 1
386 47 1
387 47 0
389 47 1
391 47 0
392 47 1
392 80 1
392 227 1
393 47 1
396 47 1
397 47 1
398 8 0
398 47 1
398 467 0
398 18 0
398 520 0
398 339 1
398 466 1
398 15 1
398 419 1
467 580 1
399 47 1
400 47 1
401 47 1
403 47 1
404 47 0
405 23 1
405 47 0
405 319 1
406 47 1
407 47 1
408 505 0
409 47 0
410 47 1
412 47 1
413 47 1
414 47 1
415 47 1
415 232 1
415 314 1
416 47 1
416 74 1
416 514 0
514 47 1
514 303 1
418 47 0
425 47 1
426 47 0
427 47 1
428 47 1
430 47 1
431 20 1
431 47 1
431 123 0
432 47 1
433 47 1
436 47 1
438 47 1
441 47 0
443 47 1
444 28 1
444 47 1
444 382 1
445 47 1
446 47 0
448 47 1
450 47 1
451 47 1
455 47 0
456 47 1
457 47 1
458 47 1
460 47 0
461 47 1
462 47 1
462 99 1
463 47 1
464 47 1
468 47 0
469 47 1
470 47 1
471 47 1
473 47 1
477 47 1
476 286 0
476 462 0
481 47 0
482 47 1
487 47 1
491 47 1
494 47 1
495 47 1
500 47 1
501 47 1
502 47 1
503 47 1
507 47 1
509 47 1
510 47 1
515 47 1
517 47 1
518 47 1
521 47 1
525 228 0
527 47 1
528 47 1
529 47 0
530 47 0
534 47 1
535 364 0
536 47 1
537 47 1
538 243 1
541 47 1
542 47 1
542 97 1
542 408 1
544 47 1
545 47 1
546 47 1
547 47 1
548 47 0
550 47 1
551 47 0
552 47 1
553 47 0
555 47 1
556 47 1
558 47 0
558 172 1
558 569 1
569 47 1
569 590 1
559 47 0
561 47 1
563 47 0
566 47 1
571 47 1
572 47 1
573 47 1
574 47 1
574 52 1
574 270 1
575 47 1
577 47 1
578 47 0
581 47 1
583 47 1
584 47 1
585 47 1
586 302 1
586 538 1
587 47 0
588 47 1
591 47 1
593 47 1
594 47 0
595 255 1
598 47 1
