0 18 1
0 172 0
0 1 1
0 186 0
0 16 1
0 118 1
0 2 1
0 130 0
0 47 1
0 182 1
0 23 1
0 93 1
0 64 1
0 25 1
18 140 1
18 1 0
18 186 1
18 16 1
18 118 1
18 2 1
18 130 1
18 47 0
18 182 1
18 23 1
18 93 1
18 64 0
18 25 1
172 140 0
1 167 1
1 16 1
1 118 1
1 47 1
1 182 1
1 23 1
1 93 1
1 2 0
1 130 1
1 64 1
1 25 0
167 89 1
2 89 1
2 178 1
2 12 1
2 118 1
2 130 1
2 18 0
2 172 1
2 64 0
2 25 1
2 99 1
2 16 1
89 65 1
9 47 1
9 182 1
9 2 1
9 130 1
9 17 1
9 68 1
9 12 1
9 118 0
9 99 1
9 16 1
47 199 1
47 2 1
47 130 0
47 17 1
47 68 1
47 12 1
47 118 1
47 99 1
47 16 1
182 199 0
10 89 1
11 89 0
11 155 1
155 89 1
12 99 1
12 2 1
12 130 1
12 18 1
12 172 0
99 89 1
99 12 1
99 118 0
99 2 1
99 130 0
14 25 1
14 64 0
14 89 1
14 47 1
14 182 1
14 18 1
14 172 0
14 16 1
14 118 0
14 12 0
14 1 1
14 186 1
25 74 1
25 89 0
64 74 1
64 47 1
64 182 1
64 18 1
64 172 1
64 16 1
64 118 1
64 12 0
64 1 1
64 186 1
15 23 1
15 93 0
15 12 1
15 118 1
15 16 1
15 18 1
15 172 1
15 64 1
15 25 1
23 71 1
23 89 1
23 12 1
23 118 1
23 16 1
23 18 1
23 172 1
23 64 1
23 25 1
93 71 1
16 89 1
16 12 0
16 118 0
16 47 0
16 182 1
16 2 0
16 130 1
16 17 1
16 68 0
17 125 1
17 12 1
17 118 1
17 16 1
17 1 1
17 186 0
17 23 0
17 93 1
17 68 0
140 89 1
19 89 1
21 89 0
21 115 0
115 89 1
115 151 0
22 89 1
24 61 1
24 112 0
61 6 1
112 6 1
26 65 1
26 89 0
27 31 1
27 66 1
27 89 1
27 184 1
31 3 1
66 89 1
184 3 1
28 148 1
28 174 1
148 144 1
174 144 1
30 89 1
32 19 1
34 1 1
34 186 1
34 16 1
34 118 1
34 47 1
34 182 1
34 23 0
34 93 1
34 2 1
34 130 1
34 64 1
34 25 1
186 167 1
36 155 1
38 76 1
42 21 1
42 180 0
180 115 1
43 89 1
43 160 1
44 114 1
44 188 1
114 89 1
114 117 1
188 117 0
45 89 1
45 154 0
154 89 1
48 89 1
48 135 0
48 164 1
48 173 0
135 89 1
164 35 1
173 35 1
50 36 1
50 89 0
50 102 1
102 155 0
51 89 1
53 122 1
53 176 0
122 63 1
122 89 1
176 63 1
58 89 1
59 89 1
67 89 1
68 89 1
68 125 0
69 95 1
77 89 1
78 123 1
80 89 1
82 33 1
83 89 1
83 100 0
86 84 0
87 51 0
90 89 1
90 105 1
90 128 1
90 193 1
105 22 1
105 89 1
128 22 1
193 89 1
91 89 1
92 59 1
92 89 1
94 89 1
94 132 1
94 159 1
132 89 1
132 133 1
159 133 0
96 89 1
96 95 1
101 86 1
101 189 1
189 84 1
103 89 1
104 92 1
104 190 0
190 59 1
106 147 0
147 89 0
108 76 1
108 89 0
111 160 1
113 89 1
113 154 0
151 33 1
151 89 1
118 16 1
118 89 1
118 99 0
118 12 1
118 2 1
118 130 1
120 19 0
121 17 0
121 68 1
121 89 1
121 12 0
121 118 1
121 16 1
121 1 0
121 186 1
121 23 1
121 93 1
126 12 0
126 16 1
126 89 1
126 118 1
126 2 1
126 130 0
126 18 0
126 172 1
126 47 1
126 182 1
126 17 1
126 68 1
127 89 1
127 124 1
130 89 0
130 178 1
131 89 1
134 38 1
134 108 1
136 89 1
136 147 1
138 87 1
138 89 0
138 166 1
166 51 1
139 89 1
141 82 1
141 89 1
141 151 1
142 89 1
143 2 1
143 89 1
143 91 1
143 130 1
143 12 1
143 118 0
143 18 1
143 172 0
143 64 0
143 25 1
143 99 0
143 16 1
146 89 1
146 90 0
146 153 0
146 196 1
153 57 1
196 57 1
196 89 1
149 26 1
149 89 1
150 58 1
150 89 1
150 154 1
152 127 0
152 168 1
168 124 1
156 113 1
156 150 1
157 106 1
157 136 1
158 89 1
158 123 0
162 32 0
162 120 1
165 78 1
165 158 1
171 69 1
171 96 1
179 89 1
181 89 0
183 89 1
185 100 0
187 43 1
187 111 1
191 89 1
194 83 1
194 185 1
