0 162 0
0 163 1
0 272 0
0 311 1
0 4 1
0 191 1
0 198 1
0 287 1
0 13 1
0 286 1
0 222 1
0 284 1
162 163 1
163 49 1
1 163 1
2 163 0
4 128 1
4 13 1
4 286 1
4 222 1
4 284 1
4 272 1
4 311 0
4 0 1
4 21 1
5 80 1
5 97 1
5 272 1
5 311 0
5 17 1
5 102 1
5 0 1
5 21 1
80 163 1
8 163 1
8 272 1
8 311 0
8 13 0
8 286 1
8 0 0
8 21 1
8 222 1
8 284 1
8 5 1
8 97 0
8 17 1
8 102 0
8 4 1
8 191 1
272 163 1
272 218 1
272 311 1
272 13 0
272 286 1
272 0 1
272 21 1
272 222 1
272 284 1
272 5 1
272 97 0
272 17 1
272 102 1
272 4 1
272 191 1
311 163 1
311 218 0
10 163 1
11 163 1
11 196 1
196 163 1
13 163 1
13 248 1
13 198 1
13 287 1
13 222 1
13 284 0
13 286 1
13 17 1
13 102 1
13 272 0
13 311 0
248 163 1
14 163 1
15 290 1
15 13 0
15 286 0
15 0 0
15 21 0
15 5 1
15 97 1
15 272 1
15 311 1
290 163 1
16 163 1
17 295 1
17 102 1
17 13 1
17 286 1
17 272 1
17 311 1
17 4 0
17 191 1
17 15 0
17 239 1
17 0 1
17 21 1
295 163 1
19 222 1
19 284 1
19 13 1
19 286 1
19 5 1
19 97 1
222 163 1
222 331 1
222 13 1
222 286 1
222 284 0
222 5 1
222 97 1
284 163 1
284 331 1
21 162 1
23 49 0
23 163 1
24 163 0
24 198 0
24 287 1
24 15 1
24 239 1
24 222 1
24 284 1
24 13 1
24 286 1
198 1 1
198 163 1
198 15 1
198 239 1
198 222 1
198 284 0
198 13 1
198 286 0
287 1 1
287 163 0
27 163 1
28 50 1
28 163 1
50 163 1
29 163 1
29 264 0
30 156 1
30 390 0
156 374 1
390 163 1
390 374 1
33 163 1
33 329 0
329 163 1
34 163 1
37 74 1
37 163 1
74 163 0
38 163 1
39 304 0
304 163 1
40 163 1
41 163 1
43 163 1
44 4 1
44 163 1
44 191 1
44 13 1
44 286 0
44 222 1
44 284 1
44 272 1
44 311 1
44 0 1
44 21 1
191 128 1
46 163 1
46 320 1
320 163 1
47 17 1
47 102 1
47 163 1
47 13 1
47 286 1
47 272 1
47 311 1
47 4 0
47 191 1
47 15 1
47 239 1
47 0 0
47 21 1
102 295 1
48 163 1
51 163 0
51 279 1
279 163 0
53 163 0
55 163 0
56 163 1
58 366 1
58 387 1
366 81 1
366 163 1
387 81 0
387 163 1
59 113 1
60 63 1
60 163 1
60 327 1
63 125 1
63 163 1
327 125 1
327 163 1
61 163 0
62 163 1
62 316 1
316 163 1
125 163 0
64 280 1
280 163 0
65 163 1
67 163 1
70 99 1
70 163 0
99 163 1
71 115 0
71 163 1
115 62 1
115 75 1
115 163 1
72 163 0
73 244 0
75 163 0
75 209 1
75 316 0
209 32 1
209 163 1
76 163 0
77 163 1
78 163 0
79 163 1
82 163 1
83 163 1
84 163 1
86 163 0
87 29 1
87 163 1
87 376 1
87 386 0
376 163 1
386 163 1
386 264 1
88 163 1
88 250 1
250 163 1
90 163 1
91 247 1
247 163 1
95 70 1
95 163 0
95 232 0
232 99 1
97 80 1
97 163 1
98 163 1
101 163 1
101 221 1
101 302 1
221 163 1
221 216 1
302 163 1
302 216 1
302 220 1
103 163 1
103 205 1
103 263 1
205 256 1
263 256 0
106 163 1
108 163 1
109 163 1
110 297 1
297 163 1
111 163 1
112 104 1
116 293 1
116 360 1
293 348 1
360 163 1
360 348 1
117 163 0
118 163 0
119 143 1
119 163 0
143 163 1
120 5 1
120 97 0
120 272 1
120 311 1
120 17 1
120 102 1
120 0 1
120 21 0
121 163 1
122 163 1
123 23 0
123 163 1
126 163 1
126 312 0
312 163 1
130 119 1
130 163 1
130 253 1
253 143 1
253 163 1
131 165 1
135 163 1
136 163 0
138 163 1
139 163 0
140 163 1
141 163 1
141 352 1
141 398 1
352 326 1
398 326 1
142 163 1
144 163 0
145 163 1
146 110 0
146 344 1
344 297 0
147 163 1
148 254 1
148 392 0
254 267 1
392 163 0
392 267 1
149 185 1
149 188 1
185 163 1
185 356 1
188 163 1
188 356 1
150 163 1
151 163 1
152 163 1
154 13 1
154 163 0
154 286 1
154 198 1
154 287 1
154 222 0
154 284 1
154 17 1
154 102 1
154 272 1
154 311 1
286 163 1
286 248 0
155 204 0
155 364 1
204 346 1
364 163 1
364 346 1
157 163 1
158 163 0
159 0 1
159 163 1
161 33 1
161 294 0
294 329 1
168 342 1
169 163 1
171 60 1
171 163 0
173 76 1
173 163 1
174 163 0
177 163 0
178 163 1
179 181 0
181 163 0
182 193 1
182 395 1
193 176 1
395 163 1
395 176 1
183 163 1
184 163 1
186 163 0
187 163 1
187 168 1
187 266 0
266 342 1
189 163 1
189 244 0
192 163 1
192 250 1
194 163 1
195 163 0
199 87 1
199 163 1
201 76 1
203 163 1
346 163 1
256 163 1
207 24 1
207 163 1
208 163 1
210 104 1
211 163 1
212 163 1
215 163 1
216 163 1
219 163 1
219 312 1
220 163 0
331 163 1
223 163 1
224 163 1
224 165 1
225 280 0
228 163 1
229 44 0
229 163 1
233 163 1
235 91 0
235 163 0
235 282 1
282 163 1
282 247 1
236 209 1
236 377 1
377 32 1
377 163 1
238 163 1
239 290 1
240 163 0
241 163 1
241 173 1
241 201 0
242 163 1
243 64 1
243 225 1
246 163 1
249 163 1
251 45 0
251 163 1
267 163 1
255 163 1
255 365 1
365 163 0
257 163 1
258 320 1
260 163 1
265 163 0
269 163 1
270 163 1
271 163 1
273 163 1
274 163 1
275 163 0
275 365 1
277 163 1
278 163 1
283 163 1
285 181 1
289 163 1
292 163 1
299 163 0
300 163 1
303 163 1
303 304 1
306 163 1
307 163 1
308 163 1
309 163 0
310 163 0
313 163 1
315 0 1
315 21 1
315 163 0
315 272 1
315 311 1
315 4 1
315 191 1
315 198 0
315 287 1
315 13 1
315 286 1
315 222 1
315 284 1
317 179 1
317 285 1
319 251 1
319 337 1
337 45 0
321 163 1
324 113 1
325 73 0
325 163 1
325 189 1
328 88 1
328 192 1
330 163 1
332 163 1
334 151 1
334 163 0
335 163 1
336 163 0
338 163 1
343 163 1
347 37 1
347 357 1
357 74 1
357 163 1
349 255 1
349 275 0
350 163 1
351 163 1
353 163 0
355 126 0
355 163 1
355 219 1
358 112 0
358 210 1
362 46 1
362 163 1
362 258 1
362 332 1
363 59 1
363 324 1
367 131 0
367 224 0
371 163 0
372 163 1
373 117 1
373 163 1
375 163 1
379 163 1
380 163 1
384 15 1
384 239 1
384 13 1
384 286 1
384 0 1
384 21 1
384 5 0
384 97 1
384 272 0
384 311 1
385 163 1
385 235 1
388 163 1
394 39 1
394 163 1
394 303 1
397 163 1
399 163 1
