0 162 0
0 230 1
0 21 0
0 14 0
0 310 0
0 15 1
0 239 0
0 272 0
0 311 0
0 198 1
0 287 0
0 23 0
0 163 0
162 230 1
230 396 0
1 230 0
4 128 0
4 230 1
128 230 0
5 80 1
5 198 1
5 287 0
5 222 0
5 284 0
5 0 0
5 21 0
5 15 1
5 239 1
5 272 0
5 311 0
6 138 0
6 5 0
6 97 0
6 14 1
6 310 0
6 0 0
6 21 0
6 13 0
6 286 0
6 23 0
6 163 0
6 272 0
6 311 0
6 15 0
6 239 0
138 230 0
7 230 1
8 272 0
8 311 0
8 6 1
8 135 0
8 0 1
8 21 0
8 15 0
8 239 0
8 23 0
8 163 0
8 5 0
8 97 0
8 14 0
8 310 1
272 218 1
272 6 0
272 135 0
272 0 0
272 21 1
272 15 0
272 239 0
272 23 0
272 163 0
272 5 0
272 97 1
272 14 0
272 310 0
311 218 0
11 230 0
12 230 0
13 248 0
13 0 0
13 21 0
13 15 0
13 239 0
13 6 0
13 135 1
13 198 0
13 287 0
13 23 0
13 163 0
14 42 0
14 230 0
14 5 0
14 97 0
14 23 0
14 163 0
15 160 0
15 230 1
15 290 1
15 0 0
15 21 0
15 6 1
15 135 0
15 13 0
15 286 1
160 230 0
160 242 0
17 230 0
17 295 0
295 230 0
18 230 0
19 222 0
19 284 0
19 23 1
19 163 0
19 6 0
19 135 0
19 198 0
19 287 0
222 331 0
222 23 0
222 163 0
222 6 0
222 135 0
222 198 0
222 287 0
284 230 0
284 331 0
20 230 0
21 162 0
21 230 1
22 230 1
23 49 0
23 13 0
23 286 0
23 198 0
23 287 0
23 272 0
23 311 1
49 230 0
24 198 0
24 287 0
24 5 0
24 97 0
24 13 0
24 286 0
24 15 0
24 239 0
24 6 1
24 135 0
198 1 0
198 5 0
198 97 0
198 13 1
198 286 0
198 287 0
198 15 0
198 239 0
198 6 0
198 135 0
287 1 0
287 230 0
26 122 0
26 230 0
122 230 0
27 230 0
28 230 0
29 264 1
30 156 0
30 390 0
156 374 0
390 230 1
390 374 0
33 329 0
35 230 0
36 230 0
37 74 0
37 230 0
39 230 1
39 304 0
304 230 0
40 230 0
41 230 0
43 230 0
44 4 0
44 191 0
191 128 1
46 230 0
46 320 0
47 17 0
47 102 0
102 295 0
50 56 0
56 230 1
54 296 0
55 229 0
57 230 0
57 309 0
309 230 0
58 366 0
58 387 0
366 81 0
387 81 0
387 230 0
59 113 0
113 230 0
60 63 0
60 230 0
60 327 0
63 125 0
63 230 0
327 125 1
327 230 0
61 230 1
62 230 1
62 316 0
316 230 1
64 230 0
64 280 0
65 230 1
67 230 0
70 99 1
71 230 0
71 287 0
72 84 1
72 230 0
84 230 0
73 230 0
73 244 0
75 316 0
77 230 0
77 388 0
388 230 0
78 2 1
79 230 0
87 29 0
87 386 0
386 264 0
88 230 0
88 250 0
89 230 0
91 230 0
91 247 1
247 230 0
92 122 1
93 230 0
95 70 0
95 230 0
95 232 0
232 99 0
232 230 0
97 80 0
97 230 0
98 177 0
98 230 1
177 230 1
101 221 0
101 230 0
101 302 0
221 216 0
302 216 1
103 205 1
103 263 1
205 256 0
263 230 1
263 256 0
108 230 1
109 230 0
109 260 0
260 230 1
260 398 0
110 297 1
112 104 0
115 62 0
115 75 0
115 230 0
116 293 0
116 360 0
293 348 0
360 348 0
118 230 0
119 143 0
143 230 0
120 5 0
120 97 1
120 198 0
120 287 1
120 222 1
120 284 0
120 0 0
120 21 0
120 15 0
120 239 1
120 272 0
120 311 0
121 184 0
121 230 0
184 230 0
123 23 1
123 89 0
123 163 0
123 230 0
123 13 0
123 286 0
123 198 0
123 287 0
123 272 0
123 311 0
163 49 1
124 230 0
126 230 0
126 312 1
127 43 1
130 119 0
130 253 0
253 143 0
253 230 1
253 398 0
131 165 0
131 230 1
165 64 0
165 230 1
135 138 0
137 230 0
141 352 1
141 398 1
352 326 0
398 230 0
398 326 1
144 118 1
144 230 1
145 230 0
146 110 0
146 230 0
146 344 0
344 160 1
344 230 0
344 297 0
344 372 0
148 254 0
148 392 0
254 267 1
392 230 0
392 267 1
149 36 0
149 185 1
149 188 0
149 230 0
185 126 0
185 230 0
185 356 0
188 356 0
152 14 0
152 230 0
152 310 0
152 5 0
152 97 0
152 23 0
152 163 0
310 42 1
153 230 0
154 13 1
154 230 0
154 286 1
154 0 1
154 21 0
154 15 0
154 239 0
154 6 0
154 135 0
154 198 0
154 287 0
154 23 0
154 163 0
286 230 0
286 248 1
155 204 0
155 364 0
204 230 0
204 346 0
364 230 0
364 346 0
242 396 0
161 33 0
161 294 0
294 329 0
164 128 1
164 230 0
166 332 0
166 399 0
332 172 0
332 230 1
399 172 0
167 230 0
168 342 0
169 230 0
171 230 0
172 230 0
173 76 0
174 54 0
174 230 0
174 307 0
307 296 0
178 230 0
179 181 0
181 230 1
182 193 1
182 395 0
193 176 0
395 176 1
183 230 0
356 230 0
187 168 0
187 266 0
266 230 0
266 342 1
189 244 0
192 230 0
192 250 0
196 230 0
199 56 0
200 230 1
201 76 0
203 230 0
346 230 0
206 309 0
207 230 1
208 230 0
209 32 0
210 104 1
212 55 1
212 353 0
353 229 1
213 84 0
213 230 0
214 230 0
214 388 0
215 230 1
216 230 0
218 230 0
219 230 0
219 312 0
220 230 0
331 230 1
224 165 0
225 230 1
225 280 0
227 230 1
228 230 0
231 230 0
233 230 0
235 91 0
235 230 0
235 282 1
235 398 0
282 247 0
236 209 0
236 230 1
236 377 0
377 32 1
377 230 0
238 77 0
238 214 1
238 230 1
239 230 0
239 290 0
241 173 0
241 201 0
243 64 0
243 225 0
243 230 1
245 230 0
246 230 0
251 45 0
252 2 1
255 365 0
257 230 0
258 320 0
259 230 1
270 230 0
271 230 1
274 230 0
275 365 0
277 230 1
279 230 0
283 230 0
285 181 1
285 230 1
289 26 0
289 92 0
289 230 0
298 230 0
301 230 0
303 304 0
305 230 0
308 230 0
313 260 0
315 0 0
315 21 0
315 14 0
315 310 0
315 15 1
315 239 0
315 272 0
315 311 0
315 198 0
315 287 0
315 23 0
315 163 0
317 179 0
317 285 1
319 251 0
319 337 0
337 45 0
337 230 0
323 230 0
324 113 0
325 73 1
325 189 0
325 230 0
328 88 1
328 192 0
333 78 1
333 252 0
334 6 0
334 135 0
334 219 1
334 230 0
334 5 0
334 97 0
334 14 0
334 310 0
334 0 1
334 21 0
334 13 0
334 286 0
334 23 0
334 163 0
334 272 0
334 311 0
334 15 0
334 239 0
338 230 1
339 109 0
339 230 0
339 313 0
372 230 0
347 37 1
347 230 0
347 295 0
347 357 0
357 74 0
349 255 0
349 275 0
351 127 0
351 230 0
351 378 0
378 43 0
378 230 0
354 230 0
355 126 0
355 219 0
358 112 0
358 210 0
358 230 0
362 46 0
362 230 0
362 258 0
363 59 1
363 324 0
367 131 1
367 224 0
368 230 0
369 230 0
375 72 0
375 213 0
376 57 0
376 206 0
379 50 1
379 199 1
379 230 0
379 263 1
383 230 1
384 15 0
384 184 0
384 230 1
384 239 1
384 0 0
384 21 0
384 6 0
384 135 0
384 13 1
384 286 0
394 39 0
394 303 0
