0 168 1
168 342 1
1 168 1
2 168 0
3 168 0
4 128 0
4 22 1
4 264 1
4 272 1
4 311 0
128 168 1
5 80 1
5 272 0
5 311 1
5 198 0
5 287 1
5 97 1
5 4 1
5 191 1
5 15 1
5 239 0
80 168 1
7 168 0
8 272 1
8 311 1
8 15 1
8 239 1
8 22 1
8 264 1
8 198 1
8 287 1
8 13 1
8 286 1
8 4 1
8 191 1
272 168 1
272 218 1
272 15 1
272 239 1
272 22 1
272 264 1
272 198 1
272 287 0
272 13 1
272 286 1
272 311 1
272 4 1
272 191 1
311 168 1
311 218 0
10 168 1
11 168 1
11 309 1
309 168 1
12 168 0
13 168 1
13 248 1
13 15 1
13 239 1
13 286 1
13 22 1
13 264 0
13 5 1
13 97 1
13 198 0
13 287 1
248 168 1
15 168 0
15 290 1
15 272 1
15 311 1
15 239 1
15 13 1
15 286 1
15 5 1
15 97 1
15 22 1
15 264 0
15 198 1
15 287 1
15 4 1
15 191 1
290 168 1
16 168 0
17 168 1
17 295 0
295 168 1
20 168 0
21 168 0
22 168 1
22 198 1
22 287 1
22 4 1
22 191 1
22 272 1
22 311 1
22 15 1
22 239 1
22 13 0
22 286 1
23 168 1
24 198 0
24 287 1
24 15 1
24 239 1
24 13 1
24 286 1
198 1 0
198 168 1
198 287 1
198 15 1
198 239 0
198 13 1
198 286 1
287 1 0
287 168 0
26 168 0
27 168 1
28 168 0
29 22 1
29 168 1
29 264 1
29 198 1
29 287 1
29 4 1
29 191 1
29 272 1
29 311 0
29 15 1
29 239 1
29 13 1
29 286 0
264 168 0
264 325 1
30 156 1
30 168 1
30 181 0
30 390 1
156 374 0
181 168 1
181 346 1
390 168 1
390 374 1
33 168 1
33 289 0
33 329 1
289 168 1
329 168 1
34 168 1
35 168 1
37 74 0
37 168 1
74 168 1
38 107 1
38 168 1
107 168 1
39 168 0
39 304 1
40 168 1
41 168 1
42 168 1
43 168 1
43 343 0
343 168 1
44 4 1
44 168 1
44 191 1
44 22 1
44 264 1
44 272 0
44 311 0
191 128 0
191 168 1
45 168 1
46 168 1
46 320 1
47 17 0
47 102 0
102 295 1
50 168 1
51 168 1
52 168 1
53 168 0
56 168 1
57 168 1
59 113 0
60 63 0
60 168 0
60 327 1
63 125 1
63 168 1
327 125 0
327 168 1
62 168 1
62 316 0
62 387 1
316 168 1
387 168 1
125 168 1
64 280 0
280 168 1
65 72 1
65 168 1
72 168 1
66 168 1
66 374 0
374 45 1
374 168 1
67 168 1
70 99 1
70 168 1
71 168 1
73 244 1
244 168 1
75 168 1
75 316 1
76 168 1
77 168 1
78 168 1
79 168 1
83 168 1
86 168 1
87 29 1
87 386 1
386 168 1
386 264 1
88 168 1
89 168 1
90 168 1
91 247 0
93 168 1
94 168 1
95 70 1
95 168 1
95 232 1
95 399 1
232 99 1
399 168 1
97 80 0
97 168 1
98 168 1
101 168 0
103 168 1
103 205 1
103 263 1
205 256 1
263 168 1
263 256 1
104 168 1
108 168 1
109 168 1
112 104 1
114 168 1
114 343 1
115 62 1
115 75 1
115 168 1
116 168 1
116 293 1
116 360 1
293 119 0
293 168 0
293 203 1
293 348 0
360 348 1
118 168 1
119 168 0
120 5 1
120 97 1
120 272 0
120 311 1
120 198 1
120 287 1
120 4 1
120 191 1
120 15 1
120 239 0
121 168 1
122 168 0
123 168 1
126 168 1
126 312 1
312 168 1
312 196 1
129 168 1
130 168 1
131 168 1
133 168 1
136 168 0
138 168 0
139 168 1
141 352 1
141 398 1
352 168 1
352 326 1
398 168 1
398 326 1
142 168 1
143 168 1
144 168 1
146 168 1
148 168 1
148 211 1
148 254 0
148 392 1
211 168 1
254 168 1
254 267 1
392 28 1
392 168 0
392 267 1
392 272 1
149 185 1
149 188 1
185 108 1
185 168 1
185 356 1
185 374 1
188 168 1
188 356 1
151 168 1
153 168 1
154 13 1
154 168 0
154 286 1
154 15 0
154 239 1
154 22 1
154 264 1
154 5 0
154 97 1
154 198 1
154 287 0
286 168 1
286 248 1
155 204 1
155 364 1
204 168 1
204 346 1
364 168 1
364 346 1
157 168 1
159 168 1
159 380 1
380 168 1
161 33 0
161 294 0
294 329 1
162 168 1
163 103 1
163 168 0
164 168 1
166 168 1
169 168 1
169 331 1
331 168 1
170 108 1
170 168 1
171 168 0
172 168 1
173 168 1
174 168 1
176 168 1
177 43 1
177 168 1
178 168 0
179 76 0
179 168 1
179 181 1
180 168 1
346 168 0
182 168 1
182 193 1
182 395 1
193 176 1
395 168 1
395 176 1
183 168 0
184 168 1
187 168 1
187 266 1
266 168 1
266 342 1
189 168 0
189 244 1
190 168 1
192 168 1
196 168 1
199 168 1
201 168 0
203 168 1
256 168 1
206 168 1
208 168 1
209 32 1
209 63 1
209 168 1
210 104 1
212 168 0
213 168 1
213 399 1
214 168 1
215 168 1
216 168 1
216 290 1
217 168 0
219 168 1
219 312 1
221 168 1
222 168 1
224 168 1
225 280 1
230 168 1
231 168 1
233 168 1
234 168 1
235 91 1
235 282 1
282 247 0
236 168 1
236 209 1
236 377 1
377 32 1
377 168 1
238 168 1
239 168 1
239 290 1
240 168 0
241 168 1
242 168 1
243 64 1
243 168 1
243 225 1
246 168 0
249 168 0
250 168 1
251 45 1
251 168 1
252 168 1
252 387 1
253 168 1
267 168 1
255 168 1
255 365 1
257 168 1
258 320 1
260 168 1
325 73 1
325 168 1
325 189 0
268 71 1
268 168 1
269 168 0
271 168 1
273 168 1
273 269 1
274 168 1
275 168 1
275 365 1
277 168 1
281 168 1
283 168 1
284 168 1
285 168 1
285 181 1
288 107 1
288 168 1
291 168 1
292 168 1
296 168 1
297 168 1
298 168 1
302 168 1
303 168 0
303 304 1
305 168 1
305 286 1
306 168 1
307 168 0
310 168 1
313 168 1
314 168 1
315 168 0
317 168 0
317 179 0
317 285 0
318 168 1
319 168 0
319 251 0
319 337 0
337 45 1
337 168 0
321 168 0
324 113 0
324 168 0
326 168 1
328 168 1
330 168 0
333 168 1
334 168 1
339 168 1
344 168 0
345 168 1
347 37 0
347 357 0
357 74 1
349 168 1
349 255 0
349 275 1
350 168 1
351 168 1
354 168 1
355 126 1
355 168 1
355 219 1
358 112 1
358 210 1
362 46 1
362 258 1
363 59 1
363 168 0
363 324 1
366 168 1
367 168 1
370 168 1
372 168 1
373 168 1
375 168 0
378 168 0
379 168 1
384 15 1
384 168 0
384 239 0
384 272 1
384 311 1
384 13 1
384 286 1
384 5 1
384 97 1
384 22 1
384 264 1
384 198 1
384 287 0
384 4 1
384 191 1
385 122 1
385 168 1
385 288 1
388 168 1
391 168 1
393 168 1
394 39 1
394 303 0
396 168 1
396 334 0
397 168 1
