0 160 1
160 192 1
160 47 1
160 44 1
160 147 1
160 134 1
160 14 0
160 53 1
160 19 1
160 139 1
2 160 1
3 19 1
19 160 1
19 44 1
19 53 1
19 134 1
4 67 0
67 160 1
5 160 1
6 160 0
6 147 1
6 134 1
6 53 1
6 166 1
7 160 1
8 160 1
10 81 1
81 189 1
11 160 1
12 160 1
13 112 1
112 160 1
14 21 0
14 160 1
21 14 1
21 192 0
21 160 1
21 53 1
15 160 1
16 160 1
17 160 1
18 17 1
20 6 1
20 47 1
20 130 1
20 160 1
20 147 1
20 134 0
20 53 1
20 166 1
47 6 1
47 29 1
130 160 0
22 160 1
23 160 1
24 160 1
25 132 1
132 160 1
26 160 0
28 160 1
29 160 1
30 67 1
31 39 1
31 100 1
31 160 1
39 100 1
39 105 0
39 47 1
39 147 0
100 61 0
100 47 1
100 147 1
32 160 1
33 160 1
34 160 1
35 160 1
36 160 0
37 177 0
177 160 1
105 160 1
40 160 1
41 160 0
42 160 1
43 47 1
44 139 1
44 160 1
44 47 1
44 147 1
139 61 1
45 160 1
46 160 1
49 160 1
50 160 1
51 160 1
52 18 1
53 19 0
53 74 1
53 160 1
74 19 1
74 160 0
74 44 1
74 53 1
54 33 1
55 47 0
56 25 1
57 160 1
58 160 1
59 118 0
118 160 1
60 160 1
61 160 1
62 160 1
64 160 0
66 79 0
79 160 1
68 160 1
69 160 1
70 160 1
71 10 1
72 160 1
73 160 0
75 44 1
75 139 1
75 160 1
75 47 1
75 147 1
77 160 1
78 160 1
80 160 1
189 160 1
82 160 1
83 160 1
84 160 0
86 160 1
88 160 1
89 160 1
90 160 1
91 83 0
92 160 0
93 128 1
128 2 1
94 160 0
95 160 1
96 160 1
97 160 1
98 160 0
101 160 1
102 160 1
103 160 1
104 188 1
188 160 1
106 160 0
108 160 1
109 160 1
110 160 1
111 171 1
171 160 1
171 192 1
171 14 0
171 147 0
171 53 1
171 134 1
113 160 1
114 170 1
170 100 1
115 160 1
116 160 1
117 135 1
135 160 1
119 160 1
120 24 1
121 134 0
121 160 0
121 166 1
121 47 1
121 44 1
121 147 1
121 14 1
121 53 1
121 19 1
121 31 0
134 160 1
134 166 1
166 160 1
166 134 0
166 31 1
166 147 1
166 53 1
122 67 1
123 105 1
124 160 1
125 160 1
127 160 1
133 160 0
136 14 1
136 21 1
136 186 1
136 192 1
136 160 0
136 53 1
186 160 1
137 127 1
138 94 0
141 29 1
142 160 1
143 105 1
144 160 1
145 121 1
146 50 1
147 160 0
147 166 0
147 53 1
147 134 1
150 160 1
151 160 0
153 160 1
154 2 1
155 160 1
156 160 1
157 51 1
158 160 1
159 160 1
192 160 1
192 14 1
192 147 1
192 134 1
161 160 1
162 147 1
162 160 1
162 176 0
162 53 1
162 47 1
162 31 1
162 19 1
162 139 1
176 147 1
176 160 1
176 53 1
176 47 1
176 166 1
176 134 1
176 31 0
176 19 0
163 139 1
164 55 1
165 68 1
168 47 1
169 115 1
172 160 1
173 160 1
174 137 1
175 160 1
178 171 1
179 160 1
180 160 1
181 105 1
182 78 1
183 160 1
184 34 1
185 160 1
187 160 0
190 51 1
191 164 1
194 96 1
195 160 1
196 160 1
197 61 1
198 160 1
199 160 1
