0 19 0
0 254 1
19 254 0
1 200 1
1 219 1
1 228 1
200 228 1
219 186 1
219 200 1
2 186 0
186 163 1
186 142 0
186 21 0
186 180 0
186 207 0
186 397 1
186 54 1
186 257 0
186 239 1
186 398 0
186 357 1
186 333 1
186 165 0
186 118 0
186 198 0
186 179 0
186 275 0
186 52 1
4 192 0
4 321 0
192 186 1
192 321 1
321 87 0
321 186 0
5 186 0
5 362 0
8 186 0
11 142 1
11 294 1
142 186 0
142 294 0
12 163 0
12 186 0
163 186 0
163 180 0
13 65 1
13 83 1
65 236 1
83 65 0
83 186 0
83 236 1
14 36 1
36 399 0
36 62 1
16 186 0
16 308 1
17 119 0
119 186 1
18 263 0
18 302 1
18 350 1
20 43 1
20 395 1
395 43 0
21 160 0
21 186 1
21 233 1
21 142 1
160 186 1
160 233 1
160 207 1
160 231 0
160 239 1
233 231 0
22 331 0
331 186 1
24 186 1
27 186 1
27 253 0
32 186 1
34 213 1
34 99 1
213 99 1
35 186 1
40 186 0
41 126 0
42 289 0
42 333 1
289 333 0
44 73 0
44 230 0
73 186 0
230 73 1
230 186 0
45 186 1
46 186 0
47 136 1
136 270 1
48 204 1
204 186 1
50 186 1
51 129 0
51 131 0
51 246 1
51 398 1
129 246 0
129 398 1
131 129 0
52 186 0
52 283 0
283 71 0
283 165 0
56 154 0
56 310 1
154 310 0
58 147 0
58 353 0
58 99 1
353 147 0
353 186 1
353 99 1
60 186 0
61 33 0
63 156 0
63 186 1
63 203 1
203 156 0
64 186 0
67 94 1
67 116 1
94 186 1
116 94 0
68 95 0
68 114 0
68 186 1
95 114 0
69 186 1
69 256 0
69 293 1
293 256 1
70 26 1
70 186 0
71 138 0
71 186 0
71 189 1
138 367 1
189 138 1
189 186 0
189 398 0
189 367 0
72 139 0
75 186 0
77 168 0
77 260 0
168 260 1
78 14 1
78 36 0
78 399 1
78 62 0
79 221 0
79 267 1
267 221 0
81 202 0
81 345 0
81 275 1
202 186 1
202 345 1
345 275 1
82 62 1
82 186 0
86 186 0
87 186 0
88 186 0
88 285 1
88 342 1
88 21 1
88 79 1
88 357 0
285 186 1
285 79 1
285 275 1
342 186 1
342 285 0
90 237 0
90 338 0
237 186 1
338 237 0
91 33 1
91 61 0
91 186 0
92 186 1
93 186 1
93 255 0
93 302 0
93 257 1
255 302 1
302 186 0
97 186 0
98 171 0
98 186 1
98 382 1
382 171 0
99 186 1
99 266 1
266 186 1
100 41 0
100 126 0
102 23 1
102 316 0
316 23 0
104 152 0
104 186 0
104 367 0
104 165 0
152 165 0
367 152 1
105 186 1
107 151 1
107 303 0
151 186 1
303 151 1
108 186 0
110 72 1
110 139 0
111 186 0
115 313 1
115 344 0
313 186 1
313 344 0
117 379 0
379 186 1
379 21 1
118 340 0
340 186 0
340 13 1
125 228 1
125 371 0
228 186 1
371 186 1
371 228 1
127 223 0
223 186 1
223 110 1
130 59 1
130 186 1
130 398 1
398 59 0
398 186 0
133 54 1
134 29 0
137 48 1
137 186 1
137 204 0
143 186 0
145 186 0
145 274 1
146 101 0
146 21 1
148 186 0
149 186 1
150 186 1
153 186 0
153 310 0
153 397 1
153 226 1
153 333 1
155 186 1
157 30 1
157 196 1
196 30 1
196 186 1
158 186 1
161 193 1
161 257 0
257 186 1
257 193 1
164 357 1
164 392 1
392 357 0
165 28 1
165 186 0
166 186 1
169 127 0
169 223 1
169 110 1
170 186 0
172 226 0
226 186 0
173 373 1
173 391 0
373 391 1
174 349 0
174 363 1
363 349 1
177 186 0
177 341 0
341 186 0
178 201 0
179 40 1
179 180 0
179 186 1
179 376 1
179 22 0
180 186 0
180 376 0
376 186 0
376 118 0
376 22 1
183 186 0
185 186 1
185 198 0
190 393 1
190 394 0
393 394 0
191 186 1
199 34 1
199 213 0
205 238 1
205 296 1
205 22 0
205 270 0
238 296 1
296 22 1
296 270 1
206 17 1
206 119 0
210 111 0
210 186 0
210 399 0
210 165 0
399 111 0
399 186 1
211 186 0
214 5 1
214 362 0
215 262 1
215 388 1
262 388 0
262 47 0
388 47 0
218 186 1
220 153 1
220 310 0
220 226 1
224 62 1
224 82 1
225 128 1
225 186 0
225 396 1
396 128 0
227 27 0
227 253 0
231 64 1
231 186 0
232 186 1
232 245 0
232 368 0
245 368 0
234 186 1
234 118 1
235 186 0
236 153 1
236 186 1
236 220 0
239 365 1
365 186 0
365 54 1
241 64 0
241 231 1
242 54 1
242 133 0
242 186 0
243 118 0
243 186 0
243 340 1
243 13 0
246 9 0
246 186 0
247 186 1
248 198 0
248 389 0
248 350 1
389 198 0
389 350 0
249 186 1
250 186 0
251 175 1
251 354 0
251 231 1
354 91 1
354 175 0
354 186 0
354 231 0
252 186 1
259 52 1
259 283 1
259 71 1
259 165 1
261 9 1
261 246 1
264 186 1
264 207 0
264 282 1
264 245 1
282 207 1
282 245 1
265 101 0
265 146 0
265 21 0
269 186 0
271 278 1
271 295 0
278 295 0
273 145 1
273 274 0
275 104 0
275 186 0
275 239 1
275 365 1
275 54 0
275 207 0
276 186 0
280 186 0
280 216 0
286 80 1
286 300 1
80 340 1
300 80 0
300 186 1
300 340 0
287 21 1
287 186 0
288 47 1
288 136 0
288 270 0
295 186 0
295 330 1
295 332 0
330 186 0
330 54 0
330 245 0
330 179 1
332 330 0
332 245 0
299 185 0
299 308 1
308 185 0
308 186 0
306 10 0
306 370 1
306 110 1
10 110 1
370 10 1
307 186 0
309 186 0
312 250 1
314 117 0
314 379 0
314 21 0
315 186 1
320 186 1
323 186 0
325 270 1
325 357 1
326 291 1
329 186 1
334 18 1
334 263 1
334 302 1
334 350 0
337 22 0
337 331 1
343 291 1
343 326 1
346 26 1
346 70 0
347 186 1
347 216 0
347 280 0
350 186 1
350 250 1
350 312 0
351 186 1
352 172 1
352 186 0
352 226 1
356 234 0
356 381 0
356 118 0
381 234 0
358 16 1
358 186 1
359 271 1
359 278 1
360 74 1
360 384 1
360 147 1
74 147 1
384 74 1
364 186 0
366 29 0
366 134 1
366 186 0
372 186 1
377 28 1
377 165 0
377 186 0
378 99 1
378 186 1
378 266 0
378 118 1
378 52 1
385 16 0
385 186 0
385 358 1
385 308 0
386 270 0
386 325 1
386 357 1
387 186 0
397 178 1
397 201 1
