0 19 0
0 189 1
0 254 1
0 289 1
0 228 0
19 254 0
19 228 1
189 138 1
189 289 0
189 333 0
289 333 1
289 47 1
289 70 0
289 115 0
289 257 0
289 13 0
289 342 1
289 71 0
289 255 1
289 125 0
289 286 1
289 391 1
289 216 1
289 180 1
289 172 1
289 54 0
289 21 0
289 52 0
1 200 1
1 219 0
1 117 1
200 117 0
219 200 0
219 289 0
2 289 1
3 289 1
4 192 1
4 321 0
192 289 1
192 321 1
192 204 0
321 204 1
5 362 0
11 142 1
11 294 0
142 289 1
142 294 0
12 289 0
13 65 1
13 83 1
13 289 0
83 65 1
14 36 0
15 289 0
17 119 0
17 251 0
119 289 1
18 263 1
20 43 1
20 289 1
20 395 0
43 219 1
395 43 0
395 219 0
21 160 1
21 233 1
21 289 1
160 233 1
160 215 0
233 215 1
22 331 1
26 289 0
26 312 0
26 353 0
26 12 0
26 180 1
312 250 0
312 289 0
312 13 0
353 147 1
353 289 1
353 12 1
27 253 0
32 289 0
32 312 1
34 213 1
35 289 1
38 289 1
40 12 0
40 289 0
41 126 1
42 289 0
42 333 1
42 54 1
42 52 0
44 73 1
44 230 1
44 289 1
44 117 1
73 289 0
73 117 0
230 73 1
230 289 0
230 316 0
46 289 1
47 136 1
48 204 0
204 235 0
204 289 0
51 129 0
51 131 1
131 129 1
52 283 0
52 289 1
283 289 1
283 342 0
54 289 1
56 154 0
56 310 0
56 303 0
154 289 1
154 310 0
154 303 0
58 147 1
58 353 1
60 289 0
61 33 0
61 289 0
33 295 0
63 156 0
63 203 1
156 189 0
203 156 0
203 289 0
203 189 1
64 289 0
67 94 1
67 116 1
94 289 1
116 94 1
68 95 0
68 114 1
68 289 1
95 114 0
69 256 0
69 289 1
69 293 1
256 338 1
293 256 0
293 338 0
70 26 1
70 289 1
71 138 0
71 189 1
71 289 0
138 289 1
138 333 1
72 139 0
72 289 1
72 231 1
139 231 1
77 168 1
77 260 1
77 289 0
168 260 1
260 289 0
260 115 1
78 14 1
78 36 1
79 221 1
79 267 1
221 396 1
267 221 1
267 396 1
81 202 1
81 345 1
202 289 1
202 345 0
82 62 0
82 289 0
86 289 1
87 289 0
88 285 1
88 342 0
285 289 1
342 285 0
342 289 1
90 237 0
90 338 0
237 289 0
338 237 1
91 33 0
91 61 0
91 289 1
91 295 0
93 255 0
93 289 1
93 302 1
93 286 1
255 302 0
302 289 0
97 289 0
98 171 1
98 289 1
98 382 1
382 171 0
99 266 0
266 21 1
266 71 0
266 230 1
100 41 1
100 126 1
100 289 0
102 23 1
102 289 1
102 300 1
102 316 1
300 80 1
300 289 0
300 71 0
300 21 1
316 23 0
316 289 1
316 342 1
103 289 1
104 152 1
104 289 1
104 367 1
104 286 0
152 286 0
367 152 1
106 289 1
107 151 1
107 303 1
107 257 1
151 257 0
303 151 0
110 72 0
110 139 0
115 313 1
115 344 1
313 289 0
313 344 0
313 384 1
344 384 0
117 289 1
117 379 1
379 289 0
379 125 1
379 286 1
379 391 1
118 340 0
340 289 0
340 70 0
340 274 1
340 295 0
121 289 0
122 289 1
125 228 0
125 371 1
228 289 0
371 228 0
371 289 0
127 223 0
223 289 1
223 147 1
130 59 0
130 60 1
130 289 1
130 398 0
130 172 0
398 59 0
398 289 0
132 289 1
133 54 1
133 367 1
134 29 0
134 333 1
29 333 1
137 48 1
137 204 1
143 289 0
144 289 1
145 274 0
145 289 0
146 101 1
148 289 0
149 289 0
150 289 1
153 289 1
153 147 0
157 30 1
157 196 1
157 20 0
196 30 0
196 20 1
158 289 0
161 193 0
161 257 1
193 289 1
257 193 1
257 289 1
164 357 0
164 392 0
164 236 0
392 357 0
392 236 0
165 28 1
28 117 1
166 289 0
169 127 1
169 223 0
169 147 1
170 289 0
172 226 0
226 289 1
173 289 1
173 373 1
173 391 1
373 391 1
174 349 1
174 363 1
363 349 1
177 289 0
178 189 0
178 201 0
178 289 1
178 70 0
179 180 0
179 289 1
179 376 0
179 101 0
180 289 0
180 376 0
376 289 0
376 101 1
181 289 1
183 289 0
185 289 0
190 393 1
190 394 0
393 394 0
198 289 1
199 34 1
199 213 1
235 289 1
235 257 0
205 238 0
205 289 0
205 296 0
238 296 1
206 17 1
206 119 0
206 251 1
207 289 0
210 111 1
210 289 1
210 399 1
399 111 0
211 289 0
214 5 1
214 362 0
215 262 0
215 388 1
262 388 0
216 289 1
218 289 1
220 153 1
220 147 0
224 62 1
224 82 1
225 128 1
225 289 1
225 396 0
225 4 0
396 128 1
396 289 1
396 4 0
227 27 0
227 253 1
231 64 1
231 289 1
232 245 1
232 289 0
232 368 0
245 368 1
236 153 0
236 220 0
236 289 0
239 365 0
365 289 0
241 64 0
241 231 0
242 54 1
242 133 1
242 367 1
243 118 1
243 289 0
243 340 1
243 70 0
243 274 0
243 295 0
246 9 1
248 198 0
248 389 1
248 127 1
389 198 1
389 127 0
249 289 1
250 289 1
251 175 1
251 289 0
251 354 0
251 70 1
354 175 1
354 289 0
354 70 0
259 52 0
259 283 0
261 9 0
261 246 1
264 207 0
264 282 1
264 289 0
264 165 1
282 207 0
282 165 1
265 101 1
265 146 1
271 278 0
271 216 0
278 216 1
272 289 0
273 145 0
273 274 1
275 239 1
275 365 0
276 289 0
280 216 1
286 80 1
286 289 1
286 300 0
288 47 0
288 136 1
295 103 0
295 289 0
295 330 1
295 332 1
332 330 0
299 185 0
299 308 1
308 185 1
304 289 0
305 289 1
306 10 0
306 370 0
370 10 0
314 117 0
314 379 0
315 289 0
320 289 1
323 98 1
323 289 1
323 358 0
358 289 0
325 270 0
326 289 0
326 291 0
326 216 0
326 71 0
329 289 1
334 18 0
334 263 0
335 289 0
337 22 1
337 331 0
339 289 0
343 289 0
343 291 1
343 326 1
346 26 0
346 70 1
346 289 1
346 47 1
347 216 0
347 280 0
350 250 1
350 312 0
351 289 1
352 172 1
352 226 1
356 234 0
356 381 0
356 172 0
356 198 1
234 172 1
234 198 1
381 234 0
359 271 1
359 278 0
360 74 0
360 384 1
384 74 0
364 289 1
366 29 0
366 134 0
372 289 0
375 289 0
377 28 0
377 165 0
377 289 1
377 117 0
378 99 1
378 266 0
378 289 1
378 21 1
378 71 1
378 230 0
383 289 1
385 289 0
386 270 1
386 289 0
386 325 1
387 289 0
390 289 0
397 178 1
397 201 0
