0 179 1
179 24 0
179 4 1
179 325 1
179 230 1
179 343 0
179 350 1
179 319 1
179 510 1
179 527 1
179 277 0
179 61 1
179 44 1
179 430 0
179 174 1
179 23 0
179 413 1
179 302 1
179 534 1
179 236 1
179 164 0
179 173 1
179 285 1
1 179 1
2 545 1
2 215 1
2 477 1
545 179 1
3 179 1
3 164 1
4 179 1
5 179 1
5 562 0
5 45 1
562 179 0
562 473 1
562 61 1
562 45 1
562 174 1
7 179 1
8 179 1
9 179 1
10 179 1
10 557 1
10 199 1
10 190 1
557 179 1
11 179 1
12 179 1
13 179 1
14 5 1
14 562 1
15 179 1
17 179 0
18 179 1
19 179 1
19 575 1
19 534 1
20 153 1
20 179 1
153 179 1
153 319 1
21 179 1
22 179 1
22 331 0
331 179 1
24 179 0
24 319 0
25 179 1
26 179 1
26 288 1
26 342 1
26 70 1
26 413 1
288 179 1
288 342 1
288 70 1
342 179 1
27 179 1
28 4 1
28 179 1
28 201 1
28 248 1
201 179 1
248 4 0
248 179 1
29 179 1
31 94 1
31 179 1
94 179 1
94 486 1
34 179 1
36 179 1
38 179 1
39 34 1
39 179 1
39 345 0
345 179 1
40 179 1
40 200 1
200 179 0
41 179 1
43 179 0
44 179 1
44 315 1
44 430 0
315 179 1
315 463 1
315 270 1
315 430 1
45 179 1
45 441 1
45 568 1
568 441 0
48 179 1
51 179 1
56 232 1
232 179 1
232 117 1
59 300 1
59 343 1
300 343 1
60 286 1
61 33 1
61 179 1
33 179 1
62 179 1
63 57 1
63 179 0
63 361 1
361 57 1
65 166 1
65 179 1
65 199 1
65 599 1
166 179 0
166 199 1
166 599 1
199 179 1
66 11 1
66 250 1
250 164 1
250 179 1
67 179 1
68 179 0
69 179 1
70 179 1
71 179 0
72 179 1
73 179 0
73 555 0
73 190 1
555 179 1
555 190 1
74 593 1
593 179 0
75 179 1
76 179 0
82 179 1
84 99 0
84 179 1
84 333 1
84 463 0
84 285 1
99 107 1
99 179 1
99 368 1
99 463 1
333 179 1
85 399 1
85 430 1
86 179 1
88 179 1
89 179 1
90 179 1
91 179 1
486 179 1
95 162 1
95 169 0
95 179 1
162 179 1
162 302 1
169 162 1
169 179 1
96 179 1
96 184 1
97 179 1
98 179 0
107 179 1
100 179 0
100 241 1
102 179 1
105 179 1
106 163 1
106 179 1
106 349 0
163 179 1
163 349 1
110 179 1
110 380 1
110 483 1
483 178 1
483 179 1
483 380 1
483 164 1
115 179 1
116 23 1
116 179 1
116 294 1
116 423 1
294 23 1
294 179 0
294 423 0
117 179 1
118 179 1
120 179 1
123 179 1
124 179 1
126 179 1
127 179 1
129 179 0
130 179 0
131 179 1
132 179 1
133 179 1
134 418 1
418 179 0
418 599 0
136 179 1
136 236 1
236 20 1
236 153 1
236 179 1
236 325 1
137 179 0
139 179 1
141 179 1
141 354 1
354 179 1
354 527 1
142 160 1
142 179 1
160 19 1
160 179 1
160 400 1
160 4 1
160 534 1
160 164 1
143 0 0
143 179 1
144 179 1
145 179 1
147 179 1
148 179 1
149 179 1
150 179 1
151 179 1
152 179 1
155 179 1
156 179 1
157 179 1
158 179 0
159 179 1
400 19 0
400 179 1
400 575 0
161 179 1
164 179 1
165 179 1
167 179 0
168 60 1
168 179 1
168 286 1
170 179 1
172 179 1
173 179 1
173 312 1
312 179 0
174 179 1
175 179 0
176 179 1
177 179 1
178 99 1
178 179 1
178 368 1
180 179 1
180 4 1
183 179 1
184 474 1
474 179 1
185 179 1
186 179 0
186 270 1
186 325 1
270 179 1
325 179 1
325 185 1
325 270 1
187 179 1
189 179 0
190 179 1
190 193 1
190 194 1
193 179 1
193 194 1
194 179 1
191 179 1
192 357 1
192 468 1
192 179 1
357 468 0
468 179 1
195 179 1
196 69 1
196 179 1
196 230 1
196 250 1
196 413 1
230 69 1
230 179 0
197 179 1
198 179 1
202 179 1
203 179 1
204 179 1
206 319 1
206 417 1
319 179 1
319 538 1
417 319 1
207 179 1
209 70 1
209 546 1
546 70 0
546 179 0
210 179 1
212 179 1
215 179 1
215 317 0
215 354 0
317 179 1
317 573 0
216 179 1
217 179 1
217 325 1
217 236 1
218 179 0
219 179 1
220 179 1
222 179 0
223 179 1
227 179 1
227 583 1
228 179 1
229 179 1
231 179 1
231 227 1
231 464 0
231 543 1
464 227 1
464 583 1
543 179 1
233 179 1
233 511 1
511 179 1
235 179 1
235 367 0
367 179 1
237 179 1
238 179 0
239 165 1
240 179 1
242 179 1
242 269 1
269 179 1
244 179 1
244 217 1
244 430 1
430 179 0
430 217 1
245 179 1
245 173 1
246 179 1
247 179 1
249 179 1
251 554 0
251 575 0
554 179 1
554 212 0
554 575 1
575 179 1
252 67 1
252 283 1
283 67 1
283 179 1
254 85 1
254 179 1
254 399 1
254 430 1
256 179 1
257 62 1
257 179 0
257 277 1
259 179 1
260 179 1
263 179 0
264 179 1
264 282 1
282 179 1
265 179 1
266 179 1
268 179 1
271 179 1
273 39 1
273 179 0
273 345 1
275 96 1
275 179 1
275 184 1
277 160 1
277 179 1
278 179 1
278 393 0
393 179 1
280 107 1
281 179 1
284 179 1
285 179 1
285 180 1
285 379 1
379 179 0
379 180 1
289 179 0
291 33 1
291 61 0
291 179 1
292 179 1
292 577 0
577 179 1
577 14 1
577 343 0
293 56 1
293 232 1
295 179 1
295 306 1
295 514 0
514 179 0
514 306 1
298 171 0
298 179 1
298 223 1
298 382 1
382 171 1
382 179 1
382 504 1
302 59 1
302 179 1
302 300 1
303 179 1
303 250 1
303 351 1
303 405 1
351 179 1
351 405 0
405 179 1
405 350 0
304 179 1
305 179 1
307 179 0
307 473 1
473 30 1
473 179 1
473 350 0
308 179 1
308 185 1
309 179 1
310 179 1
311 179 1
313 174 1
313 179 1
313 544 0
544 174 1
573 179 1
538 179 0
538 343 1
320 179 1
321 179 1
322 179 1
323 179 1
324 179 1
326 91 1
326 179 1
327 179 0
334 179 1
335 179 1
336 179 0
337 22 1
337 179 1
337 331 1
338 179 1
340 179 1
340 500 1
340 534 1
500 107 1
500 179 1
500 280 1
341 179 1
343 91 1
343 179 1
343 326 1
346 179 1
347 179 0
348 179 1
350 30 1
350 179 1
352 179 1
353 179 1
353 477 0
353 547 1
547 477 1
358 179 1
359 179 0
360 179 0
362 179 1
362 435 1
435 179 1
363 179 1
364 179 1
365 179 1
365 579 1
579 179 1
579 23 1
366 179 1
369 179 1
370 179 0
370 250 1
371 179 1
374 179 1
375 179 1
377 179 1
378 179 1
378 492 1
492 179 1
504 179 0
504 44 1
384 179 0
385 179 0
387 179 1
388 179 1
391 179 0
391 259 0
392 179 1
394 179 1
395 179 1
398 179 0
401 179 1
403 179 0
406 179 1
408 179 1
409 3 1
409 179 1
409 164 1
410 179 1
410 511 0
410 599 1
599 179 1
599 186 1
599 511 1
411 179 1
412 179 1
412 282 1
412 513 1
513 179 1
413 58 1
413 179 1
414 179 1
415 179 1
416 179 1
419 179 1
420 179 1
421 179 1
422 179 1
423 179 1
423 354 0
425 179 1
426 179 0
427 179 1
427 255 1
428 179 1
428 483 1
428 164 1
429 179 0
429 245 1
432 179 1
433 453 1
433 577 1
433 14 1
453 577 1
434 58 1
434 179 0
434 413 0
436 179 1
437 179 1
438 96 0
438 179 1
438 275 1
442 179 1
443 179 1
444 179 0
446 179 1
448 179 0
450 179 0
452 179 1
454 179 1
455 179 1
456 179 1
457 179 1
458 179 0
459 179 1
460 179 1
461 46 1
461 179 1
462 179 1
463 179 0
463 365 1
463 579 1
465 179 1
466 44 0
466 315 1
466 463 1
466 270 1
469 179 1
471 179 1
472 179 1
472 232 1
472 510 1
472 117 1
475 165 1
475 179 1
475 239 1
475 230 1
478 179 1
479 179 1
481 2 1
481 179 1
481 545 0
481 215 1
481 477 1
484 179 1
485 179 1
488 179 1
489 179 1
489 492 1
490 179 1
491 179 1
493 179 1
493 255 1
493 427 1
495 179 0
496 179 0
497 179 0
498 179 1
499 179 1
499 185 1
499 308 1
501 179 1
502 179 1
505 179 0
506 179 1
508 179 1
510 179 1
510 472 1
510 325 1
512 164 1
512 179 0
512 250 1
515 179 1
516 179 1
517 24 1
517 179 0
519 179 1
520 179 1
521 117 1
521 179 1
523 179 1
524 179 1
525 179 1
526 46 1
526 461 1
527 354 0
527 423 1
528 179 0
532 179 1
534 179 1
534 217 1
534 245 0
534 429 1
535 179 1
537 179 1
539 134 1
539 179 1
539 418 1
539 599 1
540 179 1
541 179 1
542 179 1
548 179 1
549 179 1
551 179 0
556 179 1
559 179 1
560 184 1
560 474 1
561 179 1
563 179 1
565 100 0
565 241 1
566 179 0
567 179 1
569 179 0
570 10 1
570 179 0
570 557 1
570 319 1
570 199 1
570 190 1
576 179 1
576 472 0
576 510 1
576 430 1
576 325 1
578 179 1
580 74 0
580 179 1
580 212 1
580 593 1
581 179 1
582 179 1
583 179 1
583 538 0
584 179 1
585 179 1
586 179 1
587 179 0
588 179 1
589 179 1
590 179 1
591 179 0
592 179 0
592 311 1
594 179 1
595 179 0
597 179 1
598 179 1
