0 558 0
558 390 0
558 77 0
558 286 0
558 791 0
558 478 0
558 164 1
558 599 1
558 131 0
558 479 0
1 558 0
1 664 0
2 558 1
3 558 0
5 221 1
5 237 0
5 558 0
237 558 0
6 558 1
7 558 0
9 558 0
10 557 1
10 558 0
557 558 1
11 21 1
11 142 1
21 558 1
142 21 0
12 173 1
12 186 0
12 558 0
12 54 1
12 206 0
173 186 1
186 558 0
186 54 0
186 206 1
13 65 0
13 83 0
65 558 0
83 65 0
14 36 0
14 421 0
14 558 0
36 421 1
17 558 0
18 558 1
19 140 0
19 254 1
19 558 0
140 558 0
23 81 1
23 558 0
24 558 1
25 558 0
26 558 0
27 558 0
28 558 1
28 206 1
29 558 0
30 469 0
30 558 0
469 558 1
31 558 0
32 558 0
33 653 1
653 558 0
34 558 0
35 558 0
37 558 0
38 558 1
40 558 0
41 126 1
126 558 1
42 558 0
44 17 0
44 230 0
44 558 1
230 17 0
230 558 0
46 558 1
47 558 0
48 558 1
48 604 0
48 78 0
48 759 1
604 558 1
604 78 0
604 142 0
49 558 0
50 558 0
51 131 1
51 410 1
131 558 0
410 131 0
52 467 1
52 558 1
52 683 1
683 467 0
683 558 0
54 257 0
54 558 1
257 558 0
56 558 0
56 479 1
57 558 0
59 558 0
59 752 1
752 558 0
61 433 0
61 737 1
433 737 0
737 558 0
62 500 0
62 558 1
62 756 1
756 500 0
63 558 1
66 558 0
68 558 0
70 426 1
71 558 1
72 139 1
73 226 0
73 388 1
226 388 1
388 558 1
74 206 0
74 593 0
206 558 0
593 206 0
593 558 0
75 558 1
76 558 0
77 558 0
78 558 1
79 558 1
80 107 0
80 558 1
80 286 0
107 558 1
107 286 1
82 558 0
84 558 1
86 558 1
87 558 0
88 285 1
88 342 0
88 558 1
342 285 1
90 340 0
90 558 0
90 738 0
90 702 0
90 381 0
738 340 0
738 702 0
738 381 1
91 558 1
92 558 1
93 255 1
93 558 1
255 558 1
94 102 0
94 558 1
102 479 0
95 169 1
95 558 0
95 699 0
169 558 0
699 169 1
699 558 0
96 558 1
98 558 0
99 558 1
99 568 1
99 666 1
568 666 0
666 558 0
100 41 1
100 126 0
101 454 0
454 558 0
104 152 1
104 558 1
104 767 1
104 175 0
152 558 0
152 175 1
767 152 1
105 558 1
105 588 0
588 558 0
106 558 1
110 72 0
110 139 1
110 558 1
111 409 1
114 558 1
114 706 0
706 558 0
115 313 0
115 744 1
313 744 0
744 558 1
116 558 0
118 558 0
119 498 0
119 558 0
498 558 1
498 467 0
120 558 0
121 558 0
123 558 1
124 558 0
125 228 1
125 315 0
125 558 1
125 771 0
125 646 0
228 558 0
315 558 0
771 228 0
771 558 0
771 646 0
127 56 0
127 558 1
127 623 0
623 56 1
623 558 1
128 558 0
129 411 0
129 558 0
129 795 1
129 230 1
411 558 0
411 795 0
411 478 1
795 558 0
795 230 1
795 478 1
130 153 1
130 219 1
130 357 1
130 558 1
130 694 0
219 558 0
219 694 0
357 153 1
132 558 1
133 558 1
134 29 1
135 558 0
136 578 0
136 797 0
578 558 1
797 558 1
797 578 0
138 157 0
138 637 0
157 558 1
157 637 1
637 558 0
141 558 1
143 558 1
144 558 1
145 558 1
146 101 0
146 454 1
147 77 1
147 558 0
148 190 0
148 558 1
190 558 1
150 558 0
154 558 0
154 780 0
780 558 0
155 558 0
156 558 1
160 145 1
162 558 1
163 558 0
165 28 0
166 558 1
167 558 1
168 260 0
168 286 0
168 558 0
168 342 0
168 797 0
260 286 1
260 558 1
260 342 0
260 797 1
286 558 1
170 558 0
172 558 0
172 626 1
172 638 1
172 535 1
626 535 1
638 558 1
638 626 0
174 763 1
763 558 1
763 239 0
175 497 0
175 558 0
497 558 1
177 558 0
178 558 1
179 558 0
181 558 1
184 558 0
185 205 0
185 273 1
185 558 0
205 558 1
187 558 1
189 401 1
189 538 0
189 558 1
538 401 0
538 558 1
193 558 0
193 785 0
194 558 0
196 30 1
196 469 0
197 558 0
198 558 0
200 265 1
200 558 0
200 30 1
265 30 1
201 558 1
202 558 0
203 555 0
203 558 1
203 563 0
555 558 0
563 555 0
204 558 0
208 558 0
210 558 0
211 558 1
212 558 0
213 246 0
214 405 1
214 511 1
214 238 0
405 558 1
405 755 0
405 238 1
511 405 0
511 558 0
215 558 0
216 558 1
218 558 1
220 213 0
220 246 0
220 558 0
223 558 1
225 558 0
227 558 0
231 464 0
231 627 1
464 558 0
464 627 1
233 248 0
233 389 0
233 558 1
248 389 0
248 558 0
389 558 1
234 207 0
234 558 0
236 745 1
745 558 1
238 299 1
238 558 0
238 696 0
299 558 1
299 725 0
299 645 0
696 299 1
696 645 0
239 558 0
239 765 0
765 558 0
240 558 1
241 558 1
242 533 1
242 558 1
245 236 1
245 745 1
250 200 1
250 265 0
250 558 0
251 558 0
252 558 1
253 152 1
253 558 1
256 632 0
632 558 1
258 558 1
259 270 1
259 558 1
259 293 0
259 286 1
270 558 0
261 458 1
261 558 0
458 558 1
263 558 1
266 558 1
267 5 1
267 221 1
268 558 1
269 558 1
274 558 1
275 558 0
278 558 1
280 558 1
280 757 0
283 558 1
284 558 1
288 47 1
288 747 0
747 47 1
747 558 1
747 131 1
289 67 0
290 558 1
291 558 1
293 256 1
293 632 1
294 558 1
295 558 0
295 564 0
295 732 0
564 558 1
564 382 1
732 564 0
732 382 1
296 558 1
297 558 1
725 558 1
725 561 0
725 670 1
303 551 1
303 605 1
551 558 1
551 605 0
605 558 1
304 558 1
306 558 0
307 558 0
308 185 0
308 273 0
312 164 1
312 558 1
312 650 0
650 164 0
650 558 1
314 517 1
314 759 0
517 558 0
517 759 0
316 558 0
321 199 0
321 463 1
463 199 1
463 558 0
463 632 1
323 558 1
324 558 0
326 291 0
328 558 1
329 558 1
332 558 0
333 193 1
333 558 0
333 785 0
334 418 1
334 663 0
418 663 0
339 558 0
341 558 1
343 291 1
343 326 0
344 558 0
345 190 1
345 558 0
346 558 0
347 280 1
347 558 0
347 645 0
349 314 0
349 517 0
350 558 0
351 558 0
353 145 1
353 160 0
354 558 1
355 558 0
358 178 1
358 416 0
416 178 0
416 558 1
360 558 0
360 190 1
362 558 0
362 642 0
362 712 0
712 558 1
712 642 1
364 558 0
365 558 1
365 671 1
366 558 0
367 558 1
368 241 0
369 558 1
370 10 1
370 557 0
370 558 0
373 479 0
373 558 0
373 791 0
479 558 0
791 479 1
791 558 0
375 558 1
375 591 1
591 558 0
377 28 1
377 165 1
377 558 0
377 206 1
378 558 0
378 270 1
378 518 0
379 558 1
381 352 1
381 558 0
381 634 1
634 352 1
634 558 1
382 91 1
382 571 1
571 91 0
383 558 1
384 474 1
384 558 0
474 558 1
385 558 1
386 670 1
386 725 1
670 558 1
390 558 1
392 468 1
392 558 0
392 757 1
392 590 0
468 558 0
468 590 1
757 468 0
393 558 1
393 794 1
393 691 1
794 558 0
394 558 1
395 443 0
395 558 1
396 528 1
528 558 1
398 558 0
400 19 0
400 254 0
400 558 1
402 558 0
403 558 1
404 204 0
404 592 0
592 204 1
755 558 1
407 558 0
408 558 1
412 390 0
412 558 0
413 558 1
414 558 1
417 119 1
417 498 1
417 558 0
417 467 0
417 478 0
419 558 1
420 395 0
420 443 0
422 360 0
422 731 1
731 360 0
731 558 1
731 190 0
423 558 0
424 558 1
425 558 1
427 33 1
427 653 1
429 558 1
430 310 1
431 558 0
432 558 0
434 619 1
619 558 1
619 77 1
436 558 0
437 558 0
438 558 1
439 558 0
442 67 0
442 289 0
444 558 1
444 603 1
444 703 0
603 558 1
603 703 1
703 558 0
446 558 1
448 78 1
448 558 0
448 740 1
448 518 0
740 78 0
740 558 0
740 518 1
451 558 1
453 558 1
456 558 0
457 558 1
459 558 0
460 558 1
461 558 1
462 306 0
462 558 1
466 558 1
470 558 1
471 441 0
472 558 1
473 558 1
473 630 0
473 750 1
473 599 0
630 558 1
750 630 1
475 558 0
478 434 1
478 558 1
478 619 0
480 558 1
481 558 1
482 558 1
484 558 1
485 558 1
486 558 1
489 558 0
494 558 1
495 114 1
495 706 1
496 558 0
499 558 0
502 558 1
504 558 0
506 558 0
510 558 1
512 558 1
514 558 1
516 94 1
516 102 0
516 479 1
518 558 0
519 558 1
520 558 1
522 558 1
526 1 0
526 664 0
529 558 1
530 558 1
532 558 0
535 48 0
535 558 0
536 558 1
537 48 0
537 558 1
537 604 1
537 759 1
537 142 0
539 558 1
540 558 1
541 558 0
542 179 0
542 558 1
543 558 0
545 558 0
545 610 1
545 674 0
545 694 1
674 140 1
674 558 0
674 610 0
674 694 1
546 558 0
549 558 0
553 378 1
553 558 0
553 270 0
553 175 0
554 310 1
554 430 1
556 518 1
556 643 1
556 286 1
643 518 0
643 558 1
643 791 1
643 164 0
643 286 1
561 180 1
561 558 0
561 657 0
657 180 0
657 558 0
565 558 1
570 558 0
572 558 0
573 558 1
573 680 0
574 558 0
577 558 1
579 376 0
579 558 1
579 580 0
580 376 1
580 558 0
581 558 0
583 558 1
584 558 0
585 558 0
586 558 0
587 558 0
589 558 0
590 54 1
590 257 1
595 558 1
596 558 1
598 441 1
598 471 1
598 558 0
599 34 1
599 558 0
600 558 0
601 573 1
601 680 0
602 190 0
602 345 1
602 558 1
607 558 1
611 558 1
613 261 0
613 458 1
615 262 0
616 242 1
616 533 1
620 378 0
620 553 0
620 558 0
620 518 1
620 175 0
622 558 0
624 82 0
624 479 0
624 558 1
625 168 0
625 396 0
625 528 0
625 558 1
629 558 0
631 558 1
635 558 0
636 174 1
636 558 1
636 763 1
636 239 0
640 558 0
641 558 1
644 389 0
644 558 1
645 241 1
645 368 1
646 9 0
646 558 1
647 558 0
648 205 0
648 558 1
649 558 1
651 175 0
651 754 1
651 646 1
754 175 1
754 558 1
754 646 0
652 558 0
658 558 1
661 9 0
661 558 0
661 646 1
661 791 0
662 558 0
665 558 0
669 558 1
672 558 0
673 558 1
675 239 1
675 558 0
675 765 1
676 558 0
678 262 1
678 615 0
679 558 1
682 207 0
682 234 1
684 558 0
685 34 1
685 599 0
686 558 1
688 558 0
690 558 0
691 393 1
691 558 0
691 794 0
692 558 0
693 558 1
694 306 0
694 462 1
694 558 1
695 558 0
698 558 1
700 80 0
700 107 1
701 558 0
702 259 0
702 270 1
702 558 0
702 293 0
704 558 0
705 558 1
707 558 0
708 558 1
709 558 1
711 558 1
713 558 0
714 558 1
715 558 0
716 23 1
716 81 0
716 558 1
717 558 0
718 558 1
719 242 1
719 558 1
724 558 0
729 558 0
730 280 1
730 347 1
730 558 1
730 757 1
730 645 1
733 558 0
734 558 1
735 558 1
741 94 0
741 558 1
742 558 0
746 70 1
746 426 1
748 558 0
751 558 0
753 77 1
753 147 0
753 558 1
759 365 1
759 558 1
759 671 1
760 384 1
760 474 1
760 558 1
762 93 1
762 255 0
764 558 0
766 29 0
766 134 0
772 558 1
775 558 1
777 558 1
778 558 1
779 82 0
779 558 0
779 624 0
781 558 0
782 558 1
783 558 1
786 558 1
787 558 1
792 558 1
798 59 1
798 752 1
799 111 0
799 409 0
