1 452 0
1 518 1
518 366 0
518 495 1
518 452 1
518 679 1
2 668 0
3 787 0
4 518 0
7 74 0
7 362 1
7 518 1
74 362 1
8 16 0
9 541 0
541 518 1
11 106 1
11 369 0
11 518 1
106 518 0
106 415 1
369 106 0
369 518 1
369 415 0
12 209 0
12 487 0
12 518 0
209 487 1
209 518 0
487 518 0
13 41 1
13 460 0
41 518 1
460 41 0
460 518 1
14 44 1
14 790 1
44 790 0
15 518 1
17 43 0
17 518 1
19 370 0
19 518 1
19 119 1
370 518 1
370 119 1
21 176 1
21 221 0
176 221 1
176 518 1
176 109 1
221 518 0
221 109 1
23 358 1
24 91 1
24 13 0
91 100 0
91 518 0
91 13 1
26 518 1
27 518 0
30 518 0
31 8 1
31 16 0
32 518 0
34 107 0
34 440 0
107 440 1
35 25 1
36 518 1
37 40 1
40 518 1
38 101 0
38 191 1
38 518 1
101 191 1
39 518 0
39 747 0
48 141 1
48 518 0
48 770 0
770 141 0
49 241 0
49 518 1
49 618 0
241 618 1
51 518 0
52 518 0
52 197 1
55 42 1
55 518 1
56 518 0
57 518 0
58 504 0
61 518 0
62 518 0
62 679 0
63 103 0
63 454 1
454 103 0
454 518 0
64 518 1
66 407 1
66 518 1
66 712 1
407 712 0
67 131 1
67 592 1
592 131 0
68 518 0
70 518 1
71 61 1
72 518 0
75 518 0
76 518 0
77 189 1
77 397 1
189 397 1
189 518 0
82 253 0
82 324 0
82 518 0
82 327 1
253 324 0
324 327 0
85 619 0
619 564 0
86 736 1
87 762 1
89 62 1
89 137 0
137 62 1
137 518 0
137 679 0
90 75 0
90 596 1
596 75 1
100 273 0
100 518 0
100 680 1
92 518 1
93 3 0
93 787 0
94 315 0
94 334 0
94 518 1
334 315 1
334 518 1
95 518 0
96 518 1
99 275 0
273 680 1
680 518 0
104 723 0
723 518 1
105 341 1
108 411 0
108 491 1
411 491 0
411 518 0
491 518 0
110 375 1
110 620 1
620 375 0
111 518 0
112 109 0
112 518 0
112 690 1
690 109 1
690 518 0
115 518 0
115 780 1
115 790 1
116 518 1
117 186 0
117 518 1
118 25 0
118 35 1
119 58 1
119 504 1
122 373 0
122 616 1
616 373 1
123 283 0
130 18 0
132 372 1
132 769 1
372 769 0
133 54 1
133 272 1
133 509 1
133 431 0
272 54 0
272 518 1
272 509 1
272 431 0
135 194 1
135 352 1
194 352 1
352 518 1
138 518 0
138 622 1
140 220 0
142 518 1
143 230 0
143 546 0
230 518 0
230 303 1
546 230 1
546 303 0
146 226 1
146 518 1
147 518 0
149 518 1
149 670 0
149 751 0
751 670 1
150 259 0
150 675 1
259 518 0
259 675 1
259 798 1
675 798 1
151 267 1
151 767 0
767 267 1
152 201 0
152 423 1
152 518 0
201 423 1
154 518 0
154 591 1
154 610 1
154 679 1
591 518 1
591 610 1
155 406 1
155 518 0
406 518 1
158 88 0
158 518 1
158 627 0
88 668 1
627 88 1
627 668 1
159 518 1
163 518 0
164 521 0
164 784 1
521 784 0
521 135 0
521 518 1
784 135 1
784 518 0
165 512 1
165 518 0
165 628 0
165 709 0
512 518 0
512 709 0
628 512 1
628 518 0
170 244 0
244 518 0
171 481 1
171 590 0
481 518 1
590 481 1
590 518 0
174 377 1
174 744 1
377 744 0
744 518 0
177 333 0
177 652 1
333 518 0
333 652 0
333 31 0
652 518 1
652 31 0
178 173 0
178 302 0
178 518 0
178 311 0
173 311 1
302 173 1
302 518 1
180 85 1
180 518 0
180 619 1
180 564 0
181 518 0
181 789 0
183 142 1
185 314 0
185 672 0
672 314 1
187 181 1
187 789 0
193 65 0
196 282 0
196 518 1
282 518 0
197 395 1
197 518 0
202 263 0
202 433 1
263 518 1
433 263 0
204 215 1
204 254 0
215 254 1
215 518 1
205 741 1
206 86 1
206 736 1
207 518 0
207 605 1
208 518 1
210 251 1
251 518 1
212 518 0
214 518 1
214 692 1
692 43 0
216 142 0
216 183 1
218 217 1
218 518 1
218 799 1
218 495 0
799 217 0
799 518 1
219 557 1
219 701 1
557 518 0
701 518 1
701 557 0
223 374 0
223 529 0
374 529 1
374 518 1
529 518 0
225 545 1
225 630 0
545 518 1
545 773 1
630 518 0
630 545 1
630 773 1
228 279 0
228 518 0
232 434 0
232 518 0
434 518 1
234 518 1
235 146 1
235 226 1
235 518 0
236 518 0
239 518 0
240 518 1
243 518 0
246 523 0
246 655 1
246 99 1
523 518 0
523 99 0
655 518 0
655 523 0
247 155 1
247 406 1
248 102 1
248 531 0
531 102 1
531 518 1
249 153 1
250 344 1
250 518 1
250 593 0
344 518 0
344 593 1
256 320 1
256 499 1
320 518 0
320 699 1
499 320 1
499 518 1
499 699 1
257 518 1
260 518 1
260 780 1
261 222 0
261 518 0
261 759 1
759 222 1
262 602 0
262 663 1
602 518 1
602 663 0
265 518 0
265 679 1
265 373 0
266 518 1
268 421 0
268 662 0
421 662 0
271 115 0
276 518 0
276 591 1
277 410 1
277 518 0
278 104 1
278 518 0
278 723 0
281 138 1
281 622 0
285 518 1
286 518 1
286 748 1
287 116 0
287 518 0
287 571 1
571 116 1
288 210 1
288 251 1
288 518 0
289 266 0
289 303 1
289 518 0
289 773 0
303 518 1
773 266 1
291 360 0
291 518 0
292 432 1
292 518 1
293 361 1
293 518 1
361 518 0
361 303 1
294 286 0
294 748 0
297 99 1
297 275 1
298 518 1
301 228 0
301 279 0
305 84 1
305 394 1
394 84 0
308 518 1
309 498 1
309 518 0
309 700 1
498 518 0
498 700 0
700 518 0
310 431 0
311 385 0
311 555 0
555 385 1
313 518 0
317 489 0
317 518 1
317 779 1
489 779 0
321 126 0
321 757 1
757 126 1
757 518 1
322 482 1
322 514 0
322 518 0
482 514 1
514 518 1
323 255 0
323 518 0
325 518 1
326 265 0
326 679 0
326 373 1
327 518 1
328 518 0
329 52 1
329 518 1
329 197 0
331 518 1
331 131 0
332 518 1
332 689 1
689 518 0
336 2 1
336 518 0
336 668 1
339 61 0
339 71 1
339 518 1
340 298 0
340 500 1
500 298 1
342 518 0
345 243 0
346 236 0
346 355 0
355 236 0
355 518 0
349 576 1
350 76 0
351 604 0
604 518 1
353 518 1
354 518 0
356 518 1
357 379 0
357 518 0
357 302 1
359 518 0
363 153 0
363 249 0
363 518 1
364 518 0
366 518 0
366 382 1
368 292 0
368 432 0
378 518 1
380 510 0
380 516 1
516 510 1
382 378 1
382 584 1
584 378 1
383 330 1
383 661 0
330 94 1
661 330 1
661 94 1
384 1 1
384 452 1
386 518 1
386 621 0
386 648 1
621 518 1
648 621 0
388 518 1
389 338 1
389 413 0
389 746 1
338 746 1
413 338 0
390 518 0
391 396 1
391 455 0
391 518 1
455 396 1
393 561 0
398 518 1
400 290 0
400 654 1
400 518 1
290 518 1
654 290 0
654 518 1
401 399 1
401 687 0
402 422 0
402 456 0
402 518 0
422 456 0
422 518 0
456 518 0
403 730 0
403 760 0
760 730 1
409 595 0
414 76 1
414 350 0
415 518 1
415 582 1
415 761 1
761 582 1
417 518 1
418 518 1
419 673 0
419 688 0
688 673 0
420 172 1
420 488 1
172 533 1
488 172 0
488 533 0
425 51 0
425 442 1
425 518 1
442 51 1
426 52 0
426 329 0
427 399 1
427 401 1
427 687 0
439 441 1
439 492 1
492 441 0
444 255 0
444 323 0
446 518 0
446 653 0
447 518 0
450 319 0
450 518 0
451 23 1
451 358 0
451 518 1
457 276 0
457 591 0
458 300 0
458 480 1
458 518 0
480 300 0
459 518 0
461 224 1
462 518 0
462 706 0
462 728 0
706 518 0
728 706 0
728 518 1
464 205 0
464 741 1
465 393 0
465 561 1
466 475 1
475 518 0
467 438 0
467 518 1
469 243 1
469 345 0
470 139 0
470 518 0
470 566 1
566 139 1
471 319 1
471 450 0
472 515 1
472 518 1
472 548 1
548 518 1
478 693 0
479 518 1
483 207 0
483 605 1
484 518 1
485 224 1
485 461 1
486 295 1
486 586 1
586 295 1
495 518 1
495 544 0
495 601 0
544 518 0
601 518 0
601 544 1
601 495 1
496 435 1
496 518 0
496 687 0
687 435 0
497 518 1
502 72 0
502 742 0
742 72 1
503 518 1
503 547 1
507 533 1
507 565 0
533 565 0
508 39 1
508 518 0
508 747 1
509 140 0
509 220 0
520 518 1
522 518 0
524 331 0
524 518 0
524 778 1
778 331 0
778 131 1
527 518 0
528 343 1
528 518 1
530 0 0
530 776 0
0 102 0
776 0 0
776 102 0
532 366 0
532 518 0
532 382 0
534 638 0
534 729 0
638 729 1
638 487 0
729 487 1
535 518 1
536 293 0
536 361 1
536 518 0
536 303 1
537 392 1
537 302 1
392 302 1
539 312 1
539 518 0
312 164 0
540 518 0
542 466 1
542 475 0
543 518 1
550 518 0
552 518 0
553 169 0
553 518 1
556 518 0
560 791 1
791 518 0
562 19 1
562 370 1
562 518 1
564 24 0
564 91 0
567 343 1
567 518 1
567 528 0
569 606 0
606 518 1
573 518 1
577 518 0
578 518 1
580 518 0
581 518 0
583 42 0
583 55 1
588 304 1
588 709 1
709 304 0
589 214 1
589 692 0
589 43 0
594 327 0
594 518 1
594 452 0
597 347 1
597 756 1
756 347 1
607 409 0
607 595 1
609 518 0
611 349 0
611 576 0
614 518 0
624 169 1
624 553 1
625 123 0
625 283 1
626 197 1
626 395 0
631 560 1
631 791 1
632 478 1
632 693 0
634 681 1
635 503 1
635 547 1
637 569 0
637 606 1
639 276 0
639 457 1
639 518 0
640 518 1
643 310 1
643 431 1
644 740 1
645 518 0
646 18 0
646 130 1
646 518 0
647 232 1
647 434 1
651 518 1
656 291 1
656 360 0
656 518 1
657 299 1
657 765 1
765 299 1
765 518 0
658 237 0
658 518 0
237 518 0
660 518 1
665 242 1
665 798 1
665 518 1
242 518 1
798 242 1
798 518 0
666 438 0
666 467 0
666 518 1
667 472 1
667 515 0
669 518 1
671 518 0
674 505 0
676 446 1
676 653 0
682 37 0
682 40 0
684 518 1
685 365 0
685 753 1
753 365 1
691 351 1
691 604 0
695 518 1
697 518 0
698 17 1
698 43 0
699 518 0
699 634 1
699 681 1
703 129 0
703 758 1
758 129 1
708 105 0
708 341 0
713 518 1
715 65 1
715 193 1
716 518 1
717 518 0
718 518 1
719 518 0
720 518 0
721 117 0
721 186 0
721 518 0
721 524 1
722 518 1
725 277 1
725 410 0
726 9 1
726 518 1
726 541 1
727 181 0
727 187 1
727 518 0
732 327 1
732 518 0
732 594 0
734 170 0
734 244 0
735 87 0
735 518 0
735 762 1
737 69 1
737 518 0
738 312 1
738 539 0
738 164 1
745 115 1
745 271 0
745 518 1
745 780 0
745 790 1
746 392 0
746 537 0
750 518 1
752 260 1
752 780 1
754 518 0
763 518 1
766 518 0
768 505 0
768 674 1
771 69 1
771 518 1
771 737 1
772 644 1
772 740 1
774 332 0
774 518 1
774 689 1
777 357 1
777 518 0
777 302 0
781 518 1
783 518 0
785 518 0
789 237 0
789 518 0
789 658 0
793 357 1
793 379 1
795 518 0
797 518 0
