0 159 1
0 537 1
159 537 1
159 595 1
537 392 1
537 621 1
537 383 1
537 358 1
537 246 1
537 124 1
537 388 1
537 157 1
537 732 0
537 478 1
537 311 1
537 196 1
537 623 1
537 699 1
537 610 1
537 770 1
537 561 0
537 709 1
537 300 0
537 467 1
537 399 1
537 420 1
537 180 0
537 375 1
537 278 1
537 36 1
1 537 1
2 537 0
2 644 1
644 537 1
3 537 1
4 537 1
5 537 1
7 537 1
8 537 0
9 537 1
10 537 1
11 106 1
11 369 1
11 537 1
106 537 1
369 106 1
369 537 1
12 314 1
12 537 1
314 537 1
314 180 0
13 405 1
13 537 1
13 320 1
405 537 1
14 537 1
14 594 1
594 327 0
594 537 0
15 537 0
15 771 1
771 537 1
771 732 1
17 537 1
19 537 1
20 537 1
21 537 1
22 537 0
23 358 1
23 537 0
358 537 1
24 91 1
24 537 1
24 388 1
24 674 0
91 674 1
25 72 1
25 537 1
72 537 1
26 281 0
26 382 0
26 537 1
26 300 1
281 537 1
382 537 1
28 281 1
28 537 1
28 654 1
654 537 1
30 537 0
31 537 1
32 537 1
32 574 0
574 537 1
35 398 1
35 537 1
398 537 1
36 131 1
36 537 0
131 537 0
131 747 1
37 537 1
38 101 1
38 191 1
38 537 0
101 191 1
101 537 0
191 537 1
39 537 1
40 537 1
42 537 1
43 537 1
44 537 1
45 537 0
47 537 1
48 141 1
48 537 0
48 770 1
770 141 1
770 537 0
49 537 1
51 537 1
52 537 1
53 537 0
54 472 1
54 478 1
472 537 1
478 537 1
478 692 1
478 693 1
55 537 1
56 537 0
57 537 1
58 537 1
59 537 0
60 20 0
60 281 1
60 537 1
61 537 1
62 537 0
63 537 1
64 142 1
64 537 1
142 537 0
65 537 1
66 537 1
67 131 1
67 592 1
592 131 0
592 247 1
592 537 1
68 537 1
69 537 0
71 537 1
73 537 1
74 537 1
75 537 1
77 537 1
78 537 1
79 537 0
80 537 0
82 537 1
84 537 1
85 619 1
619 537 1
86 537 1
87 762 1
762 537 1
762 605 1
762 732 0
88 537 1
88 621 1
89 62 1
89 137 1
89 537 1
89 621 1
137 62 1
137 537 1
137 621 1
90 537 1
92 537 1
93 330 1
93 537 1
330 537 1
94 537 1
96 537 1
98 183 1
98 537 1
183 537 1
100 537 1
102 223 1
102 537 1
102 478 1
223 537 1
103 537 1
103 550 1
550 441 1
550 537 1
104 201 1
104 663 0
104 682 0
201 537 1
663 537 0
682 537 0
105 511 1
105 537 1
511 537 1
109 537 0
110 375 1
110 537 1
110 620 1
110 180 1
375 537 0
620 119 1
620 375 1
620 474 1
620 537 1
620 180 1
111 279 1
111 537 1
111 608 1
279 537 1
608 537 1
608 641 0
112 537 1
113 537 1
114 7 1
114 537 1
115 537 1
115 375 1
116 537 1
117 537 1
118 537 1
119 537 1
120 537 1
122 537 1
123 537 0
124 451 1
124 537 1
451 23 1
451 358 1
451 537 0
451 278 1
125 185 1
125 192 1
125 537 1
125 381 1
185 314 1
185 537 1
185 672 1
185 381 1
192 201 0
192 537 1
192 607 1
126 537 0
128 537 1
129 395 1
129 466 0
129 537 0
129 77 0
129 469 1
129 36 1
395 537 0
466 475 1
466 537 1
466 77 1
130 537 0
747 537 1
134 537 1
135 537 1
136 537 1
136 747 1
138 537 1
139 537 1
140 220 1
140 537 1
140 582 1
220 582 1
144 537 0
145 432 1
145 537 1
432 537 0
146 537 1
147 537 1
148 537 1
149 537 1
151 537 0
152 537 1
153 450 1
153 537 0
450 130 1
450 537 0
154 537 1
154 591 1
154 610 1
591 537 1
591 610 0
610 537 1
155 537 1
155 675 1
675 537 1
156 537 1
157 532 1
157 537 0
532 537 1
158 88 1
158 627 1
627 88 1
627 163 0
627 537 1
595 537 1
595 736 0
160 537 1
161 537 0
162 537 1
162 157 0
162 300 1
163 537 1
164 537 1
164 124 1
166 537 0
167 537 1
169 537 1
170 537 1
171 537 1
173 537 0
174 537 1
175 166 1
175 537 1
175 636 1
636 537 0
636 621 0
636 311 1
176 537 1
177 537 1
178 537 0
178 610 0
179 293 1
179 314 1
179 544 1
293 537 1
544 537 1
180 85 1
180 537 1
180 619 1
181 537 0
184 537 1
184 748 0
184 399 1
748 537 0
672 314 1
186 537 1
188 537 1
190 537 1
607 537 1
193 537 1
194 537 1
195 537 0
196 88 1
196 537 0
197 89 1
197 537 0
202 263 1
202 433 0
263 537 1
433 263 1
433 537 1
203 537 1
204 537 0
205 537 1
206 537 1
207 537 1
208 537 0
209 537 1
210 537 0
211 537 0
212 537 1
213 537 0
214 537 1
214 771 1
215 537 1
216 537 1
217 537 1
218 537 0
219 537 1
224 180 1
224 537 0
225 537 1
226 20 1
226 257 1
226 537 0
257 357 1
257 537 0
227 537 1
228 537 0
229 537 1
230 537 1
231 420 1
231 537 1
420 172 1
420 488 0
420 537 1
232 537 1
234 537 1
235 537 1
236 537 1
237 537 0
238 537 1
239 537 1
240 537 1
241 537 1
242 254 1
242 537 1
254 537 0
243 537 0
244 537 0
245 308 1
245 537 1
308 537 1
246 22 1
246 523 1
246 537 1
246 655 1
246 561 1
523 518 1
523 537 1
655 523 0
655 537 1
247 537 1
247 626 1
626 537 1
626 709 1
248 102 1
248 531 0
248 537 0
531 102 1
531 537 1
249 537 1
250 537 0
251 537 1
252 537 1
255 537 1
256 320 0
256 499 1
256 537 1
256 699 1
320 537 1
499 320 1
499 537 0
357 537 1
258 537 0
259 537 1
260 537 1
262 537 1
262 602 1
262 663 1
262 320 1
602 537 1
602 663 1
602 320 1
264 537 1
265 537 0
266 537 1
268 421 0
268 537 1
268 662 0
421 537 1
421 662 1
662 537 1
269 537 1
272 537 1
273 537 1
274 537 1
275 537 1
276 289 1
276 537 1
289 537 0
277 410 1
277 537 1
277 85 1
277 102 1
410 537 0
410 699 0
410 621 1
278 441 1
278 537 0
441 537 1
280 537 1
283 537 1
285 537 1
286 537 1
287 537 0
287 569 0
569 537 0
288 537 1
290 537 1
292 537 0
294 537 1
295 537 1
296 383 1
296 537 0
383 537 1
298 537 1
300 537 1
300 740 1
300 478 1
740 537 1
301 537 1
302 273 1
302 428 1
302 537 1
428 537 1
303 537 1
304 537 1
304 399 0
305 537 1
306 505 1
306 537 1
505 537 0
505 62 1
310 537 1
311 385 1
311 518 0
311 537 1
311 555 1
385 277 1
385 537 0
385 756 1
385 85 1
518 537 0
555 385 1
555 537 0
312 537 1
313 537 1
315 537 1
316 537 1
317 489 1
317 537 1
317 779 0
317 77 1
489 460 1
489 537 1
489 779 1
489 77 1
779 537 1
319 537 1
321 537 1
322 537 0
323 537 1
324 537 1
325 155 1
325 537 0
326 206 1
326 537 1
327 537 0
328 537 0
331 537 1
332 537 1
333 537 1
334 537 1
335 537 1
337 537 1
338 537 0
339 537 1
340 434 1
340 537 1
434 110 0
434 537 1
341 178 1
341 537 0
342 537 1
343 537 1
344 537 0
345 243 1
345 537 0
345 131 1
346 537 1
347 537 1
348 537 0
350 118 1
350 537 1
351 315 1
351 537 0
352 335 0
352 537 1
353 537 1
354 537 1
355 537 1
356 505 1
356 537 0
356 62 1
359 537 1
360 537 1
362 537 0
362 746 1
746 392 1
746 537 1
363 589 1
363 713 1
589 537 0
713 537 1
713 639 0
364 537 0
366 537 1
370 103 1
370 537 1
371 537 1
372 537 1
372 740 0
372 623 1
374 537 1
377 537 1
378 537 1
379 537 1
380 537 1
381 162 1
381 537 1
384 537 1
756 14 0
756 537 1
386 537 1
386 621 0
386 648 1
621 537 1
648 537 1
648 621 1
648 732 1
648 467 1
387 537 0
388 251 1
388 537 1
389 537 1
390 537 1
391 537 1
393 537 1
393 561 1
561 537 1
394 537 1
396 537 1
397 537 1
399 537 1
400 537 1
401 399 1
401 537 1
401 358 1
402 422 0
402 456 1
402 537 0
422 456 1
422 537 1
456 537 1
403 537 0
404 474 1
404 537 1
474 537 1
406 537 1
407 537 1
409 537 1
699 537 1
411 537 0
413 537 1
415 537 1
417 537 1
419 537 0
488 172 1
424 235 1
424 537 1
425 537 1
426 537 1
427 399 1
427 401 1
430 537 1
436 537 1
437 537 1
439 537 0
440 537 0
442 537 1
443 537 1
444 369 0
444 715 1
444 799 1
715 537 0
799 537 1
445 511 1
445 537 1
446 537 1
446 653 0
653 537 1
447 537 1
448 537 1
452 537 1
453 537 0
454 537 1
454 589 1
455 537 0
457 537 1
458 300 1
458 480 0
458 537 1
480 77 1
480 300 1
480 374 1
480 537 1
459 537 1
460 537 1
462 537 1
464 537 1
465 393 1
465 561 1
475 537 1
467 438 1
467 537 1
468 377 1
468 537 1
469 243 1
469 345 1
469 537 1
469 548 1
469 131 0
548 537 1
470 139 0
470 566 0
566 139 1
566 142 0
566 537 0
471 537 0
476 537 1
692 537 0
479 537 1
479 550 1
481 537 0
482 537 1
483 515 1
483 537 1
515 537 1
484 537 1
485 537 1
486 537 1
487 537 1
490 305 1
490 537 1
491 537 1
492 537 1
493 537 1
494 516 1
494 537 1
516 537 1
495 131 1
495 537 1
496 537 1
496 582 1
496 246 1
582 537 1
497 537 1
498 161 0
498 537 1
500 537 1
501 245 1
501 537 1
502 72 1
502 742 1
742 72 1
742 537 1
503 537 1
506 537 1
507 537 1
508 537 1
509 140 1
509 220 1
509 432 1
509 537 1
510 537 1
512 537 1
512 698 1
698 537 1
513 537 0
514 537 1
517 335 0
517 537 0
519 537 1
519 652 0
652 537 1
520 537 1
521 537 1
522 383 0
522 537 1
524 62 0
524 537 1
525 537 1
526 537 1
527 537 1
529 537 0
530 322 1
530 537 1
535 537 1
536 537 1
539 537 1
540 537 1
541 537 0
542 274 1
542 456 0
542 466 1
542 475 1
542 537 1
543 537 1
545 537 1
546 537 1
547 537 0
549 537 1
551 537 1
552 537 1
553 537 1
556 537 1
558 537 1
559 537 1
560 537 1
562 537 1
563 537 1
564 24 1
564 91 1
564 537 1
565 537 1
568 537 1
571 537 0
572 537 1
573 537 1
575 537 1
576 537 1
577 537 0
579 537 1
580 537 0
583 537 1
584 537 1
585 537 0
586 142 1
586 441 0
587 537 0
588 304 1
588 537 1
588 709 1
588 399 1
588 196 1
709 304 1
709 537 1
709 715 0
590 537 1
593 335 1
593 537 1
736 537 0
596 314 1
596 537 1
597 437 1
597 537 1
599 537 1
600 278 1
600 537 1
601 537 1
603 537 1
604 278 1
604 537 1
605 537 1
641 279 1
641 420 1
609 13 1
609 537 1
609 320 1
611 254 0
611 537 1
612 537 1
614 537 0
616 537 1
617 537 1
622 537 1
623 362 1
623 537 0
624 537 1
625 53 1
625 537 1
628 537 0
629 537 1
630 537 1
631 537 0
632 478 1
632 693 1
633 537 1
634 537 1
635 537 1
637 537 0
638 537 1
639 537 0
640 537 1
642 537 1
643 537 0
645 519 1
645 537 1
646 537 1
647 537 1
649 537 1
650 537 1
651 212 1
651 420 1
651 537 1
656 287 1
656 537 1
657 299 1
657 537 0
657 765 1
765 299 0
765 537 0
658 537 0
659 537 1
660 164 0
660 537 1
665 242 1
665 537 1
665 798 0
665 499 0
798 242 1
798 537 1
798 499 1
666 438 1
666 467 1
666 537 1
668 537 1
670 537 1
671 537 1
673 537 0
674 472 1
674 505 1
674 537 0
676 446 1
676 537 1
676 653 1
677 537 1
678 537 0
679 537 0
680 537 1
681 537 1
683 458 1
683 537 1
684 537 1
685 162 1
685 537 1
686 103 0
686 537 1
688 56 1
688 537 1
689 509 1
689 537 1
690 537 1
691 537 1
695 537 1
697 537 1
700 537 1
701 537 1
703 129 1
703 537 0
703 758 1
758 98 1
758 129 1
758 537 1
758 469 1
704 520 1
704 537 1
706 537 1
707 537 1
708 537 1
710 537 0
711 537 1
716 115 1
716 537 0
717 537 1
718 537 1
719 537 0
720 317 1
720 537 1
721 537 1
722 218 1
722 537 1
723 131 0
723 537 0
723 770 1
724 537 1
725 277 1
725 410 1
725 537 1
725 102 1
726 537 1
727 537 1
728 537 1
729 537 1
729 627 1
730 537 1
731 537 0
732 327 1
732 537 1
732 594 1
732 716 1
733 537 1
734 537 1
735 87 1
735 384 1
735 537 1
735 762 1
737 403 1
737 537 0
739 537 1
741 537 1
743 62 1
743 537 1
744 537 1
745 471 1
745 537 0
749 537 1
750 537 0
751 537 1
752 537 1
752 715 1
753 537 1
754 537 1
760 537 1
761 537 1
763 537 0
764 245 0
764 537 1
764 420 1
766 537 1
767 537 1
767 713 1
768 505 1
768 537 1
768 674 1
769 537 1
772 537 0
773 118 1
773 537 1
774 537 1
775 537 1
776 537 1
777 537 1
777 589 1
780 537 1
781 537 1
781 798 1
782 388 1
782 537 1
783 537 1
785 537 1
786 537 1
788 381 1
788 537 1
788 383 1
790 537 1
791 537 0
792 537 1
792 621 1
793 537 1
794 274 1
794 537 1
795 537 1
796 537 1
797 78 0
797 537 0
