1 286 1
1 310 0
1 452 1
1 415 0
286 310 1
310 431 1
310 230 1
310 655 1
310 422 1
310 141 1
310 391 0
310 255 0
310 686 0
310 679 1
452 310 0
452 621 1
452 415 1
2 310 0
3 310 1
7 310 1
9 310 1
9 541 1
541 310 1
11 106 0
11 310 1
11 369 0
11 119 1
106 310 0
369 106 1
369 310 0
369 119 0
12 209 1
12 310 1
12 487 1
12 420 1
209 310 1
209 487 0
209 420 1
487 310 1
14 310 1
17 310 0
18 310 1
19 310 1
19 370 1
370 310 1
20 310 1
22 310 0
23 310 1
23 358 0
358 310 1
24 20 1
24 91 1
24 310 0
24 123 1
91 310 1
91 391 1
91 471 1
26 310 1
28 310 1
28 783 1
783 310 1
29 310 1
30 310 1
31 310 1
32 310 0
34 107 1
34 440 0
107 440 1
440 310 1
35 25 1
35 310 1
36 310 1
37 40 1
40 310 1
38 101 1
38 191 1
101 191 0
101 310 1
39 747 1
747 310 0
41 310 0
42 310 1
43 310 1
47 310 0
48 141 1
48 310 0
48 770 1
770 141 1
49 241 1
49 310 1
49 618 1
49 742 0
241 310 0
241 618 1
241 742 1
51 310 1
53 310 1
55 310 1
56 310 1
58 310 0
58 504 1
504 310 1
59 310 0
61 310 1
62 310 1
63 310 1
64 310 1
65 310 1
66 407 0
66 712 1
407 712 0
67 131 1
67 592 0
67 310 1
131 310 1
592 131 1
592 310 1
68 310 0
73 310 0
74 310 0
75 310 1
77 189 1
77 310 1
77 397 1
189 397 1
82 253 1
82 310 1
82 324 1
253 324 1
324 310 0
83 310 1
84 145 0
84 310 1
145 310 0
85 310 0
85 619 1
86 310 1
86 736 1
736 310 0
736 230 1
87 310 1
87 762 0
762 310 1
89 62 1
89 137 1
89 310 1
89 223 1
137 62 0
137 223 1
90 310 1
92 310 1
93 310 1
94 310 1
95 310 1
96 310 1
100 310 1
102 310 1
104 723 1
108 411 1
108 491 1
411 310 1
411 491 1
491 310 1
110 375 0
110 620 0
375 310 1
620 310 1
620 375 0
620 141 1
111 310 1
112 109 1
112 310 1
112 690 1
690 109 1
690 310 1
113 310 0
116 310 1
118 25 1
118 35 0
118 310 1
119 58 1
119 289 1
119 310 1
119 504 1
289 310 1
289 422 1
120 310 1
122 310 1
122 373 0
122 616 1
616 373 0
123 283 1
124 194 1
124 310 1
194 310 0
194 352 1
126 310 1
128 310 1
129 310 1
130 310 1
132 372 1
132 769 1
372 310 1
372 769 0
769 310 1
133 54 1
133 272 1
272 54 1
272 310 0
134 310 1
135 194 1
135 352 1
138 310 0
140 220 0
142 310 0
143 230 0
143 546 1
230 310 1
546 230 1
546 310 1
146 310 0
147 310 0
149 310 0
149 670 1
149 751 1
670 310 1
751 670 1
151 267 0
151 310 1
151 767 0
767 267 1
152 310 1
153 310 1
154 591 1
154 610 1
591 310 1
591 610 1
158 88 1
158 627 0
88 647 0
627 88 1
627 310 1
627 647 0
159 310 1
159 395 1
395 310 1
160 310 0
161 310 1
163 310 1
163 586 1
163 447 0
586 310 1
586 447 1
164 310 0
165 512 1
165 628 1
628 512 1
166 310 1
169 310 0
170 244 0
170 310 1
170 183 0
244 310 1
244 183 1
171 310 1
171 481 1
171 590 0
171 482 1
481 482 1
590 310 1
590 481 0
173 310 1
174 310 1
174 377 1
174 744 0
377 744 1
744 310 1
175 310 0
176 310 1
177 310 0
178 310 1
179 310 1
180 85 0
180 619 1
181 310 1
181 422 1
183 142 1
185 310 0
185 314 0
185 672 0
185 798 1
314 310 1
314 629 1
672 310 1
672 314 1
672 798 1
186 310 0
187 181 1
188 310 0
190 310 1
192 310 1
193 65 1
195 310 1
196 310 1
197 395 1
198 310 1
201 310 1
202 263 1
202 310 1
202 433 1
202 667 1
263 310 0
433 263 1
433 310 1
433 667 1
204 310 0
205 310 1
206 86 1
206 310 0
206 736 1
207 310 0
210 251 0
251 310 0
211 310 1
212 310 1
213 310 1
214 310 1
215 310 0
216 142 1
216 183 1
216 310 1
216 391 1
217 310 1
218 310 0
223 310 1
223 374 1
223 529 1
374 529 0
529 310 1
225 310 1
227 310 1
229 310 1
231 310 1
232 310 1
232 434 1
233 310 1
234 310 1
236 310 1
237 310 0
238 310 1
243 310 1
245 310 1
246 523 1
246 655 1
523 310 1
655 310 1
655 523 1
248 102 1
248 310 0
248 531 1
531 102 1
531 310 1
250 344 1
250 593 0
344 593 1
593 310 1
254 310 1
254 441 0
441 310 0
441 686 1
256 310 1
256 320 0
256 499 1
256 197 1
256 703 1
256 286 1
320 310 1
320 197 1
320 703 1
320 286 1
499 310 0
499 320 1
257 310 1
260 780 0
261 310 0
262 602 1
262 663 1
602 310 1
602 663 1
264 310 0
265 310 0
265 675 1
265 679 1
675 310 1
266 310 0
268 310 1
268 421 1
268 662 1
421 310 1
421 662 1
662 310 1
269 310 1
270 310 1
275 310 1
276 310 1
277 310 1
277 410 1
278 104 0
278 310 1
278 723 0
284 310 1
287 310 1
288 210 1
288 251 0
288 310 0
292 432 1
432 310 1
293 310 1
295 310 1
296 310 1
298 310 1
301 310 1
304 310 0
308 310 1
309 310 1
309 498 0
309 700 1
498 700 1
700 310 1
431 310 1
311 310 0
311 385 1
311 555 0
555 385 1
313 310 1
629 310 1
315 310 0
317 310 1
317 489 1
317 779 1
317 107 1
489 310 0
489 779 1
489 107 0
318 310 0
319 310 1
321 310 1
322 310 1
322 482 1
322 514 1
482 310 0
482 514 1
323 255 0
325 310 0
326 265 1
326 310 0
326 679 1
328 310 0
329 310 1
329 378 1
378 310 1
378 621 1
330 310 1
331 310 1
331 691 1
691 310 1
332 310 1
333 310 0
334 310 1
335 310 1
336 310 1
338 310 1
339 310 0
340 310 1
341 310 1
342 310 1
343 310 1
343 564 0
345 243 0
345 310 1
346 310 1
347 310 0
347 662 1
347 85 0
348 310 0
349 310 1
350 76 0
353 310 0
354 310 1
357 310 1
360 310 1
361 310 1
363 310 1
364 310 1
365 310 1
366 310 1
367 310 0
368 292 0
368 432 1
371 119 0
371 310 1
379 310 1
380 510 1
380 516 1
516 310 1
516 510 1
381 310 1
382 310 1
382 378 1
382 584 1
584 310 1
584 378 0
584 621 1
383 330 1
383 661 1
661 310 1
661 330 1
384 1 1
384 310 1
384 452 1
384 621 1
386 621 1
386 648 1
386 310 1
621 310 1
648 310 1
648 621 1
387 310 1
389 310 1
390 310 1
391 310 1
391 396 0
391 455 1
396 310 1
396 255 1
455 310 1
455 396 1
393 561 1
561 310 1
394 310 1
398 310 1
399 310 0
400 290 1
400 654 1
400 686 1
290 686 0
654 290 0
654 310 1
401 399 1
401 183 1
401 23 1
402 310 0
402 422 1
402 456 0
402 23 1
422 310 0
422 456 0
456 310 1
456 23 1
403 310 0
404 310 0
405 310 1
406 310 1
408 310 1
409 310 1
413 310 1
414 76 1
414 350 1
415 310 1
415 582 1
415 761 1
761 582 1
418 310 0
420 172 1
420 310 1
420 488 1
488 172 1
423 310 0
424 310 1
425 310 1
426 310 1
427 399 1
427 401 1
427 183 1
427 23 0
429 310 0
430 310 1
435 310 1
436 310 1
437 310 1
439 441 1
439 492 0
492 310 1
492 441 1
442 310 0
443 310 1
443 600 1
600 310 1
444 255 1
444 323 1
446 653 1
653 310 1
447 310 0
447 699 0
699 310 1
699 634 1
699 681 1
450 319 1
451 23 1
451 310 1
451 358 1
453 310 1
454 310 1
457 310 1
458 300 1
458 310 1
458 480 1
480 300 1
480 310 1
459 310 0
460 310 1
461 224 0
462 706 1
462 728 1
706 310 1
706 62 1
728 310 1
728 706 1
728 62 1
463 310 1
464 310 0
465 393 1
465 561 1
466 475 1
475 310 0
467 438 1
468 310 1
469 243 1
469 345 1
470 139 0
470 566 0
566 139 1
471 310 1
471 319 1
471 450 1
472 515 0
473 310 0
474 310 1
477 310 1
478 310 0
478 693 0
693 278 1
479 310 1
484 310 1
485 224 1
485 461 1
486 310 1
493 310 1
494 310 1
495 310 1
496 310 1
500 310 1
501 310 1
502 72 1
502 742 0
502 250 1
72 250 1
742 72 1
503 310 1
505 310 1
505 670 1
505 485 0
506 310 1
507 310 1
507 533 1
507 565 1
533 565 0
508 39 1
508 310 1
508 747 1
509 140 1
509 220 1
511 310 1
517 310 0
518 310 1
520 310 0
521 310 1
522 310 0
524 310 1
525 310 1
527 310 1
528 343 1
528 564 1
530 0 0
530 776 1
0 183 1
776 0 0
776 310 1
776 183 1
537 392 1
539 96 1
539 310 1
539 312 0
539 422 1
540 310 1
542 466 1
542 475 1
543 310 0
544 310 1
545 310 1
548 310 1
550 310 0
552 310 1
556 310 1
556 533 1
558 310 1
560 310 0
562 19 1
562 310 0
562 370 1
564 24 1
564 91 1
564 310 0
564 391 1
564 123 1
564 471 1
567 343 0
567 528 1
568 310 0
569 310 1
573 310 1
574 310 0
575 310 1
578 310 1
583 310 1
587 310 1
588 304 1
588 310 1
588 709 1
709 304 1
589 310 1
594 310 0
594 327 1
595 310 1
596 310 1
597 310 0
597 347 1
597 756 1
597 662 1
756 310 1
756 347 1
756 85 1
599 310 1
601 310 1
605 310 1
606 310 1
607 310 0
608 310 0
612 310 1
613 310 1
614 310 1
624 310 1
625 123 1
625 283 1
626 197 1
626 310 1
626 395 1
630 310 1
631 310 1
632 478 1
632 693 1
632 278 1
634 310 0
634 681 1
681 310 1
636 310 1
639 310 0
641 310 1
642 310 1
643 310 1
643 431 1
644 310 0
646 310 0
647 232 1
647 434 1
649 310 1
651 310 1
652 310 1
652 366 1
652 655 1
656 310 1
657 299 1
657 310 1
657 765 1
657 253 0
299 253 1
765 299 1
658 237 1
658 310 1
659 310 1
660 268 1
660 310 1
665 242 1
665 798 1
665 85 0
242 85 1
798 242 0
798 310 1
666 438 1
666 467 0
667 310 0
667 472 1
667 515 1
669 310 1
669 556 1
669 533 1
673 310 1
674 310 1
674 505 1
674 485 1
676 446 0
676 653 1
677 310 1
678 310 1
680 310 1
682 37 1
682 40 1
683 310 1
684 310 0
685 365 0
685 753 1
753 310 0
753 365 1
686 310 1
686 744 1
686 781 1
781 310 1
688 310 1
692 310 0
697 310 1
698 310 0
698 408 1
701 310 1
702 310 0
703 129 0
703 310 1
703 758 1
758 129 1
707 310 1
708 310 1
710 310 1
711 310 1
713 310 1
715 65 0
715 193 1
718 310 1
720 310 1
721 310 0
722 310 0
724 310 1
725 277 1
725 310 0
725 410 1
726 9 1
726 310 0
726 541 1
727 181 1
727 187 1
727 310 1
730 310 1
732 310 1
732 327 1
732 594 0
733 310 1
734 170 1
734 244 0
734 310 1
735 87 1
735 310 1
735 762 1
737 310 0
738 310 1
738 312 0
738 539 1
738 422 1
740 310 0
746 392 0
746 537 0
748 310 1
752 260 1
752 780 1
754 85 1
754 310 1
757 310 1
760 310 1
763 310 1
764 310 0
768 505 1
768 674 0
768 670 1
771 310 1
772 310 1
773 310 0
774 310 1
775 310 1
777 310 1
778 310 1
782 310 1
785 310 0
786 310 1
787 310 1
789 237 1
789 658 1
790 310 1
793 310 0
795 310 1
796 310 1
797 310 1
799 310 0
