0 455 0
455 396 0
455 699 0
455 647 0
455 241 1
455 482 0
455 382 1
1 120 1
1 452 0
1 455 0
120 455 1
452 455 0
452 399 0
2 455 0
3 455 0
4 455 0
5 455 0
7 455 0
9 455 1
11 106 1
11 369 0
11 455 0
369 106 1
369 455 0
12 455 0
13 455 0
14 455 0
19 370 0
370 455 0
20 455 0
22 455 0
23 358 0
358 455 0
358 727 0
24 91 1
91 455 0
26 455 0
28 455 0
30 455 0
34 107 0
34 440 1
107 440 0
440 455 0
35 25 1
35 455 0
36 455 0
38 101 1
38 191 0
38 455 0
101 191 0
191 455 1
39 455 0
39 747 0
747 455 0
40 455 1
41 455 0
42 455 0
43 455 0
44 455 0
47 455 1
48 141 0
48 455 0
48 770 1
770 141 0
49 241 0
49 455 0
49 618 0
241 85 1
241 455 0
241 618 0
618 455 1
53 455 0
54 455 1
55 455 0
56 455 1
58 455 0
58 504 0
504 455 1
61 455 0
62 455 0
62 654 0
63 455 0
65 455 1
66 455 0
67 131 0
67 455 0
67 592 0
131 455 1
592 131 0
69 455 0
71 455 0
73 455 0
75 455 0
76 455 0
76 789 0
77 189 0
77 397 1
77 455 0
77 733 1
77 119 1
189 397 1
397 455 1
397 119 0
733 455 0
78 230 0
78 455 0
230 455 0
79 455 0
82 253 0
82 324 0
82 455 1
253 324 0
253 455 0
324 455 0
84 455 0
85 455 1
85 619 0
86 455 0
86 736 0
86 263 0
736 455 1
736 263 0
87 455 0
87 762 0
762 455 0
88 455 1
88 452 0
88 727 0
89 62 0
89 137 0
89 455 1
89 654 0
137 62 1
137 452 0
137 455 1
137 399 0
90 455 0
92 455 0
93 455 0
94 455 0
96 455 1
98 455 1
98 700 0
98 727 0
700 455 0
700 399 0
700 727 0
100 455 0
104 455 0
104 723 1
105 455 0
108 411 1
108 455 0
108 491 0
108 606 1
108 510 0
411 491 1
491 455 0
491 510 0
606 455 0
109 455 0
110 375 1
110 620 0
375 455 0
620 375 0
620 455 0
111 455 0
112 109 0
112 455 0
112 690 0
690 109 0
690 455 0
113 455 0
114 455 0
115 455 0
115 737 0
737 455 0
116 455 0
117 455 1
118 25 0
118 35 0
118 455 0
119 58 0
119 455 0
119 504 0
122 373 0
122 616 0
616 373 0
123 283 0
124 339 0
124 455 0
124 223 0
339 455 1
339 223 0
126 455 0
129 170 0
129 455 0
170 455 0
130 455 0
132 372 0
132 455 0
132 769 0
132 709 0
372 455 1
372 769 0
372 709 0
372 530 1
769 455 0
133 54 0
133 272 0
272 54 1
272 455 0
134 455 0
135 194 1
135 352 0
194 352 0
194 455 0
138 455 0
140 220 1
140 455 0
142 455 0
143 230 0
143 455 0
143 546 0
546 230 0
546 308 1
546 455 1
145 455 0
147 455 1
148 455 0
149 455 0
151 267 0
151 455 0
151 767 0
267 455 0
767 267 0
767 455 0
153 455 1
154 591 0
154 610 0
154 263 0
591 455 0
591 610 0
610 455 0
610 263 0
155 455 0
158 88 0
158 455 0
158 627 0
158 727 0
627 88 0
627 455 0
627 452 0
159 455 1
161 455 0
162 455 0
163 455 0
164 455 0
165 455 0
165 512 0
165 628 1
512 455 1
628 455 0
628 512 1
628 596 0
166 455 0
169 455 0
171 455 0
171 481 0
171 590 0
481 455 0
590 455 1
590 481 0
174 377 0
174 744 1
377 455 1
377 744 0
377 561 0
744 455 0
744 561 0
175 455 1
176 455 0
179 455 0
180 85 0
180 619 0
181 455 0
183 142 0
185 314 0
185 455 0
185 672 0
314 455 0
314 471 0
672 314 0
186 455 1
187 181 0
187 455 0
187 657 0
657 299 0
657 455 0
657 765 0
657 391 0
188 455 0
192 455 0
193 65 0
193 455 0
196 455 0
197 395 0
197 455 0
199 455 0
202 263 0
202 433 0
202 455 0
202 382 0
263 455 0
433 263 0
433 455 0
203 455 1
205 455 0
206 86 0
206 455 1
206 736 1
207 455 0
209 455 0
210 251 0
211 455 0
212 455 0
215 455 0
216 142 1
216 183 0
218 455 0
219 455 0
223 374 1
223 455 1
223 529 0
374 455 1
374 529 0
529 455 0
225 455 0
227 455 0
228 455 0
229 455 0
232 434 0
434 455 1
233 455 0
235 455 0
236 455 0
237 455 1
238 455 1
242 455 0
242 508 0
508 39 0
508 455 0
508 747 0
243 455 0
244 455 0
245 455 0
245 657 1
246 455 0
246 523 1
246 655 0
246 647 0
246 482 0
523 455 0
655 455 0
655 523 1
247 455 1
248 102 0
248 455 0
248 531 1
531 102 0
531 455 1
250 455 1
255 455 0
256 320 1
256 455 0
256 499 0
320 455 0
499 320 0
499 455 0
257 455 0
258 455 0
259 455 0
260 455 0
261 455 0
262 455 0
262 602 0
262 663 0
602 455 1
602 663 0
663 455 0
264 455 0
265 679 0
679 455 0
266 455 0
268 421 0
268 455 0
268 662 1
421 455 0
421 662 0
269 455 0
270 455 0
271 455 0
275 455 1
277 410 1
410 455 1
278 104 0
278 455 0
278 723 1
281 455 0
284 455 0
285 455 0
286 455 0
287 455 0
288 210 0
288 251 0
288 455 0
289 455 0
290 455 0
292 432 0
292 455 0
292 530 1
293 455 0
294 455 0
296 455 0
298 455 0
301 455 0
302 455 0
303 455 0
304 455 0
305 455 0
308 455 0
309 455 0
309 498 0
309 700 0
498 700 0
498 399 0
310 455 0
311 385 0
311 455 0
311 555 0
385 455 0
555 385 0
555 455 0
312 455 0
313 266 1
313 455 0
471 319 0
471 450 1
471 455 0
315 455 0
316 455 0
317 455 0
317 489 0
317 779 0
489 779 1
779 455 0
319 455 1
321 455 0
322 482 0
322 514 1
322 85 0
482 455 0
482 514 0
514 455 0
514 85 0
323 255 0
323 455 0
326 265 0
326 455 0
326 679 0
326 699 1
327 455 0
330 455 0
331 455 0
332 455 0
333 455 0
334 455 0
335 455 0
336 455 0
337 372 0
337 455 0
337 530 0
338 455 0
341 455 1
342 455 0
345 243 0
345 455 1
346 455 0
347 455 0
347 391 0
348 455 0
349 455 0
350 76 0
350 455 0
350 789 0
351 455 0
353 455 1
354 455 0
356 455 1
357 455 0
359 455 0
360 455 0
361 455 0
362 455 0
363 455 0
364 455 0
365 455 1
366 455 1
368 292 1
368 432 0
368 455 0
368 530 1
378 309 0
378 455 1
379 455 0
380 510 0
380 516 0
380 87 0
516 455 0
516 510 0
516 87 0
381 455 0
382 378 0
382 584 0
584 378 0
584 455 0
383 455 0
384 1 0
384 452 0
384 455 0
386 455 0
386 621 0
386 648 0
386 62 0
621 455 0
648 455 1
648 621 0
648 62 0
387 455 1
390 455 0
391 396 0
391 455 0
396 455 0
393 455 1
393 561 0
561 455 0
398 455 0
399 455 0
400 290 1
400 654 0
654 290 0
654 455 0
401 399 0
401 455 0
402 422 0
402 455 1
402 456 0
422 455 0
422 456 0
404 455 0
405 455 0
407 455 0
408 455 0
414 76 0
414 350 0
414 455 0
415 455 1
415 582 0
415 761 0
761 582 1
417 455 0
418 455 0
419 455 0
420 172 0
420 455 0
420 488 1
488 172 0
423 455 0
424 455 0
425 455 0
426 455 0
427 399 0
427 401 0
430 455 0
431 455 0
436 455 0
439 441 0
439 492 0
492 441 0
492 455 0
443 455 0
444 255 0
444 323 0
444 455 1
444 241 0
445 455 0
446 455 1
446 653 0
446 778 1
446 375 0
653 455 0
653 539 0
778 455 0
447 455 0
450 319 1
451 23 0
451 358 0
451 455 0
451 727 0
453 455 0
454 455 0
457 455 0
458 300 0
458 455 0
458 480 1
480 300 0
480 455 0
459 455 0
460 455 0
461 224 0
464 455 0
465 393 0
465 455 0
465 561 0
466 475 0
475 455 0
467 438 0
467 165 0
468 455 0
469 243 0
469 345 0
469 455 1
470 139 0
470 566 0
566 139 0
566 455 0
472 96 0
472 455 0
472 515 0
515 455 0
476 455 0
477 455 1
478 455 0
478 693 0
479 455 1
484 41 0
484 455 0
485 224 0
485 455 0
485 461 0
486 455 1
487 455 0
490 455 0
493 455 0
494 455 0
495 455 0
496 455 0
500 455 0
501 455 0
502 72 1
502 455 0
502 742 0
72 455 0
742 72 0
742 455 0
503 455 0
505 455 0
506 455 0
507 455 0
507 533 0
507 565 0
533 565 0
565 455 0
509 140 0
509 220 0
509 455 0
511 455 0
517 455 0
520 455 0
521 455 0
522 455 0
524 455 0
525 455 0
528 343 1
528 455 0
530 0 0
530 776 0
776 0 0
532 455 0
536 455 0
537 392 0
539 312 0
540 455 0
541 455 0
542 466 1
542 475 0
543 455 0
544 455 0
545 455 0
547 455 0
548 455 1
552 455 0
553 455 1
556 455 0
557 455 0
560 455 0
562 19 0
562 370 0
562 455 0
564 24 1
564 91 0
564 455 0
567 343 0
567 455 0
567 528 0
568 455 0
568 524 1
570 455 0
571 455 0
575 455 1
576 455 0
577 455 0
585 455 1
586 455 1
587 455 0
588 304 0
588 455 1
588 709 0
709 304 0
709 455 0
593 455 1
594 327 0
594 455 0
594 730 1
594 151 0
594 253 0
730 455 0
730 151 0
595 149 1
595 455 0
596 455 0
597 347 0
597 455 1
597 756 0
597 391 0
756 347 0
756 455 1
598 455 0
599 455 1
600 124 1
600 455 0
601 455 0
604 455 0
605 455 1
607 455 0
608 455 0
609 455 0
609 692 0
692 455 0
613 455 0
614 455 0
615 455 0
617 455 1
622 455 0
624 455 0
625 123 0
625 283 0
626 197 0
626 395 1
629 455 0
631 366 0
631 455 0
632 478 0
632 693 1
634 455 1
634 681 1
635 455 0
636 455 0
637 455 0
638 455 0
639 455 0
640 455 0
640 458 0
642 455 0
643 455 1
644 455 0
647 232 0
647 434 0
647 455 0
649 455 0
651 455 0
652 455 0
765 299 0
765 455 0
765 391 0
658 237 0
658 455 0
660 455 1
665 242 0
665 798 0
798 242 0
798 455 1
666 438 0
666 467 0
666 165 0
667 472 1
667 515 1
668 455 0
670 455 0
671 455 0
673 455 0
674 455 0
674 505 1
676 446 0
676 455 0
676 653 0
676 539 0
676 375 0
680 455 0
682 455 0
683 455 1
684 455 0
685 365 0
685 455 0
685 753 0
753 365 0
686 455 1
688 455 0
697 455 0
698 455 0
699 455 0
699 634 0
699 681 0
701 455 0
702 455 0
703 129 0
703 455 0
703 758 0
758 129 0
706 455 0
707 455 0
715 65 0
715 193 0
716 455 1
717 455 0
718 455 0
721 455 0
722 455 1
724 455 0
725 277 1
725 410 0
726 455 0
727 181 0
727 187 0
727 455 0
728 455 1
732 327 1
732 455 0
732 594 0
732 253 0
734 455 0
735 87 0
735 762 0
738 312 0
738 539 0
741 455 0
743 455 0
743 556 0
745 455 0
746 392 0
746 537 0
748 455 0
750 455 0
757 455 0
760 455 0
763 455 0
766 455 0
768 455 0
768 505 1
768 674 0
771 455 1
772 455 0
773 455 0
774 455 0
775 455 0
777 455 0
781 455 0
782 63 0
782 455 1
783 455 0
785 455 0
786 455 0
787 455 0
789 237 0
789 455 0
789 658 0
791 455 0
793 444 1
793 455 0
795 455 1
796 455 0
797 455 0
799 455 0
