0 2 0
0 55 1
0 47 1
2 55 1
1 55 0
55 0 0
55 126 1
55 31 0
55 147 1
55 47 0
55 159 0
3 55 1
4 55 0
5 55 1
6 55 0
6 126 1
6 31 1
6 147 1
7 28 0
28 55 1
8 55 1
11 55 1
12 6 0
13 55 0
14 21 0
14 55 0
14 39 0
21 55 1
15 187 1
187 55 0
16 7 1
17 55 0
18 55 1
19 2 1
19 31 0
20 6 1
20 47 0
20 55 1
20 31 1
20 126 0
20 147 1
47 6 1
47 55 0
22 55 0
23 55 0
24 55 0
25 159 1
159 0 1
159 55 0
26 55 0
27 55 0
29 55 0
30 183 0
183 55 1
31 39 0
31 55 1
31 100 1
39 55 0
39 100 1
39 31 0
100 55 0
100 31 0
100 159 0
32 55 1
33 55 0
34 55 1
36 143 1
143 55 1
37 55 0
40 55 0
41 118 1
118 55 0
42 55 1
43 55 1
44 55 1
44 139 0
44 47 1
44 53 0
44 126 0
44 31 1
139 55 1
139 53 1
139 126 1
45 55 0
45 78 0
45 192 1
45 31 1
78 55 1
78 192 1
78 31 0
46 55 0
51 8 0
52 55 0
53 19 1
53 55 0
53 74 0
74 19 0
74 55 1
74 31 1
54 55 1
56 55 1
57 73 0
73 46 1
59 33 0
60 55 1
61 55 0
62 43 0
64 55 1
65 55 1
66 79 1
79 61 1
67 55 1
68 55 1
69 55 0
70 55 0
71 55 0
75 44 1
75 55 0
75 139 1
75 47 1
75 31 0
77 55 0
80 55 1
81 34 0
83 55 0
84 55 1
85 55 1
86 119 1
119 55 0
88 55 0
90 0 1
91 57 0
92 55 1
93 55 0
94 55 0
95 147 1
147 161 1
96 55 0
97 143 1
98 55 0
99 8 0
101 157 0
157 147 0
102 55 1
103 55 1
104 55 0
105 55 0
106 55 0
107 55 0
108 68 0
109 33 0
110 55 1
111 55 0
112 55 0
113 55 1
114 55 1
115 55 0
116 55 0
120 78 0
121 134 0
121 136 1
121 166 0
121 55 0
134 55 1
134 166 0
134 126 1
134 53 0
136 14 1
136 21 1
136 55 1
136 39 1
166 55 0
166 126 1
166 53 1
122 55 0
123 147 1
124 8 0
125 55 0
126 45 1
126 78 0
127 29 0
128 88 0
129 55 0
130 55 0
132 55 1
133 55 0
135 55 1
137 141 1
141 55 0
138 79 1
142 55 1
144 134 0
146 8 1
161 55 1
148 34 0
150 55 0
153 55 0
154 55 0
155 55 1
156 118 1
158 55 1
160 192 1
160 147 1
160 159 0
160 39 1
192 155 0
162 55 1
162 147 0
162 176 1
162 47 0
162 14 0
162 192 0
176 55 1
176 147 0
176 47 1
176 14 1
176 192 0
163 55 1
164 14 1
165 55 1
168 55 0
169 55 1
170 23 1
171 55 1
171 160 0
171 192 1
171 147 1
171 159 1
171 39 1
172 29 0
173 55 0
174 55 1
175 55 0
177 8 1
178 55 1
179 55 0
180 55 1
181 55 0
182 55 0
184 55 1
185 55 1
186 55 0
188 55 0
190 40 1
191 55 0
195 55 0
196 8 0
197 40 1
198 55 0
199 55 0
