0 26 1
26 178 0
26 175 0
26 181 0
26 52 0
26 133 1
26 135 0
26 142 1
26 111 1
26 12 1
26 100 0
26 39 0
26 197 1
26 191 1
26 15 1
26 159 0
26 92 0
26 180 1
26 55 0
26 54 1
26 4 0
26 187 0
26 115 0
26 47 0
26 46 1
26 86 1
26 28 1
26 23 1
26 171 1
26 117 1
26 19 0
26 14 0
26 190 1
1 4 1
1 13 0
1 26 0
1 117 0
1 180 0
4 26 0
4 90 1
13 26 0
117 26 0
117 39 0
117 47 1
117 190 1
2 26 1
3 26 0
3 28 0
3 85 0
3 121 1
3 181 0
3 197 0
3 135 0
28 26 0
28 99 1
28 46 0
85 26 0
181 26 1
181 59 1
181 87 1
181 121 0
90 26 0
90 32 0
90 51 0
90 178 1
90 181 0
90 52 0
90 54 1
90 133 1
90 85 0
90 159 0
5 26 1
8 26 0
8 39 1
8 159 0
9 26 0
9 61 0
61 26 0
11 26 1
11 89 1
11 109 0
89 26 1
89 74 1
89 176 0
109 26 0
12 26 1
14 2 0
14 26 1
15 26 1
15 109 0
15 197 1
197 26 0
197 90 0
197 104 0
197 12 1
16 19 1
16 26 0
16 51 1
19 26 1
19 142 1
19 14 1
17 0 1
17 26 1
18 26 0
142 26 0
20 26 0
20 152 1
152 26 1
152 171 0
21 26 0
21 77 0
21 101 1
21 117 1
21 149 0
101 26 0
101 142 1
101 55 0
101 28 0
149 26 1
149 77 1
23 26 1
24 26 1
25 26 1
25 78 0
25 131 1
25 4 0
25 157 1
78 26 1
78 131 0
131 26 0
131 47 0
131 52 0
131 55 1
131 4 0
131 157 1
131 19 1
178 26 1
178 191 1
178 133 1
178 159 1
178 117 1
27 100 1
27 185 0
100 26 1
185 19 1
185 26 1
185 100 1
99 26 0
30 26 1
30 111 1
33 26 1
33 100 0
33 162 1
162 23 1
162 26 1
162 187 1
35 11 0
35 12 1
35 26 1
35 159 0
159 26 0
159 45 0
159 57 1
39 26 1
40 26 1
40 28 0
40 115 1
40 197 1
41 26 0
41 81 1
81 26 0
42 26 0
42 39 1
42 184 1
184 26 0
43 26 1
44 26 1
45 26 0
45 57 1
45 100 0
45 116 0
45 85 0
57 26 0
57 116 0
57 85 1
46 26 1
46 120 1
120 8 1
120 26 1
120 54 1
120 178 1
120 133 1
120 15 0
120 39 1
120 159 0
47 19 1
47 26 0
47 90 1
48 11 1
48 26 1
48 76 1
48 111 1
76 26 1
111 26 1
49 26 0
49 100 1
50 26 1
50 52 0
50 182 0
52 26 0
182 26 0
182 104 1
51 26 0
51 32 1
32 85 0
54 11 1
54 26 1
54 189 0
189 26 0
55 26 1
55 28 0
55 163 1
55 135 1
163 26 0
58 10 1
58 180 1
58 21 0
58 85 1
10 21 1
10 85 1
180 10 0
59 26 0
59 4 0
60 26 1
63 26 0
63 61 1
63 100 1
63 187 0
187 26 0
65 26 1
65 100 1
66 11 0
66 116 1
66 125 0
66 166 1
116 11 1
116 26 1
116 175 0
125 11 1
125 14 0
125 70 0
125 98 1
166 26 0
166 100 0
166 162 1
69 26 0
70 26 1
70 111 1
70 196 0
196 26 1
196 39 0
196 171 0
71 26 1
71 158 1
158 26 1
72 26 0
73 26 0
73 153 0
73 184 1
153 26 0
74 26 1
75 26 1
80 26 1
80 187 1
82 26 0
82 104 0
82 76 0
82 133 0
104 26 0
104 175 1
104 76 1
83 26 0
84 197 1
86 26 0
86 153 0
86 175 0
86 159 1
175 26 0
175 57 1
175 129 0
87 26 1
87 117 1
88 26 0
88 178 0
88 196 1
176 26 0
176 45 1
176 151 1
176 191 0
91 26 1
92 26 0
92 178 0
94 26 1
94 133 0
133 0 0
133 26 0
133 33 1
133 122 1
95 26 0
95 55 0
96 61 0
96 133 1
98 26 1
98 175 0
102 18 0
102 26 1
102 49 0
102 87 1
102 197 0
103 26 0
105 118 1
105 135 1
135 26 0
135 118 0
106 26 1
107 26 1
110 26 1
110 101 0
110 193 1
193 26 1
193 48 1
193 111 1
112 26 1
114 26 1
114 55 0
114 61 1
114 191 1
114 52 1
114 51 0
191 26 0
115 26 1
115 178 1
119 1 1
119 4 0
122 26 1
122 101 0
122 23 1
123 64 1
123 71 1
64 71 0
124 26 0
124 85 1
124 197 0
124 92 0
127 124 0
127 140 0
140 26 0
140 124 1
129 16 0
129 26 0
129 161 0
161 16 0
161 26 1
161 90 0
161 197 1
161 51 1
130 26 1
130 30 0
132 26 0
137 61 1
137 96 1
137 133 1
138 8 1
138 26 1
138 43 1
138 159 1
139 26 0
139 39 0
139 52 0
141 26 0
143 26 0
143 30 1
145 26 0
145 187 0
146 26 0
147 26 0
147 47 0
147 54 1
147 86 0
148 26 0
148 182 1
150 26 0
150 66 0
150 92 0
150 172 0
150 197 0
172 66 1
151 26 1
155 26 0
156 26 0
157 26 1
157 28 0
157 60 0
164 64 1
164 123 0
165 26 0
168 26 1
170 26 0
170 85 1
171 26 0
171 82 0
171 178 0
173 26 1
173 49 1
173 55 1
173 114 1
173 52 1
173 197 0
173 51 0
174 5 1
174 26 0
174 80 0
177 84 1
177 197 0
179 26 1
186 26 1
188 26 0
190 26 1
190 90 1
190 104 1
195 26 1
195 184 0
