0 186 0
0 294 0
0 37 1
0 44 0
186 392 0
186 294 0
186 239 0
186 199 0
186 37 0
186 159 0
186 195 1
186 270 0
186 133 0
186 61 0
186 2 0
186 334 0
186 60 0
186 219 0
186 189 0
186 229 0
186 53 0
186 335 1
186 122 0
186 47 0
186 255 0
186 103 1
186 94 0
186 44 0
186 372 0
1 186 1
2 186 1
2 286 0
2 352 0
2 61 1
352 186 1
352 286 0
352 61 0
4 132 0
4 186 1
5 186 0
6 186 0
7 186 0
8 186 0
9 186 0
10 186 0
12 186 0
13 186 1
14 21 1
14 186 0
21 47 1
15 186 1
17 201 0
201 186 0
19 186 1
22 186 0
23 186 1
24 186 0
29 25 1
29 186 0
29 316 0
316 25 0
316 186 0
30 186 0
31 186 0
33 186 1
35 60 1
35 363 1
35 205 0
60 186 0
363 60 0
363 186 0
363 205 1
363 335 1
36 332 0
332 186 0
37 186 1
39 300 0
39 362 0
39 195 0
300 186 0
300 362 0
300 195 0
40 122 1
40 186 0
42 186 0
43 186 0
44 186 0
44 339 0
339 186 0
339 2 1
339 189 0
45 186 1
47 186 0
47 206 1
206 186 1
206 60 0
48 186 1
49 37 0
49 284 0
49 103 0
49 53 0
284 37 1
284 201 1
284 103 0
284 53 0
51 186 0
53 186 0
53 219 0
53 274 0
219 186 0
219 53 0
274 186 0
274 219 0
274 159 0
54 186 1
55 186 0
56 186 0
57 186 1
57 392 0
57 334 0
392 334 0
58 186 0
59 186 0
61 186 1
61 280 0
280 186 0
280 199 0
280 133 0
280 270 1
62 186 0
64 186 0
66 186 0
67 186 1
68 186 0
69 186 1
70 186 0
71 186 0
72 186 0
73 186 0
74 186 0
75 44 0
75 186 0
75 339 0
75 239 0
75 94 1
76 186 0
79 186 0
80 186 0
81 188 0
81 229 0
81 291 1
188 186 0
188 229 0
188 291 0
229 186 1
83 99 0
83 205 0
83 270 0
83 294 0
99 205 1
99 270 0
99 294 0
84 186 0
85 186 0
87 186 0
88 186 1
89 186 0
91 186 1
93 223 0
223 186 1
94 83 0
94 99 1
94 186 0
95 186 0
96 186 0
97 186 0
97 242 0
97 231 0
242 231 1
100 133 0
100 186 0
100 187 0
100 206 0
100 192 0
133 187 0
187 186 1
187 229 1
187 206 0
187 192 0
102 186 0
102 270 1
102 324 0
270 186 0
270 324 0
103 186 0
104 186 1
104 335 0
104 106 1
104 334 0
104 60 0
335 186 1
105 186 0
106 186 0
106 202 0
202 186 0
202 47 0
108 186 0
110 186 0
112 186 0
113 186 1
114 186 0
115 186 1
116 186 0
117 186 0
119 106 1
119 202 0
120 186 0
121 186 0
123 186 0
124 104 0
124 186 1
124 335 0
124 106 1
125 31 0
126 245 0
126 278 0
245 278 0
278 186 0
130 46 1
130 354 0
354 46 1
354 186 1
131 186 0
134 186 0
135 186 0
137 186 0
138 186 0
139 186 0
141 186 0
142 186 0
143 186 0
145 186 0
146 186 0
148 186 0
149 186 0
150 186 1
151 186 0
153 186 0
154 178 0
154 186 1
154 308 0
308 178 0
155 186 0
156 186 0
157 186 1
158 186 0
159 0 1
159 186 0
159 255 0
255 0 1
255 186 0
160 192 1
160 205 0
163 186 0
165 186 0
167 186 1
168 186 0
169 186 0
170 186 0
171 160 0
171 192 0
171 205 0
172 186 0
173 186 0
174 186 0
175 186 1
176 76 0
177 186 0
179 186 0
179 189 1
180 186 0
181 186 1
183 186 0
184 186 0
185 82 0
185 186 0
185 286 0
82 286 0
190 186 0
191 186 0
193 186 0
195 186 0
195 291 0
195 29 1
195 75 0
291 186 0
291 195 1
196 186 1
196 199 0
196 377 1
196 219 1
196 103 0
199 186 0
199 377 0
377 165 1
377 219 0
197 186 0
198 186 0
203 97 0
203 242 0
204 186 0
205 186 0
205 388 0
205 397 0
388 186 0
388 397 0
388 372 0
207 186 1
207 208 0
207 247 1
208 186 0
208 247 0
208 37 0
247 186 0
247 270 0
247 47 0
247 37 0
210 186 0
212 186 0
213 186 0
215 186 0
216 186 0
217 186 0
217 195 0
217 291 0
217 29 1
217 75 1
218 186 0
220 47 1
220 186 0
220 206 0
221 103 0
222 186 0
225 186 0
226 186 1
227 186 0
227 294 1
227 159 0
294 186 0
228 186 0
230 186 0
231 39 0
231 300 0
234 186 0
235 186 0
236 186 0
237 186 0
239 4 0
239 132 0
239 186 1
240 186 0
241 186 1
243 186 0
244 186 0
248 186 0
249 186 1
250 159 0
250 29 0
251 186 0
252 186 0
258 186 0
259 125 0
260 186 0
261 186 1
262 186 0
263 202 1
264 186 0
265 186 0
266 186 0
268 186 0
269 179 0
269 186 0
269 189 1
271 186 0
272 186 0
275 186 1
279 186 1
281 186 1
282 186 0
283 186 0
285 250 0
285 29 1
287 186 0
289 186 0
292 186 1
295 186 0
297 186 0
298 186 0
299 186 0
301 186 0
302 186 0
302 315 0
315 186 0
315 255 0
303 186 1
303 250 0
303 285 0
304 186 0
305 186 0
305 227 0
305 294 0
305 159 0
307 186 0
309 186 0
310 125 0
310 186 0
310 259 0
312 186 0
313 186 0
317 186 1
318 136 1
318 186 0
318 331 1
136 147 0
331 136 0
331 147 0
319 186 0
320 186 0
321 186 1
321 334 0
321 366 0
321 103 0
334 186 0
334 366 0
366 186 0
323 186 0
326 186 0
327 186 0
328 186 0
330 186 1
336 14 0
336 21 0
336 186 0
336 122 0
336 47 0
337 186 0
340 186 0
341 186 1
343 186 0
344 40 1
344 122 1
344 186 0
344 159 0
346 186 0
347 186 0
348 186 0
349 186 0
350 82 1
350 185 0
351 186 0
353 186 0
355 186 0
357 186 0
358 186 0
359 186 0
360 186 0
361 186 0
362 147 0
362 186 1
362 376 0
362 239 0
376 147 0
376 186 1
376 61 1
376 239 1
364 186 0
365 186 0
367 186 1
368 186 1
369 186 0
372 61 0
372 186 0
372 280 0
372 133 0
373 186 1
374 186 0
378 186 1
379 186 0
379 302 1
379 315 0
379 270 1
380 186 0
382 186 0
384 103 0
384 186 1
384 221 0
384 294 1
384 60 1
385 186 0
386 186 0
387 186 1
389 186 0
390 186 0
391 186 0
393 186 0
394 186 0
395 186 0
396 186 0
