0 359 0
0 382 1
359 146 0
359 381 1
359 719 0
359 199 0
1 359 0
1 688 1
688 359 0
2 518 1
2 772 1
518 359 0
518 772 0
772 359 1
3 359 0
4 359 0
7 359 0
8 359 0
9 437 1
13 158 0
13 481 0
481 158 0
14 107 0
14 359 0
14 631 0
107 359 0
107 631 0
15 359 0
16 7 0
16 15 0
16 359 0
17 359 0
17 682 0
682 0 1
682 359 1
682 382 0
18 351 1
18 649 0
649 351 0
649 359 0
649 182 0
19 359 0
21 359 0
23 359 0
24 204 0
24 359 0
24 799 0
25 359 1
26 49 1
26 131 0
26 359 0
49 131 0
131 359 0
27 167 0
27 359 0
28 359 0
29 359 0
29 616 0
31 411 0
32 359 0
32 376 0
376 359 0
34 359 0
35 260 0
35 273 1
35 359 0
35 414 0
35 183 0
260 359 0
260 597 0
260 780 0
260 183 0
260 734 0
273 359 0
414 273 0
36 359 0
37 200 0
200 359 1
38 359 1
38 659 1
40 478 0
40 594 0
478 594 0
42 359 1
45 359 0
48 301 0
48 359 0
48 716 0
301 359 1
301 716 0
716 359 0
52 114 1
52 731 0
114 359 0
114 731 0
731 359 0
53 359 1
54 105 0
54 359 1
105 359 0
55 359 0
56 359 0
57 359 0
58 69 1
58 102 1
69 102 0
102 359 1
59 359 0
59 31 0
60 336 1
60 359 0
336 87 1
336 359 0
61 105 0
62 359 0
62 401 0
62 612 1
401 359 0
401 612 0
612 359 0
64 315 0
64 728 0
64 359 0
315 359 0
315 728 0
65 359 0
67 359 0
67 160 0
71 359 0
73 359 0
74 359 1
75 359 0
76 177 0
76 319 0
76 359 0
177 359 0
319 177 0
77 359 1
81 359 0
82 359 1
83 359 0
84 359 1
85 359 0
87 359 1
89 359 0
90 359 0
92 359 0
94 59 0
95 359 1
96 97 0
96 160 0
96 359 0
97 359 0
160 97 0
98 315 1
98 359 0
99 325 0
99 359 0
99 327 0
325 359 0
325 239 0
100 359 0
101 359 0
101 459 0
103 359 0
106 30 0
106 328 0
328 30 0
110 359 0
111 352 0
111 429 0
352 359 0
352 527 0
429 352 0
429 359 0
429 527 0
112 359 0
113 206 0
116 359 0
116 542 0
116 786 0
786 359 0
786 542 0
117 359 0
118 295 0
118 359 0
118 500 0
295 359 0
500 295 0
500 359 0
500 199 0
119 359 0
120 169 0
120 359 0
169 359 0
121 359 1
123 359 0
127 359 1
130 359 1
130 586 0
130 749 0
749 359 0
749 586 1
132 359 1
133 359 1
137 359 0
138 227 0
138 359 1
227 359 0
140 359 0
140 377 1
377 359 1
141 359 0
142 359 0
143 359 0
145 259 1
145 359 0
145 446 1
259 446 0
146 359 0
147 359 0
149 146 0
149 359 0
150 359 0
150 501 0
150 728 0
501 359 0
501 728 0
151 284 0
284 359 1
284 747 1
284 15 0
153 359 0
154 38 0
154 659 0
155 359 0
161 708 1
162 359 0
162 547 0
547 210 0
547 359 0
163 349 0
163 359 0
163 753 0
349 753 0
753 359 0
165 359 0
166 359 0
168 359 0
168 660 0
170 359 0
170 458 0
458 359 0
171 359 0
173 359 1
173 478 0
175 359 1
175 625 0
625 359 0
176 359 0
178 175 0
178 625 1
178 359 0
179 751 0
751 359 1
180 359 0
182 108 1
182 359 0
183 359 0
183 405 0
183 451 1
405 359 0
405 451 1
405 358 0
451 358 0
186 271 0
186 359 1
186 520 0
520 271 0
520 359 1
187 359 0
188 359 0
189 61 0
189 105 0
189 359 0
190 359 0
191 359 0
191 670 1
192 445 0
192 113 0
193 359 0
194 359 0
195 359 0
196 75 0
196 359 0
198 359 0
199 84 0
199 359 0
199 667 0
667 84 1
201 359 1
202 381 0
202 596 0
381 359 0
596 359 0
596 381 0
203 156 0
203 359 1
207 359 1
207 513 0
209 75 0
209 196 0
209 359 1
212 359 0
214 359 0
215 359 0
216 359 1
218 452 0
452 359 0
219 359 0
220 359 0
220 418 0
221 359 0
221 632 0
223 359 0
224 359 0
225 359 0
228 67 0
228 359 0
228 620 0
228 160 0
620 359 1
229 31 0
229 120 0
229 359 0
229 411 1
229 689 0
689 359 1
689 279 0
231 359 0
233 359 0
233 791 0
791 359 0
234 359 0
236 37 1
236 200 1
236 359 0
237 359 1
238 359 0
239 359 0
239 366 0
239 636 0
636 359 0
241 754 0
241 773 0
754 359 0
773 754 1
242 359 0
242 647 0
242 421 0
243 567 0
243 664 0
567 359 0
567 664 0
246 359 1
246 372 1
372 359 0
247 359 0
248 98 0
248 359 1
249 82 0
249 359 0
251 359 0
252 267 0
252 700 0
267 359 1
267 700 0
700 359 0
253 359 1
254 359 0
254 403 0
403 359 0
403 370 0
403 689 0
255 359 0
256 359 0
257 359 0
258 77 0
258 286 0
258 359 1
286 77 0
286 359 1
597 359 0
780 15 0
780 173 1
780 359 0
780 597 0
780 734 0
261 359 0
263 359 0
265 359 0
266 73 0
266 331 0
331 73 0
270 7 1
272 359 0
274 359 0
277 776 0
776 359 0
279 314 1
279 400 0
314 478 0
400 314 0
400 478 0
280 359 0
280 390 0
390 359 0
281 359 0
281 714 0
282 359 0
282 717 1
282 758 0
717 359 0
717 758 0
283 359 0
283 505 0
283 523 0
523 505 0
287 359 0
290 359 1
292 99 0
292 325 1
292 359 1
292 239 0
292 327 0
293 257 0
293 334 0
293 359 0
293 799 1
293 719 0
334 359 0
799 257 0
799 359 0
294 359 1
296 359 0
296 528 0
528 359 0
528 723 1
297 242 0
297 359 0
297 647 0
297 421 0
298 359 0
298 428 0
428 359 0
299 359 1
299 631 0
305 359 0
305 420 0
305 768 1
420 359 0
420 768 0
768 359 0
306 308 0
306 359 0
306 449 1
449 359 0
307 359 0
310 490 1
490 359 0
490 383 0
311 359 0
316 318 0
316 359 0
316 207 0
318 359 1
318 207 1
317 359 0
317 726 0
317 279 0
726 359 0
726 279 0
322 359 0
322 390 1
323 359 0
324 359 0
327 205 1
327 487 1
205 15 0
487 205 0
487 15 0
329 359 0
330 359 0
333 27 0
333 145 1
333 167 0
333 359 1
337 82 0
337 249 1
337 359 0
339 359 0
341 161 1
341 359 0
341 708 0
342 359 0
343 281 1
343 714 0
344 359 0
345 359 0
347 359 0
350 304 0
350 359 0
353 359 1
357 233 1
357 791 1
358 598 1
358 738 0
598 359 0
598 738 1
738 359 0
360 15 0
360 359 0
360 691 0
360 791 0
360 239 1
691 15 0
691 359 1
691 791 0
691 239 1
361 359 0
362 359 0
363 232 0
232 359 0
364 359 0
365 359 0
367 257 0
367 359 0
368 359 0
370 299 0
370 359 0
370 689 0
370 279 0
371 359 1
374 359 0
375 359 0
378 359 1
379 359 0
380 359 1
382 140 1
382 377 0
383 277 0
383 776 1
384 359 0
384 455 0
385 288 0
385 359 1
288 359 0
388 120 0
388 169 0
388 359 0
389 359 0
392 228 0
392 620 0
394 359 0
396 359 1
397 359 0
398 359 0
399 262 1
399 359 0
399 554 0
554 262 1
554 359 0
404 359 0
407 29 0
407 616 0
409 113 0
409 206 0
409 359 0
409 508 1
508 359 0
412 359 0
416 359 0
419 367 0
419 252 1
421 359 0
421 488 0
421 757 1
488 359 0
488 757 0
757 359 0
422 299 0
422 359 0
422 631 1
425 28 0
425 359 0
425 489 1
489 28 1
489 359 0
489 649 0
426 221 0
426 632 0
430 63 0
430 766 0
430 780 0
63 780 0
766 63 0
431 359 0
432 359 0
433 359 0
433 647 1
433 658 0
433 381 0
647 54 0
647 359 0
647 658 0
658 359 1
658 735 1
434 359 0
435 228 0
435 359 0
438 359 0
439 322 1
439 390 0
440 359 0
440 684 0
441 212 0
441 359 0
442 359 1
443 359 1
447 359 0
453 359 0
453 605 0
453 742 0
605 742 0
605 359 0
454 359 0
455 306 1
455 308 0
455 359 1
457 359 0
460 359 0
461 359 0
463 359 0
464 26 0
464 359 1
465 359 0
466 359 1
466 381 1
470 117 0
470 359 0
470 379 0
470 384 0
470 455 0
472 232 0
472 363 0
472 359 0
474 359 0
475 359 0
476 359 0
477 359 0
479 150 0
479 501 0
482 218 0
482 452 0
484 98 0
484 248 0
484 359 0
486 359 1
491 170 0
491 458 0
492 229 0
492 340 0
492 359 0
498 712 1
499 359 1
503 359 0
504 359 0
506 359 0
509 359 1
510 359 1
512 359 0
514 210 0
514 547 0
514 341 0
210 341 1
515 359 0
521 359 0
522 359 0
522 749 1
524 359 0
526 359 0
527 9 1
527 359 1
527 437 0
723 192 0
723 359 0
723 445 0
723 113 0
529 359 0
531 359 0
533 359 0
534 359 0
535 359 0
536 179 0
536 751 0
537 509 0
538 359 1
539 359 0
541 359 0
543 359 0
544 359 1
545 359 0
546 1 0
546 688 0
548 575 0
548 585 1
575 585 0
585 359 0
550 359 0
551 359 0
552 359 0
553 173 0
553 359 0
553 478 0
555 198 0
555 359 0
555 781 0
781 198 0
781 359 0
556 359 0
557 359 0
558 359 0
559 304 1
559 350 0
559 359 0
560 359 0
563 359 0
564 359 0
564 543 1
564 719 1
719 543 0
566 359 0
568 359 0
569 359 0
569 531 0
570 177 0
570 359 0
571 359 0
572 359 0
573 359 0
576 359 0
577 212 0
577 359 1
577 441 0
578 359 0
580 359 0
581 359 0
582 359 0
591 359 0
592 59 1
592 94 0
592 359 0
592 31 0
593 359 0
595 359 1
601 359 1
602 359 0
604 359 1
607 239 0
607 366 0
609 359 0
610 359 0
611 359 0
613 359 0
615 584 0
617 359 0
622 359 0
624 359 0
626 686 0
627 359 0
628 0 0
628 682 1
631 359 0
631 710 0
710 359 1
633 359 0
634 359 0
637 359 0
637 531 0
637 569 0
639 359 0
639 362 0
640 101 1
640 359 0
640 459 1
642 359 0
643 552 0
643 792 0
792 359 0
792 552 0
644 359 1
645 359 0
646 117 1
646 470 1
650 359 0
651 340 0
651 492 0
652 359 1
653 362 1
653 639 0
654 359 0
655 359 0
657 359 0
735 359 0
661 310 0
661 359 0
661 490 0
661 383 0
665 359 0
668 359 0
669 359 1
671 359 0
672 207 0
672 359 0
672 513 1
673 359 1
674 359 0
675 359 0
676 359 0
678 359 0
679 359 0
680 677 1
680 709 0
709 677 0
683 151 1
683 284 0
683 747 0
683 15 0
685 168 0
685 359 0
685 660 1
687 359 0
692 359 1
693 359 1
694 631 0
694 710 0
695 359 0
696 359 0
697 359 0
698 359 0
702 498 0
702 712 1
703 359 0
706 359 0
707 359 0
711 359 0
711 509 0
711 537 0
713 359 0
715 350 0
715 359 0
718 367 1
718 419 0
718 252 0
724 359 0
725 359 0
727 359 0
729 359 0
730 359 0
732 332 0
732 756 1
756 332 0
756 359 0
733 359 0
734 626 1
734 686 0
736 359 0
737 359 0
739 131 1
739 359 0
739 649 0
739 182 0
743 359 0
743 584 0
743 615 0
744 359 1
745 108 0
745 182 0
745 359 1
746 359 1
747 242 1
747 297 0
747 359 0
747 622 0
748 359 0
750 359 0
759 191 0
759 670 0
762 359 0
763 359 0
769 359 0
770 359 0
771 359 0
775 296 0
775 359 0
775 528 0
779 359 0
783 359 0
784 359 1
785 359 0
788 7 0
788 270 0
790 220 1
790 359 1
790 418 0
793 24 0
793 204 0
793 799 1
794 359 0
795 156 1
795 203 0
796 359 0
797 288 1
797 385 0
798 359 0
798 440 0
798 684 0
