0 183 1
183 160 0
1 160 1
160 192 1
160 147 0
160 14 1
160 53 1
160 219 0
160 44 1
160 39 0
160 231 1
160 334 1
2 160 1
3 160 1
4 160 1
5 160 1
6 44 1
44 3 0
44 339 1
7 255 1
255 160 1
8 160 1
9 136 0
136 160 1
10 91 0
91 160 1
11 222 1
222 171 1
12 278 1
278 160 1
13 338 1
338 160 1
14 21 1
14 223 1
21 219 1
21 47 1
21 53 1
21 39 1
21 14 1
223 160 1
15 166 1
166 160 1
17 312 1
312 160 1
18 332 1
332 160 1
19 184 1
184 244 1
20 47 1
47 160 1
47 206 1
219 160 1
219 231 1
219 44 1
219 147 1
219 39 1
219 192 1
22 160 1
23 17 1
24 69 1
69 21 1
25 75 0
75 44 1
75 160 1
75 339 1
75 14 1
75 219 1
75 192 1
75 334 0
75 47 0
75 39 1
26 394 0
394 160 0
27 312 1
28 67 1
67 160 1
29 160 1
30 366 1
366 223 1
366 14 1
366 334 0
366 192 1
366 53 0
31 160 1
32 21 0
33 394 1
35 180 1
180 160 1
36 29 0
37 360 1
360 160 1
38 143 1
143 160 1
39 160 0
39 300 1
39 192 1
39 147 0
300 160 1
300 192 0
300 219 1
300 231 1
300 147 1
40 243 1
243 160 1
41 396 1
396 160 1
42 91 1
43 380 1
380 240 1
339 53 0
339 14 1
339 219 1
339 192 1
339 334 1
339 47 1
339 39 1
45 186 0
186 160 1
46 160 1
206 160 1
206 147 1
206 192 1
206 231 1
206 44 1
206 47 1
206 14 1
206 334 1
48 327 1
327 278 1
49 280 1
280 165 1
50 390 1
390 160 0
51 160 1
52 171 0
171 160 1
171 192 0
171 14 0
171 39 0
53 183 1
53 219 1
53 274 1
274 160 1
274 219 1
274 231 1
274 147 1
274 53 1
274 44 1
274 39 1
274 192 1
274 334 1
54 359 1
359 160 1
55 160 1
56 165 1
165 160 0
57 157 1
157 184 1
58 125 1
125 160 1
60 80 1
80 286 0
61 160 0
62 218 0
218 160 1
63 315 1
315 160 0
64 217 0
217 160 1
65 360 1
66 120 1
120 160 1
68 223 1
70 253 1
253 160 0
71 8 1
72 343 0
343 160 0
73 67 0
74 88 0
88 223 1
76 316 1
316 44 1
77 242 1
242 160 1
79 160 1
286 187 0
81 379 1
379 160 1
82 278 1
83 184 1
84 277 1
277 160 1
85 191 1
191 279 0
87 160 1
89 282 1
282 175 1
90 171 1
92 22 1
93 304 0
304 160 1
94 160 1
95 278 1
96 160 1
97 183 1
98 337 1
337 243 1
99 346 0
346 160 0
100 160 1
101 84 1
102 160 1
103 46 0
104 160 1
105 352 1
352 379 1
106 250 0
250 160 1
108 121 0
121 160 0
109 210 1
210 160 1
110 217 1
111 195 0
195 160 1
112 308 1
308 186 1
113 160 0
114 160 0
115 91 1
116 304 1
117 195 1
118 73 1
119 396 0
122 394 1
123 244 1
244 160 1
124 160 0
126 68 0
127 208 1
208 357 0
128 65 1
129 5 1
130 160 1
131 105 1
132 62 0
133 195 1
134 183 1
135 159 1
159 160 0
137 160 1
138 69 1
139 199 1
199 160 1
140 250 0
141 69 1
142 330 1
330 196 0
144 337 1
145 183 1
146 160 1
147 276 1
276 227 1
148 242 1
149 135 1
150 312 1
151 160 0
152 145 1
153 183 1
154 394 1
155 160 0
156 160 1
158 175 0
175 51 1
192 242 1
161 304 1
163 160 1
167 160 1
168 201 1
201 160 1
169 186 0
172 394 1
173 160 1
174 79 1
176 369 1
369 255 1
177 160 1
178 160 1
179 46 1
181 160 1
182 337 1
185 160 1
187 160 1
188 201 1
189 160 1
190 222 1
279 160 1
193 225 1
225 160 1
194 121 1
196 160 1
197 253 1
198 143 1
200 109 1
202 62 1
203 213 1
213 160 1
204 326 0
326 242 1
205 160 0
207 160 1
357 160 1
209 0 0
211 189 1
214 180 1
215 160 1
216 183 0
220 47 1
220 206 1
220 332 0
220 231 1
220 14 1
220 334 1
221 160 1
224 150 1
226 179 1
227 160 1
228 160 1
229 160 1
230 160 1
231 39 1
231 300 0
231 379 1
233 29 1
234 160 0
235 345 1
345 171 1
236 386 1
386 227 1
237 289 1
289 4 1
238 186 1
239 69 1
240 304 0
241 116 1
245 160 1
247 160 0
248 100 1
249 242 1
251 64 1
252 91 1
254 160 0
256 364 0
364 160 1
258 160 1
259 0 1
260 160 1
261 160 0
262 160 0
263 379 1
264 46 1
265 394 1
266 121 1
268 160 1
269 160 1
270 274 0
271 160 1
272 288 0
288 229 1
273 222 1
275 160 1
281 160 0
283 160 1
284 160 1
287 102 1
290 160 1
291 160 0
292 156 1
293 184 1
294 346 0
295 227 1
296 166 0
297 250 1
298 278 1
299 332 1
301 160 1
302 250 1
303 278 1
305 380 0
306 135 1
307 5 1
309 337 0
310 191 1
313 183 1
317 332 1
318 271 1
319 160 1
320 312 1
321 334 1
321 350 0
321 366 1
321 14 0
321 192 0
321 53 1
334 160 1
334 366 1
350 160 0
323 233 0
325 91 0
328 286 0
329 166 1
331 242 1
333 395 0
395 23 1
335 91 1
336 14 1
336 21 1
336 160 1
336 47 1
336 53 1
336 39 0
336 219 1
340 359 1
341 315 1
344 160 1
347 186 1
348 222 1
349 304 1
351 312 0
353 160 0
354 172 1
355 3 1
358 160 1
361 160 1
362 147 1
362 201 0
362 376 1
362 53 1
376 147 1
376 242 0
376 53 0
363 379 1
365 46 1
367 135 1
368 298 1
370 47 0
372 160 0
373 379 1
374 279 1
375 85 1
377 278 1
378 255 1
381 303 0
382 315 1
383 395 1
384 175 1
385 312 1
387 160 1
388 160 1
389 160 1
391 242 1
392 338 1
393 396 1
397 53 1
398 372 1
399 337 0
