0 407 1
0 414 0
414 238 0
414 111 1
414 47 0
414 785 0
414 911 1
414 183 1
414 327 0
414 271 0
414 935 1
414 270 1
414 326 0
1 414 1
2 414 0
4 414 0
5 414 1
6 41 1
6 414 0
41 414 0
7 414 1
9 231 1
9 414 0
10 81 1
10 894 1
81 894 0
894 414 1
11 414 0
11 718 0
11 929 0
929 414 1
929 718 1
12 414 1
14 414 0
15 414 0
17 414 0
17 579 0
579 157 0
579 414 1
579 783 0
579 975 0
18 274 0
18 414 0
18 489 1
18 738 0
18 306 1
274 414 1
274 738 1
274 200 0
489 414 1
489 306 1
738 414 0
738 942 0
738 200 0
19 0 0
19 414 0
20 414 1
20 493 0
20 907 1
907 414 0
907 458 1
907 493 1
907 55 0
21 414 0
22 414 1
22 870 1
870 414 0
23 414 0
25 119 0
25 742 1
119 414 1
119 742 0
26 327 0
26 958 1
327 414 1
958 327 0
29 414 0
29 460 1
460 414 1
30 13 0
30 414 1
31 62 0
31 414 0
62 414 1
34 414 1
34 651 0
34 873 1
651 414 0
651 873 0
35 414 1
35 911 0
36 414 0
36 694 1
36 715 1
694 715 1
715 414 0
38 414 1
39 414 1
42 414 0
43 537 0
43 877 0
537 386 1
537 414 0
877 414 1
877 537 1
44 9 1
44 231 0
46 414 0
47 260 1
47 414 1
47 548 1
260 414 0
548 260 1
548 414 0
548 654 1
548 971 1
48 414 0
49 169 0
49 414 1
169 414 0
169 151 1
50 414 0
50 836 0
50 840 1
836 414 0
840 301 0
840 414 1
51 306 0
51 414 1
51 513 1
306 414 0
513 414 1
52 414 0
52 488 0
488 414 0
53 233 1
53 414 1
233 414 0
54 414 1
54 812 1
812 414 1
55 400 1
55 767 1
767 400 0
767 414 0
56 414 0
57 414 0
59 414 0
59 458 0
458 414 1
458 55 1
60 414 0
64 414 1
66 414 0
66 500 0
66 994 1
66 740 0
66 318 1
500 414 0
500 318 1
994 414 0
68 11 0
68 414 0
68 825 0
68 294 0
825 414 1
825 294 0
69 414 1
70 414 0
71 414 1
72 213 1
72 414 0
72 881 0
72 278 1
213 414 1
881 414 1
881 278 1
73 414 0
74 414 1
74 103 1
76 414 1
77 461 0
77 582 0
461 414 1
582 461 0
78 414 0
79 240 1
79 414 1
79 765 0
240 414 0
240 765 0
240 639 0
765 414 0
765 639 1
82 414 1
83 414 1
84 442 1
84 813 1
813 442 1
85 294 1
85 414 1
294 414 0
294 558 0
86 414 1
87 278 1
87 605 0
278 414 0
278 605 0
88 414 1
89 414 1
90 414 1
93 414 1
93 464 1
464 414 0
94 414 0
95 414 1
96 299 0
96 414 0
299 414 0
97 128 1
97 169 1
97 414 1
97 864 0
97 447 0
97 151 1
128 414 0
128 864 1
864 414 0
864 447 1
98 414 0
99 414 0
100 414 1
101 414 1
102 414 0
102 676 0
676 414 0
676 612 1
676 759 0
676 270 0
103 27 1
103 131 1
131 27 0
131 414 1
104 270 0
104 414 0
270 414 1
105 414 0
105 508 1
105 785 0
105 997 0
105 406 1
508 414 1
785 414 0
785 772 1
997 414 1
997 785 1
997 406 0
106 414 1
107 414 1
109 414 0
111 414 0
111 729 0
729 414 1
729 781 0
112 414 0
115 414 0
117 414 1
120 940 0
940 414 0
121 414 1
122 414 0
123 414 0
125 414 0
126 414 1
129 61 1
129 414 0
129 424 1
424 399 1
424 414 1
424 262 1
130 414 0
132 414 1
133 414 1
133 578 0
578 414 0
134 238 0
134 414 0
135 414 0
136 414 1
137 448 1
448 414 0
138 414 1
139 414 0
140 414 1
141 414 0
144 414 0
144 439 1
145 414 1
146 414 0
147 414 1
148 414 1
148 495 0
148 382 0
495 414 1
149 414 0
149 589 0
589 414 0
150 414 0
150 852 1
852 414 1
852 911 0
151 195 1
151 555 0
195 555 0
555 414 1
152 414 1
152 433 1
155 414 0
156 414 0
157 783 1
157 414 0
783 414 1
158 414 0
158 326 0
160 414 1
161 414 0
161 996 1
996 414 0
163 92 1
163 414 1
165 414 0
166 414 0
167 414 1
170 414 1
170 714 0
714 414 1
171 414 0
172 414 1
173 414 0
174 3 1
175 414 1
177 275 1
177 414 0
177 78 0
275 414 1
275 78 0
178 414 1
178 889 0
889 414 0
179 414 1
181 414 1
182 414 1
183 414 1
183 785 0
184 414 0
185 414 0
185 424 1
185 601 0
601 414 0
601 269 0
188 414 1
189 414 0
190 46 1
190 414 1
190 897 1
190 935 1
190 327 0
897 414 1
897 784 1
935 414 1
192 23 0
192 414 0
193 414 1
194 414 0
196 414 0
197 414 0
198 414 1
199 414 1
200 414 1
201 414 0
202 233 1
202 414 1
202 796 1
796 414 1
204 414 0
205 414 0
207 414 1
208 414 0
209 414 1
210 414 0
210 513 0
212 414 0
214 414 0
217 147 1
217 414 1
220 414 1
221 414 0
223 414 1
223 881 0
224 414 1
225 414 0
226 414 1
227 414 0
229 172 0
229 956 0
956 172 0
956 414 1
230 414 0
232 279 1
232 540 1
279 414 0
540 279 0
234 414 1
236 414 0
236 420 0
420 414 1
237 414 0
239 851 1
851 414 0
242 414 1
242 653 0
242 681 0
653 681 0
681 414 1
243 414 1
244 414 0
245 414 1
246 414 0
248 414 1
248 503 0
503 359 1
503 414 0
249 414 0
249 490 1
490 414 1
490 875 0
490 894 0
250 259 0
250 414 0
259 414 0
259 935 1
251 414 0
251 47 0
252 414 1
253 414 1
254 22 1
254 414 1
254 505 1
505 22 0
505 414 1
255 414 0
255 897 1
256 414 1
257 414 1
258 259 0
258 307 1
258 414 1
258 426 1
258 566 1
258 935 0
426 414 1
566 307 1
566 414 1
261 414 0
262 414 1
263 414 1
265 414 0
265 477 0
265 760 0
477 760 0
269 280 1
269 414 1
269 151 0
280 414 0
280 151 1
271 414 0
271 643 1
643 414 0
272 414 0
273 158 1
273 414 1
277 414 1
281 171 0
281 414 0
281 648 1
281 734 1
648 171 1
734 414 0
283 140 0
283 414 0
284 414 0
285 414 1
287 333 0
287 414 0
333 414 0
288 414 1
289 234 0
289 414 1
293 188 1
293 414 0
295 241 0
295 879 1
879 241 0
879 414 1
296 414 1
298 319 0
298 414 1
319 414 1
300 414 1
301 414 0
303 414 1
304 414 0
304 668 1
668 414 0
308 414 1
309 414 0
309 721 1
309 942 1
721 414 1
721 942 0
942 414 1
310 414 1
312 414 0
314 414 1
315 414 0
316 414 0
317 414 1
318 512 1
318 899 0
512 899 0
899 414 1
320 414 1
321 975 0
975 414 1
975 819 0
322 414 1
322 827 0
827 414 1
323 865 1
865 414 1
324 414 0
325 414 0
326 414 1
326 866 1
326 942 0
329 269 1
329 280 0
329 414 0
331 414 1
331 499 1
499 414 0
332 178 0
332 889 0
334 414 1
335 29 1
335 414 1
336 414 0
337 414 1
338 414 0
340 378 1
340 414 1
340 519 1
378 414 0
519 378 0
519 414 0
344 414 1
345 0 0
345 407 0
346 414 0
347 31 0
347 62 0
347 414 0
348 414 1
349 414 1
350 414 0
351 414 0
352 414 0
354 414 0
355 323 0
355 414 1
355 865 1
356 414 0
356 754 0
754 414 1
357 414 0
361 414 0
361 935 1
362 414 0
362 924 1
924 414 0
363 414 0
366 414 1
367 414 0
368 414 1
369 414 0
369 183 0
370 414 0
370 909 0
371 414 0
372 414 1
373 414 0
374 414 0
375 68 0
375 825 1
376 301 0
376 840 1
377 414 0
379 414 0
380 414 0
381 414 1
382 283 0
382 414 1
382 429 1
382 527 0
429 414 0
527 283 0
384 351 1
384 414 1
386 271 1
386 414 0
386 643 0
387 414 1
387 525 1
525 324 1
525 414 0
388 414 0
389 827 0
389 857 0
857 827 0
390 414 1
391 654 1
391 826 1
654 414 1
826 414 0
826 654 0
392 414 0
393 294 1
393 414 1
393 558 1
394 414 0
395 414 1
397 414 1
398 149 0
398 589 0
399 414 0
401 414 0
402 414 1
403 414 1
404 363 1
404 414 0
405 414 1
406 120 0
406 414 1
406 940 0
408 414 1
410 414 1
412 414 0
413 658 0
417 219 0
417 597 1
597 219 0
597 414 0
418 414 1
419 61 0
419 129 0
419 414 1
421 414 1
425 126 0
425 414 1
425 769 0
425 905 1
769 414 1
769 905 0
905 414 1
427 414 0
430 414 1
432 414 0
434 414 1
436 414 0
440 414 0
441 414 1
443 414 1
445 414 0
445 549 0
445 150 0
549 414 0
447 414 1
447 591 1
591 414 1
451 414 1
455 414 0
456 256 0
457 66 0
457 414 0
457 994 1
457 740 0
462 414 0
463 414 1
463 652 1
652 414 0
465 71 0
465 414 1
466 414 0
466 621 1
466 909 1
621 414 1
621 963 0
909 414 1
909 621 0
468 317 1
468 370 0
468 414 0
468 909 0
469 262 0
469 414 1
470 414 0
471 414 0
472 523 0
473 723 0
473 976 1
723 414 1
723 976 1
976 414 1
475 52 1
475 414 0
475 488 0
476 183 1
476 414 0
478 618 1
478 868 1
618 414 0
868 414 1
868 618 1
482 414 0
483 414 1
484 414 1
485 414 1
485 351 1
875 414 0
491 414 0
492 414 0
494 414 1
496 167 1
496 414 1
498 326 0
498 414 0
498 866 0
498 942 1
501 239 0
501 346 0
501 414 1
501 851 1
502 414 1
359 414 1
504 414 1
506 414 0
506 654 0
507 414 1
509 414 0
511 414 1
516 414 1
516 915 0
915 414 0
520 414 0
521 414 1
524 414 1
524 485 0
524 351 0
531 414 1
531 600 0
600 414 1
532 414 1
533 414 1
533 870 1
534 414 1
535 414 1
536 204 0
536 414 1
538 414 0
539 152 1
539 433 0
541 414 0
542 300 1
544 414 0
544 548 1
545 414 0
546 414 1
971 414 1
551 414 0
556 3 1
556 174 1
556 414 1
557 414 0
560 230 0
560 414 0
561 414 1
562 414 1
564 414 1
565 414 0
567 233 0
567 414 1
568 414 1
569 414 0
570 74 0
570 573 1
570 103 0
573 74 0
573 350 1
573 414 1
571 414 1
571 620 0
571 891 0
620 414 1
620 891 0
891 414 1
572 414 0
572 533 0
577 414 1
580 414 0
581 414 1
583 414 0
585 148 1
585 278 1
585 414 0
585 382 1
586 414 1
587 35 0
587 414 0
587 911 0
590 251 0
590 414 1
595 414 1
596 414 0
599 369 0
599 639 0
639 369 0
639 414 1
602 414 0
603 414 0
604 414 0
606 414 1
606 901 1
901 414 1
607 414 1
608 414 0
610 414 0
610 637 1
610 824 1
637 414 0
824 414 1
824 637 1
612 759 1
759 414 1
613 53 0
613 414 0
615 414 1
617 414 0
617 740 1
617 786 1
740 414 1
786 740 0
619 414 0
963 414 1
622 361 1
622 414 1
624 414 0
626 414 1
627 408 1
627 414 0
628 414 1
629 414 1
630 414 1
631 298 1
631 414 1
632 414 0
633 414 1
633 821 1
633 946 1
821 414 1
821 946 1
634 414 1
635 414 0
636 414 0
638 414 0
640 137 0
640 448 0
641 208 0
641 414 1
641 780 0
641 827 0
780 208 0
780 414 0
642 359 0
642 414 0
642 503 1
644 414 0
645 414 0
646 414 1
647 414 1
649 183 1
649 414 0
649 476 1
650 414 0
655 414 1
657 414 1
659 414 0
660 414 0
661 414 0
662 165 0
662 414 0
664 414 0
665 414 1
669 283 0
669 414 0
672 414 0
674 414 0
678 414 1
679 414 1
680 414 1
682 414 1
685 414 1
686 257 1
686 414 1
686 472 1
686 523 0
687 414 1
688 414 0
689 193 0
689 414 0
689 579 0
689 975 0
690 414 0
691 414 0
693 414 0
695 96 0
695 299 1
695 414 1
696 414 1
697 414 1
698 606 0
700 414 1
701 414 0
702 414 1
703 414 1
703 591 0
704 16 1
704 200 1
704 310 1
704 414 0
705 414 1
705 424 1
705 262 0
706 414 0
706 932 0
932 414 1
932 445 1
932 549 0
932 271 0
932 150 0
708 414 0
711 414 1
713 414 0
713 637 1
716 414 0
719 135 0
719 414 1
719 725 1
719 979 1
725 414 0
725 979 1
720 414 1
724 414 1
724 426 1
726 414 1
727 414 0
728 414 0
781 414 1
730 414 0
731 256 0
731 456 0
733 414 0
735 413 1
735 414 0
735 658 0
735 932 1
736 183 1
736 414 0
737 184 0
737 820 1
820 184 0
739 414 0
741 414 1
743 414 0
744 414 1
746 414 1
749 101 0
749 414 0
751 414 1
752 414 1
752 606 1
752 698 0
753 414 0
753 447 1
755 414 0
757 414 0
758 351 1
758 414 1
758 47 0
761 414 0
762 414 0
763 414 1
764 414 1
766 414 1
770 414 1
772 414 0
773 414 1
774 101 0
774 414 0
774 749 1
775 310 0
775 414 0
776 414 1
779 45 1
784 414 1
787 414 1
788 69 1
788 80 1
788 414 0
788 926 0
926 80 0
926 414 1
926 894 1
789 183 0
789 414 0
790 414 1
792 414 1
793 414 1
795 414 1
797 414 0
797 438 0
797 871 1
871 414 0
871 438 0
798 414 0
799 414 0
800 414 0
801 414 1
802 387 0
802 414 0
802 525 1
804 414 1
804 762 1
807 414 0
808 414 0
811 414 0
814 414 1
815 414 1
816 414 1
817 306 0
817 414 1
819 414 1
823 414 1
828 414 1
828 864 0
829 414 1
830 414 1
833 414 1
835 414 0
837 414 1
837 508 0
838 414 0
839 414 0
839 944 1
839 964 1
944 414 1
964 944 1
841 279 0
841 414 1
841 111 1
843 414 1
845 414 1
846 414 1
848 414 0
849 414 1
850 414 0
853 92 0
853 163 1
853 414 1
854 414 1
855 265 1
855 414 0
856 414 1
858 144 1
858 439 0
859 321 1
859 414 0
859 975 1
860 414 0
861 414 1
862 414 1
863 414 0
867 78 0
867 414 1
869 414 1
872 414 0
876 414 0
882 414 1
883 414 0
883 935 0
884 414 1
885 414 1
886 414 1
887 183 0
887 414 1
888 324 1
888 414 0
890 414 1
890 837 0
890 912 1
912 837 0
893 414 1
895 234 1
895 414 1
896 414 1
898 78 0
898 414 0
898 867 1
900 414 0
902 158 0
902 273 0
902 414 0
904 414 0
906 414 1
908 414 1
910 414 1
913 414 0
916 414 1
917 414 1
918 236 1
918 414 0
918 420 0
919 255 1
919 414 1
919 897 0
920 170 1
920 714 1
921 414 0
922 148 0
922 414 0
922 495 1
923 414 1
927 13 0
927 30 0
927 414 0
931 414 1
933 414 0
934 414 1
936 306 1
936 817 0
938 414 1
939 414 1
941 414 0
943 414 0
945 45 1
945 414 1
945 779 0
949 414 1
951 414 1
952 414 0
952 851 1
953 300 1
953 414 0
953 542 0
955 414 0
957 363 1
957 404 0
957 414 0
961 414 0
962 16 1
962 348 1
962 414 0
962 704 1
965 71 0
965 414 0
965 465 1
966 414 1
968 414 0
969 414 0
969 601 1
969 269 1
970 414 0
972 414 0
973 414 0
974 414 0
977 414 1
977 695 1
978 414 1
982 414 1
984 414 1
985 414 1
985 743 0
986 414 1
987 414 0
988 414 1
990 414 1
991 414 1
992 414 1
993 414 0
993 879 1
998 414 0
