0 407 0
0 414 0
414 238 0
414 111 0
414 47 0
414 785 0
414 911 1
414 183 0
414 327 0
414 271 0
414 935 1
414 270 0
414 326 0
1 414 0
2 414 0
4 414 0
5 414 0
6 41 0
6 414 0
41 414 1
7 414 1
9 231 0
9 414 0
10 81 0
10 894 0
81 894 0
894 414 0
11 414 0
11 718 0
11 929 0
929 414 0
929 718 0
12 414 0
14 414 0
15 414 0
17 414 1
17 579 0
579 157 0
579 414 0
579 783 0
579 975 0
18 274 0
18 414 0
18 489 0
18 738 1
18 306 0
274 414 0
274 738 1
274 200 0
489 414 0
489 306 0
738 414 0
738 942 0
738 200 0
19 0 0
19 414 0
20 414 0
20 493 0
20 907 0
907 414 1
907 458 0
907 493 0
907 55 0
21 414 1
22 414 0
22 870 0
870 414 1
23 414 0
25 119 0
25 742 0
119 414 0
119 742 0
26 327 1
26 958 1
327 414 1
958 327 0
29 414 0
29 460 0
460 414 0
30 13 0
30 414 1
31 62 1
31 414 1
62 414 0
34 414 0
34 651 0
34 873 0
651 414 0
651 873 0
35 414 1
35 911 0
36 414 0
36 694 0
36 715 1
694 715 0
715 414 0
38 414 0
39 414 1
42 414 0
43 537 1
43 877 0
537 386 1
537 414 0
877 414 0
877 537 0
44 9 0
44 231 0
46 414 0
47 260 0
47 414 0
47 548 0
260 414 0
548 260 0
548 414 0
548 654 1
548 971 0
48 414 1
49 169 0
49 414 0
169 414 0
169 151 0
50 414 0
50 836 1
50 840 0
836 414 0
840 301 0
840 414 0
51 306 0
51 414 0
51 513 1
306 414 1
513 414 0
52 414 0
52 488 0
488 414 0
53 233 1
53 414 0
233 414 0
54 414 0
54 812 0
812 414 1
55 400 0
55 767 0
767 400 0
767 414 0
56 414 0
57 414 1
59 414 0
59 458 0
458 414 0
458 55 0
60 414 1
64 414 0
66 414 0
66 500 1
66 994 0
66 740 0
66 318 0
500 414 0
500 318 1
994 414 0
68 11 1
68 414 0
68 825 1
68 294 0
825 414 0
825 294 0
69 414 0
70 414 0
71 414 0
72 213 0
72 414 0
72 881 0
72 278 0
213 414 1
881 414 1
881 278 0
73 414 0
74 414 0
74 103 0
76 414 0
77 461 0
77 582 1
461 414 1
582 461 0
78 414 0
79 240 1
79 414 0
79 765 0
240 414 1
240 765 0
240 639 1
765 414 0
765 639 1
82 414 0
83 414 1
84 442 0
84 813 0
813 442 0
85 294 0
85 414 0
294 414 1
294 558 0
86 414 0
87 278 0
87 605 1
278 414 0
278 605 1
88 414 1
89 414 0
90 414 0
93 414 1
93 464 0
464 414 0
94 414 0
95 414 0
96 299 0
96 414 0
299 414 0
97 128 0
97 169 0
97 414 1
97 864 0
97 447 0
97 151 0
128 414 0
128 864 1
864 414 0
864 447 0
98 414 0
99 414 1
100 414 1
101 414 0
102 414 1
102 676 1
676 414 0
676 612 0
676 759 1
676 270 0
103 27 0
103 131 0
131 27 0
131 414 0
104 270 0
104 414 0
270 414 1
105 414 0
105 508 0
105 785 0
105 997 1
105 406 0
508 414 0
785 414 1
785 772 1
997 414 0
997 785 1
997 406 0
106 414 1
107 414 1
109 414 0
111 414 0
111 729 0
729 414 0
729 781 1
112 414 0
115 414 1
117 414 0
120 940 1
940 414 0
121 414 0
122 414 0
123 414 0
125 414 0
126 414 0
129 61 0
129 414 0
129 424 0
424 399 0
424 414 0
424 262 0
130 414 0
132 414 0
133 414 0
133 578 0
578 414 0
134 238 0
134 414 0
135 414 0
136 414 0
137 448 0
448 414 0
138 414 1
139 414 1
140 414 0
141 414 1
144 414 0
144 439 0
145 414 0
146 414 1
147 414 0
148 414 0
148 495 0
148 382 0
495 414 0
149 414 0
149 589 0
589 414 0
150 414 0
150 852 0
852 414 0
852 911 0
151 195 0
151 555 0
195 555 0
555 414 0
152 414 0
152 433 0
155 414 0
156 414 0
157 783 1
157 414 1
783 414 0
158 414 0
158 326 0
160 414 1
161 414 0
161 996 0
996 414 0
163 92 0
163 414 0
165 414 0
166 414 0
167 414 0
170 414 0
170 714 0
714 414 1
171 414 0
172 414 1
173 414 0
174 3 1
175 414 0
177 275 0
177 414 0
177 78 0
275 414 0
275 78 1
178 414 0
178 889 0
889 414 1
179 414 1
181 414 0
182 414 0
183 414 0
183 785 0
184 414 0
185 414 1
185 424 0
185 601 0
601 414 0
601 269 0
188 414 0
189 414 0
190 46 0
190 414 0
190 897 0
190 935 1
190 327 1
897 414 0
897 784 0
935 414 0
192 23 0
192 414 0
193 414 0
194 414 1
196 414 0
197 414 0
198 414 0
199 414 0
200 414 0
201 414 1
202 233 0
202 414 1
202 796 1
796 414 0
204 414 0
205 414 0
207 414 0
208 414 0
209 414 1
210 414 1
210 513 0
212 414 0
214 414 0
217 147 0
217 414 0
220 414 0
221 414 0
223 414 1
223 881 1
224 414 1
225 414 0
226 414 0
227 414 1
229 172 0
229 956 0
956 172 0
956 414 0
230 414 1
232 279 0
232 540 1
279 414 0
540 279 0
234 414 0
236 414 0
236 420 0
420 414 0
237 414 0
239 851 0
851 414 0
242 414 0
242 653 0
242 681 0
653 681 0
681 414 0
243 414 0
244 414 1
245 414 1
246 414 1
248 414 0
248 503 0
503 359 0
503 414 0
249 414 0
249 490 0
490 414 0
490 875 0
490 894 0
250 259 0
250 414 0
259 414 1
259 935 0
251 414 0
251 47 0
252 414 0
253 414 1
254 22 0
254 414 0
254 505 0
505 22 0
505 414 1
255 414 0
255 897 0
256 414 0
257 414 0
258 259 0
258 307 1
258 414 0
258 426 1
258 566 0
258 935 1
426 414 0
566 307 0
566 414 1
261 414 1
262 414 0
263 414 0
265 414 0
265 477 0
265 760 0
477 760 0
269 280 0
269 414 0
269 151 0
280 414 0
280 151 0
271 414 0
271 643 0
643 414 0
272 414 0
273 158 0
273 414 0
277 414 0
281 171 1
281 414 0
281 648 1
281 734 0
648 171 0
734 414 0
283 140 1
283 414 0
284 414 0
285 414 1
287 333 0
287 414 0
333 414 1
288 414 1
289 234 1
289 414 0
293 188 1
293 414 0
295 241 0
295 879 0
879 241 0
879 414 0
296 414 1
298 319 0
298 414 0
319 414 0
300 414 0
301 414 0
303 414 0
304 414 0
304 668 0
668 414 1
308 414 1
309 414 0
309 721 1
309 942 1
721 414 0
721 942 0
942 414 0
310 414 0
312 414 0
314 414 0
315 414 0
316 414 0
317 414 0
318 512 0
318 899 1
512 899 1
899 414 0
320 414 0
321 975 0
975 414 0
975 819 1
322 414 0
322 827 0
827 414 1
323 865 0
865 414 0
324 414 0
325 414 1
326 414 0
326 866 0
326 942 0
329 269 0
329 280 1
329 414 1
331 414 0
331 499 0
499 414 0
332 178 0
332 889 1
334 414 1
335 29 0
335 414 0
336 414 0
337 414 0
338 414 0
340 378 0
340 414 0
340 519 0
378 414 0
519 378 0
519 414 0
344 414 0
345 0 0
345 407 0
346 414 0
347 31 0
347 62 0
347 414 0
348 414 1
349 414 0
350 414 0
351 414 0
352 414 1
354 414 0
355 323 0
355 414 1
355 865 1
356 414 0
356 754 0
754 414 0
357 414 0
361 414 0
361 935 0
362 414 0
362 924 0
924 414 1
363 414 0
366 414 1
367 414 0
368 414 0
369 414 0
369 183 0
370 414 0
370 909 1
371 414 0
372 414 0
373 414 0
374 414 0
375 68 0
375 825 0
376 301 0
376 840 1
377 414 0
379 414 0
380 414 0
381 414 0
382 283 0
382 414 0
382 429 1
382 527 0
429 414 0
527 283 1
384 351 0
384 414 0
386 271 0
386 414 0
386 643 0
387 414 0
387 525 1
525 324 0
525 414 0
388 414 0
389 827 0
389 857 0
857 827 0
390 414 0
391 654 0
391 826 0
654 414 0
826 414 0
826 654 0
392 414 1
393 294 1
393 414 0
393 558 0
394 414 0
395 414 0
397 414 0
398 149 1
398 589 0
399 414 0
401 414 0
402 414 1
403 414 1
404 363 0
404 414 0
405 414 0
406 120 0
406 414 0
406 940 0
408 414 0
410 414 0
412 414 0
413 658 0
417 219 1
417 597 0
597 219 0
597 414 0
418 414 0
419 61 0
419 129 0
419 414 0
421 414 0
425 126 0
425 414 0
425 769 1
425 905 0
769 414 0
769 905 0
905 414 0
427 414 1
430 414 0
432 414 0
434 414 0
436 414 0
440 414 0
441 414 0
443 414 0
445 414 0
445 549 0
445 150 0
549 414 0
447 414 0
447 591 1
591 414 1
451 414 1
455 414 0
456 256 1
457 66 0
457 414 0
457 994 1
457 740 0
462 414 1
463 414 0
463 652 1
652 414 0
465 71 0
465 414 0
466 414 1
466 621 0
466 909 0
621 414 0
621 963 1
909 414 0
909 621 0
468 317 1
468 370 0
468 414 1
468 909 0
469 262 1
469 414 0
470 414 0
471 414 1
472 523 0
473 723 0
473 976 0
723 414 1
723 976 0
976 414 0
475 52 0
475 414 0
475 488 0
476 183 0
476 414 0
478 618 0
478 868 0
618 414 0
868 414 0
868 618 0
482 414 0
483 414 0
484 414 0
485 414 1
485 351 0
875 414 0
491 414 0
492 414 0
494 414 1
496 167 0
496 414 1
498 326 0
498 414 0
498 866 0
498 942 0
501 239 0
501 346 0
501 414 0
501 851 0
502 414 0
359 414 0
504 414 0
506 414 1
506 654 0
507 414 0
509 414 0
511 414 1
516 414 0
516 915 0
915 414 0
520 414 1
521 414 1
524 414 0
524 485 0
524 351 0
531 414 0
531 600 0
600 414 0
532 414 0
533 414 0
533 870 0
534 414 0
535 414 1
536 204 0
536 414 0
538 414 0
539 152 1
539 433 0
541 414 0
542 300 0
544 414 0
544 548 0
545 414 0
546 414 0
971 414 0
551 414 1
556 3 0
556 174 0
556 414 0
557 414 0
560 230 0
560 414 0
561 414 0
562 414 1
564 414 0
565 414 0
567 233 0
567 414 1
568 414 0
569 414 0
570 74 0
570 573 0
570 103 0
573 74 0
573 350 0
573 414 0
571 414 0
571 620 0
571 891 0
620 414 0
620 891 0
891 414 0
572 414 1
572 533 0
577 414 0
580 414 0
581 414 0
583 414 0
585 148 0
585 278 1
585 414 1
585 382 0
586 414 0
587 35 0
587 414 0
587 911 0
590 251 0
590 414 0
595 414 0
596 414 0
599 369 0
599 639 0
639 369 0
639 414 0
602 414 0
603 414 0
604 414 0
606 414 0
606 901 0
901 414 1
607 414 1
608 414 0
610 414 0
610 637 0
610 824 0
637 414 1
824 414 0
824 637 0
612 759 0
759 414 0
613 53 0
613 414 0
615 414 0
617 414 0
617 740 0
617 786 0
740 414 0
786 740 0
619 414 0
963 414 0
622 361 0
622 414 0
624 414 1
626 414 0
627 408 1
627 414 0
628 414 0
629 414 1
630 414 0
631 298 1
631 414 0
632 414 0
633 414 0
633 821 0
633 946 0
821 414 0
821 946 1
634 414 0
635 414 0
636 414 0
638 414 0
640 137 0
640 448 0
641 208 0
641 414 0
641 780 1
641 827 1
780 208 0
780 414 0
642 359 0
642 414 1
642 503 0
644 414 0
645 414 0
646 414 0
647 414 1
649 183 0
649 414 0
649 476 0
650 414 0
655 414 0
657 414 0
659 414 0
660 414 0
661 414 0
662 165 1
662 414 0
664 414 0
665 414 0
669 283 0
669 414 0
672 414 0
674 414 0
678 414 1
679 414 1
680 414 0
682 414 1
685 414 0
686 257 0
686 414 0
686 472 0
686 523 0
687 414 0
688 414 0
689 193 1
689 414 1
689 579 0
689 975 0
690 414 0
691 414 0
693 414 0
695 96 0
695 299 0
695 414 0
696 414 0
697 414 1
698 606 0
700 414 0
701 414 0
702 414 0
703 414 0
703 591 1
704 16 1
704 200 0
704 310 0
704 414 0
705 414 0
705 424 0
705 262 0
706 414 0
706 932 1
932 414 0
932 445 0
932 549 1
932 271 0
932 150 0
708 414 1
711 414 1
713 414 0
713 637 0
716 414 0
719 135 0
719 414 0
719 725 0
719 979 0
725 414 0
725 979 0
720 414 1
724 414 1
724 426 0
726 414 0
727 414 0
728 414 0
781 414 0
730 414 0
731 256 0
731 456 0
733 414 1
735 413 0
735 414 0
735 658 0
735 932 0
736 183 0
736 414 1
737 184 0
737 820 0
820 184 0
739 414 0
741 414 1
743 414 0
744 414 0
746 414 0
749 101 0
749 414 0
751 414 0
752 414 0
752 606 0
752 698 0
753 414 0
753 447 0
755 414 1
757 414 0
758 351 0
758 414 1
758 47 0
761 414 0
762 414 0
763 414 0
764 414 0
766 414 1
770 414 0
772 414 0
773 414 1
774 101 0
774 414 0
774 749 0
775 310 0
775 414 0
776 414 0
779 45 0
784 414 0
787 414 0
788 69 1
788 80 0
788 414 0
788 926 0
926 80 0
926 414 0
926 894 1
789 183 1
789 414 1
790 414 0
792 414 0
793 414 1
795 414 0
797 414 1
797 438 0
797 871 0
871 414 0
871 438 0
798 414 0
799 414 0
800 414 0
801 414 0
802 387 0
802 414 0
802 525 0
804 414 0
804 762 1
807 414 0
808 414 1
811 414 0
814 414 0
815 414 0
816 414 0
817 306 0
817 414 0
819 414 0
823 414 0
828 414 1
828 864 1
829 414 1
830 414 1
833 414 1
835 414 0
837 414 0
837 508 0
838 414 1
839 414 0
839 944 0
839 964 1
944 414 0
964 944 0
841 279 0
841 414 0
841 111 0
843 414 1
845 414 0
846 414 0
848 414 0
849 414 1
850 414 0
853 92 0
853 163 0
853 414 1
854 414 0
855 265 0
855 414 0
856 414 0
858 144 0
858 439 0
859 321 0
859 414 1
859 975 0
860 414 0
861 414 0
862 414 0
863 414 0
867 78 0
867 414 0
869 414 0
872 414 0
876 414 1
882 414 0
883 414 0
883 935 0
884 414 0
885 414 0
886 414 0
887 183 0
887 414 0
888 324 0
888 414 1
890 414 0
890 837 0
890 912 0
912 837 0
893 414 0
895 234 0
895 414 0
896 414 0
898 78 0
898 414 1
898 867 0
900 414 1
902 158 1
902 273 1
902 414 0
904 414 1
906 414 0
908 414 0
910 414 0
913 414 0
916 414 0
917 414 0
918 236 0
918 414 0
918 420 0
919 255 0
919 414 0
919 897 0
920 170 0
920 714 0
921 414 0
922 148 1
922 414 0
922 495 0
923 414 0
927 13 0
927 30 0
927 414 1
931 414 0
933 414 1
934 414 0
936 306 0
936 817 0
938 414 0
939 414 0
941 414 0
943 414 1
945 45 0
945 414 1
945 779 0
949 414 0
951 414 1
952 414 0
952 851 0
953 300 0
953 414 1
953 542 0
955 414 0
957 363 1
957 404 0
957 414 0
961 414 0
962 16 0
962 348 0
962 414 0
962 704 0
965 71 0
965 414 0
965 465 0
966 414 0
968 414 0
969 414 0
969 601 1
969 269 0
970 414 0
972 414 1
973 414 0
974 414 0
977 414 0
977 695 1
978 414 0
982 414 1
984 414 0
985 414 0
985 743 0
986 414 0
987 414 1
988 414 0
990 414 0
991 414 0
992 414 0
993 414 0
993 879 0
998 414 0
