1 20 1
1 92 1
1 172 1
1 5 1
20 104 1
20 79 1
20 86 1
20 95 0
20 71 0
20 199 1
20 117 1
20 167 0
20 94 1
20 173 1
20 197 1
20 159 1
20 61 0
20 37 1
20 166 1
20 111 1
20 157 1
20 181 1
20 182 1
20 15 1
20 5 1
92 172 1
172 20 1
172 174 1
172 5 1
3 20 1
3 26 1
3 150 0
26 20 1
26 117 1
26 111 1
150 20 1
5 20 1
5 24 1
5 28 0
5 122 1
24 20 0
24 53 0
28 20 1
28 174 1
122 20 1
122 95 0
7 15 1
7 20 1
7 142 1
15 20 1
142 20 1
9 20 1
9 36 1
9 77 1
9 127 1
36 20 1
36 77 1
36 127 0
10 20 1
10 118 1
10 71 1
10 167 1
118 20 1
13 20 1
13 42 1
13 86 1
42 86 1
14 20 0
19 183 0
104 20 1
104 28 1
104 199 1
104 159 1
104 174 1
21 20 1
21 162 0
21 174 1
162 20 0
22 7 0
22 20 0
22 36 1
22 135 1
22 181 0
135 181 1
23 20 1
23 85 1
85 20 1
27 6 1
27 160 0
160 6 0
29 20 1
31 65 1
31 158 1
65 20 1
158 65 1
158 20 1
32 20 1
33 95 1
33 169 0
33 94 1
33 92 1
33 20 1
95 20 0
169 20 1
169 72 1
169 95 1
169 94 1
169 92 1
34 20 1
34 57 1
34 182 0
57 182 1
182 20 1
37 91 1
91 20 1
91 173 1
91 37 1
38 13 1
38 42 1
41 20 1
41 61 1
41 199 1
43 20 1
44 20 0
44 61 1
44 137 1
44 140 1
44 199 0
44 117 1
44 94 1
61 20 1
137 20 0
137 199 1
137 94 0
140 20 1
140 94 1
199 20 1
199 41 1
47 68 0
47 138 1
68 20 1
68 26 0
68 138 1
68 111 1
138 20 1
48 20 1
48 61 1
49 93 0
49 127 0
49 20 1
93 127 1
93 20 1
127 20 1
127 194 1
50 20 1
51 20 1
52 178 1
178 20 1
178 44 1
178 182 1
53 20 0
54 20 1
56 20 1
56 61 1
60 20 1
60 162 1
60 172 1
60 174 1
62 20 1
62 107 1
62 144 1
107 20 1
107 162 1
144 20 1
63 20 1
63 164 1
164 197 1
64 58 0
64 103 1
103 20 1
103 58 1
66 15 1
66 20 1
66 166 1
66 157 1
71 20 1
71 104 1
72 20 1
72 142 1
72 173 1
73 20 1
73 142 1
73 15 1
75 62 1
75 107 1
76 20 1
78 192 1
79 20 1
79 96 0
96 20 0
96 182 1
80 21 1
80 174 1
81 102 1
81 108 0
102 20 1
108 102 1
82 20 1
82 95 1
82 96 1
82 136 0
82 86 1
82 167 1
83 63 1
83 164 1
83 197 1
86 20 1
86 36 0
86 137 1
86 179 1
179 20 0
179 24 1
179 69 1
179 53 1
88 20 1
88 154 1
154 20 1
154 186 0
154 94 0
89 18 1
89 133 1
133 18 0
94 20 1
94 102 0
94 173 0
173 20 0
173 122 1
173 179 1
98 20 1
98 95 0
99 129 1
99 152 1
152 129 1
100 19 1
100 20 0
100 183 1
101 20 1
106 88 1
109 20 1
110 153 1
110 168 1
153 20 1
153 168 1
153 194 1
153 71 1
153 159 1
153 77 1
168 20 0
168 71 1
168 159 1
168 77 1
111 20 1
111 22 1
111 73 0
111 96 1
111 135 1
112 20 0
112 41 0
112 121 1
112 142 1
121 20 1
121 96 1
121 162 1
115 20 1
115 53 0
115 94 1
115 95 0
115 86 1
115 111 1
116 20 0
116 122 1
116 173 1
116 79 1
116 22 1
120 20 1
120 41 1
120 53 0
120 115 1
120 199 1
124 20 1
124 91 1
124 37 1
125 20 0
125 32 1
194 20 1
131 166 1
134 60 1
134 162 1
139 20 1
143 69 1
143 179 1
146 82 0
146 136 1
147 20 1
147 98 0
147 116 1
147 173 1
147 79 1
147 22 0
148 20 1
155 78 1
155 192 1
156 88 1
156 106 1
157 20 0
157 37 1
159 14 1
159 20 1
159 170 1
170 20 1
170 157 1
170 79 1
170 181 1
170 111 1
170 5 1
167 20 1
167 98 1
167 157 1
167 170 1
167 171 1
171 20 0
171 131 0
171 166 1
171 197 1
180 52 1
180 178 1
181 20 1
181 140 1
184 37 1
184 91 1
184 173 0
189 20 1
195 20 0
195 26 1
195 117 1
197 20 1
197 111 0
197 154 1
197 186 1
198 7 1
198 142 1
