1 20 0
1 92 1
1 172 1
1 5 1
20 104 1
20 79 1
20 86 0
20 95 1
20 71 1
20 199 1
20 117 1
20 167 1
20 94 1
20 173 0
20 197 0
20 159 0
20 61 1
20 37 0
20 166 1
20 111 0
20 157 0
20 181 0
20 182 0
20 15 0
20 5 1
92 172 1
172 20 0
172 174 0
172 5 0
3 20 0
3 26 0
3 150 0
26 20 0
26 117 1
26 111 1
150 20 0
5 20 1
5 24 0
5 28 0
5 122 1
24 20 0
24 53 1
28 20 1
28 174 0
122 20 0
122 95 1
7 15 1
7 20 1
7 142 1
15 20 0
142 20 0
9 20 1
9 36 0
9 77 1
9 127 0
36 20 1
36 77 0
36 127 1
10 20 1
10 118 1
10 71 0
10 167 1
118 20 0
13 20 1
13 42 1
13 86 0
42 86 1
14 20 1
19 183 1
104 20 1
104 28 1
104 199 1
104 159 1
104 174 1
21 20 1
21 162 0
21 174 1
162 20 1
22 7 1
22 20 0
22 36 0
22 135 0
22 181 0
135 181 0
23 20 0
23 85 0
85 20 0
27 6 1
27 160 1
160 6 1
29 20 1
31 65 1
31 158 1
65 20 0
158 65 1
158 20 0
32 20 1
33 95 1
33 169 0
33 94 0
33 92 1
33 20 1
95 20 1
169 20 0
169 72 1
169 95 1
169 94 0
169 92 1
34 20 1
34 57 0
34 182 1
57 182 0
182 20 0
37 91 0
91 20 1
91 173 1
91 37 0
38 13 0
38 42 0
41 20 0
41 61 1
41 199 1
43 20 1
44 20 1
44 61 1
44 137 1
44 140 0
44 199 0
44 117 1
44 94 0
61 20 0
137 20 0
137 199 0
137 94 0
140 20 0
140 94 0
199 20 1
199 41 1
47 68 0
47 138 0
68 20 0
68 26 0
68 138 0
68 111 0
138 20 1
48 20 0
48 61 1
49 93 0
49 127 0
49 20 1
93 127 1
93 20 0
127 20 1
127 194 1
50 20 0
51 20 0
52 178 0
178 20 0
178 44 1
178 182 0
53 20 0
54 20 1
56 20 0
56 61 0
60 20 0
60 162 0
60 172 1
60 174 1
62 20 1
62 107 1
62 144 0
107 20 0
107 162 1
144 20 0
63 20 1
63 164 0
164 197 1
64 58 0
64 103 0
103 20 1
103 58 1
66 15 0
66 20 0
66 166 0
66 157 1
71 20 1
71 104 0
72 20 1
72 142 1
72 173 0
73 20 1
73 142 1
73 15 1
75 62 0
75 107 0
76 20 0
78 192 0
79 20 0
79 96 0
96 20 1
96 182 0
80 21 1
80 174 0
81 102 0
81 108 1
102 20 0
108 102 0
82 20 1
82 95 0
82 96 1
82 136 0
82 86 1
82 167 1
83 63 1
83 164 1
83 197 0
86 20 1
86 36 0
86 137 0
86 179 0
179 20 1
179 24 0
179 69 1
179 53 1
88 20 1
88 154 0
154 20 0
154 186 0
154 94 1
89 18 0
89 133 0
133 18 1
94 20 0
94 102 1
94 173 0
173 20 1
173 122 1
173 179 0
98 20 0
98 95 0
99 129 1
99 152 0
152 129 0
100 19 0
100 20 1
100 183 0
101 20 0
106 88 1
109 20 1
110 153 0
110 168 1
153 20 1
153 168 1
153 194 0
153 71 1
153 159 1
153 77 1
168 20 1
168 71 0
168 159 1
168 77 1
111 20 1
111 22 1
111 73 1
111 96 0
111 135 1
112 20 0
112 41 1
112 121 0
112 142 0
121 20 0
121 96 0
121 162 1
115 20 0
115 53 0
115 94 1
115 95 1
115 86 1
115 111 1
116 20 0
116 122 0
116 173 1
116 79 1
116 22 0
120 20 1
120 41 0
120 53 1
120 115 0
120 199 0
124 20 1
124 91 0
124 37 0
125 20 0
125 32 0
194 20 1
131 166 0
134 60 0
134 162 0
139 20 0
143 69 0
143 179 1
146 82 0
146 136 1
147 20 0
147 98 1
147 116 0
147 173 1
147 79 1
147 22 0
148 20 0
155 78 1
155 192 1
156 88 0
156 106 1
157 20 1
157 37 1
159 14 1
159 20 1
159 170 1
170 20 1
170 157 1
170 79 1
170 181 1
170 111 0
170 5 0
167 20 0
167 98 0
167 157 1
167 170 0
167 171 0
171 20 1
171 131 0
171 166 1
171 197 1
180 52 0
180 178 0
181 20 1
181 140 1
184 37 0
184 91 0
184 173 1
189 20 1
195 20 0
195 26 0
195 117 0
197 20 0
197 111 0
197 154 0
197 186 0
198 7 1
198 142 1
