1 20 0
1 92 0
1 172 0
1 5 0
20 104 0
20 79 0
20 86 1
20 95 0
20 71 1
20 199 0
20 117 0
20 167 0
20 94 1
20 173 0
20 197 0
20 159 0
20 61 0
20 37 1
20 166 0
20 111 0
20 157 0
20 181 0
20 182 0
20 15 1
20 5 0
92 172 1
172 20 0
172 174 1
172 5 0
3 20 0
3 26 1
3 150 0
26 20 0
26 117 1
26 111 0
150 20 0
5 20 0
5 24 0
5 28 1
5 122 0
24 20 1
24 53 0
28 20 0
28 174 0
122 20 0
122 95 0
7 15 0
7 20 0
7 142 0
15 20 0
142 20 0
9 20 1
9 36 1
9 77 0
9 127 0
36 20 1
36 77 1
36 127 0
10 20 0
10 118 0
10 71 0
10 167 1
118 20 0
13 20 0
13 42 0
13 86 0
42 86 0
14 20 0
19 183 1
104 20 0
104 28 0
104 199 0
104 159 0
104 174 1
21 20 0
21 162 0
21 174 0
162 20 0
22 7 0
22 20 1
22 36 0
22 135 0
22 181 0
135 181 0
23 20 0
23 85 0
85 20 0
27 6 0
27 160 1
160 6 0
29 20 1
31 65 0
31 158 0
65 20 0
158 65 0
158 20 1
32 20 1
33 95 0
33 169 0
33 94 0
33 92 0
33 20 1
95 20 1
169 20 0
169 72 0
169 95 1
169 94 0
169 92 1
34 20 1
34 57 0
34 182 1
57 182 0
182 20 0
37 91 0
91 20 1
91 173 0
91 37 1
38 13 0
38 42 0
41 20 1
41 61 0
41 199 0
43 20 0
44 20 0
44 61 0
44 137 1
44 140 0
44 199 0
44 117 1
44 94 1
61 20 0
137 20 1
137 199 0
137 94 0
140 20 0
140 94 0
199 20 0
199 41 0
47 68 0
47 138 0
68 20 0
68 26 0
68 138 0
68 111 0
138 20 0
48 20 0
48 61 0
49 93 0
49 127 0
49 20 0
93 127 0
93 20 0
127 20 0
127 194 0
50 20 1
51 20 0
52 178 0
178 20 0
178 44 0
178 182 0
53 20 1
54 20 0
56 20 0
56 61 0
60 20 1
60 162 0
60 172 0
60 174 0
62 20 1
62 107 0
62 144 1
107 20 0
107 162 0
144 20 1
63 20 0
63 164 1
164 197 0
64 58 0
64 103 0
103 20 0
103 58 0
66 15 0
66 20 1
66 166 0
66 157 0
71 20 0
71 104 0
72 20 0
72 142 0
72 173 1
73 20 0
73 142 0
73 15 0
75 62 0
75 107 0
76 20 1
78 192 0
79 20 0
79 96 0
96 20 0
96 182 0
80 21 0
80 174 0
81 102 0
81 108 0
102 20 1
108 102 1
82 20 0
82 95 0
82 96 1
82 136 0
82 86 0
82 167 0
83 63 0
83 164 0
83 197 0
86 20 1
86 36 0
86 137 1
86 179 0
179 20 0
179 24 1
179 69 0
179 53 0
88 20 1
88 154 0
154 20 0
154 186 0
154 94 0
89 18 0
89 133 0
133 18 0
94 20 0
94 102 1
94 173 0
173 20 0
173 122 0
173 179 0
98 20 1
98 95 0
99 129 0
99 152 0
152 129 0
100 19 0
100 20 0
100 183 0
101 20 0
106 88 0
109 20 1
110 153 1
110 168 0
153 20 1
153 168 0
153 194 0
153 71 0
153 159 0
153 77 0
168 20 1
168 71 0
168 159 0
168 77 0
111 20 0
111 22 0
111 73 0
111 96 0
111 135 0
112 20 0
112 41 0
112 121 0
112 142 0
121 20 1
121 96 0
121 162 1
115 20 1
115 53 1
115 94 0
115 95 0
115 86 0
115 111 0
116 20 0
116 122 0
116 173 0
116 79 0
116 22 0
120 20 0
120 41 0
120 53 0
120 115 0
120 199 0
124 20 0
124 91 0
124 37 0
125 20 0
125 32 0
194 20 0
131 166 0
134 60 0
134 162 1
139 20 0
143 69 0
143 179 0
146 82 0
146 136 1
147 20 0
147 98 0
147 116 0
147 173 1
147 79 0
147 22 1
148 20 0
155 78 0
155 192 1
156 88 0
156 106 1
157 20 1
157 37 1
159 14 0
159 20 0
159 170 0
170 20 0
170 157 0
170 79 0
170 181 0
170 111 1
170 5 0
167 20 0
167 98 1
167 157 0
167 170 0
167 171 0
171 20 0
171 131 0
171 166 0
171 197 0
180 52 1
180 178 0
181 20 0
181 140 0
184 37 1
184 91 0
184 173 0
189 20 0
195 20 0
195 26 0
195 117 1
197 20 0
197 111 0
197 154 0
197 186 0
198 7 0
198 142 0
