1 20 1
1 92 1
1 172 0
1 7 0
20 104 1
20 21 1
20 82 1
20 110 1
20 77 1
20 167 1
20 173 0
20 95 0
20 111 0
20 53 0
20 199 1
20 61 1
20 7 0
20 174 0
20 86 0
20 6 0
20 92 0
20 142 0
20 23 0
20 71 0
92 172 0
172 20 1
172 22 1
172 7 0
3 20 1
3 26 1
3 150 0
3 77 0
3 111 0
26 20 0
26 117 1
26 71 0
150 20 1
5 20 0
5 24 0
5 28 1
5 122 1
24 20 0
24 199 1
28 20 1
28 102 1
28 156 0
122 20 0
122 173 0
122 6 1
7 15 1
7 20 1
7 142 0
15 20 0
142 20 0
142 38 1
142 7 1
9 20 1
9 36 0
9 77 0
36 20 1
36 77 1
36 199 0
10 20 0
10 118 0
118 20 1
13 20 1
13 42 0
42 20 0
14 20 0
14 82 0
19 183 1
104 20 0
104 28 0
104 102 1
104 156 0
104 95 0
21 20 0
21 162 1
21 174 1
162 20 0
162 167 0
162 61 0
22 7 0
22 20 1
22 36 0
22 135 0
22 71 0
23 20 1
23 85 1
85 20 0
27 6 1
27 160 1
160 6 0
29 20 0
31 65 0
31 158 1
65 181 1
158 65 1
158 181 1
32 20 1
32 95 1
32 61 0
33 95 0
33 169 0
95 20 0
169 20 0
169 72 1
169 95 1
169 142 0
169 5 1
169 166 0
34 20 1
34 57 0
34 182 0
57 182 0
182 20 0
37 91 1
91 20 1
38 13 1
38 42 1
41 20 0
43 20 1
44 20 0
44 61 0
44 137 0
44 140 1
44 199 0
44 52 0
44 173 1
44 142 1
44 95 1
61 20 0
137 20 0
137 199 1
137 95 1
140 20 1
140 52 0
140 95 0
199 20 0
199 41 1
47 68 1
47 138 1
68 20 0
68 26 1
68 138 0
68 71 0
138 20 0
48 20 1
48 61 1
49 93 1
49 127 0
93 127 0
127 20 0
127 194 0
50 20 1
51 20 1
52 178 1
178 20 1
178 44 0
178 182 0
53 20 1
54 20 0
56 20 0
56 61 0
56 199 1
60 20 1
60 162 1
60 172 0
60 22 0
62 20 1
62 107 1
62 144 0
107 20 1
107 162 1
107 86 0
144 20 0
144 53 1
63 20 1
63 164 1
64 58 0
64 103 1
103 20 0
103 58 0
66 15 1
66 20 1
71 20 1
71 104 1
72 20 0
72 142 0
72 173 0
72 5 1
72 167 1
72 166 0
73 20 1
73 142 1
75 62 1
75 107 1
75 86 1
76 20 0
78 192 0
79 20 0
79 96 1
96 20 0
80 21 0
80 174 0
81 102 1
81 108 0
102 20 1
108 102 1
82 20 1
82 95 1
82 96 1
82 136 0
83 63 1
83 164 1
86 20 1
86 36 0
86 137 1
86 179 1
179 20 0
179 24 1
179 69 1
179 95 1
88 20 0
88 154 0
154 20 0
154 186 1
154 53 1
89 18 0
89 133 0
133 18 1
94 20 0
94 102 1
94 173 1
173 20 0
173 122 1
173 179 1
173 86 0
98 20 0
99 129 0
99 152 1
129 199 1
129 20 1
152 129 1
152 199 0
152 20 0
100 19 1
100 20 0
100 183 1
101 20 0
106 88 1
109 20 0
110 153 0
110 168 0
153 20 0
153 168 0
153 194 1
153 173 1
168 20 1
168 173 1
111 20 1
111 22 1
111 73 1
111 96 1
111 135 1
112 20 1
112 41 1
112 121 1
112 142 0
121 20 0
121 96 0
121 162 1
121 167 1
121 61 1
115 20 0
115 53 1
115 94 0
115 95 1
115 110 0
116 20 0
116 122 1
116 173 0
116 95 1
116 182 0
116 86 1
116 61 0
120 20 0
120 41 1
120 53 0
120 115 0
120 199 1
120 167 1
124 20 1
124 91 1
125 20 0
125 32 1
194 20 1
194 7 0
194 23 1
131 166 0
134 60 0
134 162 1
139 20 0
143 69 1
143 179 0
69 20 0
146 82 1
146 136 1
147 20 1
147 98 0
147 116 1
147 173 1
147 182 1
147 86 0
147 92 1
148 20 0
155 78 0
155 192 1
156 88 1
156 106 1
157 20 1
159 14 1
159 20 0
159 170 1
170 20 0
170 157 0
170 21 0
170 174 0
167 20 0
167 98 0
167 157 0
167 170 0
167 171 1
171 20 1
171 131 1
171 166 1
180 52 1
180 178 1
181 20 1
181 140 0
184 37 0
184 91 0
189 20 0
195 20 1
195 26 1
195 117 1
197 20 1
197 111 1
197 154 1
197 186 0
198 7 1
198 142 1
198 38 1
