1 20 0
1 92 0
1 172 1
1 7 0
20 104 1
20 21 0
20 82 0
20 110 0
20 77 0
20 167 0
20 173 1
20 95 0
20 111 0
20 53 0
20 199 0
20 61 0
20 7 0
20 174 1
20 86 0
20 6 0
20 92 0
20 142 0
20 23 1
20 71 0
92 172 0
172 20 1
172 22 0
172 7 0
3 20 0
3 26 0
3 150 1
3 77 0
3 111 0
26 20 0
26 117 1
26 71 1
150 20 0
5 20 0
5 24 0
5 28 0
5 122 0
24 20 0
24 199 0
28 20 0
28 102 0
28 156 0
122 20 0
122 173 0
122 6 0
7 15 0
7 20 1
7 142 1
15 20 0
142 20 0
142 38 0
142 7 0
9 20 0
9 36 0
9 77 0
36 20 0
36 77 0
36 199 0
10 20 0
10 118 1
118 20 0
13 20 0
13 42 0
42 20 1
14 20 0
14 82 1
19 183 0
104 20 1
104 28 1
104 102 0
104 156 0
104 95 0
21 20 0
21 162 0
21 174 1
162 20 0
162 167 0
162 61 0
22 7 0
22 20 0
22 36 0
22 135 0
22 71 1
23 20 0
23 85 0
85 20 0
27 6 0
27 160 0
160 6 0
29 20 1
31 65 0
31 158 0
65 181 0
158 65 0
158 181 0
32 20 0
32 95 0
32 61 0
33 95 0
33 169 0
95 20 1
169 20 0
169 72 0
169 95 1
169 142 0
169 5 0
169 166 0
34 20 0
34 57 1
34 182 0
57 182 0
182 20 0
37 91 0
91 20 1
38 13 0
38 42 0
41 20 0
43 20 0
44 20 0
44 61 0
44 137 0
44 140 0
44 199 0
44 52 1
44 173 0
44 142 0
44 95 0
61 20 0
137 20 0
137 199 0
137 95 0
140 20 0
140 52 0
140 95 0
199 20 0
199 41 0
47 68 0
47 138 0
68 20 0
68 26 0
68 138 0
68 71 0
138 20 1
48 20 0
48 61 0
49 93 1
49 127 0
93 127 0
127 20 0
127 194 0
50 20 0
51 20 0
52 178 0
178 20 0
178 44 1
178 182 0
53 20 0
54 20 0
56 20 1
56 61 0
56 199 0
60 20 1
60 162 0
60 172 0
60 22 0
62 20 0
62 107 0
62 144 0
107 20 0
107 162 0
107 86 0
144 20 0
144 53 1
63 20 1
63 164 0
64 58 0
64 103 1
103 20 0
103 58 1
66 15 1
66 20 0
71 20 0
71 104 0
72 20 0
72 142 1
72 173 0
72 5 0
72 167 0
72 166 0
73 20 1
73 142 0
75 62 0
75 107 0
75 86 0
76 20 0
78 192 1
79 20 0
79 96 0
96 20 0
80 21 0
80 174 0
81 102 0
81 108 0
102 20 0
108 102 0
82 20 1
82 95 0
82 96 0
82 136 1
83 63 1
83 164 0
86 20 0
86 36 0
86 137 0
86 179 0
179 20 0
179 24 0
179 69 0
179 95 0
88 20 0
88 154 1
154 20 0
154 186 0
154 53 0
89 18 0
89 133 1
133 18 0
94 20 0
94 102 0
94 173 0
173 20 0
173 122 0
173 179 0
173 86 1
98 20 0
99 129 0
99 152 0
129 199 0
129 20 0
152 129 1
152 199 0
152 20 0
100 19 0
100 20 0
100 183 0
101 20 0
106 88 0
109 20 0
110 153 0
110 168 0
153 20 0
153 168 0
153 194 1
153 173 0
168 20 0
168 173 0
111 20 0
111 22 0
111 73 0
111 96 0
111 135 0
112 20 0
112 41 1
112 121 0
112 142 0
121 20 0
121 96 0
121 162 1
121 167 0
121 61 0
115 20 0
115 53 0
115 94 1
115 95 1
115 110 0
116 20 0
116 122 0
116 173 0
116 95 0
116 182 0
116 86 1
116 61 0
120 20 0
120 41 0
120 53 0
120 115 0
120 199 0
120 167 1
124 20 0
124 91 0
125 20 0
125 32 0
194 20 0
194 7 0
194 23 0
131 166 0
134 60 1
134 162 1
139 20 1
143 69 1
143 179 1
69 20 0
146 82 0
146 136 0
147 20 0
147 98 0
147 116 1
147 173 0
147 182 0
147 86 0
147 92 0
148 20 1
155 78 0
155 192 0
156 88 1
156 106 0
157 20 0
159 14 0
159 20 1
159 170 0
170 20 0
170 157 0
170 21 0
170 174 0
167 20 0
167 98 0
167 157 0
167 170 1
167 171 0
171 20 0
171 131 0
171 166 0
180 52 0
180 178 1
181 20 0
181 140 0
184 37 1
184 91 0
189 20 0
195 20 0
195 26 0
195 117 0
197 20 0
197 111 0
197 154 0
197 186 0
198 7 1
198 142 0
198 38 0
