0 337 1
0 349 1
337 238 1
337 6 0
337 251 0
337 395 0
337 23 0
337 189 0
337 203 0
337 110 0
337 82 0
337 370 0
337 135 1
337 58 1
337 7 0
337 196 0
337 59 0
337 167 0
337 374 0
337 103 0
337 117 0
337 287 0
337 223 1
337 365 0
337 52 0
337 53 1
337 315 0
337 108 0
337 190 0
337 359 0
337 178 0
337 13 0
337 277 0
337 351 1
337 302 0
337 199 0
337 118 0
337 358 1
337 262 0
337 317 1
337 291 1
337 79 0
337 68 0
337 62 0
337 245 1
349 246 0
349 337 0
349 287 0
1 292 0
1 337 0
1 359 1
292 337 0
292 372 0
292 387 1
359 337 0
2 337 0
3 75 0
3 337 0
75 309 0
75 337 0
75 333 0
75 6 1
4 289 0
4 337 0
4 367 0
289 110 1
289 337 0
289 352 0
289 374 0
289 203 0
367 337 0
6 51 0
6 337 0
51 337 1
7 116 0
7 142 1
7 337 0
116 337 0
8 337 0
9 1 0
9 337 0
9 359 0
10 14 0
10 54 0
10 337 0
14 337 0
54 337 0
11 328 1
11 337 0
328 337 0
328 20 0
13 29 1
13 337 0
29 337 1
29 7 1
29 374 0
15 337 1
16 68 0
16 337 0
16 399 1
68 337 1
68 384 0
399 337 0
17 337 0
20 296 0
20 337 0
296 103 0
296 337 1
296 365 1
21 337 0
22 80 0
22 135 0
80 337 1
80 352 0
135 14 0
135 80 0
135 337 0
135 367 0
23 93 0
23 332 0
23 337 0
23 378 0
93 327 1
93 337 0
332 337 0
378 159 0
378 337 0
24 337 0
24 246 1
25 91 1
25 247 0
25 337 0
25 388 1
91 337 0
247 123 0
247 194 0
247 289 0
247 337 0
388 34 0
388 337 0
28 337 0
31 65 0
31 337 1
31 358 0
65 103 1
65 337 0
65 238 0
65 358 0
358 65 0
358 337 0
358 58 1
32 7 0
32 337 1
32 359 0
33 169 0
33 337 1
169 16 1
169 57 0
169 337 0
34 337 0
35 337 0
36 337 0
37 91 1
37 159 0
37 337 1
159 33 0
159 337 0
38 284 0
38 309 0
38 337 0
284 337 0
309 337 1
42 337 0
43 337 0
44 337 0
47 268 0
47 338 0
268 337 0
268 338 0
268 344 0
268 382 0
268 173 0
338 337 0
338 173 0
48 160 0
48 337 0
48 367 0
48 317 0
160 6 1
160 74 0
160 337 0
160 374 0
49 102 0
49 337 0
102 337 0
50 337 0
53 337 0
57 311 0
57 337 0
57 364 0
57 110 0
311 364 1
364 337 0
58 200 0
58 220 0
58 255 0
58 337 0
58 370 0
58 196 0
200 337 0
220 337 0
255 337 0
59 2 0
59 24 0
59 208 0
59 337 0
208 337 0
208 351 0
60 260 0
60 337 0
60 277 0
260 337 0
61 337 0
62 277 0
62 307 1
62 337 0
277 307 0
277 337 0
277 339 0
307 337 1
307 302 0
63 164 0
63 337 0
64 24 1
64 58 1
64 303 0
64 337 1
64 246 1
64 251 0
64 108 0
303 58 0
303 176 0
303 337 0
103 337 0
384 337 0
69 276 1
69 337 0
276 232 0
276 337 0
276 383 0
70 7 0
70 139 0
70 337 0
70 117 0
139 337 1
74 246 0
74 337 0
246 337 0
76 337 0
77 171 0
171 337 0
78 293 0
78 337 0
79 337 0
79 370 0
370 337 0
352 329 0
352 337 0
81 102 0
81 108 1
81 171 0
81 337 0
81 374 0
81 53 0
81 52 0
108 102 1
108 175 0
108 279 0
108 336 0
108 337 0
108 103 1
374 207 0
374 337 1
82 136 0
82 282 1
82 337 1
136 337 0
136 315 1
282 337 0
83 63 0
83 164 0
85 102 0
85 337 0
86 82 0
86 337 1
87 337 0
88 175 0
88 237 0
88 337 0
175 337 0
237 2 0
237 337 0
89 308 0
89 337 0
308 337 0
92 76 0
92 158 0
92 337 0
92 62 0
158 337 0
327 337 0
95 337 1
95 398 0
96 231 0
96 337 1
231 126 1
231 337 0
97 337 0
98 287 0
98 337 0
98 13 0
287 62 0
287 152 1
287 337 0
99 147 0
99 329 0
99 337 0
99 352 0
147 173 1
147 316 1
147 337 0
147 23 0
329 126 0
329 337 0
101 64 1
101 74 0
101 337 0
104 337 0
106 88 0
106 337 0
279 116 1
279 312 0
279 337 0
336 337 0
336 383 0
109 33 1
109 337 1
110 337 0
111 62 1
111 308 1
111 337 0
113 24 0
113 337 0
115 337 0
117 1 0
117 292 1
117 337 0
118 8 1
118 159 0
118 337 0
120 315 0
120 337 0
120 199 1
315 337 0
315 362 0
123 337 0
125 33 0
125 337 0
126 337 1
127 68 0
127 337 1
127 381 1
381 337 1
130 337 0
131 34 0
131 337 0
131 355 0
131 366 0
355 337 0
355 291 0
366 355 0
133 199 0
133 218 0
133 239 0
133 337 1
133 374 1
199 218 0
199 337 0
218 337 0
239 213 1
239 337 0
134 305 1
134 337 1
305 337 0
137 16 1
137 197 0
137 337 0
137 399 0
137 82 0
137 395 1
197 95 0
197 333 0
197 337 1
197 352 0
197 354 0
138 337 0
140 337 0
140 371 0
371 95 1
371 337 1
371 398 0
141 337 0
144 74 0
144 337 0
145 35 0
145 337 0
173 337 0
316 173 0
316 337 0
316 245 0
148 212 0
148 337 0
212 337 0
212 351 1
149 337 0
150 337 0
151 134 1
151 337 1
152 337 0
153 302 0
153 337 0
302 163 0
302 243 0
302 337 0
154 82 1
154 337 1
154 374 0
155 211 0
155 337 0
211 337 0
156 88 0
156 106 0
157 79 0
157 337 0
162 337 0
163 137 0
163 337 0
165 60 0
165 289 0
165 337 1
166 337 1
167 337 0
167 347 0
347 337 0
170 78 0
170 293 0
172 52 0
172 180 0
180 52 0
180 218 0
180 337 0
174 231 0
174 337 0
174 343 0
174 379 0
343 79 0
343 139 0
343 337 1
343 379 0
379 337 0
379 223 0
176 337 1
176 262 0
177 337 0
178 110 1
178 289 0
178 337 0
178 374 0
181 188 0
181 337 0
188 337 0
188 190 0
188 178 0
183 337 0
184 37 0
184 91 0
184 337 0
187 337 0
189 315 0
189 337 0
189 368 0
368 219 0
368 300 1
368 337 1
368 367 0
368 6 0
368 68 1
190 197 0
190 337 1
191 151 0
191 337 0
194 250 0
194 332 0
194 337 0
194 79 0
250 337 0
195 26 0
195 167 0
195 316 0
195 337 0
196 337 0
333 120 0
333 337 0
354 333 0
354 337 0
198 34 1
198 255 0
198 337 0
198 374 0
203 282 0
203 337 1
206 337 0
207 337 0
351 337 1
209 154 0
209 337 0
210 70 0
210 337 0
213 337 0
215 323 1
215 337 0
323 237 0
323 337 0
216 53 0
216 337 0
221 75 0
221 337 0
221 353 0
353 75 0
353 337 0
353 333 0
223 337 0
223 354 0
224 337 0
225 337 0
225 52 1
225 178 0
227 6 1
227 160 1
227 337 0
229 249 1
229 337 0
229 370 0
249 93 0
249 312 0
249 327 0
249 328 0
249 337 0
249 20 0
230 337 0
232 337 0
234 257 0
234 221 0
257 221 0
235 95 0
235 337 0
236 77 0
236 171 1
240 303 1
240 337 0
243 337 0
243 365 1
243 167 0
365 312 1
365 337 1
244 137 0
244 399 0
245 178 0
245 197 1
245 250 0
245 326 0
245 337 1
245 339 0
326 249 0
326 337 0
339 337 0
312 275 0
312 337 0
312 59 0
251 225 0
251 279 0
251 337 0
251 383 1
383 234 0
383 257 0
383 337 0
253 9 0
253 291 0
253 337 1
291 9 0
291 337 0
256 175 0
256 337 1
256 118 0
262 308 1
262 337 0
263 337 0
267 312 0
267 337 0
344 85 0
344 147 0
344 177 0
344 337 0
344 370 0
344 189 0
344 302 1
382 26 1
382 195 1
382 256 0
382 337 0
269 167 0
269 337 0
269 347 0
273 103 0
273 337 1
273 361 1
361 115 0
361 337 1
361 399 0
275 337 0
278 275 0
278 337 0
278 392 1
392 275 0
392 337 0
392 395 0
281 7 0
281 142 0
281 337 1
283 337 0
283 341 1
283 135 0
341 149 0
341 328 1
341 337 0
285 127 1
285 337 0
285 371 0
286 337 0
288 14 0
288 250 0
288 337 0
290 14 0
290 102 1
290 127 0
290 337 0
290 351 0
372 337 0
387 337 0
298 337 0
299 337 0
300 219 1
300 337 0
301 331 0
301 337 0
331 337 1
310 153 0
310 302 0
310 337 0
313 180 0
313 337 1
313 364 0
314 166 0
314 331 0
314 337 0
362 337 0
362 365 0
317 337 0
317 354 0
319 329 0
319 337 0
320 76 0
320 337 0
321 337 1
322 158 1
322 180 0
322 337 0
322 365 0
322 374 0
324 337 0
334 337 0
334 351 0
335 337 0
340 337 0
345 196 0
345 321 0
345 333 0
345 337 0
346 82 1
346 91 0
346 136 0
346 291 0
346 337 0
348 85 1
348 337 0
348 343 0
348 367 0
357 33 0
357 169 0
357 337 0
373 299 1
373 337 0
377 337 0
385 337 0
385 399 0
386 238 0
386 337 0
394 337 1
395 120 0
395 315 0
395 337 0
396 101 0
396 337 1
