0 156 1
156 177 1
156 559 1
156 414 1
156 503 0
156 607 1
156 612 1
156 439 1
156 543 0
156 549 0
156 110 0
156 119 1
156 151 1
156 640 0
156 22 1
156 415 1
156 391 1
156 639 0
1 156 1
3 156 1
4 156 0
4 694 1
694 156 0
694 408 1
6 156 1
8 156 1
10 156 1
13 156 0
14 688 1
688 156 1
15 30 0
15 156 1
30 156 1
16 156 1
17 156 0
17 408 1
17 694 1
17 559 1
18 539 1
18 554 1
18 421 1
539 156 1
539 628 1
539 421 1
554 156 1
554 539 0
19 258 1
21 614 1
614 156 1
22 156 1
23 197 1
197 684 1
25 269 1
25 439 0
269 156 1
269 439 1
439 156 1
439 573 1
26 156 1
28 156 0
29 272 0
29 327 1
272 156 1
272 327 1
272 591 1
272 620 1
327 156 0
31 156 1
33 156 1
34 640 1
640 156 0
35 160 1
35 445 0
160 156 1
160 445 0
160 391 1
445 156 1
445 224 1
38 156 1
38 257 1
257 156 0
39 662 1
39 715 1
662 156 0
715 662 1
41 789 1
41 655 1
42 151 0
151 156 1
44 7 1
44 366 1
366 7 1
366 156 1
46 156 1
48 127 1
48 156 1
127 156 1
49 199 1
199 156 1
199 362 1
199 448 1
51 156 1
51 295 1
51 691 1
295 691 1
52 740 1
53 156 1
54 21 1
54 156 0
54 614 0
55 156 1
55 308 1
55 564 1
308 564 1
57 172 1
57 784 1
172 156 1
784 172 1
62 156 0
64 156 1
64 607 1
65 247 1
65 690 0
690 247 0
67 37 1
67 156 0
68 127 0
68 142 1
68 156 1
142 127 0
142 156 0
69 156 1
70 156 1
71 80 1
73 156 1
73 739 0
73 287 1
739 156 1
739 493 0
739 287 0
75 195 1
75 658 0
195 156 1
77 685 0
81 76 1
81 339 1
339 76 0
83 156 1
83 303 1
83 733 1
303 733 1
84 156 1
84 489 0
84 616 1
489 616 1
85 156 1
86 156 1
87 156 1
91 156 0
91 391 1
391 156 1
92 407 1
92 602 1
407 602 1
602 156 1
94 156 1
95 156 1
97 190 1
97 292 1
292 190 1
98 156 1
99 156 1
99 442 0
99 676 1
442 156 1
676 442 1
100 244 1
100 300 1
100 281 1
244 156 1
244 300 1
244 281 1
300 156 1
101 414 1
414 156 1
102 156 1
102 168 1
102 623 0
623 156 0
623 168 1
103 88 0
103 156 1
103 188 1
188 88 1
105 156 0
106 156 1
110 156 1
112 156 1
112 167 0
112 732 1
167 732 1
732 156 1
732 397 1
113 130 1
113 332 1
332 130 1
332 156 0
114 156 0
115 592 1
115 652 1
592 652 1
122 156 0
126 156 1
128 156 0
129 156 1
132 156 1
133 156 1
134 56 1
134 156 1
134 474 1
474 56 1
474 156 0
474 200 1
135 156 0
135 760 1
135 778 1
760 156 1
760 332 1
778 760 1
139 156 1
140 156 1
144 210 1
144 712 1
144 359 0
210 712 1
210 359 1
712 156 0
147 156 0
149 156 1
149 632 1
150 156 1
154 49 1
154 199 1
157 156 1
162 156 1
162 393 1
393 156 1
163 156 1
163 719 0
719 156 0
164 156 0
164 647 1
166 156 0
169 290 1
169 565 0
290 565 1
565 156 1
170 156 1
171 156 0
173 156 1
175 502 0
178 0 1
178 156 1
178 331 1
331 0 1
331 156 1
180 156 1
183 86 1
184 156 1
184 119 1
185 156 1
186 156 1
186 766 1
766 156 1
187 756 1
756 156 1
189 156 1
189 532 1
189 534 1
532 95 1
532 156 1
532 237 1
534 156 1
191 156 1
193 397 1
397 156 1
198 156 0
198 281 0
198 593 1
281 156 1
281 414 1
593 281 1
362 156 1
448 34 1
448 156 1
448 640 1
448 110 1
200 156 1
201 156 1
205 156 0
205 381 1
206 156 1
206 649 1
649 156 1
207 141 1
207 156 0
208 156 1
209 12 1
209 156 0
209 614 0
211 156 1
213 90 1
214 108 1
214 497 1
497 108 1
497 156 1
215 9 1
215 156 1
215 409 1
9 183 1
409 156 0
216 26 1
216 156 1
216 467 1
217 156 0
220 156 1
220 224 1
224 156 1
223 32 1
225 156 1
226 156 1
227 717 1
227 493 1
230 224 1
231 364 1
231 783 1
364 98 1
364 156 1
364 783 1
232 156 1
233 156 1
234 156 1
234 233 0
236 156 1
237 156 0
238 156 0
238 317 1
238 400 1
317 400 1
317 350 1
400 350 1
242 156 1
242 198 1
242 471 1
242 759 1
759 156 1
759 471 1
243 156 1
243 309 1
243 431 1
431 309 0
245 156 1
246 686 0
246 768 1
686 156 1
768 156 1
768 686 1
248 156 0
249 46 1
249 156 0
249 181 1
249 781 1
249 503 1
249 623 1
781 156 1
781 181 1
781 623 1
250 156 1
251 2 1
251 367 1
367 2 0
253 101 1
253 414 1
255 59 1
255 454 1
454 59 1
454 140 1
454 156 1
260 156 0
260 387 1
261 156 0
262 156 1
264 156 1
265 349 1
265 736 1
349 736 1
736 156 1
736 522 1
268 156 1
270 156 1
271 156 1
591 156 1
591 527 1
620 156 1
277 156 1
277 211 1
277 572 1
572 156 1
279 313 1
279 418 1
418 313 0
282 156 1
282 516 0
282 671 1
671 516 1
283 156 1
284 156 0
284 767 0
767 156 1
285 28 1
285 156 1
286 156 1
287 156 1
287 533 0
533 156 1
288 37 1
288 67 1
289 156 1
291 156 1
291 385 1
291 648 1
291 277 1
385 156 0
648 156 1
648 385 1
648 277 1
298 156 1
299 12 1
299 156 1
299 209 0
301 156 0
301 184 1
304 162 1
304 393 1
305 156 1
306 156 0
310 156 0
310 737 1
310 791 0
737 156 1
791 737 1
311 423 1
311 653 1
423 653 0
423 291 0
653 291 1
318 156 1
319 156 0
321 156 1
322 465 1
324 14 1
324 688 0
325 156 1
326 156 1
330 698 1
698 156 1
333 23 1
333 156 1
333 197 0
333 684 1
334 156 0
334 271 1
334 550 1
334 549 1
550 271 0
336 156 1
336 596 1
337 156 1
340 156 1
340 501 1
501 156 1
501 306 1
501 337 1
341 89 1
341 156 1
341 238 1
342 147 1
342 156 1
344 498 1
344 359 0
344 422 1
345 156 1
345 388 0
345 534 1
345 549 1
345 748 1
345 740 1
388 156 1
388 534 1
549 156 1
748 156 1
748 520 1
748 740 0
346 20 1
346 110 1
348 60 0
350 138 1
350 156 1
350 466 0
466 138 1
466 156 1
351 156 0
352 41 0
352 156 1
352 789 1
352 655 1
355 75 1
355 195 1
355 658 0
357 156 0
358 156 1
359 83 1
359 156 1
360 156 1
360 205 1
360 381 0
361 156 1
363 156 1
365 156 1
368 119 1
368 390 1
390 119 1
369 156 1
369 450 1
369 604 1
450 156 1
450 604 1
604 156 1
604 443 1
370 344 1
370 498 1
370 359 1
370 422 1
371 156 0
371 534 1
371 713 1
371 773 1
371 508 1
713 773 1
713 508 1
373 156 1
374 156 1
375 156 1
375 361 1
375 622 1
622 156 1
376 156 1
377 156 1
378 156 1
379 9 0
379 215 1
379 183 1
380 156 1
382 139 1
382 492 0
492 139 0
384 156 1
386 90 1
386 156 0
386 213 1
386 799 1
799 156 0
392 60 1
392 156 1
392 348 1
394 156 1
394 158 0
394 469 1
394 686 1
469 158 1
469 686 0
395 156 1
396 749 1
396 477 1
396 310 1
749 156 0
399 156 1
401 20 0
401 110 1
401 156 1
401 346 0
401 688 1
402 28 1
402 156 0
402 659 1
659 28 1
403 156 0
404 156 1
405 156 1
410 156 1
412 156 1
415 117 1
415 156 1
415 449 1
449 117 0
449 156 1
449 543 1
416 156 0
417 156 1
419 156 1
420 175 1
420 502 1
421 522 1
522 156 1
522 559 1
422 156 1
422 432 0
432 156 1
428 527 1
428 591 1
428 327 1
527 327 0
433 156 1
434 156 1
435 156 1
435 273 1
435 430 0
273 430 1
436 156 1
573 156 0
443 156 1
446 156 1
451 520 1
451 748 1
451 287 1
520 287 1
452 156 1
455 156 1
457 164 1
457 558 1
457 647 1
558 64 1
558 156 1
558 164 1
458 156 1
459 180 0
460 156 1
461 196 1
461 647 0
647 196 1
464 156 1
468 19 1
468 258 1
470 71 1
470 80 1
470 156 0
472 521 1
472 706 1
472 565 1
472 655 0
521 706 1
521 565 1
521 655 1
706 156 1
706 668 1
473 156 1
473 396 1
473 749 1
473 477 1
473 310 1
475 156 1
476 156 0
476 340 1
476 501 1
477 156 1
477 224 0
477 674 1
477 699 1
674 156 1
699 156 1
478 156 1
478 212 1
478 540 1
540 212 0
479 156 0
481 156 0
483 322 1
483 465 1
484 156 1
493 156 1
494 156 1
495 444 1
495 628 1
628 156 1
628 444 0
499 156 1
500 424 0
500 682 0
682 424 0
503 156 1
503 243 1
503 416 1
504 156 1
507 156 1
508 73 1
508 739 0
509 156 1
511 260 0
511 387 1
513 319 1
513 679 1
679 319 1
514 156 1
514 570 1
514 678 1
678 156 0
678 401 0
678 570 1
515 156 1
515 504 1
517 156 0
518 42 1
518 151 0
518 156 1
518 612 1
519 156 1
523 156 1
523 543 1
543 156 1
525 156 0
526 156 1
528 156 1
535 577 1
535 744 1
744 577 1
538 156 1
542 156 1
542 177 1
544 156 0
544 448 1
544 743 0
551 156 1
553 156 1
555 410 1
556 571 0
557 156 0
557 217 0
557 443 1
559 410 1
559 555 1
561 156 1
561 494 0
562 156 0
563 156 1
566 156 1
568 156 1
568 430 1
568 791 1
569 156 1
574 32 1
574 156 1
574 223 1
576 82 1
576 625 1
625 82 0
578 30 0
580 77 1
580 685 1
581 274 1
582 156 1
582 770 0
583 254 1
583 777 1
777 254 1
584 156 0
585 156 1
587 693 1
693 156 1
588 89 0
588 341 1
589 156 1
590 416 1
590 503 0
594 153 1
594 156 0
594 612 1
594 766 0
594 216 1
153 766 1
153 216 0
612 153 1
595 156 0
597 16 0
597 156 1
598 359 1
599 156 1
599 334 1
599 604 1
600 206 0
600 649 1
601 156 1
601 477 1
601 674 1
603 156 1
603 518 1
603 151 1
605 156 1
607 156 0
607 766 1
608 156 1
609 86 0
609 156 0
609 183 1
609 249 0
609 22 1
610 211 1
610 277 1
611 156 0
613 494 1
613 561 1
618 156 1
621 156 1
621 460 1
626 22 1
626 156 1
626 721 1
721 22 1
627 156 0
629 156 0
629 799 1
634 422 1
634 432 0
635 156 0
636 375 1
636 622 1
639 544 1
639 743 1
641 156 1
642 156 0
642 157 1
642 224 1
642 230 0
642 525 1
644 156 1
645 156 1
646 156 0
650 156 0
650 193 1
650 397 0
650 566 1
654 156 1
654 594 1
655 156 1
655 336 1
655 596 1
656 587 1
656 693 1
657 52 0
657 740 1
658 46 1
658 156 1
661 141 1
661 207 1
664 156 1
666 156 1
666 737 1
667 156 1
667 591 1
667 664 1
667 714 0
667 415 1
714 33 1
714 156 0
668 156 1
668 391 1
670 156 1
670 273 1
670 435 1
673 95 1
673 156 1
680 330 1
680 698 1
684 156 1
684 170 1
684 227 1
684 369 1
684 717 1
684 493 0
687 156 1
689 289 1
689 708 1
689 701 1
708 156 0
708 289 1
708 701 1
692 421 1
692 522 0
692 559 1
701 156 0
701 274 1
701 581 1
702 156 1
702 436 1
703 504 1
703 515 1
704 156 1
705 156 1
707 156 1
707 523 1
707 543 1
707 639 1
709 156 1
709 556 1
709 571 1
716 30 1
716 156 1
716 578 1
718 156 1
720 156 0
720 216 0
720 467 1
724 95 1
724 532 1
725 156 0
727 156 1
728 695 1
728 758 1
758 156 1
758 695 1
729 156 1
731 156 1
731 350 1
731 439 0
734 149 1
734 632 0
735 156 1
742 156 1
742 607 1
742 766 1
742 640 1
745 156 0
745 46 1
747 156 1
750 156 0
752 156 1
753 156 1
754 664 1
754 667 1
755 156 1
755 474 1
762 156 1
762 359 1
762 598 0
763 46 1
763 658 1
764 156 1
764 180 1
764 459 1
772 156 1
775 156 1
775 404 0
776 187 1
776 756 1
779 156 1
779 595 1
779 745 1
779 46 0
782 112 1
782 156 1
785 156 1
786 156 1
786 430 1
786 568 1
786 658 1
786 791 1
788 582 1
788 770 1
790 156 1
795 156 1
797 156 1
798 16 0
798 597 0
