0 989 0
989 938 0
989 871 0
989 607 0
989 495 0
989 31 0
989 191 0
989 382 0
989 310 0
989 231 0
989 478 0
989 334 0
989 669 0
989 998 0
989 499 0
989 86 0
989 38 0
989 767 0
989 542 0
989 981 0
989 870 0
989 940 1
989 46 1
989 413 0
989 319 0
989 831 0
989 789 0
989 390 0
989 398 1
989 519 0
989 438 0
1 789 0
1 825 0
1 989 0
789 989 0
825 789 0
825 989 0
2 989 0
2 983 0
3 989 0
4 488 0
4 516 1
4 989 0
488 63 0
488 100 1
488 759 0
488 989 0
516 989 0
516 699 0
6 366 1
6 989 0
366 989 0
7 989 1
8 298 0
8 989 1
298 989 1
9 989 0
10 642 1
10 989 0
642 989 0
11 55 0
11 279 1
11 359 0
11 989 0
55 989 0
279 34 0
279 910 0
279 989 0
359 989 0
12 989 0
13 989 0
14 989 0
16 989 1
17 534 0
17 989 0
534 989 0
20 711 0
20 989 0
711 989 0
21 989 1
21 319 1
22 989 0
23 989 0
24 989 0
25 989 0
26 989 0
27 989 0
28 23 0
28 81 0
81 23 0
81 581 0
81 989 0
29 989 0
30 889 0
889 700 0
889 989 0
889 134 0
31 795 0
31 817 0
31 989 0
795 989 0
817 263 1
817 989 0
32 989 0
33 989 1
34 313 0
34 910 1
34 989 0
34 734 0
313 793 0
313 989 0
910 989 0
910 734 0
35 989 0
36 502 0
36 750 0
36 989 0
502 989 0
750 484 0
750 989 0
37 989 0
38 989 0
39 85 0
39 106 1
85 106 0
85 641 1
85 831 0
85 989 0
106 989 1
40 562 0
40 930 1
40 989 0
562 989 0
930 577 1
930 989 0
41 989 0
43 503 0
43 989 0
503 242 0
503 427 0
503 989 0
503 382 0
44 539 0
44 989 0
539 989 0
45 989 0
46 371 0
46 989 0
371 848 1
371 989 0
371 231 1
47 21 0
47 293 1
47 989 0
293 21 0
48 562 0
48 989 0
49 989 0
50 956 0
50 989 1
50 550 0
956 678 0
956 989 0
956 550 0
53 989 0
54 768 1
54 908 1
54 989 1
768 989 0
908 526 0
908 989 1
56 448 1
56 669 0
56 989 0
448 989 1
669 989 0
57 989 0
58 989 1
60 172 1
60 668 0
60 989 0
172 418 0
172 989 0
668 989 0
61 383 0
61 989 0
383 989 0
62 200 1
62 989 1
200 989 0
63 989 1
65 989 0
66 608 0
66 989 0
608 989 0
67 989 0
68 57 0
68 989 0
69 181 1
69 602 0
69 603 0
69 899 0
69 989 0
181 619 1
181 989 0
602 46 0
602 989 1
602 940 0
603 242 0
603 346 1
603 437 0
603 689 0
603 989 0
603 117 0
899 488 0
899 825 0
899 989 0
71 273 1
71 552 1
71 989 0
273 552 1
273 679 0
273 975 0
273 989 0
273 767 0
552 989 0
552 669 0
72 897 0
72 989 0
72 399 0
897 989 0
897 597 0
897 399 0
74 989 0
75 989 0
76 989 1
79 182 1
79 795 1
79 989 0
182 989 0
182 519 1
80 989 1
581 959 0
581 989 0
82 490 0
82 989 0
82 998 0
490 989 0
998 490 0
998 989 0
83 989 1
84 286 0
84 743 1
84 989 1
743 286 1
641 652 0
641 853 0
641 989 0
831 989 0
86 989 0
87 153 0
87 989 0
153 989 0
89 989 0
90 58 0
90 748 0
90 904 0
90 989 0
748 989 1
904 58 0
904 989 0
91 989 0
92 10 0
92 989 0
94 989 0
95 989 0
96 189 0
96 989 0
189 140 1
189 586 0
189 989 0
97 762 1
97 989 0
762 16 0
762 989 0
98 989 0
99 158 0
99 373 1
99 649 0
99 989 1
158 989 1
373 158 1
373 195 0
373 249 1
373 711 1
373 989 0
373 831 1
649 989 0
100 989 1
101 590 0
590 162 0
590 235 0
590 989 0
102 24 0
102 989 0
104 659 1
104 947 1
104 989 0
659 25 0
659 947 1
659 989 0
659 998 1
947 989 0
105 989 1
107 989 0
108 989 0
109 989 0
110 268 0
110 989 0
268 989 0
111 67 0
111 989 1
112 989 0
113 989 0
114 989 0
115 989 0
116 989 0
117 3 0
117 185 0
117 280 1
117 989 0
185 3 0
185 989 0
280 989 1
118 589 1
118 719 1
118 989 1
589 602 0
589 989 0
719 589 0
119 989 0
121 989 0
122 54 0
122 768 0
123 989 0
124 989 1
125 101 0
125 585 1
125 590 0
125 989 0
585 285 0
585 989 0
127 989 0
128 989 0
129 303 1
129 582 0
129 885 0
129 989 0
303 989 0
582 885 1
582 989 0
130 789 0
130 989 0
130 46 0
131 983 0
131 989 0
983 282 0
983 989 0
133 989 1
134 360 1
134 828 0
134 989 1
360 679 0
360 989 0
360 390 0
828 989 0
135 678 1
135 989 0
678 989 0
136 86 0
136 106 0
136 989 0
137 80 1
137 549 0
549 80 0
138 322 1
138 989 0
322 989 0
139 158 0
139 989 0
139 853 0
140 586 0
586 532 0
586 989 0
143 989 1
144 577 0
144 716 0
144 989 0
577 989 0
716 539 0
716 989 0
145 989 0
146 858 0
146 989 0
858 989 0
147 152 0
147 612 0
147 989 0
152 612 0
152 989 1
612 86 0
612 989 0
148 989 0
151 989 0
154 449 0
154 989 1
449 989 0
155 989 0
157 989 1
159 989 0
161 989 0
162 989 0
164 295 1
164 828 0
164 951 1
164 989 0
164 31 0
295 179 0
295 989 0
951 392 0
951 650 0
951 828 0
951 989 1
165 989 0
166 220 0
166 840 0
166 989 0
220 989 0
220 871 0
840 438 0
840 557 0
840 989 0
840 478 0
167 989 0
169 162 0
169 989 0
170 989 0
171 989 0
418 989 0
173 989 0
175 328 0
175 989 0
328 989 0
176 809 0
176 989 0
809 381 0
809 989 0
177 205 0
177 422 0
177 989 0
205 989 1
422 989 0
178 582 0
178 989 0
180 245 0
180 989 1
180 438 0
245 989 0
619 83 0
619 989 0
183 757 1
183 989 1
757 398 0
757 989 0
184 989 0
186 989 0
187 619 0
187 989 0
190 305 0
190 820 0
190 989 0
305 989 0
820 587 1
820 989 0
820 997 0
820 495 0
191 165 0
191 399 0
191 989 1
399 208 1
399 989 0
399 413 0
192 265 0
192 989 0
265 989 0
193 989 0
193 527 0
194 189 0
194 522 0
194 767 0
194 989 0
194 975 0
522 989 0
522 975 1
767 291 0
767 741 1
767 989 0
195 989 1
196 145 0
196 989 0
197 138 0
201 13 0
201 345 0
201 529 0
201 989 0
345 13 1
345 989 1
529 232 0
529 284 0
529 989 0
529 607 0
202 961 0
202 989 0
961 4 0
961 488 0
961 989 0
203 181 0
203 892 0
203 989 0
203 310 0
892 241 0
892 989 0
204 989 1
208 989 0
210 989 0
211 181 0
211 434 0
211 989 0
434 13 0
434 989 0
212 989 0
215 989 1
216 304 0
216 989 0
304 825 0
304 989 0
217 516 1
217 955 0
217 989 1
955 30 0
955 889 1
955 989 0
955 134 0
218 989 0
219 350 0
219 434 0
219 497 0
219 989 0
350 161 0
350 856 0
350 989 0
497 147 1
497 989 1
221 989 1
222 552 0
222 989 0
223 897 0
223 989 0
224 500 1
224 989 0
500 989 0
226 989 0
228 989 0
229 989 0
230 224 0
230 989 1
230 998 1
231 343 0
231 762 1
231 989 1
343 989 1
232 284 0
232 989 1
232 607 0
284 258 1
284 989 0
233 989 0
234 341 1
234 989 0
341 989 1
235 989 0
236 164 1
236 772 0
236 989 0
237 989 0
240 372 1
240 897 0
240 989 0
372 989 0
241 989 0
242 989 0
243 989 1
244 989 0
246 989 0
249 989 0
250 855 0
250 989 1
855 106 0
855 989 0
251 989 0
252 897 0
252 989 0
255 989 0
256 989 0
257 989 0
258 989 0
259 516 0
259 638 0
259 855 0
259 989 0
259 699 0
638 351 0
638 989 0
260 669 0
260 989 0
262 38 0
262 989 0
263 989 1
264 989 0
266 989 0
267 265 0
267 437 0
437 265 0
437 989 1
269 989 0
270 16 1
270 106 0
270 989 1
271 989 0
679 989 1
975 989 0
274 989 0
275 177 0
275 205 1
275 989 1
276 989 0
277 904 0
277 989 1
278 757 0
281 817 0
281 897 0
281 989 0
281 597 0
282 989 0
283 989 0
285 989 0
287 989 0
288 352 1
288 362 1
288 989 0
352 430 1
352 989 1
362 989 0
291 741 1
291 989 0
741 989 0
292 145 0
292 754 0
292 989 1
754 405 1
754 416 0
754 852 0
754 989 1
754 567 0
294 989 0
297 888 0
297 915 0
297 989 0
888 915 0
915 349 0
915 989 0
301 524 0
301 812 0
524 812 0
524 989 0
812 989 0
302 989 0
306 989 0
308 250 0
308 989 0
309 670 0
309 831 0
309 988 0
309 989 0
309 334 0
670 319 0
670 989 0
988 989 0
310 779 0
310 989 0
779 989 0
311 989 0
312 430 0
312 989 0
312 997 0
430 515 1
430 989 0
997 763 0
997 989 0
793 989 0
314 897 1
314 989 0
316 989 0
317 69 0
317 755 0
317 899 0
317 989 0
755 989 0
319 989 0
320 846 0
320 989 0
846 75 0
846 989 0
321 989 0
324 434 0
324 989 0
325 989 0
326 989 0
327 256 0
327 722 0
327 989 0
722 408 0
722 989 0
329 857 0
329 989 0
857 989 0
331 989 0
332 989 1
333 989 0
334 219 0
334 989 1
335 989 0
336 989 1
337 128 0
337 679 0
337 989 0
338 619 0
338 989 0
339 989 0
342 989 0
344 619 0
344 989 0
346 697 0
346 989 0
346 117 1
346 557 0
697 744 0
697 989 0
697 422 0
697 557 0
347 989 0
349 398 0
349 989 0
398 989 0
856 989 0
351 180 0
351 989 0
353 989 0
355 989 0
357 989 0
358 3 0
358 663 0
358 879 0
358 989 0
663 989 0
879 989 0
361 602 0
361 603 0
361 989 0
365 989 0
368 231 0
368 484 0
368 750 1
368 989 0
484 989 0
369 135 1
370 537 0
370 989 0
848 989 0
375 304 0
375 511 0
375 989 1
511 116 0
511 989 0
377 989 0
379 936 0
936 201 0
936 736 0
936 989 0
381 515 0
381 884 0
381 989 0
515 182 1
515 989 1
884 515 0
884 989 1
884 870 0
382 603 0
382 989 0
385 619 0
385 989 0
386 111 1
386 989 0
387 989 0
388 989 0
389 989 0
390 155 0
390 989 1
392 201 0
392 423 0
392 635 1
392 989 0
635 3 0
635 423 1
635 989 0
393 793 0
393 989 0
394 38 1
394 601 0
394 989 0
601 278 0
601 757 0
601 989 0
395 989 1
396 655 0
396 989 1
655 989 0
397 766 1
397 989 0
766 989 0
400 782 1
401 108 0
401 172 0
401 989 0
402 989 1
403 989 0
404 989 0
405 989 0
406 989 0
408 989 0
409 532 0
409 989 1
532 989 0
411 989 0
412 989 0
413 107 1
413 989 0
414 989 0
415 989 1
416 405 0
416 989 0
416 567 1
417 989 0
419 989 1
424 989 0
427 989 0
429 989 1
431 498 1
431 989 0
498 989 0
432 45 0
432 627 1
432 989 0
627 989 0
435 989 1
436 989 0
438 989 0
440 192 0
440 284 0
440 989 0
443 464 1
443 477 0
443 900 0
443 945 0
443 989 0
464 989 1
477 342 0
477 989 0
900 43 0
900 674 0
900 945 0
900 989 0
445 585 0
445 685 0
445 922 0
445 931 0
445 969 0
445 989 1
685 989 0
922 989 0
931 969 0
931 989 0
969 250 0
969 283 0
969 959 0
969 989 0
446 110 0
446 350 0
446 371 0
446 678 0
446 756 0
446 989 0
756 24 1
756 110 0
756 989 0
452 989 1
454 989 0
456 989 0
457 44 1
458 83 0
458 632 0
458 989 0
632 83 0
461 693 0
461 989 1
693 989 1
463 555 0
463 845 0
463 917 0
463 989 0
555 370 0
555 989 1
845 989 0
845 542 0
917 989 0
465 989 0
466 874 0
466 929 1
466 989 0
874 397 0
874 989 0
929 989 0
467 989 0
469 989 0
470 989 0
471 989 0
472 415 0
472 635 0
472 971 0
472 989 0
971 776 1
971 989 0
473 392 1
473 989 0
474 539 0
474 797 1
474 989 1
797 989 0
475 989 0
476 989 0
478 693 0
478 989 0
479 989 1
480 855 0
480 989 0
481 989 0
482 155 0
482 989 0
483 522 0
483 906 0
483 989 0
906 52 0
906 568 0
906 989 0
485 231 0
485 989 0
486 989 0
487 550 0
487 587 0
487 989 1
550 989 0
587 550 0
587 989 0
759 989 0
491 577 0
491 989 0
493 217 1
493 765 0
493 989 0
765 14 0
765 989 0
494 840 0
494 989 0
495 420 0
495 503 0
495 989 0
496 989 0
499 242 0
499 664 0
499 989 0
664 989 0
501 277 0
501 435 0
501 778 0
501 989 0
778 132 0
778 989 1
505 2 0
505 989 1
505 983 1
506 989 0
507 162 0
507 989 1
508 989 0
509 989 0
512 989 0
513 989 0
513 998 0
514 599 0
514 989 1
599 989 0
599 86 0
518 989 0
519 793 1
519 989 0
520 989 1
521 989 0
523 741 0
523 756 0
523 989 1
525 989 1
526 450 0
526 989 0
527 865 0
865 989 0
528 65 0
528 848 0
528 878 1
528 989 0
878 989 0
878 992 0
530 989 0
531 182 0
531 989 0
533 989 0
535 243 0
535 989 0
536 557 0
536 989 0
557 989 0
538 134 0
538 379 0
538 936 0
538 989 1
540 666 0
540 989 1
666 989 0
542 387 0
542 494 0
542 989 0
543 640 1
543 989 0
640 989 1
544 989 0
545 14 0
545 548 0
545 897 0
545 989 1
548 848 0
548 989 0
546 989 0
551 344 0
551 989 0
556 84 0
556 989 0
558 989 0
559 931 0
559 989 0
560 989 0
561 280 0
561 989 0
563 989 1
564 119 0
564 989 1
565 664 0
565 989 0
566 989 0
567 989 0
568 52 0
568 567 0
568 989 1
569 404 0
569 989 0
571 118 0
571 989 0
572 135 1
572 369 0
572 989 0
572 398 0
573 259 0
573 516 0
573 989 1
574 989 1
575 368 0
575 503 0
575 989 1
576 688 1
576 989 0
688 989 1
578 237 0
578 989 0
579 343 1
579 989 0
580 989 0
580 996 0
996 989 0
959 132 0
959 778 1
959 989 0
583 319 0
583 521 0
583 989 0
584 205 1
584 989 1
584 191 0
588 255 1
588 841 0
588 989 0
841 989 0
592 989 0
594 989 0
596 370 0
596 537 0
597 989 0
597 992 1
992 989 1
598 989 0
600 970 0
600 989 1
970 989 0
689 989 0
604 291 1
604 488 1
604 711 0
604 989 0
605 545 0
605 548 0
606 989 0
607 116 0
607 731 0
607 886 1
607 989 0
731 699 0
731 886 0
731 989 1
886 989 0
609 527 0
609 865 1
609 989 0
611 390 0
611 989 1
613 575 1
617 989 0
618 989 1
620 989 0
621 989 0
622 989 0
624 745 0
624 989 1
745 989 0
625 989 0
626 265 0
626 285 0
626 713 0
626 989 0
713 989 0
628 497 1
628 734 0
628 989 0
734 497 0
734 989 0
629 250 0
629 989 1
630 989 0
631 989 1
636 989 0
639 636 0
639 989 0
652 759 0
652 989 0
853 989 0
644 989 0
645 989 0
646 71 0
646 989 0
647 640 1
647 989 1
648 989 0
650 989 0
651 499 0
651 644 0
651 989 0
653 268 0
653 989 0
654 415 0
654 989 0
656 989 0
657 989 0
660 87 1
660 153 0
660 989 1
660 607 1
661 836 0
661 989 0
836 253 1
836 436 0
836 989 0
662 515 0
662 594 0
662 989 0
665 960 0
665 989 0
960 811 1
960 989 0
671 989 0
672 989 0
673 250 1
673 424 0
673 855 0
673 989 1
674 405 0
674 858 0
674 989 0
675 193 0
675 400 0
675 782 0
675 989 0
675 527 1
677 989 1
680 342 1
680 835 0
680 989 0
835 857 0
835 989 0
681 989 0
683 155 1
683 390 0
683 783 0
683 989 0
783 989 0
684 989 0
687 268 0
687 989 0
690 989 0
692 989 1
694 989 0
695 989 0
696 781 0
696 989 0
781 989 0
744 795 0
744 989 0
744 422 1
699 989 0
700 253 1
700 836 0
700 989 0
701 820 0
701 997 1
702 511 0
702 852 0
852 511 0
852 989 0
704 989 0
705 825 1
705 989 0
706 44 0
706 457 1
706 481 0
706 989 0
707 989 1
709 816 0
709 989 0
816 989 0
816 998 0
710 280 0
710 989 0
712 582 0
712 709 0
712 989 1
714 664 0
714 989 0
715 989 1
717 438 0
717 989 1
720 908 0
720 989 0
723 413 0
723 989 0
724 989 0
725 437 0
725 669 0
725 989 0
726 989 0
727 627 0
727 989 0
728 989 0
729 989 0
730 685 0
730 989 1
732 989 0
733 989 0
735 989 0
736 989 1
737 989 0
738 76 0
738 989 0
739 10 0
739 411 0
739 438 0
739 989 0
739 46 0
740 989 0
742 989 0
746 943 0
746 989 0
746 495 1
943 989 0
747 989 0
749 242 0
749 989 0
751 125 0
751 521 0
751 989 0
753 339 1
753 989 0
758 989 0
760 420 1
760 495 0
760 989 0
763 465 0
763 989 0
763 789 0
764 989 1
769 387 0
769 551 0
769 989 0
771 479 0
771 989 0
773 478 1
773 693 0
773 989 0
774 507 0
774 989 0
775 989 0
776 989 0
777 130 0
777 586 0
777 989 0
780 989 0
784 256 0
784 989 1
786 419 1
786 989 0
787 989 1
790 989 0
791 989 0
792 989 1
794 424 0
794 989 0
796 729 0
796 877 0
796 989 0
796 981 1
877 989 1
798 989 0
799 938 1
799 989 1
938 989 0
800 193 0
800 584 0
800 965 0
800 989 0
965 179 1
965 295 0
965 989 0
802 989 1
802 994 0
802 996 0
994 989 1
803 989 0
804 989 1
805 989 0
806 989 0
807 937 1
807 989 1
937 989 0
808 989 0
810 989 0
811 989 0
818 989 0
819 196 0
819 989 0
821 575 0
821 613 0
822 989 1
824 210 0
824 989 0
827 989 0
829 989 0
830 408 0
830 989 0
832 989 0
834 182 0
834 989 0
838 989 0
842 236 0
842 772 1
842 989 0
843 100 0
843 791 0
843 989 0
849 989 0
854 394 0
854 989 0
859 263 0
859 989 1
862 96 0
862 989 0
863 989 0
864 100 0
864 763 1
864 921 1
864 989 0
921 989 0
868 515 0
868 544 0
868 989 0
869 989 1
870 138 0
870 197 0
871 135 0
871 989 0
872 739 0
872 989 0
875 989 0
880 989 0
881 989 0
882 471 0
882 611 0
882 989 0
882 993 0
993 397 1
993 629 0
993 631 0
993 989 1
883 906 0
883 989 0
887 599 1
887 989 0
891 989 1
893 989 0
894 989 0
895 944 1
895 989 1
944 989 0
944 499 0
896 989 1
898 37 0
898 941 1
898 989 0
941 989 0
901 185 1
901 989 0
902 989 0
905 353 0
905 382 0
905 989 1
907 989 0
909 986 0
909 989 1
986 989 1
912 989 0
913 366 0
913 989 0
914 989 0
916 931 0
916 989 1
918 989 0
919 663 0
919 989 0
920 989 1
923 116 0
923 831 0
923 989 1
924 46 0
924 371 1
924 989 0
925 889 0
925 989 0
926 989 0
927 539 1
927 958 0
927 989 0
958 241 0
958 803 0
958 989 1
928 989 0
933 24 1
933 989 0
934 208 0
934 246 0
934 599 0
934 989 0
939 139 0
939 989 1
939 853 0
940 472 0
940 971 0
946 450 1
946 526 0
946 989 0
949 608 0
949 989 0
950 989 0
953 989 0
957 339 1
957 989 0
962 989 0
963 989 1
967 989 0
968 477 0
968 479 0
968 989 0
972 716 0
972 989 0
973 66 0
973 982 0
973 989 1
973 38 0
982 989 0
974 989 0
976 852 0
976 989 0
977 989 1
980 989 0
981 83 0
981 989 0
984 816 0
984 989 0
987 922 1
987 989 0
990 989 0
991 989 1
995 989 0
999 989 0
