0 136 0
0 308 0
0 937 0
136 308 0
136 937 0
308 691 0
308 405 0
308 591 1
308 783 0
308 358 0
308 157 1
308 894 0
308 917 0
308 189 0
308 733 1
308 381 0
308 511 0
308 812 1
308 571 1
937 308 1
1 789 0
1 825 1
1 383 0
789 308 0
789 383 0
825 789 0
2 717 0
2 807 1
2 308 0
717 308 0
717 807 1
807 308 0
3 920 0
4 488 1
488 308 0
5 308 0
5 818 0
818 308 0
8 308 0
9 308 0
10 308 0
10 401 0
401 308 0
401 396 0
15 308 0
16 308 0
16 649 1
17 193 0
17 358 0
193 308 0
193 358 0
358 308 0
19 308 0
20 308 0
23 308 0
28 23 0
28 81 0
28 308 0
28 398 1
81 23 0
81 308 0
81 398 0
29 97 0
29 308 0
97 308 0
30 308 0
30 889 1
889 308 0
31 308 0
33 308 0
34 308 1
34 910 0
35 308 0
35 626 0
626 308 0
37 308 0
38 308 0
39 85 1
39 106 0
85 106 1
106 72 1
106 308 0
41 308 0
43 398 0
43 136 0
398 308 0
46 308 0
46 371 0
47 21 0
47 293 0
293 21 0
48 308 0
50 308 1
52 308 1
53 308 0
54 768 0
768 23 0
56 308 0
57 153 0
57 308 0
153 308 0
153 571 0
60 298 0
60 308 0
60 717 0
60 925 0
298 308 0
298 925 0
61 210 0
61 866 1
210 308 0
210 866 0
866 308 0
62 308 0
63 308 0
64 149 1
64 308 0
64 685 1
685 149 0
685 308 0
65 308 0
65 190 1
66 308 0
67 308 1
68 308 0
69 899 1
899 308 1
70 308 0
71 273 0
71 552 0
273 308 1
273 552 0
273 831 0
552 308 0
552 831 0
72 235 0
72 308 0
235 308 0
73 308 0
74 366 0
74 684 0
74 799 1
366 308 0
684 366 0
684 799 0
75 308 0
76 308 0
82 490 1
82 998 1
998 308 1
998 490 0
83 308 1
84 286 0
84 308 0
84 743 0
84 335 0
286 335 0
743 286 0
86 308 1
87 153 0
87 308 0
88 308 0
89 308 0
90 58 0
90 904 0
904 58 0
904 308 1
91 308 1
92 308 0
93 308 0
94 308 0
96 65 0
96 308 0
98 500 1
99 158 0
99 308 0
99 373 0
158 308 0
373 158 0
101 590 0
590 308 0
102 507 1
102 992 1
992 507 0
103 308 0
104 308 0
104 659 0
104 947 0
659 947 0
947 308 0
107 308 0
107 696 1
696 308 0
108 308 0
109 308 0
110 308 1
110 900 0
111 308 0
112 308 0
114 308 0
115 308 0
115 728 0
115 765 0
728 308 1
765 308 1
765 728 0
116 308 0
117 308 0
118 589 1
118 719 0
589 308 1
719 308 0
719 589 0
119 308 0
120 640 0
120 733 0
640 308 0
733 178 0
733 308 0
733 640 0
122 54 1
122 308 1
122 768 1
122 23 0
124 308 0
125 101 0
125 308 0
125 590 0
125 924 1
924 46 0
924 308 0
924 371 0
126 176 0
126 308 0
176 87 0
176 308 0
176 894 0
127 308 0
129 582 0
129 885 1
582 308 0
582 885 0
885 308 0
130 49 0
130 308 1
130 584 0
584 308 0
133 308 0
134 308 0
137 80 1
137 308 0
137 549 0
80 308 0
549 80 0
549 154 0
549 308 0
139 308 0
140 308 0
140 586 0
586 308 0
142 308 0
143 157 0
143 308 0
143 689 0
157 308 0
157 381 0
689 157 0
689 308 0
144 927 0
927 308 0
927 703 0
145 38 0
145 209 1
209 38 0
209 308 1
146 308 1
147 152 0
147 308 0
147 612 0
152 308 1
152 612 0
612 308 0
612 325 0
612 46 0
148 308 0
148 339 0
148 835 1
148 605 0
339 835 0
835 308 0
835 605 0
151 376 0
151 966 0
966 376 1
154 308 0
155 308 1
156 308 0
156 719 1
160 308 0
161 308 1
162 308 0
162 824 0
824 308 0
824 157 0
164 828 0
164 951 0
828 308 1
951 308 0
951 828 0
165 308 0
167 308 0
168 308 0
169 428 1
169 229 0
428 308 1
428 229 0
170 406 0
406 308 0
171 308 0
172 308 0
175 308 0
177 205 0
178 308 0
179 308 0
180 724 0
724 308 1
181 73 0
181 308 0
182 308 0
184 308 1
185 308 0
186 308 0
187 308 0
188 308 0
189 140 0
189 586 0
190 680 0
191 308 1
192 308 0
197 138 0
199 308 0
200 922 1
200 967 0
922 308 0
922 967 0
967 308 0
201 13 1
201 308 0
201 345 0
345 13 0
345 308 0
202 308 1
202 717 1
203 144 0
203 927 0
204 308 0
206 308 0
207 308 0
207 568 1
568 52 0
568 308 0
208 308 0
211 308 0
212 308 0
215 45 0
215 341 1
45 308 0
341 45 0
341 308 0
219 308 1
221 308 0
222 308 0
225 100 1
225 283 0
283 100 0
226 308 0
227 308 0
228 308 0
229 57 0
229 308 0
230 308 0
232 284 0
284 308 1
236 772 0
772 308 0
237 308 0
239 585 1
239 804 1
585 308 0
585 804 1
804 308 0
241 308 0
241 591 0
591 308 1
242 308 0
243 308 0
243 403 0
403 308 0
244 49 0
244 130 0
246 308 0
246 651 0
246 697 0
651 308 0
697 651 0
247 308 0
248 452 0
248 580 1
452 580 1
580 308 0
249 308 0
249 822 0
250 308 0
250 567 0
250 855 1
567 308 0
567 557 0
251 308 1
255 260 0
255 308 0
255 729 1
729 260 1
256 308 0
259 516 1
259 975 0
516 308 1
516 975 0
262 308 0
263 893 0
893 308 0
267 265 1
267 308 0
267 437 0
267 624 0
265 624 0
437 265 0
268 960 1
269 308 0
274 308 0
274 541 0
274 925 0
541 308 1
925 308 0
925 541 0
275 177 1
275 205 0
276 896 0
896 308 1
896 897 0
278 757 1
757 308 1
757 951 0
279 34 0
279 910 0
280 192 0
280 308 1
281 308 0
282 308 0
282 783 0
783 308 1
285 308 0
285 863 1
287 308 1
289 308 0
289 981 0
289 37 0
981 308 1
290 308 0
291 741 0
741 308 0
294 308 0
295 179 0
297 308 1
297 888 1
297 915 1
888 915 1
915 308 1
301 524 1
301 812 0
524 308 0
524 812 1
812 308 0
812 557 0
302 308 0
303 308 1
305 308 0
306 522 0
522 308 0
691 167 0
691 308 1
309 308 0
311 308 0
312 308 0
313 308 0
314 308 1
315 337 1
315 434 0
337 308 0
337 434 0
337 771 0
337 567 1
434 308 0
434 567 0
317 69 0
317 899 0
318 306 0
318 308 1
318 522 0
319 308 1
320 617 1
320 679 0
679 617 0
321 168 0
321 308 0
323 5 0
323 308 0
323 818 0
325 308 0
326 308 0
328 308 0
330 308 0
331 433 0
331 668 0
433 668 0
332 308 0
332 584 0
333 308 0
335 94 0
335 308 1
336 308 1
336 767 0
771 308 0
338 308 0
342 483 0
342 762 0
483 308 0
483 762 0
344 308 0
346 308 0
346 725 0
346 808 0
725 808 0
808 308 1
347 179 0
347 308 0
348 308 0
348 671 1
348 790 0
790 671 0
350 308 1
351 308 0
353 308 0
354 276 0
354 308 0
354 896 1
354 897 0
355 308 1
355 759 0
759 308 0
759 431 0
759 481 1
356 308 0
356 919 0
919 308 0
359 308 0
360 308 0
360 414 0
360 626 0
414 626 0
361 186 0
361 308 0
362 308 0
365 308 0
367 308 0
368 308 1
368 484 0
368 750 0
484 308 0
750 484 1
369 135 0
370 308 0
370 537 0
372 308 0
377 308 0
379 308 0
379 936 0
936 308 0
380 308 1
381 308 0
381 515 0
381 884 0
515 308 0
884 515 1
884 308 1
383 282 0
383 308 0
383 783 0
385 308 0
385 626 0
387 308 0
390 155 1
390 308 0
392 423 0
392 635 0
635 423 0
393 308 0
394 308 0
394 810 1
394 911 1
810 308 0
911 810 0
396 308 1
397 308 1
397 872 0
399 308 0
400 308 0
400 782 0
402 308 0
404 308 0
405 308 0
409 308 1
409 853 1
853 308 0
410 308 0
411 308 0
411 927 1
411 358 1
412 308 0
413 162 1
413 824 1
415 308 1
415 353 0
416 308 1
416 405 0
417 308 0
418 308 0
420 308 0
421 308 1
422 415 0
424 300 0
424 744 0
744 300 0
425 832 0
425 897 1
425 308 0
832 897 1
832 308 1
427 263 0
427 308 0
427 893 0
429 308 1
429 795 1
429 956 1
795 308 0
795 511 0
956 795 0
430 308 0
430 397 0
430 872 0
431 308 0
432 308 0
432 641 0
641 308 0
435 308 0
435 822 0
822 308 0
439 308 0
439 739 1
739 308 1
739 346 0
443 900 0
443 945 0
900 945 0
444 308 0
444 691 0
445 931 0
445 969 0
931 308 0
931 969 0
969 308 1
446 110 1
446 308 0
446 756 0
756 110 0
756 308 0
756 900 0
448 308 0
449 308 0
449 970 0
449 590 0
970 308 1
970 590 0
453 302 0
453 308 0
457 44 0
458 83 0
458 632 0
632 83 0
632 308 1
459 308 0
461 238 0
461 308 0
461 479 1
461 612 1
461 654 0
461 794 1
461 46 0
461 759 0
461 15 0
461 571 0
479 308 0
654 153 0
654 238 0
654 308 0
654 759 0
654 15 0
794 308 0
465 190 0
465 680 0
467 308 0
468 308 0
470 308 0
471 525 0
525 308 0
525 838 0
472 308 1
472 971 0
472 207 1
971 207 0
971 308 0
474 308 0
475 308 0
478 308 0
478 693 0
693 308 0
693 783 0
480 308 0
481 431 0
482 698 1
482 811 0
698 308 0
811 698 0
487 550 1
487 587 0
550 308 0
587 550 0
492 308 0
493 308 0
494 308 0
495 420 0
496 308 0
498 308 0
498 761 0
761 308 0
501 308 0
503 308 0
504 308 0
504 415 0
504 422 0
505 308 0
505 806 0
505 831 0
505 30 0
806 308 1
806 30 0
831 308 0
831 806 0
506 308 0
508 308 0
508 946 0
946 308 1
946 450 0
946 526 0
511 308 0
512 308 1
514 308 1
519 308 1
521 308 0
838 308 0
526 450 0
527 865 0
865 136 0
865 308 0
865 594 0
528 308 0
529 232 0
529 284 1
530 15 0
530 249 0
530 308 0
530 822 0
531 308 1
532 308 0
533 308 0
534 308 1
535 136 1
535 308 0
535 913 0
913 308 1
913 591 0
538 379 0
538 936 0
540 308 0
542 308 0
544 308 0
544 862 0
862 308 0
545 308 0
545 548 0
546 73 0
546 181 1
546 308 1
551 308 0
553 308 0
555 308 0
557 308 0
558 308 1
559 308 0
560 308 0
561 308 0
563 308 0
570 715 0
570 742 0
715 308 0
715 742 0
742 308 1
742 624 1
571 10 1
571 140 1
571 308 0
571 345 1
571 401 1
572 135 0
572 369 0
573 259 0
573 516 1
576 308 0
576 931 1
577 72 0
577 235 1
578 308 1
579 308 1
581 308 0
581 405 0
594 308 0
595 308 0
596 370 0
596 537 0
597 308 0
598 308 0
598 544 0
599 308 0
601 278 0
601 757 1
601 951 0
604 308 0
605 308 0
605 545 0
605 548 0
606 308 0
607 308 0
607 731 1
607 886 0
731 886 0
731 308 0
886 308 1
609 308 0
609 527 0
609 865 1
611 308 0
613 575 1
614 308 0
619 308 0
621 169 0
621 428 1
622 268 0
622 308 1
622 960 1
624 308 0
625 65 0
625 308 1
625 190 0
627 16 0
627 308 0
627 649 0
628 497 0
628 734 1
734 308 0
734 497 1
629 186 0
629 308 0
629 361 0
631 308 1
631 604 0
639 308 0
644 305 0
644 308 1
644 917 0
917 305 1
917 308 1
646 308 0
652 81 1
652 308 0
656 308 1
656 624 0
657 308 0
660 87 0
660 153 1
660 308 0
660 398 0
660 571 1
661 308 0
664 308 0
665 308 0
665 439 0
665 739 0
666 308 0
666 353 0
669 308 1
670 308 0
673 250 1
673 855 0
674 207 0
674 308 0
675 400 0
675 782 1
676 308 0
677 308 0
678 204 0
678 308 0
681 308 0
682 37 0
682 308 1
683 155 0
683 390 0
687 308 0
687 582 0
688 308 0
688 980 1
980 308 0
690 308 0
692 308 0
694 308 0
695 109 0
699 308 0
699 335 0
700 253 0
700 308 0
700 836 0
836 253 0
836 308 0
701 820 0
701 997 0
820 997 1
702 308 0
702 511 0
702 852 0
702 917 1
702 262 0
852 511 0
852 262 0
703 308 0
704 107 0
704 308 0
704 696 0
706 44 0
706 308 0
706 457 1
707 308 0
708 308 0
710 308 0
711 308 0
712 410 0
716 308 0
721 308 0
722 308 0
723 308 0
726 308 0
726 950 0
950 308 1
730 308 0
732 308 0
732 641 1
732 975 0
975 308 0
975 641 0
735 308 0
737 308 1
745 308 0
745 557 0
745 567 0
747 308 1
748 308 0
748 336 0
748 767 1
752 262 0
752 308 1
753 308 1
754 308 0
754 405 0
754 416 0
755 308 0
755 480 0
755 567 1
758 308 0
760 308 0
760 420 0
760 495 0
760 591 0
767 291 0
767 741 0
769 308 0
770 377 0
770 834 0
834 377 0
773 308 0
773 478 0
773 693 1
773 733 0
773 812 0
774 308 1
774 581 0
775 308 0
776 308 0
778 132 0
778 308 0
780 547 0
784 308 0
786 98 0
786 308 0
786 500 0
786 913 0
791 308 0
793 170 0
793 308 0
793 406 0
796 308 0
797 308 1
798 308 0
799 308 1
799 938 0
799 989 0
989 308 0
989 938 0
989 189 0
801 308 0
802 308 1
805 449 0
805 970 1
809 308 0
815 308 0
816 243 0
816 308 0
816 403 0
817 308 0
821 308 0
821 575 0
821 613 0
823 308 0
823 824 1
830 308 0
837 3 0
837 920 0
841 308 1
842 236 1
842 308 0
842 772 0
843 308 0
847 308 0
849 308 1
850 308 0
850 761 0
854 308 0
856 308 0
858 285 0
858 863 0
860 686 1
864 308 0
867 308 0
867 943 0
943 308 1
869 308 1
870 138 0
870 197 0
870 308 0
870 681 0
871 182 0
871 308 0
873 29 0
873 308 0
873 358 0
875 308 1
877 73 0
877 308 0
877 333 0
877 963 0
963 308 0
878 308 1
879 308 0
892 308 0
894 308 0
894 547 0
894 780 0
895 308 0
898 308 0
902 308 0
903 308 0
905 308 0
906 52 0
906 308 0
906 326 0
906 568 0
908 308 1
914 289 0
914 308 0
914 981 0
914 37 0
921 308 1
921 381 0
921 624 0
921 656 1
923 308 0
926 308 0
928 686 0
928 860 0
929 185 0
929 308 1
932 308 0
933 308 1
935 308 0
939 127 0
939 308 0
940 472 0
940 971 0
941 308 0
942 308 0
944 308 0
948 43 0
948 398 0
948 136 1
949 410 1
949 712 0
952 204 0
952 678 0
953 308 0
955 30 0
955 308 1
955 889 0
957 308 0
958 308 0
959 132 0
959 778 0
961 4 0
961 308 0
961 488 0
962 308 0
964 180 0
964 724 1
965 179 0
965 295 0
965 308 0
968 308 0
973 172 0
973 308 0
974 308 0
976 308 0
977 109 0
977 695 1
983 308 0
985 308 0
985 877 0
985 963 0
986 308 1
987 471 1
987 525 0
990 308 0
993 308 0
995 308 1
996 308 0
999 308 1
999 336 0
999 748 1
