0 2 0
0 122 0
2 363 1
1 363 0
363 60 0
363 103 1
363 83 0
363 14 0
363 37 0
363 354 0
363 188 0
363 247 0
363 29 1
363 199 0
363 302 0
363 147 0
363 44 0
363 47 0
363 21 0
363 269 0
363 94 0
363 159 0
363 316 0
363 303 1
363 231 0
363 46 0
4 132 0
4 363 0
5 363 0
6 363 1
7 156 0
156 363 0
8 363 0
9 363 0
10 363 0
12 363 0
13 363 0
14 21 0
14 104 0
21 363 0
104 335 0
104 363 0
104 83 0
15 43 0
43 363 0
18 343 0
343 363 0
19 363 0
20 363 0
22 363 0
23 363 0
24 363 0
25 363 0
25 354 0
25 21 0
26 363 0
29 25 0
29 316 0
29 363 1
316 25 0
316 363 0
316 29 0
316 94 0
30 363 0
31 363 0
33 363 0
34 363 0
35 60 0
35 363 0
37 363 1
38 363 0
39 300 0
39 363 0
39 14 0
39 316 0
300 14 1
40 122 1
40 363 1
40 221 0
122 363 0
122 192 0
42 363 0
44 280 1
44 339 0
280 363 0
339 363 1
339 103 0
45 363 0
46 363 1
47 206 0
47 363 0
206 363 0
206 302 1
206 103 0
48 363 0
49 37 0
49 284 0
49 363 1
49 29 1
49 303 0
49 53 1
284 37 0
284 363 1
284 303 0
284 53 0
50 363 1
53 219 1
53 274 1
219 363 0
274 219 0
274 363 0
54 363 0
55 363 0
57 363 0
58 363 0
61 363 1
62 363 0
64 363 0
65 363 0
66 363 0
67 363 0
71 363 0
72 363 0
73 363 0
74 363 0
75 44 0
75 339 0
75 363 0
76 363 0
79 363 0
80 363 0
81 188 0
81 229 0
81 363 0
188 229 0
188 363 0
229 396 0
83 99 1
83 363 0
83 53 0
83 29 0
99 363 0
99 53 0
99 29 0
99 199 1
99 46 0
84 363 0
85 363 0
87 363 0
88 363 1
89 363 0
90 363 0
92 363 0
93 363 1
94 83 0
94 99 0
94 363 0
95 363 0
96 363 1
97 242 0
97 363 0
97 47 1
100 133 0
100 187 0
100 363 0
100 103 0
100 354 0
133 187 1
133 363 0
187 363 0
187 103 0
187 37 1
187 199 0
187 147 1
101 363 1
102 363 0
103 363 0
335 363 0
105 363 0
106 202 0
106 363 0
106 159 0
106 269 0
106 354 0
202 363 0
202 159 1
202 37 0
202 354 0
108 363 0
109 363 1
110 363 1
111 363 1
112 363 0
113 363 0
114 363 0
115 363 1
116 363 0
117 363 0
118 363 0
119 106 0
119 202 0
119 363 0
120 363 0
121 363 0
123 363 0
124 104 0
124 335 0
124 396 0
396 363 0
125 363 0
126 245 0
126 278 0
126 363 0
126 119 0
245 278 0
245 119 0
278 363 0
127 363 0
130 46 0
130 354 0
130 363 0
354 46 0
354 363 0
134 363 0
135 363 1
136 396 0
137 363 1
138 368 0
368 363 0
139 363 1
140 363 0
141 363 0
142 363 0
143 363 0
145 363 1
148 308 1
308 363 0
149 363 0
150 363 1
151 363 0
152 363 0
153 363 0
155 363 0
157 363 0
158 363 0
159 0 0
159 255 0
159 363 0
255 0 0
255 363 1
255 122 0
160 192 0
192 363 0
163 363 0
164 363 0
165 363 0
166 363 1
168 363 1
171 160 0
171 192 0
171 363 0
172 363 0
173 363 0
175 363 0
177 363 0
178 363 0
179 189 0
179 363 0
180 363 0
181 363 0
182 363 0
183 363 0
184 363 0
186 363 0
190 363 0
191 363 0
193 363 0
194 363 0
195 291 0
195 363 0
196 199 0
196 377 0
199 363 0
199 377 1
377 363 0
377 103 0
377 14 0
197 363 0
198 363 0
201 363 0
203 97 0
203 242 0
203 363 0
205 363 1
205 388 1
205 397 0
205 379 0
388 363 0
388 397 0
388 379 0
207 208 0
207 247 0
207 265 0
208 247 0
208 363 0
208 206 0
208 94 0
247 363 1
247 206 0
265 363 1
210 363 0
212 363 0
213 363 1
214 363 0
215 363 1
216 363 0
217 195 0
217 291 0
218 363 0
220 47 0
220 206 1
220 363 0
220 83 1
220 14 0
220 103 0
220 303 1
221 103 0
221 363 0
221 119 0
221 354 0
221 310 1
222 363 1
223 363 0
224 363 0
225 363 0
226 363 0
227 363 1
228 363 0
230 363 1
231 39 0
231 300 0
231 363 0
233 363 0
234 363 0
235 363 0
236 363 0
237 363 0
239 4 0
239 132 0
240 363 1
241 363 1
243 363 0
244 363 0
248 363 0
249 363 0
250 363 1
251 363 0
252 363 0
253 363 0
256 363 0
257 363 0
259 125 0
260 363 0
261 363 0
262 363 1
263 363 0
264 363 0
266 363 1
268 363 0
269 179 0
269 189 0
269 363 0
270 363 0
271 363 0
272 363 0
273 363 1
276 363 0
277 363 0
279 363 0
281 363 0
283 363 1
285 250 0
286 363 0
287 363 0
289 363 0
292 363 0
294 99 0
295 363 0
296 363 0
297 363 0
298 363 0
301 363 0
302 315 0
302 326 0
315 363 0
315 247 1
315 103 0
315 278 0
326 363 0
303 250 0
303 285 0
303 363 0
304 190 0
305 363 0
306 215 0
307 363 1
309 335 0
310 125 1
310 259 0
310 363 0
312 363 0
313 363 0
317 363 0
318 136 0
318 331 0
318 363 0
331 136 0
319 363 0
320 363 0
321 334 0
321 366 0
321 119 0
334 363 0
334 366 0
366 119 0
323 363 0
327 363 0
328 363 0
332 363 0
333 363 0
336 14 0
336 21 0
336 363 1
336 44 0
337 363 0
341 363 0
344 40 1
344 122 0
344 363 0
344 192 0
344 221 0
346 363 0
347 363 0
348 363 0
349 363 0
350 363 0
351 206 0
352 363 0
355 363 1
356 363 0
357 363 0
358 363 0
359 363 0
360 363 0
362 147 0
362 363 0
362 376 0
362 221 0
362 269 0
376 147 0
376 363 1
376 221 0
376 269 1
364 363 0
365 363 0
369 363 0
370 363 0
372 363 0
373 363 0
374 363 1
375 363 0
378 363 1
379 302 0
379 315 0
379 363 0
379 103 0
379 278 0
380 363 0
383 363 0
384 103 0
384 221 0
384 363 0
384 119 0
384 60 1
384 354 0
384 310 0
384 159 0
384 231 0
385 363 0
386 363 0
387 363 1
389 363 0
391 363 0
393 363 1
394 363 0
395 363 0
