0 341 1
341 67 1
341 11 1
341 135 1
341 21 0
341 127 1
341 6 1
341 277 1
341 199 1
341 15 1
341 118 1
341 158 1
341 368 1
341 62 1
341 14 0
341 358 1
341 262 1
341 245 1
341 359 1
341 92 0
341 142 1
1 341 0
2 341 1
4 246 1
4 341 1
5 105 0
5 341 1
105 341 1
105 207 0
105 142 0
6 316 1
6 341 0
316 341 1
316 33 1
7 255 1
255 66 1
255 341 1
9 96 1
9 230 1
9 341 1
96 230 0
10 24 1
24 365 1
11 307 0
307 262 1
12 341 1
13 14 1
13 156 0
14 156 1
156 127 1
156 341 1
156 358 0
15 51 0
15 144 1
15 341 0
51 283 1
51 341 1
144 316 0
144 341 1
17 293 1
17 341 1
18 59 1
18 133 1
18 341 0
18 351 1
18 277 0
59 341 1
59 71 1
59 134 1
351 133 1
351 341 1
19 282 1
21 76 1
21 302 1
21 341 1
21 262 1
76 33 0
76 81 1
76 341 1
76 158 1
76 373 1
302 341 1
23 137 1
137 341 1
27 341 1
32 368 1
32 351 1
35 341 1
35 21 1
36 127 1
36 341 1
36 135 1
127 264 1
127 341 1
127 343 1
127 199 1
37 83 1
37 162 0
83 162 1
83 341 1
83 369 1
83 277 1
38 327 1
38 341 0
38 356 0
327 356 1
41 151 1
41 340 1
41 341 1
41 182 1
340 151 1
340 182 0
43 341 0
44 130 1
130 341 1
45 68 1
45 198 1
45 222 1
68 198 1
68 341 1
68 355 1
68 222 1
198 341 0
48 111 1
48 341 0
48 375 1
111 341 1
111 375 1
49 341 1
283 70 0
283 341 1
52 341 1
54 136 1
54 341 1
136 216 1
136 299 1
136 341 1
55 119 1
55 298 1
119 108 0
119 171 1
119 298 1
119 341 0
298 341 1
56 63 1
56 335 1
335 63 1
335 108 1
335 341 0
60 79 1
60 245 1
60 302 1
60 341 1
79 341 1
79 343 0
245 79 1
245 341 1
61 189 1
189 341 1
62 113 1
62 196 1
62 280 1
62 341 1
113 280 1
196 341 0
64 341 1
66 341 1
66 6 1
66 14 1
67 341 1
355 341 1
69 341 1
69 358 1
358 70 0
358 283 1
358 341 1
71 48 1
71 111 1
71 341 0
72 174 0
72 186 1
72 313 1
72 341 1
186 87 1
186 341 1
186 316 0
313 174 1
313 341 0
73 181 0
81 33 0
81 59 1
81 341 1
81 373 1
81 134 1
78 341 1
343 341 1
80 163 1
80 321 1
80 341 1
163 321 1
321 341 1
82 41 1
82 76 0
82 127 1
82 264 1
82 341 1
369 235 1
369 341 1
369 343 1
369 277 1
369 92 1
87 341 0
88 213 1
88 231 1
88 341 1
88 11 1
88 124 1
213 231 1
213 341 1
213 124 1
231 127 0
231 341 0
89 164 1
89 341 1
164 116 0
164 188 1
164 320 1
164 341 0
164 343 1
164 278 1
91 78 1
91 341 0
92 290 0
92 323 1
92 341 1
323 88 0
323 290 1
323 341 1
94 44 1
94 130 1
98 303 1
99 242 0
100 234 1
100 337 1
234 291 0
234 337 1
234 341 1
101 50 1
102 164 1
102 341 1
103 195 1
195 107 0
195 341 0
107 341 1
108 140 1
108 341 1
140 315 1
140 341 0
114 103 1
114 195 1
115 214 1
115 244 1
214 244 1
116 341 1
116 278 1
117 225 1
117 261 0
225 171 1
225 261 1
225 341 1
118 53 1
118 227 1
227 53 1
171 341 0
123 341 0
124 59 1
128 10 1
128 24 1
128 365 1
129 73 1
129 158 1
129 181 1
129 341 1
158 145 1
158 341 1
158 374 1
131 132 1
131 360 0
132 81 1
132 329 0
132 341 0
132 360 0
360 341 1
329 69 1
329 341 1
134 161 1
134 389 1
161 389 1
161 158 1
161 198 1
389 341 1
389 158 1
389 198 1
135 149 1
135 219 1
135 341 1
149 219 1
149 341 1
219 341 1
216 299 1
139 35 1
139 285 1
139 341 1
139 21 1
285 35 0
141 329 1
141 341 1
141 127 1
142 217 1
142 289 0
142 341 1
289 217 1
143 1 0
143 18 1
143 341 0
145 339 1
145 341 1
145 374 1
339 341 1
146 341 1
146 318 0
147 218 1
147 240 0
147 341 1
147 87 1
147 143 1
218 240 1
218 167 1
240 341 1
240 143 1
240 167 1
150 209 1
150 306 1
209 306 0
306 341 0
152 341 1
153 87 1
153 186 0
153 341 0
153 369 1
153 316 1
154 185 1
154 363 1
185 363 1
157 155 1
157 317 1
157 341 1
317 155 0
160 32 1
160 62 0
160 341 1
160 368 1
160 351 0
188 232 1
188 341 1
188 367 1
188 343 1
188 358 1
320 263 1
320 341 0
165 178 0
165 295 1
295 178 1
295 341 1
295 351 1
166 235 1
166 369 1
167 141 0
167 341 1
169 3 1
172 78 0
172 312 1
172 341 1
312 341 1
175 21 1
175 302 1
175 341 1
176 11 1
176 307 1
176 262 1
179 278 1
179 365 0
278 341 1
278 365 1
365 341 1
180 341 1
182 107 1
182 268 1
268 107 1
184 341 0
187 341 1
232 341 1
232 365 1
232 367 1
232 358 1
190 23 1
190 137 1
190 341 1
192 5 0
192 105 1
192 341 1
192 207 1
194 35 0
194 341 1
197 291 1
197 341 1
291 19 1
291 282 0
291 341 1
291 127 0
199 292 1
199 349 1
349 292 0
200 78 1
200 341 1
200 62 0
200 278 1
202 4 1
202 246 1
203 228 1
203 341 1
203 386 1
228 341 1
228 386 1
205 177 1
177 62 1
206 341 1
208 270 1
208 326 1
326 270 1
220 50 1
220 101 1
221 341 1
222 341 1
222 118 1
223 271 1
223 286 0
286 271 1
229 207 1
233 59 1
233 341 1
233 71 0
236 341 1
249 69 0
249 147 1
249 222 1
249 329 1
249 341 1
249 87 1
254 39 1
256 102 1
256 164 1
258 341 1
259 341 1
259 372 1
372 21 1
372 175 1
372 341 1
372 359 1
262 105 1
262 129 1
262 341 1
263 300 0
263 341 1
263 397 0
300 79 1
300 341 0
300 397 1
300 368 0
300 245 1
265 341 1
266 17 1
266 293 0
272 86 0
272 341 1
274 85 0
276 6 1
276 316 0
277 99 1
277 242 1
281 12 0
281 341 1
70 341 1
284 7 1
284 255 1
287 222 0
287 341 1
287 344 1
344 302 1
344 341 1
344 135 1
288 364 1
288 398 1
364 341 0
398 364 0
296 61 1
296 189 1
296 341 1
301 304 0
301 311 1
311 228 1
311 304 1
311 341 0
305 59 1
305 124 1
314 145 1
314 196 1
314 341 0
318 3 1
318 169 1
325 98 1
325 303 1
328 341 1
328 21 0
330 86 1
330 272 0
333 328 0
333 341 1
338 341 0
345 187 1
345 195 1
345 245 1
345 341 1
345 15 1
346 62 1
346 341 1
348 207 1
348 229 1
352 341 1
352 376 1
352 382 1
382 376 0
357 200 1
357 278 1
359 67 1
359 341 0
362 302 1
362 344 1
370 136 1
370 177 1
370 205 1
370 341 1
370 62 1
373 200 1
373 357 1
375 338 1
377 341 1
378 39 1
378 254 1
383 85 1
383 274 1
384 146 1
384 341 0
384 318 1
385 140 0
385 315 1
385 316 1
385 341 1
385 33 1
387 338 1
387 375 1
390 341 1
392 341 1
