0 12 0
0 260 0
0 363 0
0 214 0
0 46 0
12 260 1
260 85 1
260 207 0
260 287 0
260 63 0
260 303 0
260 223 0
260 351 0
260 350 0
260 227 0
260 183 1
260 317 1
260 363 0
260 158 0
260 78 0
260 285 0
260 214 1
260 263 0
260 238 0
260 334 0
260 229 1
260 247 0
260 314 0
260 381 0
363 260 0
363 227 0
363 214 0
2 260 0
3 260 0
3 183 0
4 113 0
113 260 0
113 285 1
6 260 0
7 260 0
8 260 1
8 360 0
360 219 0
360 260 0
9 167 0
167 260 0
13 75 1
13 204 0
13 260 0
204 6 0
204 260 0
204 207 0
17 260 1
17 350 0
18 121 0
121 351 0
19 255 0
19 260 0
19 207 1
19 238 0
255 260 0
20 260 0
21 119 0
21 258 1
21 260 1
119 260 1
258 119 0
22 260 0
23 78 0
23 260 0
78 108 1
78 260 0
24 260 0
24 382 0
382 260 0
382 399 1
25 260 1
26 176 0
26 185 0
176 185 0
185 260 1
27 154 0
27 399 0
154 399 0
399 260 0
28 260 0
29 194 0
29 260 0
29 267 1
194 260 0
194 298 1
267 207 0
267 260 0
267 276 0
30 260 1
32 260 0
34 195 0
34 260 0
34 227 1
36 9 0
36 167 0
37 180 0
180 260 1
40 260 0
40 337 0
337 260 1
337 183 1
42 260 0
42 274 0
42 326 0
274 260 0
326 260 0
326 274 0
43 260 0
46 72 0
46 241 1
46 243 0
46 260 0
72 8 0
72 260 0
72 365 0
72 381 0
241 243 0
241 260 0
47 260 0
49 53 0
49 94 1
49 260 1
53 113 1
53 260 0
53 353 0
94 53 0
94 80 0
94 260 0
51 85 1
51 260 0
51 334 0
52 220 0
52 260 0
52 110 0
52 363 0
220 260 0
220 110 1
220 358 0
353 250 0
353 260 1
353 207 0
353 287 0
55 216 0
216 90 0
216 260 0
56 314 0
56 71 1
57 260 0
58 135 1
58 260 1
58 183 0
58 62 0
58 351 0
59 139 0
59 212 0
139 212 0
139 260 0
139 71 0
212 260 0
212 71 0
63 31 0
68 260 1
68 268 0
68 365 0
68 238 0
68 94 0
268 238 0
268 94 0
365 260 1
365 268 0
365 275 0
70 28 0
70 260 0
71 244 0
73 229 0
73 260 0
73 370 0
73 110 1
370 229 0
370 110 0
76 78 1
76 108 0
76 260 1
76 53 0
76 247 0
76 269 1
108 12 0
108 260 0
108 53 0
108 317 0
108 269 0
77 322 0
77 337 0
322 337 0
322 183 0
79 260 1
80 260 0
82 260 1
86 71 0
86 244 0
88 260 0
89 6 0
90 0 0
90 260 0
90 363 0
90 227 0
91 219 0
91 260 0
91 360 0
93 310 0
95 327 0
97 190 1
97 13 0
190 13 0
98 198 0
98 255 0
98 260 0
98 360 0
98 109 0
198 260 0
99 17 0
99 350 0
100 260 1
102 124 0
102 260 0
102 386 0
386 124 0
105 260 0
106 260 0
106 223 1
107 157 1
107 260 0
157 260 1
109 199 0
109 260 1
109 340 1
109 378 0
199 260 0
340 199 0
378 260 0
110 260 0
110 378 1
111 260 0
111 360 0
112 181 1
112 260 0
114 31 0
114 63 0
116 12 0
116 260 1
116 353 0
117 167 0
117 260 1
118 260 0
126 260 0
131 260 0
131 374 0
131 287 1
374 108 0
374 260 0
374 325 0
132 351 0
132 102 0
351 260 1
351 387 0
133 260 0
138 208 0
138 253 1
138 381 0
208 253 0
208 381 0
253 260 0
140 207 0
140 253 0
140 260 1
207 260 0
207 372 0
141 260 1
143 260 0
144 119 0
144 245 0
144 260 1
245 50 0
245 247 1
245 260 0
245 390 0
145 148 1
145 164 1
145 260 0
145 213 0
145 46 1
148 164 0
148 260 0
148 46 1
164 213 0
146 22 0
146 260 0
146 355 0
146 350 0
355 22 0
147 260 0
149 260 0
151 260 0
151 372 0
372 260 0
372 158 0
152 95 0
152 327 0
158 131 0
158 374 0
159 107 1
159 157 0
161 62 0
161 248 0
248 62 0
163 260 0
169 238 0
169 260 0
238 260 0
238 300 0
170 293 1
170 343 1
171 260 0
172 183 1
172 260 0
183 260 0
183 267 0
183 276 0
183 360 1
173 202 0
177 260 0
178 260 1
179 108 1
179 260 0
276 260 0
186 172 1
186 260 0
187 227 0
187 260 0
227 260 0
227 352 1
192 275 0
275 260 1
193 8 0
193 72 0
298 220 0
298 260 0
298 348 0
298 358 1
196 2 0
196 50 1
196 245 0
196 255 0
196 260 0
200 260 0
200 305 0
200 354 0
305 354 0
201 192 0
201 275 0
203 102 0
203 188 0
203 260 0
203 303 0
203 351 0
206 260 0
211 260 1
213 260 0
213 358 1
358 260 0
358 363 1
214 3 0
214 106 0
214 260 0
214 288 0
214 387 0
214 78 0
288 3 0
288 260 1
387 222 0
387 260 0
218 13 1
218 30 0
218 75 0
218 260 0
221 37 0
221 180 0
221 240 0
221 260 1
240 260 0
223 93 0
223 310 0
224 207 0
224 262 0
262 207 1
225 260 0
226 155 0
226 260 0
226 391 0
391 155 0
391 260 1
228 260 0
230 260 0
230 334 1
334 260 0
334 382 1
231 260 0
232 0 0
232 260 0
232 46 1
233 260 0
233 382 0
234 260 0
235 260 0
236 260 1
236 380 0
380 260 1
237 260 0
237 375 0
375 260 0
300 132 1
300 260 0
300 351 0
300 102 0
239 52 1
239 303 1
303 52 0
303 260 0
242 260 0
247 55 0
247 216 0
247 260 1
390 260 0
251 260 0
252 169 0
252 227 1
252 238 0
252 260 1
252 63 0
252 183 0
259 6 0
259 89 0
261 260 0
261 302 0
261 318 0
302 260 0
302 207 0
318 260 0
263 260 0
263 261 0
263 302 0
264 260 1
265 260 0
269 194 0
269 260 0
269 349 0
349 194 0
271 12 0
271 260 0
272 260 0
273 260 0
278 260 0
278 323 0
279 260 0
280 54 0
280 260 0
280 325 1
280 351 0
280 229 0
280 314 0
325 260 0
282 188 0
282 203 0
283 162 0
284 98 0
284 255 0
284 109 0
285 162 0
285 283 0
286 260 1
287 250 0
287 260 0
287 276 0
287 353 0
250 287 0
290 18 0
290 121 0
290 260 0
290 351 1
292 4 0
292 113 1
294 315 0
294 378 0
315 378 0
296 56 1
296 314 1
296 71 0
348 220 0
304 260 0
306 260 0
307 213 0
307 260 1
307 358 0
308 183 0
308 260 0
309 260 0
311 260 0
313 112 1
313 181 1
316 19 1
316 58 0
316 135 0
316 260 0
316 183 0
316 62 1
316 351 1
317 20 0
317 34 0
317 195 0
317 260 0
317 290 0
319 173 0
319 202 1
319 260 0
321 260 0
330 227 0
330 352 0
333 260 0
335 106 0
335 206 0
335 260 0
336 222 0
336 260 0
336 387 0
336 391 1
339 260 0
341 150 0
343 183 0
343 214 0
343 260 0
347 260 0
347 302 0
356 170 0
356 293 0
356 343 0
357 150 0
357 341 1
361 260 0
362 260 1
364 32 0
364 381 1
381 32 0
381 260 0
381 287 0
367 54 0
367 260 0
367 280 0
368 109 0
368 260 0
369 260 1
373 260 0
373 278 0
373 323 0
373 214 0
373 263 0
379 260 1
383 97 1
383 190 1
388 260 0
389 260 0
395 260 1
396 260 0
397 260 0
398 260 0
