0 297 0
0 363 1
297 273 1
297 62 1
297 123 1
297 149 1
297 94 1
297 13 1
297 46 0
297 71 1
297 191 1
297 399 1
297 294 1
297 319 1
297 374 1
297 263 1
297 253 1
297 173 0
297 146 1
297 132 1
297 358 1
4 113 1
4 297 0
113 297 1
9 167 1
9 263 1
11 297 1
12 92 1
12 235 1
12 297 1
235 92 1
235 297 1
13 75 1
13 297 0
75 297 1
17 350 1
17 204 1
18 121 1
121 349 1
20 297 1
21 119 0
21 258 1
21 311 1
119 32 1
119 297 1
258 119 1
258 311 1
23 297 1
26 176 0
26 185 1
26 297 1
26 300 1
26 382 1
176 185 1
176 238 1
185 254 1
185 297 1
185 238 1
185 247 1
300 132 1
300 297 1
300 351 1
300 255 1
382 297 1
27 154 1
27 399 1
27 71 1
154 399 0
154 71 1
28 329 1
329 297 1
29 297 1
32 297 0
34 195 1
34 253 1
34 297 0
34 94 0
195 173 1
195 297 1
253 297 1
35 189 1
35 232 1
232 189 1
36 9 1
36 167 1
36 263 1
37 180 1
38 297 1
39 66 1
39 297 1
66 202 0
66 297 1
66 269 0
40 297 1
42 274 1
42 297 1
42 326 1
326 274 0
46 241 0
46 243 1
241 243 1
241 297 1
241 285 1
243 162 1
243 297 1
243 285 1
48 297 0
49 53 1
49 94 0
94 53 1
94 297 0
50 42 0
50 297 1
50 62 1
51 85 1
51 260 1
51 297 1
260 85 1
55 32 1
55 216 0
55 297 1
216 132 1
216 297 0
56 314 0
56 119 1
57 297 0
58 135 0
58 174 1
58 297 1
58 13 1
58 146 1
174 297 0
174 191 1
59 139 1
59 212 1
139 212 1
61 297 1
62 297 1
63 31 1
65 297 0
202 297 1
202 227 1
202 46 1
202 269 1
68 268 1
68 365 1
268 297 1
365 268 1
70 297 0
71 58 1
71 241 1
71 244 1
71 297 1
72 8 1
72 297 1
73 229 1
73 370 1
73 253 1
73 119 1
370 229 1
370 253 1
370 119 1
74 297 1
76 78 1
76 108 1
78 108 1
77 322 1
77 337 1
322 337 0
79 268 1
79 297 1
82 297 1
84 297 0
84 342 1
84 371 1
371 342 1
86 71 1
86 244 1
87 297 1
88 120 1
88 395 1
395 120 1
395 297 1
89 6 1
89 297 1
90 0 0
90 363 1
91 219 1
91 297 1
91 360 1
91 158 1
219 297 1
360 219 1
360 158 1
93 297 1
93 310 1
310 297 0
95 327 1
97 190 1
190 297 1
98 255 1
255 297 1
99 17 1
99 350 0
99 204 1
102 124 1
102 136 1
102 297 1
102 386 1
124 297 1
124 358 1
136 297 1
386 124 1
103 297 1
103 301 1
301 297 0
106 204 1
106 297 1
204 48 1
204 297 1
204 366 1
107 157 1
109 199 0
109 340 1
109 62 1
340 199 0
340 62 1
110 297 1
111 110 1
111 297 1
112 181 0
112 297 0
114 31 0
114 63 1
114 94 1
114 173 0
114 297 1
173 202 1
173 297 1
173 227 0
116 178 0
117 173 1
117 297 1
122 271 0
122 389 1
271 389 1
123 130 1
130 297 1
129 273 1
129 297 1
129 367 1
273 150 0
273 297 0
273 367 1
131 297 1
131 374 1
374 297 1
374 123 1
132 297 1
132 351 1
132 255 1
138 146 1
138 208 1
138 253 1
138 297 1
138 353 1
138 364 1
138 173 1
146 22 0
146 297 1
146 355 1
208 253 0
353 32 0
353 162 1
353 250 1
353 297 1
353 269 1
364 32 1
364 297 1
364 374 1
364 381 1
364 191 1
364 253 1
140 297 0
141 237 1
141 297 1
141 245 0
237 297 1
237 245 0
143 297 0
144 297 1
144 374 1
145 148 1
145 164 0
148 164 1
148 297 1
355 22 1
149 297 0
150 245 1
150 297 0
245 50 1
245 297 1
151 44 1
152 95 1
152 289 1
152 297 0
152 327 1
289 297 0
289 116 1
153 191 1
191 263 1
191 297 1
191 378 1
156 28 1
156 75 1
156 102 1
156 297 1
156 329 1
156 358 1
156 191 1
358 297 1
158 131 1
158 297 0
158 374 1
159 107 1
159 157 1
160 174 1
160 297 0
161 62 0
161 248 0
161 297 1
161 191 1
248 62 1
248 204 1
248 253 1
248 297 1
248 191 0
248 149 0
162 297 1
162 269 1
163 225 1
163 297 1
225 142 1
225 197 1
225 297 1
225 303 1
166 279 1
166 297 1
166 323 1
166 132 1
279 40 0
279 70 1
279 297 1
279 382 1
279 395 1
323 218 1
323 297 1
323 263 1
169 238 1
170 293 1
170 297 1
177 297 1
182 141 1
182 297 0
183 267 1
183 276 1
267 276 1
254 87 1
254 297 0
254 247 1
186 297 1
186 300 0
187 185 1
187 289 1
187 297 1
263 261 1
263 297 1
263 302 1
378 149 1
378 297 1
192 275 1
193 8 1
193 72 1
194 297 1
194 348 1
196 50 1
196 245 0
196 297 1
197 142 0
200 297 0
200 305 0
200 354 1
305 354 0
354 202 1
354 297 0
201 192 1
201 275 1
203 188 0
203 297 1
366 48 1
205 0 1
205 297 1
211 263 1
211 297 1
213 297 1
213 358 1
213 294 1
214 3 1
214 288 1
288 3 0
215 297 1
217 70 1
217 297 0
217 349 1
217 293 1
349 194 0
349 297 1
349 293 1
349 71 1
349 348 1
218 13 1
218 75 1
218 297 1
220 75 1
220 297 1
220 393 0
220 319 1
393 297 1
221 37 1
221 180 1
222 297 1
223 93 1
223 310 1
224 207 1
224 262 0
224 297 1
262 207 1
303 52 1
303 297 1
226 155 1
226 297 1
226 391 1
226 181 1
155 181 1
391 155 0
227 352 0
352 63 1
230 297 1
234 146 1
234 297 1
234 374 1
236 297 1
239 52 1
239 297 0
239 303 0
239 398 1
398 297 1
246 297 1
246 348 1
348 74 0
348 220 1
348 297 1
348 62 1
247 55 1
247 216 1
249 297 1
250 297 1
252 169 1
252 238 1
259 6 1
259 89 1
259 297 1
261 302 1
302 297 1
266 62 1
266 297 0
269 103 1
269 194 1
269 297 1
269 349 1
278 323 1
280 54 1
282 188 1
282 203 1
282 297 1
283 162 0
284 98 0
284 255 1
285 162 1
285 283 1
287 250 0
287 353 1
290 18 1
290 121 1
290 297 1
290 349 1
291 297 1
292 4 1
292 113 1
292 297 1
294 315 1
294 378 1
315 378 1
295 297 0
296 56 1
296 314 1
296 119 1
298 220 1
298 297 1
298 348 1
304 230 1
304 297 1
307 213 1
307 358 1
311 174 1
311 263 1
311 297 1
311 382 1
312 116 1
312 178 1
313 112 0
313 181 1
316 58 1
316 135 1
317 34 1
317 195 1
317 297 0
318 297 1
319 173 1
319 202 0
320 123 1
320 130 1
321 220 1
321 245 1
321 297 1
325 297 1
328 110 0
328 297 0
328 399 1
330 227 1
330 352 1
330 63 1
332 297 1
336 222 1
336 387 1
387 222 1
338 297 1
341 150 1
341 297 0
341 263 1
356 170 1
356 293 1
357 150 0
357 341 1
362 160 1
362 297 1
381 32 1
367 54 1
367 280 1
369 70 1
369 297 1
373 278 1
373 297 1
373 323 0
373 349 1
373 263 1
375 253 1
375 297 0
379 153 1
379 191 1
383 97 1
383 190 1
385 34 1
385 51 1
385 297 1
385 369 1
394 289 0
394 297 1
394 116 1
396 297 1
397 44 1
397 151 0
