1 37 1
37 406 1
37 422 0
37 589 0
37 46 0
37 429 0
37 282 1
37 193 0
37 86 0
37 47 0
37 286 0
37 204 0
37 383 1
37 531 0
37 518 1
37 294 1
2 569 0
569 37 0
3 37 0
4 37 0
5 37 1
8 37 0
8 47 0
47 37 0
9 37 0
10 37 0
11 37 1
11 181 0
181 37 0
13 37 1
14 235 0
14 253 0
235 37 0
235 253 0
253 37 0
17 37 0
18 37 0
19 37 0
19 159 0
19 286 0
159 37 0
20 37 0
21 37 1
24 37 0
24 121 0
24 350 1
24 454 1
121 37 0
121 454 0
350 37 0
350 121 0
25 46 0
25 455 1
25 166 1
46 37 0
26 37 0
27 37 0
28 77 0
28 278 0
77 37 0
77 278 1
278 37 0
29 37 0
30 37 0
31 206 0
206 37 1
206 204 0
33 37 0
35 37 1
36 144 0
36 248 0
248 37 0
248 144 0
406 37 0
38 37 0
39 37 0
40 37 0
42 37 1
44 37 0
45 37 0
50 37 0
50 205 0
51 37 0
52 37 0
53 37 0
54 37 1
55 37 1
55 599 0
56 37 0
57 37 0
58 37 0
58 370 0
58 463 0
60 284 0
60 368 1
368 284 0
61 37 0
62 37 0
63 37 0
63 46 0
64 37 0
65 37 0
65 506 1
65 589 0
589 37 0
589 506 0
66 37 1
67 37 0
68 454 0
68 570 0
454 554 0
454 570 1
69 37 0
72 37 0
76 37 0
78 37 1
79 37 0
79 270 1
79 468 1
270 468 0
270 230 0
270 397 1
468 37 0
468 230 0
468 397 0
80 37 0
80 436 0
80 159 0
80 118 0
436 37 0
436 159 1
81 37 0
81 422 0
82 37 0
82 92 0
82 190 0
92 37 0
190 92 0
83 37 0
84 37 0
86 37 0
86 50 1
86 205 0
87 37 0
88 37 0
88 517 0
88 422 1
517 37 0
89 37 0
89 282 0
89 464 0
89 279 0
282 464 0
464 279 0
90 37 1
93 549 0
549 37 1
549 301 0
94 366 0
94 517 1
366 37 0
366 517 0
98 37 0
100 37 0
101 37 1
104 37 0
104 534 0
105 37 0
106 37 1
109 37 0
111 37 1
114 37 0
116 37 1
117 37 0
118 37 0
118 554 0
554 37 0
120 37 0
122 37 0
124 25 0
124 37 0
124 46 0
124 455 0
124 166 0
128 242 0
129 37 0
130 11 0
130 37 0
130 181 0
131 37 1
132 37 0
132 281 0
132 423 0
281 37 0
423 281 1
133 258 0
133 277 0
258 277 1
277 37 0
134 37 0
135 37 1
136 250 0
136 302 0
136 37 0
250 37 0
250 302 0
137 37 0
137 193 0
137 232 0
137 359 0
193 232 0
232 37 1
232 359 1
138 37 0
139 37 1
140 37 0
140 43 0
140 525 0
43 37 0
43 357 0
43 359 0
141 317 0
141 489 0
489 317 0
142 37 0
142 216 0
142 359 0
216 37 1
359 216 1
143 37 0
145 573 1
145 383 0
146 37 0
147 37 0
148 37 0
148 191 0
148 434 0
434 191 0
149 37 0
149 321 0
149 389 0
149 351 1
149 518 0
321 37 0
321 389 0
321 589 1
321 351 1
150 37 0
150 516 1
152 393 0
152 118 0
393 37 0
393 527 0
153 37 0
154 37 0
155 37 0
157 37 0
160 37 0
161 37 1
162 37 0
164 37 0
165 37 0
166 37 0
166 126 0
167 37 0
168 37 1
169 37 0
169 278 0
170 37 0
170 286 0
170 533 1
170 14 0
170 245 0
286 37 0
286 533 0
533 37 0
533 14 0
533 245 1
171 37 0
172 37 0
174 37 0
175 37 0
176 37 0
177 37 0
179 37 0
180 37 0
184 37 0
185 37 0
185 295 0
295 37 0
187 37 1
188 37 0
192 37 0
192 422 0
192 425 0
422 37 0
422 425 0
425 37 0
194 37 0
197 37 0
197 483 0
199 37 1
200 37 0
201 37 1
202 195 0
202 525 0
525 37 0
525 195 1
203 37 0
204 37 0
204 318 1
207 37 0
208 37 1
210 37 0
211 37 0
213 37 0
214 37 1
214 191 0
215 37 1
217 37 1
217 403 0
217 282 0
217 286 0
217 86 0
217 47 0
403 37 1
403 286 0
218 37 1
219 37 0
221 37 0
222 37 0
222 264 0
223 37 1
224 37 0
226 93 0
226 549 0
226 301 1
227 37 0
228 37 0
229 37 1
230 301 0
230 305 0
301 37 0
305 37 0
305 301 0
305 422 0
231 37 1
233 37 0
234 37 0
237 37 0
237 438 1
238 88 1
238 517 0
239 37 0
240 37 0
240 80 0
240 436 0
240 118 0
241 37 1
243 37 0
244 37 0
245 497 1
497 37 0
497 181 0
497 559 0
246 37 1
246 58 1
246 370 0
246 463 0
247 37 1
249 37 0
251 37 0
252 37 0
254 37 0
255 37 0
259 37 0
261 37 0
262 37 0
265 37 0
267 37 0
268 37 0
269 37 0
271 37 0
272 37 0
273 37 0
275 37 0
275 214 0
275 342 0
275 191 1
342 37 0
342 214 0
276 37 0
279 110 0
279 479 0
110 245 1
479 110 0
479 245 0
280 37 0
280 449 0
280 531 0
449 37 0
449 531 0
449 357 1
531 37 0
531 357 1
287 37 0
288 37 0
290 37 0
291 37 0
292 37 0
294 37 0
294 149 0
294 321 0
297 37 1
298 37 0
299 37 0
300 37 0
304 37 0
306 37 0
306 145 1
306 573 1
306 383 0
307 37 0
308 135 0
308 327 0
327 135 0
311 37 0
312 37 0
315 37 1
316 37 0
318 37 1
318 406 0
320 37 0
322 16 0
322 37 0
322 339 0
339 16 0
339 37 0
323 37 0
326 70 0
70 118 0
328 37 1
329 37 0
330 37 0
330 351 0
330 553 0
330 438 0
351 553 0
553 37 1
553 438 1
331 37 0
332 37 0
334 37 0
335 37 0
338 37 0
338 237 0
338 357 1
338 438 0
338 193 1
357 37 1
357 237 0
341 37 1
341 113 1
341 493 1
493 113 1
493 37 0
343 37 0
343 63 0
344 37 1
345 37 0
346 37 1
347 37 0
348 37 1
349 37 0
352 554 0
354 37 0
354 118 0
354 554 0
355 37 0
355 245 0
355 497 0
355 181 0
355 559 0
356 37 1
358 37 1
361 37 0
361 204 1
361 496 1
361 318 1
496 204 1
363 37 0
365 37 1
369 37 0
372 37 0
373 37 0
374 37 0
376 37 0
377 37 0
378 37 0
379 37 0
380 8 1
380 37 0
380 47 0
381 37 1
383 31 1
383 37 0
383 206 0
384 37 0
388 37 0
389 37 1
389 169 0
392 37 0
394 37 0
395 37 0
396 37 0
397 196 0
397 426 0
426 37 1
426 196 0
398 37 1
399 37 1
400 336 0
401 37 0
402 261 0
404 37 0
405 37 0
408 37 0
409 37 0
410 37 0
411 37 1
412 126 0
412 166 0
413 37 0
415 37 0
418 37 0
418 197 0
418 483 0
418 429 0
418 531 1
419 37 0
420 37 1
421 37 0
427 37 0
428 37 0
429 37 0
429 485 1
429 522 0
485 37 0
485 383 0
522 37 0
522 485 0
430 37 0
431 37 1
433 37 0
435 37 0
437 37 0
438 37 0
439 37 0
440 37 0
440 438 0
440 242 0
440 294 0
441 37 0
442 37 0
444 37 1
444 104 1
444 534 0
447 37 0
448 37 0
451 37 0
452 37 0
452 70 1
452 326 0
452 118 0
453 37 0
455 37 0
455 81 0
456 37 0
457 37 0
458 37 0
460 37 0
461 37 0
462 37 1
463 37 0
463 55 1
463 599 0
465 37 0
466 37 0
467 37 0
469 37 0
470 37 0
474 37 0
475 37 0
476 37 0
477 37 0
478 37 0
480 37 1
481 37 0
482 37 0
484 37 0
486 37 0
488 37 1
490 71 0
494 37 0
495 37 0
498 71 0
498 490 0
500 37 0
501 37 0
502 37 0
503 37 1
504 37 0
505 37 0
507 37 0
509 37 0
510 37 0
510 63 0
510 343 0
511 37 0
511 150 0
511 516 0
512 37 0
513 222 0
513 264 0
514 37 0
518 19 0
518 37 0
518 159 0
519 37 0
521 37 1
521 336 0
521 400 1
523 37 0
526 37 0
527 37 1
527 185 0
527 295 1
528 37 0
529 37 0
532 37 0
535 37 0
538 37 0
539 37 0
539 169 1
539 389 0
539 278 0
539 429 0
540 37 0
541 37 0
542 37 0
544 37 0
545 37 0
545 128 0
545 242 1
546 37 0
547 37 0
552 37 0
556 37 0
557 37 1
559 37 0
559 81 0
559 455 0
560 37 0
561 37 0
561 438 0
561 440 0
561 242 0
563 37 0
563 43 0
563 140 0
563 357 1
563 359 1
563 525 1
564 37 0
565 37 0
566 37 0
567 94 0
567 366 0
568 37 0
571 37 0
572 37 0
574 37 0
575 37 0
576 37 1
577 37 0
578 37 0
579 37 0
580 37 0
581 37 1
582 37 0
585 37 0
585 152 0
585 393 0
585 527 1
585 118 0
590 37 0
591 37 1
591 217 0
591 403 0
592 37 0
595 37 0
597 37 0
