0 305 1
0 554 1
305 290 1
305 554 1
554 290 1
1 392 1
392 290 1
2 290 1
2 591 0
290 400 0
290 23 1
290 20 1
290 398 0
290 431 0
290 503 1
290 110 1
290 95 0
290 437 1
290 565 0
290 219 0
290 92 1
290 315 1
290 599 0
290 366 0
290 383 1
290 492 0
290 167 1
290 71 0
290 348 1
290 591 1
290 70 0
290 238 0
290 77 1
290 263 1
290 439 1
290 580 1
290 300 1
290 420 0
591 290 0
3 91 1
3 102 1
3 397 1
91 397 0
102 91 1
4 290 1
6 1 1
6 204 1
6 290 1
6 392 1
204 290 0
7 86 0
7 491 0
491 86 0
491 290 1
8 290 0
8 291 0
8 406 1
291 290 1
291 451 1
9 290 1
9 370 1
370 290 1
370 92 0
10 290 1
11 110 0
11 290 1
11 371 1
110 290 1
110 348 0
110 385 1
371 290 0
371 438 0
371 20 1
13 290 0
15 285 0
15 290 1
285 290 1
16 290 0
16 400 0
400 290 1
400 518 1
400 542 0
17 290 1
18 290 1
19 290 0
20 158 0
20 248 0
20 271 1
20 290 0
20 23 0
20 95 1
20 263 0
158 271 1
158 290 0
248 290 1
271 167 1
271 290 0
271 490 1
21 290 0
22 95 1
22 152 1
22 290 0
95 290 0
152 95 1
23 290 1
24 290 0
25 160 1
25 290 0
25 503 0
160 21 1
160 219 1
160 231 1
160 290 0
160 503 0
26 567 1
567 290 1
27 154 0
27 290 0
27 599 0
154 19 1
154 186 1
154 290 0
154 599 1
599 259 1
599 290 0
28 290 0
29 4 0
29 290 1
30 290 0
30 354 1
354 290 0
31 290 1
31 416 0
31 455 0
31 513 1
455 416 0
513 242 1
513 290 1
513 554 1
32 290 1
33 198 1
33 290 0
198 290 1
34 290 0
34 344 1
344 290 1
35 290 1
37 156 0
37 409 0
156 349 1
409 156 1
409 290 0
409 508 0
409 571 1
409 349 1
38 290 1
40 290 1
41 23 0
41 290 0
41 71 1
42 290 0
43 290 0
44 290 0
45 270 0
45 290 1
270 76 0
270 290 1
270 599 0
46 290 0
47 32 1
47 290 0
48 290 0
48 435 1
48 238 0
435 290 0
49 51 0
49 94 0
49 290 1
49 453 0
51 290 1
51 20 1
94 453 1
50 290 1
50 373 1
50 399 1
54 290 0
55 48 0
55 248 0
55 290 0
56 290 0
58 290 0
58 319 1
58 593 1
319 290 1
319 573 0
319 593 0
59 290 0
60 290 0
63 241 1
63 290 1
241 290 1
64 290 0
66 68 1
66 290 0
68 148 0
68 172 0
68 290 0
67 290 1
148 290 0
172 290 1
69 290 0
70 290 1
70 545 1
545 58 1
545 290 0
545 558 1
545 348 0
71 36 0
71 244 1
71 290 0
244 36 1
72 290 1
73 429 0
73 570 1
429 290 0
570 290 1
570 429 1
75 23 1
75 290 0
76 290 0
77 290 0
77 293 1
77 577 1
293 290 0
293 310 1
293 423 1
293 431 1
577 10 1
577 290 1
577 569 0
79 290 0
80 290 0
82 290 0
83 290 1
83 517 0
517 290 0
85 241 1
85 290 1
87 290 0
92 4 1
92 290 1
98 255 1
98 290 1
98 511 1
255 290 1
99 290 0
100 290 1
100 300 0
100 532 1
100 503 0
300 290 1
300 532 0
532 290 0
101 290 1
104 24 1
104 290 0
104 389 0
104 531 1
104 599 0
389 290 0
531 290 0
106 290 0
107 290 0
108 290 1
109 290 1
348 220 0
348 290 0
348 431 1
385 42 0
385 120 1
385 290 0
111 133 0
111 290 1
133 290 0
112 381 0
381 80 1
381 290 0
113 290 0
113 523 0
115 290 0
115 536 0
536 290 1
536 571 0
116 76 0
116 290 0
116 458 0
117 34 1
118 290 1
119 290 0
119 580 0
120 131 0
120 290 0
120 398 0
131 290 1
398 290 0
121 198 0
121 290 1
121 380 0
121 315 1
380 263 0
380 290 1
380 441 0
380 536 0
380 551 0
380 423 1
122 71 1
122 290 1
122 580 1
123 290 1
125 290 1
125 595 1
595 122 0
595 290 1
595 580 0
126 253 1
126 274 0
126 290 0
253 280 1
253 290 0
274 253 1
274 290 1
130 290 1
134 290 1
135 290 1
137 113 1
137 290 1
137 321 0
137 323 0
321 290 1
323 290 1
138 290 1
138 431 1
139 290 1
140 290 1
141 119 0
141 290 0
145 290 1
146 290 0
146 555 1
149 290 0
150 51 0
150 290 1
151 34 1
151 117 1
151 290 1
186 124 0
186 182 1
186 290 0
186 386 1
186 437 0
186 405 1
155 290 1
155 370 1
157 290 0
219 21 1
219 290 0
231 290 0
161 290 1
161 366 1
161 167 0
366 290 0
163 290 1
164 213 0
164 290 0
164 591 1
213 591 1
166 290 0
167 254 0
167 280 1
167 290 1
280 254 1
280 290 1
280 439 0
168 290 0
169 198 1
169 290 1
171 290 0
174 290 0
174 565 0
176 326 0
326 290 0
326 392 1
326 596 0
179 290 0
179 110 0
180 259 0
180 289 0
180 290 0
180 77 0
259 289 1
259 290 0
259 420 1
289 6 1
289 51 1
289 290 0
289 383 1
181 290 1
181 435 1
182 4 0
182 290 1
183 290 0
185 290 0
386 290 0
187 357 0
357 290 1
188 290 0
188 459 0
459 2 0
459 290 0
459 373 0
189 290 0
190 290 0
191 10 1
191 290 1
191 423 1
423 290 1
192 290 0
193 290 0
195 290 0
196 50 0
196 245 0
196 290 0
245 50 0
197 290 0
199 290 1
199 353 0
199 369 0
199 505 1
353 290 1
369 290 1
505 369 1
201 290 0
201 536 1
201 571 1
202 290 1
202 430 1
430 290 0
205 290 1
206 290 0
207 290 1
208 53 1
208 179 0
208 290 0
209 290 1
211 290 1
212 97 1
212 346 1
346 97 0
214 290 1
215 64 0
215 290 1
215 490 0
215 563 1
490 290 0
563 50 1
563 290 0
563 492 0
563 399 1
216 290 1
217 290 1
218 290 0
218 348 1
218 591 0
220 290 0
223 290 1
224 290 1
227 290 0
228 290 1
228 360 0
360 290 1
230 290 0
232 290 0
235 218 1
235 290 0
235 591 0
236 290 1
237 290 1
237 536 1
237 263 0
238 41 0
238 290 1
238 446 1
446 41 0
446 290 0
446 414 1
239 52 1
239 290 1
239 503 1
503 52 1
503 290 1
503 469 0
503 536 0
242 158 1
242 290 0
242 335 1
335 290 0
249 290 0
251 290 0
256 290 1
256 314 1
256 393 1
256 531 1
314 290 1
393 314 1
257 290 0
258 96 0
260 290 1
260 558 0
558 290 1
261 116 0
261 458 1
262 148 1
262 345 0
345 148 0
345 183 1
345 290 1
263 42 0
263 176 1
263 196 0
263 290 1
263 326 1
264 290 0
268 139 1
268 290 0
268 292 0
292 139 0
269 290 0
272 290 0
273 290 0
275 290 1
276 478 0
478 290 1
278 290 0
278 382 0
382 290 1
279 290 0
282 44 1
282 241 0
282 290 0
283 290 0
283 367 1
287 119 0
287 153 1
287 290 1
288 290 1
288 298 1
451 290 1
310 290 1
310 431 0
310 599 0
310 366 1
431 28 0
431 290 0
297 290 0
297 437 0
437 196 0
437 290 0
437 542 1
299 290 0
301 290 0
302 119 0
302 290 1
302 300 1
303 290 0
303 370 1
306 9 0
306 241 0
306 290 1
307 96 0
307 258 1
307 290 0
308 61 1
308 463 0
463 61 1
463 119 0
463 179 0
463 290 0
309 189 1
309 290 0
309 490 1
309 540 1
540 490 0
311 290 0
311 363 1
363 290 1
312 290 1
312 321 0
315 92 0
315 218 1
315 290 1
315 378 0
315 77 0
378 218 0
378 290 1
378 357 1
378 348 0
317 290 1
573 113 1
573 290 1
573 523 0
320 290 1
320 302 1
320 354 1
320 559 0
559 145 0
559 290 1
559 467 0
559 507 1
596 141 1
596 290 0
330 290 0
330 450 1
450 290 1
450 468 1
450 565 1
450 199 0
331 174 0
331 565 0
334 290 1
336 187 0
336 357 1
338 53 1
338 208 1
341 290 1
341 350 1
341 469 0
341 485 0
341 565 1
350 469 0
469 290 0
469 485 0
469 565 0
343 183 1
343 290 0
347 106 1
347 290 0
349 290 0
349 394 1
349 496 0
394 290 0
394 370 0
394 496 1
394 492 1
496 290 0
496 219 0
496 492 1
352 56 0
352 139 0
352 290 0
352 359 1
352 423 1
352 398 1
359 423 1
355 112 1
355 381 1
358 174 0
358 331 0
361 448 0
448 290 1
362 17 0
362 283 1
362 290 0
362 367 0
364 290 1
365 35 0
365 290 1
365 511 0
365 565 0
511 290 0
511 310 1
511 491 0
511 576 0
367 290 1
367 301 1
368 290 0
438 290 0
372 192 0
372 290 1
373 2 0
373 290 1
376 226 0
376 585 1
585 226 1
377 290 0
441 290 0
551 8 0
551 290 0
551 429 1
383 290 0
383 467 0
383 476 1
467 290 0
467 476 0
388 69 0
388 270 1
388 290 0
390 290 0
390 400 1
395 290 1
396 118 0
396 126 0
396 290 0
396 70 1
397 290 0
399 251 0
399 290 1
518 290 0
542 290 1
401 18 1
401 290 0
402 290 1
403 146 0
403 555 1
405 138 0
405 290 0
405 372 1
406 260 1
406 290 1
508 283 1
508 290 0
571 290 1
571 397 1
410 290 1
412 290 0
413 153 1
413 287 1
413 290 0
413 435 1
413 460 0
460 290 1
414 288 1
414 290 1
414 298 0
414 423 0
417 4 0
417 92 1
417 182 0
417 290 0
418 121 0
418 180 1
418 290 0
418 380 1
418 443 1
418 77 1
418 423 1
443 9 0
443 237 0
443 290 0
443 421 0
443 263 0
420 290 1
420 434 1
420 536 1
420 591 0
434 290 1
421 237 0
421 290 1
424 33 1
424 186 1
424 219 0
424 290 0
424 386 1
424 462 0
424 405 1
462 386 1
425 290 0
427 299 0
428 50 1
428 290 0
428 373 1
432 272 1
433 8 0
433 290 1
439 290 1
439 396 1
445 290 1
447 108 0
449 290 1
468 290 0
468 565 0
468 199 1
452 290 1
456 290 1
457 18 1
457 290 0
461 290 0
461 300 1
464 290 1
465 290 0
465 413 1
470 290 0
470 402 0
470 423 0
470 448 0
471 290 0
472 8 1
472 290 0
472 291 0
472 477 0
472 406 0
477 137 1
477 290 0
477 522 1
473 290 0
475 124 0
475 186 1
475 251 1
475 290 1
475 591 0
522 137 0
480 119 1
480 488 0
488 119 0
481 150 0
481 290 0
483 362 0
484 98 1
484 255 0
484 511 1
485 290 0
485 362 0
485 483 1
486 290 0
487 139 1
487 169 1
487 290 1
487 305 0
489 35 0
489 290 1
489 558 0
489 591 0
489 70 0
492 280 1
492 290 0
492 341 0
493 108 0
493 447 1
495 279 0
495 290 0
498 220 0
498 348 1
500 21 1
500 290 1
502 290 1
502 302 0
502 514 0
514 290 1
506 290 0
507 145 1
507 290 1
509 56 1
509 290 0
576 290 0
576 357 0
512 290 1
516 290 1
519 290 0
521 290 1
524 290 0
525 290 0
526 263 0
526 290 0
527 361 0
527 448 1
529 290 1
530 76 1
530 290 1
530 299 1
530 427 1
535 26 0
535 567 1
541 290 0
541 306 0
544 290 0
544 473 1
546 242 0
546 290 0
546 513 1
547 290 1
550 290 0
553 4 1
553 290 0
556 290 1
561 100 0
561 290 0
564 276 1
564 478 1
569 290 0
574 150 0
574 290 1
574 385 1
575 290 1
579 290 1
581 272 0
581 432 1
582 113 1
582 290 0
582 551 0
584 290 1
586 41 1
586 290 0
586 23 0
588 19 1
588 264 1
588 290 0
589 290 1
590 290 0
592 113 1
592 290 0
592 465 0
594 290 1
