0 305 0
0 554 0
305 290 1
305 554 0
554 290 0
1 392 0
392 290 0
2 290 0
2 591 1
2 535 1
290 400 1
290 69 1
290 4 0
290 31 1
290 237 1
290 263 0
290 357 0
290 119 1
290 319 1
290 51 1
290 502 0
290 326 1
290 511 0
290 150 0
290 517 1
290 215 1
290 255 1
290 100 0
290 110 1
290 542 0
290 569 0
290 111 1
290 429 0
290 580 1
290 413 1
290 461 1
290 427 1
290 535 1
290 126 1
290 180 0
290 559 1
591 290 0
3 91 0
3 102 1
102 91 1
4 290 0
6 1 1
6 204 0
6 290 1
6 392 1
204 290 0
7 86 1
7 491 1
491 86 0
491 290 1
8 290 1
8 291 1
8 92 1
291 290 0
291 451 0
9 290 1
9 370 1
370 290 1
370 55 1
10 290 1
11 110 0
11 290 0
11 371 0
110 290 1
110 348 0
110 385 0
371 290 1
371 438 0
371 4 0
13 290 0
15 285 0
15 290 0
285 290 0
16 290 0
16 400 1
400 290 0
400 518 1
400 542 0
400 429 0
17 290 1
18 290 1
19 290 0
20 158 1
20 248 1
20 271 0
20 290 1
158 271 0
158 290 1
248 290 0
271 167 0
271 290 0
271 490 0
21 290 1
22 95 0
22 152 1
22 290 0
95 290 1
152 95 0
23 290 0
24 290 0
25 160 1
25 290 0
160 21 1
160 219 1
160 231 0
160 290 1
160 100 1
26 567 1
567 290 0
27 154 1
27 290 1
27 599 0
154 19 0
154 186 0
154 290 1
154 599 0
154 271 0
599 259 1
599 290 1
28 290 1
29 4 1
29 290 0
30 290 1
30 354 1
354 290 1
31 290 0
31 416 0
31 455 0
31 513 0
455 416 0
513 242 1
513 290 1
513 554 1
513 372 1
32 290 0
32 51 0
33 198 0
33 290 0
198 290 1
34 290 0
34 344 0
34 574 1
344 290 1
344 574 1
35 290 1
35 255 1
37 156 0
37 409 1
409 156 1
409 290 1
409 508 0
409 571 0
38 290 0
40 290 0
41 23 1
41 290 0
42 290 0
42 315 0
42 463 1
43 290 0
44 290 1
45 270 1
45 290 0
270 76 1
270 290 0
270 599 0
46 290 0
47 32 1
47 290 0
48 290 1
48 435 1
48 517 0
435 290 1
49 51 1
49 94 0
49 290 0
49 453 1
51 290 0
94 453 0
50 290 0
54 290 0
55 48 1
55 248 0
55 290 1
56 290 0
56 367 0
56 126 0
58 290 0
58 319 0
58 593 0
319 290 1
319 573 1
319 593 0
59 290 1
60 290 1
63 241 1
63 290 0
241 290 1
64 290 1
64 542 1
66 68 1
66 290 1
66 271 1
68 148 1
68 172 1
68 290 1
68 271 1
67 290 0
148 290 0
172 290 0
69 290 0
70 290 0
70 545 0
545 58 0
545 290 0
545 558 1
71 36 0
71 244 0
71 290 1
244 36 0
72 290 1
73 429 0
73 570 1
429 290 1
570 290 0
570 429 1
75 23 1
75 290 0
76 290 1
77 290 1
77 293 0
77 577 1
293 290 1
293 310 1
293 423 0
293 431 1
577 10 0
577 290 0
577 569 1
79 290 1
80 290 0
82 290 1
83 290 1
83 517 1
517 290 0
85 241 0
85 290 1
87 290 0
92 4 0
92 290 0
92 215 0
98 255 1
98 290 0
255 290 0
99 290 0
100 290 1
100 300 0
100 532 0
100 263 0
300 290 0
300 532 1
101 290 1
104 24 1
104 290 0
104 389 0
104 531 1
104 599 0
389 290 1
531 290 0
106 290 1
107 290 0
108 290 1
109 290 0
348 220 0
348 290 0
385 42 1
385 120 1
385 290 1
385 315 1
385 463 0
385 599 1
385 429 0
111 133 1
111 290 0
133 290 1
112 381 1
381 80 0
381 290 1
113 290 1
113 523 1
115 290 1
115 536 1
536 290 1
116 76 0
116 290 0
116 458 1
117 34 0
118 290 1
119 290 0
120 131 1
120 290 0
120 398 0
120 599 1
120 429 1
131 290 0
398 290 0
121 198 0
121 290 0
121 380 1
380 263 1
380 290 1
380 441 0
380 536 0
380 551 1
380 111 1
380 180 1
122 71 1
122 290 0
122 580 1
123 290 0
125 290 0
125 595 1
595 122 0
595 290 0
595 580 0
126 253 0
126 274 0
126 290 1
253 280 1
253 290 0
274 253 1
274 290 0
274 237 0
130 290 0
134 290 0
135 290 1
137 113 1
137 290 0
137 321 1
137 323 0
137 182 0
321 290 1
323 290 1
138 290 0
139 290 0
140 290 0
141 119 1
141 290 0
141 427 0
145 290 1
146 290 0
146 555 1
149 290 0
150 51 1
150 290 0
151 34 0
151 117 1
151 290 1
186 124 0
186 182 1
186 290 1
186 386 1
186 271 0
155 290 1
155 370 0
155 55 0
157 290 1
219 21 1
219 290 1
231 290 0
161 290 0
161 366 0
366 290 1
163 290 0
164 213 0
164 290 1
164 591 1
213 591 0
166 290 0
167 254 0
167 280 0
167 290 1
280 254 1
280 290 1
168 290 0
169 198 0
169 290 0
171 290 1
174 290 1
176 326 1
326 290 0
326 392 0
326 596 1
326 511 1
179 290 1
180 259 1
180 289 0
180 290 0
259 289 1
259 290 1
289 6 1
289 51 1
289 290 0
289 326 1
289 580 1
181 290 1
181 435 1
182 4 0
182 290 0
183 290 1
185 290 0
386 290 1
187 357 0
357 290 0
188 290 1
188 459 0
459 2 0
459 290 1
459 373 1
189 290 1
190 290 0
191 10 0
191 290 0
191 423 0
423 290 0
192 290 1
193 290 0
195 290 0
196 50 0
196 245 0
196 290 1
245 50 1
197 290 0
199 290 1
199 353 1
199 369 1
199 505 0
353 290 0
353 319 0
369 290 1
369 502 1
505 369 1
201 290 0
201 536 0
202 290 1
202 430 1
430 290 0
205 290 0
206 290 1
207 290 1
208 53 0
208 179 0
208 290 1
209 290 1
211 290 0
212 97 0
212 346 1
346 97 0
214 290 0
215 64 0
215 290 1
215 490 1
215 563 1
490 290 1
563 50 1
563 290 0
216 290 0
217 290 0
218 290 0
220 290 0
223 290 1
224 290 1
227 290 1
228 290 1
228 360 0
360 290 0
360 150 1
230 290 1
232 290 0
235 218 0
235 290 0
236 290 0
237 290 1
237 536 0
238 41 0
238 290 1
238 446 1
446 41 0
446 290 0
446 414 1
239 52 1
239 290 0
239 503 1
503 52 0
503 290 0
503 469 1
503 536 0
242 158 0
242 290 1
242 335 0
335 290 0
249 290 1
251 290 1
256 290 1
256 314 0
256 393 0
256 531 1
314 290 1
393 314 1
257 290 1
258 96 1
258 215 0
258 443 1
258 315 0
96 215 0
96 443 1
96 315 0
260 290 1
260 558 0
558 290 1
261 116 1
261 458 1
262 148 1
262 345 0
345 148 1
345 183 1
345 290 0
345 559 1
263 42 0
263 176 0
263 196 0
263 290 0
263 326 1
264 290 1
268 139 1
268 290 1
268 292 0
292 139 1
269 290 0
272 290 1
273 290 0
275 290 1
276 478 0
478 290 1
278 290 0
278 382 0
382 290 1
279 290 1
282 44 1
282 241 0
282 290 1
283 290 1
287 119 1
287 153 0
287 290 0
288 290 1
288 298 1
451 290 1
310 290 0
310 431 0
431 28 1
431 290 0
297 290 0
297 437 1
437 196 1
437 290 0
437 542 0
299 290 1
301 290 1
302 119 0
302 290 1
303 290 1
303 370 1
306 9 0
306 241 1
306 290 0
307 96 1
307 258 1
307 290 0
308 61 1
308 463 0
463 61 1
463 119 0
463 179 1
463 290 0
309 189 1
309 290 0
309 490 0
309 540 0
540 490 0
311 290 1
311 363 0
363 290 1
312 290 0
312 321 0
315 92 0
315 218 0
315 290 0
315 378 1
378 218 1
378 290 0
378 357 1
317 290 1
573 113 0
573 290 0
573 523 0
320 290 1
320 302 0
320 354 1
320 559 0
559 145 0
559 290 1
559 467 1
559 507 1
596 141 1
596 290 0
596 119 0
330 290 0
330 450 0
330 180 0
450 290 1
450 468 0
450 565 0
450 180 0
331 174 0
334 290 0
336 187 0
336 357 1
338 53 0
338 208 1
341 290 0
341 350 1
341 469 0
350 469 1
469 290 1
343 183 1
343 290 1
347 106 1
347 290 0
349 290 1
349 394 0
349 496 1
394 290 0
394 370 0
394 496 0
394 507 1
496 290 0
496 507 1
352 56 0
352 139 1
352 290 0
352 359 1
352 423 0
352 357 0
352 367 0
359 423 1
355 112 0
355 381 1
358 174 1
358 331 1
361 448 0
448 290 1
362 17 1
362 283 0
362 290 0
364 290 1
365 35 0
365 290 1
365 511 0
511 290 1
511 310 1
511 491 1
511 576 0
367 290 1
367 301 0
368 290 1
438 290 1
372 192 1
372 290 1
373 2 1
373 290 0
376 226 1
376 585 0
585 226 1
377 290 0
441 290 1
551 8 1
551 290 1
551 429 1
383 290 0
383 467 0
383 476 0
467 290 1
467 476 0
388 69 1
388 270 1
388 290 0
390 290 1
390 400 1
395 290 1
396 118 1
396 126 0
396 290 1
396 31 0
397 290 1
399 251 1
399 290 1
518 290 0
542 290 0
401 18 1
401 290 1
402 290 1
403 146 0
403 555 0
405 138 1
405 290 0
405 372 1
406 260 0
406 290 1
508 283 1
508 290 1
571 290 1
571 397 1
410 290 1
412 290 1
413 153 1
413 287 1
413 290 1
413 435 1
413 460 0
460 290 0
414 288 0
414 290 0
414 298 0
414 423 0
417 4 1
417 92 0
417 182 1
417 290 1
418 121 1
418 180 0
418 290 1
418 380 0
418 443 0
418 119 1
443 9 0
443 237 0
443 290 1
443 421 0
443 119 1
420 290 1
420 434 1
420 536 1
420 591 0
420 511 0
434 290 0
421 237 0
421 290 1
424 33 1
424 186 0
424 219 0
424 290 1
424 386 0
424 462 0
462 386 1
425 290 0
427 299 1
428 50 0
428 290 0
432 272 1
433 8 0
433 290 1
439 290 1
439 396 0
445 290 1
447 108 1
449 290 1
468 290 1
468 565 1
452 290 1
456 290 1
457 18 1
457 290 0
461 290 1
461 300 0
464 290 1
465 290 0
465 413 0
470 290 0
470 402 0
470 423 1
470 448 0
471 290 1
472 8 1
472 290 1
472 291 0
472 477 0
472 92 0
477 137 0
477 290 1
477 522 1
473 290 1
475 124 0
475 186 1
475 251 0
475 290 0
475 591 1
522 137 0
522 182 0
480 119 1
480 488 1
488 119 1
481 150 0
481 290 0
481 69 0
481 110 1
481 461 0
483 362 1
484 98 0
484 255 0
485 290 0
485 362 0
485 483 0
486 290 1
487 139 0
487 169 0
487 290 0
487 305 1
489 35 0
489 290 0
489 558 0
492 280 1
492 290 1
492 341 1
492 569 1
493 108 0
493 447 0
495 279 1
495 290 0
498 220 0
498 348 1
500 21 0
500 290 0
500 111 1
502 290 1
502 302 0
502 514 1
514 290 0
506 290 0
507 145 1
507 290 0
509 56 1
509 290 0
576 290 1
576 357 0
512 290 0
516 290 1
519 290 1
521 290 0
524 290 0
525 290 1
526 263 0
526 290 0
527 361 1
527 448 1
529 290 0
530 76 1
530 290 1
530 299 1
530 427 1
535 26 1
535 567 0
541 290 0
541 306 0
544 290 0
544 473 1
546 242 1
546 290 1
546 513 0
546 372 0
547 290 1
550 290 1
553 4 1
553 290 1
553 326 1
556 290 1
561 100 0
561 290 0
564 276 0
564 478 1
569 290 0
574 150 0
574 290 1
574 385 1
575 290 1
579 290 1
581 272 0
581 432 1
582 113 0
582 290 1
582 551 1
584 290 0
586 41 1
586 290 0
588 19 1
588 264 1
588 290 0
589 290 1
590 290 1
592 113 0
592 290 0
592 465 0
594 290 0
