0 305 0
0 554 0
305 290 0
305 554 0
554 290 0
1 392 0
392 290 1
2 290 1
2 591 0
2 535 0
290 400 0
290 69 0
290 4 0
290 31 0
290 237 0
290 263 0
290 357 0
290 119 1
290 319 0
290 51 0
290 502 0
290 326 1
290 511 0
290 150 0
290 517 1
290 215 0
290 255 1
290 100 0
290 110 0
290 542 0
290 569 0
290 111 0
290 429 1
290 580 1
290 413 0
290 461 0
290 427 0
290 535 1
290 126 0
290 180 0
290 559 0
591 290 0
3 91 0
3 102 0
102 91 0
4 290 0
6 1 0
6 204 0
6 290 0
6 392 0
204 290 0
7 86 0
7 491 0
491 86 0
491 290 0
8 290 0
8 291 0
8 92 0
291 290 0
291 451 0
9 290 0
9 370 1
370 290 0
370 55 0
10 290 0
11 110 0
11 290 0
11 371 0
110 290 1
110 348 0
110 385 0
371 290 1
371 438 0
371 4 0
13 290 1
15 285 1
15 290 0
285 290 0
16 290 0
16 400 1
400 290 0
400 518 0
400 542 1
400 429 0
17 290 0
18 290 0
19 290 0
20 158 0
20 248 0
20 271 0
20 290 0
158 271 0
158 290 0
248 290 1
271 167 0
271 290 0
271 490 0
21 290 0
22 95 0
22 152 0
22 290 0
95 290 0
152 95 0
23 290 0
24 290 0
25 160 0
25 290 1
160 21 1
160 219 0
160 231 0
160 290 0
160 100 1
26 567 0
567 290 0
27 154 0
27 290 0
27 599 0
154 19 0
154 186 0
154 290 0
154 599 0
154 271 1
599 259 0
599 290 0
28 290 0
29 4 0
29 290 1
30 290 0
30 354 0
354 290 0
31 290 0
31 416 0
31 455 0
31 513 0
455 416 0
513 242 0
513 290 0
513 554 0
513 372 0
32 290 0
32 51 0
33 198 1
33 290 1
198 290 0
34 290 0
34 344 0
34 574 0
344 290 0
344 574 0
35 290 0
35 255 0
37 156 0
37 409 0
409 156 0
409 290 1
409 508 0
409 571 0
38 290 0
40 290 0
41 23 1
41 290 1
42 290 0
42 315 1
42 463 0
43 290 0
44 290 0
45 270 1
45 290 0
270 76 0
270 290 0
270 599 0
46 290 0
47 32 0
47 290 1
48 290 1
48 435 0
48 517 0
435 290 0
49 51 1
49 94 0
49 290 0
49 453 0
51 290 0
94 453 1
50 290 0
54 290 1
55 48 0
55 248 1
55 290 0
56 290 0
56 367 0
56 126 0
58 290 0
58 319 0
58 593 1
319 290 0
319 573 1
319 593 1
59 290 0
60 290 1
63 241 0
63 290 0
241 290 0
64 290 0
64 542 0
66 68 0
66 290 0
66 271 1
68 148 0
68 172 0
68 290 0
68 271 0
67 290 0
148 290 0
172 290 0
69 290 0
70 290 0
70 545 0
545 58 0
545 290 0
545 558 0
71 36 0
71 244 0
71 290 0
244 36 0
72 290 0
73 429 0
73 570 1
429 290 0
570 290 0
570 429 0
75 23 0
75 290 0
76 290 1
77 290 0
77 293 1
77 577 0
293 290 0
293 310 0
293 423 0
293 431 0
577 10 0
577 290 0
577 569 0
79 290 0
80 290 0
82 290 1
83 290 0
83 517 0
517 290 0
85 241 0
85 290 0
87 290 0
92 4 1
92 290 0
92 215 0
98 255 0
98 290 0
255 290 0
99 290 0
100 290 0
100 300 0
100 532 0
100 263 0
300 290 0
300 532 0
101 290 1
104 24 0
104 290 0
104 389 1
104 531 0
104 599 0
389 290 0
531 290 1
106 290 0
107 290 0
108 290 1
109 290 0
348 220 0
348 290 0
385 42 0
385 120 0
385 290 0
385 315 1
385 463 0
385 599 0
385 429 0
111 133 0
111 290 0
133 290 0
112 381 1
381 80 0
381 290 0
113 290 0
113 523 0
115 290 0
115 536 0
536 290 0
116 76 0
116 290 0
116 458 0
117 34 0
118 290 0
119 290 0
120 131 1
120 290 0
120 398 0
120 599 0
120 429 0
131 290 0
398 290 0
121 198 0
121 290 1
121 380 0
380 263 0
380 290 0
380 441 0
380 536 0
380 551 0
380 111 0
380 180 0
122 71 0
122 290 0
122 580 0
123 290 1
125 290 0
125 595 0
595 122 0
595 290 0
595 580 1
126 253 0
126 274 0
126 290 0
253 280 1
253 290 0
274 253 1
274 290 0
274 237 1
130 290 0
134 290 0
135 290 0
137 113 0
137 290 0
137 321 0
137 323 0
137 182 0
321 290 0
323 290 0
138 290 0
139 290 0
140 290 0
141 119 0
141 290 0
141 427 0
145 290 1
146 290 0
146 555 1
149 290 1
150 51 1
150 290 1
151 34 0
151 117 0
151 290 0
186 124 0
186 182 1
186 290 0
186 386 0
186 271 0
155 290 0
155 370 0
155 55 0
157 290 0
219 21 1
219 290 0
231 290 0
161 290 0
161 366 0
366 290 0
163 290 0
164 213 1
164 290 0
164 591 0
213 591 1
166 290 0
167 254 0
167 280 0
167 290 0
280 254 1
280 290 0
168 290 0
169 198 0
169 290 0
171 290 0
174 290 0
176 326 0
326 290 0
326 392 0
326 596 0
326 511 0
179 290 0
180 259 0
180 289 1
180 290 1
259 289 0
259 290 0
289 6 0
289 51 0
289 290 0
289 326 1
289 580 0
181 290 0
181 435 1
182 4 0
182 290 0
183 290 0
185 290 0
386 290 0
187 357 0
357 290 1
188 290 0
188 459 0
459 2 1
459 290 0
459 373 0
189 290 1
190 290 0
191 10 0
191 290 0
191 423 0
423 290 0
192 290 0
193 290 0
195 290 0
196 50 1
196 245 0
196 290 0
245 50 0
197 290 1
199 290 0
199 353 0
199 369 0
199 505 0
353 290 0
353 319 0
369 290 0
369 502 0
505 369 0
201 290 0
201 536 0
202 290 1
202 430 0
430 290 1
205 290 0
206 290 0
207 290 0
208 53 0
208 179 0
208 290 0
209 290 0
211 290 0
212 97 1
212 346 0
346 97 0
214 290 0
215 64 0
215 290 0
215 490 0
215 563 0
490 290 0
563 50 1
563 290 0
216 290 0
217 290 0
218 290 0
220 290 0
223 290 0
224 290 0
227 290 1
228 290 0
228 360 0
360 290 1
360 150 0
230 290 0
232 290 1
235 218 1
235 290 0
236 290 1
237 290 1
237 536 0
238 41 0
238 290 0
238 446 0
446 41 0
446 290 0
446 414 0
239 52 0
239 290 0
239 503 1
503 52 0
503 290 0
503 469 0
503 536 0
242 158 0
242 290 0
242 335 1
335 290 0
249 290 0
251 290 0
256 290 0
256 314 1
256 393 1
256 531 0
314 290 0
393 314 1
257 290 0
258 96 0
258 215 0
258 443 0
258 315 0
96 215 1
96 443 0
96 315 0
260 290 0
260 558 0
558 290 1
261 116 0
261 458 0
262 148 0
262 345 0
345 148 0
345 183 1
345 290 0
345 559 0
263 42 0
263 176 0
263 196 0
263 290 0
263 326 0
264 290 0
268 139 0
268 290 0
268 292 0
292 139 0
269 290 0
272 290 0
273 290 0
275 290 0
276 478 1
478 290 0
278 290 0
278 382 0
382 290 1
279 290 1
282 44 0
282 241 1
282 290 1
283 290 1
287 119 0
287 153 0
287 290 0
288 290 0
288 298 0
451 290 0
310 290 1
310 431 1
431 28 0
431 290 0
297 290 0
297 437 0
437 196 0
437 290 0
437 542 0
299 290 1
301 290 0
302 119 0
302 290 0
303 290 0
303 370 0
306 9 0
306 241 0
306 290 0
307 96 0
307 258 0
307 290 0
308 61 0
308 463 0
463 61 0
463 119 1
463 179 1
463 290 1
309 189 0
309 290 0
309 490 0
309 540 0
540 490 0
311 290 1
311 363 1
363 290 0
312 290 1
312 321 0
315 92 0
315 218 0
315 290 0
315 378 1
378 218 0
378 290 0
378 357 0
317 290 0
573 113 0
573 290 1
573 523 1
320 290 0
320 302 0
320 354 0
320 559 0
559 145 0
559 290 0
559 467 0
559 507 0
596 141 0
596 290 0
596 119 0
330 290 0
330 450 0
330 180 0
450 290 0
450 468 0
450 565 0
450 180 0
331 174 0
334 290 1
336 187 1
336 357 0
338 53 1
338 208 0
341 290 0
341 350 0
341 469 0
350 469 0
469 290 0
343 183 0
343 290 0
347 106 0
347 290 1
349 290 0
349 394 1
349 496 0
394 290 0
394 370 0
394 496 0
394 507 0
496 290 0
496 507 0
352 56 0
352 139 1
352 290 0
352 359 0
352 423 0
352 357 0
352 367 0
359 423 0
355 112 0
355 381 0
358 174 1
358 331 0
361 448 0
448 290 0
362 17 0
362 283 0
362 290 0
364 290 0
365 35 0
365 290 1
365 511 1
511 290 1
511 310 0
511 491 0
511 576 1
367 290 0
367 301 0
368 290 1
438 290 0
372 192 0
372 290 0
373 2 0
373 290 0
376 226 0
376 585 0
585 226 0
377 290 0
441 290 0
551 8 0
551 290 0
551 429 0
383 290 0
383 467 0
383 476 1
467 290 0
467 476 0
388 69 0
388 270 0
388 290 0
390 290 0
390 400 1
395 290 0
396 118 0
396 126 0
396 290 1
396 31 1
397 290 0
399 251 0
399 290 0
518 290 0
542 290 1
401 18 0
401 290 1
402 290 0
403 146 0
403 555 0
405 138 1
405 290 0
405 372 0
406 260 1
406 290 0
508 283 0
508 290 0
571 290 0
571 397 0
410 290 0
412 290 1
413 153 0
413 287 0
413 290 0
413 435 0
413 460 0
460 290 0
414 288 0
414 290 0
414 298 0
414 423 0
417 4 0
417 92 0
417 182 0
417 290 0
418 121 0
418 180 0
418 290 0
418 380 0
418 443 0
418 119 0
443 9 0
443 237 0
443 290 0
443 421 0
443 119 0
420 290 0
420 434 0
420 536 1
420 591 0
420 511 0
434 290 0
421 237 0
421 290 0
424 33 1
424 186 0
424 219 1
424 290 0
424 386 1
424 462 0
462 386 1
425 290 1
427 299 1
428 50 0
428 290 1
432 272 0
433 8 1
433 290 0
439 290 0
439 396 0
445 290 0
447 108 1
449 290 0
468 290 1
468 565 0
452 290 0
456 290 0
457 18 1
457 290 1
461 290 0
461 300 1
464 290 0
465 290 0
465 413 0
470 290 0
470 402 0
470 423 0
470 448 1
471 290 0
472 8 0
472 290 1
472 291 0
472 477 0
472 92 1
477 137 0
477 290 1
477 522 0
473 290 0
475 124 0
475 186 1
475 251 0
475 290 0
475 591 0
522 137 0
522 182 1
480 119 0
480 488 0
488 119 1
481 150 0
481 290 0
481 69 0
481 110 0
481 461 0
483 362 0
484 98 0
484 255 1
485 290 0
485 362 0
485 483 0
486 290 0
487 139 0
487 169 0
487 290 0
487 305 0
489 35 0
489 290 1
489 558 0
492 280 0
492 290 0
492 341 1
492 569 0
493 108 0
493 447 0
495 279 0
495 290 0
498 220 0
498 348 1
500 21 0
500 290 0
500 111 0
502 290 1
502 302 0
502 514 0
514 290 0
506 290 0
507 145 0
507 290 0
509 56 0
509 290 0
576 290 0
576 357 1
512 290 1
516 290 0
519 290 0
521 290 0
524 290 0
525 290 0
526 263 1
526 290 0
527 361 0
527 448 0
529 290 0
530 76 1
530 290 0
530 299 0
530 427 0
535 26 0
535 567 1
541 290 0
541 306 1
544 290 1
544 473 0
546 242 0
546 290 0
546 513 0
546 372 1
547 290 0
550 290 0
553 4 0
553 290 0
553 326 0
556 290 0
561 100 0
561 290 0
564 276 0
564 478 1
569 290 0
574 150 0
574 290 1
574 385 0
575 290 0
579 290 0
581 272 0
581 432 0
582 113 0
582 290 1
582 551 0
584 290 0
586 41 0
586 290 0
588 19 0
588 264 0
588 290 0
589 290 0
590 290 0
592 113 0
592 290 0
592 465 0
594 290 0
