0 235 0
235 756 1
235 62 0
235 159 1
235 174 0
235 677 1
235 415 1
235 303 1
235 527 1
235 6 0
235 205 1
235 196 1
235 631 1
235 126 1
235 447 1
235 188 1
235 687 0
235 335 1
235 364 1
235 671 1
235 628 1
235 207 0
235 118 1
235 373 1
235 261 0
235 413 0
235 661 0
235 374 1
2 203 1
2 235 1
203 235 1
3 62 1
3 235 1
3 556 1
3 696 0
3 727 0
62 235 1
62 385 1
556 133 1
556 235 1
556 666 1
696 235 1
727 116 1
727 235 0
727 562 1
6 235 1
7 235 1
7 657 1
657 235 1
9 235 1
9 159 1
12 61 1
12 174 1
12 235 0
12 373 1
12 762 1
12 364 1
61 235 1
174 171 1
174 235 0
174 425 1
174 766 1
373 79 1
373 116 0
373 174 1
373 235 1
762 235 1
762 358 0
13 235 1
13 409 1
409 235 1
14 235 1
15 235 1
17 235 1
17 762 1
17 772 1
772 135 1
772 235 1
18 235 0
19 57 1
19 188 1
19 235 0
57 235 1
57 366 1
188 235 0
188 692 1
20 114 0
20 235 1
20 476 1
114 235 1
476 114 1
476 235 1
476 126 1
21 235 1
21 415 1
22 235 0
22 244 1
22 478 1
22 762 1
244 235 1
244 733 1
478 235 1
478 371 1
24 235 0
24 299 1
24 319 1
24 347 1
24 527 1
24 617 1
24 699 1
299 235 1
319 235 0
347 63 1
347 235 1
347 468 1
527 235 1
617 235 0
617 514 1
617 515 0
699 235 1
699 527 1
25 235 1
26 235 1
26 714 1
714 85 0
714 235 1
27 235 1
28 235 1
28 337 1
337 76 0
337 235 1
29 235 1
30 235 1
30 263 0
263 235 1
31 235 1
32 235 1
32 366 1
32 479 1
366 235 1
479 235 1
35 13 1
35 235 1
37 52 1
37 178 1
37 235 1
37 508 1
37 670 1
178 235 0
508 235 0
670 52 1
670 230 1
670 235 1
670 341 1
38 235 1
38 303 0
303 235 0
303 446 1
303 701 1
39 235 1
39 453 1
39 668 1
453 235 1
668 235 1
668 315 1
668 118 1
40 235 1
42 235 1
42 471 1
471 235 0
43 77 1
43 235 0
43 355 1
43 579 1
43 676 1
77 235 0
77 205 1
355 235 1
355 672 1
579 235 1
676 183 1
676 235 1
676 791 0
44 235 0
45 275 1
46 219 0
46 235 1
46 522 1
46 795 1
219 235 1
522 207 1
522 235 0
522 795 0
795 235 1
47 79 1
47 235 1
47 674 1
79 77 1
79 235 0
79 381 0
674 235 1
674 473 1
674 671 1
48 90 0
48 129 1
48 235 0
48 583 1
90 235 1
90 628 1
129 90 1
129 583 0
49 235 1
51 235 1
53 235 1
53 285 0
285 235 0
285 205 1
54 235 1
55 235 1
55 393 1
393 235 1
393 485 1
58 235 1
59 235 1
60 22 1
60 531 0
531 22 1
531 235 0
531 654 1
385 235 1
63 235 1
64 235 1
64 297 1
64 555 1
64 639 1
297 21 1
297 130 1
297 235 0
297 259 1
555 235 1
555 639 0
66 54 1
66 235 1
67 116 1
67 434 1
116 235 1
434 116 1
68 235 1
68 318 1
68 678 0
318 235 1
318 678 0
678 235 0
678 291 1
69 45 1
69 275 1
70 199 1
70 235 0
70 413 1
199 235 1
413 235 0
413 692 1
71 235 0
73 374 1
374 230 1
374 235 1
74 235 1
74 700 1
700 235 0
75 235 0
75 540 0
75 593 1
75 627 0
75 534 1
540 235 1
593 235 1
593 627 1
593 534 1
627 235 1
76 46 1
76 235 1
76 455 1
455 235 1
455 450 1
455 472 1
381 235 1
381 159 1
381 207 1
80 235 1
80 430 1
430 235 1
81 235 1
82 77 1
82 235 1
82 388 1
82 453 1
388 235 1
83 199 1
83 235 0
84 235 1
85 206 0
85 208 1
85 235 1
206 178 0
206 208 1
206 235 1
208 123 1
208 235 1
208 415 1
86 258 1
86 445 1
258 235 1
258 445 0
445 235 1
87 235 1
87 489 1
87 543 1
489 235 0
543 235 1
91 197 1
91 235 1
91 479 1
92 235 1
93 235 1
94 125 1
94 235 1
94 506 1
94 737 0
125 235 1
125 737 1
506 235 1
506 700 1
506 303 1
96 12 1
96 235 1
96 245 1
96 762 1
245 235 1
98 97 1
98 235 1
99 73 0
99 235 1
99 374 1
101 235 1
102 235 1
103 162 0
103 235 1
103 745 1
162 235 0
745 235 1
745 365 0
105 17 1
105 235 0
107 77 0
107 235 0
107 205 1
108 25 0
108 235 1
108 260 1
108 681 1
108 188 0
108 677 0
260 26 1
260 235 1
681 25 1
681 235 1
681 696 1
681 174 1
109 235 0
111 235 0
112 235 1
115 235 0
117 235 1
117 337 1
117 382 0
382 235 1
382 375 0
118 59 1
118 235 1
118 345 1
118 687 0
345 59 1
345 235 1
687 235 0
119 235 1
120 235 0
121 235 1
122 235 1
123 235 0
123 759 0
124 202 0
124 235 0
124 654 1
124 791 1
202 235 0
202 413 1
202 528 0
654 235 0
791 235 1
791 668 1
126 101 1
126 179 1
126 235 1
179 235 1
127 194 1
127 731 0
194 235 1
194 731 1
731 235 1
731 568 0
731 585 1
128 235 1
130 90 1
130 235 1
130 504 1
504 235 0
133 235 0
135 235 1
137 230 1
137 648 1
137 22 1
137 235 1
230 235 1
648 230 1
648 235 1
648 22 1
139 235 0
142 235 1
142 618 1
618 235 1
618 422 1
144 235 0
144 656 0
144 707 1
144 62 1
656 235 1
707 213 0
707 235 1
707 319 1
145 235 1
145 285 1
145 313 1
145 354 1
145 777 0
313 232 1
313 235 1
313 550 1
354 115 1
354 235 1
777 219 1
777 235 1
146 235 1
146 575 1
147 235 1
147 364 1
364 235 1
148 218 1
148 235 1
218 235 0
218 444 1
218 699 1
149 21 0
149 442 1
442 21 1
150 235 1
153 235 0
154 235 1
156 235 1
157 235 1
158 235 1
159 21 1
159 209 1
159 235 1
159 669 1
209 235 1
209 365 1
669 235 1
669 338 0
669 482 1
669 700 1
160 235 1
160 296 0
296 210 1
296 235 1
161 235 1
164 235 1
164 480 0
164 713 1
480 235 1
480 648 1
480 785 1
713 235 0
165 80 1
165 235 1
165 702 1
702 235 1
166 85 1
166 235 1
167 235 1
168 22 0
168 235 1
169 235 1
169 640 1
169 659 1
169 772 1
640 235 1
659 85 1
659 235 1
659 364 0
659 396 1
659 521 1
659 700 0
170 235 0
171 235 0
171 443 0
171 628 1
443 235 1
443 628 1
425 235 1
425 6 1
766 18 0
766 235 1
766 716 1
766 740 1
175 235 1
181 228 1
181 235 0
228 29 0
228 235 1
182 235 1
183 235 0
184 235 1
185 29 1
185 235 1
185 747 1
747 235 1
747 695 0
186 26 1
186 235 1
692 235 1
189 154 1
189 235 1
190 235 1
191 235 1
195 235 1
196 235 1
196 505 1
505 235 1
505 299 1
505 485 1
505 514 1
200 207 0
200 235 1
200 364 1
207 235 1
528 24 1
528 235 1
205 128 1
205 230 1
205 235 0
205 287 1
205 668 1
287 235 1
365 158 1
365 235 1
365 629 0
210 235 0
211 235 1
211 552 1
211 616 1
211 694 0
552 235 1
616 235 1
213 235 1
213 733 1
733 235 1
214 235 1
215 235 1
215 244 1
215 550 1
215 714 1
550 235 1
550 556 1
550 666 1
216 182 1
216 235 1
216 281 1
281 146 1
281 235 0
281 741 1
281 575 1
217 39 1
217 235 1
217 642 1
217 649 0
649 235 1
649 642 1
444 235 1
444 657 1
220 235 1
220 654 0
221 235 0
221 341 1
221 408 1
341 235 1
341 422 0
341 196 1
408 235 1
408 307 1
222 235 1
224 190 1
224 235 1
224 239 1
224 714 1
224 786 0
239 190 1
786 235 1
786 381 1
225 6 1
225 109 1
225 235 1
226 235 1
227 117 0
229 235 1
232 235 1
232 308 1
308 235 1
308 452 1
233 205 0
233 235 0
233 616 1
233 677 0
234 235 0
234 608 1
234 693 1
608 235 1
693 235 0
756 235 0
236 235 1
237 235 1
238 235 1
238 263 1
238 347 1
238 468 1
468 235 1
240 235 1
242 96 1
242 235 1
243 235 0
247 235 0
247 641 1
247 654 0
247 795 1
641 235 1
641 707 1
641 319 1
248 488 0
488 235 1
249 235 1
249 430 1
249 594 1
249 631 1
594 235 1
594 313 1
594 550 1
250 235 1
250 594 0
250 634 1
250 720 0
250 631 1
634 235 1
720 205 0
720 233 0
720 235 1
720 677 1
720 631 1
251 235 1
251 328 1
328 235 1
328 463 1
252 235 1
253 235 0
254 235 1
255 235 0
256 235 1
257 235 1
259 130 1
259 228 1
259 235 0
259 439 1
259 538 1
259 766 1
439 235 1
538 235 1
261 235 0
261 236 1
262 235 1
264 235 1
264 555 1
265 235 1
270 235 1
270 261 1
271 235 1
274 230 1
274 235 1
276 235 1
277 235 1
278 175 0
278 235 1
741 235 1
741 523 1
282 235 1
283 235 0
283 447 0
447 175 1
447 235 1
447 278 1
284 61 1
284 235 1
288 235 1
288 709 1
709 235 0
289 235 0
290 235 1
290 654 0
291 128 0
291 235 1
291 475 0
291 220 1
291 447 1
475 235 0
475 220 1
292 235 1
293 235 1
293 628 1
628 235 1
628 240 1
295 235 1
295 786 0
298 235 1
300 235 1
300 381 1
301 235 1
446 235 1
446 601 1
446 701 1
304 235 1
305 18 1
305 235 1
305 768 1
768 18 1
768 98 1
768 235 1
306 235 1
306 244 1
307 235 0
452 199 1
452 235 1
309 235 1
309 444 1
309 667 1
309 793 1
667 235 1
667 514 0
793 235 1
310 85 0
310 235 1
312 235 1
312 408 1
314 235 1
315 62 1
315 235 1
316 235 1
316 566 1
566 235 1
317 235 1
321 235 0
321 364 1
321 419 1
419 235 1
323 115 1
323 354 1
326 235 0
463 31 1
463 235 1
329 235 0
330 235 1
330 593 1
331 225 1
331 235 1
331 548 1
548 235 1
333 235 0
333 326 1
334 235 0
335 97 1
335 98 0
335 235 0
335 454 1
454 235 1
336 229 1
336 235 1
338 235 1
338 601 1
601 235 1
601 660 0
601 686 1
340 235 1
422 235 0
422 319 1
344 235 1
344 414 1
344 690 0
690 202 0
690 235 1
690 414 1
346 235 1
348 235 1
349 228 0
349 235 0
350 123 0
350 235 1
353 235 0
353 700 0
672 235 1
672 622 1
356 235 1
356 692 1
358 44 1
358 235 1
358 340 1
359 220 1
359 235 1
359 295 1
359 438 1
438 15 0
438 220 1
438 235 0
438 487 0
360 235 1
361 235 0
362 0 1
362 211 1
362 235 1
362 699 1
362 694 1
363 165 0
363 235 1
363 651 1
363 702 1
651 235 1
369 42 0
369 235 1
369 494 1
494 53 1
494 156 1
494 235 1
494 285 1
370 235 1
370 54 1
371 235 1
371 404 0
404 235 0
404 611 0
372 235 1
375 235 1
375 295 1
376 235 1
378 235 1
379 235 0
379 522 1
379 656 1
380 235 0
383 235 0
383 430 0
384 234 1
384 235 1
384 664 1
664 235 1
664 461 1
387 235 1
387 493 1
387 797 0
493 235 0
493 485 0
391 235 1
392 357 0
392 567 1
392 135 1
357 135 1
567 357 1
485 235 0
396 521 1
521 235 1
521 721 1
397 22 1
397 235 1
397 248 1
397 488 0
397 771 0
771 235 0
398 62 1
398 235 1
399 235 1
400 235 1
401 235 0
401 453 1
401 550 1
402 235 1
402 772 1
403 154 1
403 189 1
403 235 1
403 485 0
611 235 1
405 235 1
406 235 1
407 343 0
412 202 0
412 235 1
412 334 0
412 528 1
415 145 1
415 232 1
415 235 1
415 551 1
415 665 0
415 692 1
551 235 1
665 235 1
665 540 1
665 692 1
665 792 1
417 235 0
417 393 1
418 235 1
423 1 0
423 183 1
423 235 1
424 235 1
424 292 1
426 174 1
426 235 1
426 425 1
427 189 1
427 235 1
427 720 0
428 235 1
428 365 0
428 629 1
429 235 1
431 235 1
435 235 0
437 190 1
437 235 1
487 235 1
440 235 1
440 355 1
440 656 1
441 220 1
441 235 1
441 299 1
441 684 1
441 717 0
441 687 1
684 235 1
717 235 1
448 235 0
448 425 0
448 670 0
450 235 1
451 230 1
451 235 1
472 235 1
457 235 1
458 235 1
458 319 0
459 22 0
459 235 1
459 249 1
460 235 1
461 235 1
465 235 1
466 235 1
466 260 0
467 235 1
469 235 1
469 575 1
575 235 1
470 235 1
470 424 1
470 513 0
513 235 1
513 293 1
513 628 0
473 235 1
473 343 1
473 407 1
477 235 1
477 795 1
785 235 1
785 363 0
785 514 1
785 633 1
481 235 1
481 260 1
482 235 0
482 338 1
482 461 1
483 118 1
483 235 0
484 235 1
486 235 1
490 235 1
491 0 1
491 235 0
492 235 0
495 124 1
495 135 1
495 235 1
495 791 1
496 90 0
496 219 1
496 235 1
496 709 1
497 235 1
497 537 1
537 235 1
537 562 0
498 291 1
498 671 1
671 235 1
671 291 1
499 235 1
499 477 0
499 636 1
636 235 1
500 235 0
500 654 1
502 235 1
502 291 1
502 460 1
514 235 0
507 235 1
507 409 1
510 199 0
510 235 1
511 235 0
511 627 1
511 632 1
632 235 1
632 513 1
632 756 1
512 235 1
515 235 1
516 235 0
516 716 1
516 766 1
518 235 1
519 235 1
520 235 1
721 235 0
523 235 1
523 240 1
525 235 1
529 235 1
529 370 1
529 762 0
529 54 1
529 358 1
530 235 1
532 77 0
532 235 1
532 696 1
534 224 1
534 235 1
534 706 1
706 235 1
536 196 1
562 235 1
539 21 0
539 235 1
539 415 1
541 120 1
541 235 1
541 468 0
542 156 1
542 235 1
542 341 1
542 781 1
781 121 1
781 190 1
781 235 1
544 235 1
544 766 1
545 235 0
547 235 1
547 650 1
650 230 1
650 235 1
549 235 1
666 235 1
553 235 1
553 756 0
559 260 1
559 481 0
561 1 1
561 235 1
561 423 1
564 6 1
564 235 1
564 543 1
568 235 1
569 148 1
569 218 1
570 235 1
571 98 0
571 235 1
571 583 0
571 597 1
583 90 0
583 235 1
583 361 1
597 90 1
597 235 1
597 583 1
572 235 1
574 235 1
574 486 1
576 487 1
576 788 1
788 235 1
788 487 1
788 609 1
578 9 1
578 235 1
578 520 1
578 159 1
581 235 1
581 408 1
581 495 1
582 22 1
582 235 1
582 243 1
584 18 1
584 235 1
584 475 0
584 550 1
584 632 1
584 527 1
584 413 1
585 235 1
585 400 0
587 235 1
587 584 0
588 235 1
590 235 1
591 235 1
592 235 1
600 235 1
660 123 1
660 235 0
660 759 1
686 660 1
604 185 1
604 235 1
604 747 1
605 235 1
606 114 1
606 235 0
606 354 1
607 184 1
607 235 1
609 196 1
609 235 1
609 536 0
612 235 1
614 235 1
615 156 1
615 235 1
620 235 1
620 552 1
621 235 1
621 471 1
622 235 1
625 235 0
625 492 1
625 335 1
631 103 0
631 235 0
631 476 0
633 235 1
633 346 1
633 677 1
677 235 0
677 346 1
677 450 0
638 235 0
652 235 1
652 605 1
653 167 1
653 235 1
653 374 1
655 480 1
655 799 1
799 235 1
799 480 1
661 117 1
661 227 1
661 235 1
663 235 1
663 452 0
792 235 1
792 437 0
673 159 1
673 209 1
675 235 0
679 235 0
683 235 1
683 457 1
685 199 0
685 235 1
685 373 1
688 124 1
688 235 1
689 87 1
689 235 1
694 154 0
694 189 1
694 235 1
695 235 0
698 222 1
698 235 1
703 130 1
703 235 1
703 236 1
704 235 0
704 282 1
704 661 1
705 235 1
705 388 1
705 515 1
708 77 1
708 235 1
710 232 1
710 235 1
710 265 1
710 313 1
710 366 1
710 381 1
712 235 0
712 601 1
715 200 1
715 235 1
715 480 0
718 235 1
719 29 1
719 91 1
719 197 1
719 235 1
719 485 0
724 234 1
724 235 1
724 496 1
725 235 1
725 625 1
728 235 0
729 235 1
729 401 1
729 409 1
730 191 1
730 235 1
730 284 1
730 422 0
730 661 1
732 235 1
732 263 1
734 145 1
734 235 1
735 235 1
736 235 1
736 254 0
736 468 0
738 38 1
738 235 1
738 382 0
739 235 0
739 387 1
739 401 1
739 797 1
740 235 1
743 235 1
744 235 1
748 153 1
748 235 0
750 235 0
751 235 1
753 235 1
753 506 1
754 235 1
755 114 1
755 235 1
757 235 1
757 709 1
759 166 0
759 235 1
759 255 1
759 429 1
761 126 1
761 179 1
761 235 1
761 303 0
763 235 0
763 486 0
764 165 1
764 235 0
765 235 1
767 235 1
769 235 1
769 636 1
769 700 1
773 235 0
774 235 1
776 235 1
778 235 1
780 235 1
782 235 1
783 235 1
784 235 1
784 471 1
789 235 1
790 30 1
790 235 0
796 62 1
796 235 1
798 235 1
798 287 1
