0 235 0
235 756 1
235 62 0
235 159 0
235 174 0
235 677 1
235 415 0
235 303 0
235 527 0
235 6 0
235 205 1
235 196 1
235 631 1
235 126 0
235 447 0
235 188 1
235 687 1
235 335 0
235 364 1
235 671 1
235 628 1
235 207 1
235 118 1
235 373 0
235 261 1
235 413 0
235 661 1
235 374 1
2 203 0
2 235 1
203 235 0
3 62 0
3 235 1
3 556 1
3 696 0
3 727 0
62 235 1
62 385 1
556 133 1
556 235 1
556 666 1
696 235 0
727 116 0
727 235 1
727 562 1
6 235 0
7 235 0
7 657 1
657 235 1
9 235 0
9 159 1
12 61 0
12 174 0
12 235 1
12 373 0
12 762 1
12 364 1
61 235 1
174 171 0
174 235 1
174 425 1
174 766 1
373 79 0
373 116 0
373 174 1
373 235 1
762 235 0
762 358 1
13 235 1
13 409 1
409 235 0
14 235 0
15 235 1
17 235 1
17 762 1
17 772 0
772 135 1
772 235 1
18 235 1
19 57 1
19 188 0
19 235 0
57 235 1
57 366 1
188 235 0
188 692 0
20 114 0
20 235 1
20 476 0
114 235 1
476 114 1
476 235 1
476 126 0
21 235 0
21 415 0
22 235 1
22 244 0
22 478 1
22 762 0
244 235 0
244 733 1
478 235 0
478 371 1
24 235 0
24 299 1
24 319 1
24 347 1
24 527 0
24 617 1
24 699 0
299 235 1
319 235 0
347 63 1
347 235 1
347 468 0
527 235 0
617 235 1
617 514 0
617 515 1
699 235 1
699 527 1
25 235 1
26 235 0
26 714 0
714 85 0
714 235 0
27 235 1
28 235 1
28 337 0
337 76 1
337 235 0
29 235 1
30 235 1
30 263 1
263 235 1
31 235 1
32 235 0
32 366 1
32 479 1
366 235 0
479 235 0
35 13 0
35 235 0
37 52 1
37 178 0
37 235 0
37 508 1
37 670 1
178 235 1
508 235 1
670 52 1
670 230 1
670 235 0
670 341 0
38 235 1
38 303 1
303 235 0
303 446 1
303 701 0
39 235 1
39 453 0
39 668 1
453 235 1
668 235 1
668 315 0
668 118 1
40 235 1
42 235 1
42 471 0
471 235 1
43 77 0
43 235 0
43 355 1
43 579 0
43 676 1
77 235 0
77 205 1
355 235 1
355 672 0
579 235 0
676 183 0
676 235 1
676 791 0
44 235 0
45 275 1
46 219 1
46 235 1
46 522 0
46 795 1
219 235 1
522 207 1
522 235 0
522 795 1
795 235 0
47 79 1
47 235 1
47 674 1
79 77 1
79 235 0
79 381 0
674 235 0
674 473 0
674 671 1
48 90 0
48 129 1
48 235 0
48 583 1
90 235 0
90 628 1
129 90 0
129 583 0
49 235 1
51 235 0
53 235 1
53 285 0
285 235 0
285 205 1
54 235 0
55 235 0
55 393 0
393 235 0
393 485 1
58 235 1
59 235 0
60 22 1
60 531 0
531 22 0
531 235 1
531 654 0
385 235 1
63 235 1
64 235 0
64 297 1
64 555 0
64 639 0
297 21 0
297 130 0
297 235 0
297 259 0
555 235 1
555 639 0
66 54 1
66 235 1
67 116 1
67 434 1
116 235 0
434 116 0
68 235 0
68 318 1
68 678 0
318 235 1
318 678 0
678 235 0
678 291 0
69 45 1
69 275 0
70 199 0
70 235 1
70 413 1
199 235 0
413 235 0
413 692 1
71 235 1
73 374 1
374 230 0
374 235 1
74 235 0
74 700 1
700 235 0
75 235 0
75 540 0
75 593 0
75 627 1
75 534 1
540 235 1
593 235 1
593 627 1
593 534 0
627 235 1
76 46 1
76 235 1
76 455 1
455 235 1
455 450 1
455 472 1
381 235 0
381 159 0
381 207 0
80 235 1
80 430 1
430 235 1
81 235 0
82 77 0
82 235 1
82 388 1
82 453 1
388 235 0
83 199 1
83 235 0
84 235 0
85 206 1
85 208 1
85 235 1
206 178 0
206 208 1
206 235 1
208 123 1
208 235 0
208 415 1
86 258 1
86 445 0
258 235 0
258 445 0
445 235 0
87 235 0
87 489 1
87 543 0
489 235 0
543 235 1
91 197 1
91 235 1
91 479 1
92 235 1
93 235 0
94 125 1
94 235 1
94 506 1
94 737 0
125 235 1
125 737 0
506 235 0
506 700 1
506 303 0
96 12 0
96 235 0
96 245 1
96 762 1
245 235 1
98 97 0
98 235 1
99 73 0
99 235 0
99 374 1
101 235 0
102 235 1
103 162 1
103 235 0
103 745 1
162 235 0
745 235 1
745 365 1
105 17 0
105 235 0
107 77 0
107 235 0
107 205 1
108 25 1
108 235 1
108 260 1
108 681 1
108 188 0
108 677 0
260 26 1
260 235 0
681 25 1
681 235 0
681 696 1
681 174 1
109 235 0
111 235 1
112 235 1
115 235 0
117 235 1
117 337 1
117 382 1
382 235 0
382 375 1
118 59 1
118 235 1
118 345 1
118 687 0
345 59 0
345 235 0
687 235 1
119 235 1
120 235 0
121 235 1
122 235 1
123 235 1
123 759 1
124 202 0
124 235 1
124 654 1
124 791 1
202 235 1
202 413 0
202 528 1
654 235 1
791 235 1
791 668 1
126 101 0
126 179 1
126 235 1
179 235 1
127 194 0
127 731 1
194 235 1
194 731 1
731 235 0
731 568 0
731 585 1
128 235 0
130 90 1
130 235 0
130 504 0
504 235 0
133 235 1
135 235 0
137 230 0
137 648 0
137 22 0
137 235 1
230 235 0
648 230 1
648 235 0
648 22 1
139 235 0
142 235 1
142 618 1
618 235 0
618 422 0
144 235 0
144 656 0
144 707 0
144 62 0
656 235 1
707 213 0
707 235 0
707 319 1
145 235 1
145 285 1
145 313 0
145 354 1
145 777 1
313 232 0
313 235 1
313 550 0
354 115 1
354 235 0
777 219 1
777 235 1
146 235 1
146 575 1
147 235 1
147 364 0
364 235 0
148 218 0
148 235 0
218 235 0
218 444 1
218 699 0
149 21 0
149 442 0
442 21 1
150 235 0
153 235 0
154 235 0
156 235 0
157 235 0
158 235 1
159 21 0
159 209 0
159 235 0
159 669 1
209 235 1
209 365 1
669 235 1
669 338 1
669 482 1
669 700 1
160 235 0
160 296 1
296 210 1
296 235 0
161 235 1
164 235 0
164 480 1
164 713 1
480 235 0
480 648 1
480 785 1
713 235 1
165 80 1
165 235 0
165 702 1
702 235 1
166 85 0
166 235 0
167 235 0
168 22 0
168 235 1
169 235 0
169 640 1
169 659 1
169 772 1
640 235 1
659 85 1
659 235 0
659 364 0
659 396 0
659 521 1
659 700 1
170 235 1
171 235 1
171 443 1
171 628 0
443 235 0
443 628 1
425 235 0
425 6 0
766 18 0
766 235 1
766 716 1
766 740 1
175 235 1
181 228 1
181 235 1
228 29 1
228 235 1
182 235 1
183 235 0
184 235 0
185 29 0
185 235 0
185 747 1
747 235 1
747 695 1
186 26 1
186 235 0
692 235 0
189 154 1
189 235 1
190 235 0
191 235 1
195 235 0
196 235 0
196 505 0
505 235 0
505 299 1
505 485 1
505 514 0
200 207 1
200 235 1
200 364 1
207 235 0
528 24 1
528 235 0
205 128 0
205 230 0
205 235 1
205 287 1
205 668 0
287 235 1
365 158 1
365 235 1
365 629 1
210 235 0
211 235 0
211 552 1
211 616 1
211 694 1
552 235 1
616 235 0
213 235 0
213 733 1
733 235 0
214 235 1
215 235 1
215 244 1
215 550 1
215 714 0
550 235 1
550 556 1
550 666 0
216 182 0
216 235 1
216 281 0
281 146 1
281 235 0
281 741 0
281 575 1
217 39 1
217 235 0
217 642 0
217 649 1
649 235 1
649 642 1
444 235 0
444 657 0
220 235 0
220 654 1
221 235 1
221 341 1
221 408 0
341 235 1
341 422 1
341 196 1
408 235 0
408 307 1
222 235 0
224 190 0
224 235 1
224 239 1
224 714 1
224 786 0
239 190 1
786 235 1
786 381 0
225 6 1
225 109 0
225 235 1
226 235 1
227 117 1
229 235 0
232 235 0
232 308 1
308 235 1
308 452 1
233 205 1
233 235 1
233 616 0
233 677 1
234 235 0
234 608 1
234 693 1
608 235 1
693 235 1
756 235 0
236 235 0
237 235 0
238 235 1
238 263 0
238 347 1
238 468 1
468 235 0
240 235 0
242 96 1
242 235 0
243 235 1
247 235 1
247 641 0
247 654 0
247 795 0
641 235 0
641 707 0
641 319 0
248 488 0
488 235 1
249 235 0
249 430 0
249 594 0
249 631 1
594 235 0
594 313 0
594 550 0
250 235 1
250 594 0
250 634 0
250 720 1
250 631 1
634 235 1
720 205 1
720 233 0
720 235 1
720 677 1
720 631 1
251 235 1
251 328 1
328 235 0
328 463 0
252 235 1
253 235 1
254 235 1
255 235 1
256 235 0
257 235 0
259 130 1
259 228 0
259 235 0
259 439 0
259 538 1
259 766 1
439 235 0
538 235 1
261 235 1
261 236 1
262 235 1
264 235 1
264 555 1
265 235 1
270 235 1
270 261 1
271 235 0
274 230 0
274 235 0
276 235 1
277 235 0
278 175 0
278 235 1
741 235 1
741 523 1
282 235 0
283 235 0
283 447 1
447 175 0
447 235 0
447 278 1
284 61 1
284 235 0
288 235 1
288 709 1
709 235 1
289 235 1
290 235 1
290 654 0
291 128 0
291 235 1
291 475 1
291 220 1
291 447 0
475 235 1
475 220 1
292 235 0
293 235 1
293 628 0
628 235 1
628 240 0
295 235 1
295 786 0
298 235 1
300 235 1
300 381 0
301 235 1
446 235 1
446 601 1
446 701 0
304 235 1
305 18 0
305 235 1
305 768 0
768 18 0
768 98 1
768 235 1
306 235 0
306 244 1
307 235 0
452 199 1
452 235 1
309 235 1
309 444 1
309 667 0
309 793 0
667 235 1
667 514 0
793 235 1
310 85 1
310 235 1
312 235 1
312 408 0
314 235 0
315 62 0
315 235 1
316 235 1
316 566 0
566 235 0
317 235 1
321 235 0
321 364 0
321 419 1
419 235 1
323 115 1
323 354 0
326 235 1
463 31 1
463 235 0
329 235 0
330 235 1
330 593 0
331 225 0
331 235 0
331 548 1
548 235 0
333 235 1
333 326 0
334 235 0
335 97 1
335 98 1
335 235 1
335 454 0
454 235 0
336 229 0
336 235 1
338 235 1
338 601 1
601 235 0
601 660 1
601 686 0
340 235 1
422 235 0
422 319 0
344 235 1
344 414 0
344 690 1
690 202 0
690 235 0
690 414 0
346 235 0
348 235 1
349 228 1
349 235 0
350 123 0
350 235 1
353 235 1
353 700 0
672 235 1
672 622 0
356 235 1
356 692 0
358 44 1
358 235 1
358 340 0
359 220 1
359 235 1
359 295 0
359 438 1
438 15 1
438 220 0
438 235 0
438 487 0
360 235 0
361 235 1
362 0 0
362 211 1
362 235 0
362 699 1
362 694 1
363 165 1
363 235 1
363 651 1
363 702 0
651 235 0
369 42 0
369 235 0
369 494 0
494 53 0
494 156 0
494 235 1
494 285 1
370 235 0
370 54 0
371 235 1
371 404 0
404 235 1
404 611 0
372 235 1
375 235 0
375 295 0
376 235 1
378 235 1
379 235 0
379 522 1
379 656 1
380 235 1
383 235 0
383 430 1
384 234 1
384 235 1
384 664 0
664 235 0
664 461 1
387 235 1
387 493 1
387 797 1
493 235 1
493 485 1
391 235 1
392 357 1
392 567 1
392 135 0
357 135 0
567 357 1
485 235 0
396 521 0
521 235 1
521 721 0
397 22 1
397 235 1
397 248 0
397 488 0
397 771 0
771 235 0
398 62 1
398 235 0
399 235 0
400 235 0
401 235 0
401 453 0
401 550 1
402 235 0
402 772 0
403 154 0
403 189 0
403 235 0
403 485 0
611 235 0
405 235 0
406 235 0
407 343 1
412 202 1
412 235 0
412 334 0
412 528 1
415 145 1
415 232 0
415 235 1
415 551 0
415 665 1
415 692 1
551 235 1
665 235 0
665 540 0
665 692 0
665 792 1
417 235 1
417 393 0
418 235 1
423 1 1
423 183 1
423 235 0
424 235 0
424 292 1
426 174 1
426 235 1
426 425 0
427 189 0
427 235 1
427 720 0
428 235 1
428 365 1
428 629 0
429 235 1
431 235 0
435 235 1
437 190 1
437 235 1
487 235 0
440 235 1
440 355 1
440 656 0
441 220 1
441 235 1
441 299 0
441 684 1
441 717 0
441 687 0
684 235 0
717 235 1
448 235 0
448 425 0
448 670 1
450 235 0
451 230 0
451 235 1
472 235 0
457 235 0
458 235 0
458 319 0
459 22 1
459 235 0
459 249 1
460 235 1
461 235 0
465 235 0
466 235 0
466 260 0
467 235 0
469 235 1
469 575 0
575 235 1
470 235 1
470 424 1
470 513 0
513 235 0
513 293 1
513 628 1
473 235 0
473 343 0
473 407 0
477 235 1
477 795 0
785 235 0
785 363 1
785 514 0
785 633 0
481 235 0
481 260 0
482 235 0
482 338 0
482 461 0
483 118 1
483 235 0
484 235 1
486 235 1
490 235 1
491 0 0
491 235 1
492 235 0
495 124 0
495 135 1
495 235 0
495 791 1
496 90 0
496 219 1
496 235 1
496 709 1
497 235 0
497 537 0
537 235 0
537 562 1
498 291 0
498 671 0
671 235 0
671 291 1
499 235 1
499 477 1
499 636 0
636 235 0
500 235 1
500 654 1
502 235 1
502 291 1
502 460 0
514 235 0
507 235 0
507 409 1
510 199 0
510 235 1
511 235 0
511 627 0
511 632 1
632 235 0
632 513 0
632 756 1
512 235 1
515 235 1
516 235 0
516 716 0
516 766 1
518 235 0
519 235 1
520 235 1
721 235 1
523 235 0
523 240 1
525 235 1
529 235 1
529 370 0
529 762 1
529 54 0
529 358 0
530 235 1
532 77 1
532 235 0
532 696 1
534 224 0
534 235 1
534 706 1
706 235 0
536 196 0
562 235 1
539 21 1
539 235 0
539 415 1
541 120 0
541 235 0
541 468 0
542 156 1
542 235 1
542 341 1
542 781 0
781 121 1
781 190 0
781 235 1
544 235 0
544 766 0
545 235 1
547 235 0
547 650 0
650 230 0
650 235 0
549 235 1
666 235 0
553 235 1
553 756 1
559 260 1
559 481 1
561 1 0
561 235 1
561 423 0
564 6 1
564 235 1
564 543 1
568 235 0
569 148 0
569 218 0
570 235 1
571 98 1
571 235 1
571 583 1
571 597 0
583 90 1
583 235 1
583 361 1
597 90 1
597 235 1
597 583 0
572 235 0
574 235 0
574 486 0
576 487 1
576 788 0
788 235 0
788 487 0
788 609 1
578 9 0
578 235 0
578 520 1
578 159 0
581 235 1
581 408 0
581 495 1
582 22 0
582 235 1
582 243 1
584 18 0
584 235 0
584 475 0
584 550 0
584 632 0
584 527 1
584 413 1
585 235 1
585 400 1
587 235 0
587 584 1
588 235 0
590 235 1
591 235 1
592 235 0
600 235 0
660 123 0
660 235 0
660 759 0
686 660 1
604 185 1
604 235 0
604 747 0
605 235 0
606 114 0
606 235 1
606 354 0
607 184 0
607 235 0
609 196 1
609 235 1
609 536 0
612 235 1
614 235 1
615 156 1
615 235 1
620 235 0
620 552 1
621 235 0
621 471 0
622 235 0
625 235 0
625 492 1
625 335 1
631 103 0
631 235 1
631 476 1
633 235 0
633 346 1
633 677 1
677 235 0
677 346 0
677 450 1
638 235 1
652 235 0
652 605 0
653 167 0
653 235 0
653 374 0
655 480 0
655 799 0
799 235 0
799 480 0
661 117 1
661 227 0
661 235 0
663 235 1
663 452 1
792 235 1
792 437 0
673 159 0
673 209 1
675 235 0
679 235 0
683 235 0
683 457 1
685 199 1
685 235 1
685 373 0
688 124 0
688 235 1
689 87 1
689 235 1
694 154 1
694 189 1
694 235 1
695 235 0
698 222 0
698 235 1
703 130 1
703 235 0
703 236 0
704 235 1
704 282 1
704 661 0
705 235 0
705 388 0
705 515 0
708 77 1
708 235 0
710 232 0
710 235 1
710 265 0
710 313 1
710 366 1
710 381 0
712 235 0
712 601 0
715 200 1
715 235 0
715 480 0
718 235 1
719 29 0
719 91 1
719 197 0
719 235 0
719 485 0
724 234 1
724 235 0
724 496 0
725 235 1
725 625 1
728 235 0
729 235 0
729 401 0
729 409 0
730 191 0
730 235 1
730 284 1
730 422 1
730 661 1
732 235 1
732 263 1
734 145 0
734 235 1
735 235 1
736 235 0
736 254 0
736 468 0
738 38 1
738 235 1
738 382 1
739 235 1
739 387 1
739 401 1
739 797 0
740 235 0
743 235 0
744 235 1
748 153 1
748 235 0
750 235 1
751 235 1
753 235 0
753 506 0
754 235 1
755 114 1
755 235 1
757 235 1
757 709 0
759 166 0
759 235 0
759 255 1
759 429 0
761 126 0
761 179 1
761 235 1
761 303 0
763 235 0
763 486 1
764 165 0
764 235 0
765 235 0
767 235 1
769 235 1
769 636 1
769 700 0
773 235 1
774 235 0
776 235 1
778 235 1
780 235 1
782 235 1
783 235 1
784 235 0
784 471 0
789 235 1
790 30 0
790 235 1
796 62 1
796 235 0
798 235 1
798 287 1
