0 96 1
0 413 1
0 768 1
96 413 1
413 169 0
413 429 0
413 975 1
413 646 0
413 550 1
413 656 0
413 23 0
413 127 1
413 414 1
413 303 1
413 956 0
768 413 1
768 687 0
1 413 0
2 413 0
2 968 1
968 413 0
968 960 0
3 64 0
3 176 0
3 235 1
3 318 1
3 413 1
64 134 1
64 150 0
64 413 0
64 497 1
176 95 1
176 413 0
235 413 1
318 73 0
318 116 1
318 413 1
318 454 0
318 599 1
318 851 1
4 413 0
4 551 0
4 724 0
4 740 0
551 413 1
724 24 0
724 413 0
740 413 0
740 635 0
5 413 0
5 805 0
5 119 0
805 413 0
7 413 0
8 124 0
8 269 1
8 406 1
8 413 1
124 150 0
124 269 1
124 413 0
269 413 1
406 70 1
406 413 1
9 413 1
10 413 0
10 521 0
10 897 0
521 413 0
897 413 1
11 485 0
485 413 1
12 413 1
12 555 1
555 413 1
555 470 0
13 28 0
13 626 0
28 413 1
626 28 0
626 413 1
14 413 1
15 413 1
16 413 0
16 528 0
528 83 0
528 237 0
528 413 0
17 413 1
18 127 0
18 413 0
127 413 0
19 257 1
19 413 1
257 413 1
20 39 1
20 413 0
20 431 0
39 413 0
39 431 1
431 413 0
431 571 0
21 129 0
21 413 0
21 534 0
21 776 0
129 413 1
534 776 0
23 15 0
23 413 0
24 96 0
24 413 0
25 219 0
25 956 1
25 239 1
219 239 1
956 219 0
956 413 0
26 413 1
27 413 1
29 12 1
29 413 1
30 413 1
31 413 1
33 318 1
33 413 0
33 990 0
990 413 0
990 886 0
34 413 0
35 413 1
35 576 0
35 592 0
576 413 1
592 150 1
592 413 1
36 413 0
37 164 1
37 316 1
37 413 0
37 506 1
164 413 1
164 478 0
316 96 1
316 413 0
316 506 1
40 413 0
41 413 0
41 687 0
687 413 0
687 692 0
687 896 0
42 413 0
42 507 1
42 662 0
507 413 0
662 413 1
43 413 0
43 870 1
870 263 1
870 413 0
870 522 0
44 413 0
45 379 0
45 413 0
45 949 1
379 413 0
379 841 0
949 413 0
949 612 0
46 413 1
48 413 1
48 921 1
48 127 1
921 305 0
921 413 1
49 23 0
49 413 0
51 413 1
52 413 0
54 413 0
55 211 0
55 413 0
211 413 0
56 193 0
56 413 1
56 434 0
193 413 0
193 770 0
434 193 0
434 413 1
59 413 0
59 740 1
60 413 0
61 413 1
62 36 0
62 413 1
62 560 1
62 705 0
62 932 1
62 941 1
560 413 1
705 413 1
932 293 1
932 413 0
941 36 1
941 413 1
63 413 0
134 271 1
134 413 0
134 522 0
150 413 0
497 49 1
497 216 1
497 413 1
65 275 1
65 413 1
65 746 1
65 949 0
275 413 1
746 413 0
746 726 0
746 949 0
66 413 0
67 413 1
69 413 1
70 413 0
71 413 1
71 684 0
684 413 1
72 413 1
74 413 0
76 221 1
76 413 0
221 95 0
221 413 1
78 413 1
78 679 1
81 413 1
83 329 1
83 344 0
83 413 0
329 413 1
344 413 0
344 656 0
344 994 0
84 413 0
84 768 1
84 687 1
85 150 0
85 217 0
85 413 1
217 413 1
217 496 1
87 413 0
87 418 0
87 986 1
418 413 1
986 413 0
88 413 1
89 413 1
90 413 1
90 576 1
91 413 1
91 609 1
609 413 0
609 777 1
92 156 1
92 413 1
92 880 1
156 283 1
156 413 1
156 862 1
880 413 0
93 413 0
93 503 0
503 413 1
94 270 0
94 413 1
94 616 0
270 127 1
270 413 0
270 556 1
616 276 0
616 413 0
95 413 1
97 413 1
98 115 1
98 413 0
98 502 1
115 413 1
502 413 0
99 144 0
99 333 0
99 413 0
99 429 1
99 852 0
144 413 0
333 413 0
333 796 1
429 413 0
852 413 0
852 504 1
852 711 1
100 413 1
100 928 0
928 413 1
928 633 1
101 413 0
101 535 0
535 413 1
102 413 1
102 781 1
781 413 0
104 413 1
105 413 1
105 514 0
514 413 1
110 312 0
110 413 1
110 768 1
312 413 1
111 413 0
112 413 1
112 823 0
823 413 1
113 413 0
114 413 1
116 413 0
118 303 0
118 413 0
303 413 0
303 467 1
303 792 0
303 869 0
120 413 0
121 413 1
121 641 0
641 150 1
641 413 1
122 413 0
126 413 0
128 404 1
128 413 1
128 428 1
404 113 1
404 413 0
428 413 1
130 183 1
130 413 0
130 657 1
183 87 1
183 413 1
183 447 0
657 413 1
657 609 0
657 777 0
657 947 0
131 413 0
131 880 1
132 413 1
133 413 0
271 361 0
271 413 0
522 283 0
522 413 1
522 553 0
522 71 1
135 413 0
136 566 0
136 771 1
566 413 0
566 771 0
771 413 0
138 413 1
138 823 0
139 413 1
140 413 0
140 965 0
965 413 1
141 258 0
258 413 0
258 511 0
142 413 1
142 655 1
142 680 0
655 413 0
680 413 0
143 413 0
143 573 1
573 413 0
573 822 1
147 127 0
147 413 0
149 413 1
151 413 1
151 696 1
696 256 0
696 413 1
696 414 0
152 413 0
153 362 0
153 413 0
153 541 0
153 891 1
153 847 1
362 541 1
891 413 0
891 847 1
154 413 0
155 169 1
155 413 1
283 413 0
283 862 0
862 413 0
862 960 1
157 283 1
157 413 1
160 67 1
160 413 1
160 760 0
760 413 0
161 413 0
163 413 0
165 413 1
166 255 0
166 271 0
166 413 1
255 413 0
170 413 0
170 419 0
419 413 0
171 172 1
171 373 1
171 413 1
171 505 1
172 413 1
373 71 0
373 413 1
373 730 1
505 413 0
173 276 0
173 413 1
173 710 0
276 413 0
710 413 0
174 413 1
175 248 1
175 253 0
175 317 0
175 413 1
175 469 1
248 317 0
248 413 0
248 775 0
248 975 0
253 413 1
253 820 1
317 413 1
469 205 1
469 413 1
469 441 0
469 494 0
177 413 1
179 413 0
180 413 0
181 166 1
181 271 1
181 413 0
181 460 0
181 943 0
181 23 1
460 413 1
943 413 0
943 822 1
447 139 1
447 413 0
184 413 0
186 413 0
187 258 1
187 373 0
187 413 1
187 605 1
605 413 0
189 413 0
191 413 1
192 413 0
192 485 0
770 247 1
770 396 0
770 413 0
194 413 0
195 413 0
196 413 1
196 665 0
665 413 1
665 686 0
197 413 0
197 968 0
198 413 0
199 180 0
199 413 0
199 418 0
199 480 0
199 496 1
199 828 1
480 413 0
480 752 1
480 828 0
496 413 0
496 550 0
828 413 0
201 413 1
202 408 1
202 413 1
202 752 1
408 89 1
408 413 0
408 523 1
752 413 0
203 413 0
203 418 1
203 565 0
565 119 1
565 413 1
565 444 1
565 812 1
204 2 1
204 413 1
205 413 0
206 413 1
207 180 0
207 199 0
207 413 1
210 213 1
210 413 0
213 207 1
213 413 0
213 429 1
213 503 1
213 640 0
213 862 0
212 229 1
212 413 0
212 427 1
212 788 0
229 413 0
427 413 0
788 164 1
788 344 0
788 413 0
788 478 0
640 207 1
640 413 1
640 862 0
214 42 0
214 662 0
215 413 0
215 822 0
822 347 0
822 413 0
216 413 1
220 146 1
220 298 1
298 146 0
222 413 1
224 413 0
225 413 0
226 413 0
226 899 1
899 413 1
227 413 0
228 34 1
230 413 0
230 474 0
230 792 0
230 840 1
474 256 1
474 413 1
792 305 1
792 413 1
792 694 0
792 921 1
840 413 0
232 361 1
232 670 1
361 413 0
361 670 0
361 398 1
670 413 1
670 925 1
233 413 1
233 434 1
234 413 1
237 413 1
239 413 1
240 413 1
240 639 0
639 413 0
241 180 1
241 240 0
241 413 0
241 507 1
242 413 0
243 413 0
243 894 0
894 413 1
247 413 0
775 413 1
775 663 0
250 283 0
250 413 0
251 413 1
252 413 0
820 413 1
820 891 1
256 413 0
511 413 1
511 599 0
259 413 1
262 413 0
263 413 1
264 413 0
265 355 1
265 393 0
265 413 0
265 581 1
265 175 1
355 413 0
355 581 0
355 175 1
393 413 1
581 413 0
581 639 1
266 413 0
556 413 1
273 285 1
273 413 0
273 470 0
285 240 1
285 290 1
285 413 1
470 285 0
470 413 1
277 413 1
278 48 1
278 413 1
279 413 1
279 612 0
612 413 1
280 413 1
281 413 1
282 413 0
284 413 0
290 413 1
286 413 0
287 85 0
287 217 1
289 413 1
291 11 1
291 413 1
291 485 0
292 413 0
293 147 1
293 413 0
294 413 1
294 696 1
295 413 1
297 131 0
297 413 0
301 37 0
301 413 1
301 428 0
302 413 1
302 724 1
467 413 1
869 413 0
869 949 0
304 196 1
304 413 1
305 413 1
306 12 0
306 413 1
306 427 1
306 807 0
807 135 1
807 358 0
807 413 1
307 747 0
307 764 1
747 413 1
764 49 1
764 413 1
764 747 0
309 413 1
310 413 0
310 532 0
310 940 0
532 237 1
532 413 0
940 413 1
313 24 1
313 96 0
313 413 1
314 71 1
314 413 0
314 659 1
314 661 1
659 413 0
661 413 0
661 521 1
315 274 1
315 413 1
315 685 1
685 274 0
454 73 1
454 413 0
599 413 0
851 413 0
319 413 0
319 802 0
802 413 0
802 467 1
321 413 0
322 164 1
322 184 0
322 413 0
322 709 1
709 74 0
709 413 1
324 413 1
324 555 0
324 470 1
325 413 1
328 92 0
328 174 1
328 413 1
328 492 1
328 671 1
492 413 1
671 92 0
671 413 1
671 770 0
330 413 1
331 413 0
332 413 0
332 532 1
796 413 0
334 413 1
337 413 1
338 413 0
338 854 0
854 413 0
854 930 0
854 973 1
339 356 0
339 413 0
356 347 1
356 413 1
341 413 0
342 413 0
342 726 1
342 746 1
726 413 0
726 660 1
343 413 1
343 784 0
784 413 1
656 29 1
656 413 1
656 570 0
656 577 1
994 413 0
994 656 0
347 413 0
348 413 0
348 565 1
351 256 0
351 413 0
352 413 0
353 413 0
353 804 0
804 413 1
804 553 1
804 822 1
357 413 0
357 857 0
357 847 0
857 413 1
857 847 0
358 413 1
359 91 0
359 413 1
359 644 1
644 413 1
360 413 1
360 591 0
591 413 1
591 900 1
363 413 1
364 19 0
364 30 0
364 413 0
365 413 1
367 413 1
367 994 1
368 48 0
368 413 1
368 487 1
487 48 0
369 413 1
370 413 1
370 418 0
371 413 0
372 105 1
730 413 0
374 413 1
375 34 0
375 228 0
375 257 1
375 413 1
375 641 0
378 413 0
841 413 1
380 413 1
381 413 1
382 374 1
382 413 1
383 413 0
385 202 1
386 413 0
387 413 1
391 51 1
391 413 0
392 413 0
394 347 0
394 413 0
395 333 1
395 413 1
395 692 0
692 413 0
692 493 1
692 642 1
396 247 1
397 237 1
397 413 0
397 958 1
958 413 1
398 348 1
398 413 1
398 871 0
871 413 1
399 413 0
399 872 0
872 155 0
872 413 1
872 604 0
400 413 0
401 413 1
402 280 0
402 413 0
402 458 0
402 732 0
458 413 1
732 413 1
403 413 0
403 429 1
407 179 1
407 413 1
523 413 0
409 413 1
409 535 0
410 413 1
411 410 1
411 413 1
412 203 0
412 413 0
414 413 1
414 785 0
785 142 0
785 413 1
785 669 1
415 363 1
415 413 1
415 639 0
421 413 1
421 578 1
578 413 0
422 20 0
422 413 0
422 549 1
422 840 1
549 840 1
425 413 1
425 641 0
430 413 0
571 361 1
571 413 0
571 398 0
432 413 0
433 313 0
433 413 1
433 684 1
436 413 0
438 156 0
438 413 0
438 495 1
495 413 1
440 3 1
440 64 1
440 413 0
441 48 1
441 413 0
441 425 1
441 569 1
569 192 0
569 413 0
569 768 0
442 413 1
442 543 1
543 413 0
443 413 0
444 413 0
445 413 0
445 998 0
998 242 1
998 413 1
446 413 0
449 413 0
449 474 1
451 374 1
451 413 0
452 456 1
456 413 1
456 756 0
453 156 1
453 413 0
455 399 0
455 413 0
455 872 1
756 413 0
457 543 1
457 815 1
459 413 1
461 408 1
461 523 1
462 413 0
463 413 0
464 309 0
464 413 0
464 822 0
465 105 0
465 372 1
465 413 0
466 230 1
466 391 0
466 413 0
466 496 0
466 958 1
468 413 1
471 413 1
472 413 1
472 662 0
473 66 1
473 156 1
473 413 0
475 172 1
475 413 0
476 413 0
478 360 1
478 413 0
478 558 0
478 666 0
478 868 0
478 877 1
558 413 0
666 87 1
666 247 1
666 413 0
666 940 1
868 17 0
868 51 0
868 413 1
868 476 0
868 770 1
868 877 1
479 413 0
479 800 0
800 408 1
800 413 0
481 59 1
481 72 1
481 239 1
481 413 0
482 12 1
482 413 0
483 413 0
483 941 0
484 59 1
484 413 1
484 740 0
489 15 0
489 413 0
489 645 1
645 78 0
645 413 0
645 679 0
490 45 0
490 269 1
490 413 0
491 413 0
493 413 1
498 413 1
498 565 1
499 743 1
743 397 0
743 413 1
743 633 1
501 413 0
501 499 0
501 654 1
501 743 0
654 413 1
654 951 0
654 646 1
504 413 0
508 413 0
508 849 0
508 900 1
849 134 1
849 335 0
849 380 0
849 413 0
849 703 0
900 413 1
513 413 1
513 447 1
513 498 1
517 413 1
518 413 0
519 115 1
519 413 1
519 932 1
520 333 1
520 413 1
553 413 0
553 71 0
525 413 0
525 692 0
526 413 0
527 413 1
529 413 0
530 400 1
530 413 1
531 10 1
531 897 1
533 413 1
533 556 0
536 413 1
538 140 1
538 182 0
538 413 1
538 711 0
711 182 0
711 413 0
539 413 0
539 932 1
540 413 1
540 851 1
542 234 0
542 413 1
544 413 0
545 413 0
546 191 0
546 413 0
546 855 0
855 413 0
548 413 0
550 70 1
550 291 0
550 413 1
550 906 0
906 67 1
906 413 1
552 413 1
552 853 0
853 413 0
554 413 0
557 413 0
559 205 1
559 413 1
561 129 0
561 413 0
561 445 0
562 309 1
562 413 1
563 787 0
787 413 1
787 747 1
812 26 1
812 72 1
812 119 0
812 211 1
812 413 0
570 301 1
570 413 0
570 825 0
825 413 0
825 433 1
572 413 0
574 413 0
574 976 0
976 413 1
577 413 1
579 170 0
579 192 1
579 413 0
579 419 1
579 986 1
579 485 1
580 413 1
580 558 0
582 413 1
583 96 0
583 413 1
584 413 1
587 413 1
590 413 1
594 413 0
595 413 1
595 724 1
597 413 1
598 156 0
598 413 1
600 413 0
601 301 0
601 413 0
601 662 0
602 196 1
602 413 0
602 665 0
603 413 1
603 965 0
604 279 0
604 413 1
604 952 1
952 413 1
606 413 0
606 600 0
606 768 0
608 413 0
610 285 0
610 413 0
610 641 1
610 881 1
881 413 0
613 413 0
618 40 1
618 413 0
620 51 0
620 413 0
620 493 0
621 181 0
621 413 0
623 140 1
623 374 0
623 413 1
623 633 1
633 413 1
633 552 1
633 751 1
633 853 1
624 258 0
624 413 1
625 687 0
625 896 1
896 413 1
896 956 1
627 413 0
629 413 0
630 348 1
630 413 1
630 715 0
630 756 0
631 563 0
631 787 0
751 413 0
634 413 0
635 413 0
636 413 0
637 205 1
637 413 1
637 457 1
637 543 1
637 815 0
638 413 1
642 493 1
646 83 0
646 413 1
651 413 0
651 860 0
860 104 0
860 413 1
653 413 0
653 600 1
951 413 1
947 410 1
947 413 1
947 627 1
947 826 1
947 914 1
660 413 0
660 654 1
663 413 1
663 692 0
664 413 1
686 413 1
667 413 0
668 413 1
669 142 0
669 413 0
669 840 1
925 413 0
925 864 1
672 413 0
672 441 0
672 453 1
673 365 0
673 413 0
674 413 0
675 23 0
675 49 1
675 413 0
676 257 1
676 413 0
676 680 0
676 962 1
962 413 1
962 880 1
962 987 0
677 413 1
677 511 0
681 413 1
683 102 1
683 413 0
683 613 1
683 781 1
688 413 0
688 724 1
689 374 0
689 413 1
690 413 0
691 413 0
693 815 0
815 413 0
694 413 0
694 638 1
695 413 1
695 756 1
697 413 1
699 230 1
699 413 0
699 797 0
797 413 1
797 828 0
701 12 1
701 51 1
701 413 0
701 690 1
701 815 0
703 19 0
703 335 1
703 400 1
703 413 0
704 413 0
706 693 0
706 815 1
707 310 0
707 333 0
707 413 0
707 303 1
708 413 0
708 497 1
708 550 0
708 551 0
708 613 0
712 351 1
712 413 1
712 493 1
714 413 0
718 413 0
719 413 1
721 413 0
722 15 1
722 413 1
725 413 0
725 626 1
725 670 0
727 486 0
727 818 0
818 413 0
818 486 1
733 413 1
733 434 1
734 413 1
735 90 0
735 413 1
735 576 0
735 766 1
766 413 1
736 153 0
736 413 1
738 153 1
738 413 0
742 74 1
742 709 1
748 215 1
748 413 0
748 421 0
749 413 1
749 591 0
749 900 0
750 413 1
754 331 0
754 413 1
757 413 1
757 465 1
758 413 0
759 413 0
761 310 0
761 413 0
761 470 1
761 929 1
929 19 0
929 413 1
929 489 0
762 293 0
762 413 0
762 932 0
765 286 0
765 413 1
765 909 1
909 141 0
909 258 0
909 413 0
909 746 1
769 630 1
769 715 1
772 215 1
772 748 1
773 413 0
773 952 1
780 413 0
782 413 1
786 413 0
790 42 0
790 413 0
793 413 1
793 750 1
794 413 0
794 890 0
890 413 1
890 965 0
795 413 0
798 413 1
801 413 1
801 462 0
806 413 0
808 413 1
808 493 1
809 928 1
809 980 0
980 413 0
980 928 1
813 193 1
813 413 0
814 413 0
814 523 1
816 413 1
817 306 1
817 369 0
817 413 0
817 807 1
819 413 0
821 156 0
821 413 1
826 15 1
826 413 1
826 436 1
826 996 0
996 436 0
827 339 1
827 356 1
829 413 0
830 403 0
830 413 1
831 469 0
831 494 1
832 413 1
836 413 1
837 5 0
837 291 1
837 413 1
837 633 1
837 805 1
837 119 0
838 413 0
842 413 1
843 413 1
843 591 1
844 4 1
844 724 1
845 413 1
845 540 1
845 910 1
910 413 0
847 83 1
847 374 1
847 413 0
847 528 0
847 555 1
848 413 1
848 433 1
850 550 0
850 708 0
850 413 1
930 413 1
973 413 0
856 413 1
858 380 0
858 408 0
858 413 0
859 134 1
859 321 1
859 413 0
859 522 0
861 413 0
960 413 0
863 413 1
864 413 0
866 147 0
866 413 0
867 413 1
876 19 0
876 257 0
878 413 1
882 413 1
884 413 0
886 413 0
887 413 0
887 802 0
887 928 1
888 413 1
888 798 1
888 974 0
974 66 1
974 413 0
974 473 0
889 413 0
889 918 0
918 413 1
892 163 1
892 413 0
892 684 0
895 413 1
898 35 0
898 413 1
901 413 1
902 230 0
902 413 1
903 413 0
904 375 1
904 413 0
904 463 0
907 413 0
907 664 1
908 413 0
913 413 1
914 413 1
914 627 1
914 886 0
915 413 1
916 309 1
916 413 1
919 413 1
920 393 0
920 413 0
923 413 0
923 891 0
924 413 0
924 613 0
926 179 1
926 202 1
926 385 1
926 413 0
926 900 1
927 129 0
927 413 0
934 413 1
934 949 0
935 413 0
935 750 0
936 413 1
936 521 1
937 413 0
937 794 0
939 12 0
939 29 0
939 413 1
942 413 0
942 696 0
944 413 1
945 413 0
945 452 0
945 456 1
946 413 1
946 949 0
950 413 0
950 980 0
953 413 1
953 736 0
953 963 1
963 353 1
963 413 0
954 251 0
954 413 1
954 930 0
959 181 0
959 373 0
959 413 0
961 398 0
961 413 0
961 871 1
987 413 1
987 974 0
987 656 1
967 413 1
969 413 0
971 413 1
972 84 1
972 413 1
975 247 0
975 413 1
977 413 0
979 413 0
981 413 1
983 413 1
985 413 0
988 45 1
988 413 1
988 560 1
989 413 0
991 413 1
992 413 0
993 387 0
993 413 0
995 413 0
995 794 0
997 413 0
