1 593 1
593 252 1
593 422 0
593 159 1
593 181 0
593 71 0
593 383 0
593 355 0
593 455 0
593 279 1
593 423 1
593 79 0
593 518 0
593 118 0
593 350 0
593 270 0
593 591 0
593 86 0
593 14 0
593 302 1
593 531 0
593 245 0
593 250 0
593 436 1
593 166 0
593 438 0
593 144 0
593 237 0
593 140 0
593 214 1
2 593 0
3 593 0
5 593 0
8 47 1
8 11 0
9 593 0
11 181 0
11 593 0
181 593 1
13 593 1
14 235 1
14 253 1
14 593 0
235 253 1
235 593 0
253 593 0
15 593 0
16 593 0
18 593 1
19 159 0
19 593 1
19 166 1
159 593 0
21 593 0
22 593 0
24 121 0
24 350 1
24 593 0
24 279 0
24 159 0
121 593 0
121 159 0
350 121 1
350 593 0
25 46 1
26 593 1
28 77 0
28 278 0
28 593 0
28 93 0
77 278 0
77 93 0
278 593 0
29 593 0
30 593 0
31 206 1
206 593 0
35 593 1
36 144 0
36 248 1
36 593 1
248 144 1
248 593 0
37 406 0
37 593 0
406 593 0
406 436 0
38 593 0
44 593 0
45 593 0
48 593 0
50 205 0
50 278 0
205 593 0
205 278 0
205 531 1
51 593 0
54 593 0
55 593 0
55 599 0
55 422 0
55 141 0
55 278 0
599 141 0
599 278 0
57 593 0
58 370 1
58 593 0
58 589 0
59 593 0
60 284 0
60 368 0
60 589 0
368 284 1
368 589 0
61 593 0
62 593 1
64 593 0
65 506 0
65 589 0
65 181 0
506 593 0
506 181 0
589 506 0
589 593 0
66 593 0
68 454 0
68 570 0
454 570 0
454 593 0
570 593 0
69 593 0
72 593 1
73 593 0
76 593 0
78 593 0
79 270 0
79 468 0
79 593 1
270 468 0
270 593 0
468 593 1
80 436 0
80 593 0
80 93 0
436 593 0
81 593 0
81 190 0
82 92 0
82 190 0
92 593 0
190 92 0
83 593 0
84 593 1
85 593 0
86 50 1
86 205 0
86 593 1
87 593 0
88 517 0
88 593 0
88 525 0
517 593 1
517 525 0
89 282 0
89 464 0
282 464 0
90 593 0
93 549 0
93 593 0
94 366 0
366 593 0
366 245 0
96 593 1
98 593 1
99 287 0
99 538 0
287 593 1
538 287 0
101 593 0
102 593 1
103 593 1
104 534 0
104 593 0
106 593 0
107 593 0
111 593 0
112 593 0
113 593 0
116 593 0
117 593 0
118 554 0
118 593 1
554 593 0
119 593 0
122 593 0
124 25 0
124 46 0
124 593 0
125 593 1
126 593 0
127 148 0
148 191 0
148 434 1
148 593 0
128 242 0
129 593 0
130 11 0
130 181 1
130 593 1
130 140 0
131 593 0
132 281 1
132 423 0
132 593 1
132 350 1
281 593 0
281 350 0
423 281 0
423 593 0
133 258 0
133 277 0
133 593 0
258 277 0
277 593 0
277 531 0
134 593 1
135 593 0
136 250 0
136 302 0
136 593 0
250 302 1
250 593 0
137 193 0
137 232 0
137 593 0
137 589 0
193 232 1
232 593 0
232 589 0
140 43 0
140 593 0
141 317 0
141 489 0
141 593 0
489 317 0
142 216 1
142 359 1
216 593 0
359 216 0
145 573 0
145 593 1
146 593 1
147 593 1
434 191 1
149 321 1
149 593 0
321 593 0
321 14 0
150 516 1
516 593 0
516 455 0
152 393 0
153 593 0
154 593 0
155 593 0
157 593 0
158 593 0
160 593 0
161 593 0
162 593 0
164 593 0
165 593 1
166 126 1
166 593 0
168 593 0
170 227 0
170 286 0
170 533 0
227 593 0
286 533 1
533 593 0
171 593 0
172 593 0
173 593 0
174 593 0
176 593 0
177 593 1
179 593 0
180 593 0
185 295 0
185 593 0
295 593 1
187 593 0
188 593 1
192 422 0
192 425 0
192 593 0
192 350 0
192 166 1
192 438 0
422 425 0
422 593 0
425 593 0
425 71 1
425 383 0
425 302 0
425 166 0
425 438 0
425 237 0
194 593 0
196 593 0
197 483 0
197 593 0
199 593 0
200 593 0
201 593 1
202 195 0
202 525 1
202 593 0
202 159 0
202 214 0
525 195 0
525 593 0
203 593 0
207 593 0
208 593 0
209 593 0
210 593 0
212 593 0
213 593 0
214 593 0
214 166 1
217 403 0
217 593 0
403 593 0
403 118 1
218 593 0
219 593 1
221 593 0
222 264 0
222 593 1
223 593 0
224 593 0
225 593 1
226 93 0
226 549 0
226 593 0
228 593 0
229 593 0
230 301 0
230 305 0
230 593 0
301 593 0
305 301 0
231 593 1
234 593 0
237 593 0
238 88 0
238 517 1
238 593 0
240 80 0
240 436 0
240 593 0
240 438 1
240 93 0
241 593 0
243 593 0
245 497 0
497 593 0
497 518 0
246 58 0
246 370 0
246 589 0
247 593 0
249 593 1
256 593 0
257 593 0
259 593 1
261 593 1
262 593 0
265 593 0
268 593 0
269 593 1
272 593 0
273 593 0
275 214 0
275 342 0
275 593 0
342 214 0
342 593 1
276 593 0
279 110 0
279 479 1
479 110 1
280 449 0
280 531 0
280 593 0
280 518 0
449 531 0
449 593 0
449 518 1
531 593 0
285 593 0
288 593 0
289 593 0
291 593 0
292 593 0
294 149 0
294 321 1
294 593 0
296 593 0
297 593 0
298 593 0
300 593 0
303 593 0
304 593 0
306 145 0
306 573 0
306 593 0
308 135 0
308 327 0
327 135 0
309 593 1
310 593 0
311 593 0
315 593 0
316 593 1
318 37 0
318 406 1
318 593 0
322 16 0
322 339 1
322 593 0
339 16 0
323 593 0
326 70 0
70 230 0
328 593 0
329 593 1
330 351 0
330 553 1
330 593 0
330 250 0
351 553 1
351 593 0
553 593 0
553 270 0
331 593 0
333 593 0
335 593 1
338 237 0
338 357 0
338 593 1
357 237 0
357 593 0
340 593 0
341 113 1
341 493 0
493 113 0
343 63 1
343 593 0
63 342 0
344 593 1
345 593 0
346 593 0
348 593 1
349 593 0
352 593 1
353 593 0
354 118 0
354 554 0
354 593 1
354 355 1
354 86 0
354 250 1
354 423 0
355 245 0
355 497 0
355 593 1
356 593 0
358 593 0
360 593 0
361 204 1
361 496 1
361 593 0
496 204 0
362 593 0
363 593 0
364 593 0
365 593 0
367 593 0
369 593 1
371 593 0
372 67 0
372 382 0
372 593 1
372 573 0
67 573 0
382 67 0
373 593 0
374 593 0
377 593 0
379 593 0
380 8 1
380 47 1
380 11 0
381 593 1
383 31 0
383 206 0
383 593 0
384 593 0
387 593 1
389 169 0
389 593 1
391 593 0
392 340 0
395 593 0
396 593 0
397 196 0
397 426 0
426 196 0
426 593 1
398 593 0
399 593 0
400 336 0
400 593 0
400 159 0
400 525 0
401 593 0
402 593 0
404 593 0
405 593 0
408 593 0
409 593 1
410 593 0
411 593 0
412 126 0
412 166 1
413 593 0
415 593 0
417 593 0
418 197 0
418 483 0
418 593 0
419 593 0
420 593 0
421 593 1
427 593 0
428 593 0
429 485 0
429 522 0
429 593 1
485 593 0
485 591 0
522 485 0
430 593 0
431 593 1
432 593 0
433 593 0
435 593 1
438 593 0
439 593 0
440 438 0
440 593 0
441 593 0
442 593 0
443 593 0
444 104 0
444 534 0
444 593 0
446 593 1
448 593 0
450 593 0
452 70 1
452 326 0
452 593 0
452 230 1
453 593 0
455 81 1
455 593 0
455 190 1
458 593 1
459 593 0
461 593 0
462 593 0
463 55 1
463 593 0
463 599 0
465 593 0
467 593 0
469 593 0
470 593 0
474 593 0
475 593 0
476 593 1
477 593 0
478 593 1
480 349 0
481 593 0
482 593 0
484 593 1
486 593 0
488 593 0
490 71 0
494 593 1
495 593 0
498 71 0
498 490 0
498 593 0
500 593 0
502 593 1
503 593 0
504 593 0
507 593 0
509 593 0
510 63 0
510 343 0
510 342 0
511 150 0
511 516 0
511 593 0
512 593 0
513 222 0
513 264 0
513 593 0
513 423 0
518 19 0
518 159 1
518 593 0
520 593 1
521 336 0
521 400 0
521 593 1
521 159 0
521 525 0
523 593 0
526 593 0
527 185 1
527 295 0
528 593 0
529 593 1
532 593 0
535 593 0
536 593 1
539 169 0
539 389 1
539 593 0
540 252 0
540 593 0
541 593 1
543 593 0
544 593 0
545 128 0
545 242 0
545 593 0
546 593 0
547 593 1
551 593 0
557 593 0
558 593 0
559 81 0
559 455 0
559 593 1
560 593 0
561 438 0
561 440 0
561 593 0
561 79 0
563 43 1
563 140 0
563 593 0
563 181 0
563 144 0
564 593 0
565 593 0
566 593 0
567 94 0
567 366 0
567 593 0
568 593 0
569 593 1
574 593 0
575 87 0
576 593 0
577 593 0
578 593 1
579 593 0
580 593 0
581 593 0
582 593 1
585 152 0
585 393 0
585 593 0
586 593 1
587 593 0
590 593 0
591 217 0
591 403 0
591 593 1
592 593 0
595 593 1
597 593 0
598 593 0
