1 128 0
128 531 1
128 436 0
128 486 0
128 597 0
128 550 0
128 285 1
128 623 0
128 300 0
128 17 1
128 246 1
128 564 1
128 551 0
128 127 1
128 95 1
128 279 1
128 359 0
128 566 0
128 125 1
128 197 1
128 271 1
128 591 1
128 343 1
2 128 1
4 128 0
5 128 0
6 128 1
7 128 0
8 128 0
9 128 1
10 128 0
11 128 0
12 128 0
13 128 1
14 128 1
15 128 0
18 128 0
20 128 1
20 688 1
20 787 0
688 128 0
688 787 1
787 128 0
21 128 0
22 128 0
23 326 1
26 128 1
26 132 0
26 196 0
132 128 0
132 196 1
27 128 1
29 128 1
31 128 0
32 128 1
34 128 1
34 180 0
34 191 1
34 564 0
180 128 1
180 564 0
191 180 1
35 40 1
35 653 1
35 566 0
40 566 1
653 40 0
653 128 1
36 128 0
37 128 1
38 128 0
39 128 0
41 128 1
42 128 0
44 104 0
44 128 0
44 566 1
104 128 0
566 104 1
566 128 1
45 128 1
46 128 0
48 128 0
49 128 1
49 343 0
49 541 1
343 541 0
541 128 1
51 128 1
54 128 1
54 332 1
54 570 1
332 128 1
332 343 0
570 128 1
570 332 0
570 197 0
55 128 1
55 502 1
55 758 0
502 128 0
502 758 1
502 271 1
56 128 1
57 128 0
58 128 0
59 128 0
61 128 0
62 128 1
65 119 1
65 128 0
119 128 0
67 91 1
67 128 1
67 289 0
67 436 1
91 289 0
91 436 0
68 128 1
69 128 1
70 128 0
70 310 1
71 128 0
73 128 1
75 128 1
77 431 0
77 583 0
431 128 0
431 486 1
431 300 0
583 128 0
583 431 0
78 128 1
79 128 1
80 128 1
80 249 1
80 102 0
80 739 0
249 128 1
249 102 0
249 739 1
81 128 0
82 128 0
82 590 0
82 692 1
590 692 1
692 128 0
83 367 0
83 694 1
367 694 0
694 128 0
84 128 0
84 758 0
85 118 0
85 554 0
85 511 1
118 128 1
554 118 1
554 128 1
554 511 1
86 128 0
86 405 1
88 128 1
89 128 1
90 128 0
90 271 1
90 452 0
271 452 0
452 128 0
93 349 0
94 128 1
94 149 1
94 602 0
149 602 0
149 343 0
602 343 0
95 128 1
95 206 0
95 499 0
206 128 0
206 499 1
97 128 0
98 128 1
99 331 0
99 361 1
331 128 1
331 361 1
331 695 0
331 566 1
361 128 0
361 695 0
361 566 0
100 128 0
101 128 0
102 128 1
102 145 1
102 728 1
145 128 0
145 728 0
145 436 0
103 369 1
369 128 1
107 128 0
109 128 0
111 128 0
112 128 1
113 17 1
113 531 1
115 128 1
116 463 0
117 289 0
289 128 0
121 128 0
122 16 1
122 128 0
122 739 0
739 16 0
739 128 0
123 128 1
124 128 1
125 128 0
127 128 1
127 306 0
306 128 1
306 343 0
531 128 0
129 128 1
130 411 1
411 128 0
131 128 0
133 128 0
133 127 1
133 95 1
134 128 1
135 128 0
136 50 0
136 128 0
137 128 0
137 764 0
764 128 0
139 128 1
140 43 1
140 128 1
141 128 0
142 128 1
143 128 1
144 128 1
146 128 0
151 128 0
152 128 0
152 279 1
152 99 0
279 34 0
153 128 1
154 128 0
155 128 0
158 128 1
159 55 1
159 502 1
160 128 1
161 240 1
163 128 1
164 128 0
165 128 1
166 128 1
169 128 1
170 128 1
173 128 1
174 128 0
175 128 0
177 128 1
178 128 1
179 128 0
181 17 0
181 113 1
181 531 0
182 267 0
267 128 1
184 128 1
184 623 1
184 559 1
623 128 1
186 128 1
187 128 1
189 106 1
189 128 0
190 128 0
193 128 0
193 632 1
193 189 0
632 128 0
632 189 1
194 128 1
194 242 1
194 758 0
242 128 1
242 623 1
758 128 0
758 242 1
195 128 0
198 128 1
199 128 1
201 5 0
201 308 1
201 128 0
308 5 0
308 128 1
202 128 0
202 436 0
202 343 0
203 128 1
203 357 0
203 738 1
357 128 1
738 128 1
738 357 0
738 246 1
204 128 0
205 128 0
207 128 0
209 128 1
210 128 0
214 128 1
215 128 1
216 128 0
217 128 0
218 128 1
218 597 1
218 285 0
218 340 0
597 128 1
219 595 0
595 128 0
221 128 1
222 504 0
504 128 1
504 238 0
223 128 1
225 128 1
226 93 1
226 128 1
226 349 1
227 128 0
229 128 1
229 522 1
522 128 0
522 445 1
522 359 0
522 591 0
231 128 0
232 128 0
233 128 0
234 128 1
236 128 0
237 128 0
238 125 1
238 128 0
239 128 0
241 128 0
243 128 0
244 128 0
246 128 0
246 658 0
246 770 1
658 770 0
770 128 1
770 125 0
247 605 0
605 128 1
605 436 0
251 128 0
252 128 1
253 128 1
255 128 0
256 128 0
257 128 0
258 128 0
259 128 1
260 128 0
260 568 1
260 684 1
568 684 0
568 118 1
684 128 0
684 118 0
684 95 0
262 128 1
263 128 1
264 157 0
264 718 0
718 128 1
718 157 1
265 106 0
265 128 1
265 189 0
266 128 0
268 128 1
269 128 0
272 128 0
273 128 1
274 128 1
275 128 1
276 128 1
277 128 1
278 128 1
280 128 0
283 128 0
285 127 0
285 128 0
285 306 0
285 597 0
286 128 1
287 128 0
288 128 1
288 517 1
288 626 0
517 626 1
291 128 1
292 128 1
293 128 1
294 128 0
295 128 1
296 128 0
297 128 1
298 128 1
300 65 1
300 119 0
300 128 0
300 566 1
301 128 0
303 128 1
307 128 0
313 128 1
313 130 0
313 411 0
314 128 0
316 128 0
317 128 1
320 128 1
321 128 0
322 128 0
323 128 0
324 128 1
325 395 0
325 668 1
395 128 0
395 668 1
668 128 0
328 128 1
329 128 0
330 128 0
334 475 0
334 742 0
475 128 1
475 742 1
335 128 1
336 84 0
336 758 1
337 128 0
338 128 0
339 389 1
339 569 0
389 128 1
389 569 0
340 128 0
346 128 0
347 128 0
348 36 0
348 680 1
348 764 0
680 36 0
680 764 0
350 128 1
351 128 0
352 128 1
353 128 0
354 128 1
355 128 0
359 128 0
359 530 1
362 128 1
363 128 1
363 567 0
363 193 0
363 486 1
364 128 0
365 128 0
366 128 1
368 128 1
370 128 0
371 128 1
372 624 1
624 128 0
373 128 0
374 128 0
375 128 0
376 128 0
377 128 0
378 128 0
379 128 0
380 340 0
380 429 1
429 340 1
381 128 1
383 128 1
384 128 0
385 128 1
385 152 1
385 279 1
385 99 0
388 128 1
390 128 1
391 121 1
391 128 1
391 617 0
617 121 0
393 128 1
394 128 1
396 128 0
397 128 0
398 128 1
401 128 0
402 128 0
403 128 0
404 128 0
406 108 1
406 458 1
458 108 1
458 128 1
407 128 0
408 128 0
410 128 0
410 137 1
410 764 1
412 128 1
413 128 0
414 225 0
414 724 1
724 225 0
416 128 0
417 128 0
418 128 1
423 212 0
423 681 1
681 128 1
681 212 1
424 128 0
424 550 1
424 721 1
550 128 1
550 721 1
721 128 1
425 630 0
425 733 1
425 699 0
425 357 0
630 128 1
733 630 0
733 699 1
733 357 1
426 128 1
427 128 1
427 185 0
427 511 1
427 118 0
427 564 1
185 118 0
511 128 1
511 185 0
428 78 1
428 128 1
428 477 1
477 78 0
432 128 1
433 128 0
435 128 1
437 128 0
438 87 0
438 128 1
438 140 1
439 128 0
440 125 0
440 128 0
440 238 0
441 128 0
442 86 0
442 128 1
442 405 0
443 128 1
444 128 0
445 128 0
445 363 1
445 567 0
445 193 0
445 486 0
446 311 1
447 128 0
448 128 0
449 128 0
450 128 1
451 128 1
453 128 1
454 128 0
455 30 1
455 599 1
30 182 1
30 677 0
599 30 1
599 182 0
599 677 0
456 128 0
459 128 0
460 128 0
461 128 0
462 128 0
464 128 0
465 128 1
466 128 0
467 128 1
469 128 1
470 128 0
470 133 1
470 486 0
486 128 1
486 133 0
472 128 1
473 128 1
476 128 1
478 128 0
480 202 1
480 436 1
480 343 0
481 128 1
482 128 0
484 128 0
485 128 0
487 226 0
488 128 0
489 117 0
489 289 0
490 128 0
491 128 1
492 128 0
494 128 1
495 128 0
496 128 1
497 591 1
497 698 0
497 86 1
591 698 1
698 128 0
698 86 0
498 128 1
498 699 1
699 128 0
500 128 0
501 128 0
503 128 0
505 128 1
505 527 1
505 701 0
701 527 1
506 128 0
507 128 1
508 128 0
509 128 1
510 128 0
513 128 0
514 128 0
516 128 1
518 219 1
518 595 0
520 128 1
521 128 1
524 128 1
526 70 0
526 310 1
528 128 0
529 128 1
534 128 0
537 128 0
537 193 1
537 632 0
538 87 0
538 438 0
538 140 1
539 128 1
540 128 0
542 128 0
542 359 0
542 530 0
542 550 0
543 128 1
545 128 0
545 573 0
545 696 1
573 128 0
573 696 0
696 128 0
546 128 1
547 128 0
549 128 1
551 128 1
551 153 1
552 128 0
555 45 1
555 128 1
556 128 1
558 128 1
559 84 0
559 128 1
559 336 1
560 128 0
561 128 0
562 128 1
562 184 0
562 623 0
562 559 1
564 128 1
564 498 1
564 699 1
565 128 0
571 128 1
572 128 0
572 182 1
572 267 0
574 128 1
575 128 1
576 128 1
577 128 1
578 128 1
579 128 1
581 128 1
584 128 0
585 128 1
586 128 1
587 128 1
588 128 1
589 128 0
592 222 0
592 504 1
592 238 0
593 128 1
594 128 1
600 197 1
600 736 0
736 197 1
601 128 0
604 128 1
604 218 0
604 597 0
604 340 1
606 128 1
607 128 0
608 128 0
608 247 0
608 605 0
608 436 0
608 551 0
608 279 0
609 128 1
610 128 0
611 128 0
612 128 0
613 128 0
615 128 1
616 128 0
618 128 1
619 128 0
620 128 1
625 128 1
627 128 1
628 128 1
633 128 0
634 128 1
635 128 1
636 128 1
637 80 1
637 249 0
638 50 0
638 136 1
639 128 1
640 128 0
641 128 1
641 531 0
642 128 0
643 128 0
643 311 0
643 446 1
645 128 0
647 128 1
648 128 0
648 544 0
648 727 0
648 436 0
648 623 1
544 623 0
727 128 1
727 544 1
649 128 0
651 128 0
652 81 0
654 128 0
655 128 0
659 128 1
661 128 0
662 128 1
664 506 0
665 128 1
666 128 0
667 128 1
670 128 1
672 128 1
673 128 0
675 128 0
676 128 0
677 67 0
677 91 1
678 128 0
679 110 1
679 128 1
683 45 1
683 555 0
686 128 0
687 128 0
689 506 1
689 664 0
690 128 0
691 128 1
695 128 0
695 614 0
697 128 0
702 128 0
703 128 1
706 128 0
707 128 0
708 128 1
709 128 1
710 128 0
711 128 0
715 128 0
716 128 0
719 128 1
720 128 1
722 128 0
723 128 0
725 128 1
726 128 0
729 128 1
730 128 0
730 153 0
730 551 0
731 128 1
731 229 1
731 522 1
731 445 1
732 128 0
734 128 1
735 110 1
735 128 1
735 679 0
737 128 0
740 128 0
741 128 0
743 128 1
744 128 0
745 128 1
746 128 1
747 128 1
748 128 0
749 128 0
750 116 0
750 128 0
750 463 1
751 128 1
752 128 0
754 161 0
754 240 0
755 128 1
756 128 0
759 128 0
760 128 1
761 128 0
762 128 0
763 43 0
763 128 0
763 140 0
765 128 0
766 23 1
766 128 1
766 326 0
769 128 1
772 128 0
773 128 1
774 128 0
776 128 0
777 128 0
779 128 1
780 128 1
784 128 0
785 128 0
785 614 0
785 695 1
785 17 0
789 128 0
790 128 0
793 81 1
793 652 0
796 128 1
797 128 0
798 128 1
799 128 0
