1 128 0
128 531 0
128 436 0
128 486 0
128 597 0
128 550 0
128 285 0
128 623 0
128 300 0
128 17 0
128 246 1
128 564 0
128 551 0
128 127 1
128 95 0
128 279 0
128 359 0
128 566 1
128 125 0
128 197 0
128 271 0
128 591 0
128 343 1
2 128 0
4 128 0
5 128 0
6 128 0
7 128 1
8 128 0
9 128 1
10 128 0
11 128 0
12 128 0
13 128 0
14 128 0
15 128 1
18 128 0
20 128 0
20 688 0
20 787 0
688 128 0
688 787 0
787 128 0
21 128 0
22 128 0
23 326 0
26 128 0
26 132 1
26 196 0
132 128 0
132 196 0
27 128 1
29 128 0
31 128 0
32 128 0
34 128 0
34 180 0
34 191 0
34 564 0
180 128 0
180 564 0
191 180 0
35 40 1
35 653 0
35 566 0
40 566 0
653 40 0
653 128 0
36 128 0
37 128 0
38 128 0
39 128 0
41 128 0
42 128 1
44 104 0
44 128 0
44 566 0
104 128 0
566 104 0
566 128 0
45 128 1
46 128 0
48 128 1
49 128 0
49 343 0
49 541 0
343 541 0
541 128 0
51 128 0
54 128 0
54 332 0
54 570 0
332 128 0
332 343 0
570 128 0
570 332 0
570 197 0
55 128 0
55 502 0
55 758 0
502 128 0
502 758 0
502 271 0
56 128 0
57 128 1
58 128 1
59 128 0
61 128 0
62 128 0
65 119 0
65 128 0
119 128 0
67 91 0
67 128 0
67 289 1
67 436 0
91 289 0
91 436 0
68 128 1
69 128 0
70 128 0
70 310 0
71 128 1
73 128 0
75 128 1
77 431 0
77 583 1
431 128 1
431 486 0
431 300 1
583 128 0
583 431 0
78 128 0
79 128 0
80 128 0
80 249 0
80 102 0
80 739 1
249 128 0
249 102 0
249 739 0
81 128 0
82 128 1
82 590 0
82 692 0
590 692 0
692 128 0
83 367 0
83 694 0
367 694 0
694 128 0
84 128 0
84 758 0
85 118 0
85 554 1
85 511 0
118 128 0
554 118 0
554 128 1
554 511 0
86 128 0
86 405 0
88 128 0
89 128 0
90 128 0
90 271 0
90 452 1
271 452 0
452 128 1
93 349 1
94 128 0
94 149 0
94 602 0
149 602 1
149 343 0
602 343 0
95 128 0
95 206 0
95 499 0
206 128 1
206 499 1
97 128 0
98 128 0
99 331 1
99 361 0
331 128 1
331 361 0
331 695 0
331 566 0
361 128 0
361 695 0
361 566 0
100 128 0
101 128 0
102 128 0
102 145 0
102 728 0
145 128 0
145 728 0
145 436 0
103 369 0
369 128 0
107 128 0
109 128 0
111 128 1
112 128 0
113 17 0
113 531 0
115 128 0
116 463 0
117 289 1
289 128 0
121 128 0
122 16 0
122 128 0
122 739 1
739 16 1
739 128 1
123 128 0
124 128 0
125 128 0
127 128 0
127 306 1
306 128 0
306 343 0
531 128 0
129 128 1
130 411 1
411 128 1
131 128 1
133 128 0
133 127 1
133 95 0
134 128 0
135 128 0
136 50 0
136 128 0
137 128 0
137 764 0
764 128 0
139 128 0
140 43 0
140 128 0
141 128 1
142 128 0
143 128 0
144 128 0
146 128 0
151 128 0
152 128 0
152 279 0
152 99 0
279 34 0
153 128 1
154 128 0
155 128 0
158 128 0
159 55 0
159 502 0
160 128 1
161 240 0
163 128 0
164 128 0
165 128 0
166 128 0
169 128 0
170 128 0
173 128 0
174 128 0
175 128 0
177 128 0
178 128 0
179 128 0
181 17 0
181 113 1
181 531 1
182 267 0
267 128 0
184 128 0
184 623 0
184 559 0
623 128 0
186 128 1
187 128 0
189 106 1
189 128 0
190 128 0
193 128 0
193 632 0
193 189 1
632 128 0
632 189 1
194 128 0
194 242 0
194 758 1
242 128 0
242 623 0
758 128 0
758 242 0
195 128 1
198 128 0
199 128 0
201 5 1
201 308 0
201 128 0
308 5 1
308 128 1
202 128 1
202 436 0
202 343 0
203 128 0
203 357 1
203 738 0
357 128 0
738 128 1
738 357 0
738 246 0
204 128 0
205 128 0
207 128 0
209 128 0
210 128 0
214 128 0
215 128 0
216 128 0
217 128 0
218 128 0
218 597 1
218 285 0
218 340 0
597 128 0
219 595 0
595 128 1
221 128 0
222 504 0
504 128 1
504 238 0
223 128 0
225 128 0
226 93 0
226 128 0
226 349 0
227 128 1
229 128 0
229 522 0
522 128 0
522 445 0
522 359 0
522 591 1
231 128 0
232 128 0
233 128 0
234 128 0
236 128 0
237 128 0
238 125 1
238 128 1
239 128 0
241 128 0
243 128 1
244 128 0
246 128 0
246 658 0
246 770 0
658 770 0
770 128 0
770 125 0
247 605 0
605 128 1
605 436 0
251 128 1
252 128 0
253 128 0
255 128 1
256 128 0
257 128 0
258 128 0
259 128 1
260 128 0
260 568 1
260 684 0
568 684 0
568 118 0
684 128 0
684 118 0
684 95 1
262 128 0
263 128 1
264 157 0
264 718 0
718 128 1
718 157 0
265 106 0
265 128 0
265 189 1
266 128 0
268 128 0
269 128 0
272 128 0
273 128 1
274 128 0
275 128 0
276 128 1
277 128 0
278 128 0
280 128 1
283 128 1
285 127 0
285 128 0
285 306 0
285 597 0
286 128 1
287 128 0
288 128 1
288 517 0
288 626 0
517 626 0
291 128 1
292 128 0
293 128 0
294 128 0
295 128 1
296 128 0
297 128 0
298 128 0
300 65 1
300 119 0
300 128 0
300 566 0
301 128 0
303 128 0
307 128 0
313 128 0
313 130 0
313 411 0
314 128 0
316 128 0
317 128 0
320 128 0
321 128 0
322 128 0
323 128 0
324 128 0
325 395 0
325 668 1
395 128 0
395 668 0
668 128 0
328 128 1
329 128 0
330 128 0
334 475 1
334 742 0
475 128 0
475 742 0
335 128 0
336 84 1
336 758 1
337 128 0
338 128 0
339 389 0
339 569 0
389 128 0
389 569 0
340 128 0
346 128 0
347 128 0
348 36 0
348 680 0
348 764 0
680 36 0
680 764 1
350 128 0
351 128 0
352 128 0
353 128 0
354 128 0
355 128 0
359 128 0
359 530 0
362 128 1
363 128 1
363 567 0
363 193 0
363 486 0
364 128 1
365 128 1
366 128 0
368 128 1
370 128 0
371 128 0
372 624 1
624 128 0
373 128 0
374 128 0
375 128 0
376 128 0
377 128 0
378 128 0
379 128 0
380 340 0
380 429 1
429 340 0
381 128 0
383 128 0
384 128 0
385 128 0
385 152 1
385 279 0
385 99 0
388 128 0
390 128 0
391 121 0
391 128 0
391 617 1
617 121 0
393 128 0
394 128 0
396 128 0
397 128 0
398 128 0
401 128 0
402 128 0
403 128 0
404 128 0
406 108 0
406 458 0
458 108 1
458 128 1
407 128 1
408 128 0
410 128 1
410 137 0
410 764 0
412 128 0
413 128 0
414 225 0
414 724 0
724 225 0
416 128 0
417 128 0
418 128 1
423 212 0
423 681 0
681 128 0
681 212 1
424 128 0
424 550 0
424 721 0
550 128 1
550 721 0
721 128 0
425 630 0
425 733 0
425 699 0
425 357 0
630 128 0
733 630 0
733 699 0
733 357 0
426 128 0
427 128 0
427 185 0
427 511 0
427 118 0
427 564 0
185 118 1
511 128 0
511 185 0
428 78 0
428 128 0
428 477 0
477 78 0
432 128 0
433 128 0
435 128 0
437 128 1
438 87 0
438 128 0
438 140 1
439 128 0
440 125 0
440 128 0
440 238 0
441 128 0
442 86 0
442 128 0
442 405 0
443 128 0
444 128 1
445 128 0
445 363 0
445 567 0
445 193 1
445 486 0
446 311 0
447 128 0
448 128 1
449 128 0
450 128 1
451 128 0
453 128 0
454 128 0
455 30 1
455 599 0
30 182 0
30 677 0
599 30 0
599 182 0
599 677 0
456 128 1
459 128 1
460 128 0
461 128 0
462 128 0
464 128 0
465 128 0
466 128 1
467 128 0
469 128 0
470 128 1
470 133 0
470 486 0
486 128 0
486 133 1
472 128 0
473 128 0
476 128 0
478 128 0
480 202 0
480 436 0
480 343 0
481 128 0
482 128 0
484 128 0
485 128 1
487 226 0
488 128 0
489 117 0
489 289 1
490 128 0
491 128 1
492 128 0
494 128 0
495 128 1
496 128 0
497 591 0
497 698 1
497 86 0
591 698 0
698 128 0
698 86 0
498 128 0
498 699 0
699 128 0
500 128 0
501 128 0
503 128 0
505 128 0
505 527 0
505 701 0
701 527 1
506 128 0
507 128 0
508 128 0
509 128 0
510 128 0
513 128 0
514 128 0
516 128 0
518 219 0
518 595 0
520 128 0
521 128 0
524 128 0
526 70 1
526 310 0
528 128 0
529 128 0
534 128 1
537 128 0
537 193 0
537 632 0
538 87 1
538 438 1
538 140 0
539 128 0
540 128 0
542 128 0
542 359 0
542 530 0
542 550 0
543 128 0
545 128 0
545 573 0
545 696 0
573 128 1
573 696 1
696 128 0
546 128 0
547 128 0
549 128 1
551 128 0
551 153 0
552 128 0
555 45 0
555 128 0
556 128 0
558 128 0
559 84 0
559 128 0
559 336 0
560 128 0
561 128 0
562 128 1
562 184 1
562 623 0
562 559 0
564 128 1
564 498 0
564 699 0
565 128 0
571 128 0
572 128 0
572 182 1
572 267 0
574 128 0
575 128 1
576 128 0
577 128 0
578 128 0
579 128 0
581 128 0
584 128 0
585 128 0
586 128 0
587 128 0
588 128 0
589 128 0
592 222 0
592 504 0
592 238 0
593 128 0
594 128 0
600 197 0
600 736 0
736 197 0
601 128 0
604 128 0
604 218 1
604 597 0
604 340 0
606 128 0
607 128 0
608 128 0
608 247 0
608 605 0
608 436 0
608 551 1
608 279 0
609 128 0
610 128 0
611 128 1
612 128 0
613 128 0
615 128 0
616 128 0
618 128 0
619 128 0
620 128 0
625 128 1
627 128 1
628 128 0
633 128 1
634 128 1
635 128 1
636 128 0
637 80 1
637 249 0
638 50 0
638 136 0
639 128 0
640 128 0
641 128 0
641 531 0
642 128 0
643 128 1
643 311 0
643 446 0
645 128 0
647 128 0
648 128 0
648 544 1
648 727 0
648 436 1
648 623 0
544 623 1
727 128 0
727 544 0
649 128 1
651 128 0
652 81 0
654 128 1
655 128 0
659 128 0
661 128 1
662 128 0
664 506 0
665 128 0
666 128 0
667 128 0
670 128 0
672 128 1
673 128 0
675 128 0
676 128 1
677 67 0
677 91 0
678 128 0
679 110 0
679 128 0
683 45 1
683 555 0
686 128 0
687 128 0
689 506 0
689 664 0
690 128 0
691 128 0
695 128 0
695 614 0
697 128 0
702 128 0
703 128 0
706 128 0
707 128 0
708 128 0
709 128 1
710 128 0
711 128 1
715 128 0
716 128 0
719 128 0
720 128 1
722 128 0
723 128 0
725 128 0
726 128 0
729 128 0
730 128 0
730 153 0
730 551 0
731 128 1
731 229 0
731 522 1
731 445 0
732 128 1
734 128 1
735 110 0
735 128 0
735 679 1
737 128 0
740 128 0
741 128 1
743 128 1
744 128 0
745 128 0
746 128 0
747 128 0
748 128 0
749 128 1
750 116 0
750 128 0
750 463 0
751 128 0
752 128 0
754 161 0
754 240 0
755 128 0
756 128 0
759 128 0
760 128 0
761 128 0
762 128 0
763 43 0
763 128 0
763 140 0
765 128 1
766 23 0
766 128 0
766 326 0
769 128 0
772 128 0
773 128 1
774 128 0
776 128 0
777 128 0
779 128 0
780 128 1
784 128 0
785 128 1
785 614 0
785 695 0
785 17 0
789 128 1
790 128 0
793 81 0
793 652 1
796 128 0
797 128 0
798 128 0
799 128 0
