0 277 1
277 127 1
277 518 1
277 6 0
277 397 1
277 382 1
277 255 1
277 742 1
277 310 1
277 782 0
277 711 1
277 295 1
277 286 1
277 637 1
277 197 1
277 767 1
2 277 1
3 277 1
5 277 1
5 189 1
5 575 1
6 442 1
6 621 1
442 277 1
442 629 1
442 563 0
621 442 1
621 629 1
621 563 1
7 277 1
10 277 1
11 277 1
12 277 1
13 449 1
13 501 1
13 388 0
449 277 1
449 501 0
449 388 1
14 277 1
15 46 1
15 277 0
46 277 1
16 277 1
18 277 1
19 322 1
19 747 0
19 670 0
322 747 1
322 670 1
747 277 0
20 75 1
75 277 0
75 637 1
22 535 1
24 277 1
24 388 1
24 509 1
388 277 1
25 277 0
27 277 0
29 277 1
30 41 1
30 277 1
30 328 1
41 277 1
328 41 0
31 277 0
32 277 0
33 277 1
34 277 1
35 277 0
36 277 1
36 475 1
36 677 1
475 677 1
677 277 1
37 277 1
38 277 1
39 277 0
42 277 1
42 619 0
43 105 1
43 277 0
105 277 1
44 277 1
47 277 1
48 277 1
49 277 1
50 277 0
51 277 0
52 97 0
52 277 1
53 277 1
54 277 1
54 605 1
605 277 0
605 295 1
55 277 1
56 277 0
57 273 1
57 277 0
57 42 1
58 277 0
59 208 1
59 392 1
392 208 1
392 277 1
60 277 1
61 253 1
61 439 1
253 277 1
253 439 1
253 382 1
439 277 1
62 277 1
63 564 0
564 277 1
67 135 1
67 277 1
67 467 1
67 378 1
467 135 1
467 378 1
69 379 1
379 277 1
379 782 1
379 197 1
70 277 1
71 277 1
72 277 1
73 671 1
671 277 1
76 293 0
76 624 0
76 277 1
293 277 1
293 624 0
624 277 1
78 277 1
80 277 0
81 277 1
82 277 1
82 509 1
82 705 0
82 629 1
509 277 1
509 705 1
705 277 0
705 629 1
84 277 1
85 277 0
85 286 0
85 692 0
85 637 1
286 277 1
286 692 1
86 277 1
87 277 0
90 277 1
92 277 1
92 6 1
93 277 1
94 277 1
95 277 1
99 277 1
100 277 1
102 277 1
103 277 0
104 277 1
106 42 1
106 619 1
109 277 1
110 277 0
111 63 1
111 564 1
112 277 1
114 277 1
115 277 1
115 388 1
115 286 1
116 277 1
119 277 0
120 277 1
121 277 0
122 277 0
122 374 1
122 493 1
493 277 0
493 374 1
125 277 1
128 277 1
128 645 1
128 716 1
645 716 0
716 277 0
129 277 1
130 277 1
130 455 1
130 407 0
455 277 1
131 277 1
132 277 1
133 277 1
136 277 0
137 277 0
138 277 1
140 277 1
140 338 0
140 647 1
338 647 1
647 277 1
141 277 1
142 277 1
143 277 1
144 277 1
145 277 1
148 52 1
148 97 1
150 277 0
151 164 1
151 277 1
164 277 1
153 277 1
154 277 1
155 277 1
156 277 0
158 277 1
159 416 1
159 547 1
416 277 0
416 687 0
416 373 1
416 575 1
416 278 1
547 277 0
547 416 1
547 687 1
547 373 0
547 575 0
547 278 1
160 277 1
160 368 1
160 714 1
368 277 1
368 714 1
161 277 1
162 277 1
162 687 1
162 15 1
162 590 0
163 277 1
166 277 1
168 277 1
169 277 1
170 277 0
171 194 0
171 277 1
171 568 1
194 277 1
568 194 1
568 277 1
172 617 1
172 767 0
767 277 1
767 617 1
173 54 1
173 605 1
174 277 1
174 531 1
531 277 0
175 277 1
176 277 1
177 277 1
178 277 1
179 277 1
181 277 1
182 277 1
183 92 1
183 277 0
183 288 1
288 92 1
288 277 1
184 174 1
184 277 1
184 531 1
185 577 1
185 693 0
577 277 1
577 693 1
186 277 1
187 277 1
188 277 1
189 66 1
189 277 0
195 179 1
195 277 1
195 604 1
195 767 1
604 179 0
604 277 0
604 767 1
196 277 1
197 83 0
197 721 1
83 203 1
721 83 0
721 277 1
721 203 1
198 130 0
198 277 1
198 455 1
198 407 1
198 767 1
199 277 0
200 277 1
201 24 1
201 277 1
201 388 1
201 509 1
202 277 1
202 278 1
203 277 1
203 273 1
204 277 0
207 277 1
209 522 1
210 277 1
210 378 1
210 661 1
661 378 0
212 277 0
213 277 1
213 536 1
213 775 0
536 277 1
536 775 0
775 277 0
214 277 1
215 277 1
216 277 0
218 277 1
218 397 0
218 711 0
219 584 1
219 651 1
584 277 1
584 651 1
220 277 1
221 277 1
222 277 1
223 277 1
224 277 1
226 277 1
228 277 1
229 277 1
230 68 0
230 277 1
230 422 1
422 68 0
232 277 0
233 277 1
235 277 1
236 277 0
237 277 1
237 742 1
238 218 1
238 277 1
239 277 1
240 277 0
240 518 1
240 286 1
241 277 1
243 277 1
244 277 0
245 277 1
246 277 0
247 277 1
249 277 1
250 277 0
251 277 1
252 277 1
254 291 0
254 712 1
291 712 0
712 277 1
255 151 1
255 164 1
255 277 1
256 277 1
257 20 1
257 75 1
257 637 1
258 277 1
259 5 1
259 277 0
259 759 0
259 742 1
259 189 1
259 575 1
759 5 1
260 277 1
261 277 0
262 277 1
264 277 1
266 277 1
267 277 1
268 277 1
269 157 1
269 277 1
269 673 1
673 157 0
270 277 1
271 277 1
272 277 1
274 277 0
275 277 1
280 277 1
283 277 1
285 277 1
287 277 1
289 277 1
290 277 1
292 277 1
294 277 1
295 43 1
295 105 1
295 277 1
298 277 1
300 277 1
301 277 1
302 277 0
306 277 0
307 277 1
307 720 0
720 277 1
308 277 1
309 277 1
310 398 1
310 546 0
398 277 1
398 615 1
546 277 1
546 398 0
546 615 1
311 277 0
312 447 1
312 727 1
447 277 1
727 447 1
314 277 1
315 277 0
316 277 1
318 277 0
319 277 1
320 277 0
323 277 1
324 277 1
325 277 1
325 397 1
325 409 1
325 590 1
397 277 1
397 409 1
409 590 1
326 277 1
327 277 1
329 277 1
330 277 1
331 277 1
334 277 1
335 277 1
336 277 1
339 277 1
340 22 1
340 277 1
340 535 1
341 277 1
344 277 1
346 277 1
347 277 1
347 462 1
347 528 1
528 277 1
528 462 0
348 277 1
348 324 1
351 277 0
352 277 1
353 277 1
354 277 1
355 203 1
355 277 0
355 657 1
355 670 1
355 623 1
657 203 1
657 277 1
657 670 1
657 273 1
657 623 1
356 277 1
357 782 1
782 277 1
358 277 1
359 277 1
359 751 1
751 277 1
361 277 1
362 277 1
362 324 1
362 348 1
363 214 1
365 277 1
366 277 1
371 202 1
371 277 0
371 278 0
372 277 1
372 502 1
372 766 1
502 766 0
766 277 1
373 26 1
373 277 1
26 277 1
376 277 1
381 277 0
382 277 0
382 537 1
382 760 0
537 277 0
537 760 1
537 5 1
760 277 1
760 5 1
383 218 0
383 238 1
383 277 0
385 277 0
386 277 0
387 277 0
389 277 1
390 267 1
390 277 0
390 715 1
715 267 1
394 277 1
394 562 0
396 277 1
400 277 1
403 277 1
404 277 1
407 277 1
407 786 1
407 796 1
786 277 1
796 786 1
408 277 1
410 277 1
412 277 0
413 277 1
414 277 1
415 277 1
417 277 1
418 277 1
420 277 1
424 277 1
425 277 0
426 277 1
427 115 1
427 277 0
427 388 1
428 277 1
429 277 0
430 277 1
431 277 1
432 215 0
432 277 0
432 571 0
432 518 1
571 215 0
571 277 1
433 162 1
433 277 1
433 687 1
433 15 1
433 590 1
434 277 0
435 277 1
436 277 1
436 687 0
436 771 1
436 286 0
687 277 1
687 771 1
771 277 1
771 255 1
437 277 1
441 277 1
443 277 1
444 277 1
445 277 1
446 277 0
446 603 1
446 768 1
603 277 1
603 768 0
768 277 1
451 277 1
452 277 0
456 169 1
456 497 1
497 169 1
497 277 1
457 394 0
457 562 1
458 277 1
459 277 1
460 277 0
464 277 0
468 277 1
470 277 1
471 383 1
472 277 1
473 115 0
473 427 0
473 286 1
476 277 1
477 277 1
478 277 1
479 277 1
480 26 1
480 277 0
480 373 1
481 277 1
482 277 1
483 277 1
484 277 1
485 101 1
485 277 1
486 73 1
486 277 1
486 671 1
487 277 1
489 277 1
490 277 1
491 277 1
492 277 0
494 277 1
494 307 1
494 720 0
495 277 0
495 534 0
534 277 1
496 277 1
498 694 0
498 722 1
498 215 1
694 277 1
722 277 1
722 694 1
722 215 1
499 277 1
503 277 0
504 277 1
505 277 1
507 277 1
508 188 1
508 277 1
513 277 1
514 277 1
516 277 0
517 277 1
518 277 1
518 670 1
518 746 1
670 277 1
670 439 1
746 277 1
746 670 0
746 439 0
519 277 1
520 277 1
521 277 1
524 277 1
525 277 1
525 554 1
554 277 1
554 694 1
526 277 1
527 277 1
530 277 1
532 277 1
533 277 1
538 57 0
538 273 1
538 277 1
538 42 1
540 277 1
540 644 1
540 772 1
772 277 1
772 644 1
541 277 1
542 277 1
543 277 1
544 277 0
548 277 1
551 277 1
552 277 1
553 277 0
557 277 0
557 481 1
557 610 1
610 277 1
610 481 1
558 127 1
558 277 1
559 277 1
563 162 0
563 277 1
563 433 1
565 277 0
566 188 0
566 508 1
567 277 1
570 7 1
572 277 1
573 277 1
575 237 1
575 277 1
576 277 1
578 277 0
580 277 1
581 277 1
582 277 0
583 277 1
586 277 1
587 277 1
590 214 1
590 277 1
590 363 0
591 277 1
592 277 1
593 277 0
593 495 1
593 534 1
594 277 1
595 277 1
596 277 1
598 277 1
599 277 1
600 277 0
601 277 1
601 632 1
632 277 1
602 277 1
602 654 1
654 277 1
606 277 1
607 277 1
608 277 0
611 292 0
611 637 1
637 292 1
612 277 1
613 357 0
613 782 1
614 277 0
615 277 1
615 359 1
615 751 1
616 277 1
618 277 1
620 277 1
622 277 0
623 601 1
623 632 0
625 277 0
626 277 0
627 277 1
628 277 1
629 69 0
629 277 1
629 379 0
630 277 1
635 240 1
635 277 1
635 706 1
706 240 1
706 277 1
706 518 1
706 286 1
636 277 1
639 277 1
641 277 0
642 277 1
649 277 1
650 277 0
652 277 1
652 308 1
652 397 1
653 237 1
653 277 1
653 575 1
653 310 1
655 277 1
656 277 1
656 367 0
658 277 0
660 277 0
662 277 1
664 277 1
665 124 1
666 367 1
666 656 1
668 277 0
669 277 1
672 277 1
675 124 1
675 277 1
675 665 0
678 277 1
681 277 0
683 277 1
684 277 1
688 277 1
688 711 0
688 769 1
688 590 1
711 277 1
711 769 1
769 277 1
769 590 1
689 277 1
690 277 1
691 277 1
695 277 1
696 277 0
698 277 1
702 277 1
703 277 1
708 277 1
709 277 1
710 277 0
718 277 1
719 277 1
723 277 1
725 277 0
728 277 1
729 209 1
729 277 1
729 522 0
730 277 1
731 277 0
732 277 0
733 277 1
734 277 1
738 277 0
739 277 1
740 277 1
741 277 0
742 277 0
742 602 0
742 654 0
743 277 1
744 277 1
745 277 1
748 15 0
748 46 1
749 277 0
749 308 1
749 652 1
750 277 1
753 277 1
754 277 1
755 277 0
756 277 1
758 277 0
762 277 1
763 101 1
763 277 1
763 485 0
765 277 1
773 277 1
776 277 1
777 277 1
778 277 1
779 277 1
779 525 0
779 554 1
779 694 1
783 277 1
787 277 1
789 277 0
790 277 1
791 277 1
793 66 1
793 189 1
794 277 1
795 277 1
797 277 1
799 277 1
