1 291 0
1 311 0
291 429 1
291 804 1
291 860 0
291 605 0
291 17 0
291 462 0
291 39 0
291 390 1
291 829 0
291 684 0
291 245 1
291 207 0
291 52 0
291 704 1
291 814 0
291 779 0
291 454 0
291 87 1
291 614 0
291 470 1
291 503 0
291 78 0
291 175 0
291 551 0
291 709 0
2 291 1
3 291 0
4 291 0
5 291 1
7 291 0
8 291 0
9 291 1
10 291 0
11 291 0
12 291 1
13 462 0
13 454 1
462 291 1
14 291 0
14 917 0
15 291 0
16 291 0
17 291 0
18 22 0
18 291 0
22 291 0
19 163 0
19 291 0
19 874 0
19 278 0
19 551 0
163 291 1
163 874 0
874 278 0
26 291 1
27 291 0
27 832 0
27 52 0
32 291 0
33 291 1
34 291 1
35 291 0
36 291 0
38 291 0
39 291 1
39 706 0
706 291 0
43 291 0
44 291 0
45 87 1
45 291 1
45 356 0
87 291 0
356 87 0
356 291 0
46 291 1
47 291 0
48 291 0
48 804 0
48 454 0
49 291 0
51 291 0
52 291 1
52 522 0
522 291 1
53 405 0
405 291 0
54 291 0
55 222 0
55 291 0
55 383 0
222 291 0
383 222 0
57 291 1
58 251 0
58 291 0
58 681 0
251 681 0
681 291 0
60 291 0
60 664 0
664 922 0
61 291 0
62 291 0
64 291 1
65 291 0
66 114 0
66 291 0
114 291 0
67 291 0
67 344 0
70 291 0
71 291 0
72 291 0
72 482 0
72 922 0
72 973 0
482 291 1
482 922 0
482 973 0
922 291 0
73 82 0
73 291 0
73 790 0
82 291 0
790 82 0
790 291 0
74 287 1
74 539 0
287 539 0
539 291 0
76 291 0
77 291 1
78 291 0
79 291 0
83 110 0
110 291 0
110 614 0
84 291 0
85 291 0
86 291 1
89 291 0
91 123 0
91 164 0
91 291 0
123 164 0
123 291 1
164 291 1
92 291 1
93 291 0
94 291 0
95 291 0
97 291 0
99 258 0
99 499 0
258 499 0
499 291 0
100 183 1
100 724 0
183 724 0
101 291 0
105 291 0
106 291 1
107 291 0
108 291 1
109 291 0
111 291 0
111 818 0
818 291 0
818 78 1
112 291 0
115 291 0
115 807 0
115 817 0
817 291 0
817 807 0
116 291 0
117 291 0
118 291 1
118 511 0
119 291 0
120 291 0
121 291 1
125 291 1
126 291 1
128 291 0
130 291 0
131 291 0
132 291 0
133 291 0
134 291 0
134 685 0
134 878 1
878 685 0
136 291 1
136 994 1
137 291 0
138 291 0
140 291 0
141 291 0
142 291 1
143 291 0
144 238 1
144 291 0
144 938 0
144 605 0
144 606 0
238 291 0
938 238 1
938 291 0
938 606 0
146 291 1
148 291 0
148 87 0
149 291 1
153 291 0
154 291 0
155 291 0
156 291 0
157 390 1
157 989 0
157 114 0
390 291 0
989 291 0
989 390 1
989 114 1
158 291 1
159 291 0
160 291 0
162 291 0
165 291 1
168 291 0
168 621 0
168 661 1
621 291 0
621 661 0
661 291 0
169 291 0
169 352 0
352 291 0
170 291 0
171 291 0
172 291 0
173 13 0
173 291 0
173 462 0
173 454 0
174 291 1
175 33 1
175 473 0
473 33 0
473 291 0
177 291 0
178 44 0
178 291 1
180 0 0
180 291 0
180 513 0
513 0 0
513 291 0
182 207 0
207 291 0
184 36 0
184 291 0
184 990 0
184 134 0
184 87 0
185 291 0
186 291 1
187 291 0
188 291 0
189 291 0
190 291 0
192 805 0
805 291 0
193 291 0
194 291 0
196 169 1
196 291 0
196 352 0
197 291 0
198 291 1
200 291 0
202 291 0
205 78 0
205 233 0
205 291 0
233 78 1
233 291 1
206 291 1
209 291 0
209 784 0
209 790 0
209 679 0
784 790 0
784 679 0
210 291 0
213 531 0
213 793 0
531 291 0
531 793 0
531 519 0
793 291 0
793 519 0
214 291 0
217 291 1
219 291 0
220 291 0
221 291 0
223 229 1
223 291 0
223 423 0
423 229 0
224 291 0
226 291 1
228 291 0
231 291 0
232 291 0
232 445 0
445 291 0
235 291 1
237 291 1
239 291 1
241 291 0
242 291 0
243 291 0
243 551 0
243 895 0
243 388 0
551 291 0
551 895 1
895 291 0
895 388 0
244 291 0
245 291 0
245 760 0
760 291 0
760 78 1
248 291 0
249 291 0
250 783 0
250 795 1
795 783 1
252 291 0
259 291 0
260 291 0
261 291 0
262 291 0
263 291 0
265 291 1
266 291 0
267 192 1
267 291 0
267 805 0
267 684 0
268 148 0
268 291 0
268 614 0
268 779 0
614 148 0
614 291 0
270 291 0
271 88 0
274 291 0
275 291 0
276 291 0
277 291 0
278 291 0
278 627 0
627 291 0
279 291 0
281 291 0
281 461 0
281 943 0
461 291 0
461 943 1
943 291 0
282 232 0
282 291 0
282 445 0
283 291 0
284 86 0
284 291 0
284 516 0
516 86 0
516 291 0
285 321 1
285 873 0
321 291 1
873 321 0
286 291 0
288 291 0
289 291 0
289 388 0
289 607 0
388 291 0
607 388 0
290 291 0
429 390 1
429 779 1
292 291 0
293 291 0
294 291 0
295 291 1
296 291 0
296 371 0
296 858 0
858 371 0
297 291 0
298 291 0
299 554 1
554 291 1
300 291 1
302 291 1
305 291 1
306 291 0
307 622 0
622 291 0
308 291 0
310 291 0
312 291 0
313 291 0
315 150 0
315 291 0
315 223 0
150 223 0
318 291 1
322 693 1
693 291 0
325 291 1
326 291 0
327 291 0
328 676 0
329 291 0
331 291 0
332 291 0
332 549 0
333 291 0
335 291 0
335 555 0
335 925 0
925 291 1
925 555 0
336 291 1
336 805 0
337 291 0
338 291 0
338 620 1
338 929 0
620 291 0
620 929 0
929 291 0
339 137 0
339 291 0
341 291 0
342 291 0
343 291 1
345 291 0
346 291 0
348 291 1
349 249 0
353 291 0
354 291 0
354 479 0
354 625 0
354 704 1
479 291 0
625 479 0
357 291 0
358 291 0
360 291 0
362 291 0
364 291 0
367 291 1
367 404 1
367 651 0
404 291 1
404 175 0
651 291 1
651 404 0
368 291 0
370 291 0
372 291 1
373 291 1
374 291 0
375 291 0
382 291 0
384 291 0
384 336 0
384 712 0
384 805 0
384 709 0
712 291 0
712 336 0
385 291 0
387 291 1
389 291 0
391 291 0
392 291 0
392 426 0
392 900 1
426 900 1
393 291 0
394 291 0
395 291 1
398 291 0
399 291 0
400 152 0
400 291 0
400 901 0
400 549 0
152 549 0
901 152 0
401 291 1
402 291 0
403 278 0
403 291 0
403 627 0
406 182 0
406 207 0
406 291 0
408 53 0
408 291 0
408 405 0
409 291 0
413 786 0
414 291 0
415 291 0
418 291 0
419 291 0
421 291 0
422 291 0
424 893 0
893 291 0
425 291 0
427 291 1
428 291 0
430 291 0
431 38 0
431 831 0
831 38 0
831 291 0
432 291 0
432 704 0
432 811 1
432 39 0
704 291 0
704 811 1
811 291 0
433 291 0
434 291 0
435 291 0
436 291 0
438 291 0
438 245 0
439 145 0
440 291 0
441 291 0
442 291 0
442 519 1
442 715 0
519 715 0
715 291 0
443 291 0
444 291 0
446 291 0
447 291 0
448 291 0
449 291 1
450 291 0
451 291 0
452 291 0
453 291 0
454 291 1
454 293 0
454 547 0
547 291 0
547 293 0
455 291 0
456 291 0
457 291 0
458 291 0
458 973 1
458 866 0
973 291 1
459 291 0
463 571 0
571 291 0
464 181 1
464 291 0
465 291 1
466 291 0
467 291 0
468 291 0
469 291 1
470 291 1
470 636 0
470 842 0
636 291 0
636 842 0
636 207 0
636 661 0
636 245 1
842 291 1
842 661 0
471 291 0
472 291 1
472 720 0
472 863 1
472 45 1
472 207 0
720 45 1
720 207 0
863 291 0
863 720 0
475 291 0
476 802 1
802 291 0
480 291 0
481 291 0
483 291 0
484 291 0
485 291 0
486 291 0
488 291 1
489 291 0
490 291 0
492 291 0
493 291 0
493 424 0
493 893 0
494 1 0
494 311 1
495 291 0
496 291 0
497 463 0
497 571 1
498 291 0
500 291 0
502 291 0
503 827 0
827 926 1
504 572 0
504 841 0
504 278 0
841 291 0
841 572 0
841 278 1
505 291 0
506 291 1
507 291 1
508 291 0
509 291 0
509 666 0
666 291 0
666 462 1
666 829 0
510 291 0
511 291 0
512 181 0
512 291 0
512 464 0
515 291 0
518 291 1
520 291 1
521 17 0
521 291 0
523 291 0
524 291 1
525 291 1
527 291 0
528 291 0
529 291 0
529 511 0
529 731 0
529 860 0
731 511 0
533 291 1
534 291 0
534 438 0
534 903 0
903 291 1
903 438 0
535 291 0
536 291 0
536 582 1
536 600 0
536 503 1
582 291 0
600 291 0
600 582 0
600 462 1
537 291 1
538 228 0
538 316 1
538 673 0
673 291 0
673 316 0
540 291 0
542 291 0
543 249 0
543 291 0
543 349 0
544 291 0
544 662 0
544 958 0
662 291 0
662 958 0
958 291 0
958 17 0
545 291 0
546 291 0
548 960 0
960 291 1
960 499 0
549 67 0
549 291 0
549 344 0
550 414 0
550 904 0
904 291 0
904 414 0
552 291 0
553 947 0
947 291 0
556 291 0
558 291 0
560 291 0
561 291 1
562 291 0
564 291 1
565 186 0
565 890 0
890 186 1
890 291 0
566 291 0
567 291 0
569 291 0
573 291 1
574 291 0
575 291 0
576 291 1
578 291 0
579 291 1
580 291 0
580 767 1
580 861 0
861 291 0
861 767 0
581 291 0
581 774 1
581 39 0
774 291 0
583 291 0
584 137 0
584 291 0
584 339 0
585 291 1
586 48 0
586 605 0
605 48 0
605 291 1
588 118 0
588 511 0
589 291 0
591 291 0
592 291 0
593 88 1
593 271 1
593 291 0
594 36 0
594 184 0
594 291 1
594 990 1
594 134 0
595 291 0
598 291 0
599 291 1
601 291 1
602 201 0
602 618 0
602 922 0
201 922 0
618 201 0
618 291 0
603 291 1
606 248 0
606 291 0
606 977 0
977 248 0
977 291 1
608 291 0
609 291 0
610 291 0
611 60 0
611 664 0
611 922 1
612 291 0
612 553 0
612 947 0
613 332 0
613 669 0
613 549 0
669 332 0
615 291 0
619 291 0
623 291 0
626 291 0
628 291 0
629 291 0
630 291 0
631 291 0
632 291 0
633 14 0
633 917 0
634 291 0
638 291 0
640 291 0
641 291 0
642 291 0
645 291 1
646 291 0
648 291 0
649 291 0
653 291 0
653 413 1
653 786 0
655 291 1
656 291 0
658 291 0
659 291 0
660 291 0
663 291 0
665 291 0
667 291 0
668 291 1
668 581 0
668 774 1
668 39 1
670 291 1
671 291 0
672 291 0
675 291 1
677 291 0
678 291 0
679 118 0
679 291 0
679 588 0
682 291 0
683 291 0
684 136 1
684 994 0
686 241 0
686 291 0
688 291 0
690 291 1
691 291 1
692 245 0
692 760 0
694 291 0
694 791 1
694 816 1
694 111 0
816 791 0
816 111 0
695 291 0
696 291 0
697 291 0
698 291 0
699 291 0
700 291 0
701 291 0
702 291 0
705 291 1
707 291 0
709 291 0
709 360 0
711 291 0
711 509 0
711 666 0
713 17 0
713 521 0
714 291 0
714 476 0
714 802 0
716 291 0
717 291 1
718 291 1
719 291 1
721 291 0
722 209 0
722 291 0
722 784 0
725 291 0
726 291 0
727 291 0
728 291 0
729 291 0
732 291 1
733 291 0
734 291 0
736 291 0
737 291 0
738 291 0
739 291 0
741 291 0
742 291 0
743 291 0
746 291 0
747 291 0
747 458 0
747 973 0
747 866 0
748 291 0
750 291 0
751 83 0
751 110 0
751 291 1
752 291 0
754 26 0
754 291 0
754 866 0
866 26 0
866 291 0
755 291 0
755 309 0
755 821 1
821 291 0
821 309 0
756 291 0
762 291 1
763 291 0
763 503 0
763 827 0
763 926 0
764 291 0
769 291 1
771 291 0
772 291 0
773 291 0
775 291 0
775 328 0
775 676 0
776 291 0
777 291 0
778 291 0
779 27 0
779 291 0
779 832 0
780 291 0
782 291 0
785 291 0
787 291 0
789 291 0
797 291 0
798 291 0
800 860 0
860 291 1
801 291 0
804 291 0
809 291 0
812 291 1
813 291 0
814 150 0
814 291 0
814 315 1
815 291 0
819 291 0
820 291 0
820 888 0
820 982 0
982 888 0
822 291 0
823 291 0
824 291 0
825 291 0
825 548 0
825 960 1
825 499 0
828 18 0
828 22 0
829 44 0
829 178 0
829 291 0
830 804 0
830 834 0
834 291 1
834 804 0
835 291 0
836 291 0
837 66 0
837 114 0
839 291 0
840 291 0
843 291 0
844 291 0
846 291 0
847 291 0
848 291 1
848 393 0
848 926 0
926 393 0
849 111 0
849 291 1
849 818 0
849 78 0
850 291 0
852 291 0
853 291 0
854 291 1
855 291 0
856 291 1
857 241 0
857 686 0
865 291 0
868 291 1
872 291 0
875 291 1
877 291 0
882 291 0
883 291 0
884 39 0
884 291 0
884 706 0
885 291 0
887 291 0
889 291 0
889 800 0
889 860 0
891 56 1
891 951 1
951 56 0
951 291 0
892 291 0
894 362 0
896 291 0
897 291 0
898 291 0
905 291 1
908 291 0
910 291 0
910 429 0
911 291 1
912 291 0
913 291 0
914 291 1
918 291 0
919 291 0
920 291 0
924 291 1
934 291 0
935 291 0
936 291 0
937 291 0
937 745 1
939 291 0
940 291 0
941 291 0
942 291 1
944 291 0
945 291 0
946 291 0
948 291 0
949 291 0
950 291 0
952 291 1
953 291 0
953 360 0
953 709 0
953 814 0
953 470 0
954 291 1
954 739 0
955 291 0
956 291 0
957 291 0
961 291 0
962 291 0
964 145 0
964 291 0
964 439 1
966 291 1
968 291 0
969 291 1
970 291 0
971 291 0
972 291 0
979 291 0
980 291 1
981 291 0
983 291 0
984 739 1
984 954 0
986 291 0
987 749 0
987 991 0
991 291 0
991 749 0
988 291 0
990 52 0
990 522 0
992 291 0
993 291 0
995 291 0
995 745 1
995 937 0
996 291 1
997 291 0
