1 69 1
1 111 0
1 84 1
69 132 0
69 104 0
69 62 1
69 84 1
69 22 0
69 94 1
69 53 1
69 21 0
69 163 1
69 6 1
69 61 1
111 69 1
2 62 1
2 144 1
2 71 0
144 62 0
144 69 1
144 71 1
4 84 0
84 69 1
6 48 0
6 177 0
48 69 0
48 151 0
48 183 0
48 38 0
177 48 0
177 69 1
177 168 0
177 151 0
177 183 1
177 38 1
7 69 1
8 5 0
8 53 0
53 5 0
53 69 1
9 69 1
11 69 0
12 147 1
12 79 0
12 163 0
147 79 0
147 163 1
13 69 1
14 57 1
14 150 0
57 62 1
57 174 1
57 101 0
150 57 1
150 62 1
150 174 0
150 101 0
17 7 1
19 74 0
19 163 1
74 69 0
163 69 0
163 74 0
20 69 0
20 129 1
129 69 0
129 183 1
21 69 0
21 109 0
109 158 0
22 153 1
153 69 1
25 79 0
25 187 0
25 84 0
25 69 1
79 69 1
79 187 1
187 69 1
187 84 0
27 32 1
27 104 1
27 14 0
27 79 0
27 20 0
32 104 0
32 14 1
32 79 1
32 20 0
28 22 0
28 153 0
28 69 0
29 178 0
29 190 1
29 167 0
178 190 1
178 167 0
33 69 0
33 100 0
33 117 0
117 69 1
117 100 1
34 4 0
34 84 1
36 61 1
36 69 0
36 81 0
36 79 1
36 151 1
61 69 1
81 61 1
81 69 0
81 79 1
81 151 0
37 69 1
39 69 0
39 145 0
39 154 0
145 154 0
145 45 0
145 69 0
154 69 0
154 45 1
154 53 0
154 61 0
41 43 1
41 69 0
41 172 1
172 43 1
172 69 0
44 18 0
44 49 0
49 18 0
45 160 1
160 167 1
47 69 0
51 20 0
51 129 0
51 183 1
52 83 1
83 69 1
83 104 0
83 6 0
54 69 1
55 69 1
56 69 1
56 72 0
56 82 1
56 183 1
56 179 1
72 69 0
72 82 0
72 183 0
72 179 1
58 69 0
58 171 0
60 69 0
63 0 1
63 69 1
0 149 0
0 38 0
64 69 1
66 13 1
66 69 0
66 173 1
66 94 0
173 13 0
67 69 0
132 62 0
71 69 0
73 69 1
73 22 1
73 21 1
73 163 0
76 69 0
85 64 1
85 69 1
86 68 1
86 69 0
88 38 1
88 138 0
88 71 1
88 163 0
138 38 0
138 71 0
138 163 0
92 45 0
92 160 1
92 167 1
94 1 1
94 69 0
94 111 1
95 30 1
95 69 0
30 69 0
96 58 0
96 171 0
97 0 0
97 63 1
97 149 1
97 38 1
99 69 1
101 69 0
101 132 1
106 69 0
107 69 0
108 69 1
110 12 1
110 147 0
112 69 1
112 136 1
112 72 1
112 149 0
112 151 0
112 38 0
113 69 1
114 69 1
115 7 1
115 17 0
116 68 1
116 69 0
116 86 0
118 103 1
118 183 0
118 7 1
119 69 0
121 69 0
122 71 0
122 193 1
193 71 0
124 69 1
124 194 1
124 62 0
194 69 1
125 114 1
127 69 1
128 76 0
133 69 1
134 167 1
134 180 1
134 45 1
134 94 0
134 103 1
180 69 1
180 167 0
180 45 1
180 94 0
180 103 0
135 114 0
135 125 0
137 179 0
137 6 1
139 69 1
139 137 0
139 179 1
139 6 1
143 91 1
143 195 0
91 69 1
195 69 1
195 91 0
149 69 1
149 73 0
151 30 0
151 95 1
155 21 1
155 109 1
155 158 0
156 69 0
158 29 0
158 178 1
164 69 1
168 69 0
169 152 0
169 167 1
152 167 1
170 69 1
174 164 1
175 69 0
175 76 1
175 128 0
181 164 0
181 174 0
182 69 1
183 69 0
183 124 1
183 194 1
184 69 1
184 112 1
184 136 1
184 72 1
184 149 0
184 151 1
184 38 1
186 69 1
188 103 1
188 118 1
188 183 0
188 7 0
190 52 1
190 69 0
190 83 1
191 73 1
191 149 0
196 152 1
196 169 0
199 69 0
