1159 1136
1543 1604
1325 527
807 2074
1563 828
2260 905
2150 2330
1930 311
2014 2402
2444 1338
710 1161
1218 1655
1700 2437
140 1015
1514 2125
891 990
694 2283
2174 912
689 45
1359 2470
659 2018
357 274
1158 1603
506 2346
2503 1681
1637 456
1548 1039
1623 586
2488 2508
75 2522
2229 1149
2478 115
1025 40
790 593
1420 984
2360 135
2290 2514
816 969
1048 991
2225 117
2187 860
1581 2470
401 902
1955 609
1996 145
675 1533
1 2487
1491 312
2099 372
1944 1412
2349 59
2223 1488
249 1842
2316 844
1574 753
844 2143
98 1489
1725 806
1602 925
1257 1761
936 1279
2079 1188
984 999
363 1343
440 327
1615 1177
497 17
2324 443
2513 846
518 2116
1748 2086
1433 2294
115 415
584 372
530 213
2373 2230
1106 1330
640 2406
2167 726
1269 2321
1048 2437
1789 545
751 476
448 1968
2242 1828
436 732
915 1038
2048 169
1219 1088
1218 443
956 882
2106 1627
179 1227
1047 1423
1295 1905
2147 391
2289 2425
1286 1420
1390 1420
314 1401
331 221
798 560
1407 402
926 103
1798 1862
410 1943
604 436
145 1181
1633 2152
789 1214
771 1847
1719 2098
2242 533
2362 1392
2482 240
1280 1478
905 1851
1787 523
179 570
1673 984
2400 360
934 1145
155 591
2260 544
884 2021
1915 1202
2349 1488
1489 1352
1258 1387
805 398
1432 1730
738 833
303 499
458 937
1107 2499
1502 1355
139 910
750 101
1342 1992
1902 2380
103 2408
1146 602
1905 421
65 359
892 961
2468 2036
80 2051
1315 737
1514 1416
1335 1805
1771 426
1162 2468
818 1296
1543 1340
1977 812
664 803
1930 1923
1748 2182
1527 1745
1799 411
2522 845
2338 2336
2261 1721
1760 36
5 2372
1181 2361
1198 1308
599 2021
1475 1003
941 1256
1439 244
282 2283
1207 1035
406 1747
550 1791
1859 1808
949 1484
96 1672
1853 720
1946 10
2144 1209
179 702
215 1038
214 812
837 1537
1878 2177
708 1153
1512 1392
1461 1219
2103 1041
1130 1210
485 1266
858 606
1656 1199
1820 949
477 301
1387 636
1824 426
1350 778
459 118
884 1804
1273 2424
195 2388
2146 309
1293 29
900 153
2126 352
427 1884
1417 1112
224 910
56 2094
1973 717
69 1868
353 1522
2254 2303
2362 1906
1244 701
112 2063
1641 1116
2486 1016
854 1602
1387 431
994 1406
2188 2434
1746 1323
423 2467
1067 306
1583 861
294 2504
159 1795
779 1322
555 876
47 2394
94 580
2069 688
1966 687
1520 2276
388 1312
1987 299
2310 2313
355 1009
1713 1891
2506 605
133 1870
1807 86
1259 963
1998 622
26 1336
703 356
1726 2131
1791 1812
236 890
246 340
549 1118
1145 1899
1237 141
43 1146
2174 1676
132 1443
188 2422
181 103
1703 482
451 1250
339 1499
36 1956
32 85
1401 1168
1933 1242
499 1263
1882 1080
336 496
984 504
631 1507
1244 1423
941 1636
750 586
1792 909
925 2519
1126 1199
13 877
2041 814
2291 541
824 1646
2452 552
748 2297
1673 634
404 2367
1288 2189
757 1237
1877 1824
777 136
415 2213
70 1649
1107 1747
1926 278
1979 1938
331 1451
1593 2431
2084 2380
1268 1102
2029 227
1291 1062
63 691
1649 2513
2183 1935
85 1995
1622 1337
2365 1240
36 342
242 2197
2498 741
1589 711
1895 1897
2347 2007
1163 1299
1362 461
1194 512
1544 1116
1719 1906
2161 1453
1550 1365
1660 904
979 1483
205 474
2320 1206
137 1643
1461 457
199 724
159 2176
2003 519
2109 2396
1667 1031
2464 197
1833 2180
1885 233
768 259
2228 2113
168 442
1977 2467
161 1688
1464 928
914 86
2450 2085
1887 2213
157 876
1721 1960
648 1647
2141 1783
359 671
1764 1650
433 1554
549 358
1206 2400
1791 897
1155 1973
370 1656
499 343
967 2522
835 1687
1498 1145
2519 157
552 465
168 1815
2513 1428
1848 1338
467 296
2316 1777
105 1890
2213 1206
103 1832
965 212
1537 238
2016 813
1217 868
304 87
2515 1440
1123 706
838 1232
1786 1090
50 195
287 1335
676 1200
503 1065
2439 1422
214 1419
1924 664
1097 2121
2070 2473
626 240
676 609
2230 767
327 2049
2096 1919
1985 20
748 600
1942 1178
1155 2218
424 2489
757 1401
555 2404
2154 1817
1050 1585
1249 1029
89 1293
655 694
2265 904
877 2051
1746 1700
837 1302
654 1771
824 1075
867 709
55 1884
1540 1204
729 543
161 162
911 2191
1785 1654
216 1484
1885 900
2256 420
280 1161
407 1533
2365 655
2318 1431
2044 865
1038 411
831 504
697 126
2380 326
2386 151
2355 703
679 2477
1401 345
1829 1823
267 336
1888 1394
1377 992
1772 1208
893 111
597 1046
96 1968
1368 655
2194 639
2477 288
1825 394
901 1962
478 587
1450 1251
357 500
1960 895
697 2444
1552 1568
1800 1283
928 1220
1765 2235
1046 2479
950 2255
1560 1016
400 1548
88 1010
7 1455
2297 281
687 619
1608 406
1872 1575
1033 2196
1279 2337
1106 435
2152 2145
738 629
510 1730
1887 2130
197 1308
1394 2211
133 1295
387 1352
954 2353
855 2314
1830 1449
25 2445
2095 472
1572 151
1865 1557
346 2104
52 2062
1753 276
2147 446
2093 1218
301 715
313 557
2461 66
359 1584
1230 283
2264 1595
160 1555
1444 2297
469 1949
1145 617
1624 2109
558 774
74 1742
381 473
2199 1468
1234 1931
2078 1925
428 825
1502 125
445 1965
531 1020
1259 1323
1500 93
2049 1450
94 2517
416 1211
70 651
1683 971
680 1147
2328 1180
421 1146
1157 560
1568 1241
1691 119
1857 574
852 148
557 2249
327 1605
2427 2127
2101 976
2100 1267
1649 1294
2493 977
2191 1390
1679 1345
571 1694
1266 152
187 1299
2481 2294
1058 2437
353 590
2361 1353
1878 1422
780 2163
1350 2347
1869 616
2268 1459
542 808
2261 1423
1400 327
173 2227
685 1207
2025 1237
2208 400
1047 202
1523 251
1012 2236
2407 346
2161 1895
2322 175
577 2243
394 729
514 18
822 2425
1880 564
1518 685
763 2317
948 169
946 2396
1205 413
2119 1584
223 2444
1788 181
2046 483
830 1085
1338 1877
270 2381
605 1011
1246 511
828 975
1622 45
514 1279
768 823
622 600
2281 1539
2229 1794
1555 728
1906 630
316 197
873 6
1487 881
2248 1157
1818 662
830 1943
1207 1400
1763 185
360 1881
723 1297
2118 1859
1898 838
1942 1732
785 2016
663 411
2365 2506
2458 1482
81 1723
298 1083
846 2285
1672 72
1926 2061
1195 1056
1508 779
1187 1938
1916 1465
1189 1296
1476 1862
1479 642
1709 820
1461 2519
2029 575
2021 396
49 1829
959 2249
747 596
1452 2371
842 215
1289 667
2477 1530
1197 1243
1723 997
1382 1212
1929 488
2310 2170
2237 268
1062 128
815 529
563 1324
2408 621
2241 680
6 271
1416 1735
1697 426
949 2349
546 1364
2105 1997
488 401
1022 1507
836 551
2228 119
454 985
900 499
607 1505
404 555
137 1719
47 573
1075 1079
1473 2393
398 2307
2346 2339
577 1868
1403 1737
1579 7
1317 631
779 1465
609 45
1043 214
839 2294
573 2097
1051 1701
129 1705
1386 2192
1789 133
308 1139
829 358
1236 2119
1927 2138
688 368
1234 1591
228 823
2029 387
45 2089
2066 1081
1251 996
967 918
1175 1600
105 1119
433 596
1362 757
2282 229
513 1880
445 1207
2120 1036
2187 340
2018 909
1070 1968
2191 340
1114 502
1963 156
601 1861
2507 613
839 1141
1511 266
1251 1649
275 1379
1538 2160
2360 1696
980 1590
688 988
601 1976
1036 1334
247 67
1312 976
1841 1365
1920 57
334 2292
282 645
1434 2099
2015 1584
1554 26
2424 155
2457 1780
1503 2381
1994 2340
1488 1479
147 355
2516 1500
94 1282
536 2141
1680 1139
311 1303
533 2401
2324 842
1799 626
40 1170
259 836
1885 289
1310 1479
1358 988
955 195
1358 1112
724 180
1026 918
457 409
2420 299
2405 1180
206 35
250 615
2390 500
1452 475
808 19
2003 2135
168 2469
1475 234
535 2213
2238 1189
1612 1831
664 1618
554 1487
1792 2063
600 279
2469 2433
1101 1221
267 2151
614 2116
1218 1305
2349 1391
482 623
1958 415
272 1817
1440 2195
1146 19
747 1359
2071 1422
336 507
1880 73
1588 1621
1803 802
368 2449
1590 2294
2168 1154
2290 336
991 1070
2039 2119
2165 2194
1614 1094
84 1847
211 1890
1865 1458
2501 784
392 2272
1059 86
1827 2364
1497 2325
2040 1367
435 1729
1767 738
1867 1203
1087 994
2271 146
270 1318
2047 49
1513 2461
196 256
2236 548
743 1173
190 1929
1584 2059
54 347
1838 1650
1338 30
438 1804
2374 1289
743 563
1099 1462
2508 1779
1799 241
127 339
1592 2016
2483 548
1834 927
614 506
2370 364
1297 2102
790 944
2307 529
104 626
859 726
467 319
2419 832
1696 430
209 1071
94 535
517 317
711 559
1294 655
2020 794
543 1857
1916 1474
1313 1887
400 721
575 1978
989 1299
648 203
887 1301
781 2343
278 1706
1742 2080
529 1540
1421 416
1650 1769
1589 429
1254 808
878 1524
119 791
797 891
1418 1004
599 2481
1172 363
1902 1004
363 879
2452 1246
143 1616
2132 2400
1485 2468
2447 754
2490 1394
2379 1419
531 991
42 2429
2028 851
2510 1449
303 189
304 468
1539 1782
1591 862
995 476
2200 2262
2202 2027
1350 919
574 893
1576 2249
489 1023
1924 640
2181 33
498 45
675 2063
2140 777
361 725
241 1954
972 987
7 2453
796 20
1728 1785
1706 1391
1386 1062
1630 2432
1297 1341
15 2108
2377 128
1550 1967
1339 926
738 876
1766 1946
428 1008
1379 794
1711 718
1918 115
559 1602
168 2160
366 465
2383 1212
246 1940
1078 1560
1148 78
2181 2205
1950 1008
105 1748
2308 1296
929 1420
1853 1214
990 1762
702 1348
505 1268
821 2053
1582 2234
1291 128
1238 423
302 1752
443 541
958 1833
139 960
2330 2108
1162 1742
1177 1593
2311 1416
348 643
2423 1596
1790 1947
2461 1264
1387 363
71 999
2077 468
1462 2005
1911 858
720 2258
1938 2091
1291 1931
939 469
1247 2260
1193 642
1183 1393
1492 1875
2139 579
2155 2271
1146 60
1357 1822
1734 505
2154 327
1211 627
877 710
1328 1840
2220 495
502 2009
355 738
55 1357
2365 1218
474 1977
1595 1503
1977 947
1998 1674
1432 1769
2434 421
180 979
1070 1329
2139 1745
533 2263
384 1978
1667 790
2080 1394
2497 2117
1518 156
182 2107
536 1546
880 2173
71 81
159 479
1817 823
209 439
1725 1232
1198 829
804 542
2372 2355
1398 1632
913 1203
1318 957
57 672
984 2439
1473 2229
340 1489
1646 2324
1283 231
1716 952
1774 1837
1985 2043
1904 584
1940 1649
703 1692
462 284
390 2256
1850 377
2170 1471
1042 1262
2179 0
1932 496
2347 1078
1371 280
1392 2432
2428 379
1810 1216
656 257
2405 1674
1771 754
1932 2460
1466 941
1160 2187
601 657
425 567
35 2308
2074 486
2473 2172
653 2490
379 2403
1448 991
363 1536
1463 866
2324 2300
1215 2202
774 90
144 246
262 1629
1692 1819
751 2401
1480 783
48 282
118 1069
2350 2047
2475 1363
1139 691
1814 1537
1298 1655
1117 1272
921 611
12 932
400 499
2511 658
1392 1678
1359 1335
1798 62
2506 1240
1591 406
555 2234
1320 351
923 371
228 2412
2381 1433
2179 1739
2155 2386
1484 2087
1498 1532
12 1935
808 142
2176 917
1899 2202
1859 168
1578 1880
1345 1648
1762 613
709 587
585 1196
1503 2502
249 82
1065 1504
1055 68
1077 1612
153 325
1419 1337
2063 2426
2060 389
211 1076
2293 2055
2396 1868
1221 234
1995 689
2335 1923
1056 1416
1734 1828
2395 2139
1810 1517
1757 1967
1644 323
1219 883
1086 2135
864 568
705 700
871 391
464 1763
230 1081
645 1770
315 1098
994 575
2272 1003
1984 1616
1236 2205
2073 729
1523 418
1724 463
1195 2194
1912 888
1807 755
23 491
1019 156
1143 88
1049 1704
1858 51
1932 2239
1568 1026
942 1986
1560 1193
495 212
851 231
1997 1557
1541 1261
2258 38
976 2084
1458 544
280 1111
1979 580
1325 2063
42 556
2030 850
1594 1452
1909 410
209 2207
1262 707
273 945
422 1583
1156 10
1003 1787
953 144
921 711
30 2505
813 1422
2397 1249
481 1371
118 1170
1488 2387
1538 1160
425 1628
103 174
2298 655
2428 1801
957 2426
2422 1502
1498 1321
1617 2271
508 2115
1543 302
180 178
392 752
1314 1871
2271 1925
1531 1636
1605 290
655 108
1770 1105
619 681
2386 2229
1209 2075
602 1385
296 2144
1446 1267
2451 657
191 1577
288 2045
1410 819
2484 2241
1577 575
1944 1777
187 2339
725 2255
1350 902
193 110
1773 1439
340 1979
810 1276
1023 1838
2251 1939
253 2014
677 1245
1108 1516
124 791
853 1907
801 1992
1121 2462
716 520
1512 150
1624 1623
1771 1135
1688 2033
1686 284
2069 1552
987 2143
1754 1259
996 1746
568 1029
347 452
275 665
1234 2123
2040 1614
2438 2062
166 402
578 895
861 2296
2444 781
783 2132
638 1077
238 1572
436 1835
2080 2172
2417 1153
2332 754
428 1173
1773 1083
1513 1581
266 802
1274 1863
1518 2487
1058 890
1264 1849
585 2120
217 1592
316 438
664 1320
1032 378
1045 942
2352 1938
49 1911
2285 2113
1655 571
1344 1266
713 2393
1716 1501
1622 765
2507 1750
591 474
787 447
1266 2452
634 196
260 817
2106 1680
2332 741
1755 2040
443 1265
2337 1047
201 1390
1380 1124
99 692
1112 300
795 578
245 751
97 434
1221 1312
1967 7
2102 1640
2019 2203
15 1819
2365 2156
1105 1934
2030 2231
44 345
1512 2080
1396 2428
409 974
188 1155
1279 780
259 623
1549 2424
172 1813
1020 2325
739 188
2085 1853
1406 2149
728 1571
301 36
1864 855
2277 1530
688 1298
827 2498
1964 2403
1451 2259
862 1115
2303 1296
552 1298
860 1311
2384 927
941 993
1951 2468
1215 2517
2283 2045
2300 943
365 1238
381 1411
928 364
84 1264
1425 1786
1390 275
525 2180
2410 1137
69 1184
865 2082
1927 1843
1465 345
869 1356
585 918
2315 311
849 2331
1226 1963
2092 1277
2456 1871
373 2190
368 2160
82 2018
2209 1666
163 1766
1805 2124
1034 3
644 1173
1996 1691
1323 2000
2127 2155
1503 1886
934 1583
1952 2296
1140 1922
821 1674
591 887
358 69
2003 2266
1629 1146
1427 1167
2096 457
870 1391
1144 42
1832 637
332 876
27 1717
885 2238
1916 1735
468 1914
799 929
226 1730
2386 1582
645 1600
6 994
1583 2017
562 704
1558 774
2055 1520
2152 2194
1574 1045
744 63
1070 235
1928 352
1817 587
2212 656
2286 65
1538 886
245 2415
1232 1699
2305 1221
2041 779
2151 1492
1797 1129
1133 763
2419 489
329 1301
1091 840
1739 2095
1789 479
936 567
858 1335
392 7
2348 1290
1331 2432
632 1377
2145 1109
967 1863
2158 42
837 1567
1625 301
344 1659
1561 1741
1368 990
1847 256
2185 2017
1637 165
2074 1956
477 980
1257 1965
907 1829
666 278
713 813
701 1326
1258 1450
1139 2201
488 1205
2243 1220
753 223
1749 683
1194 348
74 152
736 2068
337 1144
2216 777
1339 523
1619 689
613 104
678 211
1046 1628
1186 1096
2150 431
989 1558
1490 675
1886 756
1121 2129
718 1069
577 963
942 86
444 479
2474 1054
1792 700
1734 1414
469 1413
1219 2490
2436 2286
12 1620
361 905
1477 2305
1851 1066
2485 1029
1175 788
945 1041
2365 77
1989 1573
637 288
688 1784
649 774
958 1111
2486 1247
1315 1276
2006 938
996 975
1566 1454
2246 1931
605 1970
163 1388
1996 32
2440 1610
2485 2264
1853 938
225 1177
1654 556
1206 1058
1178 537
1828 792
701 2271
541 721
546 2361
1571 1611
2285 2509
1281 1063
96 297
2441 1452
1736 2019
566 821
1165 2336
1095 304
22 38
759 965
1834 1566
1419 2072
193 1145
1598 1787
1758 2122
823 871
2257 1732
1221 1009
1905 2203
699 2479
1778 6
2399 1815
1417 555
689 1550
230 831
144 1127
2149 1673
2297 855
562 2365
1564 926
755 1989
1444 1029
934 1584
1292 560
1518 2047
2304 1979
1352 1288
2065 1148
1841 2296
2465 1852
1823 1390
837 769
2056 2112
2273 791
826 937
1359 1861
1326 1878
1658 1282
1290 2422
905 470
1878 1906
2175 1220
817 1670
1518 1674
299 1470
2523 535
1317 628
608 1954
1086 2046
52 2115
2092 2290
1896 1721
1871 2306
1676 1077
1788 1169
1656 38
1104 1151
1045 8
1027 1255
645 779
369 1622
1370 68
1207 1743
875 998
1013 1652
1179 1528
1825 1591
1019 2165
1470 2524
1537 736
547 488
288 1264
1062 621
2472 885
653 1005
1000 286
1718 142
1443 823
2255 1546
932 1151
1210 899
1586 1507
1149 1763
767 217
201 1202
1613 770
1721 1307
400 1122
2399 1402
105 1782
1075 2176
392 29
2226 751
268 2292
1210 1231
205 1525
2037 124
446 1380
1429 1833
1547 184
95 929
1599 1715
17 1932
2254 622
1075 1418
170 466
417 1640
766 1129
660 1537
2282 2047
1477 1431
818 1934
2004 1427
552 204
2114 907
1394 1793
1681 962
1047 179
333 82
968 2282
1503 2524
2276 861
1784 1540
913 2211
802 413
2080 1498
2208 362
1558 2017
678 787
1803 674
2094 2067
1265 738
2245 2190
1022 984
296 316
1963 1928
502 906
657 1181
1725 2522
1162 1075
616 2179
326 82
1814 1505
821 2303
353 2259
1832 332
732 1668
1652 18
2037 247
2454 1806
1350 1675
2401 2225
1978 274
299 741
680 467
1699 415
2481 563
663 2250
683 2010
848 1575
2336 1983
1965 1540
761 643
2243 596
664 1935
2088 2447
461 499
1204 415
898 1932
1235 1924
2386 2092
1583 2439
1315 875
1079 288
2251 2524
907 2503
2287 2444
1969 2354
530 875
2286 916
799 1192
2287 1845
307 1310
1300 483
1133 223
2281 1183
2339 488
1069 1814
938 1427
1400 1091
2415 1854
1893 2048
1710 1304
1268 559
62 918
2123 531
1872 1089
2361 63
1492 524
2372 24
1510 1377
2187 1386
1049 1815
1685 273
1050 197
1618 1226
1851 361
1979 524
1582 136
285 2119
2397 756
1939 139
715 1116
2491 532
1989 318
335 2050
202 2393
1425 447
805 1422
1092 432
1836 1351
1674 2232
2069 26
458 1799
1707 32
535 1093
1523 856
1679 1645
336 384
704 2295
2266 2100
589 1479
434 429
990 661
721 411
536 2001
1002 1022
1004 977
20 198
1752 795
2029 1051
1384 1533
193 108
1232 969
1077 1325
971 1136
1499 339
1068 2405
675 2027
1548 623
2303 1089
1256 620
1853 531
1944 109
1864 2154
2464 1929
223 1024
1268 733
70 1771
1023 1794
1055 1066
207 2344
77 1237
2359 1979
839 286
243 2301
2104 1115
745 1887
1458 291
1652 1970
1275 1431
1083 2134
782 880
76 2156
2004 687
1469 1225
849 1708
606 159
80 824
87 2205
790 1206
1457 490
1439 1902
1553 1811
2382 956
1178 160
849 989
607 255
676 155
1831 862
1054 1140
249 981
1429 370
1345 12
927 1985
1830 1059
1674 1897
1820 326
735 2302
1740 645
791 1109
964 1736
608 2382
2460 738
2276 409
591 701
2280 1302
374 2401
2154 76
2093 1469
1284 2235
1448 2085
833 1064
1650 1721
978 1544
701 2059
2098 1225
818 1613
54 1058
1129 1652
1772 1063
342 947
617 1248
1998 1543
338 1652
1259 1031
992 1865
972 2271
1445 2069
2035 437
1071 546
171 2228
1270 1300
949 986
368 157
1698 2416
1586 2287
334 1464
2454 1974
1701 1121
993 1773
2064 1440
935 1191
1130 2205
151 2478
1275 1995
1968 1073
1485 692
1781 732
4 833
230 420
202 1615
393 674
164 2105
563 2126
1292 880
2026 479
93 2275
631 2219
107 1118
2320 887
20 2026
2214 1082
1412 2510
1525 228
418 2143
1993 2052
1590 451
1727 418
1737 2183
2203 2081
1582 387
1135 2471
272 347
1976 2408
552 350
693 923
2357 2158
1059 216
800 1055
2396 457
897 965
1615 2293
257 821
738 2014
95 257
1607 2019
1619 2270
1098 1792
1481 748
1399 2152
1393 1078
448 718
1968 2413
2361 1084
1952 1824
200 2247
1447 1508
1473 2457
470 1516
2001 456
2011 345
1672 2129
1394 473
1532 1702
349 98
2291 277
284 1089
852 961
1894 2434
997 2368
877 1528
228 2385
636 897
87 2263
1067 2489
317 1113
1310 913
2030 1179
1937 1610
1471 577
586 411
2075 536
761 1467
83 1349
575 940
924 1946
289 1362
423 326
1039 901
172 1343
829 2222
2098 1425
1288 703
737 1043
2028 591
573 993
1333 2346
52 370
1446 2250
659 1136
1560 2223
1697 363
1835 798
1546 796
2517 1210
1949 1728
781 1045
2048 1767
1326 1998
1868 2070
2152 1968
753 114
1110 19
1309 89
1434 1077
1207 2335
784 2001
1644 161
1 1693
2098 1187
78 1628
1615 210
161 1480
573 1790
726 2026
1262 1627
2186 44
658 1998
413 2211
1219 1218
2171 566
1601 592
801 1595
789 684
69 1793
923 319
1369 145
2362 1070
1141 667
2355 1962
1572 1055
511 2127
1999 748
404 1400
1153 1365
162 597
1100 1867
1066 1582
699 1285
74 1567
1694 2454
1588 551
704 1572
1283 1557
1303 1479
228 1810
2515 1767
2516 1318
1201 1618
751 1259
289 1285
1799 268
2174 1737
1707 2040
238 554
1712 44
2045 742
2247 857
2451 1896
1118 2214
347 932
249 2383
2101 472
1725 513
2158 158
504 770
2272 40
804 1944
104 1254
1588 1678
1521 412
1302 777
506 1284
1350 478
2039 618
1049 2440
1181 688
1439 2094
2309 714
413 1742
741 480
1272 1766
2166 1979
2457 1173
2256 2139
1657 1709
1637 1183
1920 1599
1405 1614
57 2204
929 2099
931 2499
1449 998
1561 705
986 1413
2384 615
1201 1037
1865 202
2006 959
2474 1149
77 1676
2145 1136
1033 979
1993 352
1590 480
1568 474
1444 2101
1389 2482
271 2188
1307 2393
1825 2396
546 1111
1106 858
1472 2077
1088 1570
573 1832
1137 2384
1855 2420
1907 1135
26 335
343 2506
1300 1547
1180 2091
1552 2451
412 1562
818 2331
2156 2504
1601 2172
1086 1731
1461 1862
372 671
2322 1198
163 1306
2166 734
1854 985
1536 1292
574 506
1444 985
1869 1398
1143 2401
2154 193
2340 102
2503 2232
2492 1172
1390 1422
666 2054
1020 670
1985 623
2497 1931
1617 1449
2048 690
322 1078
1443 2409
2375 899
1927 1478
948 556
2311 1595
340 820
1603 2450
1492 780
1857 1425
1761 414
530 1340
902 566
1841 2464
1499 2300
371 799
2345 1989
836 233
1121 2301
926 1250
1811 1991
1444 1596
2415 1030
1328 867
1746 1369
1563 2040
2434 497
898 1478
291 703
78 2339
455 1163
1691 1221
1505 2082
1030 1187
1033 1187
1310 1531
991 1948
391 288
1211 1987
45 2333
1905 214
1978 1775
2143 367
1139 1072
2185 1721
2077 538
1051 1546
64 1831
2115 693
201 2397
1595 1132
1702 574
2454 2067
1932 1959
1385 1243
1333 1391
1616 1755
1306 2021
383 56
1880 1775
318 1998
1926 1973
1511 2493
2232 2195
1097 1221
1800 1902
2291 273
1470 877
1142 1873
1276 1214
514 927
2510 1677
691 1599
1860 1525
71 2197
1369 2137
1307 484
1298 147
373 822
2166 363
1714 1560
1436 1205
907 2406
337 2510
2408 1854
717 1116
273 497
150 2221
220 646
1183 1108
1554 271
446 2081
286 127
2391 1505
175 783
2524 355
2078 1147
1165 1488
1209 1469
1958 87
403 2467
881 1719
1863 1086
292 616
1243 2095
2099 94
171 665
1333 1285
1990 1397
2245 124
1757 143
1757 66
1600 2062
1328 623
2174 98
613 2106
1060 2179
1473 1992
1023 314
1151 2231
1549 427
2327 124
370 156
1638 2172
1571 1501
425 155
542 538
1321 952
2506 2100
707 1001
2505 386
196 1938
613 1754
1244 1713
724 2476
1854 1480
974 2405
727 1490
1826 1160
621 1545
1585 1
230 320
2093 2061
703 715
1119 970
2289 1405
657 900
1889 2299
983 1632
1261 2009
1289 1657
199 417
831 289
748 358
1442 346
465 1522
948 1350
1069 2179
248 1574
1364 427
2278 1576
300 1846
1651 1220
2237 1963
978 1352
69 96
9 1422
305 132
774 479
1867 2181
2316 63
1717 481
379 1371
290 1936
1890 1468
2035 593
2269 1629
1900 334
196 2208
208 1957
1382 525
1801 566
255 1651
2136 2378
1872 906
2517 2002
33 1599
883 1857
999 2307
266 1651
995 137
2280 1833
1319 644
1651 1422
855 1719
1448 2370
2223 1734
363 283
1378 1991
1487 1899
1699 1236
2213 1602
915 2452
530 2025
2328 2061
960 837
1841 2105
2446 1036
1806 798
818 1355
671 655
183 2351
988 1118
2347 944
1828 2331
1689 2493
376 609
1305 1413
1111 2172
238 1639
469 663
593 2326
1961 2410
1238 2113
1124 1075
1817 734
1527 1026
1773 1261
637 2415
74 578
553 218
2107 1339
1353 130
624 1071
1602 1515
1823 1558
941 115
2070 2412
1508 8
2106 2060
972 1199
258 712
2038 828
1218 1170
1638 2339
744 2236
1132 521
389 276
180 1567
1620 1273
1896 1017
2385 2494
2309 1599
1947 2332
45 2157
1590 1257
2046 2094
24 392
2088 1628
1511 627
1884 877
2080 1039
305 898
465 2109
1098 438
1274 845
2262 1673
1938 889
627 2154
1813 770
2348 2052
2461 1866
1330 1783
1735 821
1742 1144
1318 331
539 2477
2014 238
1814 1893
2243 109
2183 1309
1209 2138
583 411
870 2019
623 731
717 1141
1682 1542
736 2451
2061 819
451 78
1952 1455
2307 207
366 1674
2141 2094
8 1491
2012 880
663 167
1711 2168
1918 936
1722 2073
1519 1371
1973 1917
1865 1469
187 1500
1806 1069
2125 643
2290 312
222 2364
1637 244
1755 662
2159 1866
120 1162
7 1454
350 2269
518 1369
1102 2020
471 1408
1575 2474
2072 2120
1815 852
2123 1000
378 406
2209 197
1436 870
2152 2042
934 377
977 2027
1286 2387
217 2225
2148 835
118 932
1790 1294
2146 2132
2477 589
1768 1664
724 876
2416 348
1729 1963
2405 1212
253 1018
1762 1810
1811 121
2024 3
583 1563
950 1978
1509 1206
594 2321
2103 1798
1717 2299
807 983
2314 1443
392 1464
2205 188
955 1983
257 2287
2024 2230
943 1657
597 1915
1394 1074
1238 2152
1577 2124
1251 2057
595 8
141 205
246 2127
294 563
230 29
1336 436
2299 2433
817 405
220 2064
1195 2054
473 152
902 2178
422 462
849 1069
533 549
889 551
2153 1803
617 515
397 16
1932 2129
2275 551
1343 892
2241 553
411 1730
151 162
2253 297
1720 1548
661 570
1455 1333
67 873
2000 1929
1525 2522
1740 1878
524 408
2238 1192
282 383
1383 1554
1271 559
852 1157
151 422
1786 1880
1799 643
201 2400
874 1622
2501 1926
34 1205
1754 882
2436 219
2514 2200
924 2377
44 1575
2357 661
1879 2461
1200 2127
918 2175
1643 2114
1337 193
1106 1930
2131 2299
1217 59
2197 1948
2041 7
1828 67
896 564
1190 1201
1783 1883
1239 2069
1977 125
2222 713
671 2404
763 1673
1123 1156
162 245
1759 2116
1354 1401
260 716
986 2166
1579 761
360 1379
1802 477
399 1738
1228 681
480 25
687 425
426 1098
1952 1905
142 1974
70 761
1045 2512
944 1668
2070 207
1100 1122
1558 142
2011 1708
259 603
1606 1575
1124 990
871 1549
599 517
936 802
2521 792
308 1150
727 1814
2299 478
712 1985
2438 1078
909 140
887 2451
917 2229
2496 210
2076 2096
543 208
1868 1144
105 1849
2063 2044
988 1145
1297 1348
2212 1687
958 2352
1689 521
2443 1070
2074 1876
1588 895
292 1976
2350 1569
733 296
1951 1788
784 360
203 1048
1850 1783
2455 2089
2207 1174
1896 648
2359 524
1613 1742
1803 2328
1151 593
1795 1288
206 1599
2264 2003
245 1715
2518 756
567 2384
1777 1109
165 693
487 1313
2047 1119
401 203
1159 1853
923 613
2260 1814
505 1924
929 1175
1915 2212
666 387
1710 1862
255 1792
1252 1701
1676 271
1759 742
1816 1830
1545 300
1765 2443
500 1096
1673 704
1617 1896
1559 2425
601 2131
1437 1601
1532 167
907 1655
116 560
695 2327
985 608
62 2327
1757 1376
1937 1971
1253 219
2407 2400
1599 2070
1698 47
667 270
1683 1177
549 1547
1046 470
1971 660
262 1311
2326 764
259 462
2122 2271
1998 1680
465 1655
1234 775
1099 1524
839 141
2472 1167
1534 1465
1153 2024
2517 892
449 1912
1999 472
1926 1961
1306 2352
1871 1311
426 1815
340 1401
989 696
729 358
2271 1982
2094 835
1448 995
2456 1507
2157 1166
334 1015
2195 2284
2154 539
1848 206
1480 2488
2072 2239
1285 777
1962 587
1795 2364
838 135
560 852
1608 1108
1421 2023
1318 971
1937 2019
322 822
502 611
905 113
1613 2356
2403 2358
2000 1426
757 187
102 1535
630 953
1152 1970
1315 28
1511 681
1879 33
833 1884
1720 1687
1856 1229
2205 1216
1362 1633
1299 551
364 425
1187 904
1158 1074
2420 245
1479 1128
1219 1503
873 679
455 2431
1711 290
1045 743
424 1209
1633 2346
1898 994
1871 594
560 46
511 1395
2261 677
2293 478
2321 844
1334 2275
1803 1972
1251 511
1593 307
821 5
1591 797
2108 1152
90 9
1755 2432
1297 1704
1975 142
1590 2008
2032 223
320 744
350 1791
1432 1986
1101 421
1786 463
2123 1087
2411 2344
2180 550
1518 1424
1771 356
210 426
2076 2148
820 1645
105 1330
2055 803
720 1318
1220 2322
1658 1899
995 2222
1817 2091
1595 987
690 1037
578 263
1244 1563
230 2519
862 1779
1424 1793
736 1489
530 2101
1675 887
674 1082
166 1454
2013 2462
1548 2235
1205 1333
2166 1606
741 2480
2036 2322
1670 2491
591 2420
369 1262
1712 1690
479 1246
115 2507
2274 805
2018 341
2394 1022
2093 1613
1866 1766
778 1721
1400 1006
81 1261
2446 2519
1662 1840
749 162
318 1574
2188 1402
1430 9
2048 194
2088 1799
773 2329
620 1454
1945 2002
653 1061
697 1273
2435 1011
1689 619
498 94
133 2296
2003 1005
424 1274
1116 449
298 1601
603 959
1101 1712
46 1006
2147 1443
610 2473
1274 1937
839 2400
7 2255
568 301
1977 789
1462 1076
1366 47
2323 548
1609 435
585 260
935 1690
628 1071
2196 94
253 1244
1037 1653
1628 1914
1908 792
528 1138
1273 2514
325 1271
721 2110
1767 375
62 381
457 253
590 1503
2216 1531
2223 19
49 1125
856 1798
54 554
2401 760
49 1883
1106 785
660 1089
1018 1207
1089 1670
410 861
737 2216
1877 2077
451 2282
1218 1162
879 1836
2115 734
1209 328
612 1253
611 785
615 715
214 103
2503 1905
466 2361
688 1583
1096 2431
1556 1384
1790 1890
2305 1420
1385 1003
554 1181
2511 1436
1856 1411
926 2106
571 1161
2186 1042
2161 2268
1900 1349
1837 1492
2353 486
1883 125
1981 2497
286 2420
836 2436
793 1464
1396 2400
2174 1713
627 852
390 1329
1095 1392
2478 1533
1918 319
285 227
675 722
670 2128
1797 2421
725 1096
665 361
234 1075
2272 105
1929 843
1300 623
1860 1548
2002 1894
625 1379
1304 2341
2413 616
2233 2205
1721 767
86 582
2195 1988
318 2195
1716 2170
64 2513
2482 659
199 2152
982 239
1073 1869
552 233
2457 1323
1463 154
12 566
2434 2326
1046 1661
25 1145
2283 536
2084 730
1373 1737
1291 1051
829 326
1885 2078
111 1397
1650 2454
950 2055
1659 743
1578 1377
863 1095
664 2154
1251 1189
102 2367
2181 1893
448 1144
1787 2108
1195 360
1085 1194
2042 2280
2428 1401
105 949
2488 252
1069 595
1590 867
1882 2118
524 1130
629 2453
2075 887
345 589
763 1675
549 822
2154 887
164 333
93 1236
72 450
1613 1024
87 2496
508 1758
2505 2315
4 619
1446 1635
1442 28
2464 1716
2002 997
111 417
1351 156
357 783
2115 2431
984 136
0 687
894 1259
2301 1296
2171 1340
112 1540
2012 169
73 1292
1586 2085
380 748
930 191
163 1924
37 1571
611 1423
719 2340
675 556
1155 2347
1862 1647
634 1233
1164 1561
729 1505
2162 194
1080 1535
2356 280
1509 2130
1175 1727
449 1919
1985 1617
1739 1223
2448 1055
1080 2319
485 167
28 1038
1214 616
2390 2053
1745 587
1125 2106
1113 1119
881 1640
2172 1933
174 1538
903 496
2342 797
2163 2449
210 2173
261 2459
2391 1330
2243 1207
1100 474
669 1005
409 2098
917 1293
651 1697
1794 1495
761 2054
1291 606
401 2056
1285 2009
351 821
228 778
2017 2491
1069 2423
1835 33
446 171
1357 1795
467 2119
1301 1814
1307 1106
2135 1281
199 1191
180 2339
1857 2121
986 2258
1167 1960
2028 1415
41 2092
1278 651
407 1295
71 1767
1156 1575
2367 2494
2361 504
1616 1409
1275 1066
628 1481
18 925
1584 310
1607 1695
1552 2183
507 1648
834 952
1590 696
2231 737
66 36
1515 1604
48 2446
142 191
233 156
664 2299
1781 540
1702 314
1246 263
636 143
1702 1657
2291 540
1154 1145
48 1036
2259 1677
2246 2325
2008 506
1085 2023
732 392
339 1665
2372 126
1502 1295
1434 2106
1497 2376
1786 2227
78 803
1404 2166
1635 2304
309 2125
858 257
1268 1823
647 1809
1534 1066
988 2460
2258 1014
2191 1864
1904 128
1265 386
1729 2465
138 383
502 1022
196 1125
2064 277
720 1448
2064 615
701 622
1290 2306
2249 417
1028 2430
624 351
1863 2433
1659 826
1311 1405
135 171
1682 1875
22 1249
2007 829
525 2512
434 1225
1185 798
980 2422
951 1495
1952 473
1493 1260
2380 2092
165 2448
496 1758
1438 570
362 944
878 2216
2482 1254
899 2306
2242 2359
1101 1224
1155 321
544 1371
2206 96
373 365
1259 2212
780 599
1759 463
734 413
2106 1093
1257 660
226 1991
134 494
255 497
1254 233
2110 784
1109 408
1973 1586
2038 915
2068 1167
667 752
2348 465
1496 120
2237 2509
796 1188
1947 1530
1678 1840
509 299
506 181
2458 177
1458 1860
1592 2342
46 1565
2053 1422
2512 1374
2315 602
752 2513
2239 2120
283 1531
206 193
865 8
212 47
1729 868
1151 553
894 1542
904 2024
329 953
830 1221
470 1157
1196 2022
215 1614
1198 646
1520 2365
1970 512
694 1461
104 1804
1187 2264
815 495
387 2430
411 448
1038 289
2081 845
1410 1012
67 1674
1940 2152
2035 2112
28 1447
1337 17
225 1796
2017 1643
1196 294
1877 1072
2001 1248
2387 1599
1021 1826
125 843
444 1082
2504 1883
1912 2472
2387 1438
491 1406
1176 2277
806 2485
2195 1950
2054 1445
798 1876
1210 2335
1061 2461
1885 1595
1390 1946
1806 915
290 1724
1037 908
748 2438
2402 1001
2092 538
619 2339
1674 2063
1571 1199
2418 2267
428 2097
1084 96
2298 467
1399 2328
2055 1501
726 1123
151 402
1832 2126
933 132
2262 1642
1580 746
146 1497
972 2112
1959 113
805 1125
2296 967
1261 925
4 2054
1491 735
810 513
1418 609
2182 2140
1336 274
789 2043
1943 739
2092 316
197 1755
1850 418
679 2058
699 2361
952 1354
2269 2
208 2071
655 1066
2359 1227
1111 648
1722 1520
589 1077
1441 1123
1803 825
1331 1001
1456 448
91 828
2250 285
2183 1250
2304 2349
206 1828
2210 1056
2055 492
1683 1925
1534 1775
829 1246
2055 2506
1871 1767
2052 39
401 563
1537 2424
920 57
2400 93
1121 531
870 1817
2250 2243
414 1167
674 155
297 891
2083 2123
377 816
729 265
214 1991
364 259
2411 1478
2040 161
2478 1788
1600 427
1509 1998
2281 1248
1360 315
467 2355
422 211
1180 496
547 2236
746 1871
1110 354
155 444
244 809
201 2240
1794 635
533 901
2097 46
1932 1067
1084 225
1129 30
1981 1495
1904 1739
2092 1766
711 785
1028 449
1403 379
904 971
426 990
1827 2059
1713 1396
1066 1777
1356 1137
900 1811
264 52
358 1119
2316 1539
1970 1280
644 1341
179 304
714 269
1085 583
79 641
2198 335
206 636
1277 1027
2281 1585
231 1998
1184 4
2362 1905
459 2467
1630 935
1348 836
1387 2333
638 2354
367 1697
1419 830
1299 12
554 686
526 2515
289 2433
2116 1950
312 2039
662 72
19 153
366 2519
1404 1563
1789 458
1057 2067
681 1594
322 2398
1871 1047
978 2390
141 170
1666 282
142 162
783 2005
171 307
1265 824
31 875
473 654
2174 344
770 251
1469 1306
1607 1423
1276 737
1920 1873
1269 2367
2222 794
2211 1625
2160 2376
2497 1495
212 1672
704 1223
1104 1058
1363 1679
2239 898
2306 2342
544 2304
1120 309
727 2426
753 1584
2372 1857
1999 2043
458 2476
1681 346
202 2147
1285 860
1738 1296
96 1340
860 1632
1252 2255
453 673
1993 1924
1696 667
2232 2018
2387 884
1886 2407
2502 964
383 2052
1432 1112
2317 370
1100 728
1971 13
809 1700
690 1547
1890 1877
1976 1217
1131 452
64 192
1191 2217
1596 1311
749 152
1170 1857
2267 1966
2220 516
1931 1489
2199 891
1989 1776
312 2418
2173 872
1893 654
860 2152
1084 200
1979 1942
1746 1755
350 1392
1743 587
1614 967
1066 1404
163 154
2246 2374
1914 1351
1385 551
76 2507
2386 8
363 2094
1728 2505
985 75
920 1375
1994 2098
900 2205
157 1426
106 1864
1700 359
2456 173
896 1542
1524 1515
733 1337
2116 2395
2419 483
1364 2131
1998 1554
873 485
2390 2172
1012 1976
96 630
2279 593
931 1819
526 1764
1044 1758
1466 1055
1131 2272
232 1098
416 2436
801 1300
1460 1426
2005 2516
1463 505
696 462
1503 1192
421 845
1601 33
142 1143
1817 1447
369 2427
1370 986
625 1534
1793 1788
649 958
2323 999
1517 1174
610 1426
389 2080
163 845
449 1699
849 2052
639 335
413 1047
2423 1411
2108 791
389 904
1823 1406
340 1048
220 1498
791 875
2400 2198
2084 2385
696 2285
979 1654
2197 992
1060 1478
2024 194
1625 949
1183 2015
2252 1328
1863 247
2015 463
594 2507
1192 699
981 315
177 70
196 505
840 389
2417 1294
1680 1344
2013 881
1999 1551
1026 1229
830 2069
1887 1247
2202 2120
1508 1236
668 285
1998 120
2075 990
885 120
591 2248
88 1329
1803 1814
1239 1778
1248 692
683 1711
2453 687
114 932
577 281
2025 763
381 48
1717 1388
2485 1307
1066 2321
1909 273
1850 898
1804 1788
1820 624
1153 2161
114 1950
945 726
1176 1957
665 339
2186 654
1189 1353
637 704
1574 2085
1543 523
1307 1083
1772 338
1912 1325
1611 23
1706 2268
309 216
1955 402
859 1625
298 2047
1471 1619
880 1179
1730 1855
2343 1571
145 589
228 2376
2356 2473
1024 162
454 2210
1067 908
893 2398
737 411
2412 2054
1931 1608
5 691
848 1467
2092 1266
2252 203
1239 858
764 887
50 2453
1876 2009
1660 1827
953 589
181 1299
1826 45
2263 2451
1920 2369
1365 1526
1637 505
456 1291
826 1819
612 2259
1631 1753
1962 1382
2437 1626
519 1226
141 2287
175 449
1739 332
2048 1592
1041 1514
1901 621
506 1236
555 2270
2001 595
788 2378
468 1191
1724 1702
1303 1167
2292 2511
1870 1568
530 1133
1554 1794
1817 1319
614 2462
1836 1321
2313 1435
1889 1163
129 190
2120 2325
451 1899
1705 1458
182 2272
1690 2426
2325 180
1756 107
2242 1288
771 1769
1777 2063
2265 1116
2215 36
1086 1151
693 1082
589 2051
2126 384
1020 1557
982 192
2335 193
2412 2508
763 949
1791 1729
2164 1703
2312 176
1158 48
1671 1839
1309 180
2381 669
1464 2329
826 2368
545 1487
721 1158
2370 2063
1801 2295
616 2073
1365 465
401 279
556 1278
2025 2150
2364 1923
2030 530
550 337
567 2468
2364 2191
2085 1080
1386 214
2413 2124
205 903
1700 2372
2096 1593
1669 738
372 2112
1097 679
221 1747
195 963
1256 2219
326 863
981 1069
320 385
1708 1457
21 1189
1901 468
1081 1728
511 1075
377 717
2216 112
1911 740
504 1546
157 1436
1882 2172
1189 2436
2501 1555
1888 1081
2047 55
2178 2009
356 1089
2200 808
1574 918
2227 775
2402 2330
834 1009
361 933
1474 862
2375 165
690 1462
1970 879
300 2267
2273 1465
14 228
3 2450
983 2231
1696 906
1861 153
2180 2194
2496 1187
1667 2160
2106 2158
2382 1724
1187 1632
2103 1458
1776 1838
445 2176
2170 2147
350 744
973 2025
503 1247
527 132
1387 2231
1895 1137
1080 712
542 89
186 1963
1625 1381
1205 1536
2070 2024
1407 2422
562 139
2500 580
1877 1697
519 1861
1637 2052
1856 544
2006 2019
717 1561
582 1003
975 1806
1600 750
2266 2465
1885 606
1865 2313
1140 1319
1619 761
306 625
992 718
2010 2040
455 2183
903 409
396 2200
1341 1597
1594 382
1938 1053
696 1102
437 1265
1935 658
2129 2251
647 271
991 171
2261 1812
955 2341
689 2404
2302 502
2365 485
2056 1883
791 846
529 1348
510 1729
1758 762
1984 1761
2090 2388
608 463
2332 1238
2294 1078
2061 2013
700 122
1646 1666
1782 2451
1983 1807
1476 1755
837 1577
1739 723
634 179
2309 584
2275 2117
518 1903
1367 440
46 2158
1809 2305
1363 1449
1976 2355
1870 750
1212 691
1345 1454
1227 639
2111 1497
436 714
1425 1462
2035 627
916 1940
2481 1354
219 1272
1008 1616
912 841
181 2478
316 2140
1340 2501
580 1815
465 48
2440 1468
79 1727
1694 1407
925 2306
1876 442
1111 1042
2336 2152
1910 583
2395 2412
237 1439
1200 1407
1932 2444
1283 179
205 2090
454 1272
1282 768
306 2048
1334 1295
1562 931
2158 1491
2108 254
1261 514
873 1362
1443 246
376 1484
2226 2005
750 2225
864 967
806 1338
551 1079
504 1316
1408 1035
2353 1907
500 1706
1517 2432
946 1437
2256 1505
2054 2157
1214 511
838 343
1805 1485
1576 2186
31 659
2353 602
1644 510
1016 1549
23 1532
682 2037
671 1464
296 584
2227 1156
1446 1561
1654 1907
1805 844
127 780
601 1219
2135 15
358 1007
658 1871
1228 2335
1185 1163
253 575
462 2268
7 2460
403 668
2205 650
508 5
1658 2450
877 1375
765 256
965 1
2024 228
1102 1997
999 667
258 1316
1114 601
1687 658
1551 2214
846 2446
2370 5
368 713
833 389
1481 1622
1416 494
1260 2234
1371 1267
1127 397
526 645
678 1728
1992 1557
2106 2211
528 1262
2050 141
1080 2462
861 1538
2045 1396
2461 1991
2161 1012
1070 812
467 2350
2253 170
666 2286
1301 126
897 1924
710 2064
2214 2447
2381 1596
2072 177
81 1326
362 407
1403 166
462 1199
1855 2041
1760 1237
2157 2069
1114 1651
1955 1929
2083 580
1497 1012
699 452
336 2233
2514 1854
2453 1059
783 2340
749 92
2423 908
451 1639
1153 633
1413 499
907 589
165 2381
394 2091
71 2061
619 2007
1403 1517
852 1828
1795 1422
1357 2471
689 1967
50 1378
2411 1438
1726 439
2261 1564
2514 447
1813 697
631 1625
1437 343
1664 383
2342 143
2514 2227
1111 1184
1747 301
1411 639
2057 1166
1009 1957
2456 1726
431 420
1628 687
899 1387
1358 515
680 964
2209 1107
2219 1732
1034 787
2047 245
2324 161
1903 782
2456 1213
921 930
1331 2198
2032 715
1657 2222
2383 2273
1889 1418
2180 1869
2368 1882
122 1164
573 2145
1377 1531
625 1398
819 1386
2268 2420
1153 1189
2154 144
312 1694
550 770
79 1423
2493 1024
1695 818
1930 2171
2019 1710
2481 2111
2259 2096
1478 2013
525 180
226 1138
2212 2499
1937 1720
1516 1230
2271 875
1347 1989
1342 2216
2002 340
2250 2054
965 1929
1223 747
2002 2196
1847 1455
1084 609
1044 877
1424 2123
858 2514
436 1380
1306 460
1017 55
722 2122
2514 1769
193 1454
2017 412
2348 2361
263 1810
545 2415
670 69
1491 1636
105 864
112 396
518 2056
1305 1574
571 100
2181 1395
2500 673
2110 1982
1331 704
1466 1846
2414 102
1346 1870
516 1551
303 2467
567 1755
1769 235
1937 1351
2417 2110
1145 555
1064 1701
2328 1844
1111 2294
619 1377
865 1680
2027 2124
2107 798
1885 1837
1117 1956
1466 2089
1983 2315
2168 815
1926 581
1242 2305
1347 268
818 1649
7 98
1216 2034
1280 2120
569 1920
123 1316
1392 736
2274 2256
1910 1788
1202 1978
461 517
1973 869
1758 764
425 1066
713 2043
1054 1591
2448 2397
1792 2432
589 644
685 480
29 644
727 1418
1709 406
338 460
2016 2468
466 2097
1906 1947
1243 355
445 1938
2064 186
484 1240
1605 2043
868 1165
2228 520
378 799
1893 257
400 1089
1492 645
2129 505
2126 354
1747 2350
1810 2078
775 1567
1890 536
432 34
948 1291
1471 1328
243 1516
2379 2305
690 349
1749 1923
2180 534
1633 886
284 2154
1595 1407
2378 1848
2279 950
1264 2201
976 128
1805 18
154 1944
1848 1140
1075 1671
314 207
2522 2091
2242 997
311 534
799 2091
898 1102
2220 840
399 1343
1433 27
599 107
374 210
445 612
574 1699
1609 2424
1958 2210
1730 1441
209 2088
121 309
1675 2172
2179 1812
2133 1465
1594 2419
2304 1663
1108 1257
822 2211
951 59
1072 1791
386 1274
2280 823
2156 576
1546 1863
203 573
660 2061
1392 731
903 721
1073 2042
334 1354
1600 797
842 2240
859 423
1995 1909
1601 272
93 423
1355 461
800 638
135 1939
835 1281
1745 865
2098 2517
142 602
1831 196
1856 1169
1299 1817
744 1583
1781 264
1384 1251
742 2056
1072 1765
567 534
1428 611
2130 1568
1655 1606
1177 2196
1753 1033
1467 340
63 153
518 1195
1190 777
1988 1947
1478 1461
2049 1641
2202 1436
414 541
555 1786
1602 79
100 2058
822 560
1573 418
396 194
206 1797
31 1656
2515 2062
1481 2469
1729 1265
104 2465
232 414
823 2169
2053 471
2493 86
2007 1272
664 1613
1858 548
1527 2264
669 2203
902 1794
2017 460
2470 576
1192 715
2192 513
1728 1398
1495 2247
2049 257
1965 30
1391 89
1146 893
571 944
1669 1106
1766 1351
1154 797
1240 1389
1397 787
2371 1626
1447 125
1285 170
2009 950
211 805
1516 1048
392 221
974 1812
545 50
581 2411
2238 502
52 961
796 1699
1592 2434
1870 147
922 1422
642 994
1864 161
592 1355
1591 2028
2139 666
1379 1080
1663 53
435 2353
1272 1879
558 417
2246 1790
1176 2286
1786 1240
1482 1277
386 761
1274 2093
443 2463
896 2169
1631 396
1483 2221
1327 587
1498 1409
2207 176
1859 1045
347 728
1990 2096
723 2406
874 2179
2187 1219
1845 1699
307 1860
2415 1260
580 2477
1520 1122
2279 404
1766 1478
1140 228
1918 1557
1339 729
2390 1333
1942 4
2167 353
1262 1124
2343 1948
1854 1434
1859 2442
52 1378
1138 963
675 371
964 202
1526 857
1004 1176
1641 1889
1623 1598
718 1230
1729 847
378 1261
722 235
513 1378
2127 1901
1343 730
33 136
387 486
2086 2355
2043 1970
1547 1726
1364 318
1420 1724
153 213
1414 332
447 36
1537 730
1709 782
1455 760
1150 711
914 2438
72 617
1968 1275
1695 1069
534 631
1767 1245
1179 687
635 2158
765 1761
931 1750
1133 1104
1089 1206
1376 2514
2520 2453
484 513
643 682
317 1672
1527 1713
674 634
638 2107
790 1125
113 2406
571 1827
2068 1808
2122 845
834 571
421 2398
611 212
1999 494
2456 1865
919 213
831 2189
1287 999
310 1989
2101 197
325 2065
70 632
896 437
1353 361
2049 2467
34 169
1794 635
2372 2086
1152 2009
2024 520
514 107
2374 2416
579 1965
110 1693
995 196
1692 319
88 2247
145 2251
1120 205
1876 1934
153 1322
1527 1075
789 144
1517 2513
807 1941
2030 1879
797 1529
744 2285
1190 1744
1964 2447
751 35
2467 590
2258 770
331 2515
1100 1294
1447 907
1184 346
223 79
1865 520
1687 2376
1225 1455
1540 1945
1178 1446
1767 1781
2109 2089
1265 1810
1094 1018
349 1339
1266 1537
2238 68
243 1796
1334 2421
1642 906
1250 459
1351 47
1118 2349
1993 593
1543 984
1249 158
43 1878
749 167
413 344
577 386
2511 724
1858 323
3 776
1164 1867
1065 735
2207 1937
2367 944
2506 1033
792 416
2032 1546
226 1672
1697 598
1035 2211
672 2144
2261 2277
166 1870
1412 815
1499 1607
1408 1721
1845 1407
524 686
132 2226
2407 1421
903 1143
1387 199
980 1438
1789 322
1071 2218
2190 341
1329 2034
2228 603
205 522
2098 414
1079 1267
528 1775
1053 1870
112 1424
317 2268
2189 200
1474 2414
730 1027
1522 706
40 2380
312 2367
1227 1331
2292 1039
772 1185
536 1932
514 473
2170 1135
256 984
936 991
2177 1359
1179 2438
736 1163
161 1374
0 2523
1834 1501
806 1113
1802 1234
1096 1138
896 846
2038 2092
424 1933
385 2189
2487 2335
1733 315
1053 587
1517 330
1927 2071
952 1069
2363 265
819 957
2419 749
2303 2168
1092 1937
1356 2192
501 1609
895 1357
2388 1699
2258 709
814 1889
1676 553
443 683
397 1982
1064 1276
495 1240
1933 1965
622 44
2381 1372
2411 335
1279 171
1246 1287
2116 1510
136 1632
625 1101
1907 2232
2058 2030
1604 604
998 1875
1721 890
1603 1606
703 1646
2246 1111
718 1301
1451 1511
2415 1094
1034 456
897 1487
879 1387
690 2045
1044 1437
1626 742
1427 2367
147 118
33 90
1867 2470
1482 9
2393 1809
1123 481
120 2171
1316 1362
555 2508
616 54
1341 2404
1908 1309
265 2431
1560 1958
1612 47
1730 1084
699 334
1663 2384
2473 1436
1648 649
764 510
1482 2126
1065 1314
722 903
1142 1931
2081 621
289 1111
2415 2229
2436 1158
2392 1625
771 1519
597 581
1212 1108
929 1260
463 1160
2159 1808
1750 1607
441 1880
552 2244
2502 1366
2031 426
1155 2046
1363 1792
1834 1289
189 2137
2195 934
1478 2233
221 1713
1318 2299
857 1427
2335 1396
670 1579
1114 1209
1268 1921
1778 1682
972 609
2173 14
584 2352
1262 2438
1172 1065
1980 90
636 487
1141 445
938 469
548 1426
424 2110
1584 518
439 2308
1680 399
2485 1342
2021 1672
510 513
997 2135
1450 1635
2033 1969
749 410
184 961
1578 2502
392 351
674 904
2190 1099
340 1960
929 1268
539 620
1959 1580
1437 2060
1427 1255
37 705
942 2047
791 1105
523 611
1031 646
522 1027
1493 795
1903 356
580 78
763 372
2230 2076
1422 1130
1817 2336
1378 1599
2438 2429
678 622
1692 1541
2406 483
2209 1330
332 265
1463 349
364 2379
1946 1923
1290 2392
51 804
598 1958
134 387
636 1789
1583 232
171 408
2250 742
2078 1054
1640 1192
2015 1004
347 2152
1698 1915
194 1645
913 852
1294 621
2251 942
1601 488
2491 1013
382 311
1595 110
141 879
543 2045
236 1814
521 1387
1881 2172
1898 2045
2098 2431
2163 36
1192 1611
1411 2490
1312 366
1949 1648
131 736
1315 820
2369 695
508 1092
2441 1410
1836 311
517 1811
2049 40
313 525
1033 57
727 2317
1959 1190
726 22
695 343
2497 989
1517 865
192 909
2056 335
2288 1436
1517 485
1866 996
1350 1545
440 697
401 1587
1826 1648
1600 2280
1627 2512
444 2006
373 1873
859 137
2041 649
1085 1450
1297 507
2484 17
2192 960
2032 1701
1983 714
1796 2466
2399 265
832 1412
2368 1967
2072 1932
2422 801
2187 364
1018 324
163 389
1496 179
575 301
1078 2180
1653 612
1836 1753
2202 1622
1473 800
606 156
1679 289
1302 1562
136 1586
1156 320
1485 485
787 1780
2434 406
1925 1744
1666 2085
1270 2141
2383 2367
1479 1732
281 1293
1081 893
1048 1149
1449 2000
1702 2059
2146 383
1945 1528
594 256
2143 1304
926 1644
1141 1398
904 863
1092 1883
212 1752
1170 2306
392 2002
2422 2312
684 1961
1380 308
593 1031
1694 1841
1906 2438
1035 1014
110 424
1863 22
2333 1219
1585 844
2046 1654
760 1001
2388 643
1520 1494
629 1789
2297 148
2016 2249
666 501
1397 1260
906 925
388 2036
937 1438
1672 1525
975 1350
1673 1479
550 1891
645 1033
1356 2308
986 1004
180 1383
2444 2262
1652 1701
1542 608
488 1502
1745 1789
1654 1996
898 551
1651 1049
1269 2346
2441 2128
493 2190
1376 104
1717 300
1418 1514
1166 1404
1309 1869
1610 1224
711 143
1059 2280
1660 1191
2475 1817
1738 887
285 488
382 1320
1975 2524
471 558
2416 1582
1975 1012
370 1020
2514 812
1470 341
2355 2249
1720 1008
1470 1792
2223 375
1498 692
437 1393
2211 398
1890 1253
439 1013
2038 556
1275 1028
204 1093
736 2059
202 2339
1192 724
1100 950
1889 1506
2267 1378
258 1575
9 2017
1694 2131
2208 483
748 1323
1262 1559
2051 2445
1549 1678
1194 2449
21 749
350 243
941 2480
2177 1903
1571 2034
1033 1695
181 1180
2371 1146
888 2312
835 302
2370 412
2440 1516
891 826
2505 1945
1234 1578
2372 1399
2400 1263
922 1597
2336 71
382 585
1195 1172
2374 750
2058 2457
1041 1696
575 2499
2151 646
1735 1334
2062 766
1637 308
709 916
1090 2188
307 71
733 1052
82 1011
1806 1065
1412 1811
1846 1656
1077 1146
2125 345
2084 860
2179 1968
18 2378
731 824
897 718
1491 1094
876 1548
599 2083
694 1366
1732 1352
2425 1316
1384 1773
1188 1185
1042 2502
2000 959
1097 1505
2100 930
1749 1125
1584 2195
420 1118
1066 1636
945 471
61 332
521 674
2411 1029
1659 2004
246 1748
320 2190
952 534
2252 2325
1114 1548
1067 2249
419 1484
1011 1643
1537 1291
701 2193
979 316
2426 1592
657 2472
878 715
1966 338
39 2103
1888 2214
755 33
1434 2224
1100 2507
1575 403
1463 1502
70 2153
840 1789
480 1664
1902 1960
16 102
2484 1419
603 569
2053 1084
605 235
2137 1261
2073 2063
689 401
1716 1614
1501 2092
1104 2370
1392 1479
2328 1198
1663 2097
1781 939
1007 281
2208 1859
618 2362
1398 1828
2047 2135
993 2038
2009 1587
497 2258
664 2173
474 1434
1529 79
311 511
2491 319
903 2167
647 737
1600 2147
2086 1182
879 2040
4 178
770 1271
1947 124
1919 1234
1153 342
142 1222
1994 1344
2245 1477
2377 1304
1348 143
1798 783
1278 1113
1837 804
204 1848
1197 363
620 197
1524 1910
283 1032
34 2457
188 102
1913 468
564 83
579 2165
2433 344
2410 216
1680 2019
1753 964
215 1592
1479 1143
1619 967
265 1103
681 2372
2298 325
1599 1450
288 603
913 2216
2431 1916
2418 1197
1354 491
1488 1607
1638 42
1292 1498
424 1539
2366 629
1417 1969
866 735
834 2019
847 201
2016 1697
1234 988
762 1303
1868 2431
1712 505
280 2253
1144 2293
2047 96
1147 1710
1000 2407
2347 2102
782 600
392 1435
2522 1952
1370 261
2402 1999
1163 304
694 476
530 1071
886 2296
1969 1636
2348 1057
1272 2379
1480 2400
356 168
1601 792
1519 1606
387 1713
1563 2494
2123 1318
2041 1804
1090 470
1540 1367
1696 1166
2429 582
1414 439
822 1108
780 1710
1161 1585
1117 1098
914 433
1281 670
454 1417
476 1126
1952 541
1118 2186
869 748
202 862
2497 2362
651 1077
1743 1725
2450 1136
1864 1371
1973 1771
1968 674
614 135
2094 700
920 2053
2107 2364
2036 1823
675 2377
1496 2322
2478 965
1051 839
703 2033
987 1880
1984 687
675 970
1299 1535
2247 1880
1519 1640
777 746
2423 1502
979 531
2070 2103
2067 1296
269 2343
1008 1858
978 1593
1140 90
1412 2354
1443 1707
879 1450
1444 2158
1961 1539
233 2139
2120 395
1370 33
567 24
1579 2241
202 1420
2059 365
1104 1938
2386 673
125 1955
79 1906
4 1513
160 178
1817 1393
484 1839
1963 1592
2523 1468
1987 2018
1781 1060
2022 1124
1290 1028
1656 70
1571 906
385 1391
265 498
971 1298
850 1672
2459 2017
2139 159
815 1233
2425 222
287 1701
967 2138
1279 1287
1988 1813
2005 2175
66 144
2043 104
1454 2287
1492 1068
1154 2001
1838 600
2176 2297
1214 1103
247 1627
1934 339
403 1606
77 1707
107 2353
445 2013
1818 306
661 374
60 2152
1966 315
2286 1529
2107 763
1114 122
2381 598
2410 544
1190 829
2258 1088
2052 1192
1354 1087
1387 989
1989 1918
655 568
374 453
1775 1679
311 2245
375 427
113 815
359 434
1326 417
952 1074
1593 1086
328 2283
1508 1027
1720 80
1117 258
2234 277
56 2206
673 1631
537 1796
322 685
1664 768
338 1206
2227 2379
1021 1152
2271 2365
1880 2061
1457 1964
2139 787
1274 1491
9 729
1716 1939
743 1403
555 1002
2186 284
1166 1529
92 2068
528 1754
1514 2175
2508 1006
1731 726
1039 813
1210 2264
338 1417
177 1225
342 1293
1391 218
1762 2181
2111 400
1432 1454
1917 2514
657 461
401 2130
1374 440
618 137
1755 2492
2502 1424
2048 1992
635 264
242 855
1135 2483
917 1220
748 2363
2208 222
1944 1122
802 1355
216 885
1996 603
2355 1021
1594 1245
1856 2205
942 1026
246 1187
1568 1629
1931 2369
1839 360
1504 359
1002 2507
2199 663
1951 1065
1529 1655
512 1945
482 2000
803 1333
1275 638
1592 515
1756 2396
699 2360
1940 1531
1407 1201
1053 964
851 1603
737 1831
1432 1934
216 441
2456 797
1591 1648
5 700
1246 44
1043 159
1424 2506
1065 1536
1883 2023
303 997
237 2261
1439 1570
357 2452
2461 2365
777 2280
1222 962
1573 1463
1353 506
2490 597
1375 2340
987 134
1014 513
230 298
141 2065
1386 932
2 1759
1365 797
1608 145
1247 2279
124 2385
1262 1781
1881 1949
1226 855
1393 1539
1189 1207
1848 338
2017 2355
1199 385
644 1897
1069 1904
198 2412
620 2503
2504 1921
1486 379
1866 1111
158 2365
1190 2086
246 441
1302 160
382 2119
847 85
1055 1216
1859 679
2240 120
2236 945
550 1040
415 688
1523 1594
1978 1038
1054 250
1939 1328
1758 20
1831 2078
1623 2315
556 1968
499 1502
912 869
930 2485
413 1837
1427 1226
1661 285
653 1775
1173 2139
24 342
2065 1347
616 1150
1005 1
1878 1071
1210 1181
1080 765
1655 280
971 519
1245 482
834 945
2174 686
1472 2240
1887 349
2466 2019
1599 2345
1432 936
1612 2048
1657 1222
1628 1018
616 1177
1067 1138
1698 1609
1489 49
723 1620
1850 1553
2206 91
1474 211
1727 1147
1846 149
345 1610
904 566
1958 2131
930 1041
1361 387
159 825
1536 1282
133 418
40 2006
1678 2090
1998 1171
1733 1793
2325 1252
1842 905
352 1732
120 1377
256 2157
683 96
630 2456
1606 1730
1788 2386
1024 1480
2270 1748
2147 2483
2092 180
839 2068
179 1037
2478 601
283 2249
2319 1592
2406 154
513 98
2504 2408
1398 309
329 833
1230 2035
766 1279
1283 1213
1521 2051
915 181
1032 1733
2272 1089
2010 1080
2103 1486
1432 664
2030 2307
2364 1128
2101 1727
2362 234
583 2282
1777 1223
718 1308
385 2316
2426 1598
1716 287
2293 1925
122 1265
258 1417
2516 253
456 1811
911 1117
1835 930
1926 337
1961 86
1746 1993
302 1789
2165 1260
729 1610
1175 425
1730 73
1171 1535
1679 1243
154 1157
156 930
702 34
1271 1927
472 1508
2427 2372
899 2254
2026 1673
404 867
468 1779
1704 1467
842 815
1304 1910
291 2374
1846 965
889 2227
344 1488
1553 2145
1397 2047
236 355
844 687
2198 1214
1127 1356
342 2123
256 2449
1161 758
875 545
913 1022
200 261
1871 97
1297 2023
1048 1153
917 1902
1510 588
952 1611
2245 91
72 421
207 2165
767 323
764 2165
82 2389
2209 2288
535 2356
2438 1073
396 311
1376 1521
608 1295
798 197
2123 505
694 624
1671 2121
1181 695
2086 1548
1123 1505
1331 2062
1342 1817
704 2362
194 1937
690 2447
935 1289
203 217
966 2030
2356 1629
859 1673
1539 2299
1348 765
1527 120
684 2145
533 468
221 493
1538 1741
529 356
496 1585
739 373
1312 1062
920 1705
968 2148
2265 1713
2291 1555
2079 2021
1552 910
710 2226
530 806
2372 1701
844 1285
1877 651
514 1108
936 2225
2465 471
2322 2373
687 1620
837 2152
1974 253
2115 1253
1891 184
327 2512
1933 1029
1553 2276
587 1573
294 2369
2195 2494
1107 2383
1719 2522
2358 1187
2190 163
2116 1292
1755 676
2503 1690
1655 439
707 845
1179 957
917 559
1507 969
641 785
2086 1626
2362 2220
1325 1621
1291 2297
1102 1351
1349 217
1133 291
376 1814
799 1306
393 515
2458 1942
106 1631
777 1872
2290 2295
1110 861
587 482
38 1984
1566 1569
2015 1204
2320 178
1664 210
2464 1411
632 453
2247 1033
346 2504
1711 1817
872 1705
1242 2256
1603 1633
900 1454
108 507
1117 136
1572 143
2290 438
1371 414
2125 645
328 879
788 171
405 589
246 692
1495 1544
1323 898
163 2499
1340 1826
2422 1999
359 935
2409 272
1022 673
508 627
1195 459
765 2446
2156 993
1469 838
566 735
622 1687
1850 500
529 1440
716 930
100 719
1184 2349
843 840
2236 230
1720 51
1583 696
990 2461
1629 1436
328 475
2168 2324
139 2385
2179 1886
2186 2143
1720 76
2280 1819
683 2348
134 1705
1070 804
1289 2501
2379 1269
1132 1117
355 2083
2161 794
740 423
1272 2275
625 1970
229 2324
79 874
392 2068
446 624
1444 1343
2054 475
1832 1625
879 1207
2360 152
686 2516
1050 243
1522 1951
1004 713
1055 1486
837 2147
335 165
1621 1245
1008 916
1646 491
1284 2085
1965 575
588 1781
1731 1836
1928 380
284 1130
94 2313
833 1927
2299 1523
582 83
292 843
1746 645
2236 881
1900 104
2139 1192
708 2501
1793 479
669 1141
1926 2210
636 329
2044 2098
774 729
1345 299
1441 2248
1107 1944
509 575
202 2056
1389 1855
1440 2391
1112 1417
1198 965
2 1710
508 1641
2407 2401
309 1560
42 1832
1877 1077
759 814
1083 657
1808 584
516 931
2379 2223
128 658
727 2439
2012 1376
1276 1909
2315 216
991 1151
2045 1609
2139 336
121 1145
1953 1425
1257 56
59 2202
1269 1025
444 1784
2363 356
87 1657
1772 267
885 1398
1344 1813
144 1655
1551 267
1718 985
2356 111
166 84
843 965
276 389
543 837
1807 2340
1576 2045
1607 1250
1409 1607
743 1390
996 631
2465 1812
1331 2233
2146 789
2241 1131
177 993
1461 1464
1324 1718
1068 484
289 1409
632 341
556 1878
1691 1262
486 2127
164 537
2484 409
2172 272
180 1496
240 876
1470 2033
715 1974
1892 179
30 590
231 1211
1311 1409
773 2019
315 1170
344 2430
1553 1309
2443 1031
1702 1287
1257 856
1353 1770
795 1999
1813 55
1394 192
898 2035
1628 1577
1693 1443
479 1041
2412 1852
7 939
300 1342
1770 2188
36 2274
933 1086
2364 1681
1372 560
108 232
488 2495
879 1969
958 349
2070 908
454 1047
1695 1536
667 2517
945 2401
2031 935
39 1212
2226 1330
1247 1015
932 1470
1106 173
2198 1747
1381 641
1784 746
969 1140
2434 984
2193 2263
1026 86
1383 2262
2227 1048
2514 1924
154 1810
2488 2236
1134 2160
359 46
2504 244
510 2504
528 2124
1598 1950
597 2032
1872 1895
1091 1986
2327 1717
1418 795
307 1030
748 499
1336 455
1472 161
1145 894
2449 1123
572 182
1364 1882
268 1226
264 1438
966 279
147 217
2188 676
671 1178
2243 1125
2111 1196
1569 1865
1760 584
880 882
1466 2445
1639 1794
1006 110
1539 778
1057 662
2062 1797
967 833
457 802
1039 449
594 2293
1723 638
471 1548
372 2416
1231 822
2019 2365
2301 2210
83 1081
1015 68
1995 2113
1785 489
2486 1466
1364 263
1212 1554
676 2304
815 1806
568 1046
1928 323
1239 1329
1279 1994
1704 665
2416 240
654 2086
320 2077
568 407
1021 1454
1736 1511
2332 547
392 1480
1136 309
1114 1572
344 491
1310 1215
2298 480
1897 526
1486 18
1995 901
1370 704
1175 2346
935 2065
1838 1045
860 2518
2096 78
2496 1498
1691 673
1029 2019
1519 25
1548 98
1027 2454
1166 2130
1492 2139
1032 2444
1788 1121
726 1542
1314 161
1767 2264
2241 453
1774 1540
2338 1509
1054 566
1675 500
1411 850
1396 1886
1148 684
2486 136
2372 1084
210 728
902 2439
918 2037
1642 1440
1517 10
297 2315
2389 294
2158 163
2405 1081
1673 2112
672 628
509 1345
1239 2298
2420 182
473 1797
1670 323
2387 1609
2109 443
2465 655
1064 202
559 1908
1930 141
343 33
2263 1101
2127 319
702 2096
2242 1775
1267 1786
1830 1677
1031 1086
1001 817
807 483
1544 1605
611 2474
1983 316
1049 2135
1585 1373
1436 1168
1341 713
1113 1851
99 2033
1564 192
176 1991
698 965
113 1836
686 122
572 2507
2463 631
2171 829
210 448
2038 1681
1077 1556
1717 289
112 1774
1855 2201
762 229
523 1518
359 696
2331 1837
304 863
987 1709
1354 1806
2333 1629
1063 1536
2371 409
231 1627
2135 842
1687 1180
1268 1676
1644 2151
220 1136
2128 456
1299 2130
1062 1542
1875 2392
1741 1886
668 1714
2366 310
973 1312
185 334
1121 2202
100 200
2181 241
695 1280
1540 1574
38 67
1651 1948
2228 1073
1608 1445
1530 1300
338 12
361 358
2364 1171
1677 596
2486 2329
1994 1383
1023 910
577 1154
1548 1642
1195 1956
1441 1311
184 501
2028 1782
2306 287
1275 2326
1829 902
2025 996
47 2161
1490 1176
830 2345
530 2227
2020 1719
310 470
1614 1069
2319 986
2282 1175
154 1591
2296 1272
1439 871
357 2089
394 2510
346 755
460 1574
2015 1682
2118 1463
1253 435
1218 500
1695 1705
1408 2200
1640 1566
1677 886
2295 2403
1835 2250
176 341
681 2280
970 546
2142 543
2168 1880
1270 792
636 261
1956 1484
2070 969
2283 869
2149 1004
1265 777
2199 1167
2116 206
1606 2395
1023 1566
1575 195
755 410
425 2291
2051 447
9 114
772 1694
1058 1902
963 671
445 145
919 1779
2253 1605
1506 1613
1192 331
848 34
2206 1115
1889 240
2015 1319
1466 567
765 554
679 2280
1569 636
65 1152
2028 2162
1446 1421
825 44
1485 1596
686 2098
1230 2160
2498 982
2143 382
2107 2314
953 2240
2010 1966
2425 1274
825 661
2382 666
432 568
1766 448
2516 2012
1847 1640
857 2165
1045 99
1419 1732
2279 1171
2336 2129
2453 2109
1612 1390
1984 2121
563 607
1748 1425
2053 2022
1038 289
2416 70
668 2229
1309 2246
1336 1313
1271 447
2516 708
354 2053
2212 1069
485 2321
2303 388
2399 2134
502 974
946 1604
68 2194
653 2482
1285 106
1829 2140
287 401
1981 1891
1223 1848
2298 586
1146 1953
456 1458
635 2037
133 220
349 262
2397 1114
863 1406
1033 200
437 1415
1820 1180
1349 2355
614 1421
730 759
1148 2172
647 396
2499 251
905 2102
1693 2046
630 2312
324 795
2343 1630
1909 2346
550 77
2308 997
2425 272
80 2397
669 801
1138 2412
1874 893
1720 971
675 1275
746 39
895 2458
140 16
1518 148
1987 1443
1701 2396
916 147
2160 1936
773 101
1287 1401
1309 1013
1801 417
672 196
1186 2132
2220 2184
220 2196
1245 855
1701 762
513 485
378 923
602 538
2499 2336
681 2160
252 2338
2414 1320
1510 1956
789 1546
454 423
1563 1013
112 47
305 489
712 2248
624 1685
639 1684
2214 1333
1291 186
2186 1030
598 331
548 435
1862 908
2173 866
1818 593
1391 1631
2226 849
1206 2110
1853 2006
1763 2478
1591 658
1779 2074
1330 2024
1382 2376
1696 2129
1878 346
140 2242
2316 1853
306 2022
165 24
2060 586
2268 2324
369 1594
2115 1751
113 1082
106 997
836 1031
1433 1231
1133 829
627 842
1656 831
1291 1011
2304 702
1018 1652
2220 1793
796 2412
2184 429
1305 913
1801 2151
1104 1979
557 984
1898 222
586 2459
150 2510
606 1587
1392 1698
1602 1291
263 2071
1085 2303
1890 1508
1937 765
2169 1806
2426 1048
2106 444
1046 1703
225 273
1754 734
398 759
1495 1887
987 1414
1993 1324
2104 2025
1330 143
1323 1448
336 660
2125 549
216 1708
1313 1675
1628 339
143 1536
920 2114
1975 2483
2313 121
428 2312
981 475
1495 2430
1301 894
1247 165
749 160
2235 275
262 2119
1048 1035
2120 2059
1203 560
2071 35
492 2300
906 1860
300 760
571 779
2478 1991
774 1664
2287 1761
35 1795
1278 1162
2088 737
2354 735
468 1077
110 2196
1466 873
1231 974
666 2413
125 1192
1919 2065
2475 1111
1693 443
909 2412
157 2027
2206 2207
1621 1054
1103 1636
915 345
1319 122
245 2448
1696 434
602 1029
248 475
12 2418
2280 2379
323 1372
739 1181
1518 575
598 725
1226 579
311 2170
1366 589
352 1660
64 1537
1757 851
3 1251
615 1721
156 2099
129 2353
1556 347
1545 1897
485 1214
2445 165
114 145
1740 1573
296 456
2239 2499
1087 2324
588 2394
2516 1452
812 879
1644 2402
1291 2366
2060 707
1957 1138
1522 2066
723 1090
942 474
2191 72
952 1750
1447 680
2031 1261
1205 1946
70 1752
370 1990
2141 770
1204 412
758 412
1066 1341
2279 869
1172 2357
1179 760
2131 1122
2058 219
477 902
2299 410
2274 404
2137 853
878 2018
1320 1426
825 1793
636 2079
2140 170
910 1540
919 2224
2198 2153
2363 317
864 259
1600 2270
661 940
489 456
1322 2112
618 452
1010 443
2064 1078
641 1255
2306 400
1541 899
887 853
272 1293
393 11
2118 2341
1352 2093
2089 2347
1698 419
470 768
1604 1062
1665 5
854 1254
1876 1709
2290 11
1315 2198
1900 1712
1872 1259
1768 393
318 680
43 2391
1777 1368
139 2183
1417 604
1282 75
755 245
1352 312
2011 626
326 759
1853 94
730 2323
1685 1430
2322 1880
2183 1565
275 293
135 2387
1279 1083
1682 392
2092 723
1225 777
132 251
508 2018
1143 505
491 516
879 864
598 2178
2281 968
2208 1791
851 13
2463 1275
746 68
1424 1190
298 2340
1519 1380
1229 249
2023 1802
1007 2085
2131 876
1430 1349
1012 2040
2370 697
1693 416
1951 1234
14 1963
191 2216
139 1898
626 2364
507 9
1938 1522
2451 694
1454 2137
1119 2236
1581 2240
1344 808
1750 2076
1313 2407
1746 602
1871 27
388 535
1700 950
1297 2070
1414 2299
1922 1040
1203 774
1815 2173
2082 2467
1928 2442
2516 762
1204 938
2091 966
1532 1694
1034 2007
810 2049
1090 1292
215 2280
1021 869
2007 1876
396 859
1963 1576
1354 1401
1682 289
1350 2055
1176 881
1183 2479
190 837
1982 592
671 597
117 2208
918 1459
2440 321
249 1014
2144 149
79 1178
1045 1008
1167 747
1147 2457
2308 1908
2280 2298
2311 343
2179 1865
2248 371
581 667
721 2467
1007 257
2154 1949
590 1627
1716 1813
1325 239
2175 1956
488 314
1550 407
1359 1833
403 2376
2063 1173
849 1859
1606 1548
1946 1956
1688 2121
468 1034
1976 1459
840 1095
248 563
1872 739
1688 1084
1457 1246
470 1032
419 698
1398 2082
2441 649
1315 737
192 2340
1136 1520
561 2283
356 2160
1207 2505
2060 2138
1051 2344
811 1117
2057 417
974 983
1992 1594
836 605
137 1261
1319 1605
665 623
1916 1885
1929 1794
270 850
1289 1519
1758 445
1525 1044
1043 27
1876 60
2015 1167
2430 1627
432 2218
2031 2377
1549 1745
1245 583
1478 2488
1701 468
1570 1829
1600 871
2460 1788
783 1108
2036 70
592 1041
1405 1961
2333 2214
627 1726
383 970
1362 1489
1245 1525
2189 1057
447 518
1386 2222
463 344
1912 1454
1791 372
2126 1192
2059 18
1787 1416
349 82
2083 1337
188 193
1995 1435
154 862
1424 2041
530 2228
1139 1034
456 577
827 1411
531 1765
392 1237
543 1672
1269 1281
1740 2522
283 1149
1714 991
1630 1132
1165 1079
254 2415
387 789
1896 728
1424 1658
2323 2044
878 79
2117 1894
2222 1051
159 1702
1649 2292
2162 1930
2319 1300
2486 961
52 1961
2088 2145
46 330
1938 1145
519 490
2508 189
1775 2514
1681 112
2333 1390
744 1535
1259 456
77 2307
2093 1908
1199 895
1096 1493
1418 2434
1013 540
620 1342
172 1122
1067 2441
2391 455
1727 1398
351 869
1074 2372
2014 1332
320 1832
1820 1390
65 1034
1605 650
58 2311
466 722
2072 457
1921 843
1792 1978
2072 2448
281 2156
1491 1279
2289 836
542 948
2235 1953
1490 1787
2056 745
1027 702
2439 2384
1268 2134
1745 978
547 380
196 1097
268 537
2204 1410
1323 2400
430 1851
2467 1274
369 1618
275 2141
2359 2469
1551 1764
1307 903
614 1295
1902 1917
966 1279
2439 220
1308 707
2059 34
2247 220
564 1282
48 131
1881 94
1851 239
285 5
2194 876
499 1117
205 1620
2472 2296
679 2423
1000 2158
1521 924
127 112
2301 746
1416 998
1288 1991
524 2176
898 830
103 98
265 170
1369 2472
1768 1685
136 839
1120 519
1144 1987
2325 578
217 1577
272 202
613 1010
1097 402
1606 404
1528 1761
2495 902
1906 1556
387 1763
172 1456
1371 2374
642 2280
977 2439
1931 1250
1808 2373
177 1902
1769 1373
1338 365
2015 1229
2161 1409
497 553
113 489
1844 2097
1650 1411
2371 636
1531 2473
2487 1923
1917 2036
1399 515
1893 846
114 2402
1334 1128
1309 382
868 2413
2506 644
2058 2472
1931 2191
48 298
1751 1378
1930 492
520 1158
1188 2136
1500 1755
1159 363
2291 2272
449 2418
1556 1602
1912 1743
1263 705
1088 1040
2178 138
482 1676
2193 1150
324 1034
508 751
591 2087
930 1815
130 1261
298 1755
2312 163
810 2429
2508 891
1820 1999
1745 1820
1851 967
687 272
2375 1676
2408 2128
2331 619
1370 927
493 1109
1731 2081
348 412
2043 1866
2506 1489
254 1228
1196 291
9 1145
1130 1803
427 2055
633 2407
2419 2165
1619 1339
1817 1147
931 1251
242 931
535 2204
1172 2477
364 302
2390 1742
1460 231
1507 1768
698 1573
277 2428
1732 1947
1023 65
1936 921
412 631
674 1160
972 286
456 484
18 1229
2146 199
1794 1437
597 1683
1394 1341
2123 1626
1927 837
1126 2328
444 979
1223 799
97 378
48 2216
549 1774
1917 466
2378 2055
2413 2299
1683 2388
241 1892
1941 836
1851 1785
25 1404
173 2145
2412 583
1705 536
6 15
987 591
1279 2157
61 422
2382 1896
2370 2079
1063 1407
1873 2223
1846 1867
940 2203
1148 2002
1209 1833
562 98
2194 2429
1831 1998
2160 345
1965 115
398 747
1983 1128
2153 948
355 1780
2291 4
1924 2234
1568 874
1118 1075
1831 2302
1773 1688
641 1096
2043 2381
1098 1582
1341 632
2229 2147
425 1573
119 927
1881 2380
1729 2193
483 2509
154 2018
93 881
1830 2201
2023 96
1283 304
1387 695
317 1736
615 684
1860 1972
586 452
1268 1211
1952 1407
182 2255
754 516
1659 1353
257 2499
179 2213
164 2408
890 1389
2269 2289
790 842
908 2464
2355 236
1208 40
2035 152
177 1331
7 28
1617 2063
240 2514
576 1591
1265 989
1663 302
1387 237
572 2093
941 1552
347 82
1275 709
1444 277
2327 1010
2290 382
885 1383
1465 11
864 193
69 1501
2260 1336
1310 1558
973 1436
1162 1538
1764 260
816 1867
923 117
2439 1565
1669 1697
406 1528
1249 689
26 1291
510 810
62 632
1394 2128
1323 680
935 1545
1061 2046
738 399
2507 2465
1786 1443
2346 1973
2282 75
1141 2216
1241 2351
698 1129
1146 1320
1141 423
2022 2462
1737 1532
2079 1539
2406 1662
1942 294
1534 1562
603 2450
1209 1443
390 327
837 1945
1821 342
2118 997
282 1573
1824 1709
228 396
781 2412
1058 755
1652 1407
1757 2022
716 2115
194 1234
362 340
651 1346
482 421
1618 1228
1358 1450
1586 14
2258 531
1155 1154
857 846
88 927
663 1280
497 1309
1147 613
1824 568
389 1720
110 459
622 1858
7 499
903 387
1882 1552
1669 728
1572 3
785 2322
2123 1210
1274 549
268 1100
662 366
813 1239
351 1966
2179 588
2359 1282
2162 252
8 844
306 2308
496 1609
1760 1158
2375 582
950 1719
987 128
2238 2266
230 46
1788 1114
1173 1571
217 1706
2290 2516
2270 2312
1535 1133
834 1238
496 842
1710 2174
1903 397
457 1614
411 101
2171 2339
2081 95
1027 863
1199 1760
1866 2095
1800 2466
1285 1188
815 1098
1403 2045
1438 1383
2217 1802
1961 1610
1270 2492
393 528
1174 572
2334 495
1418 1915
634 2248
1967 2371
647 963
132 1680
560 722
1975 2520
1331 1624
1695 348
1033 1607
980 1054
819 2311
1261 58
1044 1197
1760 1177
539 1563
713 397
1224 979
2319 320
2318 453
1420 716
1369 2253
2446 1864
1973 1213
54 1957
269 2404
2276 2239
2312 835
1697 1231
1175 2066
249 1234
1871 713
1320 479
1193 2235
582 16
1540 1036
1635 225
89 872
822 2365
984 2290
1426 469
2116 11
2247 935
1081 2094
2449 200
90 2262
1438 621
555 1821
37 1293
1461 207
1598 1456
1365 1951
2441 2431
859 397
2499 982
696 2062
2067 733
1455 1537
2334 152
899 826
1730 613
1487 2345
1654 1403
998 881
2407 1343
2162 179
1082 203
1626 1031
1428 2155
1117 703
743 1464
2041 357
1888 2511
2090 2494
661 1107
1534 1105
772 758
