788 1392
1544 2447
2379 1076
1203 954
2295 931
316 1610
1945 362
139 1140
770 1213
1945 1034
1557 414
1792 728
298 2457
2190 2008
769 2326
1515 2279
1662 806
914 2178
1831 2240
329 1192
1593 1410
1547 1533
544 1701
889 383
851 2492
1915 1900
2174 1707
1692 870
1122 2038
909 526
251 186
1447 1095
1872 1812
1176 562
336 2314
776 848
386 526
570 326
2305 1304
2519 2380
357 1125
1907 437
2514 409
1830 1098
992 1239
964 469
2134 1199
253 1342
318 978
889 19
1067 1202
1975 674
1880 1863
2173 866
407 1134
23 1166
674 322
1060 1022
414 54
1738 1017
1108 112
1527 378
873 186
1317 1119
1392 1333
611 1144
2055 1547
2427 1338
2480 1362
1197 1689
97 1379
628 980
1157 2084
905 627
2345 1985
1409 742
1731 1092
1540 81
2071 751
738 894
1514 417
1277 2279
1808 5
1968 2429
794 1481
1400 2399
300 2288
952 221
2346 2350
2375 1990
2024 1621
2484 2300
239 1692
1636 914
1852 693
1151 2401
1883 1758
63 1565
1456 268
2168 297
2007 150
1254 2150
573 1699
1035 1824
337 2056
1044 353
711 787
1654 2276
1764 401
1163 1417
25 110
1410 924
1199 1750
1478 48
1138 132
1109 460
1400 528
1974 2141
143 394
1449 1639
1089 2326
283 1930
1928 2214
946 1193
1802 2156
981 1286
755 76
1586 53
959 1253
1872 393
2452 1193
1261 929
1540 528
1450 2259
1358 1625
2140 313
983 2000
1999 2226
419 1022
920 1584
2516 1148
1238 633
1917 880
1905 438
717 62
2517 1246
1406 2414
572 2105
785 1886
1257 1268
847 1779
2470 2301
870 1555
1924 1101
2330 1334
2046 2070
1330 769
941 2084
155 1324
1228 1002
5 2440
1624 857
1147 523
1540 361
1148 1357
46 1289
1132 2064
870 1599
1581 239
1566 1812
1199 2290
1304 552
2484 1627
436 1752
1001 105
1362 2170
2396 1063
130 675
1024 1456
1616 757
337 101
1391 228
2058 1685
480 1991
1511 471
514 1119
1850 2093
102 827
922 1439
274 1353
1873 2028
1032 1655
815 1719
2366 2411
592 1894
2475 931
713 146
1514 1762
553 2214
52 1277
1537 282
1020 2225
1409 763
1855 1254
137 1232
1091 2513
2472 2139
161 1755
1303 120
41 1241
1367 2167
1764 2053
753 621
2051 177
1022 1447
1736 1565
50 1354
1083 1782
2279 1540
1396 1053
2124 1718
1605 2366
1488 2505
1040 2148
996 182
1334 2487
596 1699
1202 1324
1231 524
774 1820
2020 2386
470 641
90 1966
1901 150
2151 1620
1739 432
1666 16
561 1292
488 2341
204 2484
115 1873
2305 2312
457 1011
891 812
1080 1503
1957 328
1331 2381
2342 56
1968 348
1119 786
308 33
1022 2052
631 1951
1631 582
1384 2160
262 1833
59 2393
872 1268
1599 1924
1203 87
1034 259
1199 465
2287 37
1081 961
638 1332
2324 2126
531 165
2489 1423
844 2493
2066 2033
324 2143
374 1192
350 1370
1439 1593
149 952
305 2480
2321 1507
1802 2269
2208 498
499 1506
1464 2004
1677 819
2199 1710
429 1188
2145 2191
1068 2516
2150 1481
2330 439
2123 768
567 2034
1259 2022
2173 2191
1511 357
130 960
1659 491
683 2514
994 1318
366 2494
1221 2427
235 1511
1138 1653
1913 927
1935 216
414 162
499 712
2200 1689
104 1786
626 2196
1704 2184
2177 539
746 1536
1997 674
847 2197
61 1237
2230 121
426 1439
174 904
2085 5
291 2027
201 512
2314 2058
80 1067
102 883
1070 1994
371 95
1902 2019
1986 1286
1014 115
1105 482
1207 1559
1275 1605
820 1320
1500 608
2151 838
60 903
2042 1653
684 1253
185 1104
2179 2128
1402 1046
2316 356
1773 1481
2080 1094
2411 1214
1548 1947
535 171
1489 2246
4 1819
234 2345
2146 2150
49 1178
1129 920
341 1157
1652 1461
624 412
2183 404
644 2297
1773 1669
387 1030
268 1366
1288 154
2337 849
210 2152
1706 1464
907 112
1335 955
1659 2311
977 2490
357 1546
1349 171
304 2451
1234 839
2470 2154
234 644
581 1938
115 1531
84 255
2182 211
2258 1590
90 1944
378 99
890 1056
88 1183
1919 1163
611 466
312 173
1991 1238
1849 716
1468 1829
130 2202
86 1544
1385 792
1300 1380
68 299
1057 98
322 433
2245 122
1212 2201
2211 1869
1310 1691
1858 2128
462 2090
2125 2256
2054 1096
1253 1777
1900 2119
1907 150
14 1024
1088 493
844 1026
2290 684
125 1501
272 1136
2001 1835
1242 1837
2212 2030
1572 27
580 795
854 1585
1865 1234
523 1778
465 1199
2209 462
1579 1271
679 1416
1851 1149
938 2378
1901 2019
395 969
1486 228
2379 598
25 1624
604 586
1336 921
1281 2126
1125 1187
1359 456
1952 174
2499 1650
1405 68
1421 1342
1301 1017
2069 2286
1762 1634
1479 2122
1400 848
2506 1525
622 694
112 215
1643 2130
2157 1271
1809 2372
537 1733
2504 743
2495 1727
996 2524
1968 1850
413 1310
1755 1017
1836 619
2023 1866
1620 1634
1886 2448
979 905
161 1360
843 347
1454 81
754 708
1212 2472
523 475
635 1347
1174 370
748 2446
2273 810
733 1012
1029 1889
1636 114
861 1337
2256 2008
541 212
236 2336
2222 130
210 1479
2163 905
1016 2191
1420 678
1770 1174
2237 1988
725 1747
1642 2126
381 1398
2250 568
2233 228
36 902
2257 1160
263 2274
1219 171
1743 2084
76 947
496 1510
2387 965
2488 522
1294 1744
1046 1819
2012 1528
1867 1463
1252 1916
1542 368
2106 1916
592 2255
1011 671
1723 563
1637 1892
862 2295
994 1154
1380 936
1841 554
1487 1353
1346 1068
590 409
1937 1735
494 547
1518 1212
461 1415
2108 1940
2411 1227
578 1934
2441 2193
1851 2029
531 250
837 1170
578 23
2323 470
2323 520
822 1412
1381 1543
2109 1360
426 556
879 1324
17 2438
1853 1486
102 2270
1186 646
595 1756
2390 1987
375 1976
2221 1274
1968 933
2081 1808
2298 49
2013 1249
670 381
1561 798
2221 2171
2518 1628
731 2398
1668 408
1609 1816
1395 1268
2089 2432
114 1612
1839 2369
852 1912
2064 360
2405 2313
1525 528
1594 2143
1084 1578
10 327
911 747
1975 360
1348 1321
428 1641
1055 1174
2114 180
583 149
2123 1659
493 460
2200 1467
2478 1287
256 2485
773 1248
220 309
1307 2065
592 370
1990 1141
2346 487
140 314
1234 669
685 1533
133 815
131 164
2317 797
2269 818
718 1150
1158 512
1385 2521
715 1420
855 118
711 534
1373 524
1452 263
2368 822
1627 1734
250 1621
409 2308
897 883
1384 743
1793 530
1254 1292
710 891
1884 153
650 349
870 388
1661 1521
383 662
635 1528
852 619
1656 1621
2136 273
1288 1004
1042 2286
449 167
2358 363
987 481
655 560
1788 2283
2242 1946
384 21
1706 1278
2077 1578
420 1252
909 1888
2022 125
449 1687
458 844
678 614
640 1104
2293 371
629 7
542 813
1158 251
1303 855
993 564
1102 1776
891 1940
2132 1928
1146 63
2046 1783
772 597
2039 414
490 2082
703 1143
634 133
1844 580
71 2384
1168 1067
631 399
1375 2073
2443 407
4 1758
1978 2388
2056 893
666 801
2493 633
1818 473
1787 1670
1015 1917
2284 431
1474 1134
1572 1680
1571 2096
881 474
1105 623
2083 1755
478 2498
1410 808
270 1745
2141 1385
2358 1440
2452 41
1014 642
594 1334
1744 47
2205 1133
1369 909
323 2402
210 624
1604 1529
1992 263
1295 2361
2085 544
2065 883
1936 585
1458 1202
1895 1061
306 403
323 2303
2482 2218
20 778
2024 160
774 1658
114 647
2283 749
840 458
1647 1767
767 2181
11 1781
618 1217
808 954
1297 2238
2237 1699
1187 1357
2429 1990
412 1502
2046 571
1855 1268
1873 1269
102 1411
919 264
1944 1502
2310 832
850 331
608 1502
883 1284
2079 2419
1468 1021
800 410
1924 1901
1757 2090
933 931
460 54
916 323
318 1453
2420 980
1390 2094
533 973
307 799
590 1749
2143 2368
2191 2495
1390 1817
1807 859
494 1274
1993 1741
1173 680
1413 178
617 865
2242 2496
1850 1712
1038 312
1508 395
1872 340
1063 708
645 1093
331 1209
2356 1753
838 1592
1597 2477
1533 125
1574 2271
1984 1342
1722 2520
961 864
436 331
1445 1142
2050 523
47 1214
11 218
809 1573
1848 84
1413 2271
685 1196
105 1290
1845 2291
1418 834
1460 997
23 804
2269 14
1941 438
1219 250
561 2308
2155 333
1841 1933
240 765
550 2506
583 339
933 165
1399 270
511 2464
2048 2322
956 475
729 927
1105 2017
1039 1290
833 279
2292 2505
1379 2280
1293 2349
196 2082
2494 1006
2480 435
139 2418
1930 415
2158 277
1741 1645
326 102
245 182
2413 2015
2222 1715
1522 1712
2419 304
399 230
129 621
122 2447
1853 1847
54 1570
632 1452
984 218
1407 294
46 298
985 1940
517 1076
2345 607
1652 416
2463 2119
2441 218
1700 218
426 124
676 717
605 354
1566 465
2022 1624
155 1443
1626 2212
624 164
1110 2101
741 859
166 432
1845 716
297 2490
355 72
850 1819
5 642
414 1838
405 1742
1893 658
229 1980
1631 700
112 1531
1765 2387
292 996
1259 1167
2000 2174
1783 1436
2211 1293
1459 1688
1927 1163
1768 1046
776 718
2475 1022
478 929
1729 1143
361 619
2108 43
2096 440
1348 857
410 2009
412 500
850 677
1186 723
870 2199
2108 2205
1112 1988
2 2098
2039 2214
334 664
124 580
1408 200
1397 2083
580 155
2434 460
1708 1641
97 2176
1013 2282
1200 1739
761 2260
478 930
1845 482
1538 168
2501 2040
2383 1214
610 1176
2313 2379
579 13
2228 775
1781 1004
94 1282
1853 1467
1115 2305
1955 417
10 2066
2190 546
2379 122
2016 1243
1058 1205
1735 482
103 966
209 972
1036 1495
376 2317
1017 440
1835 1389
915 125
117 1650
670 1208
1119 2078
1448 886
1158 2398
2480 858
1191 2222
79 1512
2444 1973
1845 1694
2182 589
2490 717
2419 428
814 1073
2383 683
1358 81
2141 2089
73 684
1998 36
2294 653
1414 1090
1029 1396
2057 2058
1684 1444
502 1358
2311 564
2444 54
269 408
1531 2333
2165 1634
527 1036
412 1085
2118 2183
156 1597
1274 1214
473 2235
2107 274
1599 2288
1765 1397
1043 1505
5 598
1855 2515
914 794
80 1814
737 1591
585 586
1714 1054
2329 1662
1549 1665
2456 1280
1455 1427
975 2266
198 1448
2490 2089
134 597
1593 878
2475 2314
1395 925
2257 713
399 117
1509 682
2427 880
504 8
1575 1144
85 2398
2342 2367
60 124
2315 472
1071 2381
1533 667
879 898
888 2077
2123 2162
2380 1736
445 1017
949 974
33 1827
2269 1103
1090 2475
554 1241
278 244
2129 586
225 367
1796 855
223 83
1652 476
292 1149
1525 2223
1164 579
2344 2461
1874 2028
2256 1232
2366 1818
764 546
1432 691
120 1039
856 1062
1984 2170
397 1953
1394 395
1413 2184
426 1065
2124 443
822 1496
15 2041
206 1103
2041 807
647 1941
1123 941
226 889
1508 1725
176 218
1870 687
1521 1734
1862 1792
2094 2436
373 1834
919 1173
1191 1052
341 1809
2447 2309
2036 2057
499 1018
490 1552
1683 2242
1335 394
321 2476
2409 1536
1379 1815
1476 2194
2254 423
2199 1807
1024 2418
1187 815
1860 78
1595 734
74 691
923 2303
2239 1723
1159 1450
2434 2282
1942 683
972 2134
974 1928
1744 1509
2371 2181
2520 1009
2257 54
2468 1128
1174 1827
2487 2272
911 2059
582 154
2413 2435
1351 1595
1735 1093
1003 583
1584 1545
633 1153
614 1924
1446 1472
1509 62
2136 847
1762 1404
302 699
1331 3
1470 939
1933 533
1985 1547
938 1164
963 438
100 1298
82 1977
218 56
1445 568
1702 1872
232 1836
1830 267
1761 1329
2048 2064
1993 685
1218 145
1673 1656
2416 2252
590 5
2119 1897
2022 753
763 451
1144 2029
2058 1534
323 410
62 2053
445 1246
56 1316
2190 2317
852 982
1431 1332
809 2018
409 1997
1435 2311
2425 1331
1624 432
1403 1443
59 193
1464 1180
2025 952
1208 644
2414 1689
1557 2475
884 428
1480 1337
721 955
1584 792
1453 428
805 1671
844 2257
122 885
137 53
2294 2522
2439 1200
1382 156
2230 1272
1726 539
2083 2188
176 2348
1947 1001
24 1989
296 2321
197 1138
961 1892
2337 2490
672 1334
41 1031
47 1250
586 436
204 2268
2060 302
389 1362
282 170
289 1258
794 2038
1670 1561
736 728
2006 550
2057 1624
900 1939
573 1746
388 1485
1595 2101
557 449
371 980
1595 2473
2331 1390
324 724
120 2192
488 1769
424 1333
2045 511
867 2316
1322 1135
786 1003
2353 226
2084 2492
1249 430
1967 1755
1318 2230
170 727
453 1466
2262 357
1447 2350
1462 2233
2125 2096
390 1274
919 690
2042 1567
2308 1623
1777 957
476 1285
417 2141
209 1308
2069 957
446 2162
1313 2063
211 1038
1031 171
415 583
1071 922
785 2184
919 2112
505 1518
2215 1698
1176 70
1329 87
855 1989
1030 2414
1664 1079
908 1020
1436 13
1672 118
1827 657
618 2200
966 1243
1606 2366
1593 917
1867 1955
1783 700
2509 469
2413 2482
896 1783
816 1188
172 2343
1882 1182
105 273
1611 2056
866 1479
987 718
1854 193
717 563
46 504
594 235
2023 40
771 773
2260 1214
509 2466
1615 1239
753 2410
20 1736
1070 603
346 1683
1972 818
2190 1547
2021 1250
1558 1889
349 2097
571 1736
2483 587
204 2495
1519 1011
707 2287
502 227
281 1857
2212 803
2448 2148
891 235
520 1641
499 1748
101 1084
596 824
1535 2250
2462 1606
1918 2400
2217 2477
1717 2260
2238 1728
115 1110
1082 2428
614 547
332 705
1991 2062
1537 2328
820 715
1230 229
83 1703
951 990
2220 1496
956 1059
1359 2166
1911 1572
451 641
628 1634
1645 716
771 2049
1140 1510
28 2273
1535 2155
2456 663
18 1563
1996 1017
557 864
352 117
1679 2227
2200 1376
882 2150
1163 1722
1938 1812
145 844
1401 1396
1723 476
453 30
334 64
1511 55
1884 1492
2120 1201
2253 345
1447 1926
54 1724
1528 247
365 329
2229 1104
2328 2231
924 2471
1169 217
2034 1945
1617 582
2284 723
585 391
1399 92
237 1294
1863 1952
781 1114
105 641
995 2391
2231 118
1566 1207
2272 920
2122 2390
1152 744
1624 38
1631 835
1329 1094
1400 812
1664 1379
2370 1513
120 1371
2168 394
3 1844
832 1673
809 1078
605 2234
1133 2036
894 639
1450 2177
2214 2344
658 262
2198 393
795 178
1062 1980
880 373
1441 139
173 2032
2171 1506
1121 2026
1421 1854
2462 1760
905 786
1518 754
1447 536
376 1038
1228 252
1914 862
1347 2016
1963 324
2438 1700
679 436
1244 910
1511 1158
1364 2273
1382 605
847 5
1357 26
2316 381
788 329
50 1823
951 1345
1470 2499
2360 471
2183 974
933 1024
903 2108
1250 922
2205 827
712 1051
996 1678
1713 1078
2473 2275
123 145
281 1384
2170 2509
1851 1006
1563 1787
371 202
2309 2114
1455 11
2262 801
526 2032
1132 1206
2273 1188
41 38
2174 2264
2035 1926
751 1813
978 2424
858 548
283 388
1746 2161
1869 1122
1221 503
1264 1058
2336 82
865 203
1498 2300
1925 56
234 2168
1549 2449
2086 829
1305 1994
1769 882
1503 2465
1580 2516
1441 1067
1396 1579
605 526
2073 534
2175 1535
1986 2071
257 887
1949 1563
951 723
2409 396
399 166
1888 123
1115 2449
868 1595
295 1134
2105 54
1305 2368
665 1939
2416 1997
295 1716
1014 409
177 609
885 485
2446 1215
1193 1419
81 1126
757 305
1844 114
1948 1378
1072 2062
979 117
1537 658
244 1684
1780 1137
2337 243
2420 2220
1318 448
410 2229
46 2516
594 1028
1482 1820
707 2486
1380 375
2295 545
893 794
388 1958
816 1681
2115 1700
93 1277
1069 1708
993 1878
1516 1213
1675 2384
123 245
1107 1501
1381 1836
813 389
1074 1129
359 2086
505 1026
1426 1088
100 1057
1123 880
2298 1958
616 1867
117 126
214 1487
1596 531
1015 952
522 368
1160 583
1855 386
1473 239
471 1573
1110 622
2162 525
2377 1352
2239 1878
2312 423
155 19
440 2150
1047 1205
2481 1774
942 2139
966 1894
164 2234
1737 2267
1667 1689
340 414
2103 288
1432 1457
249 308
2504 2444
1120 697
607 175
1993 262
1255 298
1614 0
1589 1087
997 119
1032 1397
698 1939
1357 854
686 436
1229 2506
1869 660
1362 2316
260 1987
2064 2131
1763 2014
2396 999
383 2119
451 474
1572 2380
1857 9
1144 2403
1831 1732
356 1902
1388 846
2376 2147
696 1635
641 1211
901 2058
2010 884
579 1773
1251 2033
904 1396
2076 1126
1850 1292
1475 717
2517 1204
998 1696
2364 472
234 411
270 2324
1141 916
829 118
1424 345
1981 2187
1981 706
1525 1597
1884 2357
508 1935
289 2274
366 1541
2366 85
1852 1896
2014 1477
424 1704
200 1769
2246 832
926 1932
909 2271
504 2418
1456 154
2184 759
1945 1347
1215 1282
495 2365
1632 1523
1976 995
460 319
255 1132
1685 335
1462 1178
2140 2145
539 864
1137 2191
195 2373
57 2298
1832 114
255 1037
1960 808
1380 1778
202 2058
1202 2346
1026 2451
2481 386
778 1784
1739 1792
1899 1063
1698 1967
16 20
764 2348
1103 2379
282 232
337 1560
964 420
870 1435
224 1756
109 24
757 110
587 2146
2064 2235
73 1872
2396 2144
1770 1878
59 1696
2237 1509
2014 1259
192 2253
2392 594
465 2000
493 981
455 575
1468 1575
1354 267
488 585
428 240
177 1001
2430 1295
11 2308
165 832
1518 1993
2271 475
1428 65
1836 1733
2470 599
1693 887
2107 444
1606 1699
2138 482
2055 1264
173 1567
514 351
531 1702
2047 1085
1231 1364
1204 1151
2136 1919
997 415
1154 99
894 129
243 311
1463 1969
2315 1856
1358 2395
305 262
1263 1792
2167 867
601 728
295 2392
514 1084
1335 2133
604 1309
467 98
2108 1956
1493 1978
349 1060
518 2304
1375 560
740 2435
981 558
793 2361
273 1975
1424 1946
220 795
2070 1191
1671 688
307 1396
2238 192
81 1433
1353 1696
392 1996
879 647
314 1594
658 1723
1311 331
2310 1579
15 1918
2071 2374
1559 1170
1600 2207
1479 1461
1381 1295
1011 620
1240 1308
1958 938
964 582
1625 1479
859 100
412 1126
942 736
45 792
1606 1879
2203 1629
1183 2185
257 2214
2288 2358
1468 2498
1584 1104
1803 800
908 1357
1754 2105
2322 825
1514 397
2354 724
186 2365
722 1712
1050 2398
1923 1579
2443 1631
867 792
1693 2352
93 2030
901 870
2043 802
954 1795
2499 1788
668 1536
1174 1947
724 492
1725 256
1193 2341
1169 329
860 1782
2209 1548
1455 534
2394 2278
466 2330
251 1013
219 920
16 124
215 685
986 937
2180 597
813 1128
1836 336
327 1882
937 794
1746 609
127 2370
1377 1159
625 627
337 1122
1839 1193
343 1465
1342 1851
1657 1230
1328 487
946 810
2131 1291
429 1346
2190 477
763 1048
632 2469
1200 1931
433 589
1541 1480
2409 2353
2479 1502
821 770
2107 1403
1123 1991
1054 1346
1382 1685
86 769
586 2501
1466 867
933 2244
441 1211
598 485
1661 1493
411 1681
1059 1740
857 593
2059 531
1468 1258
1683 630
1910 755
227 2348
2172 1931
1034 484
1727 1998
1556 1678
424 212
1003 2473
871 478
573 801
2336 281
606 1953
2380 1199
383 2018
9 1242
608 1712
1629 1694
2056 2023
468 1564
255 368
1525 1245
299 2117
2076 1233
998 235
1562 986
2057 1663
242 1702
743 2267
1855 1319
2168 418
1398 1948
1040 1503
1586 2006
1960 2114
2136 37
1019 2447
1779 1462
1991 1196
2264 1823
2053 23
242 1923
326 1141
293 2005
1289 2120
1999 315
495 1937
50 183
1515 1191
741 2140
306 2383
156 1566
1948 8
43 1370
1987 783
1056 975
96 2170
1292 1127
1589 1369
1065 1629
917 1379
2171 1850
2115 2461
257 256
1701 190
2280 633
246 731
372 1807
1200 108
419 2154
2463 1144
123 335
2492 1032
2148 1034
1742 1236
618 1726
1670 2510
1379 972
124 2350
2327 364
462 1417
210 1020
1492 911
1141 313
2000 149
418 1013
1498 13
1905 1097
779 1865
2285 2123
1374 1862
264 930
1783 2157
1933 1365
1490 1677
1427 67
1746 2213
4 1694
2302 103
1433 2348
1565 2151
1874 1335
938 369
1397 1874
1654 1971
656 2170
2294 993
2231 1316
1038 2478
1129 2060
1099 1970
1891 1708
2190 2274
1214 907
2406 887
1817 1579
2456 284
2349 1789
2487 526
190 99
1062 2440
771 1145
1176 1070
898 2357
171 233
1597 1161
2080 2357
1876 2412
2437 2247
32 898
1854 1087
2335 1497
1428 1155
1693 1854
2455 449
2109 315
1528 1025
2284 2100
218 988
2313 1168
674 1100
1123 2511
1858 1770
1240 209
1883 5
1756 348
2143 1896
672 1659
1732 1580
1837 805
1302 1144
243 2064
946 2452
2467 1392
2357 1100
1810 1267
580 633
259 1626
901 766
2492 1241
7 491
696 1170
2016 1004
697 1929
1540 1477
456 1415
913 45
1648 1166
2478 645
507 284
2118 2448
1019 311
1351 616
1552 987
1847 667
2455 1840
1436 1761
2347 1990
610 1199
686 1148
59 432
2026 318
1238 1554
1035 1877
775 930
2325 291
1708 2231
816 738
2498 1865
2283 1693
730 1363
1314 395
2385 941
61 2501
457 323
481 1084
1100 1208
213 1496
998 1761
1821 29
2270 748
1763 95
992 1348
650 2079
1659 516
259 1859
535 284
2463 122
508 1644
2427 1499
136 1873
2278 2106
842 880
1312 795
370 2267
1221 5
2111 1467
2039 1794
1255 489
1147 956
817 1000
191 794
1070 1853
1199 1217
1931 2236
1692 2309
2193 987
1851 866
613 1013
2514 2016
524 14
1783 331
358 1614
1176 1960
1723 1285
235 1788
573 384
2193 1633
2119 2388
868 1415
1493 2420
284 187
40 167
1639 2484
1387 604
1613 905
2100 87
344 818
1460 1235
1964 1370
216 1496
330 251
2145 1220
1222 2232
211 2171
912 1273
238 2414
1599 125
119 461
2120 111
936 1288
405 737
447 782
539 331
1391 500
1667 1209
86 1462
1882 1676
1401 2103
759 2275
2234 625
2146 850
855 1152
1001 2180
456 1142
394 615
2418 402
225 2456
1842 402
1179 765
1724 29
501 2062
1402 1244
757 975
1458 288
1427 946
2521 928
536 423
1795 2163
1434 1805
1133 1495
1379 280
2030 1859
948 595
1289 867
1114 537
2409 1398
1243 2441
757 2183
1173 618
1554 292
920 1281
1855 594
25 2388
2312 406
2435 1179
2326 177
1422 1195
1989 980
2075 2129
1243 2175
922 2105
2516 2294
874 2320
553 1981
15 2436
1748 168
1558 446
2437 35
2385 2303
969 1228
234 2338
737 1909
2248 2072
1855 734
2090 1408
2076 150
1451 2209
244 1923
874 1981
2437 190
707 1587
2509 1119
1640 1751
1476 2036
161 1677
1751 2336
988 287
201 1044
1648 2038
1842 1006
1313 1947
2131 1553
2451 1849
756 2330
827 1163
1280 1391
2330 1421
995 862
1772 2173
549 1737
739 2310
1841 1088
1566 567
1121 106
711 1125
1867 1493
1647 344
2085 2043
554 1836
1773 2162
638 217
3 2440
2330 1241
1956 1406
175 874
1084 1355
1412 1111
2050 135
158 1334
1959 1734
121 505
2038 1963
1862 1153
529 131
1255 2172
1756 1359
1094 1082
855 130
1006 932
2430 2027
865 1560
2099 1645
1452 566
1999 861
2472 1348
2036 2140
2254 2466
787 143
2 1203
843 489
2508 1113
1840 2319
1987 2306
2206 977
2332 145
516 1285
19 1305
403 565
526 2130
1365 1557
2505 1138
955 505
1178 2391
2025 2502
572 2091
1936 896
2114 723
1119 2119
369 407
386 1340
686 2510
1322 1529
1293 706
2371 1480
816 2037
1855 1632
1463 2368
2252 2070
2512 2439
193 51
622 257
1598 780
2002 2490
1358 1505
1973 484
544 586
844 783
248 987
1376 217
1062 1824
1419 364
1753 1884
1917 207
261 1868
1551 827
1373 1905
1267 742
1261 800
298 429
430 1130
759 1779
49 1101
1946 258
1915 1237
1969 955
57 2170
373 1007
1467 2132
2084 1779
2261 1173
747 2512
1242 995
1757 223
65 2499
2202 745
1229 2186
287 573
228 59
2437 1350
961 1158
692 254
2024 115
1905 368
1944 513
2259 2416
832 1738
2006 2195
2455 1739
1775 1059
1844 362
2502 1817
605 1786
1155 2338
1816 1547
1551 1553
1262 1791
1311 471
2495 2024
812 1338
1284 1685
2247 2412
239 944
2255 1014
1038 878
1017 1037
994 1669
1368 376
1770 2185
263 1194
798 89
2069 1991
403 406
2309 2437
2005 457
1680 2489
2226 2204
884 590
2080 2242
2417 724
219 7
1596 1675
1426 1552
83 52
1537 748
1764 1182
371 574
2040 1699
770 172
2199 1978
515 1166
1453 649
1875 2116
683 498
1926 210
1797 1884
2316 1014
160 112
784 791
334 325
2206 161
708 774
2121 1475
1163 1794
661 1803
91 359
2343 1532
2310 761
502 2127
2524 1681
1568 2026
2002 1897
26 1713
2043 2319
2487 1915
301 957
2397 490
2251 1666
2356 1024
2442 96
1653 278
634 442
935 1773
552 2398
673 230
2502 1444
718 594
1375 2478
994 2079
1632 582
316 1085
847 1997
444 1087
1477 2306
1584 296
1198 1083
1450 465
1093 37
144 900
205 1800
2458 2159
760 406
471 834
1748 909
751 311
1664 994
1812 2233
2289 2311
174 2378
954 494
1909 533
1582 466
1558 2093
857 2089
1171 476
1011 404
848 70
2190 1445
2344 928
260 5
1549 111
1041 1412
1175 853
236 2116
175 2492
1106 2192
2253 1824
266 2524
234 1416
943 1877
1906 1690
984 626
2487 1090
432 1518
976 2213
19 448
354 1335
1389 264
1466 2236
2297 2267
1685 248
1757 1785
1660 1750
176 2510
203 643
959 1852
266 2169
1594 329
2211 1478
2252 1286
1083 1600
1346 1517
1768 280
2040 2310
1267 1711
1890 1333
1091 473
71 1263
719 286
1013 1065
2508 1282
1247 498
488 1206
469 1119
2016 326
423 372
2244 2093
601 638
987 889
2425 587
948 686
1232 85
1495 767
974 1496
2374 1426
354 93
2449 880
601 821
2004 1280
706 1256
1989 398
1424 2082
928 2462
1375 358
614 1504
2371 1091
2438 2371
1499 1173
2129 1780
1970 472
1478 1039
2206 1383
633 1242
1668 941
1282 47
2518 241
1794 1832
801 179
1071 916
825 993
547 948
494 1733
1526 755
2240 1489
7 772
102 2250
367 1284
1604 17
760 664
2080 1082
269 959
556 2332
298 1017
2266 1768
1808 1564
2009 881
1873 2183
2118 1250
59 2247
561 2484
2224 962
1466 983
125 485
875 227
181 1370
1395 929
714 2084
987 2297
2485 1144
826 1532
2492 1515
241 380
2342 2223
1887 298
117 1334
1572 601
288 1270
638 699
2051 28
2436 1202
2301 1357
1029 207
38 2464
1450 1490
713 2089
463 964
1377 1516
638 2210
1769 1899
1433 1010
1335 2127
968 91
435 70
1282 358
2032 245
934 109
405 1383
32 1281
89 2226
669 581
625 321
1311 631
2408 92
2333 1094
26 1800
254 1405
2047 2260
10 384
1567 647
953 2189
1612 999
2284 397
2419 1338
1742 541
2075 1089
279 2132
1102 413
718 35
1002 2160
1282 830
2302 2278
77 2365
681 2245
598 669
1812 1896
1653 2430
716 331
1852 219
1936 804
1337 1662
2505 1849
995 341
2307 372
1598 318
1899 1152
2041 567
67 710
573 1055
1162 2523
1889 1543
2195 759
1776 1329
2255 1758
814 2522
762 1741
883 1159
1962 1300
1893 462
54 787
404 1086
512 900
2031 1547
210 326
388 459
2455 74
670 930
312 65
1476 473
1800 2047
821 2272
1480 2137
256 1058
1478 1141
14 2018
1604 658
2318 2071
828 281
1869 1219
1178 1018
965 394
566 1899
1287 1854
946 441
334 3
877 197
591 561
2079 150
230 2429
595 2450
1356 690
536 1045
1753 514
560 2241
1270 1640
110 2124
2233 1652
1816 548
162 1758
909 766
203 520
2069 370
1225 992
1888 966
1705 1395
723 438
26 1801
1413 704
680 315
821 1022
1521 1094
1016 1978
1871 100
178 2473
1852 774
1181 2447
514 1976
100 1911
2011 888
1014 2418
1593 1576
2014 985
1989 62
715 1601
2148 1308
36 993
2501 258
2389 1204
994 364
1275 1873
2464 1150
823 2123
1436 1837
1594 2232
1249 1088
1284 1953
1909 2502
306 1554
423 1441
1317 1510
2130 1386
590 876
1365 1905
1355 1724
860 1697
2519 926
721 1048
1660 2145
2026 1969
116 547
16 1370
1769 256
686 1476
732 1656
623 1416
607 15
785 1506
1666 245
1141 1500
164 1308
1499 766
1395 1986
2291 2317
138 1664
1398 1757
1667 46
47 1245
402 1176
1370 1801
1615 403
404 1667
1192 1429
1593 1903
2112 2037
2149 1654
1564 2422
1974 1392
1845 1662
2090 900
2001 713
1025 1164
2343 802
749 588
521 157
2115 1312
1776 2494
859 826
715 43
593 1403
1425 1523
2442 2520
487 1896
1308 978
354 2061
566 1476
1721 2259
1169 433
2499 1839
548 694
2487 2044
323 2005
338 1989
749 2314
1529 2217
205 1286
728 661
642 1469
2179 152
1440 1936
46 1371
1160 2283
1237 133
870 586
35 937
1543 1632
2465 102
418 1885
548 784
1818 2371
1895 1671
1555 1133
2022 2448
1810 671
1126 667
296 2071
2112 2147
1840 580
687 829
619 2453
934 2171
2212 1073
573 1256
627 2307
410 2321
89 172
172 1205
700 1512
1855 1385
719 604
381 1653
1273 156
1804 1175
1164 2385
1020 1395
1515 858
2329 236
391 290
1040 139
2180 549
466 642
2454 493
1768 187
1024 1570
1928 1166
604 812
2275 1591
1548 13
612 1325
1648 1706
2476 290
205 813
621 636
1003 45
1620 2264
2285 769
2180 432
644 2373
1223 2485
268 2477
1845 2319
2377 430
42 23
456 1288
210 681
2387 1386
2164 803
1760 2370
278 2306
1499 1660
665 2304
2033 1886
694 2294
2345 1524
1820 2340
194 156
592 148
685 1699
936 528
966 671
563 1944
758 1236
1623 647
104 59
2473 1383
1448 2318
1664 1276
571 1092
543 362
1459 1366
2206 2049
1454 50
1782 2058
800 199
1804 614
763 672
1509 2318
1142 715
1001 1160
769 1766
548 1840
2287 746
2081 1558
880 1727
566 759
2447 1241
1879 1855
2322 478
2504 379
2516 2149
2119 684
1554 1754
226 2135
951 2223
229 484
1964 2051
1457 1228
839 78
1501 652
816 115
2000 989
544 2275
1221 755
742 966
262 284
2298 1875
2138 1973
476 2453
2454 227
1222 997
1288 948
2011 1600
496 1785
1523 2238
1258 2119
1367 1121
2202 1411
1624 1083
1411 1540
2485 415
1598 2034
364 335
2128 1349
321 296
1640 1190
1163 932
793 726
980 1994
654 603
2479 2228
383 397
1546 930
528 496
988 1079
689 2045
574 745
1607 1889
276 1980
1318 2482
292 42
1884 1928
2361 127
1094 1635
144 897
2221 2448
1722 568
1548 1951
1079 1213
1389 106
1016 1363
999 424
2230 73
2087 1026
1999 485
2076 1550
2271 1644
2247 1778
307 2043
1696 1046
604 1652
1161 2518
2178 1280
600 1799
1323 2128
1267 801
822 2059
3 678
1077 1295
507 447
625 2180
1925 1867
808 1089
1717 1433
550 2436
2206 1592
1464 1399
1353 1994
2314 1905
2271 962
108 139
307 1839
1624 634
2515 483
143 926
835 1738
425 1574
482 1735
2387 2311
2369 1802
1826 1566
1151 619
1724 2390
627 918
2060 2018
17 2253
2397 917
1820 1368
1288 1787
704 1779
1481 1801
742 1113
2328 2006
593 2389
1570 1167
1933 1549
1934 2086
1319 1300
913 1792
495 1143
356 1829
1206 1859
2205 1841
260 1491
1462 2413
2454 1456
287 2326
2180 1936
1893 819
1725 1663
2028 470
627 1715
505 633
1687 315
2440 1263
1417 2106
2169 970
2443 1327
973 965
792 442
81 1340
1940 2374
908 1500
1256 1471
1896 1944
1073 2267
723 1566
1871 310
2102 1292
837 271
2259 1292
295 960
2445 1551
2491 609
1066 631
1337 197
1201 1819
429 1226
2508 536
1579 2518
211 805
1480 2018
2373 2462
836 2008
453 1251
1976 244
178 2081
225 1339
2346 454
2468 1560
22 2101
636 823
1319 2486
1590 174
1316 1765
2047 2437
1777 975
1154 1729
2405 1640
1687 1524
1758 1620
186 243
2134 740
197 2136
2139 1215
2111 272
1125 2441
186 2255
666 993
39 2151
2151 1442
2021 191
291 451
1795 96
612 1112
2344 456
948 1639
1996 833
952 1439
1225 2176
385 2477
515 2138
1659 1019
2113 427
269 1575
1432 110
325 1797
796 988
502 2073
444 765
308 2291
914 334
1309 640
1594 1602
71 631
1858 1163
400 49
2220 887
892 825
188 547
1407 892
1369 1405
318 83
2355 907
307 2458
639 569
684 652
1500 825
2346 546
1732 202
1711 2244
188 1689
1733 623
181 2168
172 1340
455 927
1444 1487
2009 2049
49 2219
1455 24
268 284
768 2255
1057 2476
764 82
2061 616
1231 2205
1054 2478
2034 1572
2475 2260
619 486
1973 404
1288 1408
591 789
908 1738
1304 325
383 1626
706 695
2140 293
831 1587
929 903
877 1979
2160 1217
1147 927
2026 2064
1588 107
513 1052
440 2075
712 1231
1183 327
828 245
979 829
2090 695
1879 1634
10 1300
834 527
155 807
1002 1227
272 1554
1115 1504
251 1309
947 2407
2199 1313
1375 2243
284 109
1754 875
1590 118
1656 1978
2239 390
1523 1780
1304 447
1098 1683
274 976
378 1871
1227 793
1900 739
1287 1792
1772 944
1151 840
840 410
1471 966
1160 742
671 1705
1924 1318
675 1859
2229 1555
383 2127
366 657
1701 1198
676 2018
1753 141
794 2448
1332 2114
1544 275
711 35
878 1500
1889 1691
1646 1913
1720 1546
25 1961
1574 358
2233 1033
2313 776
2202 365
2510 1963
803 1712
1784 1979
26 1335
770 1382
88 229
1858 2073
1122 426
563 2016
2515 1732
1178 301
1471 68
1320 2284
1858 1541
1496 301
67 2116
965 2480
2374 1123
214 2435
432 414
2151 2515
1336 1028
1938 2188
2451 1954
231 2297
1854 2137
63 2280
2048 766
1080 535
1841 534
1892 956
896 2353
1454 1139
1978 4
1875 776
957 1992
2224 2440
22 1208
752 1629
1659 438
2247 516
1865 1492
1831 968
905 1256
976 2027
2029 1081
1440 853
100 920
2017 991
614 1545
2401 1725
632 914
2166 1630
605 2264
1759 889
1290 886
1896 666
1257 1056
933 1762
2511 86
2381 1519
702 2078
752 1590
474 2365
1727 1155
2152 1245
382 254
1234 18
2446 484
2174 1384
2428 1500
350 1581
1945 229
120 1059
561 1498
227 478
963 2473
2494 2349
1826 686
1686 2236
48 1170
1375 1028
2236 1624
934 2356
1891 1412
112 205
1475 2245
2048 417
1579 684
1456 731
1971 969
82 923
1575 2049
2075 1866
1751 1680
739 2388
272 957
1956 1131
268 1001
980 562
2458 1987
28 1729
134 223
1284 1611
1036 907
1293 966
901 62
1439 1720
735 1358
553 1096
1153 1354
1375 737
1134 1591
1275 2478
1419 420
1687 945
2210 452
52 683
2258 539
76 204
206 661
223 2251
2484 1697
1808 2230
1212 853
1052 1994
1345 2469
2078 695
1549 1140
609 1086
2318 610
1277 1375
381 2500
2001 1561
2343 11
572 2369
2342 2396
2298 368
2099 1289
1415 720
1100 2019
2404 1987
1303 1791
727 497
2496 479
1983 871
1968 1941
957 98
2216 1628
270 647
286 1047
1592 1189
2015 104
2294 1358
1762 1456
1985 364
1478 2118
2108 1977
2374 1037
967 1093
54 461
1396 44
952 1735
938 1729
269 887
74 1710
947 455
516 858
1274 1166
2498 2225
984 2020
1392 889
74 1768
534 354
775 444
2093 2151
1105 1142
19 2093
1193 2230
957 2492
733 928
171 2171
2054 869
1328 1426
664 238
645 1883
2171 2148
950 259
995 744
1299 2323
1259 316
35 2117
517 682
1779 1442
376 866
1015 1385
997 1211
652 1685
1449 1726
1761 701
2268 2309
1973 896
245 2245
605 2030
727 1486
921 2373
1241 2142
1399 1038
2266 2056
320 644
1840 589
729 998
991 924
985 987
162 721
1764 1700
1271 1674
1786 2413
1357 1428
2059 2104
1248 1639
497 672
1817 1165
1073 2265
2260 2491
1061 301
223 916
2124 2397
162 931
227 736
1428 111
1552 2370
1956 61
1710 2151
504 1017
1151 2432
2196 1258
1630 1514
489 535
1821 1288
408 1752
304 212
272 78
823 2068
1719 1040
2076 1014
1123 2385
1891 479
952 2461
1716 865
2371 412
632 39
1619 2183
1091 1544
299 2447
926 1651
1096 2000
898 1146
1980 348
2235 1144
2307 822
1267 1866
528 1276
370 564
957 242
901 1259
646 24
525 2408
953 1114
274 1713
722 1869
2405 1447
1663 1404
2399 896
1846 1069
2345 762
2408 315
1054 387
1539 2420
1785 626
988 1519
263 1182
749 204
4 405
1092 28
586 2230
1016 900
2050 769
1984 442
1815 2182
1266 227
190 1859
1389 1373
1042 72
2429 1095
1380 2115
313 608
2002 1817
599 244
233 867
1895 1751
216 812
477 2465
2243 1130
518 1960
293 485
2126 950
1240 483
35 1025
2310 2230
1257 1909
1670 1389
967 420
2325 722
657 2181
2278 414
2290 2113
1090 495
843 1381
74 1333
1261 1079
1017 1677
839 697
2252 1805
138 945
397 2474
581 844
1016 1030
537 178
2016 2434
1492 396
688 1173
2457 859
406 1502
1776 1603
1501 66
517 312
707 1968
10 1536
547 1691
2423 944
2302 516
1995 2211
2024 1387
525 82
684 579
403 9
775 1336
1670 1940
1294 2029
1811 1135
1234 1499
1848 1152
2143 959
2308 2090
2381 1520
1127 712
236 2335
398 1164
937 1372
1885 1856
1314 308
1338 504
112 1187
975 2368
1887 816
1769 1783
432 281
2095 2008
887 1768
2398 650
1669 1263
2319 157
355 2509
1970 915
2077 1677
1816 1922
1096 2480
662 593
2085 2292
1917 135
943 1570
1071 1155
1993 793
1555 562
1191 2277
248 1985
1860 1333
27 1472
1092 2186
458 2322
1249 339
1304 597
1142 506
501 2479
2092 1557
2412 1378
2507 895
2038 1618
1304 2172
2435 713
121 2241
2140 1244
1411 278
2032 2442
584 1743
569 1815
551 2053
1184 1954
2145 1293
2175 1567
1791 584
876 2477
2266 1892
1961 1759
1686 1995
2060 66
92 163
214 708
51 388
2153 850
537 2461
2402 1119
2045 2498
124 907
1787 1829
338 1748
1246 891
918 732
2019 607
711 1663
1879 1291
416 1551
105 400
1685 749
1977 939
1692 318
2483 270
14 2306
1493 2097
989 1570
1773 414
1522 267
310 1170
2246 889
693 1432
1474 859
141 475
2058 1818
249 130
1597 469
1690 240
2234 190
188 2177
1550 1673
427 2266
1982 1256
1701 170
1370 1004
1133 462
2007 1124
787 800
1188 596
2362 2265
527 2509
471 496
611 1479
22 192
874 60
88 2053
2356 799
1078 1146
2483 2125
764 1279
975 320
2501 836
1670 472
2421 320
841 1820
1624 1763
1347 1704
1146 2086
835 1064
702 1747
1680 989
1303 1378
2020 2348
2472 2494
2410 521
1843 131
2330 2494
139 2017
1774 1567
1203 1531
2154 2314
2083 1700
741 2291
1452 1315
1438 2484
2397 400
1244 335
28 1082
1628 2011
80 1939
2518 2177
2065 288
963 1165
2331 333
2222 392
750 82
2348 2215
694 2078
1454 2146
1279 2025
438 918
1079 525
2493 2285
1909 116
864 1917
521 999
1449 734
1214 1177
1067 539
2409 127
201 2314
1666 1549
1007 955
2423 769
712 747
1419 1390
264 1471
1137 1108
245 2161
954 1707
2000 1054
1809 1003
2143 299
1972 481
2059 1529
423 2452
1347 1336
633 630
317 1176
1297 2521
689 1270
106 1829
1168 1554
699 155
1698 443
378 6
2385 1059
1455 453
2281 1539
1073 89
1796 2405
2363 177
1975 1645
2435 336
1213 1370
2391 1043
1859 179
1465 2203
132 122
2113 990
1116 1199
38 54
899 859
594 106
93 1018
701 1628
1492 2015
2349 1673
2096 2416
517 1245
2237 872
633 866
1746 1597
1300 1833
1367 1186
2392 506
1649 1122
504 1003
1919 933
2462 509
293 50
2437 2524
1655 63
1365 766
926 459
1075 407
2032 1956
1256 2035
950 1569
195 1887
2488 1319
1943 2351
17 183
1518 1404
1181 2293
240 1911
470 1696
357 855
344 677
948 1551
2450 947
2447 1312
1578 1654
832 2277
2520 1471
129 1537
2308 137
1950 1783
311 47
2088 2412
533 1225
2079 674
1700 1106
506 1469
1700 930
1895 909
2012 896
1072 590
1438 354
1035 204
726 412
1256 1015
1464 1959
1161 389
1597 2466
1829 1122
1952 1697
1319 584
788 785
365 2080
228 93
1350 1381
902 1267
1889 200
792 1330
380 522
130 2431
1862 1491
1492 2088
205 984
1742 1443
495 809
95 688
2361 971
7 446
334 1486
1979 1804
2412 1955
1765 1632
735 79
2484 92
235 1734
481 559
2235 2180
1924 773
365 2213
1544 1590
995 1514
713 1355
2031 1896
110 1714
1102 415
2485 2363
707 146
1881 1579
1513 1018
909 1412
67 305
671 992
621 2172
2358 1271
106 2308
2336 1828
2253 1044
1725 1660
2255 1059
1608 31
1783 385
117 1919
1701 1399
1191 1489
2336 1970
507 1922
904 2429
1000 743
1309 578
1518 2403
231 186
1257 2071
318 222
277 1038
1844 1941
515 241
1708 2441
1580 2192
2478 771
655 1918
1156 1536
1685 515
601 816
726 1454
1434 1488
822 408
1013 1250
1284 2257
1300 2133
1907 210
2032 2043
63 475
2437 2241
676 624
585 1571
592 2082
654 1729
1497 2031
2515 2196
2425 10
2491 212
1463 1967
330 241
1706 1281
1312 256
293 1100
1523 337
616 1416
2489 1153
1637 1573
685 2118
2502 1654
2010 352
0 1852
1071 716
1642 459
1234 1280
2510 293
1638 207
1846 1771
2421 634
1562 1036
676 1133
2522 1433
997 1847
2250 1346
1621 1178
1915 116
1266 2441
797 1281
412 1657
421 922
751 1153
792 1763
714 2158
271 2090
2320 711
1546 807
227 448
996 1991
965 428
294 1637
1927 610
531 1229
934 2240
286 583
221 126
1351 1273
333 1882
2104 1964
1299 2446
583 1835
2201 1916
2365 200
2282 1531
2359 703
2179 431
2509 1222
2449 298
1726 2292
2351 2233
1619 2082
1300 1480
703 2194
2328 1214
1195 906
167 1471
18 31
1479 988
1750 1351
2345 812
32 2333
2064 921
1653 1235
1302 204
2209 721
91 1240
2267 128
874 1865
1469 540
1820 1030
2096 2462
773 597
1486 387
709 398
2000 989
1917 345
1572 1051
1125 1318
2293 499
2420 2468
540 2464
1566 173
725 1924
792 1743
2155 5
1876 2513
1289 86
1049 617
444 1418
458 1168
1916 216
1839 1147
1157 151
944 20
1916 2441
1164 1302
857 1645
1068 43
936 2003
839 667
1064 1154
1331 2401
2207 2370
750 1265
1318 335
1921 993
1854 1509
713 746
404 642
29 2262
1192 1720
2305 2524
663 1156
1275 2508
1004 2340
1982 2428
1999 1766
526 1907
2101 86
1684 1740
2200 1576
23 221
1384 529
706 825
2020 1244
1989 2238
2066 1022
502 1429
2027 1102
832 129
702 1082
1172 889
661 1086
1532 1806
2454 1756
2324 701
946 192
2506 1248
880 889
137 1363
2190 787
796 745
2065 2271
1968 1629
1324 1600
1507 482
589 1025
1621 2407
657 1766
2491 1571
1638 1858
1774 925
1101 360
484 205
2478 449
1300 783
65 1549
847 747
2066 616
1118 1172
1745 565
1158 872
624 711
2371 1044
526 2381
945 1521
749 1188
2398 827
2311 1673
842 2207
881 124
133 1159
1096 2150
381 850
752 1046
939 86
2176 649
64 807
304 1341
468 686
2236 670
2424 1519
1707 1454
778 825
634 524
2003 214
1271 1258
11 928
1721 2356
1091 1147
787 8
300 649
731 2018
1318 1047
598 729
2501 54
562 538
687 1010
2361 460
1618 674
1306 1818
1269 142
2094 150
1284 391
2408 2283
512 2152
1067 925
2061 282
833 1876
785 1991
1637 329
1586 79
1345 1530
297 1416
2417 608
2492 431
1170 513
53 1952
2197 2119
607 622
1755 801
1366 2032
2446 1877
540 121
1909 905
2116 342
150 1934
1635 1944
267 1448
1028 624
358 589
153 380
1095 1211
1002 66
1519 595
523 1883
1837 2496
1001 2197
574 1544
2063 358
2454 1411
1968 336
1100 1713
1538 2291
1605 1565
2194 167
1607 332
2023 271
690 1254
1495 2332
934 292
380 1155
113 1626
1724 1767
1293 1669
211 1241
255 1437
695 1542
1195 2319
2518 1224
1214 399
1108 219
816 481
749 944
2507 2380
1366 1287
301 2136
780 1430
526 411
1868 690
2082 1764
2438 1588
344 1800
1779 1920
1448 932
1497 827
2396 549
2073 2261
1163 1430
1623 2489
734 2474
88 2296
436 14
1799 2340
1850 1276
71 2492
344 662
230 120
1141 2055
1747 328
313 791
1101 2168
789 631
1930 1389
2417 375
1207 2513
621 638
231 860
2357 954
249 583
1022 1000
130 1193
1000 1124
168 637
152 123
2045 1285
1318 1251
1651 883
1539 2205
605 2058
124 960
1700 2505
1490 1898
1822 749
1778 1102
124 384
169 755
155 513
1920 1606
413 803
2010 837
2032 1663
2208 1068
401 2494
1940 1277
758 632
651 1848
978 1631
941 1625
51 945
1937 340
583 1100
671 1142
830 2173
318 1450
1573 566
1781 1850
1622 1330
216 448
2519 756
165 738
1283 693
356 1600
609 2263
2063 2084
1783 1233
1198 2369
1156 966
1309 1714
1829 279
806 1109
8 1477
448 1032
1533 144
2267 1848
1459 548
1203 1804
793 1697
2440 1788
248 2228
530 1114
2056 189
2423 1495
620 2373
1785 508
1714 840
1420 1703
1 840
647 1074
630 2480
1644 11
2487 2233
157 927
1029 1827
792 583
723 2098
1746 1893
1284 2209
752 899
1715 2109
2074 2155
1447 1360
2163 682
541 269
643 944
1990 1295
68 930
364 2461
686 2090
463 372
2151 2383
1058 1990
1661 1717
1530 260
1607 915
559 1353
321 919
845 2334
1735 1948
1511 474
1137 1311
1711 1222
945 88
1335 1688
1129 1396
2495 1564
75 12
1975 2433
1627 822
1556 1823
1165 1925
1012 2069
656 1338
2383 2292
59 1538
427 1590
2036 1993
1538 236
1591 2105
1699 818
2133 860
2410 1114
1274 2256
1545 1840
638 281
1205 2483
1836 912
1416 190
363 1123
779 1677
574 1001
2174 1337
799 1672
740 1541
1883 997
1340 35
99 2327
2401 1351
124 168
1789 1968
2268 1314
1401 485
1537 206
105 2169
450 2366
1980 941
2235 1319
1342 942
2463 2414
1601 644
730 596
2039 1229
1525 1805
2231 645
1729 244
2072 2405
1206 932
749 879
269 1722
2010 566
1549 1278
1298 2000
97 1139
1973 1561
1526 970
1784 2016
1176 879
682 906
369 217
131 1906
2307 1298
1788 1931
2407 1519
607 2253
268 295
1915 1042
1414 1261
1012 108
1533 1246
285 89
1512 2251
821 91
128 2350
1495 2399
1883 648
549 958
1852 1951
1081 870
2142 1483
2203 2059
1462 1503
2403 134
1109 2031
316 1163
935 1473
1317 776
1706 1931
652 1678
1866 2083
737 914
1888 176
190 1208
175 2174
2190 1032
666 1619
1542 1262
302 1898
2259 1320
740 9
2342 2145
1529 2035
893 2414
1855 2239
2302 1144
1830 1995
1928 159
573 2307
102 98
543 1534
1299 2373
1936 2011
2234 1258
1439 1957
493 2455
2321 2185
1271 906
201 1196
1797 955
637 2328
1199 734
1530 2217
655 2345
1382 1290
2290 928
898 1151
548 251
1573 2005
75 1565
2005 2359
2326 889
538 752
2015 1537
1539 286
1587 215
65 462
1911 1206
375 96
462 5
983 83
1756 935
631 1068
1190 2169
404 1185
2106 311
1795 2120
733 2
2494 1531
137 2189
2100 815
1142 531
393 1117
189 1667
713 927
872 1454
1101 161
437 1522
213 483
690 2034
118 1199
312 252
330 2002
948 1464
852 1695
1656 1355
1281 1445
757 542
1926 1333
309 1878
1636 1970
2072 1957
1087 1395
2262 1836
2209 31
2245 1696
1765 1430
1833 909
48 759
1024 1873
546 853
954 1759
788 647
1917 666
1193 339
2379 345
913 1026
1530 908
1841 2248
190 1562
2338 510
1848 1747
1644 777
792 1685
669 970
2485 452
42 1566
1736 2207
660 1336
2249 2427
2378 1398
924 108
903 731
14 1583
1835 1275
1131 2204
1053 2420
518 2081
139 1290
1079 1417
1038 651
1034 767
18 778
2022 2490
2047 302
1419 15
543 2016
595 1305
1883 890
1669 1042
1958 296
784 1202
2417 2193
1225 666
20 2173
1714 288
1337 184
959 860
1301 1874
230 422
1016 1453
2 2040
1708 1955
311 1672
2428 1320
1469 1006
1683 1507
2366 1003
555 100
1580 773
1046 2205
329 2474
974 73
2244 108
2477 1299
2521 251
465 1170
1001 958
686 520
1369 1870
2049 867
1437 2338
879 1566
1119 1785
865 375
2499 1032
517 313
992 1908
1538 896
2271 1033
2337 1893
33 1563
922 2507
1247 2015
2518 1799
2108 871
1036 223
1822 364
2266 621
1900 1871
513 971
1639 2178
673 2236
128 1238
628 1194
862 1606
181 1702
1035 266
1670 394
2503 2171
2255 2361
711 1616
353 1882
1504 1245
918 596
897 683
1931 1599
1916 124
2422 1274
1765 793
989 2143
2337 534
334 1086
1724 522
856 141
1701 109
2377 891
1933 238
1541 1183
309 2323
2455 1717
241 1645
106 1055
552 35
536 1218
493 955
1671 620
2517 2188
2445 1943
1859 355
146 545
11 247
1071 1129
1929 2
379 2046
1599 1750
2430 1544
1057 615
2248 1703
748 2332
1239 1351
485 1622
1383 1289
1587 326
443 195
2007 2145
157 748
842 1001
1136 1921
1406 819
2457 1931
1158 1230
1535 98
2222 1508
636 659
1262 782
1563 875
1810 1904
2085 2472
2082 486
1688 1097
80 1475
212 790
1047 1888
540 1136
705 792
1533 1896
1844 1584
1055 312
432 645
1062 310
643 755
954 2020
601 1555
1558 1073
85 1490
275 2521
359 1534
1948 2036
1465 720
955 228
619 708
1298 970
2150 1882
1894 2300
1075 808
747 802
2140 1832
364 2323
2136 622
389 778
1596 2328
1826 953
1132 347
156 166
1912 2489
1761 2387
383 14
1728 445
948 2390
1725 54
383 286
997 1367
647 628
840 562
2427 1459
301 2069
1781 1996
1442 1663
1639 1776
206 2025
2341 1243
145 2399
409 1612
2131 1767
647 629
543 1125
657 2255
1674 1593
2256 766
1257 1768
540 395
2269 281
2515 1063
2026 1364
751 2381
2185 2198
2452 205
1509 1921
930 870
1898 1397
1785 2355
878 2184
512 1193
760 2300
1895 472
1897 2464
44 2468
1275 592
1869 1766
2242 147
1827 83
1066 903
1138 2321
1252 2369
428 1429
2010 2299
1694 423
2228 2078
906 234
2042 2075
2455 1726
1925 1181
142 2164
2190 2241
1954 1283
14 2165
1404 2414
586 150
353 2109
790 881
53 140
708 529
63 1645
1239 686
868 1591
709 344
1286 1910
2271 1514
1739 580
1890 1611
2507 1402
1701 1313
509 727
2215 848
1312 264
2063 58
176 18
531 2088
1335 744
2398 1335
449 2476
244 1567
1875 2013
1457 1419
810 1487
1242 281
497 2006
1659 2380
374 944
1908 2165
2203 732
2072 1040
2353 1053
1163 2016
1937 330
110 713
1639 291
2197 1529
1209 1944
1878 1146
2234 426
1411 1219
779 2168
364 403
1219 629
1716 677
1439 950
1542 1274
878 1370
954 27
498 971
1529 2380
2220 2387
2414 2316
1363 2100
1830 2183
510 2177
423 2478
455 1530
1546 2135
1422 345
62 1395
1197 1566
374 2401
753 339
761 1001
2158 581
2133 967
1029 498
228 1995
2215 1228
766 1263
1032 2276
923 814
384 2233
370 2096
306 1289
669 1365
816 1491
78 1697
1052 978
174 1912
1282 2519
1371 2083
1017 1192
668 984
1017 2253
471 389
2165 2276
596 736
2347 1086
736 1468
2407 2011
227 454
1375 1828
297 69
1464 672
2317 1500
1237 554
2056 405
929 1821
2114 2202
1898 2479
731 2184
2391 2102
1719 653
1745 2500
279 481
1314 1471
541 2206
380 2431
548 1233
2024 1232
561 2301
1621 88
1490 703
897 804
169 65
390 1254
338 1354
1141 648
1907 1757
289 2426
1485 1486
152 2292
1008 2005
1916 1083
644 29
1447 1994
2481 1492
1206 949
1000 1324
1863 201
939 2321
1995 2185
2134 1483
2082 465
738 1710
1 1289
648 359
521 1311
1342 2460
832 82
961 2225
2426 100
1075 484
2075 1105
363 576
1900 1995
2209 304
451 9
736 2124
1351 184
1442 137
776 1942
1319 2242
1354 1654
612 84
1525 498
1587 929
753 1637
1702 1441
858 144
86 990
84 741
852 2394
540 1489
1489 152
1923 2399
1994 255
2445 2446
1986 2503
1892 486
569 41
2476 1216
365 1208
970 1602
149 1208
368 734
795 2425
2450 2468
1943 812
965 2406
148 1313
388 2278
2177 2081
567 1496
1919 707
67 217
1207 539
1540 871
1530 2299
1615 978
352 438
1820 387
298 463
952 1629
716 433
479 1410
1844 2171
349 434
1636 2293
1695 285
860 1364
209 2353
1828 1768
851 271
1000 986
1119 301
2018 1941
1341 809
236 2293
253 1060
791 249
1106 1127
622 1534
2470 1006
437 788
1505 1552
1377 1478
743 2367
2210 619
1653 1573
1818 634
433 2398
19 94
461 478
1841 1858
1517 1269
1024 1279
1560 1565
384 1003
202 1703
2109 1745
1635 2193
651 1903
2091 750
1962 1465
2035 1718
1768 708
2523 1497
930 874
1955 2336
2174 2070
844 1169
162 984
1082 1880
1108 2122
1278 1680
2008 142
1810 429
835 2262
721 1359
1571 779
2143 843
1344 931
2327 1741
2034 159
1087 260
2124 1014
606 885
637 1215
1595 689
462 1681
116 303
915 2182
2474 1857
1399 2243
750 1691
303 788
2426 871
577 1650
811 572
279 337
1787 2344
1013 1744
456 1966
1983 131
771 342
1851 2349
965 510
457 1501
2235 398
784 426
2299 532
813 688
1227 985
1155 1936
588 617
1825 85
1569 1482
853 1911
1395 1788
1964 327
1084 893
2331 1812
2025 2242
515 615
1510 1886
100 1979
1528 960
1638 1185
1240 1390
157 999
2523 887
513 547
551 731
552 1945
251 2171
2216 2505
1858 979
2027 1052
2099 1672
1581 157
1034 1493
1386 2084
725 1470
1316 828
1486 873
2270 876
1475 2415
200 1868
2465 2068
1867 1805
91 861
2088 511
391 2390
937 1144
808 1026
641 1116
838 511
11 2335
875 1306
328 1392
1115 778
254 2240
1330 2120
30 1101
941 1552
2024 908
1181 1214
1216 2351
1897 592
844 2099
1417 2069
1580 1828
379 772
107 2408
1286 1312
1715 913
152 1062
933 932
2173 134
1351 206
847 1587
175 1187
2457 1122
2310 2283
939 1857
2222 913
1932 909
115 1882
462 2521
4 1252
2198 2482
2277 1904
1213 985
1555 1000
323 2224
357 513
1726 1042
1224 887
818 1727
38 216
2084 605
770 1347
379 2189
146 1802
2044 95
2129 2260
683 958
1103 273
2258 2042
318 979
2401 1822
1947 2052
1073 506
1677 429
1834 1523
2427 1493
536 2328
461 70
880 717
1264 1872
775 2423
2088 1058
1449 574
1447 734
804 898
695 207
1678 460
1986 2155
1066 129
1459 391
1585 1959
1522 1259
184 2353
143 1377
725 1908
214 976
1738 1599
2339 2175
20 2145
1769 1714
878 2513
1474 2507
755 1160
1388 616
2306 1970
1444 1583
592 360
1521 70
884 995
1656 1948
1186 2154
543 2497
151 2119
521 428
1762 151
1687 1825
37 1270
885 1902
2175 329
1876 312
2095 1521
1299 920
389 1140
2123 388
44 1128
118 1525
1645 279
876 1300
2126 1174
2214 1707
1442 551
1730 703
1751 113
2137 398
2012 1947
2308 51
517 2429
867 719
2511 196
2382 847
478 1946
522 91
2491 858
165 2180
562 268
1770 1128
1934 1064
1088 1213
1867 2461
1565 2121
1580 2058
1952 1223
380 659
1272 2377
1767 2350
976 2287
330 1458
2468 158
2490 226
1428 2347
1512 2235
1859 674
612 2215
231 2371
1264 2225
85 1085
441 2434
2279 985
1656 266
1090 36
23 308
305 1979
2029 64
120 2371
1555 1550
1192 1253
625 313
1652 397
1355 875
972 2452
1435 2228
2075 1439
120 690
325 1431
899 1761
129 2451
2321 1750
517 1084
2376 410
433 647
2470 1883
789 1787
242 351
1991 1513
182 110
637 1590
1701 12
759 1086
1943 769
732 2071
1325 951
455 2294
1923 271
1981 710
1866 2112
1750 1642
2067 2340
926 668
1970 100
951 2520
1839 724
740 1480
1275 1321
2403 51
145 735
1781 1303
2091 1172
1675 50
93 1342
1883 576
315 1585
2397 150
217 1160
2232 1067
699 966
1782 962
256 1756
1324 300
1339 1934
1027 1013
1662 1143
2494 2077
948 2363
2089 1103
594 1268
883 1737
1004 2074
1523 44
2466 1420
1643 122
2023 1121
1589 657
2238 227
1538 1069
2427 930
966 1862
1233 523
597 868
1015 1959
4 2237
1653 2434
558 34
1886 1957
2064 684
73 2054
312 49
497 2357
1998 1532
744 1325
2051 2079
1677 1619
2316 1938
728 2276
1722 1644
1027 735
642 307
1045 80
1912 868
2335 1886
2206 2195
1945 1677
438 1476
24 1722
557 2407
2042 2324
412 1512
382 352
67 2363
1358 1394
12 1537
1903 2159
650 2376
1419 622
349 594
2155 1606
376 1456
1852 1365
1349 1828
670 1138
652 618
1712 930
727 16
1639 87
1863 590
541 404
1269 1526
572 1399
1173 437
1857 376
1106 0
1152 2471
1505 536
1315 92
2368 749
1605 2236
46 91
2412 1552
257 1460
384 1844
1140 1694
1685 2081
2366 1948
1985 2280
1822 733
962 1396
1992 2440
106 883
453 1479
2319 1312
1658 792
2414 2185
69 2102
1660 1377
927 84
1460 2506
257 178
959 1326
34 1809
1201 579
307 1155
697 2068
1688 2291
916 1390
832 1995
128 1514
450 1359
1195 95
2240 1690
244 2391
1635 413
1565 76
2267 72
1825 1555
393 1234
1852 803
2116 1034
256 510
583 2416
346 1251
1072 1380
2204 649
1356 1044
33 913
650 1896
830 1350
1866 436
1502 1645
2089 1259
1599 1459
904 701
1996 1312
567 341
2522 525
1796 223
708 72
2103 2336
1778 2180
2076 1165
1603 1748
1 1871
999 1107
176 1209
2070 735
1975 2273
2518 613
630 1598
2140 914
1741 1583
139 296
2064 1277
2225 799
182 2483
491 1352
2511 1251
587 1397
2401 831
589 1844
1096 862
1080 1992
589 341
981 1289
1557 2258
463 1148
1722 426
878 1351
290 951
2494 72
1741 1407
861 615
1397 542
454 1957
1055 650
572 1981
1562 1922
2084 1260
32 1729
1005 2058
1761 2068
872 1966
413 706
177 1526
1525 1517
1396 2396
1990 2032
355 2517
1381 1198
567 727
386 282
1706 1485
1833 1397
270 1143
75 1736
1041 1659
1864 1560
581 114
354 1171
876 2347
2514 882
1943 937
2106 482
1175 372
1508 1493
1374 2487
2033 37
1705 1645
825 2310
1868 308
1558 1287
2142 2219
1364 605
567 1401
2512 1479
2187 192
1850 1382
2131 1035
1733 584
2126 2158
118 2385
1983 977
1584 2398
2261 1492
2513 1139
897 941
553 1109
1710 303
711 1074
367 2505
2118 1698
2390 1871
8 259
2315 1201
1898 54
2517 2067
2061 1699
1948 1709
47 1510
909 2299
1825 2327
1683 345
830 1395
1612 632
1110 392
1100 1679
2164 1374
481 1447
1783 1905
1260 796
1148 1046
2148 2196
2435 1191
1119 1647
605 1548
2346 89
951 2163
1668 281
866 1291
538 2246
2274 2317
2193 1200
1495 1508
1459 1658
2099 1399
2407 592
1891 469
906 2017
1993 1780
19 1599
1684 1434
1850 1796
1532 1580
1504 1089
714 695
1467 1449
1257 605
626 80
1679 1341
422 2038
89 253
1702 1056
1488 2100
1348 850
2116 1064
1981 524
1201 624
2395 281
2192 1291
154 1598
1458 1243
203 877
2116 1025
17 219
2027 36
1663 977
2421 2167
1649 2370
1970 535
472 1491
313 2013
2201 2516
1439 1506
67 2051
2307 1986
202 542
834 142
610 274
1265 1595
2422 2226
2013 2192
2228 753
1663 1296
1548 1449
908 1039
1271 2239
811 2059
2511 1202
329 546
2246 1976
756 474
1575 794
285 239
2383 1698
423 287
2091 1812
2316 1669
934 301
1514 1400
68 1744
668 70
963 2083
771 925
1621 361
980 2084
1283 1741
581 2160
1812 1724
1261 1406
232 862
27 1771
182 1312
1585 1756
768 1285
512 601
373 1174
1048 1563
2121 1130
2114 1128
2191 132
52 157
1183 1346
600 1722
424 1874
1728 1602
87 1483
2340 2201
1387 1046
2267 864
1030 623
612 698
2160 1120
1383 2521
2465 1496
110 1456
2370 130
818 929
1945 1819
168 607
941 1212
2188 132
1466 1140
966 511
1078 1936
1376 183
1890 1192
478 1547
766 947
952 2432
415 1894
1285 1711
1354 1560
2418 2400
1151 1347
836 1020
511 882
48 578
148 1538
1751 1632
1896 782
30 422
770 417
1112 1267
474 754
923 1225
1745 1710
1684 1245
883 2459
2397 687
1632 2388
1494 1693
28 1193
1401 111
445 766
1945 674
722 1867
1459 1957
1164 656
250 1033
2155 676
934 1568
147 1004
2139 251
1824 1435
1526 2519
699 2325
1274 1926
460 1416
2129 1337
1326 2379
2032 1521
615 1694
2049 1023
29 2241
2433 2511
2296 651
2198 712
358 2425
1260 102
2171 1673
2197 2107
1753 2434
540 24
49 1779
2211 1528
271 2519
1869 942
1300 470
255 2091
243 1849
2060 2283
753 312
2026 2482
705 214
430 1556
1705 2050
1035 132
852 2002
1425 250
1916 452
497 1104
2022 1063
2370 1081
1746 1830
932 622
849 2238
1113 1272
462 284
298 1409
1347 390
1636 487
1377 962
2163 40
1451 1479
1927 967
1184 1619
277 178
1941 1063
1196 1339
1095 1427
1973 994
518 2425
1125 1528
1841 759
1485 822
154 1182
1005 430
1142 1712
1743 2479
2382 471
1579 1458
993 2294
914 2349
73 2192
157 2373
2007 1043
471 275
575 359
1163 655
2014 132
418 1173
757 1722
1820 991
1375 2445
150 1185
686 1902
918 1408
1112 1129
1674 1567
2436 1424
1423 1682
1773 1816
2423 1425
700 767
2356 2131
141 156
1777 1373
900 2244
535 2419
724 2299
60 1346
1883 2503
2189 789
1009 1234
719 245
1228 2244
819 2148
1322 2142
1751 764
1917 636
1770 1702
2135 515
1140 2131
1157 2085
427 1201
108 2521
1781 2001
449 1983
54 1176
324 707
1969 1459
2500 1647
1669 2266
211 1355
190 1915
2021 1966
1731 258
747 1541
728 1746
1216 2208
425 1062
1304 1238
1612 1483
1692 1849
2134 2179
1195 850
41 2095
1584 216
1565 1414
1750 1180
2305 1196
209 215
2235 232
1584 299
1643 207
551 2291
1558 1702
467 2507
1882 127
113 422
837 1826
695 379
673 1150
476 2274
1173 2303
2285 2048
1644 2127
2396 832
2001 1252
1473 2318
224 1884
257 954
1582 2356
481 2211
1967 902
1376 1243
1377 1629
268 408
2481 1711
1248 485
1814 1376
641 566
2254 16
2077 777
1610 1195
1176 379
628 287
1356 378
1047 1020
1829 1983
273 2321
1330 1382
452 751
880 89
446 1776
1120 124
124 2347
1773 2238
1525 852
1033 1844
2182 832
266 1196
2202 1717
2281 1482
997 1912
680 646
1597 2386
880 1733
261 342
1125 2370
1816 2084
714 1479
825 1924
1175 1593
2261 747
370 15
701 1023
2134 1905
2473 192
1257 476
2023 633
615 51
727 638
1327 820
2342 700
2213 2471
844 265
397 972
1377 164
761 1001
137 1932
1063 823
1051 2511
797 1033
2277 241
2191 1169
1323 2103
162 176
1670 559
1725 862
639 475
1388 1899
1654 1651
1214 1474
641 2005
926 1524
507 2401
1156 205
1997 1829
1479 87
9 1412
731 2228
2074 2146
1647 881
1977 1639
1215 659
1053 925
2058 1856
2480 702
2133 1495
1247 957
1677 2347
2177 1607
193 1807
714 2352
1223 17
1752 1492
134 1964
2316 1143
1541 2102
213 637
339 2494
2489 1109
1269 2168
1979 1789
930 1381
200 2358
1050 389
1476 104
2300 2055
1424 2233
523 2027
1303 515
928 2036
1268 2448
284 388
1112 2247
2294 683
1938 1439
55 2180
449 41
738 1231
862 1099
381 2130
718 744
1267 1288
2413 543
2461 2156
2503 2355
1233 880
1873 1082
612 551
493 2037
1229 1136
1191 892
2022 790
101 399
733 1657
1135 1697
451 475
24 273
2308 1504
755 2266
1154 228
1205 2017
175 728
306 1499
1736 773
2335 69
107 1948
1283 1262
1376 1675
589 1834
559 881
939 34
1862 406
685 669
475 856
2067 2270
1091 1620
1166 436
1657 2318
668 830
2145 1815
418 783
2328 404
1037 78
2518 2203
1396 2505
605 2010
512 822
1362 931
2040 2101
194 575
2084 727
1697 897
505 333
663 1315
1101 2089
14 1716
202 1778
2481 645
1019 466
1855 458
1809 1337
1329 2217
1638 1683
805 2162
2517 1664
1337 391
1566 1830
640 570
2145 1530
22 2094
1499 1813
572 379
1648 1141
845 1188
2237 1828
1697 1820
1878 507
921 1269
1644 1979
1515 740
193 632
2438 1388
788 461
2075 474
14 2266
1990 2086
1477 129
803 810
1960 178
877 1628
1987 1275
2265 1318
2436 1937
963 2489
642 1755
64 1301
2300 65
20 138
2108 915
2184 2351
2282 2259
2425 1228
2046 2239
1521 1829
1141 1909
2432 1419
2050 344
81 2395
1960 610
2118 471
294 1596
2018 1385
2103 1762
2455 940
384 1120
871 1486
1085 1935
870 100
165 1467
734 1966
1503 203
1562 2524
2258 1044
1433 2273
916 700
31 1634
208 925
1843 1771
963 1010
2407 725
1535 484
1454 1954
1744 700
1685 1411
1423 2206
1234 1883
1087 968
689 2290
2040 375
2041 2078
876 1548
525 1967
2350 239
1680 1223
1794 370
2271 2098
1857 751
1811 592
2007 1536
2358 2193
1608 1950
836 1935
1215 1044
742 585
1844 130
1606 490
2382 1017
2234 1049
339 1741
1647 1856
1449 1329
1913 322
1509 8
1888 821
1569 229
1396 1868
382 827
2317 2108
654 643
789 2265
2096 2459
1255 1418
2150 225
1384 2288
704 1694
2046 973
847 1572
2140 749
53 582
860 857
1177 2031
1030 1323
1521 724
194 1575
2193 1532
1322 2247
2110 2378
912 1610
1095 448
1624 1883
24 43
209 47
43 2405
1419 1547
660 1923
328 1984
730 625
1340 570
1048 532
1286 952
1403 1778
2025 1815
1645 917
2475 285
623 1015
395 69
2462 684
2251 1614
1453 95
2523 502
1283 893
1332 1845
1590 1314
1696 571
2407 926
1126 335
998 908
495 939
1874 2448
1406 1082
181 749
1826 1694
1557 2279
79 240
360 1467
741 554
318 564
283 157
1711 1809
641 586
2522 2221
2182 853
922 526
846 2201
876 1015
197 1503
2367 113
738 92
326 554
90 1233
905 2163
1654 818
1857 1196
2287 301
2320 348
1478 744
95 398
2011 2359
235 2000
597 1187
2259 1596
1393 839
1657 1664
2326 824
2148 2082
242 656
413 144
2085 2151
1171 1086
1970 312
865 1499
710 2146
1852 2040
1925 2198
286 473
314 2180
712 15
1720 790
562 786
803 276
1589 2376
1129 1781
1778 53
216 1925
1715 952
2288 407
959 760
852 447
50 2485
377 1896
2028 2298
645 604
1575 2334
1596 128
986 1246
189 1340
2503 1489
702 1791
1165 1684
123 2090
2094 2209
1862 2388
1008 407
893 1477
1531 1008
2037 1931
1420 1969
1957 2034
1646 831
832 231
1319 226
1265 692
783 1772
900 1203
1346 1627
484 1094
741 2067
98 1809
567 955
1898 1823
2204 2011
252 106
17 306
196 2108
2136 1757
1002 1478
495 371
1831 1931
1345 636
444 103
492 1295
543 1836
2248 100
65 198
479 855
1328 1037
795 454
1730 1535
1042 2324
939 1824
1450 2095
894 2001
2294 2469
2480 2359
320 1720
240 122
123 65
1805 2336
1414 2158
995 1335
68 2288
972 1943
2255 1822
1385 2407
1878 578
1535 1071
1862 1818
2142 1856
400 112
275 154
2504 617
496 1394
819 1296
2426 2075
2244 880
1803 1494
1579 1284
2079 855
1006 2200
2109 1401
1586 1503
955 1729
2515 1518
526 2341
279 473
405 1407
1710 2087
1482 1275
917 1765
1351 1916
2038 1666
1456 819
205 1147
1264 1000
1327 2501
1128 647
1418 2120
1640 291
1929 1275
724 1659
840 374
2178 1247
1845 1240
1611 2052
1671 933
2211 1449
1335 1400
1842 1280
1073 1654
959 2370
1499 1378
2256 1532
2028 2011
1954 529
751 480
2095 230
2274 2127
2304 2095
2310 2479
324 1251
2107 2185
2360 1681
104 725
646 658
2479 197
1369 2320
2248 204
290 536
637 308
1306 2129
763 2382
330 1628
972 1942
2009 497
1965 2232
1234 323
1576 1513
2435 1956
1566 811
624 747
1975 1918
166 2366
982 931
998 2436
2446 1607
291 2462
1498 401
2435 1807
1210 2173
702 1314
839 757
1113 210
2397 75
2297 522
1750 1930
997 944
420 2198
2441 54
1164 1767
867 1015
235 1396
647 2223
1303 2500
1364 793
529 2087
624 961
403 389
2339 507
965 714
538 734
1089 1357
1097 2475
1492 1073
1067 424
414 2469
518 270
1092 958
1262 1790
652 2485
2036 79
1079 218
2062 1961
2248 2173
1901 622
2158 7
35 2035
2124 638
1667 1479
459 1798
1726 385
2356 746
2178 2310
558 1585
780 1802
1995 2292
1305 132
442 1560
536 878
2340 2199
927 78
2022 820
759 2028
2415 2098
1387 1653
1298 2291
818 2334
1250 2019
220 242
273 1753
1191 2049
1501 944
2190 1389
1474 915
2016 2179
639 1605
2224 430
1045 1683
2333 2010
77 1578
1681 1207
2502 967
575 551
1336 1910
1014 2307
989 1268
2237 1367
334 1204
782 1172
481 47
1309 2501
1334 2133
461 753
1588 236
1157 2118
1056 558
2487 989
1724 2267
1257 1399
50 1321
2461 489
823 37
1202 1303
1852 305
925 2171
813 766
2077 762
1228 610
2341 1236
525 138
1423 2027
2233 449
1520 2415
903 572
191 570
237 311
203 688
2039 947
2235 1293
1814 808
1146 1239
2162 1976
291 1332
440 1164
1041 2240
103 476
2197 1029
2268 439
1050 2107
2489 1273
2003 2345
2452 1126
477 469
1797 1744
1987 734
952 1317
1092 1807
10 383
1346 420
2364 2522
406 376
594 1132
1764 698
287 66
1013 23
1140 2105
76 1508
2433 1178
1150 1114
1609 1193
1604 992
1328 2308
2268 0
1820 1985
2176 1934
1498 32
1048 1266
1045 1810
784 2506
1797 2203
1057 1851
168 479
2367 1827
402 1331
1364 280
1720 499
826 1697
1729 1718
1528 1267
412 207
2446 198
2185 884
227 2195
2485 2364
1230 1065
1341 706
2260 1489
1421 1938
2118 1206
857 360
2353 1642
1904 1790
418 1352
506 1511
989 671
1254 1320
235 2242
2184 298
247 767
1882 2249
2244 1532
2401 1596
473 831
2213 1368
89 276
2017 1639
1103 300
1120 793
424 1515
626 1450
2502 2264
2512 1374
825 1854
1942 1719
227 1285
1902 2277
176 1175
1788 2108
459 73
1775 605
96 415
553 1140
955 2307
1488 531
729 1276
2179 216
702 248
1226 2139
521 642
467 2101
367 1440
1151 808
75 1643
902 114
360 2112
1627 2489
2123 928
1918 393
1835 1213
292 913
2282 332
1653 376
2187 2495
1444 113
134 2132
1338 314
2442 124
1108 1099
1588 423
860 593
1755 913
956 2004
119 533
589 1521
1397 2306
399 1526
75 1746
12 213
1945 225
1308 608
10 674
1196 1063
1519 1757
314 2435
257 1987
1155 1197
833 1234
1807 748
2516 1733
2403 1683
861 2282
1062 531
1734 1479
1006 1746
969 789
1588 1031
1996 1269
1460 2304
2234 1236
770 129
1777 1762
414 81
1741 1567
1866 914
1755 107
38 105
177 154
1390 300
1018 925
1136 2250
1302 799
1669 863
2238 1916
2175 623
2163 961
1926 1878
1276 2379
1461 1030
1244 66
1730 314
736 572
383 88
1606 703
2197 1275
1217 2288
2493 1157
2419 1609
589 1384
628 1013
92 345
1278 1600
2369 1198
337 2271
1613 35
267 1843
1445 1663
1285 1868
604 1445
168 118
1347 611
2310 916
5 955
2082 1576
264 46
90 2256
938 1131
523 270
574 290
2498 992
2278 448
607 235
2401 406
182 2034
1196 233
1878 1941
48 1937
1080 646
580 714
1683 1243
996 230
1832 1392
1846 735
1144 1131
2425 1720
2327 1747
368 199
860 4
1061 14
36 2127
193 1107
1463 1326
2524 2186
1103 502
959 1478
736 453
694 2387
22 2072
695 713
163 922
1254 904
1279 861
679 466
1977 309
1943 717
248 237
918 2472
1442 2451
1103 2205
1307 369
2060 1805
1946 1579
1023 2055
1758 2222
336 962
992 2482
832 1311
1046 1410
248 1909
1926 922
20 2221
519 2119
2420 377
992 1171
249 61
442 2169
946 2274
1140 1138
1866 2204
1551 440
776 692
2063 2322
1089 1769
1381 1772
595 946
833 515
1940 754
2292 1604
1137 2199
315 2384
1149 1736
2430 170
1113 1461
2101 18
461 189
2012 146
459 2501
538 2091
1282 1688
2017 1363
2077 726
1543 1605
2315 1997
1869 1889
615 567
794 160
1310 2400
2046 764
463 805
1756 2042
1383 1320
1547 878
712 1811
958 1140
2286 2373
14 736
1960 187
1718 1475
2214 1828
497 1387
1934 680
38 1973
1081 338
1190 71
1548 910
2524 2512
979 88
1175 2420
2436 1512
1472 842
2446 2392
984 792
171 964
2112 1881
973 2269
1653 2278
2100 2223
645 1639
282 2295
1152 1340
1236 2099
2012 818
1665 244
2137 1601
1181 2003
220 1743
1541 1566
393 189
1023 1510
1702 1699
802 408
1164 714
673 1770
2212 628
1821 1806
634 603
494 2101
2239 1763
2092 1145
1695 1142
639 613
379 1613
1550 634
1801 138
1050 1509
919 2301
1753 877
481 1371
1329 1162
326 898
111 506
1481 1458
614 141
2124 813
36 1364
1524 1226
2087 188
224 203
1985 166
1359 847
577 382
2068 1940
2357 1961
898 598
532 1512
379 2222
1349 1567
1181 328
1605 2435
526 1514
2494 742
1021 606
1515 140
47 68
1037 287
1564 87
474 1973
1890 864
2329 376
2204 459
1762 831
367 435
1532 2190
250 768
2086 247
142 435
241 13
919 2197
533 2485
2483 2408
1195 770
2357 2319
2308 192
552 2243
251 906
169 1415
2503 228
1718 376
2459 952
2203 438
1119 1389
558 318
1325 1816
613 2171
615 1508
1197 568
816 1016
919 2064
1975 854
1567 1422
990 918
996 1410
639 871
1107 1219
58 1125
484 820
2426 1927
362 631
2400 1828
1922 2462
621 2193
2494 2320
2378 2291
1091 1442
543 1597
543 833
1740 18
594 2371
907 1806
445 2380
1109 345
343 723
1706 1804
1052 2400
616 1342
2386 369
1405 40
137 600
262 1457
1791 1744
793 1791
31 2400
1200 1174
1017 1218
1584 415
228 1765
475 858
2406 1032
1341 1216
80 909
678 35
500 2204
1908 1382
2301 2310
680 832
850 432
44 2486
176 1329
1206 2265
1791 2054
999 1519
312 1404
950 448
1752 634
1911 1931
2135 2417
2464 1058
1115 224
1072 1318
471 437
289 2481
446 2149
52 752
2109 1598
2280 1000
1971 1306
1691 1290
390 817
269 242
163 2055
1828 2255
2192 370
2333 2223
176 1450
2519 1361
591 248
1598 1820
888 1647
131 1340
2163 1686
519 909
291 386
471 2023
590 856
1473 2326
1271 960
69 666
74 2247
176 1001
2195 1143
1232 647
1153 39
1222 457
85 2205
1554 928
552 2478
1419 1710
1678 451
1929 756
1133 857
15 699
363 1749
2458 739
2300 1593
1850 685
2190 2481
1454 1624
731 185
1196 2216
1519 794
908 1436
1661 1681
1778 136
1347 642
348 2252
2027 578
1036 806
179 864
1674 1557
859 2100
752 1008
178 586
1388 473
1395 309
727 283
2299 2152
2358 765
1757 1419
2417 1716
12 1482
272 1584
2239 2194
969 2131
1643 1164
2305 2046
385 1448
679 2368
770 268
1762 1065
485 72
1920 2269
1059 386
1980 572
1393 2093
617 709
1810 530
942 824
2479 829
1973 1832
1630 144
692 316
949 2370
2166 584
60 507
2297 1959
1170 326
2418 227
1777 909
1355 497
1614 1610
137 1794
1439 783
1469 1217
670 2295
1364 1704
817 2282
353 1420
118 373
537 412
1869 2286
2348 1734
1031 2183
2100 1531
2147 1810
1496 1069
1771 1776
717 182
2306 647
669 1190
2291 327
98 944
2349 945
2292 86
969 202
2003 1071
2095 798
424 2087
2439 366
134 644
731 1999
2156 457
1984 644
120 46
1820 134
374 1548
2041 865
299 1095
1145 1444
667 527
1212 10
850 490
2015 1872
1576 2029
829 1826
372 2515
607 1785
1388 1551
1103 209
840 2299
1469 1714
624 2029
1977 794
694 685
1390 1417
1741 850
1123 2365
527 1158
2077 848
638 2226
1309 1024
144 1080
854 1073
2129 2277
2310 65
2274 2128
99 851
763 1738
54 1354
1891 2402
1924 670
1073 48
179 1282
1440 1635
2264 1232
1392 1850
2277 1041
2092 497
2253 154
2423 1031
1955 2429
1937 848
1814 2032
988 337
138 2457
1227 919
184 2040
1758 2018
1928 779
153 2125
82 1568
755 1553
1055 2415
608 1567
1916 618
2125 1751
813 1211
1793 332
