505 1278
42 613
1192 388
2292 63
2309 2119
665 44
230 1205
1069 1511
1300 469
628 779
2363 2175
1649 1754
801 868
735 1060
1637 1132
1634 1449
939 454
796 662
767 2101
2176 993
627 1203
278 1439
1485 2521
812 1597
1268 1317
487 64
868 1127
1350 1466
269 849
809 2280
760 1924
485 1505
874 706
1603 247
485 144
1055 272
811 1452
2514 1185
844 2342
1824 1255
2066 1514
1216 268
1766 1073
838 1459
124 21
1600 475
960 1552
506 2402
1671 243
1973 1054
1302 1183
1797 1
1465 2456
865 1613
795 348
407 2263
109 81
2022 1
197 1327
464 2299
1732 2284
971 1949
2090 106
1556 2505
1634 1919
1640 1835
2247 693
111 2215
2308 1528
1454 2001
1031 1514
1050 2092
1526 2345
2387 268
2491 883
2249 1803
502 937
2348 1074
1644 1043
290 1725
2397 1221
1875 1424
1943 595
823 1684
1961 454
2298 1332
386 236
1405 1910
515 1393
791 717
2040 1243
1164 1120
1085 2473
2296 1830
2473 434
2387 526
260 2229
2186 949
1407 112
2081 1806
2127 2272
1266 2059
2351 164
939 1805
2183 1546
2247 383
1579 2280
121 1211
1259 2009
1027 442
949 702
243 306
721 1065
923 222
1305 771
612 2217
2503 1850
92 1105
2082 2237
976 723
889 652
613 500
1701 491
1758 1274
2442 1257
281 2112
2294 994
1457 164
2363 641
163 2206
2440 990
653 394
460 2219
1614 1055
1566 1277
2408 67
2253 928
1959 786
1295 2207
1139 2033
2271 814
1846 1833
1456 101
1120 141
388 2510
2501 1199
815 144
824 2078
445 799
1083 477
407 269
1428 1674
1218 1025
1831 818
1284 1885
706 2429
1170 309
473 799
2408 908
1880 1162
2086 2184
46 516
1524 716
2434 1881
317 1693
1025 1436
124 1424
210 921
2360 261
2194 2162
1839 1994
1697 1495
1521 35
1372 2092
2027 1381
437 2211
1729 1105
13 2397
2286 2078
1904 1918
471 1220
1961 1553
2401 1052
1118 9
155 1
435 1201
507 1406
2311 1041
548 1249
1884 1429
653 1154
821 1739
799 2018
1714 172
34 1734
2379 1481
612 1715
196 1697
278 2338
154 25
910 1430
2379 25
1075 2516
988 993
331 464
901 784
714 886
1387 1514
286 1364
631 1390
1652 1850
801 586
914 609
1387 1957
1360 744
2403 1141
2356 1583
2141 983
1172 1024
2448 260
429 353
2352 1048
2361 2232
2324 1598
1679 562
558 1026
1807 1305
1734 325
1624 1039
2473 409
638 1889
2406 863
1566 670
2357 673
62 1855
1002 178
1149 2471
57 918
2366 2214
1490 866
556 243
83 100
2193 1304
373 2314
1632 907
102 980
2105 106
561 215
468 2158
2505 210
1696 190
952 1963
876 1375
595 1978
302 591
2338 2015
1719 829
1358 2476
1683 934
2349 379
849 749
659 1638
862 2106
1898 2056
2018 191
1198 900
681 989
2269 33
506 536
2484 2206
381 1622
2191 736
1322 1519
83 2144
19 377
2114 595
492 44
1804 105
458 1003
1078 216
966 411
196 1008
1183 2226
1758 1804
722 319
1366 2112
2350 301
2163 1205
2489 1065
311 1879
1584 308
1276 2031
2211 1328
1949 2518
2195 2316
160 719
1078 548
1161 1983
2237 196
1575 269
978 1272
200 2115
2270 969
116 1519
852 1980
2421 1095
569 958
2112 219
1454 933
2141 1186
1882 1101
499 2277
690 2232
332 2387
1114 598
263 2343
1348 1101
804 1622
1978 852
312 687
381 2097
1000 2430
451 261
1949 1675
2053 2514
1402 109
1134 1857
1721 1381
1645 2379
1181 1070
1501 1419
703 1993
806 2218
296 1207
645 632
1846 1702
2468 1616
1199 497
899 1596
135 1386
1769 1556
2040 282
267 213
1220 370
524 499
2040 919
2267 1015
1525 1683
955 1600
1461 1661
1576 1786
1079 1078
2452 2462
245 424
343 1968
1203 1012
841 357
1844 1930
700 1539
1363 38
67 1736
2109 609
299 1698
1491 1504
1710 1117
155 1310
1162 850
1726 1869
816 184
341 1876
1008 120
1266 406
268 1692
1741 169
1366 1470
691 265
2156 1467
641 1178
1071 391
309 1289
1102 2002
190 2351
1310 826
648 463
973 507
1355 1199
190 2118
2367 2246
4 1317
2104 517
2512 999
935 652
478 1975
1596 789
374 2155
1687 1243
31 1846
1658 40
746 1624
1773 1920
1832 1334
351 831
290 54
1570 1722
1482 1949
1309 2380
2043 2482
2185 29
1970 1053
1097 2208
1357 2230
1236 2
2323 2290
2424 1976
1125 765
2465 2295
1994 2507
484 2234
77 2446
883 328
238 2272
2425 801
124 2486
1199 489
1426 1527
2402 282
1609 652
1631 2318
1203 1186
928 912
857 2472
1165 2066
2171 35
549 442
937 685
1325 2503
1815 901
1685 601
911 261
338 2465
1366 2111
1006 1980
67 482
2210 1720
1805 2344
592 2344
1725 986
1493 932
2444 654
1868 646
1040 365
2521 1217
2348 1830
92 1172
1653 1930
551 1479
600 2231
1699 2327
595 1206
567 2469
704 1990
1628 1808
1043 112
868 701
1805 541
1367 31
1450 1639
500 579
1423 367
515 2134
350 1191
1855 838
1272 572
808 852
245 2519
1220 242
839 306
64 2139
77 140
860 623
2235 748
1261 1272
1725 2403
309 1757
1992 1136
334 2129
642 1079
1532 2134
2198 2278
2131 669
150 187
347 1398
613 2427
1192 405
2183 2340
102 1628
2153 1164
653 1409
476 1736
2087 437
1679 2513
1130 583
503 2339
2456 957
2125 799
471 886
724 951
2090 1117
1392 741
1056 425
35 1379
1608 2513
287 2080
89 154
2009 1229
340 366
809 2333
891 1194
1610 678
1160 413
1137 1590
1314 104
56 2373
1824 497
1147 456
2116 826
1677 848
353 2130
1795 286
152 272
2244 2091
140 945
171 1903
494 942
1141 1757
2134 2359
2122 1964
2249 1000
1283 212
1232 451
2306 1277
1861 2026
223 521
1367 1494
492 1630
2215 2161
1796 1730
783 2247
1627 906
1383 2236
590 1228
2320 906
1072 2198
2436 1269
2303 1880
314 131
437 960
1999 1237
2519 1148
1354 183
2503 47
1797 1941
771 170
2115 1006
2459 2409
86 2271
2315 532
729 455
1772 473
1943 1188
1852 933
2159 2143
1369 1184
2335 729
688 23
230 1289
81 0
1494 31
2046 1822
1189 831
140 1839
2082 1704
750 1909
1515 1937
1345 1462
138 276
2451 1093
845 1571
837 531
1171 972
2321 572
1922 1475
446 1162
760 486
1253 2239
136 1843
120 1993
1655 273
1259 1966
437 668
2293 614
1144 340
1927 2028
1243 1410
470 1438
1442 633
1631 411
445 2342
1800 719
2202 2166
1687 377
703 2270
1566 1508
1098 2308
1144 290
29 1687
2053 1744
202 560
2341 826
1553 1725
2344 143
1549 858
1372 2484
808 2366
2193 858
2234 1865
43 1196
2372 844
359 1514
731 1873
737 2034
850 2345
553 2412
1727 1387
11 69
1625 1591
2008 2494
1053 1536
915 2432
1273 1332
587 2149
2473 691
2018 1611
899 677
491 1403
1025 640
2337 481
604 1148
2393 229
364 98
1230 916
497 2274
82 540
430 2430
1774 1102
1633 1714
1243 281
238 59
1622 2485
2215 201
1527 1514
364 2027
60 1938
1653 1582
2317 747
1618 403
160 1531
949 1781
1490 2162
830 2293
1085 904
1159 2335
2058 1381
2260 1699
2079 1610
1339 1609
696 38
2095 1138
1031 1919
149 1909
218 11
1437 179
1840 1716
2284 1816
1851 526
1319 1279
1071 1768
1632 660
1692 434
960 776
1932 1286
284 2297
1911 653
1197 2305
1520 2276
1326 1161
217 1955
328 59
2278 187
1154 2196
1515 1787
1774 2059
813 534
2301 651
2150 2030
1233 2400
1699 1025
1027 2335
2303 106
26 1366
160 2088
1063 1417
2367 646
2049 623
2500 21
1296 1064
467 352
1793 1244
959 2267
288 2034
1775 1426
497 1934
545 242
2091 600
978 560
722 707
1828 2432
2444 712
779 2103
2118 86
2252 799
385 968
1378 1348
1438 258
636 639
258 961
2317 145
1639 1442
99 1288
417 2356
1785 2353
808 512
1909 69
1936 816
1078 919
1611 66
1491 1028
566 1111
965 2070
1442 499
438 1716
294 2005
2244 2258
2032 327
2295 1478
1536 1231
853 48
1474 1444
2450 387
894 2510
285 1356
436 102
1421 1772
54 1620
2431 1009
57 1854
1288 149
2289 2170
1279 60
1699 2097
660 1627
963 1252
1517 1496
2096 643
719 2107
579 1244
422 1226
1125 395
821 326
1190 272
1872 1062
502 1133
1675 648
485 722
2087 2105
799 313
1459 887
719 999
1717 1623
2164 707
1474 2297
2370 2449
2266 985
847 1387
1985 114
1086 1560
2351 595
783 977
19 671
764 1451
468 628
598 1299
1180 2183
630 667
24 363
1883 736
1134 1670
1431 600
820 2276
263 1986
316 1708
1717 700
2097 2428
288 549
1581 107
2274 1775
1980 133
2191 1349
50 551
871 393
2386 2285
1588 2082
878 220
1450 493
362 1790
784 54
207 2332
1233 2438
140 2051
553 780
158 947
301 1474
2278 2455
766 1713
1155 339
2256 1556
2263 423
576 2307
452 1130
1015 269
2105 274
1427 291
95 2517
1260 29
1043 234
1009 1696
186 785
1291 2107
2470 1825
1090 922
341 1312
2059 2470
1774 1886
260 2437
615 2028
1846 162
1008 1809
1470 1010
2135 1483
2157 1686
1347 2168
1979 1579
2507 571
913 319
782 1531
1355 1490
307 1967
2088 515
1221 529
786 2129
881 1346
145 310
1269 864
485 239
381 1020
2332 1931
1219 855
1906 945
774 2214
465 1436
2144 2231
901 1796
1644 626
845 319
508 2178
654 948
2218 2331
1977 225
428 984
125 1266
64 1092
2219 283
2474 188
1996 647
1203 1661
2362 1928
1 2358
853 2283
779 638
1953 2387
585 1840
1190 748
2409 1580
856 2146
1416 1820
1708 2234
1918 1221
2447 151
1104 287
92 3
286 1264
2201 1491
949 681
1643 2154
1923 2034
2135 421
1888 1879
1280 1447
1984 287
884 1183
1698 2072
1907 1824
1959 1146
845 1374
1427 2242
1552 1012
2045 581
1379 990
342 2038
637 1351
1529 405
561 1732
1371 598
1688 2315
114 1884
1745 2461
2510 2088
919 1946
1420 489
11 2323
1133 1511
840 1192
1664 2034
208 803
1355 442
480 2221
1993 659
88 1632
2379 2453
931 2404
917 1167
901 262
1972 2087
548 1386
1648 1341
1651 28
1657 293
438 1972
1530 559
155 406
1186 1821
2333 1238
608 2239
1839 2411
1893 428
577 619
1529 1881
927 1471
915 1529
196 1816
650 875
1972 748
1115 143
94 413
469 2350
2041 476
65 426
631 1879
2462 996
741 1579
82 2070
231 2097
1041 2363
160 2473
47 326
459 74
2094 1135
340 481
1273 1997
1238 1549
671 1670
1612 1992
2234 1996
517 208
2230 1130
2487 1567
420 767
2258 2200
1092 1143
146 722
2278 2025
1384 2422
637 2011
1522 1613
1499 1755
1709 1320
131 1997
1220 1270
2434 1946
1682 399
1743 49
551 2329
846 441
1469 2289
2134 599
811 1034
1874 348
655 397
2080 428
236 763
179 1657
1090 59
1102 1308
1359 352
1828 792
737 667
1507 1767
2337 1080
1307 2432
448 2406
770 2143
1233 797
2441 1168
539 1964
779 1079
2450 2503
1858 1179
1956 1791
1298 644
2338 1609
471 2000
2419 176
645 989
995 262
389 1794
1982 474
1251 829
1751 391
1128 1388
2245 257
46 112
1371 1380
2480 601
1326 1011
1481 1341
810 277
278 189
1686 1514
2310 2123
1704 999
2419 1703
383 1240
1795 611
1324 1481
1083 1116
1136 1684
1854 1999
2436 901
1743 766
1149 441
200 1689
1757 1707
2123 829
350 1330
1109 372
1750 1526
2408 1207
1489 903
1409 901
2224 1135
2308 246
119 246
1213 249
767 1283
2382 918
665 691
2379 131
514 1044
31 1556
1564 459
1349 1918
996 1262
108 1096
724 766
38 140
2347 89
1314 702
1007 1028
1141 831
2209 114
665 693
1308 1176
1665 1805
649 208
1331 1399
2034 1935
1998 1236
1194 1103
522 347
2463 2504
1604 426
2376 555
1708 1787
1397 1874
1663 2289
1360 2196
2263 1682
369 500
2167 290
1074 2107
1067 1317
2211 1920
1374 700
1355 1087
918 1012
13 1227
2003 714
1220 1807
1438 1502
2453 1959
2225 914
2359 2340
2121 2102
1155 619
655 1983
1860 810
2340 382
1319 397
889 1063
2524 230
60 707
1848 1342
2242 2381
885 1672
1324 1127
2154 2104
312 435
886 1573
260 1056
1370 985
2052 2284
279 1250
2166 1348
721 2359
591 565
1437 2523
922 2036
1828 447
1590 160
1557 538
1595 1618
353 215
708 762
2442 2395
1681 2398
2049 1231
1959 1497
379 803
1373 1566
2474 1519
214 1878
2463 2304
856 959
1884 1152
1375 2208
2337 2008
2208 781
796 246
219 467
181 544
1334 467
581 2356
795 833
1093 470
2049 1624
1119 2281
429 2208
1933 526
119 954
2296 280
408 1982
2352 1642
387 1171
2122 463
1379 430
2498 666
57 618
598 337
962 1399
2144 2189
2275 2515
69 1709
1614 1185
1056 834
1399 1692
999 2335
1620 1893
758 34
479 751
1395 1512
1211 1883
882 2478
299 2461
1249 2366
625 1154
1137 2448
1281 1216
1782 2510
455 1297
2495 1387
2160 753
1020 710
1958 2017
6 2174
2164 315
1665 955
991 1122
795 370
524 415
2036 1698
856 362
931 2021
316 576
847 1571
2278 1273
1764 1045
2476 1545
97 2431
374 396
2462 1304
2151 1959
12 2498
355 2283
2319 1399
1218 489
1780 1922
1927 374
1957 1977
545 2266
1153 460
1523 570
2044 2061
1558 2129
113 2193
1869 1594
1425 1046
1300 1661
2196 2469
654 92
1211 517
1805 507
2132 1766
685 669
1818 1365
121 1400
1592 92
1287 2030
84 1314
509 2451
503 599
2435 1312
471 561
46 2122
1036 689
1387 1970
252 1590
1295 509
2401 2220
1479 738
1038 1745
1266 2242
1015 1211
219 1501
1930 2060
2498 820
1343 1469
2374 98
1375 1204
2512 686
2135 2328
979 2491
2062 1576
102 1177
1413 1715
368 1975
1844 1694
128 2178
1363 1600
1818 780
284 892
47 2483
695 671
1340 1183
1806 306
797 1370
34 1387
220 1534
952 509
2267 1791
988 40
1741 660
164 1334
1117 1728
299 2501
1111 1593
404 2158
1386 306
487 1820
521 2448
169 1585
2329 1191
908 390
1266 2352
216 1063
714 2024
2147 1085
368 1753
2121 1179
1359 115
951 1449
2332 1436
1933 467
1387 1148
2081 289
313 151
2347 1661
292 2080
1304 981
1087 2280
1114 50
636 583
642 124
1307 1240
593 1564
2462 1945
375 1514
254 2410
95 1747
1011 1431
1263 1307
581 921
5 464
1988 1715
2188 1569
1828 1487
374 124
587 402
2311 2200
1700 280
634 2363
1139 898
128 658
817 1178
910 1179
1554 2152
736 749
2200 1392
372 1468
1235 1204
1761 2121
1101 2284
964 1087
325 956
600 292
2236 1716
269 1579
919 985
1273 63
2237 2269
75 1524
2472 2014
1236 2230
1510 1785
2383 1005
753 1065
1456 219
304 1466
2518 2192
1225 1455
884 2019
510 601
2284 836
1434 415
318 1812
1111 2024
1968 2279
306 138
1254 2458
918 1971
360 1650
1495 836
2519 37
1969 2032
700 2339
1992 2522
1138 1041
993 1631
1179 1702
1493 425
998 1859
721 157
2022 2353
215 1802
2120 2356
719 1896
1733 1897
714 2380
1532 1391
1757 1157
602 1251
1332 1625
186 454
20 36
632 152
301 273
489 310
1245 1651
2094 1970
263 227
1701 173
2004 908
2039 909
932 2411
1148 281
792 2481
1822 123
324 2351
1298 2464
1700 287
2302 621
603 1103
2165 507
1151 2093
1640 1893
1151 457
1984 2276
2237 1727
257 944
1996 2335
1464 2310
1616 1819
1972 2494
142 115
1439 1975
1077 1372
1462 1350
673 2513
1707 817
1986 428
498 1592
1665 1889
982 2004
1075 2435
1938 1629
69 198
1235 2365
2009 1456
835 2443
38 1907
832 347
2036 1327
2418 1759
2499 1538
2274 2304
362 1995
1250 427
42 1173
1812 162
2211 1715
542 849
1694 1639
1073 2082
1537 1963
972 2230
1123 1377
1767 2310
28 2024
196 318
1541 1190
836 774
1896 1431
1676 1743
123 2452
1878 1026
1293 1986
317 2498
1125 771
371 1895
1689 1241
637 1932
1805 1962
1257 531
220 328
1302 795
2034 387
2274 940
19 581
2316 271
2278 2370
2394 2403
986 790
1562 579
2379 2377
552 165
1503 1472
63 1723
1754 298
2098 1080
976 1147
1897 2003
381 1582
2297 2043
886 1817
186 1633
2207 2366
72 1246
2408 1848
2219 809
862 2143
331 216
1814 1215
1233 1922
2017 1721
376 2059
1245 1322
2017 39
1857 1374
2393 1340
2386 1587
278 184
1934 244
2024 1625
2033 1739
115 1757
1356 2344
882 732
1386 523
2321 917
1195 536
227 1802
2483 2043
838 1802
1740 2377
1171 2024
1566 1193
1760 870
1409 1530
2494 724
1008 424
2497 1615
2432 575
1470 2419
759 1587
2249 698
2509 983
1396 90
1680 611
1258 2058
977 859
940 958
1631 485
1165 151
818 382
168 1876
1932 1810
2421 2314
1910 2403
1336 965
993 679
512 253
355 1440
2024 1496
1544 306
827 2024
1286 1686
1948 2217
701 2133
1102 2240
749 247
2229 845
887 1310
1213 1257
2227 40
585 2408
2316 2148
1918 618
2022 405
128 1850
709 1125
1917 2306
1661 1542
1895 1818
766 113
1033 2411
1901 495
2395 1754
1752 1908
1386 1249
1066 2241
537 1382
2265 1546
1154 1220
437 1333
2020 748
1637 709
649 2058
847 539
2149 2191
1917 382
2117 1375
166 424
1124 415
2043 1575
1761 2465
1784 1089
1078 2188
2062 619
1073 1275
1687 2228
2039 1756
1891 753
2425 1693
1987 1239
1260 309
862 909
2273 1814
1554 1403
434 953
2422 2419
1556 969
357 1696
922 2478
882 1739
1857 2181
502 2520
2037 312
1844 1349
2214 1634
555 1318
544 1395
906 2137
943 549
331 1009
627 1860
1258 1119
1260 1270
1181 1839
721 1723
2059 891
1486 2290
1252 928
2212 970
1884 1982
2249 666
2250 599
2000 2170
2356 620
2285 2492
1260 583
1501 1238
827 2280
238 2201
2060 1279
418 1365
2043 858
326 1207
1256 443
1983 1763
869 532
41 1749
130 640
441 808
182 278
1265 1173
2180 58
1163 358
570 80
239 2273
56 426
464 2461
126 1455
1663 358
2047 629
538 713
2079 1262
243 1894
2442 522
482 805
299 2124
180 2403
1069 1816
2042 1942
1342 949
2515 955
1523 1069
1229 1194
179 2500
352 2038
2265 2314
2405 1780
1923 1746
2078 1325
2004 1670
557 2182
1000 54
1220 1817
355 919
1413 1451
699 1217
877 1737
17 1183
2208 496
1916 1589
2039 1745
1147 479
916 483
558 252
480 497
544 1941
603 381
453 114
1344 303
415 1851
1017 1201
750 647
283 1422
682 2315
1948 462
979 946
1349 203
2453 1882
1338 2497
2420 11
323 2101
2135 176
1283 1320
1807 189
1684 1891
2012 714
749 234
2458 2147
1952 1633
2258 607
1639 1926
1209 1965
1466 1721
801 1461
1999 1651
1890 391
1545 1563
565 1686
6 2160
216 2172
1507 566
114 788
440 1922
760 522
946 770
312 688
1999 2397
1879 851
1348 2083
713 1167
118 1946
1051 1559
2300 2146
309 2486
1702 1621
1978 347
114 2353
2097 2408
69 649
580 1818
1562 1164
1574 714
305 1120
2420 153
1205 486
2277 842
1014 1745
915 299
1983 1941
58 1971
1009 618
124 2080
6 1125
257 418
1727 350
2234 2057
332 2206
191 567
217 1081
694 652
154 1033
2034 1567
501 2497
934 1320
1459 1560
1865 1723
554 418
1000 795
1583 1479
921 1988
1998 1760
7 2487
2021 1156
2259 1411
935 880
189 2405
439 1117
1355 1639
1637 650
772 2152
589 759
2450 2141
1096 494
1847 2111
2300 2137
1838 1993
1441 2051
1991 659
123 1532
1112 2383
1493 1957
431 603
260 1841
427 336
687 919
1174 1707
1026 1344
597 2233
2215 2324
2314 2359
2523 948
690 1176
403 2380
1048 1269
1719 368
653 1353
1127 696
2429 255
1788 1911
329 587
2104 59
860 2302
2039 1273
1264 811
605 1420
1787 720
343 2038
1020 1239
773 574
1672 1086
248 618
189 6
688 2037
745 522
1856 154
1656 2093
584 1877
1185 2357
1416 1524
1088 920
2322 1284
2213 711
1350 1140
2216 864
2068 1103
2511 2043
745 361
1183 2488
2162 366
2025 1525
404 775
105 1748
1383 984
2449 1731
1172 535
570 1552
1252 457
451 972
1678 1495
1644 198
18 141
1934 2374
611 619
2338 1874
1267 1059
459 1481
60 1373
1627 2066
352 2449
1831 1529
2333 1362
2069 1619
878 518
1553 322
1295 1226
304 792
1858 78
2186 2060
1741 1064
2466 1102
1976 1721
194 495
2365 2020
284 2341
937 968
1737 1749
1682 2499
1836 1016
813 1755
2205 1324
1402 2187
736 373
806 1303
2463 1034
26 1588
2270 1671
168 513
1816 2475
956 1532
57 1917
378 2435
1184 84
333 2212
857 1457
1010 174
740 33
25 2174
364 2193
2474 154
457 96
1970 286
927 2300
641 1447
2342 1187
47 43
2125 1581
490 1259
1439 1919
95 1733
112 1320
1510 2207
1040 2434
545 2361
732 1306
1775 1701
2259 2335
1805 652
1809 650
1252 2208
398 288
1674 2382
1598 743
328 152
1673 573
1627 2312
949 625
2168 1716
2510 195
1417 2067
137 798
1239 926
14 2185
1265 254
891 1508
2172 1218
928 1455
1113 2159
1889 334
31 595
1125 156
1259 971
20 22
821 68
1248 873
1238 1928
1073 2205
2264 1355
992 2242
717 549
548 248
1387 464
1474 1872
1649 2403
243 602
331 1206
2380 894
696 169
1470 30
1097 901
1610 2069
764 1855
2060 1482
1378 304
2464 445
557 2317
2086 1545
730 600
1754 2372
363 1658
1812 777
505 2328
1423 693
1811 1918
296 401
1579 795
1388 2394
2510 1467
2011 2103
1856 1296
1226 2467
452 1079
943 1515
25 437
1226 76
116 1847
972 775
1604 2510
1059 1241
1431 2220
1677 1212
1329 1642
2278 261
80 1478
944 622
245 2477
2465 1511
381 2091
590 507
1819 1450
2296 1581
609 1044
941 817
644 1525
2069 492
610 1380
2417 1304
2036 1743
1952 2336
468 2185
465 1778
837 415
1504 2514
589 1458
2435 353
1727 2478
2356 1257
1849 481
1697 2516
296 2251
165 1282
2461 323
1733 2383
2054 256
774 954
1655 1715
2239 2037
2356 1113
896 971
417 2259
2455 1074
2428 2308
2294 2420
653 983
926 736
570 2431
2317 40
307 1267
589 536
794 1014
1580 2063
1679 151
1636 539
1976 1918
1181 1805
1119 1365
733 2175
2515 243
256 2415
1044 2495
1695 1842
888 1252
83 691
1808 2388
1856 648
1606 206
1056 2095
2295 2511
933 536
831 2306
150 2204
2128 308
2418 2339
490 1437
1361 1225
2302 1669
158 390
167 359
1317 2196
710 274
474 1700
1821 365
734 1148
1221 1230
272 819
1702 1696
1086 2344
1281 2041
1287 1742
243 95
1317 1560
1924 1684
1651 1665
2226 2202
1759 2086
2218 25
2249 2410
1683 118
1547 1494
1284 646
1588 596
1009 2043
1699 1421
2137 1079
1571 205
82 925
182 1400
50 516
1539 401
319 582
2495 2166
1915 1933
718 796
899 267
2479 1896
1017 1093
523 1232
1450 2014
4 1505
2100 1146
2421 1174
2002 888
2136 314
948 2315
2064 486
1611 1426
39 584
600 2078
532 1092
904 664
2471 137
1531 1591
1334 570
1904 72
1541 1994
791 850
601 1036
1199 474
1922 1985
59 1865
1253 640
1080 1662
1215 121
1181 561
1342 1372
447 357
1908 1382
1822 24
521 1026
2520 1672
2144 110
1644 1531
600 675
1949 348
591 83
189 2370
1149 1013
630 2029
131 332
218 1046
1672 1037
1529 2243
356 1389
244 2411
1548 403
1726 2383
327 2037
859 1362
544 637
1739 114
2268 1518
707 80
1723 1507
2502 184
1638 966
2384 402
619 279
2367 1909
2496 2289
2246 925
1290 1349
1042 951
2450 2171
728 2481
1008 1902
1009 2461
1508 648
845 80
175 638
2361 117
993 2238
2428 1045
572 100
938 358
50 1946
1961 1845
844 587
1322 1354
705 2465
1564 142
1552 2450
975 982
264 813
1516 1886
2455 59
478 1078
1186 798
123 1922
1222 42
1080 2421
71 183
1323 976
1353 1677
1651 1709
1950 718
540 335
2438 404
961 2189
1075 471
1612 712
277 509
647 1163
1893 1763
586 1470
280 698
1788 1869
412 224
1482 1170
376 2141
1718 1991
1460 1226
1524 1142
2275 447
163 1302
1769 5
2086 2512
1056 2456
862 314
1363 1383
773 424
1251 1369
477 2318
1693 806
714 1320
1165 4
2028 1459
2294 1097
63 707
2375 838
909 917
2461 288
2442 1825
726 1536
2231 2130
1019 1125
459 523
1 1190
625 1091
667 1077
1124 885
2499 2515
485 607
1549 155
935 2183
2335 187
2473 2377
2160 712
992 22
497 692
2276 2432
283 1181
146 1887
1680 2457
1870 253
1184 1112
1279 1140
540 879
2284 1633
2292 1730
2249 1169
1345 1716
2077 627
1839 986
304 2040
519 1994
1720 2004
342 1191
1866 1048
2175 947
1222 666
1866 989
1607 945
1995 1101
127 324
2327 1686
233 1483
1983 1883
346 716
580 2217
251 1091
586 1746
1092 2053
1629 1320
2377 891
1977 1266
2477 1897
1097 1348
1381 1957
1961 702
1083 1425
2264 1603
1942 1912
719 2401
1662 255
207 2040
1440 1231
834 1670
972 1600
2441 150
1912 1051
253 694
949 1745
596 422
1227 571
2068 1877
1600 736
948 78
1351 665
43 346
412 1504
270 1955
2050 2028
1786 79
1013 2464
2447 2359
468 589
1565 1720
886 1076
505 151
1018 1203
2149 1750
480 1382
1714 153
2101 886
617 529
1322 1664
1836 26
1125 1133
1929 121
1365 2159
85 1633
1844 2077
22 2286
1158 764
1588 113
1534 2121
369 2363
719 2127
2510 2472
273 1433
1524 794
1090 1920
655 1895
477 453
2006 503
1479 1377
110 433
1217 697
2266 16
61 661
32 1059
1112 239
601 501
398 1374
928 1167
392 450
1559 1994
2190 444
2444 1143
725 405
2255 2067
2208 1732
705 2069
1795 1022
995 2038
329 849
688 948
2208 553
2100 609
1187 86
1482 404
572 1352
1341 930
636 1474
34 2275
581 171
2268 1697
2438 1327
1061 1256
985 389
1894 1660
2165 2154
763 1384
1583 1680
1691 1896
2035 2034
1033 115
1546 2143
463 830
930 1557
313 823
1641 1350
2076 538
1483 866
129 554
2340 1409
406 920
1728 1518
1083 2387
1680 585
582 1551
1580 335
2217 157
462 441
1908 681
929 35
172 700
2442 2407
2414 1485
71 202
2277 2213
1537 426
1725 2355
2344 840
175 1575
1105 1047
2034 844
2231 1409
1752 264
891 649
1735 48
1982 1957
2450 1815
789 1436
2209 1596
1485 472
703 122
1750 1100
652 517
431 1074
2288 203
1725 851
340 1959
2222 165
120 730
2371 1313
455 2196
249 859
2030 111
666 1379
482 1682
1617 1601
1266 1322
1883 1458
1914 2196
2048 904
1176 1370
2448 1241
1946 1208
2159 801
1344 273
1851 855
1436 2276
781 618
2347 1025
1022 1909
2251 150
2034 961
478 7
337 1583
1473 1276
1702 1287
2296 1949
154 2219
384 1981
764 966
1096 974
839 1291
475 1042
885 900
2121 1872
2423 46
705 1753
535 93
10 2117
1219 2058
1267 2389
1435 2168
604 2101
1343 268
445 250
1819 719
593 2083
582 302
850 1601
2310 201
814 2067
313 1445
267 2392
967 2164
51 1691
2161 399
1003 1251
2013 1902
1026 1981
302 626
349 352
696 1449
1648 125
1127 2322
1930 1868
1323 1414
1912 460
1680 416
1012 214
1391 102
1332 1159
1588 580
985 941
230 590
907 1969
1991 629
735 1710
312 616
1002 2370
359 556
556 352
168 1975
1789 2419
691 2502
2377 1177
2171 227
347 685
1094 1677
1888 379
1826 2198
275 884
732 810
350 479
2377 760
499 0
791 250
439 574
753 913
1752 1421
679 1346
1559 1439
1704 2044
1905 2133
1888 2473
1920 1099
2048 374
2469 1466
1944 717
1395 1935
869 760
2028 2249
1513 885
1187 1085
539 2157
2177 2194
403 875
856 2264
917 187
370 772
1156 135
441 1265
2323 2511
40 2216
416 970
2210 387
1230 124
1320 1230
852 2352
1989 769
736 486
2110 958
22 483
1117 2371
19 2017
77 938
1200 2025
192 2292
585 512
2003 1790
23 579
39 1424
723 2459
934 2491
1882 2224
504 1790
1220 2274
1389 390
1955 646
2264 1398
1680 1553
1837 1029
1787 933
241 1363
2386 2083
2502 2464
2012 1078
203 764
1525 1284
2154 2391
44 2068
2507 283
1539 117
2524 1711
202 950
1370 823
1199 1845
1491 411
2028 493
208 1663
1733 531
282 1812
2139 2416
1032 536
1377 887
93 905
384 1187
1147 2469
996 1652
1231 2239
233 1888
556 2029
1902 2378
428 874
1210 2366
573 663
1004 1646
655 1265
2424 632
1869 2263
1894 1758
610 2147
2205 761
153 1379
1542 2435
330 254
1220 598
2126 2290
915 2174
1446 173
2196 1516
1972 2209
659 1121
1954 799
1399 982
1918 969
2335 173
861 1848
812 1529
2462 1199
2175 960
1904 2061
310 878
1211 2418
2411 1411
832 336
2029 489
2147 636
943 757
1616 908
111 1451
1802 34
1853 1390
2339 914
1838 478
439 936
1818 3
917 2031
965 893
1620 960
899 1672
2306 1902
1281 1273
2454 2216
229 1914
1420 1663
19 2348
1941 346
2477 1207
2222 386
1577 1103
600 1755
484 1788
1504 2520
918 2366
804 79
1045 2475
665 1334
1154 2314
2003 1057
1071 1179
233 2297
1462 2503
1634 1068
1119 1584
2159 1630
201 653
1103 1599
1678 1916
973 932
1270 669
418 1923
2492 2360
843 855
2088 617
1730 2312
768 1602
2135 789
1250 1601
2143 304
161 2095
2112 33
531 1159
1749 856
521 1844
270 2081
2417 761
1085 968
1484 1389
670 1089
1775 657
2306 258
915 1547
52 259
998 1168
2282 1092
834 2403
2469 962
2404 775
2085 2166
942 256
120 1344
1703 127
1565 2402
1745 1438
459 413
1958 2524
1105 1249
1499 883
1012 625
889 2050
977 967
2238 431
357 1744
22 1616
825 1548
1593 322
2341 2294
1896 1419
166 643
1621 1396
428 1533
802 2112
2273 1754
183 231
0 132
2033 1578
647 799
92 1289
1394 2299
190 879
1126 1720
163 1987
38 661
2310 566
698 2500
1814 520
2289 2426
2169 892
2112 1731
111 1629
1616 704
1259 76
2505 1689
1559 2110
1442 372
2185 1078
206 1907
1888 2262
2224 1898
688 602
1130 1082
1205 1658
2020 1511
1267 651
1317 2516
181 1258
784 1783
363 626
1979 1405
1997 1127
1688 1152
287 2287
1189 650
1851 2413
1463 224
1308 100
2122 1503
832 1757
2266 988
131 1973
973 197
701 774
1225 1739
282 1795
341 1503
1965 113
2442 1150
843 980
437 303
1732 646
709 225
1344 299
2014 328
1805 1607
353 827
846 1127
676 1252
2031 329
1571 863
1509 1350
1487 175
31 1428
2132 1278
399 467
646 1227
1661 1071
2281 1257
1573 885
393 631
1129 1671
269 2201
1875 1124
17 1157
1213 1400
2141 2123
848 275
1389 1251
2456 623
1289 806
378 1822
655 1790
2487 232
2177 1513
1352 2296
588 1104
1074 1386
1421 1735
1458 2179
1326 454
2081 247
326 1845
1056 10
416 874
2473 15
2141 2061
1867 621
81 1161
1054 1654
1653 2123
1014 1402
1963 1476
1941 966
202 1592
2417 1520
184 1351
1109 806
1402 2314
950 1057
2023 2051
768 1006
1913 904
2361 2419
511 102
2142 271
2131 322
2223 18
431 1400
488 1149
716 2178
897 1291
2311 2514
1293 1075
1116 237
2104 49
1800 1241
1766 1558
2426 2136
1 1100
1481 6
390 1986
1603 75
1529 1693
482 1482
179 943
710 94
2403 180
2415 170
1402 1534
793 350
313 375
2297 1532
1415 1476
1955 995
2160 2352
2383 1922
486 1107
833 1528
809 1907
117 95
21 210
600 76
2233 1767
1264 1879
700 941
2453 313
122 708
727 2338
476 93
2262 965
2464 435
927 2221
404 1334
442 2390
2100 2509
1735 1952
1227 1619
1540 465
476 66
1092 1388
1383 527
2338 2401
415 1689
1279 1117
2418 1664
1431 702
1992 1208
701 261
2325 1926
2118 1820
120 674
241 1686
1151 1333
2131 1424
379 1218
2019 1585
2450 1102
1325 2504
2030 550
650 1438
2415 185
2091 2224
1931 592
553 302
365 276
1121 1987
2345 1197
62 2159
1292 1856
417 1535
2259 1626
1975 1054
246 2038
211 83
1973 1919
172 991
978 1341
2217 1075
1817 1792
1183 1673
2236 1170
2518 418
1524 1712
1360 1541
1644 1937
2233 197
1439 2415
2421 1345
2365 835
1538 651
658 1188
341 1693
404 2199
2364 475
1926 2477
235 2057
2117 1357
451 2043
582 2228
1553 1260
1013 1783
558 87
1104 1760
1222 2375
1504 148
1129 1530
2278 1131
1451 919
2071 1824
1924 703
932 1090
512 879
1567 1197
541 1467
446 1616
483 1114
1435 465
1897 829
2369 244
1175 928
826 1708
690 2045
1331 511
620 2264
1446 1719
307 2242
371 1637
810 2424
676 1717
1378 1345
2374 440
957 2252
1608 152
2016 2354
1058 753
941 1745
516 1056
1 292
1949 2356
723 146
828 1276
1518 750
1748 642
2513 2162
1080 2259
2398 1471
2323 209
2339 1422
2026 1935
1861 1771
1560 1455
602 1955
985 800
628 91
223 1154
1866 1706
385 1068
1943 2277
1329 1088
875 1820
606 1891
996 1346
1307 1491
667 1086
1361 47
1566 788
923 2095
969 1192
1274 2504
1775 615
851 1081
200 2329
546 28
1278 996
2432 2231
2217 1810
2408 2186
1416 394
2205 1128
596 1326
89 2162
2514 913
261 1055
601 686
1674 1155
22 2486
842 313
1487 2432
547 2080
2424 703
681 1243
2013 1413
1217 2311
1896 1141
1347 2244
2240 2156
216 718
2372 776
1683 2483
962 2341
329 899
2292 434
877 1911
224 1862
2016 404
282 1295
391 90
1618 2131
1200 608
621 602
631 2216
1303 55
498 2154
2123 545
1882 832
2522 1483
904 478
1900 188
1661 243
1433 1821
822 739
195 1371
146 2124
1997 826
2121 48
1307 489
2436 831
1344 1106
1293 1036
1766 1972
1438 2338
417 1687
570 824
292 1607
320 227
1857 2391
1465 2314
1562 945
888 1276
1221 496
398 1978
426 1944
563 1967
50 305
1416 1473
1541 1475
1790 2417
1112 318
295 578
1882 1835
1602 2509
287 433
721 1949
125 1835
2168 1051
792 1463
1127 2104
2283 1399
341 1708
2113 2382
1218 2241
1542 609
2405 1628
2498 1013
2339 1339
1633 2349
1462 945
1690 73
1451 1344
2181 1337
610 1760
460 771
1581 969
1490 297
191 974
872 2072
2191 1631
27 391
1374 927
1571 469
1166 2393
1759 1737
2072 573
2101 1274
2404 963
1225 453
1196 657
2469 677
1409 1199
1300 574
2048 1029
393 2255
2412 571
2083 1647
135 2150
1189 202
258 124
831 430
419 552
236 268
2110 2263
2145 944
1071 461
1087 1765
1930 2422
1571 181
541 579
1770 99
945 1742
1932 169
1690 1044
1686 1882
2486 2086
355 1571
398 470
1680 1437
2030 2300
2205 792
384 1783
1298 2255
1404 1001
331 305
1788 1684
585 2499
2041 1670
1971 1070
101 2031
892 1980
2266 2289
606 2013
1485 2368
764 319
1725 746
1054 374
242 1304
2201 898
99 692
128 1893
2251 440
315 370
2107 271
2421 873
1232 2098
914 1920
1708 2375
2387 1287
2321 738
1860 1768
1477 1444
257 2191
843 1643
1207 2206
919 2454
1328 973
1863 2220
456 1979
2017 628
2327 231
2281 2147
1191 1589
687 1996
591 1663
2211 1020
579 2335
1003 1558
2336 852
790 326
2127 2251
860 2394
2487 144
975 2132
2239 1384
2092 1818
675 445
795 1818
2467 2011
1790 318
1805 2411
858 2442
1940 1042
270 1299
2484 499
2438 2320
1324 972
2062 877
888 702
874 393
1223 332
317 1656
148 2284
1005 263
2060 1433
682 2158
396 1370
1365 556
1151 718
1313 934
2320 2407
66 1741
1956 2356
2407 1718
924 1647
2228 438
1968 669
133 2121
333 1769
1977 1137
1158 1112
1383 214
88 1248
61 922
882 2496
1711 1221
1837 698
2034 916
869 2071
1931 2333
1279 661
1649 1588
1169 2189
538 1026
2282 451
1689 1139
1314 1708
2067 138
1439 638
1628 1274
2155 335
1566 1447
1919 873
846 2380
527 49
1414 153
1968 2176
295 173
2015 1116
1816 1811
1481 396
1653 1188
780 2305
186 1586
68 1532
303 2438
1690 678
799 937
1792 1802
29 959
2484 795
1348 2168
1186 2477
2269 1512
1779 461
2339 727
1799 1298
822 586
229 1401
1681 1235
318 20
2383 468
266 1327
2163 11
1817 1609
1945 316
672 414
2318 2384
618 564
149 471
1294 1882
2240 2288
1795 2472
1837 2237
2137 842
1002 2303
1153 1745
1993 1722
1722 1066
1378 1578
421 1493
2204 2465
745 1051
2111 2374
1296 1990
815 755
2468 741
1997 1843
516 323
1370 108
454 426
2152 2191
666 919
723 518
2406 155
2091 695
1079 481
1242 529
1301 2427
1728 1575
1791 1080
562 2001
1850 95
384 646
1737 228
2522 1735
1264 611
620 2185
619 2273
1011 1181
435 77
1340 2166
2097 1554
2259 1145
54 1433
2202 1541
1949 323
843 864
387 1932
810 540
2442 905
809 200
1151 1521
761 160
659 704
1035 1258
1743 699
1771 2189
1162 654
1475 2395
1050 1584
1861 749
1012 806
807 589
1956 289
1853 1257
314 2273
292 2039
426 2488
1731 2374
2222 547
332 2045
2312 2078
1679 717
721 2252
2513 425
1510 1947
1335 1968
2012 1905
1186 1822
2374 24
901 1028
2432 1653
977 11
823 2234
1576 1453
594 619
311 1657
1120 734
37 2454
1595 68
2511 1949
1436 753
2218 391
1845 954
254 1831
118 1950
1879 2152
2281 2373
1696 1142
725 168
47 1746
1000 1387
715 257
2040 414
1798 347
270 842
2521 1383
110 389
2485 858
705 1218
1897 1455
528 1685
2017 819
2327 102
612 1714
140 1527
1532 2471
1031 599
780 2032
2414 1551
313 2135
1079 2403
2187 367
364 978
1657 1738
129 1168
194 297
426 1295
1244 1882
412 1920
78 515
1441 2483
2430 1245
951 624
1959 1956
861 10
1795 783
906 975
1301 606
745 364
1545 446
627 674
965 1531
483 686
937 1409
1936 2135
1721 508
2209 748
352 1890
413 436
1994 441
608 1686
571 1763
2046 823
1355 1514
2108 317
2236 2147
2268 1423
505 980
555 1462
230 2213
1273 2295
834 1633
2195 2130
189 1199
1769 1216
835 382
1195 1995
2185 1441
421 534
1603 1108
1978 905
2358 2300
248 293
800 1536
2222 2296
307 1104
853 1299
1461 987
1938 131
691 884
391 1084
1784 804
352 456
552 108
555 1838
373 994
2064 721
2260 1498
182 2178
1986 938
2461 1962
1108 862
918 1372
303 2319
1895 463
267 2292
2464 1918
2247 2260
1270 465
1592 2131
1469 2195
1048 2030
2179 840
2311 1159
1831 48
632 875
1291 329
250 445
489 1431
1357 375
723 1470
1857 1158
1769 1236
45 1431
1983 2148
1454 86
2477 841
2277 1508
60 195
1959 1196
339 96
277 1472
888 779
2101 1632
1255 1015
282 541
2355 284
1953 2390
1049 2058
1110 643
1170 373
1097 427
1767 2472
901 2100
1345 1397
2232 2160
41 1237
535 325
1693 482
2437 1931
812 1905
2230 1901
2351 1850
2228 1437
1650 1814
1400 1602
2356 1764
1402 2118
2441 910
657 1111
510 2396
1005 1374
1046 61
734 1165
2397 1133
1415 331
1888 1012
1868 1547
2173 312
707 842
2421 482
998 2142
1811 677
1076 1012
963 2106
1085 1190
1758 2051
1050 1066
314 1672
580 1455
1846 1292
661 907
302 493
2100 1057
1546 840
1154 2291
2000 1343
2409 1291
719 277
229 2455
706 1116
68 227
71 1942
2313 1828
2254 1922
1974 1747
2145 1313
1518 1698
1307 504
113 640
2258 2299
1721 1986
1867 2496
2092 404
736 2464
184 887
197 2381
1820 98
135 1856
661 764
336 211
357 464
1378 499
2322 1989
2069 2045
764 852
700 2189
2256 929
1337 768
2109 1082
549 369
406 829
2282 2226
2432 556
490 772
2066 2524
702 1305
2111 2520
2332 2002
1405 1089
1005 1731
2503 1115
1247 1441
1739 281
1800 175
836 1548
1801 58
2508 820
2444 2356
2173 1757
845 597
167 2326
1060 1819
1828 455
1044 554
23 2051
1948 1720
1909 1621
215 666
1990 1152
1672 2104
1927 233
33 602
2510 116
1577 1050
1505 1625
189 233
682 111
1120 729
2011 1421
2127 1373
2398 644
118 2073
291 997
321 171
2488 1373
1962 755
894 1224
1876 2166
1713 585
2137 1814
867 1090
1209 1574
2042 653
3 806
1005 1617
1904 306
1257 254
1815 1121
1461 809
1936 2071
1262 2285
632 1868
1504 1360
269 1144
1434 1030
691 770
420 1651
1725 497
567 2107
2275 1918
94 2429
2497 2171
1648 1542
1547 2145
2347 312
2509 2467
962 2041
463 2239
120 1702
1505 2306
1368 287
1223 1668
300 630
281 1510
1163 868
453 2513
998 109
1556 2317
2277 2114
1120 1744
1114 1506
1467 265
1309 353
476 2501
2317 2230
565 1265
1927 2053
1528 168
2336 2209
1887 1274
1623 1703
2510 2474
759 2110
2345 1089
1614 636
684 624
49 2080
2166 1241
2237 325
2473 1484
1107 1009
1433 1173
2256 590
2353 133
2009 437
1931 332
1216 2456
1785 2406
888 583
494 1307
1540 1666
2396 114
2267 674
2168 2329
544 2353
770 513
1724 831
139 361
1079 1791
1381 443
1527 2403
1668 1671
422 644
1811 2505
1385 74
141 2145
2123 2152
364 1881
1395 2067
1630 2388
2335 1145
869 1166
1420 2180
2465 1749
729 241
1638 523
2467 2333
2438 2322
26 766
1457 173
745 698
1500 1605
1630 1702
1524 1685
605 1179
883 1489
2446 986
935 613
2390 287
1229 1456
2494 1950
1103 1684
700 774
2245 2422
2185 1625
581 272
806 650
1161 1426
72 921
508 974
2266 1958
377 2036
914 2184
230 2104
105 429
1112 260
2235 296
1364 1391
1946 738
2059 2386
1161 1499
441 932
1632 1343
1209 2071
499 1347
31 411
879 1930
2501 1811
1534 1065
541 544
2250 179
1967 803
1328 232
792 1726
2281 2201
283 1093
1286 840
165 1719
432 168
1972 415
341 2489
246 2069
1257 494
172 2028
182 705
1857 45
778 1045
686 1803
695 1637
1396 228
2387 2508
1886 2355
964 1551
844 2376
1517 1542
2521 1247
738 878
485 2213
1598 1625
975 433
1120 508
1931 2184
1747 2198
1778 1133
1640 2366
794 2116
2197 526
1170 1422
242 1182
1185 1144
1247 1019
374 2207
1250 1183
1319 435
2417 2070
1021 591
1034 1204
2119 926
1348 1489
225 479
1106 1393
359 2522
1905 1105
1766 1313
810 1357
1394 2033
1662 1564
2238 103
1003 892
91 1686
924 165
739 2218
459 1419
2214 951
1058 185
2065 1142
2006 1944
274 167
2320 1986
1309 1903
211 1276
641 1779
2303 2420
2442 1744
2233 1973
2439 1247
39 2282
377 973
987 1831
991 2230
199 663
1401 1181
1620 1432
1670 675
634 45
1943 1003
2278 1281
621 1849
1259 684
1920 2169
2465 884
2447 816
488 1808
2300 1995
310 400
2293 179
815 173
2049 624
1792 791
1407 2032
1137 1907
1342 1081
1294 1370
2375 1954
2084 714
1205 2340
2192 891
795 941
2126 1049
83 1516
354 1975
553 73
1445 1750
1206 1860
2270 2444
1396 759
2108 2244
1574 162
768 2143
262 1658
2122 2018
1547 780
139 1338
1373 2392
1277 807
722 1967
1750 112
560 2198
658 2247
2212 1646
1173 64
858 261
1802 519
885 615
1157 1819
110 2374
1311 1647
1190 1815
1461 1613
643 999
1206 807
2286 840
174 483
693 1038
898 2362
2242 1825
2505 1875
2314 2431
1158 766
61 618
1642 130
1413 223
48 1355
831 1113
233 1719
1479 1025
62 1302
550 2264
2147 1355
790 736
1187 2314
1353 2088
784 1674
484 2177
1361 1416
1286 1412
368 1209
2451 1503
1716 500
2206 2242
778 1747
17 1119
1911 1563
1801 865
1743 2480
1398 866
1611 1422
1425 775
2509 1540
1207 684
1182 1651
2262 1065
1739 1405
2167 168
957 1040
2420 284
2337 2466
2010 1150
86 862
2448 1839
1477 168
1683 1456
1598 609
924 2076
2246 62
1962 936
970 1416
1314 403
1722 2252
222 832
2058 2210
1759 565
1566 1963
2302 469
2458 2031
2220 868
919 1549
804 569
235 2522
2026 2327
706 2250
2311 1943
1087 2145
2027 1369
1106 1742
2184 1044
2242 1154
544 1831
1179 2455
56 244
457 178
1688 1230
1375 2051
1070 2100
181 793
2093 30
1739 1097
1264 1861
2137 726
594 1781
1786 1092
2169 559
471 2235
365 1802
1594 1930
2146 563
655 1332
389 1683
529 2261
114 1542
1943 1527
628 153
184 1221
905 1345
1200 153
1249 2169
140 431
2301 2241
1349 2365
379 270
1373 2078
1139 2254
614 2090
880 86
1952 852
1262 1466
152 12
912 84
1573 2369
712 355
1021 221
1136 991
2010 1444
161 1803
2317 2339
473 1061
1770 1354
2419 492
1308 1076
1228 2454
1354 2127
1400 950
468 121
88 837
2521 1479
737 1188
1365 116
2355 1897
9 2142
778 517
511 1527
1771 371
1395 1385
1982 939
2026 854
1599 1020
2231 535
914 1767
1307 57
62 2067
613 1955
1478 963
1596 48
2033 2487
1161 75
947 467
2085 1882
1235 2207
1663 2220
1029 649
2222 2051
1272 1936
644 1047
383 1191
1105 701
918 1153
2098 2039
821 2071
1124 2246
1944 51
1874 788
771 5
1328 2080
830 635
1445 1416
2269 448
1969 2482
433 1589
783 1105
2003 691
1950 1608
951 1404
268 2349
1973 1935
1754 272
1394 1095
515 1753
1317 2373
2375 1677
2279 832
1640 1798
1359 334
2138 1242
700 911
317 2428
806 355
668 2455
1216 954
573 253
1026 966
928 2403
34 844
78 2463
1502 885
620 1776
1975 2210
2087 2186
621 142
2248 2503
560 226
1849 1273
1667 2060
125 257
1585 1565
1570 2383
1412 1514
1118 2013
2085 790
1127 1246
94 2515
2406 902
1032 57
1496 1966
2240 1815
1499 425
1862 748
1662 659
916 688
607 1718
2323 1595
900 1283
2135 1668
1582 2196
13 1180
869 1202
483 1137
1882 2177
1053 1464
1757 1494
475 1801
1721 1118
1742 1292
1583 1508
172 1209
573 2368
1345 1636
831 633
2466 1580
1397 415
855 1537
446 714
1103 2390
2229 2055
1513 2206
1419 2421
1693 1492
1707 700
1600 1812
1995 2079
1438 1326
1113 1437
2524 2373
1178 2483
1830 1536
2134 439
182 359
105 78
1357 152
2284 2366
2392 1137
833 1139
1841 1402
1504 2135
289 2259
239 404
2088 2343
1659 903
1496 766
1274 1772
1984 1321
1520 143
191 1975
2367 79
1654 2421
704 372
176 1281
1134 2209
1278 283
1569 1369
6 171
308 631
245 499
1465 243
1731 1331
2495 488
306 1183
1340 1039
1531 1516
2355 70
1899 171
1361 2351
759 1151
2278 1529
106 1786
1640 62
832 305
2237 1852
261 2262
1413 2245
1601 424
1823 2447
2335 141
2101 139
2176 259
1178 1768
1944 2448
728 2014
1526 701
1103 177
1424 2322
623 1014
503 1801
1104 635
1090 2457
1986 1397
1079 1447
1857 255
337 1346
2368 2424
99 619
867 1948
218 67
1265 1326
606 1188
1044 1850
1831 391
71 2326
2101 1068
2192 1702
2418 230
823 892
648 2516
657 935
2167 1770
1310 1820
102 2230
2366 514
2140 2238
997 1516
1425 862
1055 1182
2019 1087
2511 934
115 1925
2074 34
918 1702
1559 1593
1717 1092
889 1447
1267 954
2425 2439
2241 222
1138 2149
2228 2073
2008 2265
979 1661
570 881
1323 30
542 999
787 150
215 474
1879 2230
813 1913
519 539
1789 665
1895 2081
320 967
1532 2053
1526 1155
861 1621
2270 1171
2146 1550
1273 78
2411 368
1322 522
2434 682
128 1340
1698 643
924 1976
1224 1823
460 2258
377 1551
1052 102
1304 919
2123 725
2357 267
1144 1956
1046 2106
1345 2015
8 1306
1503 1261
1558 870
107 2209
1009 1962
2493 207
1778 363
2328 1176
1756 1615
2383 1841
1884 1010
722 2449
426 457
1189 2175
13 2429
1689 479
890 2516
663 1605
1583 2355
1390 1374
1767 167
682 436
948 43
985 2495
2356 1648
1053 797
705 1456
1521 801
1392 143
1315 1163
75 1916
1182 861
781 519
2395 1593
1368 1198
2167 1189
781 931
1154 2427
662 1334
1268 1975
2006 1592
2314 2474
1254 431
1750 97
2362 528
554 1873
1264 1870
2069 1510
774 1869
1317 1341
1324 1381
499 74
1164 400
2368 2449
1706 487
254 546
2133 401
62 1829
815 919
109 963
1275 841
1174 301
2202 790
1321 674
755 1368
1626 1472
584 1259
1852 2480
83 1266
1783 690
2483 561
2054 2181
2470 1324
1189 2171
1675 778
94 1922
478 107
633 1512
183 2130
2155 1462
1746 3
1682 2174
2416 283
2520 699
286 1150
922 1220
253 1868
1673 429
1120 1197
2082 1834
1660 265
106 2351
1896 178
1372 2171
1607 1413
1865 140
699 277
1038 1278
1515 974
1850 649
214 1475
1095 1555
2149 838
2239 1717
660 767
1987 1083
944 2397
1724 1641
1069 94
809 1945
769 1385
1859 1885
599 541
2293 1753
1082 735
118 1223
244 282
1958 1981
1914 1981
1408 2519
1729 1905
2122 225
2200 1739
1337 276
1752 861
927 1602
2405 1256
2166 1840
1537 625
1075 244
1164 2121
183 766
2292 1209
1330 1466
478 1604
574 344
68 80
267 571
803 2015
2242 882
1062 611
857 552
2260 2467
1565 1394
1581 126
165 58
1902 573
1041 91
181 2347
1810 327
215 43
2182 2125
684 1337
1873 1106
404 2345
423 544
2434 1633
2079 590
2431 743
2308 510
413 979
493 1035
283 537
2318 1932
961 1833
590 1111
267 1177
339 474
773 1829
1775 926
1707 1921
1183 851
408 1558
1024 1416
996 1320
236 1414
54 983
519 2112
2375 2227
2193 583
1923 1750
2380 830
818 1524
1310 1019
589 2160
1570 1308
92 1626
433 1035
843 876
1390 734
1079 1201
1324 1873
1663 1778
500 791
89 595
1656 2359
614 643
2199 1370
245 363
2462 266
2119 253
493 140
1671 2142
128 2011
191 1902
741 1656
846 1791
555 1608
1716 2164
1567 843
132 1077
2170 1397
797 215
2396 1145
2301 1021
1652 1903
1625 1718
1976 1326
1011 2345
2295 265
1292 384
384 2256
2015 1462
658 1518
717 1978
205 1792
650 2279
1704 1528
965 2125
2443 2350
46 616
511 184
642 544
90 1692
2429 1208
721 553
705 978
2328 172
510 870
47 1710
1622 436
950 239
1841 1686
1252 592
649 13
811 1640
1281 644
459 1299
1357 1603
2457 1967
1211 1719
1537 517
62 1653
1435 873
2220 2132
1683 2172
2390 1826
804 1583
238 2482
19 852
716 1016
2457 127
13 809
1434 650
825 1380
269 1312
2125 844
778 2212
458 1290
1161 1823
2024 1791
121 502
1874 2471
693 803
1792 2040
1194 1740
1596 947
409 1427
1788 2207
1321 2455
2145 1911
48 2255
858 2469
2177 689
1828 2040
2139 2438
2074 2166
2112 749
1160 2264
2248 2491
1898 903
312 419
173 917
2451 81
2280 301
631 1215
587 1784
1214 1634
1004 1052
1048 454
1830 468
2130 490
1501 941
1128 870
386 917
1135 1773
177 1187
931 1427
1183 65
1269 1101
1971 862
733 1171
2462 328
2349 124
1602 1108
472 1577
2032 1221
654 1476
1976 2320
1138 30
1727 388
805 1769
908 536
932 350
1476 2223
607 483
627 1180
986 1184
573 802
2033 1747
940 1129
348 298
2426 1795
1403 778
1246 2271
452 2178
23 1404
342 859
2112 1082
2057 146
1781 612
1339 963
599 2032
722 1511
1566 2207
352 1208
1625 385
1489 1293
2278 1084
355 499
1655 1414
725 2349
2501 1566
1319 1586
458 758
1639 198
1150 920
883 959
1111 1219
1493 1208
2486 1294
2410 1202
602 1144
2388 1549
661 788
1419 806
1433 910
189 34
1973 623
326 457
36 732
1535 2306
789 1896
432 1125
1968 2292
2502 137
1743 2014
2097 1872
1192 1821
2506 893
1775 1572
661 1103
1250 654
535 221
2271 169
1651 92
1073 704
1505 1219
1531 126
2200 689
407 1321
2251 435
2131 2240
1227 480
1811 975
897 1368
911 85
1868 495
921 2494
950 1914
614 1827
799 1468
248 1940
2382 149
1695 1243
19 906
1820 1187
1625 1614
1814 136
2436 2361
843 2115
630 197
62 469
172 715
1890 1958
661 281
284 1255
2101 465
7 281
1823 701
481 693
1868 2406
1929 505
348 706
1740 2114
1726 2435
1511 1036
36 2444
212 113
1044 898
518 2168
1294 214
26 1321
959 1706
578 1855
237 1891
991 10
300 163
358 667
2269 1328
396 2201
1992 783
1883 1673
484 2227
556 2349
1097 637
1626 1588
1531 776
546 528
1097 912
213 1020
2193 1589
722 1891
364 1958
363 801
1174 561
1389 1491
760 2178
2265 546
289 2076
1751 1347
1141 2514
1260 178
1140 2152
284 2310
1115 947
2295 705
1057 119
1534 463
596 196
123 1964
2406 1964
1378 2248
2489 494
1947 1748
2075 383
2385 2106
1005 212
902 1131
433 1288
1158 403
716 2518
299 553
747 849
706 1578
2238 287
1388 253
1899 186
1382 225
727 753
769 1237
1937 294
3 1377
2006 1426
1424 2475
2020 972
2038 1562
2288 1097
1248 191
2053 1582
1646 2113
408 571
1520 2001
1663 2080
540 1004
1615 1305
1713 993
2288 879
1354 1190
1449 1769
1634 1015
1757 979
899 1819
499 1439
553 2107
2443 1706
255 409
2520 355
984 42
701 1764
123 1560
943 84
1026 2518
1804 391
1753 2180
1873 809
750 2509
1450 122
1388 1984
2000 533
1189 2087
2063 539
650 1155
229 2111
1985 1403
2011 1783
1808 901
71 23
547 2053
1543 227
2428 160
761 1049
1221 1737
1906 1781
468 1482
443 1111
2350 1773
861 745
201 925
2392 2082
1696 1435
775 2393
1560 1251
394 1795
293 220
2423 1983
282 2450
313 271
729 1942
1103 2159
1967 1552
1484 603
1838 498
1829 1819
1556 367
10 2283
182 1528
659 564
2193 1411
2209 125
2226 1491
1247 897
5 1994
834 383
864 29
10 850
1160 1028
498 1223
750 1052
2308 1516
20 1964
596 1610
1343 204
1582 178
1457 356
932 2073
355 1907
1869 1730
1522 1307
718 821
1622 2167
696 607
1225 2044
1624 1081
336 647
364 1804
2475 2470
1800 248
1967 284
2460 427
1788 824
37 1154
1311 35
81 1435
1252 2150
1218 2485
184 1378
1631 2513
2521 1599
2347 894
396 2473
1589 796
1326 1414
528 1586
929 862
2123 338
300 1422
142 1788
754 696
1860 1058
1648 493
1283 1924
1798 1188
369 2061
1730 1593
2006 1055
1866 634
1308 446
2510 2358
936 2385
2476 2065
862 1830
423 757
1137 1406
104 1769
298 2493
2095 2364
494 2019
607 402
1643 573
2408 2106
1970 2322
1124 1836
2355 74
1686 919
797 1969
2404 530
414 1545
1384 248
221 734
1579 2108
1876 146
1768 218
1080 544
1172 351
810 2393
1209 353
1119 1158
863 311
2397 672
219 1504
2288 1717
1396 407
2422 1809
1961 994
2500 480
886 2290
2291 1687
2132 701
853 224
1037 99
2122 454
1673 893
884 341
884 1133
1640 504
844 234
778 863
1234 1456
1189 804
1880 929
1143 271
2149 1474
581 1795
1212 539
1143 1672
226 1864
1390 2277
2487 1390
1235 1297
2365 717
2141 592
1418 2494
2359 2235
330 1638
2187 1458
1466 2401
423 1396
2509 369
596 1157
2087 695
1677 637
2318 406
1867 168
956 221
868 418
631 103
821 1283
982 1084
1610 988
1931 172
1636 1389
1292 901
209 457
490 1169
1939 1283
909 642
1179 354
2225 2339
1335 1084
1491 597
341 1294
510 528
702 1191
1059 589
2046 197
545 1355
2021 2140
1435 2447
1591 810
178 1674
43 511
1741 1635
2310 2316
676 777
1672 2295
205 985
1228 837
610 885
1019 332
1970 2186
1543 153
164 1489
1800 451
2517 992
1078 2211
1534 1394
2183 1303
377 417
1822 1221
2017 2306
907 189
2014 2017
524 1348
1798 1093
1240 1302
645 1473
1874 2406
210 747
132 2501
649 2183
1554 361
364 2276
1857 1176
1355 846
781 311
296 1410
348 189
2414 1218
570 1997
642 47
1747 769
139 1741
561 466
899 217
649 881
637 1712
1237 753
575 560
1239 2522
493 612
310 53
2240 2007
981 290
1955 1577
1014 1802
1192 2517
2242 117
2337 618
995 354
1962 104
395 459
1233 2148
211 1389
1773 2317
62 760
417 1636
110 2158
243 1692
646 1770
956 2445
1808 1380
219 1583
1813 458
1366 1300
2416 730
958 1913
2355 1755
521 1117
860 222
2332 1993
547 715
1143 1693
2119 1342
1837 804
955 388
1948 287
415 2231
1357 2293
512 25
1822 1132
2262 2422
2489 1073
1706 273
14 39
2044 423
196 2045
1616 2103
571 2097
125 1649
2305 26
1823 992
288 789
1793 93
299 837
1495 2006
901 859
1160 1785
1730 1638
1822 1967
1993 2041
1819 2452
1038 965
1283 1602
619 1473
71 839
1768 797
92 901
2195 263
1259 1708
1846 896
704 1061
2424 474
433 1692
1477 540
907 615
630 527
1071 342
2383 325
783 242
175 1910
1941 163
225 651
1752 927
32 1151
602 254
2409 1588
90 1598
1128 401
200 1544
2246 68
600 534
781 2467
2259 1482
881 35
1648 396
1624 865
2261 1681
701 2161
957 452
53 1410
2101 2201
2329 2432
1931 763
418 1871
1363 1886
1096 1754
1247 2413
44 757
233 1194
1945 2091
448 791
1445 513
76 562
554 2065
1763 889
790 657
1585 11
1040 1217
317 2045
1775 2231
1028 2023
73 1537
1335 597
2098 712
1287 1596
2029 1035
388 1041
448 893
1530 2171
558 1801
843 1737
678 241
2062 1465
1717 2158
275 1613
198 2024
398 125
1236 2017
1499 2218
969 1577
611 1123
1851 1575
1090 2524
1961 593
2230 1085
2223 2033
2103 332
1786 1113
1901 1085
927 2279
1189 168
2066 1281
300 818
1016 2448
722 1020
2235 219
2139 2164
582 2204
297 1123
1011 1772
2007 982
170 1774
2472 1574
2223 1308
1302 1571
1220 684
185 2485
188 288
738 802
1655 458
1512 1417
2274 2410
835 465
2075 1110
1476 573
640 1320
921 264
522 411
999 2491
1146 2043
1025 1527
501 476
1979 637
1117 455
2275 588
472 2425
967 710
1602 183
398 1442
619 1842
50 2468
615 1660
2160 1028
2393 2494
803 1162
1678 561
2298 2348
940 2166
540 2345
1480 1676
1060 1518
545 863
2049 510
2389 1823
1209 553
216 1515
1179 18
2264 687
1456 865
2223 479
2397 1201
1093 2285
616 1323
1399 1153
1477 891
2038 2113
2165 226
1620 221
31 762
1410 2266
1311 255
275 433
1030 551
1067 687
1621 1991
2174 892
1630 1855
211 877
136 2033
575 1411
368 1506
1077 1589
61 829
2185 1758
2521 2055
466 2024
1783 708
2165 1931
1662 1894
238 363
561 1913
513 725
1819 2055
483 1897
2140 1230
1458 1293
412 319
358 779
2461 246
1632 1914
1862 1146
1899 834
529 1137
321 1115
2251 127
378 1016
632 1181
1990 911
1623 363
627 319
891 795
502 1810
27 1610
2459 1932
947 2478
128 1552
468 721
1295 789
161 10
1032 27
1267 2355
51 2105
2307 2242
2005 305
713 955
2369 196
2380 621
2010 489
1200 485
790 1905
1 9
224 1684
303 1369
585 2253
2365 1202
1200 751
107 1207
1395 370
163 2352
2439 145
73 1932
1844 1091
1067 255
883 72
1026 913
2253 692
1785 585
2205 475
462 1257
269 627
817 1673
1470 1875
2504 1835
1351 1666
1486 679
243 1911
1158 2090
721 2420
394 2359
2291 1600
721 811
809 1949
907 1994
2503 2263
753 332
1545 1866
2315 2330
2093 1544
851 550
1540 1989
1215 171
624 1473
1316 351
997 264
2221 2342
1280 909
281 1
951 455
1198 1259
2119 295
154 207
183 1778
1475 986
2135 2003
700 1409
1879 998
164 1299
1885 183
438 1450
216 866
1833 1314
1711 1881
391 1709
93 1919
437 1680
256 2033
109 666
2397 590
388 2062
1002 1672
2401 1339
1145 1375
338 1966
2210 2285
503 48
1689 1214
280 1063
2118 1202
2452 1271
1007 1553
698 2060
1773 2220
2151 156
653 1854
633 1193
2482 2278
2197 1865
162 1232
1255 127
266 759
2272 82
1979 671
1412 1543
879 290
888 2501
1463 2013
488 1400
629 1385
1373 1873
207 1020
2236 1088
469 539
763 1620
1841 2218
2332 2458
2113 1295
1902 570
10 553
92 1768
1777 775
2012 192
607 998
1763 1138
2406 1639
2383 1103
1907 2503
1862 1778
1485 905
237 1024
2387 2090
1129 1633
610 1131
2069 234
2057 1585
1131 1285
1299 916
1660 7
1838 1721
2227 1599
1896 480
994 2433
834 805
1711 2016
2317 587
1942 335
750 1841
1115 2238
1823 1157
818 447
2065 2250
664 2494
2039 1425
1699 1406
1363 2519
728 943
460 975
333 259
1986 363
978 492
830 376
1547 2353
1218 1904
1866 2228
1841 1149
306 354
2475 1463
1435 2440
1351 914
2444 2442
1262 2314
516 1372
1330 401
1900 2324
142 1982
992 1987
1524 2413
1160 1342
1153 1255
1071 2061
196 2016
2371 451
2435 982
2019 313
4 1794
1296 1409
1362 1645
1578 2284
2363 315
1387 222
1834 2380
2427 1206
1717 1722
533 155
1887 471
1321 2312
1570 1254
262 1488
2329 1832
266 1190
1586 1246
2073 1052
532 1967
251 1192
2374 2209
396 1755
1458 1620
1298 2464
756 1423
907 721
1666 238
597 213
701 345
23 1127
802 1965
491 2490
1207 743
612 1291
83 1733
1280 196
1687 1132
431 1089
320 881
2512 1586
1279 1398
2008 373
738 1535
1092 2366
2490 631
725 2323
1534 404
427 2285
2499 1805
1501 1368
220 25
1880 938
1809 908
1955 1511
29 1662
912 735
2277 1022
1648 338
2313 835
1264 2288
89 309
1565 941
1011 2387
1143 1164
424 180
1105 2121
1605 216
216 1930
2319 686
2516 2311
2115 2224
1896 1166
2074 2418
1012 308
1001 1596
1419 2059
2191 1037
284 643
451 699
2517 2038
1333 2198
555 2337
2334 614
135 2517
1500 854
94 2143
193 544
1295 1788
1169 1774
869 200
1987 1164
1071 1872
686 1411
746 519
939 1087
1716 1364
2444 2076
1986 1664
310 1240
1327 1907
460 783
2278 1035
2449 2364
1336 2431
562 412
2022 1846
1516 955
578 172
1479 1375
1480 703
1717 271
711 2458
256 2080
637 482
821 1597
539 1793
1277 258
107 1074
752 342
1065 171
1101 1133
2410 1070
2204 156
2343 2338
1878 1441
2180 1306
2451 1826
1503 1032
574 1189
745 1261
1331 2219
1664 935
226 1277
1270 1673
1888 309
2009 130
2425 1873
794 410
200 441
456 1598
519 91
1142 163
2458 2268
597 311
1844 628
2207 298
1394 2439
1922 1927
2224 2203
2428 1539
1471 1898
1013 1294
360 1929
528 541
2050 2122
1008 1085
63 1243
362 1229
1161 1693
211 1152
1365 2316
1399 108
2121 908
2407 919
2231 2093
227 484
1919 607
764 882
915 1515
145 2296
2129 1250
401 940
2197 338
1363 1161
1413 1987
347 1558
1809 1236
2160 2506
851 254
729 1778
1289 1298
1761 1641
225 2391
2449 0
375 193
52 2472
1131 721
1067 2113
2132 2323
144 2120
1751 1462
1832 845
2000 1232
47 1329
1212 624
1764 1754
1316 1696
1920 1526
2428 999
987 805
1373 533
1005 1113
320 1908
2390 2046
1056 925
2409 1926
1467 1342
847 1382
2348 1512
1795 120
1264 1831
1796 1946
2067 2012
22 2508
197 365
444 822
1660 1389
2131 1999
1649 2466
1277 1670
1159 17
2138 1481
1915 1944
2172 1289
1822 1387
445 363
1465 2095
1921 1280
1708 1694
1896 420
774 2392
779 450
1453 221
150 2109
1249 662
333 1875
1882 2323
765 294
748 1385
1898 155
1650 1684
2278 1381
1234 172
1812 2504
1715 2485
492 246
1920 1080
2038 470
1321 376
151 298
2300 907
2180 957
228 284
552 2197
1028 1542
2425 920
2281 1543
2481 2277
437 1642
1522 1475
560 1405
569 942
180 1956
346 2252
1397 1476
1023 355
2066 1202
1982 1352
1552 871
597 2442
2303 1557
1036 1280
1222 566
685 2115
973 1559
2075 1602
760 2442
1815 790
2023 1931
1787 2226
1196 721
1923 2201
727 1977
412 1947
315 1803
2247 1035
1038 807
2484 2088
474 1182
1399 1839
1321 1752
2284 332
857 2409
1152 773
889 2503
1139 1884
390 611
1295 761
2069 1263
2277 352
2070 2277
2339 1706
511 266
2025 1592
1243 578
1056 1810
1024 2291
149 2258
1865 1634
1228 906
1315 783
1330 630
1962 2105
925 1720
326 351
1075 1047
1293 296
1550 427
2006 568
1953 2233
1346 1423
1482 446
2376 1105
1112 613
705 1815
1664 1411
375 43
2312 1373
9 1500
1900 751
462 801
530 534
1765 2457
862 403
959 1743
1997 690
1558 856
2358 2410
539 2463
351 557
932 501
588 557
987 447
669 1573
581 1231
876 1602
1548 942
1495 71
2050 372
1415 2414
1406 273
1881 74
1597 1661
389 1893
1177 441
202 209
87 2157
1880 1954
578 593
1527 607
37 165
694 746
2129 1783
1483 946
1710 1852
469 780
1650 2431
638 1289
2341 509
653 1564
1346 743
463 525
1989 1529
1338 1335
1601 298
9 794
2355 353
2470 1110
287 1491
2057 1701
648 1203
826 1246
1754 983
676 2444
90 1541
1470 1438
1032 306
551 89
2369 1959
1447 1052
588 1918
2040 1161
2116 2431
92 2072
1550 2313
2179 1842
535 1352
177 716
2186 1210
163 1048
1393 982
1127 2292
1851 1892
2338 2397
2357 766
778 1138
2140 2006
1698 2275
1872 2010
2114 2182
996 646
1729 852
1872 1276
607 2100
1692 1878
803 1008
2236 1541
381 422
2126 1245
721 2128
125 2186
2185 1331
394 2111
1485 1820
1831 830
1041 1247
241 2013
1614 342
1773 1741
1805 209
2255 703
841 2288
302 288
158 809
1904 1031
434 1388
1716 344
859 2007
252 212
878 1919
758 185
2388 1340
2178 1789
1222 351
1531 602
1399 2368
1823 820
193 877
723 1181
1420 104
2258 347
1161 666
2197 2429
1372 800
1548 679
1877 1740
1383 1953
2299 1107
569 1227
690 828
1760 1814
2372 1949
1987 784
2271 1623
1307 1486
462 990
1197 265
53 1912
2429 1987
2130 1914
313 1632
595 2345
671 1802
387 1181
1321 679
1385 2165
757 1944
1957 1525
854 2263
2163 1399
1191 611
636 1113
1976 667
1583 1240
975 1583
862 1148
535 2419
2331 1067
1348 414
204 945
962 87
249 2397
1628 1437
1722 2150
262 310
1218 2263
1386 2122
1791 1226
259 2422
1741 2016
1072 2001
1516 1268
1907 1574
698 2349
896 1193
1051 936
161 1887
691 1596
835 172
1962 1810
559 486
642 874
661 1321
251 2507
333 643
1178 1307
2327 1177
573 1337
940 227
2264 2075
108 1991
860 1086
1471 2502
1635 1342
2126 639
1967 931
207 659
2160 1856
137 1920
1649 182
84 149
2056 2171
372 376
1135 2096
1991 294
1482 2338
1903 613
991 1318
564 2486
1451 1625
1091 351
1436 1388
1093 189
1067 57
109 2477
2293 1809
203 1719
1306 860
1494 732
1499 1213
631 30
1221 2033
375 18
783 1153
854 2448
682 906
398 463
2217 314
314 2329
85 1381
1462 816
593 2259
884 1703
2406 1820
2038 497
1620 950
106 2246
1693 2429
1014 2434
1554 460
1605 127
2192 2414
771 1512
1359 1193
2096 2439
1763 786
1016 1474
1103 1559
1002 83
2064 982
181 1772
1825 2257
978 773
1989 1847
2421 202
490 2498
2255 313
4 1517
926 22
182 828
993 2121
708 2402
43 1983
405 498
293 1335
2471 683
730 2243
893 750
1977 342
100 2358
1983 1187
197 3
2337 2068
1396 889
2355 1722
1770 374
14 985
644 1374
718 1548
1878 1959
322 510
2122 2353
2016 1990
1285 1725
804 2258
2321 1533
881 2163
1719 498
2232 1020
2428 72
413 1673
326 2256
984 2482
2198 2375
598 541
1668 220
1672 1545
2471 1477
1516 98
385 415
1066 2144
1620 346
1664 686
2214 1798
1719 1218
882 1827
2140 1941
1726 427
1548 716
793 2371
1598 2519
1266 1789
666 495
1809 135
907 542
2156 1850
2412 807
2152 2333
1433 2151
1470 515
1913 1115
1189 704
2488 1451
1014 1065
1394 163
1353 706
870 321
2031 140
1365 2046
2089 1584
1004 1437
1005 1466
2182 203
1242 587
489 863
344 1164
1071 399
700 663
2503 77
998 1257
671 210
649 2115
2347 1308
2519 1224
408 1007
2219 732
1859 61
686 440
1722 1884
116 896
65 1858
418 138
935 2088
1630 1494
1153 997
1152 714
829 436
1789 1223
2454 1277
2299 2186
1995 242
1199 939
1343 346
2137 406
157 2
2210 212
1576 2476
729 86
693 1647
550 2248
120 1755
133 561
1931 1676
1336 265
836 1147
829 1098
924 2216
2177 1358
2437 992
1656 555
2297 377
1950 2357
653 2105
1530 597
1149 1092
1439 1155
2349 2467
2021 252
170 542
1510 17
123 1071
1534 413
1880 2349
462 341
766 851
1529 677
1347 103
986 2299
2009 721
768 1956
2355 2186
922 2157
1436 758
586 423
1418 647
919 2285
2328 2022
151 1947
68 2082
1908 2358
1380 1387
2322 1462
1664 1282
2379 1087
39 2290
868 1268
614 1103
2406 2184
416 1652
2479 337
61 2413
1863 256
533 619
76 2079
1993 38
1275 1068
1277 1812
2354 1486
1242 2474
2387 73
1048 2014
122 1248
601 522
2235 2327
2465 1695
1960 2088
1798 636
1118 2212
615 2165
1225 2103
2463 427
1329 942
1767 1801
2400 2215
2429 578
117 1587
388 939
539 305
1081 602
1966 2495
242 2379
854 1108
347 2136
1188 581
1552 673
973 2407
435 859
1283 1700
525 164
497 1067
542 1145
1140 316
583 1087
1475 2482
418 1676
1037 1135
1233 1746
140 1393
1952 1310
110 1738
1384 2306
308 1873
1874 420
585 209
1561 619
1751 1540
1780 1649
260 2251
116 2360
1550 632
951 1683
1953 945
22 327
2446 220
407 1901
1040 718
160 781
612 2286
2061 2073
991 2386
778 1053
2428 1590
1911 1238
967 1446
1262 794
167 1412
2390 2047
198 1582
2010 1037
779 1162
632 1437
1554 229
745 398
1057 1140
1741 801
340 1045
2039 1025
2121 2093
943 2313
364 902
776 1934
1336 238
2255 2293
2378 1970
1031 883
1890 1187
2513 1948
633 788
1101 666
1857 430
462 770
1851 761
1709 373
1103 2409
1991 801
1190 265
296 145
1926 2054
436 1905
265 620
1921 264
643 1882
805 2159
420 1774
946 1906
526 2288
239 2030
341 1018
1150 2385
1846 1663
1198 1983
1567 2313
467 295
1302 2362
2504 679
840 994
1339 133
1831 2093
2119 2436
1729 740
1941 139
1988 813
2103 1703
509 1889
795 545
1646 2340
1793 1863
3 2168
2443 654
2345 902
2502 1743
1753 1032
2393 543
271 1995
376 1701
2333 2424
2417 1913
458 1284
1538 429
1652 504
1266 381
1670 2227
1220 1478
1910 499
285 2387
814 2165
1669 157
1825 935
558 913
284 1689
2250 1776
638 970
1533 2338
2045 1797
1550 1865
139 2416
700 741
670 1566
764 1783
163 1531
1295 2145
1047 1077
1776 2226
122 170
964 1280
442 1016
2048 1456
308 1801
1806 2287
813 2216
79 609
1188 2188
2199 1480
2392 2037
1021 572
666 849
6 596
543 2167
808 1639
452 1925
2490 1406
1941 2166
1281 1642
2041 1232
2329 1857
1985 462
1562 475
955 1917
935 1230
1562 2337
1710 2256
738 1718
563 812
697 485
2355 467
1165 1210
718 2357
1163 2036
1508 200
131 751
351 1369
2470 967
1808 2188
911 1117
1719 1351
1359 544
1112 555
1193 21
809 1715
1356 1105
2133 125
184 1636
641 1670
1120 1417
301 597
334 646
1563 2301
1340 689
999 119
657 2022
1262 1681
1342 1680
420 571
332 728
123 1713
2282 2169
1059 257
810 1545
1956 104
2524 977
1133 57
2143 363
2000 825
1968 2002
763 1351
431 922
2258 1437
645 1265
639 1459
1412 719
269 1046
2247 2467
1829 1370
1981 1657
649 1911
288 1185
2491 2283
2390 1735
2191 1821
1719 2120
478 1177
1051 363
364 1140
1749 1671
1070 992
2261 2206
2121 383
1709 859
2513 1940
2044 1180
1663 2095
1839 702
2020 403
1334 1783
436 460
2384 19
1269 1267
297 104
1777 1539
2321 364
1533 1734
1240 90
1266 1647
714 879
1953 2334
327 1054
1814 585
242 799
680 1280
80 1313
700 1797
75 540
1598 632
1136 974
91 1260
1443 2129
1377 2132
373 137
1620 549
2035 648
2060 1797
902 1055
985 1547
1891 2251
1373 2073
1802 274
2231 963
2427 2377
100 1912
2164 1863
518 1981
1047 1225
1133 800
965 2382
232 2209
491 1184
1857 959
509 1542
244 2040
2150 1156
399 1654
355 865
456 1300
1586 2040
844 2027
2282 182
2522 1266
843 1440
1502 1085
1141 839
560 1310
496 190
2224 856
1587 206
2233 521
2340 1186
1587 1034
1256 1316
608 719
877 1927
1783 33
465 232
1450 297
2399 970
2053 27
844 293
1209 1516
368 1306
920 638
1483 1216
59 1773
1692 279
1609 1060
1149 498
1016 1351
2014 679
305 1622
2287 331
1968 418
89 2336
139 666
969 1826
1527 1274
162 1328
1942 828
630 501
128 1899
595 345
468 2269
573 659
2371 459
505 1458
1445 1564
558 160
1342 947
1004 1206
1989 574
1161 1862
7 2008
1185 1782
1984 627
874 2153
2058 1658
2524 1041
1458 1654
2017 2000
69 1748
452 1010
259 427
874 718
2455 1882
1123 2233
1360 2378
1872 864
2168 2375
787 957
759 1021
1675 753
1067 979
2038 1107
156 530
1176 281
1416 2090
1147 1763
819 837
2296 292
2182 2402
428 49
905 690
539 1389
189 2429
2397 339
687 2400
905 516
1912 187
1617 198
52 2405
121 394
2357 2358
562 33
2212 650
1621 1087
859 1042
2401 1510
436 2413
283 549
92 1535
1274 1607
1077 741
547 1669
954 1429
1652 1384
411 1775
474 229
1468 2104
870 2409
273 1522
746 809
2454 126
1082 486
1285 2348
1638 1570
1573 1046
866 2444
1113 305
683 687
1987 1642
235 462
1316 1552
1548 1044
957 1893
1138 2037
2273 1192
1772 2343
469 1806
429 176
1926 1312
42 2356
812 1517
2452 454
1387 134
1618 1664
2167 167
1900 1739
2400 1533
969 863
1645 515
757 2034
1557 653
1621 623
2357 87
2016 1406
260 460
988 2204
321 1949
93 212
2139 458
1674 2306
612 1459
2068 1851
489 476
2472 834
2279 829
1455 8
1094 761
54 1980
1286 446
2201 543
543 2229
2515 44
2499 577
741 537
2 2457
1294 1143
1243 2051
2280 666
514 1448
976 1606
1175 270
677 1595
1604 133
1311 1682
399 1205
214 2035
1852 2318
2403 104
9 923
1305 1546
410 649
1509 472
1563 985
1306 2144
2392 379
1166 2159
1447 825
1794 2226
2349 1817
975 742
954 1190
668 2167
459 719
856 81
2478 1000
1698 710
2060 664
1697 1189
1832 2037
2304 228
113 1200
1213 2131
2516 2255
976 936
531 13
314 865
617 1553
1106 36
1485 940
1718 916
401 784
2225 1786
2324 1327
1682 163
1046 703
643 858
907 1600
430 865
819 1423
1938 1339
1920 1330
1282 2168
2443 1359
903 188
1050 687
2079 2308
1808 1929
2148 671
2355 1277
2294 2137
222 401
180 2098
68 1596
2496 512
1655 743
2143 1022
221 1296
805 1938
41 1816
766 884
537 1228
596 1305
1094 2461
126 998
998 1565
456 1194
393 1861
2363 1804
184 445
1864 1693
1329 1669
303 1462
1884 1317
43 549
1521 2284
152 1188
160 281
1245 2079
860 2405
2468 2429
2018 791
1394 1350
533 429
1548 1250
196 2066
2520 110
470 729
579 2381
21 264
1543 819
1739 2079
1577 2503
178 1025
1829 288
966 75
602 1434
1799 1980
1515 843
362 1809
2353 287
2076 72
2200 58
537 752
903 1186
1851 1335
65 1673
1990 2108
1127 656
1375 1794
639 648
1360 1007
408 1712
1008 2070
1035 1738
1258 822
2110 1467
2132 1155
1501 760
2150 130
477 1243
1769 2201
176 1210
285 2019
1356 218
676 2212
362 1637
1173 1987
2008 676
1631 1247
451 930
2042 1562
2422 1992
435 1775
2165 2304
1210 2267
1123 953
2275 1036
307 193
2439 2309
1423 1555
2411 1958
1294 671
2396 680
2175 844
106 513
2401 1171
2305 1574
78 1677
774 1184
272 168
978 2119
1916 904
1939 38
1848 137
1872 1969
1907 839
2445 2240
1073 1545
2298 1253
2380 974
1876 1882
2255 1062
1248 2319
722 474
2288 410
1383 1865
1179 1432
503 1397
1843 289
1842 391
1657 2418
84 2429
853 484
1725 1325
1844 692
2379 654
132 663
2449 2226
191 1047
94 1198
2189 1572
1705 284
1798 54
711 2188
1583 1906
2069 1889
1533 776
1526 358
60 1030
1149 90
293 1708
2000 1082
2368 232
2038 873
2022 2019
1242 1800
1977 2187
2194 596
1351 629
370 507
1576 2005
1299 2368
1855 812
1063 1051
2063 381
316 154
534 1142
2318 1028
1875 2285
2176 2452
391 99
156 38
2089 667
163 74
580 1811
1121 386
1971 1030
2271 2140
1394 2117
2229 1711
1991 1271
1042 1679
1392 1587
1925 948
