1764 1463
69 1377
469 2189
2503 1881
2471 1206
706 1067
1649 382
2372 1617
985 2103
1122 99
1020 97
1066 2002
2286 769
1362 401
263 1905
1019 2164
1170 28
484 870
267 935
2405 2116
43 716
1210 297
896 1972
2277 276
1034 2018
1362 2139
1227 2223
21 451
1645 1117
14 2019
758 957
1896 2388
486 2502
2292 604
1987 1569
12 1327
1644 2407
2221 722
405 282
2415 1332
1865 1733
2025 398
2138 1461
485 394
2078 518
2337 733
1971 1991
373 950
1725 1956
1016 1517
142 1579
1235 1536
2422 434
2278 434
2490 906
1538 2272
858 2178
1319 846
1634 2503
290 2260
1924 2274
2084 1931
1761 931
37 2289
460 755
121 2089
358 1129
1844 1986
2273 2523
2216 1987
2353 648
1182 91
347 334
1278 953
1871 2144
2185 712
2331 448
2032 965
683 812
2129 244
804 2116
976 1703
166 1024
1338 548
2378 1049
1242 988
1470 2142
475 2351
1048 491
2058 1223
1079 1220
220 1245
902 1854
1732 500
890 634
1183 2158
1290 851
747 581
1447 316
1480 48
766 1969
1859 2166
1260 22
1434 1496
2081 1645
1949 1999
218 2166
751 1641
2417 1329
847 28
653 1501
916 2095
343 1379
979 1555
1725 183
1992 2474
2303 793
592 1795
1892 1171
2354 223
2091 1809
1726 2274
1131 1850
1358 1624
1633 1330
972 1568
277 102
693 533
813 186
1242 2093
566 1427
2308 297
1880 1942
810 1564
267 303
1343 1112
234 2206
349 885
2182 2137
1706 981
229 1859
1292 182
208 1452
1739 974
38 2337
842 2204
2118 789
281 1207
1047 452
1515 877
1587 1016
1590 1094
41 969
2310 1129
1823 809
1111 2374
11 2283
910 562
1489 899
827 147
1110 116
652 2131
2251 684
550 1046
1155 269
1924 367
903 1197
2498 51
364 899
1106 2154
170 147
1151 904
229 2356
1227 296
402 609
1750 1492
343 1700
1911 1763
226 1202
2259 2476
463 1501
1448 1459
726 877
1936 2476
2048 454
1344 1539
1803 2149
1535 75
2360 2060
933 2448
1725 1833
959 2276
1825 391
897 2004
2335 321
875 2452
2269 515
156 2186
1849 100
1056 1795
951 502
413 1989
1329 590
2043 2402
1597 220
2342 1143
2011 828
140 1203
539 564
2237 500
1987 2044
304 805
31 40
2189 1528
1831 1024
6 2343
581 293
1234 759
1466 1467
1516 623
723 327
989 20
781 626
1171 2263
1240 83
822 2424
2320 2381
1789 145
1780 1628
2253 965
392 90
1455 553
1463 1879
298 1419
519 779
395 1272
22 1476
41 504
1245 783
2400 234
1489 1389
528 2502
2262 1029
489 2307
1888 332
1859 1708
1860 1997
191 1471
134 1425
2267 1582
1478 1047
289 1484
2101 2296
1268 1322
2394 2504
2466 1531
338 391
440 589
2298 1413
1956 1653
179 1045
2353 1228
516 31
1832 590
1564 912
1763 2186
2130 2020
1029 1520
447 968
1479 816
368 986
229 1742
1497 1303
1297 1574
687 1609
311 1727
1216 1107
2081 1771
1929 1719
1538 64
735 84
1306 439
1674 509
849 1487
1677 1436
646 719
213 1733
2389 1821
1869 1365
140 1924
695 628
1987 716
1043 214
745 811
456 1028
90 135
2067 1842
293 843
576 43
882 494
940 861
2068 1366
2282 1871
2076 2452
2427 1870
2469 2044
287 36
724 1618
1275 1694
1388 2007
1718 2480
2406 1815
2379 939
1606 385
904 554
1313 2213
397 1011
2107 735
440 2041
276 1328
1478 776
2374 1772
568 2451
800 1974
1795 2429
2195 1352
424 1414
454 2125
1274 2164
131 375
112 887
939 1579
595 717
117 837
2343 1072
1598 490
71 554
73 2381
91 861
1602 2361
1885 1904
364 1836
1143 1134
399 2390
199 363
1704 1485
2313 2473
1594 2126
2200 908
1660 814
2254 2172
748 2171
1525 1758
1429 1293
553 1392
1298 1999
2325 1793
922 346
1090 1143
2518 2419
69 1414
1988 1324
2478 1576
651 2475
1028 707
517 56
234 1544
1919 1810
891 2266
1900 1255
1049 1844
1128 346
336 2239
1256 984
1771 1217
38 211
1376 2215
2267 1435
544 282
411 1919
1842 533
1983 2166
550 604
1083 2031
2157 2476
964 2420
1524 1964
950 630
1823 2087
1275 1482
1772 1395
705 2102
409 1952
2157 1702
1525 1821
105 1727
567 1890
2156 2032
333 1134
215 2434
2457 761
1061 1008
416 1846
1224 2252
1412 826
2358 2428
627 1909
1228 470
1560 142
769 1966
1071 1545
10 812
1109 250
694 1905
1882 867
566 1337
2249 1756
311 624
1327 2023
1424 1610
1145 2368
421 1794
1914 2250
1648 2133
1139 1383
564 1240
2260 2447
2326 2428
343 1078
2521 0
1007 1632
2236 1903
2243 1883
36 1321
1962 5
319 2164
957 1605
1257 428
215 24
674 1689
710 962
1196 2348
2439 1199
1437 1381
155 2310
1602 1619
1773 1041
1116 1699
766 408
2231 93
1858 2250
1936 2017
1651 1572
2220 495
900 523
467 78
2021 1694
1544 2011
335 100
1384 1686
1735 706
1483 1971
2170 252
2012 1196
1200 2388
2473 2228
608 2288
273 2400
2457 850
312 2329
829 548
711 877
2487 530
2052 926
841 1710
2275 613
1906 1061
262 2322
1199 2089
784 1898
1718 212
1688 175
810 2123
2158 2146
2277 1362
2412 1210
1229 1547
2362 1956
338 2003
2082 847
1729 308
519 1
1611 1226
624 181
2054 1086
117 877
243 1880
874 757
1219 1590
2186 1075
701 585
1112 2230
2134 668
510 957
730 1991
1829 1465
1790 2517
1030 1063
2029 2497
677 1535
1558 421
456 1660
1149 2426
241 587
987 1523
1732 698
116 2115
2317 415
1440 2413
531 1728
1074 894
1092 880
2350 2297
554 1982
1660 2089
1465 2229
147 222
575 180
809 268
2195 2298
40 2400
2090 1766
710 1811
1500 805
660 2182
1697 1021
182 2113
1680 1138
669 2135
233 382
653 1059
1765 1464
2173 1415
1869 2387
1105 478
1948 2120
1376 1440
1369 2216
1659 718
1878 1502
39 321
488 712
1034 2251
691 1868
186 1852
1987 785
983 1090
766 2309
706 23
2272 558
1666 389
821 657
638 2052
1401 2171
1631 2298
1915 1243
1292 697
920 1637
1386 2049
2167 336
872 1458
1261 1370
2117 2162
145 840
1944 766
85 539
2376 1920
2258 1491
1576 569
471 1568
1901 250
245 1591
451 2164
1348 2173
1087 913
539 911
1746 253
56 665
99 2380
2395 1799
1987 181
670 743
1248 349
1961 299
2395 2191
1537 885
1239 995
2151 471
858 612
2245 1522
1604 1647
863 1868
1698 27
2187 1981
119 2317
306 2028
1253 1189
1625 635
1531 756
1513 975
1705 1618
118 926
2163 940
2085 2047
377 1738
1771 1338
492 2186
19 199
2436 834
1917 927
1749 2478
1388 1970
772 1723
1668 270
634 865
1699 341
1399 797
238 630
970 925
2117 1838
934 580
1811 1314
2416 2415
1763 1054
370 1388
361 945
1462 1661
1203 2031
1733 985
1774 615
2157 985
1651 2184
81 229
846 387
2460 2018
1206 1293
490 295
986 388
909 1534
419 981
1005 492
1414 2013
849 1870
315 385
1998 2026
2265 13
61 1693
824 162
54 1580
1855 234
2159 1981
389 1970
1930 1943
1199 1863
466 1721
110 1194
1744 1658
1541 1619
86 1354
2082 557
1990 2499
988 741
2086 2349
1594 513
447 927
600 1617
2111 575
1023 545
2292 694
2074 439
57 417
191 2179
973 1191
1323 2502
114 775
37 542
1254 1730
790 1746
2431 2291
881 1676
2010 2127
331 1691
20 1551
882 614
1913 645
2380 2048
1875 507
460 2283
1717 2117
70 1446
841 2196
1248 276
2072 747
1875 129
1466 2496
2234 2304
2346 371
604 1493
179 1175
2436 102
466 1954
1048 518
1432 74
1557 816
1295 403
2100 445
308 1953
2412 1768
1936 2314
1067 2093
1039 2063
1425 840
2216 761
2309 152
1749 1758
1039 2409
1573 1908
14 713
991 2315
1252 1342
231 1183
1876 1431
1268 1961
76 2145
2246 662
1947 1893
2099 869
1718 551
1297 1536
1969 1367
71 1005
2127 841
974 1839
1337 1167
910 1713
1914 2114
276 1408
53 2485
1522 1906
888 1469
178 1200
146 1085
1536 725
560 793
569 1012
2283 551
295 1308
1225 647
2246 1903
324 2453
1891 306
449 962
1361 1829
493 2450
252 1199
300 1974
210 1463
829 2089
864 1787
2320 2293
563 2389
1602 920
937 313
2330 879
1937 1012
2096 1525
1986 1137
832 1466
60 228
1470 816
997 429
1008 27
1912 1021
338 1428
534 2137
2271 2043
1309 1841
2101 1097
738 2198
1166 13
582 2080
1311 2449
1278 26
1419 1085
1426 627
840 698
1970 1489
686 731
2273 2508
2223 1191
285 817
2042 1310
655 183
417 791
495 1591
266 904
1840 1793
1766 530
1973 2470
1168 2319
247 725
139 1609
220 1173
1301 1479
258 1085
1923 1191
1879 951
2453 2200
2468 1060
2322 56
59 1591
577 775
183 1540
2179 1015
2252 468
1502 778
417 321
125 1691
2242 351
43 273
1292 2172
1298 2016
519 606
1831 1908
482 949
2446 2520
2040 1215
1945 1843
2500 98
491 2462
1647 387
2481 1178
1344 849
675 373
530 810
2086 2412
281 740
1965 645
459 2142
1302 2467
401 709
1553 86
2388 131
178 691
704 250
2082 1012
2023 1713
1185 782
1109 970
2380 2341
441 996
2181 1649
24 1562
110 497
1000 625
1950 2275
1775 2241
1371 65
637 2348
1468 874
1112 2192
565 368
478 732
2450 765
2324 358
302 2081
101 1579
2460 1835
256 1355
2435 902
1010 200
2253 1094
1327 1676
2486 943
2438 2288
881 1622
2223 2235
1280 553
1631 2514
1213 1766
2430 1589
2309 1051
571 2202
2465 1587
784 783
873 1035
2483 2435
1122 1687
1694 2373
1885 57
2245 355
26 1236
2305 2226
1363 943
1469 697
379 109
1200 1505
806 1484
539 2119
755 901
2464 2122
1868 456
840 1238
1321 143
1912 583
1514 170
576 1520
950 1528
536 2295
2138 1970
897 461
906 883
725 1965
986 360
352 117
179 1842
2428 2130
2169 1453
2014 551
945 1973
1208 123
1490 2178
609 1452
1708 2404
1388 714
422 2471
2295 777
935 1768
2368 2075
2175 1822
496 1494
402 1817
468 1000
429 1336
1787 1643
1681 1396
1336 1188
20 525
2209 2003
2293 580
414 588
232 1476
1330 1519
2308 564
2044 2043
2394 2119
1195 2035
1486 2166
1746 1269
1100 705
1423 557
391 1348
801 721
1680 509
1192 1219
1059 841
965 1271
372 1636
2342 1517
580 153
2206 1461
565 1443
79 154
2094 1852
2376 464
1993 2457
1455 323
1336 2138
996 615
1477 319
1905 2308
1214 515
2142 2079
1083 736
1968 816
840 1942
1065 2325
2236 1347
2250 1854
1049 2270
2172 822
2094 1322
1510 718
1267 1887
1743 283
1840 107
1810 657
1862 1318
2051 1484
1166 800
1359 1507
801 926
523 2044
304 1916
41 1468
1283 2456
2028 2456
832 1288
21 1014
1558 1343
2356 575
1965 1962
1712 181
1861 882
494 1773
1304 1190
1243 946
1945 2343
575 2202
115 274
1480 1663
2064 2470
1529 1790
45 842
2215 482
1537 1789
225 1471
1613 8
2341 37
2030 456
1892 1001
1244 837
1681 284
2483 1805
1476 337
211 843
2393 2124
1597 2314
41 1657
437 1772
1925 270
396 487
2395 1350
1458 1435
2321 559
1453 1149
124 1273
2398 2052
995 1022
2392 1294
147 2013
1983 435
1385 111
2399 2088
45 1496
1324 1806
45 1241
279 1539
74 2477
77 2200
801 2472
1467 421
1992 1283
2042 1078
2060 365
639 2121
2176 1424
1574 1494
2245 2451
800 834
904 2006
938 126
889 214
1865 1973
388 1734
252 877
2307 1947
660 1362
1564 63
116 2106
749 2283
1384 867
762 566
1800 1772
95 866
1757 1954
1170 1630
257 1635
1047 1694
1495 847
1323 1618
1752 2096
505 308
2120 2310
1426 1279
2069 2425
1084 940
1110 1572
2134 1222
1512 1044
91 647
1185 1962
2065 1090
154 1105
469 1025
1160 1676
756 2156
761 1558
1768 625
453 2165
974 247
750 2479
2101 1438
1757 2457
982 958
1633 1560
877 102
1015 1506
1160 2290
2439 2114
1010 1465
936 362
286 2384
76 2249
866 1538
1089 1181
782 603
1565 816
1447 1415
856 2497
892 1573
228 992
770 911
647 20
1029 1455
1434 1970
1653 2135
800 2289
1946 2208
1710 1148
370 306
2323 2469
1464 38
222 1165
1970 2017
2433 566
1300 972
2386 2278
1636 2474
1807 664
2034 1573
525 2210
794 417
489 925
1317 2014
904 829
2083 706
2459 73
1448 1761
2390 384
1969 410
2126 1409
981 1278
4 1543
2082 1896
926 1738
1209 449
2331 842
2223 2396
1062 595
1119 2009
1610 1289
2453 955
2377 1051
1892 165
853 1229
2058 1248
224 1965
24 1487
1869 658
1798 939
1229 1
695 1182
511 259
1263 2175
93 2264
405 746
1121 2203
391 788
649 827
593 940
1606 56
1263 1552
2287 1799
2443 1929
248 1479
380 925
804 2408
1869 2470
1452 474
48 1890
1477 1916
639 2370
1716 1762
1395 1455
1177 463
263 216
1307 816
740 1920
2397 1378
699 1505
1025 916
2422 2138
886 1495
1580 1228
446 7
1331 2464
2221 1313
1386 1968
1832 849
1235 208
1951 300
2500 2046
455 983
310 205
565 438
2346 342
374 1728
1968 1066
2011 808
497 1635
1597 951
1383 1309
1464 2386
872 366
1102 281
62 1506
2077 802
1497 588
1478 550
1368 1295
1172 1890
2408 1506
873 1026
1059 2222
2348 2004
259 39
1624 111
1788 127
1466 2445
796 426
2321 2373
1760 1454
614 500
528 513
589 1864
1985 1694
2351 1883
1991 1613
1698 2007
1308 2198
1503 1342
1879 1619
925 235
1001 2100
670 2067
1643 188
2337 248
332 1911
2302 2304
2439 1608
1881 1752
1019 2012
1293 1053
2086 1273
1285 286
1611 664
1891 908
1068 1962
315 2367
823 2402
1845 257
908 96
2243 1613
1284 2354
1430 800
1919 478
2438 359
699 1740
1968 104
1716 2504
2269 2445
718 1561
2449 371
1873 1189
772 113
1924 1272
1134 273
916 710
1143 1590
701 1417
492 894
1949 1666
2115 860
1153 511
1995 379
1632 1477
2198 464
1203 1892
737 1729
1154 878
2027 1141
2510 327
480 2059
414 805
676 2489
802 854
1732 2485
1785 2037
2503 1912
1177 2315
1753 2282
1857 1170
706 71
1018 305
903 1793
1948 700
1565 1594
1232 1476
2497 2447
2279 2219
1015 1684
2333 2230
1634 1728
773 92
336 1590
654 1650
2378 491
2152 194
1429 1871
978 1290
2022 1668
2421 1213
1603 699
278 861
8 240
713 64
192 828
2007 854
1329 260
356 1944
169 606
1895 264
2392 1028
1914 201
1521 1921
329 897
2396 2316
1202 898
1688 1743
2158 1390
753 701
2288 643
2070 1454
673 2393
1014 1306
627 1913
1144 800
1488 2403
299 1150
1832 1665
1919 1195
2451 421
2294 831
2116 390
2091 2433
753 1086
1017 526
2481 1341
1901 273
2502 723
1078 2124
437 1200
274 175
1021 1490
1469 1690
2285 1820
89 296
264 1027
1820 1586
70 1130
1437 2260
684 173
1351 272
891 1861
1428 1922
40 2220
347 1361
2084 1739
2251 610
1567 900
1970 2454
1634 2492
1895 1522
2131 1661
1098 2057
1435 448
424 254
409 124
1041 1748
2250 618
655 1790
690 1397
922 269
137 2291
1522 413
2075 1296
947 827
1876 674
1310 1457
1454 2436
1427 343
2 1596
737 2000
1027 1900
2407 1146
1699 356
1769 580
1518 2112
164 646
1112 1305
946 1399
2264 1898
1823 2193
4 228
2415 1757
2466 243
1457 2230
257 2024
402 445
1994 444
717 799
1057 1989
925 26
812 1983
625 32
1210 245
1242 2023
2392 1093
2101 1810
2430 636
422 193
970 1909
1511 983
1641 1492
581 338
655 180
346 302
1898 1109
2172 1660
504 1590
1401 1018
1379 1191
232 1642
2303 778
2416 1454
2493 337
1638 742
1237 305
2214 317
1073 272
2335 1115
413 356
307 738
2385 1173
815 1100
212 2281
1903 897
2309 2465
1030 2007
1014 436
211 2502
1644 313
1830 1997
1873 1361
260 331
791 539
153 2221
1890 2030
2259 1842
1187 2097
1359 1613
591 318
126 2194
1900 111
239 2351
1425 2298
1156 762
2390 623
1958 1553
398 1539
520 1548
1677 1931
1727 1470
1576 1677
712 612
2219 2520
15 1943
1715 2467
1544 2046
733 1178
1461 976
418 274
1532 2029
874 1986
1302 911
474 139
2211 886
1286 719
1724 1828
1150 391
1685 344
376 1703
2073 1843
568 298
1247 373
2100 1267
498 377
80 447
540 164
514 2036
533 818
126 1382
970 2021
1914 159
2332 39
1206 57
1505 1894
1957 1005
1214 1862
1591 985
2161 1006
1121 309
2142 1438
561 180
2011 880
1501 1442
1036 1488
1234 255
654 518
204 416
1954 844
1059 67
1407 1033
1521 1792
1523 1232
1054 1408
1655 1759
1943 2206
1916 164
1515 1478
1555 1884
284 2333
2104 781
1126 804
105 1157
1322 1356
2164 1427
1797 1496
553 1412
1026 844
2267 547
450 1100
793 2193
1183 647
887 482
1670 593
1973 2340
2429 860
88 746
2355 304
573 1318
1932 1690
1629 2499
959 625
931 1426
2184 1769
722 350
1054 1568
762 2206
1248 1674
146 1548
666 1917
2423 1011
139 2152
1213 2099
954 1434
565 1710
2286 698
1306 2447
1724 294
846 2037
2338 1305
2459 127
1541 448
546 842
1261 1195
2068 1023
1323 1777
2264 250
769 1626
485 2465
2361 1245
586 406
1664 1605
670 337
1219 2268
479 815
2291 1684
227 1534
1255 1985
1400 251
1954 1289
1663 744
481 405
411 2126
1801 1874
1947 1409
2266 1325
1327 1065
71 2369
179 2224
1207 827
823 2124
1303 1181
1701 1931
796 944
140 572
195 1151
1675 623
1881 1779
1780 1588
1117 840
1722 1766
183 1209
433 1620
838 2103
1900 139
568 2506
429 311
307 2173
1851 1870
1580 2420
226 736
633 279
2450 515
2161 185
927 839
1037 1061
2400 2460
1542 2500
826 1095
2409 2505
79 156
1710 691
1447 2194
2400 1814
278 1202
79 2446
91 2034
1729 1207
1424 96
452 1394
2458 2514
2200 1901
2252 1410
924 705
1042 465
674 590
446 950
412 353
464 1794
837 1042
2374 2314
1708 1650
1382 1683
1952 1174
785 2400
1220 2494
2310 1030
2040 2036
1296 1739
1621 1977
1214 589
2127 591
603 478
670 438
2168 1190
650 1250
481 2135
838 973
300 861
1590 2401
138 393
2220 912
1654 2107
2192 1150
2382 1628
1558 576
147 1307
2007 784
79 453
2282 395
844 841
1513 2061
1874 922
1359 1913
1482 1693
660 1546
1898 765
2019 533
159 1853
772 685
254 910
1949 2291
2400 2389
1729 2114
1958 30
1798 1395
2241 1177
526 1279
1257 2205
1652 2383
42 869
379 25
2457 2294
130 1250
1395 2204
113 1184
81 568
507 2011
1009 1825
71 995
1167 954
1964 234
1314 2012
1774 258
1713 19
1124 784
1774 709
1452 1848
2 2286
1936 2475
570 2295
1359 2111
2351 424
227 966
1344 1724
2401 2167
1167 2397
1174 2340
1477 1761
1161 1964
116 232
123 2196
1792 1390
2210 209
464 1403
905 842
1897 851
1137 829
396 50
1087 2503
120 1221
2086 1155
1340 16
34 668
1619 960
667 69
1696 1026
1914 601
542 1645
1201 208
2120 2022
1199 1211
2469 1446
406 331
2329 2257
2331 1505
1677 1629
2410 932
1008 2480
2255 1635
1544 929
2213 1566
120 2232
944 312
1192 910
1373 288
768 1223
701 193
2029 1198
566 432
1927 2490
1655 901
112 102
988 2366
1788 2074
903 240
409 2122
1126 1795
1516 1170
453 2483
1310 1515
1486 604
1768 2413
1828 1399
1147 2008
287 2432
2194 1870
2429 307
2169 2093
2422 1261
1102 1629
336 1216
655 2351
1745 1713
2182 2476
129 2130
1015 484
2467 296
826 725
995 2159
64 1176
890 835
2513 1676
2140 900
1453 920
2103 1905
1805 909
2066 1060
2417 654
75 494
1001 2354
1979 1212
90 1309
2191 1579
1049 1112
798 1521
1072 1290
1019 1772
719 1832
877 668
2040 668
1584 1379
221 365
1059 1560
2517 725
922 542
2216 523
1385 2106
1822 1501
2470 2152
1402 2444
847 352
1831 1650
2258 2100
1424 1170
730 1563
2164 1952
392 1824
1923 692
1836 168
315 724
55 437
1479 561
1896 1672
572 418
1787 1540
1183 1226
1778 1743
266 512
1539 316
2014 606
2363 1320
120 1499
1193 1756
251 903
1409 1266
2168 2484
608 2130
948 112
210 1763
2505 1028
1075 271
1278 1174
273 544
2358 1595
1208 2186
258 1824
1590 1832
1054 41
876 615
366 2230
557 710
2275 792
1475 2505
1500 2471
514 1866
1860 282
356 131
2286 917
897 1646
365 424
2299 1773
2485 1290
1430 850
2420 1130
120 915
1862 534
1148 1782
293 1041
2500 1990
816 969
54 1988
564 1047
1681 690
1242 301
2319 312
1642 516
1412 1028
2324 491
1930 1647
908 1361
2119 1238
789 2374
2403 1750
1666 1456
1187 1959
2205 1817
2387 1778
1638 1420
1701 1290
1745 2353
1498 2186
2081 2020
48 286
98 713
858 57
788 708
1249 513
2265 543
713 1196
169 74
1853 72
804 1087
272 788
1342 278
1765 725
2376 1759
1861 786
1913 1584
2362 728
1173 1810
341 1594
102 1571
216 2023
1904 938
1092 2177
2114 984
2340 1662
2515 1772
44 1261
271 951
505 568
2360 803
869 1643
773 1616
945 1818
2296 1748
522 1044
963 2300
135 2244
1910 2253
1783 1426
1465 705
2047 1231
2071 780
1122 2344
1101 236
2151 626
896 2373
1883 2003
111 282
1381 1090
55 1652
1408 163
1958 1282
1350 1120
202 1702
541 2454
821 2041
478 2064
1836 852
1845 1600
856 1886
68 870
402 1882
1789 781
845 2044
562 1503
1701 1487
2422 1329
982 503
196 2420
700 708
681 452
1108 1470
496 1970
882 2335
281 2391
483 1477
1594 853
1479 1113
1969 297
1219 1914
422 2354
2002 2391
2241 1721
2118 876
743 969
2325 395
93 15
2285 820
1939 489
1141 1525
1847 1033
932 2428
1002 839
439 1383
2236 37
513 675
28 451
1184 8
2522 2207
1664 205
766 625
616 2353
87 157
2257 1235
1641 1450
871 715
522 1052
1739 1438
2492 574
827 1755
1918 1287
1626 742
1306 2489
1714 2190
524 543
1734 1630
586 1251
1246 1546
536 2510
1469 160
1919 2444
2032 1710
111 194
1617 385
1698 278
1656 2170
2399 917
1906 1468
125 1169
397 179
249 1661
2164 991
304 356
2048 1687
1379 1161
941 805
1495 1923
2446 1052
592 1525
2069 1985
24 1480
1781 1057
2346 1747
1669 1570
1718 315
1904 843
1375 488
1163 623
1268 1124
2436 1729
861 640
2170 1346
1992 2293
1879 2499
1738 1812
428 1874
1820 1003
1974 2206
1308 2259
551 1441
364 1954
657 1765
1752 1566
2107 1264
1743 2462
1302 1581
1191 1521
313 1633
1781 1181
2127 256
1815 1808
1399 1460
1792 1777
1637 1025
1319 1074
925 729
957 694
1872 2410
1674 1160
661 1951
169 669
2156 633
1196 2014
185 1674
873 2325
2385 483
70 1387
453 2213
2316 1483
1974 350
2324 1800
1010 1679
52 1329
1616 451
954 508
656 2325
249 1155
2214 1636
555 1246
2001 2409
1357 548
2070 1976
42 2003
490 1223
1879 52
1599 1021
449 2283
1126 113
1000 1812
1841 1226
460 977
48 1772
423 139
2104 841
2518 806
1034 575
1889 855
1819 1614
1669 2307
1077 1757
1387 1349
593 2481
2411 156
2135 1559
781 240
842 1825
2207 713
1779 2330
2358 827
153 2438
1044 1735
2032 1477
886 1568
2172 583
300 711
592 333
2123 1782
626 397
2266 4
1964 1322
2005 1603
48 1652
344 2103
1257 2286
579 707
1076 803
554 1250
540 84
1971 2487
2268 419
657 471
1835 950
1415 841
1090 153
1647 2422
1281 2040
2256 1606
284 1170
148 2044
444 1862
1800 2345
443 37
1624 153
271 105
997 265
290 298
797 2397
343 1967
2399 2161
1552 1389
1823 5
381 1748
202 968
1417 31
1776 1180
1057 799
659 16
841 827
1005 290
2474 2127
542 1432
2011 2511
1365 1986
1646 1583
1470 582
353 1588
677 54
677 1706
151 2366
1363 880
339 273
441 934
840 1899
1145 1944
2160 1228
765 1947
2265 213
1297 1895
963 1268
1194 59
2032 2157
1979 2349
517 658
213 2076
400 2033
1634 1882
373 703
275 566
1358 749
765 611
365 91
1093 1445
1473 1031
2490 650
1993 408
1031 459
1799 2260
2506 878
2185 1006
1745 2185
674 2337
674 872
1100 465
1588 402
928 369
1100 1778
108 1303
2420 294
1135 1019
2326 641
572 1891
1723 471
2124 382
1432 1709
1878 664
1645 41
1275 2160
512 2411
153 867
1422 1644
2515 1290
1800 1761
1581 1965
71 664
2259 1055
1934 643
1834 509
1464 2518
217 1626
850 1549
1267 2049
2240 269
2455 9
1725 661
1711 2097
1778 1909
1293 1285
847 1374
85 2084
1868 1008
2496 2246
2072 1516
1485 846
1583 1981
1945 2291
1638 897
596 894
2299 1244
1302 1415
44 436
2038 174
1275 2318
148 1679
1771 561
1179 2204
1517 1214
2046 2312
1342 351
2408 2456
1377 2350
1400 2002
396 510
2051 695
2033 1089
2356 171
326 556
94 0
200 1736
1170 175
2178 2489
1833 1312
1827 2122
761 1512
2099 498
542 1727
926 491
1210 1183
1472 1376
1152 853
1214 1007
446 1027
43 2367
652 73
790 43
2160 2452
1280 1840
559 2292
2401 1863
2062 2169
456 1304
1354 1673
2198 2113
697 400
1371 1330
1956 2205
1954 1283
1800 457
615 752
2033 2492
709 1964
1608 294
1882 1489
2038 2401
1820 2222
1576 771
228 2093
178 1389
982 1744
958 1710
2191 1881
1315 1147
2130 1427
2143 1539
2043 1776
1205 1055
1135 1312
442 38
1372 868
498 1608
2019 1526
2334 2216
2477 1295
1943 1785
1426 1784
410 2004
2118 1833
16 1559
2212 1717
1330 2120
2123 1129
988 2361
84 1701
1744 1473
323 1944
673 2144
63 2124
867 345
1464 2305
2336 2373
2257 1094
1444 1548
231 2436
853 1065
1363 1248
1320 37
1750 2511
1779 1415
2503 706
1350 973
2271 771
1152 1859
952 1392
982 1746
2028 2405
72 1426
2447 2225
985 2044
1763 1692
458 1099
2114 871
1568 1980
881 1844
594 1495
512 77
1411 1333
2404 2041
2507 965
2287 1241
1623 296
694 2362
412 645
1547 1708
595 145
2318 2369
2357 1520
517 588
475 1270
1869 2479
426 806
841 51
610 1670
2468 2478
2008 1172
1212 275
1900 824
1738 643
924 172
991 1647
317 1170
1900 692
878 1949
920 615
2064 1655
861 2290
931 1437
1832 1160
2470 1192
165 262
873 1904
269 885
1014 1333
2249 1931
1985 330
447 451
1895 883
326 2394
2276 618
698 1302
1668 483
1289 1401
619 297
1285 2340
1991 2119
1001 1634
1146 2169
946 252
1526 2396
418 2272
2436 1449
2346 922
1 1232
1030 898
1075 42
897 2145
1149 722
262 970
1284 1182
1694 1926
2115 368
1591 1033
1622 610
1528 2191
2186 311
1735 1663
2251 1826
521 950
1103 1116
1668 2117
2034 1251
1845 172
907 1636
1662 95
2016 1299
624 1816
584 824
1399 1096
1221 776
2398 1731
889 1818
917 1863
1932 2030
2390 611
2039 768
1664 998
1842 544
379 909
1382 477
1602 1051
1021 980
2361 2045
2084 1303
1878 202
1288 1432
727 1037
189 2266
2380 765
1388 1739
1764 610
1906 137
1304 1580
2088 1390
2166 2359
2134 1631
2226 1253
2027 1252
470 904
1872 204
430 705
840 8
1423 2393
415 1671
63 570
497 2050
1659 1994
2 2409
2093 1216
180 2444
1408 1688
2435 517
147 250
597 832
869 1231
41 669
1335 1077
1518 1013
2005 1693
1540 367
1186 1957
2204 1030
560 1936
2090 2143
743 1879
2146 468
955 2294
89 512
936 580
1887 453
2241 1180
2144 731
259 2417
1144 414
57 267
1527 1225
2422 1038
619 2075
1083 2400
1317 1079
1944 2178
2451 2032
2381 2212
1553 1583
939 2137
15 1355
1388 591
1081 874
1499 1043
1116 1840
1880 1592
891 823
2350 675
956 1085
357 500
1791 1404
502 2129
1988 577
1918 41
816 740
1385 685
1108 2338
498 2018
1824 640
954 1695
1955 389
896 698
1983 1913
2218 1096
679 416
956 1032
620 1690
1011 317
2258 1179
906 1915
706 1233
1748 1291
697 1657
1393 1034
105 1773
1145 1987
2170 204
1170 546
1237 523
491 1658
1894 651
2429 1880
613 14
1771 882
648 176
1646 882
2179 2098
727 281
377 1470
1658 1014
619 715
753 829
128 1750
2124 1278
283 1948
1753 2250
121 42
2233 1489
2219 1895
611 2077
821 1162
1721 1241
972 2308
1541 360
1757 1099
634 2495
1394 249
2410 1461
1068 1468
1872 2055
2089 210
440 2058
1917 803
727 503
1863 1133
1822 320
646 2030
2008 27
604 1544
952 2497
1366 2519
920 1896
2237 149
1222 1629
1224 70
557 301
1480 783
2363 269
1977 2170
1666 108
891 1160
2204 2322
1880 2256
1008 1890
424 121
433 1357
899 412
802 1408
288 2051
226 1337
554 1369
510 60
447 2071
1874 792
759 1859
2517 2351
2460 2216
2373 1626
1448 1343
1113 2309
671 702
981 1074
237 446
2375 1745
1401 119
54 77
2518 1395
2201 234
2417 1828
674 949
1207 56
1759 310
1243 385
809 1343
1148 1366
1004 1898
1733 2301
549 2327
1275 807
2227 1598
1335 2164
538 730
2305 1182
847 2258
120 1480
1819 1419
2385 2160
340 311
2484 439
2043 363
836 2251
69 1744
518 617
1406 466
2315 1369
2080 1797
834 1045
1541 1058
1972 2394
2104 964
1984 2329
2032 1025
1089 870
1172 194
1729 1138
228 1526
2104 1430
1086 643
162 814
1314 1972
2259 2199
1061 2305
1785 442
585 2065
775 586
1250 2014
1053 2353
1272 2513
2027 2454
1702 2517
394 1166
2497 1515
1193 1779
2202 1620
282 639
489 1629
1560 2183
2275 1509
1037 1858
1290 1541
1955 1122
2308 2269
369 662
1640 2481
1911 459
56 838
582 275
448 2418
2327 2052
1918 1046
2045 1147
1117 1588
2385 1013
457 400
51 646
596 2215
1164 1362
1014 1518
1425 2345
388 132
2276 1858
900 2354
1868 383
786 2264
1261 819
1412 2416
2074 2043
2245 1889
2272 200
2247 443
1064 331
1075 2490
2401 401
1947 901
2260 214
550 1020
2074 2093
1425 1382
1183 1934
1552 907
1215 1667
606 2180
573 1008
1722 787
10 888
1799 364
2203 1630
103 1284
459 342
2428 1975
1947 2171
731 14
1308 1043
120 108
2394 313
1510 1564
1106 609
68 2185
1735 1713
509 1846
1863 2205
1 185
2471 1443
1622 418
1434 1865
845 313
832 229
2348 2186
1252 703
925 1021
12 1565
321 806
2205 1172
1111 2244
1031 389
504 1818
1719 1832
1465 1074
1185 113
567 33
27 552
206 123
592 1600
1484 1371
1307 29
1193 2308
1788 960
2090 107
2407 376
1974 1850
186 1870
2481 900
350 1735
1753 1597
1659 1780
2145 2249
65 1755
2038 1858
2014 46
1168 2524
361 1425
1987 2499
1968 2288
2420 777
1141 799
2454 1359
2009 623
1375 238
540 2453
521 1493
1001 1414
1034 667
751 1715
1723 113
1301 231
537 150
1374 1072
874 1471
1019 478
1723 459
2273 1372
817 1576
1505 2133
1708 2302
1843 2223
1490 2169
1700 1845
2001 2437
1878 2168
352 1921
894 366
1564 1080
1796 2334
2509 1394
335 1564
2039 1108
239 2422
416 222
917 220
647 273
2419 1010
628 2461
540 1895
308 2306
2079 215
2142 1103
2131 1031
332 2356
500 1384
1574 128
457 952
28 2508
645 829
1736 2167
1876 1278
300 2140
2009 1514
275 2185
2212 873
469 223
1221 2180
518 1892
2205 1884
286 2318
1355 673
2358 283
2283 2004
483 2364
1621 246
1832 1944
2314 1035
1014 1676
1111 1419
1045 510
1831 278
2422 2398
357 901
2250 212
701 394
1068 2095
1357 1406
51 2231
949 1642
750 1632
1186 989
2483 207
1596 497
556 1008
1679 2438
665 1292
1266 1622
668 1271
998 130
2439 1668
1712 2242
853 2269
953 543
2349 203
1840 2367
1864 102
161 2201
1154 572
314 2113
968 1407
638 512
1822 1960
1142 1115
1441 1499
2266 2053
634 92
1968 818
1013 113
1347 262
1496 2420
1187 595
2309 1584
2487 1575
1307 601
949 1804
1178 256
2035 345
1160 2151
1129 2033
2048 1097
804 710
1459 951
1506 2345
2195 1533
2313 1042
2241 992
578 1133
191 472
872 2099
520 717
564 414
628 792
6 839
707 2433
2397 1322
884 1359
1129 1417
1612 1688
2130 849
801 2452
2081 228
1552 2487
434 2317
668 1076
1146 1202
2085 714
2258 1591
1357 1354
40 958
146 762
960 309
995 306
2119 142
642 1125
629 1907
1879 1778
427 1979
1467 2502
1780 1586
805 1322
844 1915
1774 1571
2356 2161
880 2517
1746 1032
431 2250
2009 385
492 452
2514 472
2505 823
1761 1675
1248 866
2255 644
1294 1464
1006 1095
2144 1408
341 2016
2446 199
1370 782
286 454
979 2322
37 2055
2465 614
515 933
2200 454
924 1282
1525 745
1847 2421
1592 761
738 2164
1955 772
237 1016
1359 242
1153 1900
2495 389
446 469
1031 1269
1592 457
1210 866
460 377
1356 1228
672 1485
259 1412
1276 2009
1592 623
273 1924
1960 943
2502 945
1986 1540
1301 398
576 1330
268 1555
47 880
1135 360
318 417
1517 770
6 2397
1843 318
1306 306
1341 576
2388 1823
1410 1320
523 1333
306 1406
963 1099
2076 2248
1664 307
2066 153
1340 1846
931 920
493 1042
1815 1461
2268 1127
2182 1449
1261 2034
1253 674
1801 379
2521 1736
1065 455
1479 885
2130 248
922 378
1930 801
1049 1037
1722 1768
1349 1358
1034 184
534 1876
2044 2046
1447 575
206 1157
1609 2292
743 540
2172 2144
29 197
460 1647
2514 253
1571 2120
2056 917
1793 1707
291 986
993 918
808 1603
2451 1548
878 2494
338 484
1281 697
2163 2063
825 235
1284 1698
834 531
621 2503
443 1684
750 1154
2300 504
38 1569
337 2356
246 611
2332 969
1411 84
2489 1125
2059 404
1026 136
1600 716
2416 526
114 1347
530 2472
701 931
1366 1176
1827 754
1462 1708
291 288
102 357
2192 233
1984 2057
2458 1041
1393 1088
1455 1114
412 667
1778 2139
1951 1651
812 42
1166 1907
1726 121
1788 1109
1388 2189
772 1077
1434 1612
1621 110
1380 185
304 1691
2489 1383
337 1851
472 1262
2059 2414
1548 1738
69 1843
204 2300
2483 858
1314 349
1758 1710
225 2122
936 895
812 288
951 575
808 1672
2276 1747
355 1208
552 1309
756 2124
1799 2499
575 1745
119 1694
2086 2361
442 1772
796 482
146 2237
1423 603
2448 1959
407 1885
1168 762
173 769
1008 1525
1018 586
777 141
1885 1138
1093 1771
666 2172
2318 1897
534 397
775 751
314 137
63 1065
1042 1459
2185 302
1790 1121
1857 1789
2185 495
889 830
981 2315
279 676
2316 1722
853 1108
126 2261
203 69
73 1903
2332 937
1592 56
1661 38
216 111
2380 891
2240 2293
928 1513
599 80
2413 98
937 1976
772 1104
1745 886
1995 1965
1391 1943
2209 1844
697 2028
869 625
2036 894
2286 1825
2091 763
1308 2378
1805 376
916 1397
1343 25
2060 1360
599 1240
837 1226
1624 897
655 1614
1069 2073
1814 2457
1981 667
118 677
603 1731
371 1532
2026 1330
1467 1703
148 1378
658 1183
500 1072
2432 2302
2502 1591
2018 987
1310 2278
1537 1646
1614 2233
2515 318
468 1027
123 738
274 756
1214 261
607 2120
2325 1390
2074 2185
1505 525
289 2347
2051 270
649 2076
1929 1709
2096 545
1185 77
768 1759
2499 149
1887 1286
369 453
815 874
1305 1509
2252 2360
962 1281
983 691
1761 2147
1130 1301
413 1699
1027 2094
1296 952
1846 948
2313 922
2102 2502
2507 635
1961 2224
1235 1359
2103 1783
870 2021
1734 1320
1093 92
1079 1795
2319 1829
1476 1705
1489 940
2117 2286
379 661
2282 577
2139 460
1648 462
380 353
78 2513
1325 1056
2216 1283
927 1437
2508 1557
2296 749
711 1487
1551 2168
2191 67
291 100
2012 1784
2369 1580
1253 74
780 248
1893 774
708 1963
629 1202
354 213
1691 320
475 2197
2387 104
2206 1813
219 2447
1881 2142
2217 1378
452 808
668 1484
1572 364
993 1890
299 19
421 1039
279 644
211 1090
541 2393
524 1046
1433 768
1139 2270
1614 1864
371 2159
975 1348
827 154
1147 1051
855 1662
1697 1865
1752 463
1233 1818
902 1329
676 315
2502 387
374 1682
331 1497
982 1910
1527 890
1338 2339
1676 1102
1045 112
2263 1616
1962 328
1110 51
1707 2485
748 1084
696 2160
2443 511
54 1514
808 1024
1908 2395
436 1151
1203 689
1726 1768
1188 1647
51 1165
1078 1266
1371 1663
2344 2477
139 1665
2168 813
1079 701
1432 1177
1588 2094
1987 702
2129 2394
332 306
2290 2277
1082 1872
874 1329
2426 1781
299 1927
1001 1538
1782 738
1442 1964
2305 2301
1946 2421
1860 955
2073 692
949 1912
1706 1779
1697 235
1382 2216
2449 1843
1354 851
2318 2477
2174 1862
1512 1351
2003 50
877 1043
1903 1628
2129 640
21 294
1863 922
163 886
505 64
362 419
272 1135
1685 291
638 729
54 110
2453 2157
1799 189
1164 1253
2487 1188
841 1209
423 484
1249 1946
1600 2497
939 1086
2006 2216
411 1684
787 1831
1949 1422
1488 1580
424 2322
2154 2400
2205 1666
167 1843
817 1582
1444 2224
216 1421
1379 849
872 494
1757 1824
2461 1740
614 678
733 2060
256 1287
1534 1972
507 228
1892 601
79 399
453 2382
1330 1747
1411 2301
224 1862
335 1415
1524 1329
992 1990
217 1792
1107 658
704 1892
2110 1601
1301 257
1207 1882
1141 829
1620 1605
852 2094
1315 217
996 2510
2078 1786
1083 682
1825 432
1807 566
2495 875
27 238
2278 127
540 2507
443 584
1444 828
568 2021
931 1304
613 503
866 2392
1873 1673
2302 2113
501 1471
889 1680
785 1022
70 99
831 1011
1064 664
812 1149
467 1412
2261 351
550 1507
2322 625
2084 15
1769 2228
1085 809
457 1804
1205 1676
1346 905
1934 43
1698 1650
149 1910
1259 282
1561 1660
1278 166
262 781
1130 2038
363 2071
1351 864
1514 265
1707 1805
1902 672
1717 14
1691 1109
1865 592
412 416
1849 1879
2136 1757
1370 1394
1854 1925
944 1402
1319 1676
1365 2291
2006 1174
1512 1415
711 1258
1254 1648
585 646
1349 1305
902 1550
1569 2118
519 558
917 261
1227 1910
1461 2501
919 884
2101 680
2219 1912
1779 2422
758 1993
1239 2209
464 1006
1054 2181
2331 2284
1427 1008
121 1527
533 96
770 14
970 932
1860 1545
1599 319
1549 740
1557 292
439 2065
1944 409
2050 2448
1551 2430
558 1916
1214 2084
2298 2074
325 148
251 1870
994 610
2487 623
1687 1664
2469 2341
1596 573
1657 1433
1942 2089
1778 2146
1176 1320
905 2291
2260 938
1534 766
1862 1448
1086 657
2049 1891
2479 1637
1335 616
2260 1715
1146 1918
1071 1573
994 24
2274 2160
152 2486
1521 426
362 2204
2117 2404
2066 21
2512 1189
1596 277
344 29
560 1079
587 2133
1819 1829
23 2477
2053 698
1713 207
241 139
732 1499
1728 1513
1646 786
210 2276
1375 973
36 2026
1839 252
970 721
2375 1880
1705 1835
615 1739
2132 1048
267 585
1608 1859
619 1807
1514 881
1267 638
11 2086
931 1253
1893 1725
598 1340
1598 528
244 1937
761 1000
1427 894
754 1619
2500 1070
1173 388
534 781
1705 880
6 2507
1908 368
2021 984
996 1286
1909 1486
90 217
550 1731
817 2453
1242 42
8 953
1858 1075
608 230
2119 265
187 1974
1658 1063
1707 808
1933 714
2364 2192
1100 35
1678 1987
1591 761
1756 1727
2030 250
786 1799
1670 106
1589 2039
1551 322
932 2212
1261 1467
1840 258
2296 1758
258 1075
2389 1763
2180 1554
222 1925
2443 1120
522 704
894 1548
428 2042
1516 448
1116 123
1021 808
580 1603
748 1782
1463 1090
1363 1132
1236 1741
2226 1014
1022 418
2370 2047
964 135
2395 1618
2395 541
2154 2432
888 2021
2361 468
1896 1739
548 632
1697 2008
2311 2432
1992 1656
375 919
1559 1459
663 1504
755 2523
922 1628
445 1163
1015 929
1012 2476
1344 2264
724 943
960 1343
1968 853
27 274
1304 1504
710 2328
453 934
1392 630
1075 783
2310 589
687 506
1667 1454
848 1455
897 353
2447 1842
2153 1426
1640 2372
981 489
1193 1433
1611 2103
354 1822
2170 1514
2283 2206
408 2
1839 1475
1718 635
1226 1976
2183 2305
1717 2048
596 1849
835 2149
921 626
851 1334
1067 96
349 1710
2498 175
174 11
2322 552
1347 2087
1210 309
2207 289
1316 1574
639 400
1851 1465
2030 207
975 1043
295 1876
498 2337
489 1223
1409 614
367 50
2048 1578
667 606
519 365
2253 2498
1839 1828
1774 1294
1569 1772
1763 1242
1409 1704
194 74
2234 677
1489 860
1922 1561
1897 872
541 2099
1363 1616
2329 54
1255 393
3 258
328 1391
1738 221
966 1143
2351 399
1386 369
2135 525
1633 1107
1311 9
2252 360
814 809
1784 2108
1822 601
666 1667
749 76
1289 551
1463 174
281 1253
1505 2520
2145 1044
1122 381
2031 1027
158 905
556 1065
911 522
321 427
2448 218
729 264
2165 1195
2323 1470
1629 1510
1248 132
1777 478
522 1551
1044 1529
1450 292
1210 1151
716 2
2355 747
534 1059
470 1766
1766 779
1553 92
1883 1963
1154 267
2328 2004
1905 686
2348 1582
129 709
2066 1855
1571 1042
1429 1345
1416 2276
1390 1541
1370 2402
1382 1774
2405 1611
17 1959
236 583
165 121
371 763
819 1180
793 841
813 1967
1994 1188
2478 1297
1201 1384
180 874
2258 2306
458 957
796 1040
1688 636
623 130
2124 240
709 549
1838 1038
1034 1896
1497 1912
1640 2275
2482 1860
1372 620
431 583
745 2377
336 866
1815 1126
2507 2285
2204 2347
1556 1540
773 584
1107 2295
2008 137
1147 666
835 1260
2272 1953
699 407
652 1315
1835 868
1361 1768
1919 2458
852 1736
2086 1138
2492 1954
1318 2130
248 2135
1188 1173
945 1523
1176 1606
1224 2228
2522 1911
1543 160
719 494
894 1340
618 911
1388 2186
1594 2035
1908 2043
1240 645
509 1705
1257 252
1327 212
2129 1638
1331 2183
2176 1214
489 2053
1544 1715
57 1723
1007 2092
1373 1629
394 593
1149 2426
1043 967
2193 1211
2226 2223
1783 2172
80 1529
1823 1433
1810 2340
872 281
1612 1426
2340 1592
95 83
732 2084
1126 621
2518 1397
1387 2474
1031 126
2318 2361
733 499
2252 1787
403 1483
2323 916
2232 2186
419 1961
12 193
1613 1910
1430 512
1764 88
1617 2407
850 77
1155 2323
1677 1682
2063 533
334 261
87 233
994 1032
2462 1231
1184 934
364 164
1839 389
1296 93
80 293
975 1106
2194 453
1774 156
713 8
730 152
1968 1158
1445 786
386 881
211 465
331 143
2480 1189
1681 593
2449 1563
483 2228
232 2044
1293 609
1502 830
2171 1450
0 2508
2517 1124
420 1931
2306 1599
1942 2052
1182 849
2100 1338
2302 42
590 2040
2052 1326
813 1841
704 1041
583 1603
1047 1101
1357 2440
440 2519
3 976
513 1251
481 2443
1245 610
425 319
1514 1294
549 1088
723 827
1531 2354
1056 1061
1841 1594
1182 1855
164 881
2515 2147
85 2101
1133 1457
1558 175
1573 870
278 1016
712 1189
2080 1893
1070 369
1510 1044
1348 714
1288 465
63 1967
647 1251
1253 2465
1883 33
2483 2394
1890 1324
625 1576
599 1887
1547 921
2172 1735
322 1476
526 2346
1061 2010
113 2511
384 2379
2369 1130
746 2063
676 1637
1310 1174
2103 1158
1703 1239
2028 2185
645 827
2418 1087
194 448
1597 89
394 291
1442 659
1904 900
254 451
611 34
790 1549
748 1380
754 1235
400 1931
962 454
1462 2208
306 552
433 1735
51 1299
1405 1868
1190 598
660 586
542 2270
1804 301
1244 1435
572 1079
785 2159
2037 483
714 2508
2433 2371
1727 1442
2239 1904
1717 983
1555 1041
1591 1284
2488 2487
1226 1049
334 1712
707 602
1894 1266
859 752
2086 715
1276 2312
1870 1705
1446 1334
812 737
2503 1373
1236 1064
1072 2134
1430 2140
2291 2067
2120 1408
1783 1845
1058 1333
2030 1213
2472 2095
2054 1454
543 201
2208 1514
35 1510
2104 1811
855 816
2308 815
719 1944
685 1579
1030 57
892 2257
383 932
1327 764
1730 1650
2057 204
236 1738
1967 1264
1582 1852
1403 622
742 29
1529 2110
2332 613
855 2099
1645 530
2095 1249
2309 1150
1067 1118
119 22
1798 368
703 1791
1684 1665
797 847
121 1547
1021 874
1656 1068
87 1689
1614 199
1776 8
2177 486
2309 683
595 2073
590 1975
2060 544
2021 795
667 2096
1630 2333
1834 2085
2353 44
342 836
1130 270
802 546
2394 79
1422 748
2028 1506
29 954
979 928
387 74
2464 81
794 326
2382 649
718 748
760 2391
389 1966
1777 2373
1163 1683
1254 1319
21 1781
770 191
1554 427
1326 1548
2073 352
816 1818
530 2371
2062 2299
1890 166
2027 965
1996 1684
110 327
653 1928
356 669
1183 429
52 1187
2212 988
385 1361
1155 1943
1804 1209
2450 2012
1401 1102
2459 1444
954 994
2324 207
977 1715
220 2346
593 254
1102 1138
1062 544
1239 830
2523 724
457 799
2323 1860
1850 2078
878 549
1548 2084
2186 2087
1695 1444
1449 2384
490 2284
1193 606
1331 530
467 1673
117 287
677 830
1514 2053
534 638
564 1182
2139 820
2330 2203
2395 1618
1805 500
259 888
271 601
2226 1071
1447 854
1590 711
841 2409
1981 1254
1287 886
1111 645
2074 1390
1338 1561
85 1187
1204 2408
2462 422
2077 861
496 117
256 1352
2387 2261
2444 660
233 2035
2081 1162
1881 89
1752 1258
1333 1405
1973 968
748 329
888 2478
640 279
2516 1841
1994 905
439 1832
824 1780
1523 2226
1374 1447
1538 1195
1155 1756
1586 2415
2235 1518
399 746
237 389
554 1735
1670 2040
915 635
1352 130
1714 1954
186 1884
2293 1844
2379 1976
1832 2100
1212 27
1271 1714
2098 314
2054 1397
499 836
776 724
2050 1933
751 1139
38 510
1206 1503
1410 665
326 2029
266 1705
1706 1539
863 2347
1100 919
748 1722
2181 1377
1620 1385
1596 855
1968 243
1310 1774
1273 2177
90 1194
2477 2083
2107 935
1245 2092
2154 676
402 1940
1095 2149
2474 1284
2341 567
1189 398
2008 1928
388 1946
1035 1626
2165 1550
2160 1773
181 168
812 1393
321 2280
483 1372
1303 1890
615 2426
987 326
973 572
1692 2380
621 1980
440 347
724 78
1501 2248
1497 2129
1062 518
1715 1049
850 539
1667 563
1466 2496
2158 1492
1398 436
1161 327
1851 1547
256 1643
1013 1351
1735 495
2319 2146
1564 818
2344 1005
1320 2457
2230 1793
703 1244
2519 1492
327 2381
1854 1172
2423 1859
384 42
2034 213
875 441
1203 162
1658 1590
2390 1896
1138 2238
321 2036
2220 2439
1754 620
1967 2389
189 1382
738 1137
1936 123
717 653
776 2170
610 1947
649 2002
1390 1877
1467 1156
1374 71
212 1345
1923 1112
868 1500
2226 2340
1875 2311
819 1632
774 2354
678 53
105 922
743 613
196 561
1203 2339
1849 1780
3 1592
1110 263
962 1685
1166 2293
2036 1051
790 1223
2337 846
242 607
395 2177
2197 2423
600 1177
932 916
1992 171
2373 1438
5 199
655 1698
2292 283
2258 672
513 2051
1553 1331
1654 2037
246 833
2030 421
2235 1755
2062 2344
1268 947
1266 2376
1857 207
1966 2121
700 70
1151 2003
2011 151
762 1442
34 1708
13 1342
1190 1005
1861 1430
1255 408
1241 2514
232 2349
793 1379
1132 1818
641 511
1438 1511
2237 792
2311 1789
657 275
1095 2101
1134 2412
1795 2012
2111 1039
1566 878
2487 423
1800 2394
266 704
811 1287
529 897
547 1969
1510 520
2449 2030
660 1021
2013 1264
564 1453
406 1537
1735 710
1184 663
136 874
541 1490
212 450
2243 2210
2434 629
1828 501
700 456
536 1462
1740 416
44 2042
393 1279
2488 899
483 12
1773 1480
1748 2393
87 1397
533 1440
107 994
285 1523
515 397
1282 1498
1605 1477
565 2106
1610 2025
37 420
752 896
462 137
196 295
1902 392
139 385
390 517
612 2436
2425 2512
554 1798
198 1827
786 2131
694 1892
1217 1694
1097 1772
1907 2506
523 1973
2455 968
717 2348
827 1362
1502 82
438 2159
540 2089
809 2018
864 2034
199 2490
1421 1518
2494 1584
526 511
2304 1894
375 1242
1779 673
53 234
1281 675
593 2312
2442 1975
2025 907
1402 436
1517 2295
828 2471
2242 1580
597 281
1560 1431
2012 1382
368 435
1356 1894
2354 2200
1979 2432
1792 2283
2351 778
1863 1332
131 1938
69 2506
908 52
1289 1549
375 1089
696 1418
883 355
747 1255
1563 1693
61 1846
1165 1525
2105 2106
1759 675
740 1719
1919 271
2504 200
1942 1950
1547 2500
2523 292
1226 958
2141 429
25 1506
461 416
2429 920
739 217
178 980
2047 1952
384 1499
441 1525
936 1668
2173 2194
1240 1687
951 979
504 823
1800 1649
481 462
104 831
469 905
2146 93
2523 786
1365 1659
2500 1186
1621 2124
34 627
1229 286
1624 807
1822 1930
225 158
1637 2290
2279 412
523 546
984 2054
109 2072
1274 951
2118 1541
145 2319
1166 1147
624 2497
1729 1334
1799 591
2180 2209
2386 2469
717 1879
1125 2002
1812 2350
1843 1210
121 2054
1566 1395
1682 2417
1838 372
2102 365
1529 2457
449 1775
2351 616
386 1858
274 1565
17 424
190 860
955 1763
1991 1199
385 1787
1918 1076
1899 2182
2293 2309
2137 1996
701 2401
491 474
484 2155
2467 2124
1608 267
730 1772
599 865
209 1004
139 2459
760 1291
708 738
1603 957
649 2509
1565 78
182 1682
687 2025
991 1539
30 2141
2047 69
2398 844
1456 931
642 1855
2010 1059
1595 779
120 2198
910 1086
1340 2264
659 1546
455 317
15 1943
1212 1383
2311 2334
434 1367
2096 381
2033 2336
553 2358
2290 2405
1926 2466
1714 17
213 858
1544 1507
1854 1969
1388 2208
643 1318
156 748
1595 2498
2132 1114
557 2040
1006 238
2164 1683
407 1306
702 2090
1425 1827
639 1973
2117 895
262 662
73 2523
848 1307
1945 1199
1270 2119
1592 123
1533 2107
648 751
2502 316
2373 2376
2483 1187
1887 2518
65 585
749 1483
279 2311
1240 1996
409 1913
248 1603
1783 275
37 1964
1016 2018
2452 1615
53 1270
1510 62
985 877
2283 621
391 593
864 1630
2226 2288
702 486
169 1438
1603 1419
231 2158
2355 1691
1445 1660
729 461
1142 688
1945 1193
2106 442
553 371
2220 1408
1199 694
1978 1880
1778 1196
1033 1766
1694 1100
1342 1142
1456 2213
591 1884
2 274
1622 1831
488 630
919 1546
2460 1143
27 2188
278 2510
2181 118
1377 2349
2021 936
1612 105
399 2314
255 1933
1364 923
2454 90
1494 345
1009 2293
2284 1168
492 2325
1416 2466
2490 1545
1583 1935
365 280
2065 913
427 1429
2011 530
325 142
2266 161
2265 1212
1736 1722
359 1006
1425 2440
15 1618
1744 107
353 1010
711 2022
1075 465
572 825
1293 1472
2341 1248
1263 1684
2520 1647
1688 316
2512 1877
1490 1557
987 612
1807 1497
178 1611
1808 1699
2034 2117
1147 1464
950 518
1322 1938
918 1757
1510 1930
2052 502
2432 218
825 1345
946 935
1868 318
1639 1258
939 218
2238 1493
893 856
1849 2112
1460 2270
612 195
2394 1529
6 1303
915 1027
2062 856
2164 1022
1732 899
751 132
368 1265
1194 2003
1750 2464
2298 1347
1579 529
1709 1435
1580 1647
1622 117
87 1881
224 1691
373 2261
1387 441
1095 14
1131 1229
1537 2447
2037 1881
578 388
699 2224
363 22
1013 192
623 678
1383 2512
797 561
1132 125
1665 647
2279 470
1445 2450
1060 254
871 1955
1272 2249
2030 1447
334 1291
317 1211
1542 1580
474 1868
2295 478
2369 2321
590 941
996 2145
1603 2370
1997 2233
2345 194
1109 2022
1989 159
1601 2112
2018 1391
2118 1328
1406 116
2349 2515
1974 847
502 2060
86 1917
1042 645
2281 517
1907 1891
1254 1127
2042 665
1868 2210
2264 107
607 1313
862 231
1756 1270
1550 1556
1752 584
1302 157
1830 1904
118 356
387 1067
2127 628
1938 1872
1181 1594
1699 959
365 1569
323 2364
349 2276
1301 1467
2316 1809
1610 926
1962 2160
2226 502
1652 1442
1409 2469
1425 1669
77 460
8 2468
2035 649
1905 1824
2343 1524
1156 1538
1261 985
2067 1804
954 279
436 409
1418 1713
1171 29
431 2024
375 1915
54 2425
2350 343
374 2077
1807 1585
1550 1436
1293 392
506 1274
718 1728
2135 500
317 1362
1760 335
2016 923
1993 1052
957 1660
2181 1849
973 2051
1227 1883
188 621
497 847
251 1956
256 905
1587 2464
1438 544
1045 1820
578 2366
170 371
99 402
343 759
739 1982
1914 1328
831 1468
1000 266
1546 1862
2010 1759
312 1158
299 1341
2417 2040
371 53
2167 1628
1189 1948
503 360
1900 2098
2419 2508
2288 488
995 2503
2079 643
1300 854
640 238
1364 1789
2513 1112
1600 1126
1603 2458
1408 2459
1517 211
1601 226
1369 2116
910 951
1451 602
370 1697
710 971
1911 1507
473 1698
201 1502
1490 1745
619 794
618 2297
1840 1291
1566 1331
2445 129
1785 544
619 198
1510 2421
1598 4
0 165
1744 1966
1494 1825
1611 1781
1565 61
325 796
1930 37
49 576
1321 1175
1829 430
1283 209
1317 739
1024 250
1896 1222
909 889
820 1655
515 2320
164 590
1120 2351
829 2310
817 799
786 1213
366 1805
1943 2010
341 178
666 2226
919 13
1867 1571
2248 343
791 2096
1741 2162
151 339
989 1306
1335 2204
2286 1019
163 1201
713 1822
997 1043
1671 2321
2169 877
2094 2466
1209 1633
1656 969
2051 1777
380 404
1239 1254
933 1990
1464 925
99 505
1404 423
1276 2466
1835 162
1949 2100
29 740
1300 548
5 1171
1819 731
205 604
757 1305
928 2414
454 141
1661 1916
762 905
1901 1664
2395 2179
1142 1685
2509 1297
73 1842
1354 1404
2162 903
730 752
614 1253
94 1155
1142 2137
48 2237
1351 1485
5 34
1566 641
2332 1267
927 907
1923 2098
1908 2055
391 1380
622 2366
73 2135
1150 2277
1581 1728
570 1079
2058 1857
272 2417
791 1842
1234 2133
281 707
58 1064
1508 1482
1508 1114
1697 2430
1930 1514
433 505
1932 1594
22 1712
2071 1940
306 781
1607 2193
1130 1092
2275 2059
2438 1541
236 2379
467 856
974 244
260 2408
2007 2462
507 1710
2226 57
1196 2
1057 2301
2204 1720
1399 1570
2294 1796
6 235
1209 1786
1423 645
130 76
1876 922
959 207
1260 1569
1956 766
2035 1414
1932 936
1853 1229
1347 2413
34 312
1162 933
433 2284
1897 1351
1938 1395
1752 78
432 2234
1875 2510
337 1740
86 1722
259 1428
1185 1417
1518 2493
1886 1196
1244 1743
2460 127
2513 1776
2300 76
667 1474
1871 971
1469 1042
2033 1949
328 1932
1023 481
1699 872
633 125
1706 2512
821 728
1922 510
352 847
1647 1779
181 518
1539 2191
1592 1632
1615 1593
2461 1873
2029 50
1499 1850
10 403
2453 467
2382 2033
1227 2317
1928 563
1536 603
498 24
1930 1896
1953 1649
1957 2277
705 2317
1381 1334
321 1035
1964 653
1535 650
1261 1927
36 2506
412 1667
1637 1094
611 1695
1323 1885
1713 1414
1880 384
746 1127
1488 660
1247 1745
1751 1763
2387 1596
857 2075
1953 791
1415 2197
1585 1224
2292 2075
407 1184
2373 693
1210 171
554 1395
914 1137
1834 2201
1750 2333
1600 1337
783 165
1496 790
1656 1688
1063 69
1230 1666
1741 467
2392 692
1272 781
329 956
1291 787
931 1342
1003 2267
1408 1217
633 2187
1579 1369
818 2505
2061 734
887 1756
1854 1175
1589 141
1177 2217
1993 483
128 1475
1544 255
2157 1195
1142 944
1972 727
2485 1518
330 285
788 1048
2088 2240
1558 1284
629 893
2217 1441
670 368
197 244
1561 1632
119 749
2387 2062
1053 1439
761 574
570 629
1909 2511
1623 2131
2294 1474
525 546
1921 539
1463 1732
1279 1927
1881 1646
1425 818
1314 2299
535 546
2213 907
1256 2464
314 97
299 554
53 191
2476 2189
1289 819
1120 599
2039 1947
2003 177
1178 899
922 1910
2198 2163
1586 791
2502 2380
650 163
1945 701
2130 717
456 2252
1338 1103
838 348
1709 2332
1502 811
1459 217
2390 1675
527 504
513 219
1926 2167
2076 1896
1800 161
363 2005
1152 2338
901 2417
2513 2301
1129 2142
2233 276
1273 1850
291 2075
484 1052
31 543
752 1149
152 2383
2491 765
575 1468
1859 1706
1734 938
2323 2302
2320 1793
2170 2395
288 1061
1699 703
1370 2413
1234 2247
132 2347
849 1309
1878 1466
203 1552
2170 1618
2026 2294
2144 819
28 1229
1180 229
2117 1279
110 442
1159 2176
2259 345
1253 446
553 1729
1779 914
545 959
1659 2312
2329 2465
144 2285
285 1867
2301 1621
706 1742
75 1981
2026 78
1147 1537
642 1369
525 620
1227 1730
2086 1938
989 1524
882 739
1261 2077
1659 990
1347 1228
1510 704
1234 526
121 715
886 325
365 2232
1276 596
951 2394
1728 334
1492 2020
589 248
1547 178
300 2489
907 832
1907 1964
1805 1696
1851 2510
726 1340
2204 67
1490 887
1903 848
799 539
569 1383
874 1985
1590 90
591 383
1538 379
2387 1307
1430 730
1870 1699
1249 1131
404 1389
2267 1629
1314 1554
2460 1158
710 1819
523 1435
2039 1385
1355 1522
816 1406
2146 1162
1131 1165
802 2266
1770 2096
620 1205
1107 1955
1780 674
451 2491
471 1951
2331 1464
2461 806
822 2471
2154 1211
262 210
256 1769
1134 244
2001 392
1092 882
579 844
118 1846
858 2437
649 611
2450 94
2502 1774
1904 1310
1104 961
762 2439
304 2032
2202 561
1570 1248
2178 1758
797 966
1172 1906
1244 783
2017 1091
2052 1034
1383 1346
1533 1375
1485 505
480 1758
1194 1120
853 1395
281 509
590 97
1411 1329
1751 1396
1276 2470
859 1967
2268 2319
654 1545
2254 1444
2271 1274
317 1918
2280 1930
2192 909
2490 1183
456 1692
1267 442
632 358
334 487
1248 597
1352 67
1139 542
1967 2077
79 2025
1328 2108
82 1228
292 1920
1070 219
1179 1360
1510 1159
1482 2281
669 485
2474 310
1758 1518
1683 320
1298 979
1314 2371
2256 1087
59 277
1904 778
753 2063
946 1128
1772 796
1650 50
1840 85
63 480
1590 2521
256 289
1995 1719
1986 1097
1541 2353
2485 689
1702 2004
739 635
1990 1136
1803 1458
1915 394
1959 1923
286 2228
280 2503
280 1966
2150 528
1280 1457
1622 1478
530 2500
1684 918
2193 729
1695 885
2521 417
470 1165
1284 2496
1943 974
2513 1932
1553 1784
2400 829
25 2208
2216 1153
1375 2515
1539 1718
1240 1846
89 1706
1417 953
236 1298
1904 245
539 2314
1075 2261
1669 205
1821 1126
631 135
2464 2154
716 1890
768 1768
963 80
39 141
1449 1034
1052 1419
2114 892
2371 1149
1998 1990
2035 1585
1433 2464
1475 446
70 263
1213 2222
1269 1235
1064 129
142 2193
1732 909
340 156
118 900
614 1815
709 506
968 286
1405 157
56 52
474 1401
963 379
777 592
153 1352
1066 2290
1134 393
463 1954
1710 786
1434 2449
1733 1311
795 1946
1534 530
1640 1304
1952 1847
1147 2062
1862 512
486 1776
324 988
736 727
1284 2135
1597 684
2144 1224
1229 1743
151 364
232 235
814 312
319 670
1138 533
123 833
2288 464
1191 1969
30 1438
839 1121
548 454
451 978
1893 1459
487 514
1686 1061
460 673
104 1130
1940 2492
1802 1924
819 840
297 2271
16 163
1957 1990
2433 1713
136 1354
2154 47
1305 1398
1619 760
598 413
2338 2116
611 2329
1946 1379
1215 212
1595 2379
1062 723
1126 1454
873 1104
10 1266
1492 1445
1051 1999
2163 1006
158 532
1025 2454
2078 1782
1952 1586
999 1772
885 2018
2192 989
510 316
2294 819
2396 875
1581 2384
976 1574
1225 2123
1614 2343
1420 2342
1021 2478
1543 1099
1266 2454
487 806
2293 1535
2508 741
2133 1454
1180 1214
2227 690
2469 307
933 851
159 1106
817 1869
25 2074
734 2251
914 1013
569 920
1012 1951
539 650
1520 1413
435 1327
469 1344
1429 940
868 798
274 832
1885 1738
2419 2218
2316 1969
1514 1877
1282 1402
1203 1557
1681 1322
1685 1385
417 2491
461 1182
1205 1628
2093 2092
1089 1218
2289 87
1009 779
487 1377
390 0
522 434
1710 691
2360 1261
1514 641
1792 738
174 944
821 1959
1168 1140
1426 1587
2328 1668
1797 804
953 1404
2485 1612
1200 1381
2014 780
2135 90
1095 1182
1292 1168
2129 847
146 1820
1606 1682
2517 216
1832 585
1381 1966
1470 1149
1019 2413
1207 1938
232 1156
859 1193
664 190
2044 1110
341 2266
1409 68
2099 2029
2455 88
1997 2296
698 1570
1497 640
2353 2469
2291 40
2081 1878
1662 2515
1640 2164
2317 1749
992 694
2125 2456
24 1884
1999 268
1733 269
1366 2021
2385 1029
940 844
405 0
972 2362
755 1933
1631 1873
900 309
1225 2201
1621 43
1101 309
1294 2251
343 10
1808 148
47 605
215 1395
1367 1287
1018 2376
247 1009
766 2328
562 975
884 625
863 1034
1637 1763
1499 50
758 200
381 196
1148 1961
349 2115
403 1364
554 1940
517 723
538 938
358 582
2006 1795
2079 971
916 2270
2177 1725
41 1970
1579 331
266 521
1137 793
335 2042
537 1397
1449 246
2253 806
1173 1135
158 7
2134 1527
1702 2451
2093 1173
729 447
2407 527
1044 448
1132 925
2375 1113
584 2067
301 705
303 2151
1080 2426
330 1361
1620 774
582 1160
2383 2438
2096 653
1348 362
260 1925
1635 1875
1846 929
387 2322
1167 2192
1396 1116
1921 1411
169 28
772 1643
1211 1082
1377 2348
1457 1918
158 1703
1332 1749
2456 2477
2498 1584
1781 570
593 88
1658 351
342 1641
233 92
294 2183
1529 1327
1532 1948
2442 1724
2310 881
615 1556
136 1396
1782 1234
353 119
453 1189
208 736
1495 349
330 207
1560 105
747 2255
2077 314
2182 547
2292 1876
2369 2216
897 1311
1770 489
1624 2292
1511 1365
714 1163
2068 752
1188 2263
2315 2241
1864 962
1442 1550
1477 379
880 1347
1699 273
923 2480
634 329
1506 338
2391 909
1088 1507
337 1845
2401 1963
2020 982
2187 1639
285 771
708 1324
1995 861
1366 198
1678 757
1258 1574
1165 1048
1732 688
326 1581
1043 1406
2018 1094
1748 1885
945 1573
1876 2054
1929 1920
1472 2070
690 1456
267 1900
2123 1060
248 233
460 1706
1629 1336
1290 2518
1111 1126
110 2161
1596 428
2091 944
2369 59
551 2254
1800 585
1638 585
1869 1573
1453 2034
1076 1755
1241 185
241 1817
1216 324
780 1030
1870 152
611 24
1627 2266
2516 779
2332 1865
543 13
1813 1141
2051 1385
1526 862
1739 1412
909 1262
867 877
244 1456
1237 1669
2438 1771
1171 84
1914 1298
711 1915
474 1793
2106 691
314 1297
1061 306
1543 2189
61 2228
1229 1401
1003 2338
2263 1564
1328 1887
2256 972
763 1249
1008 66
1346 1544
2201 2083
554 1081
2265 501
155 2105
1942 2351
1780 1763
2146 1950
859 2228
732 1731
2191 2
429 261
857 1725
1006 478
2392 2299
399 1958
1226 213
568 1429
1234 130
189 2220
1855 2500
2252 453
432 746
819 285
1678 465
288 1897
1331 139
1652 1397
1301 964
336 1847
163 715
1669 141
1426 652
1926 1076
1652 1276
1164 1157
424 2043
1412 2202
171 476
891 1169
1723 1207
1926 559
2245 1840
1579 2149
416 2184
1487 2167
2153 1910
2097 348
498 1427
860 2389
1072 1177
1365 2372
1019 1253
1248 1726
2376 2491
2375 52
375 2028
110 2003
1907 937
1281 1597
2395 2425
2195 2406
2189 2430
117 2026
2341 1279
2484 367
819 994
2266 1533
1093 1183
855 216
1576 250
475 301
1870 231
179 266
1945 340
1231 1169
237 179
1631 1506
1450 1091
1259 2173
1114 2509
1528 929
557 561
155 862
238 631
77 1583
601 1463
1720 1842
480 679
2292 1070
1444 1312
930 845
578 2128
2082 1111
1373 458
580 447
2476 1333
2512 743
389 711
2405 1911
2342 1576
1319 2087
690 1262
429 728
1668 1403
353 1193
1167 1595
2369 2062
1431 1240
1376 765
995 624
2049 1142
1727 653
1942 316
2420 2314
1967 302
2408 2121
352 1562
1375 1570
1335 140
433 985
1070 1438
2219 2195
1601 1566
1065 1595
2232 1840
385 242
2076 1921
2101 2092
1580 1406
1988 851
1435 1613
1265 486
1429 864
960 2268
1624 2209
320 2318
1429 653
1849 1575
1150 2458
265 1698
2172 1878
1257 1655
1901 2422
129 2369
538 836
2416 523
1074 794
391 449
2266 1065
2486 463
965 1795
1442 1694
2015 762
1794 0
1307 505
784 356
1666 457
728 2239
2338 1106
984 251
2271 1145
354 1568
1359 174
2197 697
1940 1848
894 1635
2319 2031
1263 1446
1625 62
486 105
930 1426
929 1136
606 686
1007 1329
744 1800
1832 472
2496 214
2214 1963
752 2513
761 2127
1729 1095
1619 637
2520 999
1734 504
940 2034
2193 24
2295 187
264 2047
97 2421
1920 349
1214 1853
221 2161
1965 1011
2365 1609
1372 25
1673 94
2318 2156
1132 2255
558 917
1256 2093
1953 1194
1113 1106
1232 2005
1548 1233
1738 2331
2332 187
1138 2051
757 518
688 2040
356 1096
910 1370
1991 1484
30 2363
1435 1998
2423 1939
979 2048
1781 1676
1209 1408
326 458
2124 1421
2446 1667
1872 446
2420 2306
1912 1571
107 2306
1525 1566
2273 1259
2352 258
2422 1542
57 1615
1583 1318
1535 146
392 2324
828 1792
2198 1077
1032 1332
2058 1842
1103 2349
549 1687
998 1852
2417 1442
1626 672
1829 1008
1895 455
2322 2327
378 2071
1149 706
845 513
1543 1199
1308 1796
503 229
1485 543
2074 1142
66 2270
2439 2396
2287 1168
216 2258
1170 49
510 971
1788 1361
1722 1485
1006 819
56 2295
780 606
132 705
873 662
776 992
1789 1618
494 644
2296 2287
1598 2387
747 1036
740 2329
331 1122
1224 1716
1913 286
1440 2072
847 2353
1630 1602
568 1447
246 1534
402 2003
1253 1984
1928 663
1826 1615
927 2201
1480 1114
1203 1612
1516 729
608 1701
728 497
1964 278
1436 2000
1249 1566
2264 2077
714 2029
1937 206
1242 260
2171 1250
1269 2144
871 1309
900 529
2341 134
867 356
209 1337
289 2423
1522 590
104 1780
1489 1654
1626 622
861 1787
1817 1799
2302 2061
1408 1695
728 556
2056 1123
422 1805
623 622
1286 1435
550 1583
225 1875
1612 550
684 2390
1843 812
198 460
1251 104
1063 455
939 566
214 955
2040 121
806 750
689 1347
2237 1452
1960 230
918 729
1669 1722
282 180
785 2161
879 2346
2024 85
1780 1158
1209 118
368 627
1128 262
175 68
1560 1995
2095 2079
397 1994
1205 15
870 401
1574 1463
2477 1207
615 2213
1646 154
2191 605
1529 146
1564 352
1564 1571
782 747
1575 1301
1094 1865
1711 594
701 149
1487 1259
1398 2523
913 2326
899 2461
1420 146
2239 790
1513 486
896 648
2214 876
1470 851
1794 2191
2057 1357
1422 1356
155 72
452 2113
190 1724
516 1324
1968 1119
1901 593
1684 2233
660 95
1688 1678
952 2149
2139 585
1642 2206
2285 1599
2124 1582
664 2507
2419 63
1235 389
679 1341
915 444
1652 2084
154 1684
1580 328
2134 2220
276 1211
161 59
1296 621
2190 1437
489 1870
236 1264
1411 681
890 2314
757 2205
959 2425
1156 1552
281 2403
1990 631
2111 2435
920 1204
2265 1408
1530 1887
1506 936
1269 127
1184 486
595 1566
1864 1860
1546 508
593 683
1150 1955
445 2013
2130 1678
2421 1469
807 1833
339 1526
107 2469
1890 1321
520 939
84 2429
432 1936
416 2070
2418 2356
1305 239
1146 1499
1289 26
983 761
1960 2304
1536 1142
985 1500
1340 1072
1428 1718
1531 367
461 97
7 497
2289 830
1165 1501
2426 2374
2338 2243
2072 2512
1194 1020
2329 2119
2118 69
1787 238
815 2348
170 2486
623 2143
584 694
920 473
1177 1607
1075 2362
1271 1275
764 2328
1409 1615
582 1175
1887 1492
8 1833
1547 854
1799 404
787 1073
2397 1235
65 1972
1536 1272
361 1224
93 1784
992 667
1914 1153
1143 631
2114 964
568 856
905 632
849 2337
556 1495
2067 874
513 179
2070 537
1905 2241
2294 1610
334 425
883 1931
2459 2
1593 885
1072 2507
669 683
1008 1638
536 450
142 1124
176 1610
706 2030
1524 455
2205 1029
1278 2220
719 51
2029 2261
885 1978
303 516
2066 666
2256 264
2227 1126
2275 891
2021 301
711 615
1984 296
834 1156
559 193
1300 805
183 2382
1118 2246
66 569
1819 6
692 1142
978 1870
1849 1749
2295 1506
207 518
294 2244
1148 222
1494 2409
855 1900
1148 1786
1326 2301
128 160
1863 658
2228 411
1497 483
2319 36
1446 1878
428 1798
1581 2017
135 2292
1582 877
1178 1740
2094 2285
1734 202
788 2063
992 1152
973 2362
2420 578
1516 1746
907 1799
2077 963
2389 2158
661 1736
1886 1206
137 2195
361 520
1419 1856
1087 741
2072 1119
2487 328
132 1684
1891 655
1048 1094
1386 1644
2436 1940
435 1442
1760 503
189 56
2377 930
1128 2269
478 1408
1104 2255
2489 1809
1110 2095
126 2323
295 748
1345 1947
2154 2507
1146 2457
2157 1447
34 824
56 567
2473 936
837 305
2220 1398
882 1656
1500 293
905 2381
1307 983
1844 774
164 835
478 1268
842 1812
731 1670
1430 499
891 2329
1587 1528
459 300
2490 761
398 1859
1850 722
915 271
1980 1143
1952 525
1823 1701
962 887
1440 742
2386 394
651 728
972 2101
1546 271
1973 2290
665 795
1524 1257
137 20
1456 276
408 1109
2315 1261
1847 565
1067 1113
866 888
245 444
1849 2132
2234 1287
252 1958
864 1645
1704 1443
29 1334
546 2173
256 1102
558 2048
594 1859
2058 2160
590 522
1263 1348
744 1215
152 2405
2135 2098
1260 1323
714 1438
2025 772
455 1521
2125 1540
190 1155
1664 754
2443 1920
1397 1512
2291 2052
2309 779
727 1826
2151 2141
2029 1913
145 443
916 1289
1442 2491
2378 1931
1573 962
732 2230
1096 553
1523 1565
2476 156
1484 1866
616 2492
535 1281
1957 1799
1460 815
1101 1928
1100 1185
2011 764
2126 1430
1968 2461
1944 484
2392 1579
401 812
1954 1248
7 609
485 597
1801 1016
2131 769
349 1992
689 518
306 1465
1343 2140
2000 878
1107 791
568 2125
460 1275
662 304
705 1141
136 852
499 75
1127 2269
1823 1560
350 127
2249 1702
1331 28
2242 439
1835 547
695 74
1944 1692
51 585
231 1585
883 1178
134 1673
812 181
2416 890
345 2231
2236 728
1112 993
2203 712
1551 750
2202 1273
1354 2343
2104 1992
770 2418
354 1356
186 1287
1187 1056
1821 475
229 1811
2147 622
1191 2224
862 762
1100 1129
1963 750
562 935
2047 2386
479 1286
468 931
239 505
605 1758
242 981
2519 1191
447 672
1048 2189
283 2101
1247 1829
372 2172
2238 752
586 808
1806 1873
2244 1457
2402 513
1227 482
367 1869
768 1963
493 1396
852 2499
404 1981
960 1219
708 2109
2255 1653
1991 631
2096 1051
388 356
2166 730
2316 568
40 619
1970 1820
2253 1343
57 1054
553 328
908 653
2350 824
1789 1878
1927 1180
364 775
2297 1932
527 1295
1531 275
1568 986
877 493
2460 273
1912 907
696 117
2472 1758
916 2087
76 1621
1847 1667
1934 2261
1788 262
584 2388
1861 1884
441 1346
1642 1417
413 588
1243 1634
752 2051
536 2
1403 2425
235 1565
631 1815
1850 2452
1483 283
1530 1289
1869 1104
1014 1886
518 1011
1206 754
2200 2044
2116 1568
2483 2181
16 1204
1080 54
1207 1731
1655 228
909 186
1474 276
2083 1957
2392 2132
312 415
1287 309
2417 1615
2042 625
1666 2112
2306 2149
1844 46
1338 1977
43 738
538 1639
2504 889
872 1656
134 977
1567 1511
1969 2108
1231 937
2370 2194
1626 67
2139 890
1753 1229
2042 609
1502 1791
1277 580
1540 430
1283 1605
1661 1027
137 669
1668 1225
835 1936
631 299
1283 33
1828 123
961 439
1806 2332
1214 1608
507 1757
1786 529
564 1669
2284 1734
1734 2195
959 801
2200 80
2103 2109
355 1042
2226 497
268 473
2377 871
184 575
124 240
404 539
636 1609
291 1386
334 226
657 1557
2402 1170
1391 2036
2212 2416
33 2153
623 2437
846 264
1424 1026
1866 812
1213 1715
2495 719
2426 708
670 708
283 760
976 624
1334 1507
2110 403
1861 1857
2287 2047
1521 569
2093 2102
2280 1996
635 1088
2258 2105
755 51
2251 2058
807 2188
1774 379
2019 1357
1979 762
1238 778
1162 2341
1373 2128
817 1835
68 1924
1495 846
865 2473
1631 1141
2401 1679
1086 1525
1563 1762
1114 2083
2452 2369
2440 621
1399 2408
1768 2476
1631 2033
358 1763
736 1582
914 2158
2507 429
1568 1971
2037 235
2524 1177
1519 1952
2301 526
1526 2371
1098 991
1946 305
1422 1240
57 1290
2358 85
2298 2491
910 380
2053 263
1358 520
2119 21
849 768
2030 2153
2412 1916
820 1587
272 1726
2510 1085
201 1848
2465 1953
2044 2194
2109 1886
388 422
2511 425
1555 880
2417 2215
1542 2228
944 1382
826 1976
2402 2001
2250 1823
891 1551
745 2241
1802 1852
1394 1620
234 1840
111 2007
2289 1401
148 2087
425 1944
1534 768
1868 645
476 1092
284 915
559 1354
2277 1060
2463 392
2487 2358
103 1022
1589 1580
911 2206
1673 2488
1697 2086
359 1356
1262 2480
1400 1048
1478 2393
1397 1530
1471 2220
1247 7
2164 901
1757 271
224 2399
904 659
483 1509
964 611
821 1639
327 856
2520 863
999 2171
1302 1070
2126 562
1675 769
281 2383
199 952
840 1229
632 286
332 692
14 1156
2083 1935
2453 203
274 243
782 1130
1339 1349
1128 1531
1449 1292
1871 1515
1040 1349
1674 2348
2193 810
1686 2379
1743 136
984 531
1295 455
2521 1267
920 2068
1110 1239
2080 573
1316 1867
1361 52
342 1168
1138 313
1775 710
156 1239
1490 1877
486 1086
1706 45
2391 383
2056 432
1290 389
927 422
2216 1665
2194 830
1452 1600
560 1064
89 1032
2123 2059
575 1699
1494 688
1561 1485
270 224
1603 2465
1671 479
1692 152
2032 2420
816 964
949 1326
1732 2348
2017 1013
2508 1326
442 1145
355 377
1087 1808
77 2444
83 330
1484 180
1575 1792
2126 1505
2368 381
709 813
2472 926
2294 2303
1712 706
1153 330
1594 1362
1642 1781
273 517
172 1432
82 534
414 2238
1035 2330
120 337
2430 2255
1783 1246
1231 1591
2221 599
1965 1407
1493 1271
2213 765
2376 146
898 2138
1370 1061
963 1074
1653 1887
299 1676
1031 703
1203 1887
503 398
725 35
138 561
1707 2270
240 539
2286 2354
1926 1031
581 2455
410 2022
776 249
1400 2388
880 335
48 1567
361 990
339 1036
2060 1415
509 959
1375 631
2301 2382
869 312
392 862
2101 1147
199 1594
925 737
1097 193
272 1621
1043 663
1372 1073
472 1766
938 1434
1228 1314
1033 2501
386 107
1566 1914
1554 1939
677 563
2388 2288
734 672
2450 82
1490 189
1338 68
1499 258
19 566
1455 438
1232 2159
1491 1043
1839 1731
246 939
1324 670
1556 1200
277 1230
2318 131
1084 1943
1635 1267
1171 1981
1902 1809
842 1009
826 152
529 2245
112 1354
1819 1491
684 2144
2323 2104
703 373
595 1131
1326 579
1881 1469
958 1094
2280 540
1477 15
499 2432
1769 262
866 1984
2482 1428
753 1265
2351 8
1365 1633
549 49
1351 635
2262 1616
1892 692
892 1549
1546 1134
2507 2438
416 235
872 1102
45 1890
555 913
1286 554
513 505
2101 456
2249 367
1231 2153
1044 1593
2221 980
2312 1924
659 2184
1567 1111
1946 997
97 715
1528 332
1391 2161
2369 1427
722 1853
2030 2220
415 2273
1081 489
1681 1428
68 650
1375 2306
2227 1111
1290 1736
2286 1159
2479 254
915 2371
204 446
2205 1513
42 1014
2239 1133
537 121
1661 289
1381 2225
1456 76
1136 1689
1049 2303
1000 1167
1245 327
1212 1634
2246 2336
254 763
2029 2268
565 2424
2289 694
1134 654
2495 2041
693 1210
822 552
1858 1839
680 947
1378 1976
1147 256
310 467
972 787
2058 1239
2255 563
2046 817
2192 1112
634 865
2129 2424
237 262
908 2322
2325 2220
1473 906
1175 2378
688 1119
885 1672
1659 2495
1753 1317
1 1299
1656 2179
1815 2124
2271 1916
529 2054
1032 711
1833 78
1162 748
1004 647
568 2157
1879 1291
2200 1811
750 1991
1087 1129
2402 671
123 2392
1943 2111
2167 502
1614 1379
1573 892
445 1848
2350 2258
98 2483
1250 488
107 1157
2149 2227
327 311
2369 136
332 2446
2060 1409
2324 1084
1754 2468
1677 2331
1659 2314
6 892
89 2285
910 335
1886 1794
1296 1601
567 1567
1849 1756
2523 1455
1596 584
995 1728
