2198 817
132 288
133 2275
2136 1565
1535 2391
1335 277
493 2162
1658 1558
1056 594
2398 1139
1884 83
1655 1050
2052 497
1801 2130
2270 1876
1931 2334
186 868
1447 1626
1313 937
1827 575
125 1715
2494 396
79 2343
2004 2283
444 1728
787 2295
1991 738
2004 1870
1425 214
717 1573
2005 2281
348 2485
193 1560
1476 1908
1567 798
1777 531
1210 490
1748 296
839 2113
418 631
284 1496
1594 2393
1800 30
584 831
47 594
565 460
182 1351
2048 1425
1985 2282
2472 439
403 2160
2352 887
187 1961
1375 2465
187 2169
2364 2036
1451 838
1549 135
958 1813
149 1994
1450 536
1617 2103
1724 581
2511 203
981 1330
1323 339
1789 337
1072 2257
1129 1906
1928 286
1172 2102
2262 428
931 439
434 1051
1706 465
324 842
159 2135
463 106
1185 2389
969 1686
1792 134
1628 1043
778 742
362 8
258 2024
2045 817
2146 2510
856 102
2346 1502
1063 2172
476 1309
1909 1858
654 744
336 254
2493 995
647 2485
1569 173
1311 1201
1936 1708
898 1003
1566 1149
662 1502
1485 2215
2104 446
568 1138
2507 1198
1411 89
543 1702
119 2308
518 980
1305 833
2200 1625
2405 1781
924 1946
1664 710
2081 2386
1755 698
1087 734
2352 724
1743 2457
380 2006
30 1549
2332 1542
787 2373
2086 2165
1777 2143
724 1699
1772 1992
751 2071
282 2460
2011 192
527 360
2244 2431
2226 1923
1513 942
1051 1341
2249 1532
1460 2282
295 1682
98 843
400 1173
1999 1063
387 2276
1230 1208
281 2319
849 1590
1285 1776
730 1693
281 337
1925 1730
2380 348
609 1195
1630 614
1587 1226
147 624
2461 408
463 728
1439 946
2040 1130
222 205
1356 2438
1869 1454
182 444
854 596
1123 2150
87 1995
1488 274
708 2524
770 664
2253 657
1330 1137
2106 2170
136 1431
902 720
721 2099
1760 668
244 2042
2297 892
242 853
457 391
789 1783
1673 1387
1194 1928
2521 1829
838 1877
1813 557
1959 832
2368 1109
2160 577
1387 361
2097 362
161 1565
1848 1636
1035 2356
889 1622
1850 81
51 622
227 2102
1301 581
2122 1943
1008 592
867 937
145 151
1360 1132
2420 1091
1368 2086
881 1379
949 1336
673 498
1690 1787
2347 468
337 1761
1605 2314
427 2315
1514 371
85 1893
1646 2397
756 199
871 1585
1201 2389
956 1409
1636 919
271 2447
2168 524
1035 1511
2280 2274
1031 1618
2316 314
325 1907
650 847
907 2306
732 1367
1030 643
1719 406
2179 1593
935 948
2029 999
2298 1455
1482 1284
1861 2077
1904 1479
530 1371
1638 652
1747 147
487 1047
411 985
1863 65
685 139
664 873
1968 87
549 1932
1704 446
1074 1008
1002 355
474 232
2467 1330
1269 1209
1662 1410
770 1623
2291 1074
1787 2165
1420 2266
1704 921
1203 59
2413 147
2010 254
1340 794
1088 311
1723 2340
1785 2241
622 1177
402 1370
2059 892
2483 1416
2351 1850
922 275
920 17
753 1195
1139 1335
2302 1772
1665 939
1010 749
1826 274
676 1810
1615 1863
1370 2520
1214 124
1558 370
822 374
2458 193
1575 441
2491 1225
2375 1569
1085 1907
909 53
772 663
1570 2153
1143 1610
1588 2297
99 454
950 1992
1331 1464
2089 1008
223 176
2053 422
1351 2235
1936 1420
652 93
1694 64
754 157
86 1221
399 2007
427 2243
2217 1435
2297 2039
2167 310
1708 45
1143 327
541 1390
401 1763
359 2254
1660 631
978 2054
1205 382
1097 694
116 1083
1051 1125
3 1541
174 298
1571 1391
2174 1893
923 1806
2423 1704
1676 1019
325 1128
670 1743
305 888
1253 1433
1911 1566
1084 481
80 307
1488 821
2187 1272
2417 201
1339 527
485 1456
751 48
732 392
25 1167
1820 1601
1593 1843
1317 1047
17 920
1247 1759
1771 2386
422 1976
1629 445
1093 439
2085 2023
1369 253
1328 2243
2126 1009
88 1128
2361 402
2200 297
482 1184
592 253
1343 2029
1806 305
1187 2171
482 106
1183 1534
571 1127
1696 2006
2256 2183
271 369
2429 1798
33 1533
1601 466
592 198
108 347
1211 1422
2519 2225
2277 398
1073 185
2310 1298
1191 1141
1985 137
374 2470
516 1270
641 2259
1807 361
696 1769
488 1352
2314 587
1227 630
2 1432
837 690
1852 2499
789 2495
2289 69
1100 1221
2280 198
1227 1711
636 2069
1479 301
18 1597
865 596
1883 1761
502 864
1437 588
1999 16
1735 1612
502 1637
1662 100
1650 2417
582 1184
2451 2486
884 1395
488 2237
1755 2429
1821 2320
687 802
286 1601
625 2194
1546 680
1978 2092
705 677
297 1588
2032 1121
439 1633
1243 678
1930 220
2390 2400
138 2007
860 1294
1062 287
1235 1418
234 169
2191 1184
2115 603
2284 276
942 1635
618 2204
2313 1780
1169 439
2130 1397
1249 1617
892 1302
2329 2071
291 1779
2220 1659
299 2292
720 343
1371 1025
1884 1306
268 2024
983 1358
1354 1728
1787 479
2050 1452
978 880
1840 1678
1437 1272
241 2301
445 2468
1561 1624
1543 1115
2339 1055
1812 1958
193 43
2184 1726
1130 2114
2224 823
1207 1417
1960 2242
1714 2302
187 613
1444 1403
1152 2018
2029 1218
2165 2367
1983 2184
1069 282
703 1299
1672 2117
2145 745
1356 2238
1638 2226
596 784
724 876
231 1954
289 1677
2163 1458
272 431
450 1236
1185 1137
1601 335
875 1135
2167 1603
1118 650
2207 858
547 114
622 2080
1579 2444
39 1328
140 1485
1188 93
1597 1952
805 145
1603 996
707 236
147 2067
2172 1498
965 119
2465 1780
888 2399
578 1787
1827 1842
1929 755
1569 297
1900 552
2381 2472
733 1532
1177 833
302 476
318 1082
1161 1385
126 2220
86 2336
855 1096
1300 289
419 1958
1556 2035
154 2445
2439 882
823 1451
1475 1898
2445 1823
2351 172
1299 877
1490 1365
722 117
1658 6
569 1836
1030 1141
2394 2191
1907 1195
2296 276
1463 875
1138 2509
516 2062
465 1486
1591 2163
412 2204
1767 364
1741 1029
2001 223
1766 878
264 2173
458 1517
823 768
821 1820
1624 733
2381 161
310 776
920 1059
1969 186
690 1848
2462 2005
1544 674
365 1664
1452 850
1014 910
1240 2056
1902 1456
188 791
2195 1737
1191 1221
271 1302
1753 1727
2524 1792
1253 1849
1487 1854
747 1380
1125 51
20 1404
1992 2330
542 1085
1267 585
103 1967
2041 731
61 1942
1382 2282
647 2045
792 1739
2003 2197
1093 913
1448 22
1629 2438
267 1625
1260 975
33 2511
2010 1276
1824 288
268 1394
378 1060
1703 21
2052 2117
1877 2211
627 1776
1301 443
1045 2506
2035 2059
1740 1153
2147 2475
1299 941
331 1510
611 1915
1124 917
439 1512
592 1624
1422 2385
2374 2021
262 1481
669 1536
1120 1533
1512 1436
923 1045
173 509
1289 236
819 2392
1524 860
2210 1221
1543 2177
2100 201
835 1972
1492 1644
392 328
1162 1569
952 1704
978 1916
736 2486
815 163
1795 2037
1019 846
683 373
1640 606
1756 2279
1349 2
1093 2130
680 1946
1688 732
2049 1844
2282 555
1010 1068
2088 603
18 1262
422 2088
527 1321
295 205
2099 992
1095 1882
1725 1568
427 1994
342 948
825 1844
776 1049
2452 1802
1850 369
75 1004
996 1889
2051 2432
1801 1717
1197 723
2108 1346
1739 2217
1009 1562
148 1745
756 148
2168 1114
2371 779
68 467
507 846
1924 1597
1951 125
1567 1102
1512 1987
2493 557
142 1222
1514 1914
1278 636
2323 1019
804 53
1298 1744
2463 1477
1794 2489
497 1187
2108 1004
1329 1706
2114 2105
2462 867
1144 1593
1748 2313
1570 225
1353 912
678 204
945 1920
2106 273
1909 1332
1622 2504
1790 1508
1326 850
1494 461
2411 755
2068 537
2025 1166
441 1296
2314 2165
1265 305
2152 1419
1820 554
766 603
1969 1031
1910 2205
349 41
1690 356
1477 744
554 731
1508 1739
1780 2263
1496 1226
992 467
1404 1023
2367 1982
391 365
1311 642
271 727
240 2278
1765 1376
396 365
1192 2299
551 931
1203 2167
1651 1892
1807 1368
1415 1510
1600 1175
306 1771
291 247
647 1559
934 2330
2240 1435
1787 884
2179 2154
2038 189
2410 1538
1847 299
790 452
2418 1469
2280 576
576 1173
1383 649
1354 2418
788 1357
1546 443
1609 1223
1049 893
129 718
1186 39
1279 693
36 666
1778 1042
1077 1545
1667 1409
39 1540
1194 295
2286 46
82 676
1515 2201
865 2237
2323 1876
799 358
1210 572
1668 1817
7 168
1099 1932
1391 696
203 1223
928 1385
799 2074
2328 1814
161 1253
928 336
689 1666
1411 899
2416 1917
1696 1800
2217 161
2097 247
2435 1470
2337 392
1061 1256
2291 1606
329 277
1899 1878
1322 1726
1229 994
608 1097
863 1856
1388 2313
2412 710
2238 274
562 2163
1643 808
873 1156
2146 1863
834 166
840 570
830 91
81 561
157 1553
1298 2145
1000 780
267 442
371 1647
1640 1036
1266 1378
1620 1922
105 742
2510 392
1942 2017
945 1499
1932 994
2173 1024
1223 167
925 929
1431 1596
566 2199
1373 185
722 1274
436 874
2276 1084
490 1254
644 795
1460 373
1236 1290
1648 1230
458 1086
125 2217
1640 1015
1940 1593
537 2274
593 903
114 1406
557 627
6 845
2034 73
806 863
66 1033
29 1935
291 673
226 2426
1542 755
512 117
2265 879
1610 392
1783 1007
519 119
1612 2239
184 909
1640 2348
983 1683
2432 2229
1876 1903
2362 52
1430 1353
109 499
750 2095
1295 843
2023 270
798 160
1980 1328
1873 673
401 1941
828 2265
473 788
611 2210
1274 1632
1972 918
2280 1956
2440 527
1164 461
462 1978
1098 1647
92 2237
2481 366
1824 61
2432 399
2151 140
1301 2079
1780 1391
1846 2270
155 130
1296 1722
13 1467
343 2058
1772 1356
2149 1846
1247 1605
372 2168
613 140
997 1392
765 2194
341 701
728 1829
2053 1105
932 1902
971 1127
359 1508
2043 1774
390 75
1489 1804
1109 40
274 1820
2391 879
2395 1328
977 646
1543 1253
150 2106
955 126
772 927
1892 577
1680 1729
71 2310
991 2333
2185 59
55 1006
1647 872
1840 1687
1773 1390
1490 298
1965 2177
1839 2396
2181 2342
2149 2086
895 350
2512 859
1285 2185
2249 1091
1830 2143
438 2376
1523 2341
1724 1998
451 1805
131 520
164 2329
138 1425
1998 922
893 146
1457 35
639 787
691 1029
1625 963
1172 578
2440 1696
2440 909
1701 1162
468 1734
466 2006
2156 545
294 343
784 591
1733 2194
2446 1282
1286 219
1027 2156
186 1482
1821 2250
2288 2253
1123 1934
1387 1876
245 735
1165 883
1851 125
2011 2007
1378 1355
2083 1447
1684 304
2259 2510
2004 108
4 296
856 1477
487 2346
932 1766
1077 12
56 1847
716 660
89 772
2118 2012
1745 2181
1781 527
2154 1251
1343 1602
1835 185
1702 1502
1033 2367
424 299
1605 1963
1073 2216
448 2307
1749 673
1028 2289
417 2335
2408 551
884 2118
1445 1573
1002 88
2032 1225
376 1474
2170 2476
625 310
769 1487
516 793
2163 374
1313 319
2424 1901
86 76
1018 367
1267 2455
989 56
1278 612
1089 939
91 1819
1357 190
210 2266
2030 203
499 2073
81 167
805 2143
1093 960
1662 908
46 731
249 2185
1634 519
1068 73
2429 535
1801 791
1385 415
1212 1263
465 2262
1540 2197
2175 611
1264 2373
1049 2224
773 1998
1380 660
1219 2350
778 1585
1066 935
2389 291
2147 2143
796 1032
2233 54
378 904
59 1188
1794 1416
1774 2361
717 97
2271 1731
103 2144
491 483
1974 1531
559 2170
1468 851
1651 721
132 475
2271 914
2096 2229
1517 1957
987 634
258 295
632 1112
1171 2246
2118 1893
418 1149
227 1248
218 789
2391 2524
1948 1132
1272 1551
867 384
1083 738
2472 798
2361 1139
2408 575
1188 286
501 575
2390 2235
2012 1760
1311 1132
629 1555
933 1181
383 0
1753 709
108 2005
1173 1963
1638 579
760 2037
2504 1102
988 565
1646 2118
1136 346
1030 1642
1653 419
908 2099
42 468
2265 336
258 1197
2323 757
630 2394
2314 1077
1339 1467
2470 2212
1461 870
993 2472
391 483
833 306
550 261
1682 756
426 1155
1544 803
151 2119
256 218
766 2342
1241 602
2293 98
729 2395
2328 2066
315 1436
525 738
2000 289
1274 1579
1394 107
609 2481
1657 2232
902 941
1799 254
2337 829
2410 425
761 35
2208 7
642 357
2095 1929
334 250
1674 835
1782 2344
541 1244
287 1418
2068 1165
1905 1625
1391 980
1864 510
2059 59
1120 1751
477 1128
2438 1539
1550 446
2467 608
2284 1545
390 2470
1060 2256
1549 1143
1244 1172
419 1584
576 1197
1207 1952
1911 1394
333 1199
72 777
260 957
555 921
94 570
2139 1197
371 2024
2207 1096
654 1753
1785 1798
629 988
1955 62
794 1102
1244 508
884 259
1565 2232
649 204
1025 1279
1938 1354
2377 983
310 37
1523 2353
2394 283
2497 1813
2294 2493
1877 254
1899 2369
1358 1587
1940 1326
957 429
1471 1206
152 2501
1236 221
1332 1676
1720 715
224 16
2413 2031
2502 1560
1485 1561
1519 1879
1502 548
1280 2269
2460 2382
257 1490
2367 2444
779 1651
461 2321
1701 119
53 25
2057 1851
706 1102
1970 486
1704 182
1624 1374
1645 1007
902 2258
104 1590
971 960
153 1879
593 752
1786 1362
1194 951
652 389
615 1260
1529 1781
2217 1422
1864 2310
1877 1914
861 2108
1870 1905
1358 2251
2119 1797
1341 2312
2016 2283
319 2184
784 1805
1521 1151
274 905
2242 760
429 1271
2415 1154
2070 526
184 2239
1992 1719
1373 55
538 2387
1817 1821
2110 648
1208 2487
1172 1144
1638 2073
621 2474
1771 979
349 810
789 2325
974 749
399 787
47 887
2159 1432
673 1272
874 1216
1162 560
730 873
1049 2090
1268 1348
302 857
458 1343
1103 1191
1493 506
522 1391
927 357
1141 2425
2410 1853
1916 2005
1610 379
2188 1670
809 1710
329 871
2474 2374
2156 1810
1544 683
2156 561
1847 713
1802 2291
757 1220
327 151
1330 2155
1505 2206
182 2036
129 1457
1719 1881
1654 1923
292 2338
935 1360
565 1023
2364 1477
1689 506
886 913
49 2226
2043 1638
1614 1308
1537 41
404 1442
857 159
2223 1351
1332 1927
2376 1195
1170 2307
913 1508
1769 370
1217 1352
1063 325
10 920
382 1201
1335 328
208 1008
895 357
1259 2245
690 1351
552 1883
923 2095
1284 412
227 2364
2507 1882
1306 1070
1628 2173
1345 1746
771 1339
1199 36
1230 1727
1593 641
22 1958
481 2332
625 696
2097 987
2476 1765
257 2115
241 91
1964 527
1758 629
1006 399
2116 501
1293 703
100 312
2480 1989
1296 1525
723 432
1464 447
2004 1578
2426 577
619 650
575 921
1286 226
1750 983
657 1094
1407 439
1188 885
2011 1558
2498 1797
2269 1810
1244 1723
73 2088
946 2270
1589 2443
13 1243
272 1395
1903 1350
1237 1129
836 983
2372 1101
1405 1020
791 1295
2306 2063
596 1369
1689 1303
1352 245
452 171
1050 1069
980 1203
2259 1805
2038 1664
1445 681
2502 1603
1578 2330
2241 1045
184 1401
353 465
2365 2232
2241 1747
1792 1606
549 2347
703 723
1983 2477
1280 2162
1059 982
1612 298
606 143
1162 1077
323 1214
429 641
334 837
1186 837
391 1893
2352 2260
797 1202
770 1866
1251 2038
1479 2335
864 1587
1025 456
688 908
2138 774
210 1228
1365 581
2197 1708
176 1178
2453 479
943 2061
2260 218
186 713
609 439
1687 1765
1447 708
794 183
1479 701
2357 1397
275 2280
2127 2068
1758 1097
1004 2140
40 803
935 644
152 1008
1357 976
2327 1363
2451 1709
1119 1944
1218 2423
2524 2419
1194 2033
1607 393
616 286
210 536
81 1556
2386 2145
490 1062
161 627
1878 779
1134 1356
999 2250
483 773
452 1033
980 1076
625 2196
1871 269
1039 1832
644 2366
65 424
913 167
2132 691
1460 88
541 1270
882 531
2194 772
1226 2109
1785 2021
872 420
2251 391
802 922
2347 1973
2515 1512
1044 568
1948 1415
1863 1209
2382 1951
420 1635
1637 2164
58 1608
474 1669
1 1291
512 559
1450 1566
413 455
1399 1919
84 1250
638 303
468 1255
1547 319
525 1119
1033 1200
1369 2164
191 628
1354 1776
2041 638
1955 2170
1810 1780
2009 406
853 817
855 25
84 41
1363 1343
867 912
1923 1888
981 1583
1069 464
188 830
1907 1973
773 1903
1999 1344
1980 1779
1366 274
1160 495
2444 218
143 1357
1345 1621
1697 1445
1504 1399
362 776
1217 2493
1307 2280
799 779
1072 2394
655 1357
2016 1550
2069 1798
1552 1440
2116 247
1025 2335
1649 268
674 112
1514 1372
1656 8
498 1205
652 1969
500 2387
780 1167
431 1733
2380 2103
1584 2232
2431 1300
1510 559
778 683
1926 2175
396 1659
859 1130
1174 695
240 2454
2434 1698
180 2062
967 1012
1967 652
816 588
2260 2099
896 1143
718 97
93 1617
2408 229
1278 2078
1646 1046
1228 822
1440 1842
2471 538
2284 286
1092 2353
582 829
720 1164
76 2313
573 298
1636 1604
198 2346
1277 1938
1290 1253
1089 489
1886 124
1137 2356
2123 958
1319 480
819 1393
2171 1159
1646 154
2496 2389
695 2231
1964 433
1131 255
2335 1733
2300 32
531 1459
1640 1817
1246 372
1064 1433
2402 1788
1215 1805
1788 2382
444 1920
679 2354
276 370
1715 1298
2503 394
2009 1452
139 84
1129 2216
456 964
961 1060
2178 1058
35 408
117 237
943 2074
1721 683
978 2335
1101 819
1101 863
436 326
2208 209
890 433
1796 906
2083 905
496 1692
2077 921
2364 2218
597 269
2322 878
990 852
2041 2401
1870 1308
1746 568
1705 200
235 1796
432 85
1791 270
966 2455
728 840
1927 2216
934 2497
1796 792
195 1262
2449 1438
285 1564
2332 1125
713 1090
2502 2205
116 318
45 190
1018 1597
680 2511
991 150
1446 87
1496 441
2095 1718
2278 113
1766 1858
230 975
569 2343
1024 395
697 202
2244 1439
1020 358
491 1591
1977 63
2240 1922
2240 1591
2147 854
613 1798
1138 1787
1452 1377
333 1345
2080 974
2362 1523
1231 2018
2358 2015
529 2390
1250 246
2139 1887
1479 1740
1651 816
1415 1046
1880 500
93 924
1785 2498
1847 1215
1868 2274
956 2186
1447 1445
2260 1906
2208 603
2435 1198
852 988
1349 499
272 288
1739 745
1752 1278
1405 2111
209 700
743 2190
263 2451
1034 509
685 1744
1519 2298
568 2229
1281 2189
63 803
263 630
982 1267
1364 797
900 1672
721 2519
265 1458
742 1102
1280 1846
102 2110
531 181
1340 2247
33 2236
2006 2188
1235 1454
1428 1339
913 1667
2113 1412
609 35
1853 1672
2048 810
921 909
2449 768
668 1590
1233 841
2329 601
1566 2034
1505 1256
2076 318
2188 2069
1900 2392
212 1346
2283 769
1313 811
1056 856
407 1484
1635 1543
2166 234
34 998
546 1893
984 967
1681 559
48 584
1578 2385
824 565
1674 598
2422 863
1268 1597
2090 1296
2067 127
1762 396
1491 966
158 767
392 178
1850 2389
674 886
2473 1489
1577 1651
635 1360
515 1882
1553 1017
1650 647
461 103
2034 1711
1331 434
405 728
1907 1680
1717 387
861 1939
1043 1623
1041 1369
2092 323
2280 2295
1121 1985
921 1976
1057 1531
2505 896
1300 1733
1138 728
225 951
63 45
2064 881
1134 260
968 213
1643 788
1917 698
889 2267
1463 1665
1947 457
141 531
152 1493
295 2218
1854 1608
53 1292
2001 691
2358 1230
186 808
453 2017
566 1839
1569 408
531 2447
1183 868
1508 1990
361 869
2082 758
928 304
630 492
658 2406
357 2453
1698 2450
56 1152
1016 227
478 548
1464 1782
1 1049
107 1471
2270 1969
459 1074
729 1168
453 2465
2390 2268
1590 1216
2259 2439
101 2064
1348 295
2108 1565
2236 363
2014 1893
1093 2211
707 1193
2334 2209
1888 2114
770 2458
808 571
1605 1553
1152 2471
831 1646
2316 1742
2508 1366
1003 1295
1114 1878
1835 1534
543 335
2071 1786
1011 2214
1544 774
2047 851
3 2232
890 188
1896 915
899 889
1558 1753
393 508
1986 1709
2436 2428
1331 2247
298 2432
1206 580
1900 57
1528 592
225 2413
935 54
1131 551
680 2447
927 2265
2241 1710
1978 1453
2285 738
378 1734
504 570
1209 1173
1713 1188
320 1819
874 2339
700 946
2060 340
1838 21
157 761
2026 1624
93 534
1328 1364
2297 610
1049 209
318 1115
191 100
635 753
2402 1514
2220 1399
1466 1868
237 2061
51 1187
739 1732
1339 1979
687 1257
795 400
1481 2076
311 2491
555 545
974 1900
73 2282
1037 1855
14 320
84 88
846 398
2310 2427
1956 977
2391 8
1752 18
230 508
189 468
1251 2128
1558 1264
1313 1891
1304 217
2202 1877
357 59
937 1260
710 560
2236 1961
3 1434
2499 1609
1122 199
2303 573
2456 1611
103 2168
649 470
2495 1111
1133 330
1534 555
1445 1444
1556 1676
1554 236
2150 948
1253 1143
1991 791
2453 2013
473 1946
329 137
1284 429
2330 2142
2182 1547
1941 1395
578 1957
165 1291
1184 32
1682 1339
59 169
673 823
1757 939
1554 1105
687 1705
1126 1325
1527 2355
462 1083
1361 1435
705 1296
2371 2461
2199 54
1025 1414
709 336
2046 286
258 1673
1408 1502
825 1288
2457 2312
548 484
443 1478
1371 1838
679 85
1749 2095
1326 1596
259 2452
1617 2289
1240 1427
198 307
753 2233
295 317
1663 1716
534 841
2130 1744
537 369
2398 82
1400 1276
2026 419
2219 67
1762 2429
1117 2341
736 1007
2168 1009
2378 550
1295 2051
1019 1627
2279 1880
529 1057
1548 678
1799 1567
2135 2264
2249 943
1004 1870
1448 292
2396 508
489 679
84 1570
420 2221
2169 1918
1614 795
1153 475
2409 2388
593 887
193 136
86 1755
1875 1902
1925 64
2372 774
1063 1802
1069 2441
1871 748
1905 1948
216 327
594 197
73 402
527 1872
385 224
2212 1201
1840 1437
1604 1953
802 769
2501 1517
380 1298
182 2187
1955 1326
2050 1834
1690 1445
1826 1606
475 2467
1536 439
277 722
1082 1074
351 101
1270 1540
1655 2409
541 2344
2520 2376
344 205
1491 2008
1018 369
255 799
1029 432
1017 1358
829 2024
1133 2251
1097 1102
2280 313
1730 1898
550 371
2481 1689
1669 2252
435 1884
2316 594
2160 1028
327 565
1565 1489
1598 1070
110 203
1686 704
2290 1962
431 1574
867 511
216 366
2432 2349
152 2386
1861 1018
155 2346
2366 2468
1704 2178
2227 1883
1721 1069
160 1149
532 2169
1376 428
2464 217
2437 1393
79 2186
1153 174
114 1339
2007 490
935 2178
369 774
2383 1983
249 2361
2373 2318
1902 1085
1964 1839
576 6
1810 1862
2348 1034
1756 848
1970 1472
1137 2262
579 2380
1575 1258
1381 2359
431 332
1719 1788
1685 522
962 2183
1332 2460
1148 2439
1186 1188
1069 1840
422 1553
1313 1535
706 1934
203 863
489 736
364 1499
1880 460
1301 2219
2351 1968
2037 455
1472 1141
68 864
537 693
414 1442
1136 801
317 812
1573 2013
548 1326
1295 66
1474 1234
150 1301
2360 2193
2255 1459
2377 489
217 343
2130 2116
480 1330
23 1346
2314 983
957 851
944 2194
2129 1290
483 214
2121 417
2495 2074
1322 2245
454 2059
1360 1915
210 1117
327 731
1730 946
883 1651
34 248
2136 2209
1871 1323
1687 1502
2410 1068
2053 2023
2518 2496
311 355
2033 2398
2135 722
1052 199
1335 2008
1946 1637
948 2491
968 629
216 810
1389 2256
573 19
1982 1580
1304 906
875 882
2094 2436
2195 777
2496 1072
101 1220
1115 540
555 403
1204 122
286 1586
1941 1034
2363 2513
170 387
1714 345
211 1763
677 13
90 1971
321 891
2500 115
2161 722
28 1490
368 1311
1870 1546
2377 511
88 1096
805 2283
695 2001
2 154
2231 790
2024 2287
2477 1430
2445 1988
544 1157
1815 352
754 1540
1080 1414
1277 347
1958 1760
1177 701
696 1429
1691 844
1499 1559
322 618
660 1910
1577 1493
980 2132
1359 2337
445 506
2288 1840
95 1354
2031 2136
1110 1401
2397 84
1125 516
2370 1274
2176 932
509 68
2024 1515
1980 1093
1201 2392
442 2049
2272 742
2335 127
2484 1521
42 2192
970 1681
263 2026
403 456
1479 407
213 817
1429 1878
851 940
61 726
2098 2134
1173 1910
1076 676
783 226
1697 969
423 223
214 244
947 2197
24 1923
2428 1582
1288 1001
1693 494
2502 365
1877 153
505 512
201 2397
683 1462
597 93
1773 1288
1289 244
43 705
374 1293
1110 359
1046 1050
583 2258
1409 2522
278 2498
1164 1414
1134 84
111 1099
2372 2186
1064 1648
1808 1994
987 1054
115 1841
1665 1590
2400 1208
116 187
1357 244
387 53
1311 144
1099 332
1464 2369
2025 1758
1314 2386
337 42
1780 1460
2256 2239
921 341
1108 1179
1756 2494
2515 953
512 1157
948 1469
961 585
1875 1235
1002 1494
828 1904
1642 2356
462 216
639 291
2184 2074
1423 632
1602 1138
482 564
308 1326
516 241
2261 1853
326 1161
863 1910
1469 270
660 918
1768 205
1241 1596
1065 954
730 441
151 2381
1981 2295
2107 2478
1129 1137
1739 1371
1375 2423
2051 830
1701 2256
1777 408
2074 1992
1522 1303
1709 1477
2034 1486
810 2418
948 2066
594 2
2102 655
291 1941
1358 1589
1809 1627
1902 2426
340 1601
19 427
1381 949
1390 1189
1132 1019
1265 74
1475 2467
460 536
937 268
979 776
153 262
1722 1550
444 295
2003 778
564 1434
710 854
1832 1595
2320 2133
1180 739
1971 1859
757 2196
1139 1788
1689 2177
1164 814
1212 1314
1469 2458
2330 1729
1466 662
1856 775
1961 421
1149 1779
1125 1642
1684 1695
1783 2025
283 2424
1368 690
2021 1069
842 521
1304 672
677 2195
724 40
1291 966
338 574
795 1747
1894 757
2374 468
1353 1841
1230 667
838 272
461 1320
1781 310
128 1883
414 2196
2015 905
1936 2087
150 1848
1659 850
1775 658
1787 1854
938 1549
1451 595
976 440
1230 833
639 2310
1022 796
2410 824
450 2383
1666 1162
1808 484
796 1787
2010 2423
2193 1880
1316 436
2247 597
117 671
1990 446
1624 1096
1941 599
1584 1196
2493 2339
1164 2193
2125 159
117 768
482 332
1926 1447
1250 2347
948 764
2240 619
331 1713
1569 1361
618 1598
192 460
2162 1443
1083 2490
1527 1436
885 2176
1285 810
466 1990
435 428
1007 2051
28 762
461 1265
1149 2454
2333 1184
2494 1901
152 534
148 1882
2403 1246
1288 1930
757 1755
1620 1121
1971 1872
359 1350
2434 1246
537 2179
666 716
1893 1509
1650 439
248 952
551 125
265 1363
354 1408
266 838
412 1312
2150 1528
1601 1513
2370 1811
1369 2426
993 971
17 712
2517 1494
1614 1214
385 1920
109 157
2368 145
856 255
1066 2262
2250 340
1762 665
909 628
330 2402
2045 2335
1985 1717
383 1218
637 2054
248 815
581 1248
818 1522
1044 1401
467 1576
748 1074
390 515
1314 2141
46 810
1373 1682
2418 389
1719 2492
2391 2218
2033 771
480 611
2420 766
70 1568
488 1728
1138 1023
2475 1749
1675 439
701 1444
1937 800
1452 386
833 1368
2204 771
277 489
1695 1324
1436 198
1006 1304
1972 672
299 998
1452 750
209 1680
1450 1894
1468 912
219 1014
805 9
424 671
2474 1383
758 1469
99 2305
2231 1863
453 2032
1094 1564
1290 1822
260 500
2179 2497
1738 913
2092 609
2285 2227
1715 2136
1286 59
286 2349
179 1928
1222 657
1392 32
1224 2034
581 1266
1196 1676
575 504
1163 1713
1947 80
1557 1382
873 566
2409 1202
2464 1222
2348 1357
2497 124
1382 2414
1118 1089
2427 1806
1875 224
303 1172
2406 696
1704 1398
161 1708
2424 978
1486 2137
303 1344
1910 1896
1812 1158
1773 1671
1457 1970
362 2309
1075 1740
1873 2259
1124 2142
2234 1233
2055 834
158 443
2089 2131
1830 502
225 2167
150 1866
1700 951
634 576
453 2170
859 209
1072 1141
1420 90
2011 1005
1952 350
1956 2254
1253 446
1373 2172
1350 227
113 2058
1148 1349
1311 854
1264 732
1301 194
854 1461
1521 2077
2521 584
1976 1885
102 951
2254 1115
1626 1855
388 219
721 2168
1309 686
872 1540
1108 486
428 1799
470 2365
507 2243
98 1959
698 708
1998 1807
2217 1648
1560 618
1827 271
1812 154
1413 184
1238 286
216 1186
653 1831
1102 1147
239 1838
1466 1232
2166 1297
328 2174
1890 1507
1072 1452
652 1822
1391 2454
1069 1513
1759 2231
793 1508
1897 241
1515 572
1072 149
570 1831
1306 1006
218 1948
2090 2346
1903 1616
342 2086
583 1328
2149 82
1178 163
1049 350
2362 2098
379 2423
480 1860
2423 404
679 1155
740 101
2387 2038
1797 544
715 1081
421 2496
2476 1944
1273 1792
559 1621
344 2105
808 2465
1410 2200
1305 1974
1795 10
739 1395
407 1148
1043 1348
1355 1849
839 1232
1783 1366
75 2404
1623 1494
1898 248
2255 895
2101 1730
472 734
995 340
2466 112
381 1488
2147 663
1455 1541
2300 391
1489 1559
1578 1880
713 2040
1237 1964
1054 2485
2302 1072
2005 497
564 736
1366 42
2085 608
272 929
983 1947
1986 1509
651 948
182 309
245 2523
1350 2297
308 334
1389 1793
1265 2130
2179 2098
816 2065
1479 864
2199 534
2002 913
1749 1403
1585 1156
1125 2437
1886 1530
1787 215
1647 108
2309 2382
2522 1807
386 1444
2255 2306
1687 1594
268 474
1762 331
236 157
1806 732
2454 2365
2494 99
10 2339
345 323
1794 2286
1443 1707
1928 2073
2014 545
1387 892
1054 110
805 200
2435 1840
252 1868
216 1697
40 1751
777 1203
30 786
1738 360
2040 156
1264 44
2486 2515
1725 844
448 1962
1576 2194
662 1674
232 11
1590 17
2202 494
1356 1192
984 7
1997 368
625 2119
1807 899
1627 1460
1087 220
1089 1114
2027 1228
1768 1592
2276 1901
1969 726
1353 2291
387 1687
2492 62
1312 1876
2231 1258
2447 2042
60 2099
444 1486
1510 2382
1511 2224
786 1557
1451 1477
2231 1904
1717 221
1465 1683
771 2386
1089 677
1197 180
102 2188
137 1774
1725 2017
17 1657
1508 134
957 1099
2480 508
177 872
774 2317
1452 907
193 1028
922 1319
1539 956
776 2497
1749 841
2256 943
97 192
1758 958
1991 955
2156 2137
860 592
889 1992
2060 421
1188 168
718 2156
1233 711
287 835
168 634
724 514
1543 1432
2262 1915
94 1207
808 2275
588 262
1247 962
2517 219
2269 1892
2278 717
176 2013
1553 105
1398 1753
1356 1415
1105 1880
233 1451
1097 1324
1976 2233
633 1641
885 931
916 2454
358 2446
1796 1844
298 2337
2140 1331
1598 1438
2017 762
803 1527
1967 1170
1886 1244
246 332
265 251
980 363
1282 625
1919 2383
2070 1805
2333 1987
1500 212
1225 1198
2346 1858
718 1657
436 1825
2225 1508
1244 2327
2007 1509
948 416
1524 714
79 338
1031 715
338 1588
497 241
1015 1764
2155 1138
1756 16
84 2177
1038 2337
17 1641
461 1386
98 2414
222 1650
2272 2389
1497 2190
2103 2006
52 1862
2275 1825
2069 1845
16 603
2340 1402
2283 2178
1856 345
190 1640
780 497
1482 2508
1264 2116
249 1998
1184 2381
920 796
1898 1355
1239 1722
1876 2258
128 385
1761 1980
1833 2505
1914 2281
207 2362
277 1495
864 1708
260 2175
1157 1474
1122 164
305 450
1626 629
73 399
1751 2419
483 2250
1253 511
2253 2445
1914 955
885 1855
1056 778
2454 198
366 1728
1317 1748
1528 23
836 1375
2487 2411
13 853
2187 1927
2314 2113
373 1778
2072 1743
195 711
1304 484
2334 1073
2056 1919
1506 1795
2205 16
487 481
2200 1512
2140 1031
2086 960
1027 1351
1165 3
1787 2233
2516 893
482 597
156 1371
1753 1331
1033 1495
2033 506
1897 416
1104 1473
1480 1638
2195 1862
736 2498
1500 935
960 2502
2296 288
2202 437
945 1418
719 1544
801 521
1612 1857
555 948
1442 1945
1728 440
2006 1028
1139 1752
764 1444
1411 1298
1627 442
415 1712
1206 27
81 2027
732 2249
1068 1527
596 1422
958 2082
422 731
93 1495
2163 692
2393 868
1261 27
200 1163
101 494
5 1544
397 647
333 877
1708 2139
612 1065
1008 2412
1509 1091
1467 1194
879 1519
846 1612
1735 2490
1524 189
892 1370
1501 2230
2041 1049
792 2293
201 1248
1020 2443
1236 1780
1714 2347
1159 1790
891 1826
1848 942
1651 804
1335 763
690 267
2267 571
2197 841
792 1981
2361 531
1632 1614
2364 1454
2041 1890
727 1997
155 2118
680 1464
525 1784
1663 1488
741 2211
2039 1474
1196 2303
374 1268
981 1499
1770 78
1200 921
892 321
2161 726
45 1915
1324 2437
2497 1533
2130 968
1988 2367
551 953
1174 328
1526 34
2512 368
1336 879
1341 692
1554 2256
239 418
2335 656
13 1145
1395 854
1942 403
1203 617
2355 970
1613 676
1860 2330
1259 1012
1753 386
730 373
202 200
836 1828
1028 2111
1832 2377
2371 2244
755 1117
270 916
84 1718
743 2078
2127 1081
204 1278
1777 22
2008 1102
2170 198
62 902
386 2125
1625 2073
156 1397
2134 177
1301 1839
1892 575
1798 291
399 2391
2220 1408
2305 625
2193 1576
1179 440
254 425
2046 1949
1073 1609
1775 601
1356 526
1152 1611
2474 395
941 2296
360 1110
1149 1348
840 451
1598 346
2515 187
1506 2007
1147 107
2366 2029
297 1825
507 2304
992 556
2259 199
377 52
2130 1467
693 2281
1264 1754
644 642
1027 1196
866 591
2320 240
1509 1699
2193 1877
2233 1251
2110 1552
795 2484
768 74
443 326
1655 2026
2514 2160
1012 431
1028 1542
527 907
946 56
1302 961
149 219
2421 2246
482 780
647 530
2213 223
655 133
533 124
1722 536
2023 891
2351 2222
2345 24
2242 1151
2281 1632
1232 918
1439 2072
841 1289
736 568
2003 2207
1029 734
478 1805
1626 1666
2062 849
2121 33
1032 1840
1228 1120
877 1049
2138 1570
2256 2318
2230 1771
37 1295
302 1260
89 893
2049 206
2456 1000
1114 944
235 1599
1692 149
2316 756
2416 86
655 721
1347 2453
2251 2108
1338 1181
1876 2299
1937 2370
617 825
271 164
1801 556
1707 1599
1484 1751
443 16
1446 1832
1629 1144
1856 942
2367 2206
172 622
1816 1761
2204 1761
2172 996
164 2273
710 2279
183 693
1155 1898
215 2022
3 1925
1673 134
361 239
1025 458
947 425
454 1114
164 223
1087 1054
1001 649
2024 2395
600 247
1290 2368
1756 376
1369 2272
1262 1494
8 2151
2016 2115
144 2213
1926 790
816 632
2048 2313
541 1530
2363 2160
2237 714
2308 2283
1895 653
408 1968
1280 478
398 336
1007 548
1544 885
249 2516
1509 1399
1270 1229
752 1075
1019 2360
1321 1388
91 341
1715 374
243 536
1040 912
517 693
2389 1497
1168 1217
700 469
635 2136
2091 1678
1028 2470
2142 2308
1109 1923
1350 1832
1545 919
813 285
42 1672
697 25
2218 160
2158 1950
203 1762
1474 630
464 744
1710 579
1282 2383
499 386
2389 1692
1287 1049
1265 1163
2505 1838
97 2043
2506 2373
1206 956
895 2129
1422 331
1143 830
1416 662
1339 1472
1145 1421
664 1257
1674 2292
2068 1552
1817 1717
1362 614
2342 1715
1557 1325
2155 315
2015 1729
325 979
1827 569
1402 1796
1229 1834
884 957
929 910
1409 1816
705 2051
2379 138
647 1220
247 1073
923 1960
2391 1405
2188 310
2519 1123
549 2390
2113 2434
1887 756
2506 107
679 1433
1421 580
416 1043
487 381
1056 673
458 923
2141 1318
1004 493
1064 893
2045 521
573 969
1103 11
2512 1536
1115 1694
2355 1533
2038 915
2162 456
1268 1217
1452 2222
1233 2178
2251 1611
2451 860
1253 1711
1836 718
1364 797
810 2212
489 2032
1220 2500
574 1038
833 877
949 2114
164 2404
159 849
2328 2348
1257 892
1251 1688
755 1227
1166 532
797 1192
149 1469
1005 2488
849 755
134 163
432 1308
1757 1090
1061 1923
933 2407
1803 305
456 561
73 2380
0 1929
269 808
1014 1137
398 1212
24 84
15 927
1055 2326
2244 399
602 249
1519 104
1523 258
1559 2384
221 1491
2395 2169
1108 2410
2244 1100
1717 1958
1243 1656
1118 2482
109 1990
2047 330
2212 514
1924 1761
127 2257
2202 237
2092 160
1057 399
1057 2333
2209 442
1899 587
271 3
1277 1470
573 2469
913 1272
1538 1577
2355 450
324 68
1924 1718
1843 1626
1178 630
1959 303
1571 929
2360 1782
839 1202
533 732
571 2151
1479 1919
1898 1871
2386 2298
1528 720
2235 1682
696 2298
2131 1806
1189 1672
2212 632
242 583
634 360
814 270
1019 469
186 2459
124 2130
1243 713
710 2358
2264 336
2259 662
1859 2448
369 987
2051 1090
2146 448
468 783
2247 1235
338 1095
1414 563
2168 2030
662 760
934 1766
537 99
373 1255
60 2464
173 1731
2276 2430
1999 815
2482 1750
2413 415
1800 286
1271 2217
1475 509
2042 382
31 1522
2427 293
399 1312
2344 933
2195 1131
486 424
1846 1564
2490 1549
936 1318
542 2347
105 751
37 2146
2399 1081
644 1870
1848 2396
818 1612
132 1769
1789 1406
948 841
176 262
1959 129
1792 795
877 1842
2454 2094
855 1195
1782 557
1151 2430
1361 1462
2300 2176
2513 1985
2052 43
1314 1273
1705 738
70 1693
2435 892
862 2344
833 207
1969 2219
1777 2447
670 767
1222 1243
1270 185
240 1611
1354 2060
1579 919
2072 1289
777 1766
1527 1855
1340 1408
2100 944
220 422
763 63
2307 1454
1694 1705
249 2008
287 2424
357 2483
846 1983
148 1474
176 2270
2005 1339
2331 233
931 1720
1408 606
124 751
2029 786
1430 920
1685 2477
665 445
2052 342
535 772
115 2176
253 352
1852 834
158 2167
326 2288
1027 1618
1617 2021
145 383
1812 2085
1409 1977
695 1292
1118 1742
1441 2454
1335 289
1695 2413
1937 1280
840 2446
747 1550
2153 396
2241 690
1331 530
727 306
768 1332
1164 1756
1165 1733
1559 1086
503 1927
2041 171
99 2284
2079 1226
1246 1036
1006 1803
1120 660
2404 544
714 2358
1090 2252
1839 818
773 1068
877 1948
1185 1585
2478 1458
2117 1244
1075 2343
1264 1926
285 385
1102 1219
1486 1539
2349 1930
2290 752
812 352
2328 424
1467 1073
1673 2487
161 101
1014 586
2366 1230
2227 491
594 723
1823 2268
116 2494
286 1764
1402 585
1007 112
381 758
246 1490
151 54
15 1447
2190 252
2208 599
531 1491
738 444
1899 17
2017 1655
1627 145
1536 2041
2019 1521
115 1361
321 2213
2219 462
1988 2398
2093 941
2320 1434
1667 2255
2468 1271
676 579
2082 1606
1297 1983
2423 2062
2462 2020
1062 30
845 578
667 103
1720 587
1095 2338
2411 787
780 347
1192 603
1298 416
1682 2236
455 2240
1186 1115
375 2246
2516 461
761 1551
163 1754
983 498
174 2409
1808 2354
1408 1018
1020 1139
331 1602
712 163
221 1924
1858 2331
1359 2074
759 1905
117 284
355 1320
857 2519
650 160
217 2456
1799 1950
883 1998
2367 1296
1141 1716
522 1478
1351 2145
2504 6
864 978
1214 2046
205 2039
218 115
1603 137
1847 771
1871 2137
556 1132
1102 778
1040 1655
2021 409
2366 905
459 473
2514 1608
1191 638
989 1547
600 2424
336 1056
956 1929
1163 226
2506 672
838 1974
426 2078
766 1544
1037 1809
259 48
319 103
292 1666
446 121
101 819
2329 1829
189 1410
371 1472
603 1262
1993 1125
217 515
951 2432
1863 1016
2076 824
339 1156
2487 1549
1160 2155
844 2022
209 150
1888 870
897 400
1727 1493
1124 2383
829 681
581 1525
1914 1287
1011 124
629 1559
174 2028
529 85
697 130
2364 205
2103 348
2300 221
2448 1774
2248 2218
1961 1338
319 1548
237 2198
1232 1038
1352 49
775 1344
597 764
1990 55
351 1252
1884 2068
1714 1826
2114 90
2301 1412
1636 2294
604 519
73 1729
2160 2338
147 2395
2284 293
1961 1896
2485 2166
137 1871
1774 2028
55 673
1766 1499
466 1417
1027 1955
142 1865
1650 2210
2127 1612
2212 100
1601 2078
1752 1530
1257 2260
898 1931
2178 1323
1754 688
1084 1810
928 1983
2505 1801
1524 2174
1574 1415
599 1174
1511 987
1936 2206
873 1291
1928 1267
1744 364
1009 1111
2298 1323
2278 1938
250 1440
235 1557
1425 2205
1663 538
751 1179
2089 2112
1849 50
172 1363
2225 2501
2378 85
1077 1105
468 1182
1430 1935
2486 354
1115 2136
668 1882
2446 1094
1862 147
558 1530
203 1087
1806 577
1991 2301
1230 2438
208 6
2107 600
1464 2061
2496 383
401 699
2409 718
1684 1143
1789 1693
1287 866
1830 1788
1323 1889
1704 357
750 1538
838 94
1340 1669
2095 758
2355 1951
1774 822
1535 860
2085 2355
2020 670
1245 2176
935 1156
1077 2261
2004 1619
1974 62
849 848
1219 657
2160 1689
1695 136
1625 239
1777 1507
607 1296
2210 2178
554 2367
288 500
541 840
1342 1427
1904 1225
1191 11
1676 785
271 1000
1458 1794
1443 1405
136 2503
1683 1111
1348 2005
1831 383
889 1595
2186 1959
1804 1855
1556 2467
89 1875
1034 179
1462 40
2278 1278
1756 2479
762 780
1479 1475
2454 2192
2071 541
2050 1388
1452 488
1451 2467
1944 475
395 1387
91 1263
2154 1477
330 1238
1787 27
880 995
900 1365
753 911
2271 1495
1177 2512
673 1059
947 515
1219 2115
2203 651
379 1556
2355 2298
2085 1046
1706 1954
1139 1008
1042 692
1674 1144
48 891
1748 2295
2163 807
1561 1570
565 2223
1931 1027
1002 568
2171 323
1139 530
60 674
221 1690
269 1654
1019 1029
2334 581
147 1519
1670 116
518 403
741 278
673 2217
1737 2479
1116 1014
2409 1652
1546 28
1187 1404
1772 1135
48 1265
457 970
1974 944
1705 2187
1584 1050
1642 379
176 1232
554 1873
774 726
817 1260
834 924
415 126
54 2064
1610 676
931 2295
1712 1793
671 1289
1418 977
1823 285
930 558
71 231
1989 2239
1646 329
1635 2274
2087 790
1809 1647
310 1915
1123 123
353 2089
1654 1099
79 1913
1654 2069
702 488
805 557
2297 66
2204 476
775 1917
51 756
195 2350
1846 272
335 2462
652 1840
899 2124
1368 2155
1935 1014
697 931
2494 1606
882 2506
1473 378
34 1254
802 1959
1711 442
213 2291
2230 753
545 2361
1883 1598
2471 1218
1461 1286
7 2372
1909 544
1714 2468
30 2143
877 253
2512 737
410 1852
343 620
38 1416
161 382
145 1299
628 640
76 1622
187 914
2499 1442
1639 797
2405 1340
1191 2397
73 732
6 1137
358 2116
1032 264
2389 1475
1342 1620
1528 1302
1377 297
356 2023
1398 750
2051 353
1773 1707
1535 1458
538 1416
2313 653
2161 590
830 1784
1336 2280
2519 1844
995 2247
279 1988
73 138
400 1337
43 341
796 1796
1607 871
484 2409
2519 1284
1534 1608
1491 1391
1229 489
2007 446
167 1854
1101 2152
1212 2339
2149 2470
1385 280
2264 1107
2387 243
1448 593
863 2176
1817 1859
1770 199
535 936
1551 61
396 675
2189 849
2330 590
167 1638
699 207
1856 1573
2396 12
308 423
2123 1930
2030 773
2001 1997
1314 2220
1418 1284
1802 981
733 2153
518 2158
153 1383
1562 1156
641 362
203 836
1744 1590
1681 1964
1117 798
914 289
1567 794
2057 1917
321 879
1508 2418
1094 1420
2382 1756
1494 2459
2047 1965
1303 2203
1362 1208
1766 1855
700 636
1525 2386
870 1094
241 2205
2461 1681
2075 294
1157 968
779 1982
28 1129
56 2098
337 257
547 686
927 2385
2340 1145
293 1853
175 1480
2369 1639
1600 2462
2070 1450
2456 2346
567 1215
8 1182
1398 258
968 311
2524 780
2459 1651
1778 1377
1490 2175
2160 165
973 1352
1377 801
186 2041
1065 1031
526 1123
1763 1022
947 22
77 964
1656 374
284 2140
2118 1723
2096 2492
1010 1692
1724 1160
302 1324
2289 463
1120 631
540 2163
1295 1988
1632 2197
315 685
695 1676
253 493
39 696
2343 843
2269 425
1981 2316
1037 2050
1589 1368
2068 1287
124 160
421 1595
473 2045
2308 1293
939 1140
2416 1474
1415 529
707 2297
964 284
36 2250
1749 952
303 530
1653 1474
1497 2479
1434 536
790 144
551 922
1240 2358
2288 1334
663 137
1001 731
1513 1860
1552 1774
700 746
5 2441
478 798
1022 1183
230 558
913 2013
634 494
1172 2034
250 16
1832 1537
145 578
1259 1936
567 1583
2373 2364
2167 2050
1231 405
156 1950
1461 2401
2310 1170
1775 15
375 1056
1442 512
2205 1023
1339 541
1415 636
331 268
1094 2483
1939 219
607 2458
1715 1343
2246 1660
1767 879
2108 2141
712 1044
647 123
1257 1817
733 757
406 2414
369 1270
1641 2524
1388 2166
806 1326
1665 73
362 65
2137 1089
1098 2086
1095 585
479 1745
1799 1894
940 322
543 2082
326 2066
651 2066
1617 2212
563 534
272 1280
572 600
2391 544
1720 1320
765 945
1364 311
1955 982
2443 2296
1845 195
1425 569
1143 470
1082 722
1 1641
1358 2331
1482 565
925 2369
7 413
1125 1403
723 933
220 2433
619 1371
2054 2293
606 1898
44 1040
1170 2368
1917 0
2327 1504
1512 740
47 223
1568 1074
1668 66
1451 1410
893 84
1296 207
1920 806
1163 1167
1018 868
76 2384
923 2135
1661 106
2113 32
1978 2147
826 1557
775 410
714 1326
929 2248
1388 481
1510 789
1717 1455
2042 601
1266 2278
1921 599
92 1276
2020 1913
687 1441
160 1350
436 2149
1490 63
2482 101
2288 1117
2221 1165
1962 1684
75 1967
2011 643
1468 2222
335 1370
1560 1297
1399 1532
1209 188
1803 1668
1535 2164
722 49
2006 1899
704 2004
2256 2065
2240 1963
918 1519
2478 710
2111 55
292 32
260 729
1704 2516
1666 2175
751 2393
217 10
1845 664
2143 47
1999 486
1060 2103
953 1612
431 210
335 2206
480 311
2506 820
1141 771
534 1062
1632 1412
1603 4
462 2098
454 990
1799 1012
213 1218
56 232
1704 2440
426 2112
2483 662
773 1297
534 1759
1673 1960
2200 1424
915 1695
2106 338
785 1682
301 890
102 1152
1167 1531
2485 1312
2367 2258
397 1828
1340 2047
627 2225
2022 2396
21 592
2373 1416
124 1592
2378 2061
1085 2202
1587 414
904 480
728 255
43 2279
2507 2101
403 830
1576 2330
1642 1215
2173 833
1144 1164
1489 1358
526 225
2231 1539
207 1265
879 1214
1381 1185
490 2350
403 1439
175 1295
2458 1902
185 2341
1392 1705
226 2025
2076 1338
1566 485
2010 398
971 1158
2448 1176
2359 2143
987 1581
1344 1273
279 2179
169 1379
1782 1590
577 1730
46 2342
1960 2152
852 231
1380 1510
1010 2506
70 226
2325 2250
294 278
1824 2414
1068 2365
1034 1038
2234 2461
1392 716
1045 1736
1303 273
185 929
108 1492
2264 2238
2254 999
598 1301
1880 186
2255 334
586 690
899 1880
1781 780
2387 1180
281 1867
523 409
63 1562
210 1759
1354 986
807 149
2430 181
1861 2148
2210 1904
29 1041
448 220
2344 750
1942 1798
2448 2506
356 872
1760 2421
2490 2081
1426 1305
377 2163
1364 868
982 2402
1348 1141
2107 151
1912 2362
493 2289
1126 1451
163 1499
1243 2460
2284 2127
1259 656
1771 1234
294 1404
1065 1870
2356 579
369 449
42 757
6 2165
814 785
1422 1997
1606 652
2425 1151
994 62
1820 1808
1765 2269
618 2218
261 699
990 1888
1854 660
2081 1198
2073 820
2490 2287
1652 1504
1639 1189
622 1243
585 1453
1570 58
565 366
1422 411
349 1680
1732 992
1096 2443
2047 2299
2436 1638
1215 1499
306 42
1217 1236
2342 1529
1718 168
827 1393
356 2052
123 990
17 469
1486 2433
2156 1426
66 2279
1963 1537
1286 658
1715 225
345 146
2208 853
819 897
867 1844
2448 1138
1203 1136
267 1328
2175 1761
11 134
1002 26
953 1792
2367 2217
1650 441
422 345
1148 1397
171 8
489 1472
658 1354
247 2212
1725 315
222 1809
371 1625
1055 1392
1868 1978
2309 1717
732 1259
688 2185
1954 2247
362 2080
2489 785
486 500
1530 2492
1136 1267
1029 327
1715 1147
660 2001
1492 1324
826 1249
2115 1755
1363 2493
1304 361
263 603
1779 1660
880 1115
2523 1544
1031 51
1458 523
710 1057
777 810
1271 860
704 2014
1798 2134
924 2249
2420 626
154 379
1336 1790
559 957
181 136
2134 1816
1652 1180
2043 57
1909 1948
1916 1865
620 353
86 573
2146 915
1060 2234
114 1039
540 432
2281 644
2384 1608
716 1183
428 199
269 522
1281 1571
427 1676
1039 295
2066 1096
786 2032
45 12
1727 10
2303 1831
1461 1052
1242 2178
1199 1332
300 493
2453 1857
844 1575
59 219
2505 655
823 1934
1376 1636
2279 2483
1732 1726
1867 1880
1070 2400
1221 442
2320 1464
1035 2146
943 2016
829 483
802 2126
664 1095
2064 282
1405 1864
61 1444
254 1522
414 738
2500 133
1375 1350
746 2410
419 430
2489 486
486 1221
937 1412
78 2199
1149 802
287 758
2328 940
1668 342
1793 1610
1096 420
1554 2058
1644 1496
2256 257
1409 2179
1468 2250
1200 390
1609 2323
540 271
1140 1179
1944 1921
1632 326
1140 2207
2366 1285
245 520
401 1303
1833 254
793 142
289 2154
2380 2150
154 953
1093 1767
1017 23
288 1658
1144 1492
1106 2309
2039 462
640 1560
993 1603
454 959
678 2255
1766 2208
770 1507
433 618
70 1862
1122 1664
2059 338
2347 825
993 33
1842 1708
1425 962
2288 1645
1264 1574
2160 2089
1400 1624
873 969
179 449
1204 385
1662 311
851 1557
576 585
1630 635
210 615
1180 1579
2196 1588
1063 2326
385 33
400 2352
773 348
2118 611
479 2452
1587 36
800 79
1384 1773
482 2503
1728 317
70 386
163 1437
2156 1719
2048 436
816 283
936 856
1807 2065
1027 708
1594 707
2033 2249
1220 1151
2102 45
943 1343
1285 2332
758 292
820 517
626 748
752 1349
1904 2436
277 11
1979 1981
2392 3
1310 345
2161 2159
1819 608
2446 1067
1172 11
196 61
1183 96
306 1323
1484 2095
1205 199
1407 2328
857 1487
688 997
448 2232
2350 1997
574 2223
2044 1501
1074 2018
1614 1871
1991 522
1601 1583
899 1085
9 1012
90 1964
1578 1348
289 1826
422 2462
785 1112
1002 1897
598 1085
384 953
1436 545
404 1330
626 971
401 1376
1547 5
1702 2144
1323 373
645 1977
1712 589
1988 2280
1718 1568
20 1912
2444 2133
2287 368
127 1555
1355 311
2469 685
1718 1293
395 1817
1700 1762
1077 1749
213 583
349 634
2035 881
98 321
2013 2284
2237 262
1747 845
883 1607
1346 1330
107 181
689 1072
2014 613
400 1573
2306 2431
1342 298
782 806
2218 2217
1925 1640
482 924
112 1699
1046 1477
900 995
1116 552
378 1168
1155 101
1075 2347
1120 1188
1789 1294
572 1867
1069 230
1610 974
1597 1317
2184 241
236 1003
1201 2224
300 2201
1882 1777
190 911
2154 1910
823 1382
106 1965
1121 1898
1403 337
423 1041
1844 1966
2000 1730
2157 151
929 2502
1531 1135
1255 172
1128 950
1058 243
1707 1370
1784 2327
1669 204
62 2366
2180 282
1859 284
1571 598
1146 88
502 2286
434 505
1086 1737
2307 1793
567 2216
1751 274
1103 281
582 1061
908 967
633 764
2305 431
885 1189
1818 1906
434 2381
450 880
499 805
942 2014
2005 1337
1601 1650
1449 2485
2220 778
579 672
674 2493
463 27
1782 1335
830 1500
735 2502
1061 464
1442 1316
260 2042
439 2096
482 747
586 353
586 776
1850 303
635 2524
2360 914
1196 1884
690 1983
422 1185
1311 2190
1635 1755
1360 1894
868 1717
1789 431
393 2009
369 177
1017 1673
728 495
1515 2246
1541 1988
1343 2135
1103 2359
2321 339
1627 676
2255 2170
659 624
2177 1686
16 1132
1276 783
974 920
288 1671
1554 1843
1677 2178
2059 916
358 356
355 798
2189 2496
1107 995
387 1402
864 439
2396 1439
1163 1846
2468 1340
78 1964
1765 654
1854 297
1582 1411
868 1169
2443 1256
1348 1502
2099 833
1686 2497
1939 1138
1265 777
2168 1392
831 2176
1073 295
848 137
1741 2376
1155 193
1519 1141
1510 323
436 901
1919 26
673 165
479 529
1138 1775
154 2113
2414 2176
516 667
8 1554
2134 1563
680 2320
1820 2162
271 856
2062 239
568 479
505 535
1848 2445
1241 2303
40 22
2264 2218
2373 2456
585 1221
2521 763
1545 644
1428 2220
1758 1854
532 988
316 2341
1763 1539
1691 496
631 870
1075 408
1884 1521
733 22
20 2103
1925 224
1415 2351
1844 407
2138 936
191 2427
2303 444
224 1391
1298 2257
1310 1662
1040 1723
710 142
1038 1997
477 1683
914 496
430 525
2168 2269
1794 1927
7 10
1491 472
798 1227
1922 1233
473 2210
75 570
1077 90
2360 1735
718 475
1616 393
268 1291
2280 735
1143 63
658 970
2164 2029
284 133
1311 1423
247 2331
823 126
2119 1686
1064 2122
2252 202
389 147
878 1914
562 2308
739 2143
1150 839
1257 623
929 624
2052 395
2264 978
1373 2482
1101 1643
1466 1662
2384 1142
569 1442
889 1808
444 742
1923 1869
1657 1057
407 1770
1289 1061
1958 732
1599 1694
806 567
122 339
370 2095
1738 654
1209 91
817 783
861 2051
618 1155
1812 1141
1159 2132
1044 2100
602 1152
2449 175
1454 693
269 1231
712 1643
226 559
506 1293
641 2222
1118 831
253 1045
2056 1943
2203 1196
1570 2064
1057 176
393 1277
2115 528
159 197
739 629
2115 343
1399 2467
36 1216
1201 72
1696 1891
221 1410
799 2331
378 657
916 2123
1993 637
193 2403
2154 1404
1352 1015
968 1762
644 410
1422 266
1104 111
1581 287
1305 1674
232 2421
1611 828
659 1830
1593 1349
1688 1596
1686 2104
2119 1897
1324 737
2366 1120
24 2091
508 2148
557 1579
156 1018
523 2325
95 1977
1290 348
1853 2203
220 1110
180 1578
33 16
2435 1706
2181 2145
136 647
361 112
77 1865
649 1145
1494 1751
1784 1435
448 1740
1634 2387
1267 2027
2131 587
1813 1968
91 2071
2317 1979
362 1679
1437 2414
1083 569
517 1103
2389 473
152 2386
882 1114
467 1945
1570 2353
377 1053
486 271
1569 1195
1154 301
1248 1959
1109 1951
514 748
1557 1343
77 1625
472 2422
914 510
319 1580
1278 513
1673 331
244 227
1203 2377
1443 2272
1577 375
1680 593
437 1229
1616 512
525 1976
2060 293
534 48
675 102
2165 1063
488 1676
2309 2441
1173 2313
1872 534
2337 1211
337 143
1524 628
713 264
510 2359
2122 1326
673 1295
1602 2180
2416 388
994 818
1820 1336
767 40
2299 1656
1122 1675
1312 1248
1408 1114
910 2307
922 2098
237 922
1612 1491
475 2181
403 66
723 422
1325 1546
1709 686
1846 1682
137 421
2409 1975
1089 2235
411 1952
788 2349
1610 1683
294 1561
1746 1085
2071 500
867 1830
1362 2214
1845 574
109 1966
1343 770
322 375
657 302
69 570
982 1971
1613 835
1487 2522
531 2330
909 1162
160 2231
2371 2463
1433 1446
648 1651
1893 1660
1855 1168
499 2202
16 2240
1248 113
1393 2416
959 822
197 2357
739 1222
664 513
2231 564
925 1482
905 500
2197 1731
2034 2520
1529 595
2043 5
1318 2513
1229 147
2127 2104
2210 212
193 691
542 4
934 1000
865 2425
1852 1253
853 776
626 958
696 879
2345 1854
1939 70
898 632
1243 2183
2056 1067
809 1360
733 449
351 1537
332 846
617 1036
1965 857
2490 908
1908 1306
1452 1188
1492 1799
593 449
486 1783
1936 1970
2169 1918
2229 397
2022 1671
984 2426
2358 33
1139 1304
1867 1120
315 1093
1792 648
838 1655
1316 1264
1953 1854
1673 1833
2096 1046
428 2458
2186 2484
1469 1778
1434 1893
1095 1315
1598 1864
1084 356
485 240
888 936
2027 2372
522 233
1497 2071
697 2025
121 2095
1193 1504
2329 2428
1382 2156
1517 1448
2329 402
717 639
1741 1523
589 278
536 663
2297 606
985 1201
2365 2244
1511 688
1217 2462
2031 584
1505 877
83 1584
1795 1948
1476 2030
1323 2363
1017 513
821 570
653 579
290 562
1435 2116
1534 1194
1296 1686
1670 1026
984 671
1695 542
1337 2462
806 1168
2115 2415
1692 2064
2400 1443
1291 1361
352 1793
413 2386
1077 1540
1674 2254
448 1679
2123 297
500 2146
1277 1861
1887 632
1428 1619
1725 899
2406 794
348 2092
1845 867
36 509
2026 565
1035 1477
1195 2418
1435 1327
1514 1553
1746 125
2140 185
2205 2512
2241 1726
628 177
78 1231
1578 1546
126 1946
295 475
1445 357
899 309
592 439
2342 2055
1419 354
1905 2125
1050 1492
480 1054
2316 1191
181 660
1838 398
1308 1568
2362 1866
1716 1444
86 510
1021 298
1345 660
85 1259
673 1369
882 1295
1759 208
1248 1089
2443 1277
776 252
1837 2010
2197 2073
1043 288
2446 616
700 1646
1035 2501
49 864
2395 1141
1460 2352
1101 1052
764 2252
492 2029
1437 1624
2316 1057
1810 689
2196 690
1130 2520
1227 3
587 567
1866 264
893 203
615 77
1331 553
445 114
1539 2447
1138 1378
2177 2329
348 2495
2230 2463
1780 1210
979 329
2306 1343
376 1147
2442 1040
2356 1653
1502 2192
1673 1064
2258 1780
642 55
2368 261
694 383
1117 512
772 1985
2049 1385
710 1351
1020 827
1052 1515
733 190
871 1347
173 781
1759 1656
1969 303
1490 1967
964 2043
1782 711
653 1401
1497 2277
1588 889
1152 1201
248 42
754 1886
143 1559
1990 2266
52 2312
2028 1875
829 1990
968 2438
1165 70
2288 525
1422 532
1925 1514
2004 222
608 1354
1704 1527
1041 1187
750 658
2354 596
986 1415
1460 1167
1581 1750
2338 1033
345 517
1912 1955
2475 2054
1760 1172
36 382
1977 1897
889 771
893 1086
59 2205
1205 1939
770 2347
334 2392
2258 284
324 441
581 1668
207 1205
2028 0
1992 342
1377 741
586 1852
490 1020
843 1273
2227 983
352 2071
1750 2420
1087 1771
1017 1750
1840 844
1428 530
1692 1284
2244 1743
1711 2457
2341 374
68 1988
1102 751
1575 429
1372 1783
2231 218
799 2034
1658 766
812 256
129 182
1865 631
2446 570
2279 1680
1688 895
912 1872
1824 2232
1020 1305
15 802
933 1030
695 1416
1286 1235
35 2391
31 1067
620 359
2296 781
929 1453
2226 1089
517 1358
1341 1677
972 1647
1948 92
2076 1386
180 2460
948 1965
608 1229
1279 551
2054 1987
1043 1387
1590 565
380 1000
767 6
2408 1962
2303 795
2437 2431
47 1337
1958 717
2247 2277
1967 2477
2106 97
1946 815
402 2094
1920 2288
1477 232
1620 977
1635 581
282 1963
2120 844
238 2442
943 1372
51 1343
1526 994
79 291
655 1207
723 992
2445 2437
2386 1466
2194 266
1776 1834
4 182
591 752
2175 1542
2441 1741
163 245
69 1498
1201 2113
1159 2194
1947 301
1946 282
1025 1796
1965 2458
980 12
1229 1876
674 1548
387 1562
1808 2139
2372 775
2230 1024
395 1879
21 754
483 847
1834 96
1062 1881
2414 1732
1842 819
693 631
400 127
1883 264
70 16
1701 987
141 2147
1080 2393
2188 895
1304 1432
492 1116
823 2495
1716 1918
2222 582
1753 2466
357 621
256 1924
1130 1992
1445 2093
1094 703
1892 333
93 2395
2199 366
1154 2126
866 954
1978 504
1481 952
997 2394
441 398
473 2187
1814 737
1382 1535
68 2520
1328 2131
1059 451
2075 2496
1414 2193
2253 2435
1579 2100
1589 2065
2158 1400
1910 1104
270 675
2235 376
1039 1682
2461 2334
1016 1625
992 903
1967 1864
1893 1114
1228 2398
1371 644
695 917
389 2437
764 1448
1140 89
1388 1065
2481 2404
394 1713
1255 566
331 2092
1128 2292
2319 198
1538 1126
1077 505
1529 2201
1608 1703
2236 656
1621 338
2222 2510
758 163
304 701
443 1586
1950 2499
1306 381
235 763
2457 1926
1989 1546
80 1085
1558 1305
1664 735
959 1694
24 1619
2186 44
481 1975
523 1289
1087 589
3 1042
852 2358
1913 433
180 1722
614 2019
278 395
1131 2022
458 1906
1540 1547
2091 2152
1811 1517
1990 969
2031 159
77 1572
2417 963
138 1147
65 1629
1341 77
991 1669
987 1562
756 1864
858 2274
60 1665
1962 1451
1483 811
579 1811
658 408
1337 1674
1947 162
1380 31
1145 1855
1190 510
447 1985
690 2495
960 994
1604 2437
1344 1476
860 997
132 1988
1842 2017
1596 2225
380 1133
1587 760
1827 1718
854 167
823 1511
397 2247
1421 1860
2298 319
833 1521
614 781
167 2072
1539 957
1616 487
571 289
1771 2188
605 1055
1167 791
1162 1689
1039 815
572 1673
2476 2063
2446 1078
920 353
1349 1402
38 930
1315 2475
2016 1814
2221 1060
37 325
2128 1775
2140 1387
1483 614
1649 1285
1968 354
169 846
2301 435
47 356
285 298
409 577
2478 1475
312 276
1107 1332
1025 788
1503 2227
2288 76
1341 2524
1045 773
1059 1948
542 2170
225 1536
831 2156
962 1467
424 448
1682 780
540 755
1932 745
638 1007
1158 2459
1696 1823
594 2364
1428 196
279 1313
2515 2446
1418 260
265 597
751 118
486 1654
823 505
1936 1750
2271 990
623 1562
1023 148
566 2109
732 2107
563 2437
652 1658
666 1025
1815 2031
1837 898
918 2443
1838 978
1063 287
1888 2286
315 2345
155 1608
119 423
1328 2512
2461 1639
899 268
1994 86
475 2158
488 1730
1422 2436
253 1522
480 2279
2008 1466
386 666
1131 1391
31 2328
351 1844
1638 780
612 144
39 1940
1666 492
1005 362
228 377
968 1126
15 2317
830 1776
1305 2439
208 522
1984 717
1082 1173
255 1611
1223 974
2513 855
914 235
1056 560
452 1697
1453 2466
2308 1719
1734 727
1976 1578
2 1910
408 1528
1672 2166
1043 648
1943 1098
40 1450
365 2226
343 1654
1323 1736
2503 1318
2453 1973
2364 1724
152 2230
1158 645
797 979
214 1517
2305 1363
810 1231
258 1122
175 2442
1559 2099
2358 51
576 470
91 1254
2111 1206
362 837
1212 2226
1321 1365
2202 2196
442 76
1727 124
1760 818
1808 1479
1359 1869
1915 1660
322 790
1030 1102
1394 269
863 1332
2344 474
620 1157
812 2032
1447 1954
828 1074
272 821
1673 4
722 70
629 1035
424 1163
1542 220
19 1329
1128 2138
553 2090
2034 2286
1785 1280
1737 227
728 1734
2370 474
1523 783
1126 653
1032 117
1165 587
2102 1558
903 2170
466 1526
1524 1859
1936 1863
1100 1148
1016 2038
91 789
1397 563
1724 81
1551 506
883 458
1415 786
809 55
968 2272
1135 531
1596 2093
824 1827
521 35
1187 2167
1201 1832
2190 196
1220 2020
1650 1919
674 2171
2438 1633
1939 670
506 363
2066 1498
2127 853
972 785
934 529
898 1417
1929 103
1587 728
1674 1363
1719 2433
396 365
137 1973
763 2235
1557 1121
1878 486
1973 196
2232 398
2016 1967
2169 485
359 914
2507 150
941 2191
2077 766
1477 2431
94 975
142 1810
975 2511
888 1907
1697 546
2157 971
1123 2017
2494 2488
1135 1736
889 2263
871 2395
618 941
897 752
1632 34
2457 1089
1297 1389
354 520
735 2355
1542 1048
1364 2423
1426 1709
1726 1051
1331 4
1744 1392
2009 1607
786 1856
1242 691
2510 958
1643 2176
1642 247
432 1238
796 1877
1211 1728
1084 603
1760 1720
1398 1340
792 1011
829 1965
1978 1048
1369 1180
1669 756
2072 867
956 1997
1959 1641
33 2141
774 2308
1428 698
2237 1117
971 703
99 1379
1239 1111
436 1762
1831 973
913 2362
1075 1693
2372 1533
1363 445
826 2511
1172 1842
256 2410
163 417
1591 2336
95 845
1543 1258
1069 875
1311 1367
412 2410
2354 950
2212 1782
2351 539
100 1204
986 1728
1586 1648
2367 664
569 816
363 1047
1770 1907
2363 2216
1895 885
1522 370
783 386
1344 235
1771 2027
968 506
2433 1812
142 1997
801 526
2073 1929
2431 206
328 435
698 2345
417 204
95 63
771 1891
1859 2372
980 1438
2349 2117
1126 1773
226 1303
2184 285
1418 1148
1419 1073
1653 2164
1204 2387
1887 1531
673 1328
2165 1405
1918 1762
1867 260
2453 2297
960 933
2382 2441
816 2257
1059 1300
2187 344
425 301
596 2283
30 1933
711 1677
1503 1082
310 835
2473 706
1656 2194
1999 1898
2245 2361
1998 1887
1781 1446
1600 818
1436 1319
1003 963
2111 279
703 1210
1889 779
2111 213
2300 1100
2192 82
1984 983
807 448
2003 403
2117 811
1711 1954
2379 1998
903 1762
1992 515
1776 385
1169 2072
1562 974
339 1560
1125 1349
1964 844
1527 877
2166 1833
103 1361
1454 526
290 1427
377 805
1554 2179
1759 209
928 2096
343 2260
1353 117
995 1426
1562 1087
1815 2269
260 1998
718 337
1735 1547
407 898
902 2095
61 1147
1331 1786
1368 368
471 777
136 400
55 97
425 141
843 1743
65 1273
246 1771
2357 2304
464 2358
2195 471
1235 1834
1546 2451
602 2341
875 1562
925 553
2497 2198
2165 857
898 587
357 2386
2250 1200
1541 2479
1730 870
1547 1308
1888 77
1643 1164
1286 1666
739 1562
2169 2364
2033 191
2423 1056
29 25
2171 840
1174 1067
1027 315
861 571
9 941
1587 2412
1062 1217
2280 1385
2349 721
1947 2411
763 435
740 2059
329 1548
969 717
798 2090
1627 2023
554 1537
395 963
1252 2434
1014 966
751 1496
2504 1895
1910 2369
295 1113
1493 2424
2151 1691
5 115
682 51
703 1642
1005 2131
411 2018
562 1375
1496 1188
2293 1084
1120 232
1837 1357
711 2004
1180 1194
528 1936
2024 1002
773 1584
1643 838
1251 2009
1857 2103
1672 534
1534 1199
1080 1819
2387 2210
943 1621
2100 1400
1851 1982
875 791
1210 1760
30 207
636 1930
78 12
42 1211
1125 1035
1767 1129
1811 557
1439 1257
1666 775
483 898
1166 1922
402 125
347 1076
1264 1126
1815 317
1135 2259
991 2326
1328 1066
1476 1415
127 193
1709 376
679 1538
2304 2501
2225 299
338 510
414 1460
1334 2199
1339 1878
257 2335
2426 1055
696 1405
2385 608
1661 876
1994 2231
755 2219
1924 1152
388 1572
681 765
193 757
22 1201
1604 497
1592 1479
644 345
1319 666
1190 821
149 382
817 2259
402 805
920 2018
727 1988
2008 313
330 2499
1734 2182
186 1729
1914 2324
587 919
1203 2293
1975 164
1554 1050
1159 1697
1727 1561
1609 1786
934 2460
1271 871
1551 1322
993 510
2135 128
401 2004
183 295
1534 1637
2218 1802
2050 690
992 2384
916 881
917 2311
2371 817
170 1554
2377 2351
1623 1722
997 2108
995 814
216 2099
2320 1167
73 891
1538 1327
2086 1224
1152 2474
1005 2309
862 1567
256 952
1384 273
1636 85
700 1496
1053 767
1575 1788
739 128
200 1031
220 175
1742 1220
1074 394
239 639
2157 46
1752 2203
1559 1572
1515 1562
382 1405
1661 935
833 1829
2305 459
1295 2153
2226 2485
1049 1527
1575 2255
8 2239
2205 2457
1421 2075
179 1254
58 1585
1069 2346
1376 129
751 306
786 202
60 680
2343 291
252 1649
2080 2120
722 947
511 1324
2295 2247
2426 1782
398 1861
1050 203
555 159
2120 1752
473 2496
206 1793
1927 2518
1114 417
120 354
2 2279
952 351
2335 891
2135 890
2249 86
2465 658
1192 1993
167 177
362 2040
285 575
633 1692
643 1919
1871 1401
1620 1225
967 1123
2055 173
630 148
2029 1730
203 1618
79 756
407 1529
2388 863
1368 972
2192 437
2155 1247
681 1649
1824 40
168 992
1769 1078
974 2468
1669 509
1303 2496
1137 120
2191 276
1365 378
1146 2234
178 368
501 2145
2334 2282
1665 299
977 1365
1814 1971
877 1304
2406 743
475 2276
1980 1041
1191 243
1622 1950
1742 399
2472 2241
2234 286
1778 1881
1103 1878
358 1175
2060 1355
1042 1965
2306 2317
2266 1986
2219 1328
1391 437
1605 2090
991 1042
1857 131
319 414
1722 1132
1580 235
2124 837
331 734
1012 94
78 804
114 2522
835 599
2216 2141
442 738
1966 2132
2123 32
2387 1219
980 1183
334 1955
1042 1363
1432 1336
193 515
731 2004
1893 1077
1179 1815
1705 1259
1919 2188
2441 1890
2098 455
93 1942
1142 1370
1170 2414
2039 973
642 2162
198 172
1036 949
988 1697
718 2481
1498 43
2060 1051
52 190
1145 2165
1773 1873
2403 1436
921 263
2158 1239
2222 1598
1309 254
884 1149
1124 302
1445 1290
1793 2520
2156 397
672 232
1276 2016
408 2316
2205 1003
857 1259
1101 2474
1974 1413
570 775
1999 2206
217 2511
2136 509
1101 2132
283 2108
965 1100
1958 1736
487 1040
1833 2204
2154 1206
2394 2049
1269 1973
1918 1796
621 2285
2302 673
482 652
498 1601
461 1753
86 1568
994 2507
1312 2007
688 2271
886 2133
1813 1706
1258 2071
1309 2499
152 2462
129 2324
1004 2508
1427 1046
2408 133
1333 1931
795 932
579 2304
1969 992
1907 1739
17 2121
2208 1213
846 1917
1819 340
2456 2088
830 77
1740 1373
1152 2079
1584 39
200 390
1843 867
2279 209
2019 1883
1790 1594
2035 136
446 2408
2088 2190
1567 865
404 490
429 7
1009 238
574 2247
1791 1933
70 231
2142 1396
2375 2523
1705 1441
69 1400
430 287
224 941
2322 2398
1237 1345
2364 1841
1106 2001
651 1448
1506 1884
1893 1719
433 736
2373 932
685 363
757 1205
283 1703
755 2002
832 1659
199 753
279 1055
1474 423
961 1670
2302 263
562 857
257 1611
1448 569
394 228
1687 738
1651 231
1055 2213
1203 1715
308 2091
503 2336
1921 1164
2118 1134
1572 1396
2266 905
849 1061
2003 1600
1191 700
223 1042
1948 1251
1645 1352
828 291
1612 2416
1915 2377
1446 593
376 2198
2189 478
1403 827
1998 322
1844 568
0 1992
1645 355
1465 238
1957 1461
1530 52
2152 1201
1071 591
935 1753
1749 838
1580 2276
2080 839
2286 1473
426 2138
1437 2382
690 1207
2441 30
57 757
2116 2511
1562 1943
1984 923
2280 1853
1179 2281
720 2277
2102 1105
1100 1578
1177 531
1580 2046
1263 494
798 585
1799 2213
32 2452
1756 2228
1293 779
2291 1933
1464 2259
868 656
857 218
1363 1168
2148 1853
2453 2183
767 1156
989 1660
2500 533
2093 1816
2193 1449
2520 346
444 1925
410 1544
1619 1819
2473 1776
217 2328
2466 542
486 2412
29 2034
247 824
651 1081
2403 1972
1951 798
1601 1278
127 341
844 1521
1674 1458
1230 945
1940 1121
1401 2304
159 664
1197 1535
920 991
130 2476
142 2163
152 2415
24 2146
1201 602
910 526
1393 2270
1907 510
275 1067
1316 837
2386 2091
181 1130
1431 1387
1251 1266
1829 857
2518 121
298 2042
2275 1865
117 1606
478 1172
1157 1268
1504 1392
2335 640
1287 692
846 206
1269 1629
672 169
737 1273
2452 1175
2199 980
780 1124
526 2368
1960 1462
1083 2432
1756 1349
1441 2257
2305 880
2492 2353
574 344
2083 489
965 706
108 790
1375 1345
2024 912
1171 1991
1099 2447
579 697
82 2404
1336 211
690 80
1714 1170
69 985
563 519
373 1547
463 314
1189 1564
151 2382
2439 610
892 1093
1704 1163
2244 600
300 2514
1653 1362
505 10
1470 491
498 2208
660 2248
547 2033
2518 2301
2434 1883
354 529
697 2390
796 511
1259 532
945 2085
988 2310
1036 1878
1986 679
2104 1900
426 1191
1700 351
1979 987
2398 2403
2359 2406
789 1046
941 251
2104 2012
882 1883
1714 2297
246 1755
2516 858
1065 495
1582 1541
1847 2453
1569 1837
2225 734
1686 978
1818 357
1178 528
1318 486
1697 1352
537 1592
1282 555
2268 2504
78 2464
1826 1086
2396 916
112 2063
2311 1913
11 1795
1713 1802
1388 2131
1724 1410
2376 331
530 276
1541 1193
2457 2373
454 522
736 1101
1878 1667
2039 792
1703 581
1714 1775
2356 1066
1639 1903
1705 1877
2465 514
1793 680
267 688
2330 1465
81 1352
752 2170
270 843
197 837
1822 1397
2453 1535
2319 1388
2385 1972
1987 1202
1001 469
468 322
320 1153
2277 872
1812 1101
676 1674
177 2056
1298 1103
2513 1063
34 2191
1376 132
599 2512
2390 863
1908 796
82 1753
488 1299
2315 1168
588 905
1370 2281
2424 739
1699 351
2216 1211
1836 79
274 444
1245 1558
511 1993
1032 557
1506 559
327 118
1862 751
368 2066
1408 2056
877 543
552 2278
1108 22
1666 1408
1813 1202
38 2436
1350 1215
2513 1164
1902 1286
793 337
1212 2423
1499 1928
645 1770
1520 819
2050 1240
1628 1633
496 2356
311 1662
524 1852
1551 525
2288 728
767 679
1152 493
2052 36
1847 2268
524 973
1543 1661
1516 946
1656 118
1995 1169
2394 2488
1508 432
426 347
264 181
1601 1761
521 498
2367 1161
1956 1905
1861 1360
1304 1805
2071 1590
532 290
432 1794
1308 1566
2286 1687
1474 1979
2061 2293
2491 470
666 1137
1251 2409
1303 1169
2470 706
2114 2038
1287 229
751 2471
710 1811
1236 1666
2030 1952
2021 837
2115 2182
1218 352
1577 1421
1328 630
558 2386
2519 2327
332 2310
229 1555
185 46
959 304
70 592
2524 1962
850 1012
2103 1045
530 2127
461 1687
623 2038
2149 305
649 108
1399 1191
2332 653
1253 846
1607 2422
2017 2328
1143 1353
2235 159
2358 1235
1745 1583
1698 155
196 246
963 783
1621 153
1149 2098
1343 1301
919 470
1447 2477
1497 709
196 340
548 854
1813 2179
207 719
1643 339
1111 61
1335 1440
2015 741
2237 1188
2221 1870
115 1559
1828 336
143 292
1429 596
1941 1938
713 260
2098 2197
2314 2424
1420 1915
1585 2092
2298 917
576 521
935 2027
670 275
112 301
1965 70
2428 1706
1763 684
2489 633
2121 2503
418 1806
1909 911
244 1798
1764 360
1606 1070
1495 2169
1060 1320
1345 519
1360 855
2325 639
2450 1687
2178 588
1068 185
922 152
2042 2229
2398 838
1803 1875
848 1083
1811 1774
257 2186
617 516
1257 58
422 803
1946 1076
1085 1826
1239 780
762 1144
2389 1241
669 1712
1579 230
804 1710
2265 2079
2271 1476
1405 2396
2434 272
1247 1629
1805 824
757 414
1077 1025
328 1568
1447 936
2502 873
2087 2493
740 2291
1539 1291
2386 1269
1479 122
2448 991
1109 1806
792 1237
2149 745
132 793
2230 1074
1986 1465
495 1123
419 781
1979 1948
1172 1298
2032 1307
1839 613
1352 1307
1489 1446
166 1308
663 1622
2417 917
458 2059
663 1404
943 2290
508 2447
839 2219
2085 580
2432 775
667 2098
1634 633
595 346
1363 461
1127 2170
986 553
1254 691
1118 2123
2408 1884
2206 1296
77 1834
1762 1891
327 1923
2380 601
858 745
2376 559
268 2181
1217 86
814 1354
757 1726
672 1078
942 886
2210 420
2462 1173
1835 2516
1811 1489
1785 104
954 555
1248 1236
302 2277
277 1838
261 1671
2265 1042
1500 1137
2152 357
612 1452
1534 870
32 27
284 2053
1863 2331
1321 1975
869 2357
852 2385
2316 1208
335 872
154 2355
535 1443
1285 945
1580 1365
512 2100
2166 340
599 1787
1581 612
900 1637
1400 1826
779 559
2231 1558
1528 734
1143 243
713 741
2137 2398
421 1899
1517 1307
1545 1220
1886 2090
303 1117
1165 2094
1936 131
1320 400
1967 284
2349 1346
2190 602
2157 118
23 2149
1768 2496
1531 2417
2162 1155
284 627
62 2040
1408 1954
1377 826
1277 713
405 2299
341 2438
1602 2208
2392 653
1860 1466
325 1618
10 941
0 206
773 1266
1458 158
1523 1428
448 516
962 829
1649 282
107 1362
1970 216
750 2160
939 509
128 1995
359 1220
2097 242
1285 1562
793 509
798 2180
68 1205
1098 1571
2379 1690
1774 196
2040 359
1630 2230
777 990
1790 133
473 1193
33 823
2120 2230
745 219
1857 1186
1454 1420
146 1024
1929 1165
315 2405
1392 1691
2166 2345
423 1272
229 2166
2362 323
587 410
2019 2455
604 7
2100 1598
2218 1062
617 1551
1886 814
2354 1927
1393 1
2235 24
1927 650
2337 1216
2367 508
91 1401
1808 1940
2456 1879
1324 1613
80 1832
2338 1198
1017 293
1431 926
1332 1444
488 749
12 1733
1862 608
32 1445
2343 336
950 454
1954 511
806 874
642 1081
1038 2151
787 2217
2472 796
2194 1065
495 426
2481 1286
1448 1939
1468 1222
1363 666
2298 1462
1388 2418
1670 169
2090 716
1358 393
466 1592
2052 1335
905 462
2309 2147
1794 357
1433 442
16 2129
1357 1492
1421 1225
2073 834
1985 293
177 626
1719 1816
203 896
1137 477
2428 145
1325 2497
846 1089
658 2452
66 1896
287 2084
962 2155
980 849
2104 2367
1189 907
1661 173
1123 1338
2084 869
1960 1937
1439 484
1021 2363
1016 22
1961 1245
837 1587
1933 1500
1095 97
2159 419
726 1066
1428 1178
2021 2018
1953 1010
731 784
1120 1471
959 717
2294 424
2200 117
1703 996
329 1602
438 2097
1321 793
1834 1187
1990 601
1146 59
798 1485
870 166
1686 2130
791 1910
795 1159
354 2280
1766 2070
1103 854
