72 2380
1602 412
1238 1782
1971 572
2290 752
586 215
2346 1472
1900 2090
555 962
1094 1423
249 1843
1200 2349
520 1424
570 591
463 534
2079 1777
2325 1231
664 388
2109 1589
143 2203
625 208
906 1605
1004 1061
1337 2466
711 2368
400 1199
389 773
1784 765
1369 1744
49 2485
64 2432
2081 2283
2264 474
2406 979
666 1439
2430 1913
1842 443
1769 1177
138 1748
1815 1454
2524 1699
2049 1696
1276 1123
1022 1869
2107 695
1618 1510
1594 1069
1429 153
2222 1750
329 1505
590 1447
1044 586
1243 1642
1793 1501
1857 344
356 1174
490 1803
527 355
735 1439
966 404
951 934
2428 92
1947 2460
1001 1326
2396 484
1774 613
2271 587
2419 2153
510 96
454 1036
1561 1023
246 382
2453 661
1773 1975
2075 701
681 434
1081 496
2278 835
857 779
1689 627
396 1566
1976 1601
2147 139
470 782
484 1191
1107 2167
1558 980
98 53
786 954
1310 313
2055 117
857 2116
2020 827
1213 1333
2018 2081
2436 1769
792 1131
650 751
1048 218
1917 33
1168 429
2247 770
1370 586
28 1196
131 2070
2292 1970
1681 168
1582 1786
17 54
1976 1251
654 1494
2462 683
692 1411
588 171
331 1543
1648 1154
236 903
12 269
1899 2209
974 1091
2520 184
1458 1150
646 1856
1970 2377
567 1275
43 584
515 1442
1805 499
1937 2051
1289 1893
269 1668
365 29
1728 1204
448 64
2109 2082
1668 1092
2152 1810
1267 78
602 1815
245 1943
1092 1971
1393 157
2137 1827
329 1502
504 949
1431 1721
1486 343
2339 957
1406 2491
1351 717
1213 1472
2026 1587
540 1111
1062 1219
2353 2481
1572 1882
1237 1927
759 897
457 125
1830 1282
1076 591
651 1589
2446 2330
1976 2428
991 1849
639 371
1150 2150
2175 1591
1565 2117
434 2464
2235 1165
2315 157
1479 453
473 2124
1773 1587
160 638
343 1206
2074 883
451 1052
1470 1285
362 1487
575 2215
83 2461
1786 1506
2359 70
2170 1201
1235 40
1493 1067
1431 1685
1031 2303
459 2474
886 544
1144 497
766 1454
871 1821
1940 246
1252 1236
1582 726
2431 1215
1606 345
1657 2399
852 2234
1137 1922
509 692
1320 1535
2017 380
2072 1438
1019 750
75 1485
2402 674
530 120
1602 2220
883 2314
1521 1186
350 61
947 892
1159 1694
1234 132
2209 1734
1806 2278
1063 1979
2403 1430
607 1736
1722 60
1851 2238
1468 1508
1969 1292
557 315
2412 2005
1831 667
1038 589
729 2475
2118 93
2080 964
2184 1164
1790 1879
2329 2194
1161 2125
1114 2092
2521 195
2369 1524
186 450
886 1113
2292 1195
654 168
716 1426
456 1012
2336 870
572 1065
1445 1941
1533 1536
1148 2040
372 735
1677 384
1430 322
1559 1894
2203 1378
2116 641
2364 1248
2239 1443
218 2402
2281 148
2279 1191
1426 67
157 1048
2118 630
2232 268
1417 1249
2244 467
1444 1181
2462 295
1181 794
1947 479
2035 1442
1463 1406
941 2475
1454 1626
1370 1908
556 1726
1666 1965
813 1792
2120 537
782 1207
1857 2233
454 2390
1438 840
1009 1449
1690 2
111 1468
789 616
653 927
1812 706
122 818
1040 1000
846 657
1172 2109
2373 1652
1875 44
2206 342
1943 2205
1358 473
698 2237
1689 1693
302 2243
1591 1833
243 1101
1055 1009
1764 2226
869 1345
2037 360
813 2398
1213 1689
1434 2115
748 257
1838 1280
1471 1465
881 1097
2188 1420
1294 1840
1553 1659
1677 2356
1778 28
830 2414
2007 1592
1696 2420
1258 819
1014 1169
1066 1611
96 988
922 1756
2339 740
1402 1912
69 542
1598 1728
1737 587
911 1577
1061 35
1924 87
1339 1418
1434 517
1621 652
1958 2517
534 747
2093 302
959 1158
1505 1477
1130 1941
735 2201
233 1206
1006 1531
1849 1659
1231 1234
1051 1110
1372 2424
2208 1563
1965 2409
293 2437
1140 1081
834 1382
1432 496
1643 1603
418 25
1677 515
500 1197
986 586
1183 518
1020 2336
92 1545
1185 1496
1006 50
483 297
981 1850
2502 814
1755 642
2051 2380
1413 2235
1288 2301
1331 397
1516 389
2389 434
2182 216
1400 513
2269 1973
1006 475
465 1304
730 440
587 1040
2354 2
927 1737
279 737
2097 1501
2474 650
1421 92
577 1198
344 1548
1872 2518
1261 599
2394 390
424 2
754 2400
688 869
1422 954
50 521
1268 1513
1580 1047
160 848
2046 2464
1889 2235
1444 1545
2232 1889
855 2078
1155 1560
332 604
156 54
961 820
2372 425
2132 837
1597 669
1542 476
1807 912
1102 1633
1185 641
2521 1175
220 1425
2018 2102
32 2103
2453 15
737 2139
332 373
1207 1780
554 167
2431 1786
1551 1445
1007 1038
2330 1493
1610 1717
35 1786
1235 2304
1725 1916
854 2146
1639 1550
1307 1448
2005 1472
1363 1457
547 1053
1865 275
2241 1685
1843 285
2153 2432
646 685
260 1015
2194 2389
1189 1533
1225 485
2046 1335
1921 756
2438 1100
1862 1025
1368 537
1086 2132
358 2013
696 489
1154 1271
391 1334
1911 2489
494 89
1013 495
2494 2473
1310 2006
2362 569
1592 1000
845 222
1436 2100
455 1781
653 1921
1413 1647
1064 804
73 2072
1918 283
1556 693
781 1014
1774 218
1719 1917
384 23
357 1206
2370 1950
1444 60
2364 1670
680 438
1228 781
96 2015
341 1862
1714 1110
5 1816
933 969
639 457
1537 473
243 972
2085 102
1850 2000
331 1641
30 2303
2413 1238
287 1107
2015 515
1686 120
1193 167
365 1633
865 1321
1358 1690
520 1200
1024 486
105 2508
1421 104
703 1028
2276 2214
485 1143
367 1392
1203 1613
624 362
1204 1558
1446 2310
542 2507
527 753
2252 2249
1181 632
2428 2111
206 1955
830 2506
1303 377
209 662
1776 788
1907 1073
2318 760
1053 1448
160 313
632 2007
1949 531
230 320
2500 1740
1791 2247
2122 2396
63 437
1133 603
1358 687
1173 2159
597 594
1638 1379
614 163
2397 780
81 2092
2006 290
1747 998
611 268
776 1943
816 794
1785 131
540 2219
1002 13
3 251
608 25
2228 356
914 947
915 356
1977 250
1563 1440
1209 46
371 1378
1950 452
2295 136
403 505
1800 1236
1356 1481
127 879
1545 270
143 643
2460 117
569 231
1325 396
2310 2064
1741 1250
958 53
1241 1606
1826 1173
611 1377
827 1611
581 2515
2311 122
1969 1995
2130 2169
1267 1678
1930 795
769 1497
1412 1729
1200 2474
195 1797
2453 1322
1637 745
988 1832
1127 1635
1313 1124
2286 1258
1994 2432
11 111
1978 66
2456 2462
578 51
465 777
1828 1091
701 2167
860 1774
1957 1530
467 658
1538 1682
1269 198
2474 2062
1006 1263
991 1726
1284 2479
1608 168
1487 1796
753 2302
2156 2119
694 1139
2475 440
724 984
673 886
40 290
224 1234
298 678
1067 1728
1125 1096
218 1586
1018 298
905 466
469 625
1839 519
1812 1318
1594 709
880 2091
1338 579
406 2519
1145 1739
161 1015
2091 2110
201 778
1662 961
2302 457
2199 123
1408 1923
584 1373
813 299
314 2072
1065 238
2073 433
1652 799
376 472
2418 1884
471 167
2056 2403
1711 1972
2384 1321
1584 908
59 1769
1917 616
1522 1571
1569 481
1541 2079
1383 1243
742 1914
1938 1385
1880 1217
942 1218
278 1231
1628 796
2108 2053
2479 1601
1137 1624
420 549
348 659
872 62
1188 2491
1747 2022
1837 1064
2385 606
2024 945
671 2220
478 56
1317 1905
366 1521
1069 1506
519 2185
1775 2506
1682 918
656 549
1566 485
5 454
699 84
1283 76
1681 1609
1350 1511
1589 2030
1291 794
2145 2375
2369 104
1434 287
596 2257
856 1252
1215 1594
1813 1864
2118 1635
1763 1332
1408 502
922 67
990 1445
599 654
1023 2242
1086 202
2316 159
2175 1731
266 2495
18 2010
2316 1754
1325 1933
1548 453
786 151
476 1403
953 2469
1250 458
1625 983
1452 577
1586 1233
1515 889
1835 1341
2074 378
2104 2155
1939 1558
2164 549
1985 450
1920 2491
293 2311
516 2056
1007 2446
397 1060
2137 2002
2221 1125
762 1062
447 352
159 2362
2371 1460
1217 976
31 1018
1460 1299
1180 2518
433 683
1663 2343
1667 542
419 2255
1963 2361
1188 1541
385 1019
1226 420
1358 1371
34 1781
1280 305
2434 2298
673 2097
2299 420
1409 538
1609 175
2160 357
2370 2473
1750 180
6 1676
2202 368
536 1087
661 1473
270 1587
1305 2155
961 1976
1866 1208
2209 2103
1266 2498
668 2162
1522 1010
1241 786
788 1190
276 975
1701 965
1063 210
121 1958
509 695
1172 2046
33 2288
973 1939
698 2063
656 2309
587 766
943 1034
1127 1787
1295 94
2073 1539
1498 1472
2074 29
1809 1393
1534 483
2147 243
1704 1384
1108 209
501 1784
1549 506
408 1012
2493 2352
2180 1209
918 2502
1435 1116
2483 193
167 2011
1125 1038
506 1557
2500 1419
1722 19
2102 231
728 1033
152 141
1091 1007
1659 2224
857 1911
2178 184
1390 1641
2491 876
2216 189
764 818
1974 2081
441 2418
2467 2031
784 214
783 2120
1327 1158
1411 1409
1238 649
1761 1249
1800 2018
789 527
1794 2167
637 1121
1530 926
686 384
1344 961
2183 442
1399 1054
1247 2435
670 2370
2490 2022
1912 2147
268 770
1543 319
849 630
1599 760
1714 1781
313 1522
1923 178
1290 823
1539 485
1298 2357
348 1965
1626 576
1128 1645
1383 2502
1320 1926
73 787
1012 828
1707 1606
762 1974
355 280
1199 1736
950 2336
1004 341
1667 1290
743 313
793 2018
1785 1034
1089 2417
1109 583
31 243
2046 2507
909 2218
1818 2227
2071 659
231 1327
2484 1395
1504 840
2467 1564
2480 660
1529 982
2150 837
1164 185
526 1563
1519 2066
1661 474
707 1623
1102 627
1508 534
2113 1873
369 1856
2398 59
2128 668
2436 967
1755 239
339 2479
414 2394
1139 2232
551 1146
1145 809
139 1544
2462 2178
2337 28
921 1735
72 2270
1687 241
130 1088
1168 1203
902 481
1540 2021
312 1110
1691 638
1890 550
648 2233
1393 1295
1038 1778
1278 1163
1527 541
2515 1276
2183 1718
1998 24
394 261
743 2044
1987 2303
41 1942
495 2019
2284 1201
1896 2474
15 1332
2222 53
287 16
2007 2397
533 816
2191 748
2406 395
1471 1411
2335 1745
1815 2381
1177 1419
1552 1155
89 1904
868 1170
1830 710
2496 2157
1556 852
174 344
1503 2076
2328 1154
1183 1381
889 2489
1793 719
289 2288
1339 239
1642 1678
601 1655
2097 1762
2380 1451
911 350
677 597
634 1563
1964 2288
1127 2436
1256 287
729 1006
393 2030
2244 1555
653 2432
682 816
1971 1584
1335 1594
1529 321
2203 673
882 1773
729 1261
1626 2393
1889 2095
1756 2091
823 1964
2064 8
247 2089
1455 1285
578 1243
655 2238
1721 808
1225 2400
2185 917
2291 595
1831 1666
1655 1765
1423 1244
635 448
2492 980
2304 2240
198 1483
2398 1119
610 147
59 891
1490 1481
526 2008
1415 1666
1264 663
1844 456
2202 226
1734 2111
1115 520
2427 642
2235 1879
2209 1562
965 759
710 1409
223 523
104 872
1812 1808
535 1853
518 1280
1868 1333
272 1671
2446 2358
754 1416
688 1921
2014 1296
51 2153
1410 510
941 823
2196 2125
2137 352
222 88
2028 1545
326 2199
398 663
173 1563
2308 1593
2268 1423
1386 587
1302 1400
507 1654
1178 727
2459 1019
1768 1795
1128 2104
2331 1252
163 517
1261 2054
2256 2468
1625 1885
1361 1526
1243 1014
1949 2478
1072 1257
34 2473
302 1264
1634 331
1830 104
140 1505
1816 889
1254 1020
802 1924
608 2516
2395 1216
713 667
434 1772
1636 831
877 1008
2419 1636
2172 171
248 1620
2439 43
2102 1650
1190 1199
2346 2255
2195 941
936 1364
2482 616
818 545
2083 3
2469 0
168 862
763 2005
2391 758
2450 1745
1619 36
288 2071
791 1580
1128 637
1081 1375
2169 930
2004 588
1446 323
141 2023
663 589
305 2423
2280 387
51 1212
2390 113
744 1333
1171 653
1810 1976
647 2111
1781 234
405 437
757 491
2251 2073
1180 352
2400 1845
1439 1758
56 2112
2187 1379
405 533
1380 79
995 581
1645 2350
993 2373
65 1697
1612 448
1354 1605
2299 1694
2003 2446
1823 1494
1722 1841
1907 716
2210 1799
2488 1787
678 1158
1397 2102
1557 2053
2482 1641
874 2073
1571 566
2390 882
478 540
525 768
402 838
1424 1362
2110 1552
1370 1023
2133 352
350 573
1516 382
1962 2002
411 504
2033 2400
562 2147
2053 2479
1031 834
1738 954
1697 677
2148 1964
2214 737
961 900
139 746
1572 368
528 343
375 1479
2397 2239
1549 138
2204 2455
1391 1494
2398 2150
690 2438
1020 1447
2043 805
654 1418
601 1454
122 818
858 723
148 153
213 745
1689 2463
2141 198
1625 19
1783 159
309 1580
2024 764
902 272
361 1714
260 536
592 45
1666 31
1651 1768
502 1655
468 2257
2089 1540
1383 111
1749 873
1869 511
171 1237
2307 1564
2086 233
654 917
932 986
287 852
377 115
1807 1944
2456 1883
2405 989
2005 815
1423 826
2515 1349
1117 2053
1364 738
1273 1721
928 452
251 2253
423 1812
1837 580
2393 1472
252 2269
1564 474
689 139
26 1562
1027 205
861 2218
1068 1747
1218 38
49 1033
774 1440
1998 507
1180 814
362 1282
617 1065
2264 19
144 279
1850 875
1406 185
316 592
1916 96
146 1090
202 801
397 1528
670 2257
2138 2152
1635 1611
2055 2451
661 2181
1871 1052
2084 868
1906 2354
1524 2497
2158 1900
1972 1471
645 2373
1086 325
290 560
1181 76
314 2297
2196 1325
291 635
282 994
1862 347
2344 1248
445 1122
2025 2203
1804 2443
1980 2266
2164 861
2457 1662
1747 2503
2084 1693
1749 792
2524 1275
1684 1800
569 1395
284 1683
2131 247
124 1798
20 1329
28 611
1924 1604
2471 1280
155 2472
1892 731
315 1831
1729 1876
2109 1439
256 1214
1955 564
2361 2447
1414 2183
2236 1721
452 2411
2481 1460
422 1932
776 2326
1391 1
1188 1601
2519 1914
38 2170
45 2383
705 316
793 742
331 892
1820 1929
749 2090
73 1000
271 1107
2300 1217
978 1818
168 238
45 1832
1331 1169
257 1294
415 2069
1573 756
1286 2469
883 2262
2393 2150
2303 915
346 476
26 1187
2133 2383
1163 2100
466 872
353 1035
2212 1360
1293 1410
1200 999
2462 1812
2117 1522
1872 1074
574 88
168 728
93 1359
664 409
460 147
510 2471
1032 547
2050 2374
468 1759
902 2188
177 1456
208 215
940 2236
650 2185
192 1327
1385 384
2082 1634
1348 1443
1578 1302
2098 397
834 781
1073 268
1723 36
1017 710
969 316
1578 1707
387 166
1183 369
2221 1107
268 1
2344 2143
476 1982
2211 2412
1012 2389
2224 2065
42 1014
1657 765
1402 1088
1017 2414
599 644
304 596
1242 682
1864 265
1781 2026
565 1920
1543 637
1160 278
948 1266
1962 2295
1501 72
1806 285
953 570
435 1887
274 1108
1552 1777
568 939
1343 2305
145 1731
2152 1179
1295 1220
2218 45
1775 2063
637 1227
836 986
1004 2255
1969 621
386 2335
101 1722
1348 652
2011 174
336 182
735 2288
77 648
684 1275
1265 179
774 1445
1307 1699
1365 1436
2080 770
2502 1017
2015 2248
1938 1829
2482 565
305 1756
1405 846
299 613
1062 2225
2486 2415
756 776
9 166
330 2142
2205 1817
784 2251
1913 1978
2320 2477
781 82
758 962
1767 1786
843 710
646 556
665 315
2170 1495
1425 1150
1771 1443
2034 2155
1217 890
1702 1881
419 1221
1608 611
1704 592
858 260
2310 1483
346 1107
2490 2405
1191 1601
1157 690
2170 2102
1241 34
947 1313
471 123
1857 508
1138 1236
123 1488
1568 663
1650 1328
625 1696
255 2280
1053 872
390 2504
2022 831
1944 1974
1784 421
1708 944
1202 1797
828 498
1766 1703
1669 818
555 967
1197 422
1303 1305
1368 1713
2468 1975
391 1327
1568 1565
1006 1961
228 366
2362 826
2341 809
1606 160
1927 425
697 1209
984 2243
1527 1955
1762 2178
68 2383
1753 1387
1433 802
734 209
1491 1994
1278 444
1146 81
628 2462
2325 2420
1888 1533
1479 426
1765 1389
2299 1357
640 231
1337 1904
661 2423
408 1929
696 599
114 1023
966 1391
1823 248
1009 2465
985 59
493 2254
581 1418
1750 434
2517 1950
399 1711
610 919
2361 532
1513 1097
1739 780
2231 1714
82 1790
644 30
353 2200
1221 138
17 515
702 2189
539 1338
2124 1709
2467 915
1082 711
2160 1830
1221 2467
1158 1606
1295 806
522 1011
573 666
878 1004
204 1711
374 2011
1496 1273
366 1930
1359 308
1579 181
562 2072
190 1874
631 1693
858 2330
1231 1883
1183 965
632 1711
1931 280
977 2494
1115 2506
2310 2405
401 169
2263 72
2514 1044
838 1650
588 1689
783 1317
1122 852
140 1884
1729 1144
906 599
130 2048
2513 525
993 1015
1719 1288
954 823
276 415
321 348
2151 1160
1016 1657
1696 548
2013 2008
871 1429
77 937
2201 1688
1240 625
79 2459
215 1065
1192 630
314 710
2464 1502
36 1589
1726 2328
897 2128
726 1387
2428 1828
1962 1486
1590 255
1594 1566
1259 2266
1940 850
2108 66
2129 1964
1807 2409
2261 823
842 2441
458 2498
2061 1277
354 1693
72 21
2437 891
591 2131
357 1503
1241 1442
1910 1166
1212 2084
219 2465
918 1301
269 2267
1635 2503
2401 2520
1099 1299
635 2293
398 256
2306 1435
1895 1519
2026 85
314 1704
2081 2046
924 259
2130 1242
1599 2462
1315 1827
1249 1707
1284 571
2030 965
1967 1450
505 414
1500 1753
514 2321
2119 826
2371 790
2460 2376
1795 1133
39 1404
1440 1
1145 706
2462 440
1190 1582
2273 391
862 476
625 1857
1703 87
2161 166
434 90
2138 2467
800 1938
1959 1557
638 163
945 369
2234 245
542 1811
504 1999
2359 1991
410 778
560 1772
68 1598
1396 1555
1953 872
2369 1822
430 1718
57 2415
594 2362
1880 1900
1263 1512
1013 741
1135 166
2131 1870
729 329
2298 428
699 2238
1450 2378
2239 1624
2267 659
1356 570
1753 1806
541 655
703 1952
576 635
1847 155
651 407
815 1748
839 698
2266 436
643 288
1236 661
1680 177
73 1968
1536 1313
2321 1938
1484 2417
1709 2418
970 1704
1466 1954
1647 1868
2318 2209
909 1537
1265 1639
1523 1884
2028 1290
2518 403
962 1049
1588 431
335 1734
2366 449
1293 2292
1904 8
2394 1142
581 591
1256 2002
374 1274
949 562
1358 819
752 2309
784 1643
685 826
1770 1978
1857 164
1431 687
1058 2094
1573 1954
2313 1206
2144 1558
1824 2319
149 1883
1417 145
1304 1302
859 1906
960 1454
56 238
1749 193
740 1077
743 825
1573 1915
757 2004
538 1771
1550 493
1455 2031
2010 1028
709 231
485 2059
2427 2281
2285 2440
1275 1010
1319 1519
239 1584
2213 779
2365 2086
2030 1520
2500 1278
473 1895
94 470
210 1562
1936 1926
2044 534
1737 1594
1543 820
478 2237
1076 1777
2212 1241
1256 1947
1677 1737
412 812
2428 1081
2397 2300
168 2403
2191 270
2370 2246
2004 2282
1878 2492
238 1282
2236 1667
1170 739
1195 132
57 1047
143 908
1789 89
340 674
1943 2447
1061 525
863 118
2029 919
440 1420
399 742
2307 609
215 1160
1306 1303
2089 1506
1988 319
1648 2041
2027 1946
666 2412
210 2519
1549 1251
515 2472
1011 934
842 2522
1969 1674
1609 2262
2472 2390
1090 538
860 1589
115 1958
1121 1773
2403 370
2296 533
2406 526
284 1364
1855 2085
171 938
153 2327
1845 1815
1498 1760
814 1309
2336 2105
1955 1751
1851 255
713 1994
1610 103
491 1245
563 2519
1647 2182
2385 1010
1459 1907
1231 410
1464 795
1353 1002
708 184
1207 2033
1619 2097
808 1660
1127 2036
1705 1972
2417 575
290 765
1545 2304
64 930
1987 1914
951 2031
376 1641
2128 688
2178 1878
371 2102
1530 1242
1086 1334
1038 102
853 485
744 2112
1998 679
887 2042
673 49
2288 2427
861 1857
1640 1840
32 2108
1031 1616
832 1927
2149 2248
1035 966
2198 1833
1588 1671
1354 1172
920 178
1543 2497
556 106
82 2035
1448 37
150 1767
989 982
299 2336
2224 2290
682 467
668 74
399 31
2067 483
817 1725
257 537
959 8
1921 1898
169 2390
1008 246
704 1604
2225 1461
1759 2343
464 87
1032 1411
2517 1745
2179 1309
972 1186
2009 691
376 567
755 425
1808 1573
1581 1502
681 798
118 203
398 616
1314 2404
970 1645
1433 2475
829 1229
1193 620
1662 986
1872 1017
661 2202
701 1844
449 466
86 1603
2364 453
1127 879
477 1989
1093 619
1705 670
1121 1025
444 505
1264 2427
2496 2024
1544 211
1141 2419
1252 673
725 1836
1826 681
733 1026
2092 1543
1838 1070
689 649
1530 1722
835 255
1468 860
398 914
932 1402
1061 742
1216 353
1846 1855
696 2382
177 2493
355 1506
12 2191
1167 2477
1037 1537
123 2440
800 912
2234 563
2094 87
1878 129
1020 235
370 734
649 2155
34 2435
1172 588
551 1282
1364 2430
2104 1040
553 815
176 799
14 694
744 644
2487 48
2185 96
56 123
1911 290
1880 1981
262 2288
2193 1495
982 1978
465 1999
1896 2291
2381 129
362 1687
2182 899
1989 1085
932 1033
1776 1620
1648 1169
2101 1426
1364 1639
115 1996
1890 1764
1346 2391
658 1901
139 1171
691 64
2427 2301
1914 996
1607 1163
1374 533
1077 713
977 463
1231 2085
2484 2407
1296 961
788 1354
1473 1665
1333 2242
2226 2151
991 711
1792 1949
1417 436
2412 2199
639 1246
927 1112
654 2144
418 1439
2479 384
950 2165
2210 1748
138 2080
2456 2512
1559 1875
3 1174
608 13
1131 1314
1678 1874
2127 1458
2288 68
2400 2457
1131 1257
884 1308
28 389
1815 693
1334 1047
1463 1288
1437 2165
788 2411
1465 1083
905 1694
2264 1109
2254 1159
604 399
944 1249
1931 2060
1668 2520
441 2032
2450 801
108 305
1060 900
2474 956
262 1511
2076 2361
1009 1784
528 1453
1727 511
910 22
2414 1156
1373 308
240 1512
539 70
425 1302
1570 343
53 1580
1821 1493
2285 258
2128 2198
172 2371
572 857
2335 1965
575 354
2104 412
1031 1754
2080 1724
1031 613
1840 1582
190 2017
2332 830
862 1675
123 572
264 2039
2247 1049
1526 2116
1096 1484
1013 571
2230 1012
484 1435
946 2479
1097 2368
1170 2431
1760 196
1171 1592
120 1386
1575 1463
1656 617
2162 1561
2010 1535
1106 409
516 240
2500 2176
1039 1586
1807 1671
607 1448
226 543
705 1638
1113 978
1882 1349
429 1098
40 133
2338 1202
845 384
1680 526
1331 1630
2370 2002
2192 1377
122 1329
2393 1903
1277 2332
1399 154
2202 1831
922 99
1108 1715
2320 2223
50 226
749 1171
2118 2320
745 1868
796 2035
338 767
2295 916
1768 946
339 899
242 898
2239 2321
331 262
1989 2203
118 1082
1305 309
586 371
592 324
1022 1925
2050 630
432 775
1349 78
1824 1268
2416 19
1536 2124
1702 1530
476 2409
1691 1898
1302 2122
750 163
2375 1486
2172 2372
1761 32
402 1673
628 645
2436 921
1626 2495
674 1972
1725 215
1823 2513
1580 767
1903 1411
2334 1537
2458 1195
687 1511
2136 1173
1382 2056
2027 1049
2053 933
1563 1387
1768 426
794 473
1661 859
2229 471
632 1257
1654 82
2211 2244
910 758
2273 1116
1047 2305
1878 1716
1800 1956
2277 1960
545 503
900 2031
2389 1254
362 973
854 732
2185 1388
2393 1921
1100 1411
1209 870
30 922
47 1882
302 1838
242 14
1154 483
2029 1522
1123 2114
1096 552
2023 770
2024 1319
1131 314
1433 43
1929 421
891 1151
1388 236
2161 446
1144 1870
2353 969
278 1093
2311 2506
1890 2033
534 889
2162 2476
231 99
1430 2273
559 252
1401 2080
989 353
307 963
1887 170
1355 2511
2272 1969
271 263
943 91
974 922
677 1571
369 959
859 1662
826 1949
1292 146
1666 1516
2166 220
1461 1436
2027 1324
1503 1192
959 2501
45 227
1560 1414
452 598
384 1690
332 1318
1564 1757
162 1678
264 594
914 31
1636 215
2327 225
951 1533
1048 1324
980 1057
1728 1439
154 1982
1627 2182
919 299
172 1270
1484 1800
541 2040
279 1457
1816 1887
1271 2225
2172 106
1252 445
1021 1528
387 1817
2368 2043
614 998
1639 771
2402 588
2162 263
1680 2464
769 452
1390 1997
1937 2503
1126 2476
2511 2400
1943 1972
1649 1868
2175 1844
11 453
1388 1361
176 2120
2356 1860
717 2349
2058 369
732 1127
1135 1738
229 1757
2078 2285
593 977
476 809
2072 593
1859 1841
1696 1329
462 1028
565 2128
239 193
1504 1604
2064 1831
1159 1445
1376 2345
2194 2439
549 67
1085 155
1704 819
2492 2344
747 1820
288 1788
2058 2486
660 1924
553 886
1816 1033
1788 695
742 681
1544 1532
238 176
2349 1078
480 36
1121 929
64 3
1421 169
1627 67
1870 1235
1750 1631
1535 251
1765 1417
306 1
1622 1106
1882 2215
843 1252
1879 2184
122 1414
439 2123
1827 2131
358 1587
2032 1284
2306 867
944 46
1591 1158
2150 114
1875 1979
737 1258
2441 1233
2209 226
346 433
33 1760
722 1327
152 1074
276 2034
386 1872
1000 769
745 1149
1556 1179
887 1021
1266 1539
569 510
1843 1002
1529 2255
2363 1788
464 2380
767 861
1955 30
1832 1196
2298 125
1730 702
729 2070
764 482
1197 824
1406 1886
871 1737
1605 1732
1053 843
1384 334
1066 1581
787 631
69 2017
2457 263
1212 1668
1466 2470
2263 1632
2210 1770
1030 567
711 332
121 2348
886 226
109 1347
2057 1269
295 1250
1157 1895
1769 1620
1964 2020
898 1155
364 1196
1960 896
1048 1576
782 1235
2331 1813
1698 354
2442 2486
899 578
2456 149
1085 1980
2315 91
1303 1634
973 1464
817 1395
1817 2350
608 1733
2461 781
902 1568
13 34
1758 394
1031 307
1594 22
1588 1773
358 2259
832 1758
813 1289
406 115
524 1735
660 1312
1241 532
372 1587
1097 939
2093 2359
606 740
1959 583
2437 289
1753 524
597 1814
1676 2502
579 2455
1332 2150
1099 877
701 2326
633 1949
613 2014
2412 658
287 1391
1811 1748
1907 1621
36 1026
958 1436
591 959
1453 963
425 755
1913 1164
1188 1066
1953 119
1977 692
1584 833
2504 447
1241 2513
2145 1055
1679 1753
1122 324
114 1804
819 1188
356 60
165 726
1253 243
515 542
119 1373
1496 2431
1618 1971
90 2196
243 1887
2125 986
1133 1196
2281 2170
1045 1172
2119 826
1145 1332
2465 1556
2420 836
1196 2461
551 2147
373 244
1532 668
2368 1296
56 1207
564 2454
1632 1978
985 1854
1718 779
1873 208
326 2036
1879 2234
1211 189
773 1815
2514 495
2020 1204
2070 2170
780 869
1189 1990
1901 1241
1350 2394
2045 2356
2281 2318
223 2142
124 2082
608 316
1532 336
2129 2154
2184 2182
1993 1655
1871 52
839 2228
2214 2211
151 896
1891 2501
211 372
934 917
865 1662
1264 2064
1650 1105
2434 1978
714 2300
1681 291
1547 2443
2510 585
139 2492
130 916
537 2400
1133 2231
1637 2341
2050 520
2466 2302
1529 593
2116 1502
1410 1280
1500 397
53 630
1299 938
1058 1302
710 755
615 1464
849 977
233 492
2349 1964
2521 285
1735 1944
1856 883
1945 1106
2231 614
959 2225
605 1971
633 1682
47 1308
2232 2387
1264 1806
1807 2196
1915 2089
425 2418
2523 2343
2057 1516
1570 1385
171 2034
1351 264
821 797
1523 408
395 2055
1150 2504
377 953
1393 1235
368 1211
1929 1233
1735 1570
1204 748
555 243
2144 1149
209 2004
985 2349
356 1578
1224 1565
2359 1569
1368 2053
2298 1537
1887 293
1225 1102
2050 2466
505 1548
728 1321
1333 1975
1847 786
134 1657
1132 2514
298 1683
19 1453
773 1432
178 1193
1414 936
99 530
215 112
1743 1219
1026 2504
994 2130
1341 1176
671 11
278 2285
4 1647
2509 1857
1232 1253
352 1194
75 2455
2498 2307
2032 440
1669 187
53 2403
1398 71
2454 1937
483 1594
2340 1531
1953 2051
1118 458
1008 1653
659 1828
1350 1579
182 599
550 469
700 888
25 2196
667 921
352 1194
1508 2510
1091 961
1495 218
2510 1100
1365 2424
622 827
1278 2303
1935 133
832 581
2051 1579
313 1551
487 1638
2178 858
403 160
538 2456
483 203
269 263
1748 1576
438 1053
586 306
2464 473
532 632
190 595
847 1514
6 2150
1600 821
1498 940
1855 678
118 378
537 1889
1021 1529
1551 365
84 1267
325 2315
343 1743
940 2435
652 2484
2247 2358
855 1755
264 848
70 2349
738 1910
306 1240
899 306
971 1905
779 1721
23 1917
33 1316
1786 1574
1246 286
1746 1378
96 1633
1745 594
78 1842
1398 1750
1415 816
2204 72
2343 729
1676 273
1431 1761
2399 666
2102 311
521 776
279 405
1964 900
311 1495
1283 701
488 903
979 2112
1704 1105
1016 2483
2097 1999
538 1771
1254 1131
563 2099
108 309
910 642
1489 781
1818 380
828 274
1452 59
2214 1857
2200 929
1085 771
1519 1097
1201 2289
435 788
1157 622
1106 114
2396 2492
922 1637
2114 1435
331 1359
293 204
2419 397
416 1029
1448 638
857 1947
370 1152
1372 2405
1589 1419
1404 2248
1328 435
1299 2351
1568 1977
1643 1077
606 1578
2077 1013
1536 2476
2169 452
1497 2311
854 1836
231 662
1899 2474
2192 799
2502 1241
1842 317
591 1180
2522 1337
1971 2353
1905 2299
42 1298
1888 236
1371 1651
403 1632
296 1850
2379 2246
1280 2045
1999 519
47 1785
38 1438
783 1381
1372 1790
1393 759
342 412
1109 787
1643 287
1534 2317
2187 1959
2161 906
102 1381
1565 660
2066 769
413 1507
1801 1859
1447 1620
2196 307
1145 693
841 218
2355 1445
1448 2061
228 1262
665 813
2252 2407
797 925
1436 1758
1129 1627
360 1808
1838 1613
1323 581
1946 1778
1936 1318
147 2425
1693 793
2012 1289
2310 184
1695 700
594 808
2232 698
169 1043
1925 301
824 1730
1460 257
2076 1009
705 664
23 2410
786 1179
1142 2514
705 427
608 473
796 1409
2190 1961
313 1944
1657 1192
421 1229
2299 845
177 2253
1528 1090
1628 576
583 441
1076 1519
1488 530
1662 1680
583 1624
276 1099
2003 24
1106 233
1146 1075
1559 820
2118 2424
498 2265
838 2266
1756 1198
1919 520
492 2258
885 1589
1451 1942
388 1680
1263 755
1575 2509
1928 57
1829 2157
1693 277
18 2023
2047 1787
907 908
1522 24
1773 1652
1837 595
2393 256
1331 47
307 998
1728 1470
1455 225
1274 1114
128 845
2383 171
1287 87
123 1285
1846 128
1662 2459
1783 48
765 1350
1424 577
2256 602
966 1408
1275 2221
1595 1721
1697 593
1021 1881
919 2402
610 1180
1437 2516
2480 1401
1759 2262
843 888
864 669
1752 1440
1616 1172
1293 1472
1800 1349
1224 1976
1536 1590
719 2078
478 2375
629 861
194 626
2122 1526
1840 1959
64 1514
882 553
1625 1910
1824 1269
2190 190
1230 690
1406 532
559 1894
56 2337
1464 1765
88 1545
2135 2229
2202 399
495 528
1660 953
315 818
161 1478
474 275
924 2298
1804 1526
1557 2205
414 2451
1125 1314
155 1849
1971 672
417 2325
2370 270
1515 2020
2062 455
987 2202
2261 2083
506 904
1415 299
373 1772
1072 1356
2203 2466
2260 53
655 289
2193 1003
946 2438
666 1433
995 2522
346 2516
152 1638
1567 1837
626 472
1105 1447
433 1456
1720 2108
1310 522
1997 2516
643 134
495 1995
1461 748
700 983
1367 1473
2095 2382
952 1612
320 138
1829 1658
1585 1898
1900 2444
2409 1319
454 194
2458 87
414 2316
578 357
1092 1944
1269 1204
2349 1199
2294 1993
294 2259
369 1616
87 757
992 1700
886 2
1791 538
2356 1240
2246 599
898 307
2390 2359
2444 1804
2292 87
725 981
631 1340
952 2136
912 437
1238 2523
1032 1199
2396 1636
1926 1859
2165 2238
1094 2306
1485 899
1222 1977
657 1255
1118 54
912 149
2353 496
145 1850
1741 512
952 706
1059 315
807 950
714 1524
98 1100
1996 1274
2480 326
1261 1170
871 2302
360 2215
1182 1568
1349 238
1087 1375
867 154
1065 1220
1673 2499
1398 1074
2163 2350
912 413
2196 250
314 1077
12 2485
2453 1486
184 203
757 1763
316 552
464 2265
1414 2397
927 1324
2484 52
878 957
2222 727
582 26
2107 461
1360 1899
2099 1225
915 2212
1324 2424
2453 1120
614 385
1254 1255
2423 1398
1604 1213
1949 1659
160 1192
584 2329
2452 1907
1740 1519
2521 1350
901 2009
1631 1658
1906 120
181 1641
816 896
1904 956
2490 1996
2210 2404
511 1949
1624 923
2352 1765
1217 308
893 1483
484 1764
1221 1424
915 2168
1068 1438
1154 1828
2204 1562
2214 867
1903 1990
1225 1716
271 1947
404 1083
1246 2087
1938 1956
1159 1904
327 821
215 52
1608 1775
226 1371
486 920
1383 156
173 825
2501 41
1742 2328
220 396
39 1799
453 85
1710 323
1143 1376
2202 25
1649 1396
243 777
1044 2268
320 2038
403 2391
48 2099
1094 1065
1851 490
2101 1136
2360 284
1351 1944
1566 429
618 2303
1299 327
1671 972
661 169
412 917
2028 1504
657 2015
2431 423
930 860
1312 1144
2190 537
1345 958
1215 190
839 334
691 401
2090 1299
1959 1209
1913 1736
1562 996
1774 1326
1477 2190
1491 2269
2209 3
1425 2156
2303 1653
1047 159
1519 182
1426 1243
1346 518
293 601
1144 422
2109 1165
533 432
2377 410
553 1808
1273 2389
575 452
581 847
2385 1226
1807 1736
1885 2136
1372 1560
1486 989
984 1400
429 476
935 332
94 1885
1916 959
1924 283
521 1845
1616 128
2328 762
1608 590
646 1446
1313 1451
933 1585
1084 2056
1019 492
1997 989
871 1536
419 1393
662 1195
1364 1878
2251 1396
774 368
207 131
484 1872
669 437
1266 699
1556 1829
1008 9
1973 497
284 350
1501 730
1876 1832
1970 2514
90 1983
657 1214
1679 351
2086 456
1360 1676
1206 2046
1529 805
1653 450
2221 1343
1372 1159
929 1517
791 572
976 314
1986 2518
21 2388
1215 2038
1558 576
480 1625
45 1196
2121 2237
715 1890
1018 1189
1127 2077
2037 9
805 879
808 266
266 590
1476 1829
1042 2156
1701 2318
114 948
704 752
154 2027
793 1179
1870 1463
1994 1411
392 1631
2050 2364
296 951
833 510
1831 130
1602 1368
933 1880
362 2087
1196 704
17 2174
1584 473
1409 910
1976 195
279 1718
309 1899
507 319
78 2091
212 2232
2173 2234
1612 1901
2048 1117
278 450
1083 419
1309 1043
209 1919
252 2301
2233 1754
2402 533
2214 2134
2442 75
190 2175
1877 1017
1293 324
1913 1177
183 171
1871 366
2500 1164
310 490
2069 1188
1903 819
2189 1295
581 2392
735 316
1859 98
1704 1318
1575 1557
52 186
2145 1038
1664 2110
1291 1319
2415 1280
999 1930
1245 2434
409 1091
715 248
1798 917
2498 457
1351 2037
2505 773
654 1833
430 1096
81 1996
600 949
1790 1987
19 1125
926 107
2305 1513
2086 1485
266 124
1583 101
1354 750
576 545
1065 1848
2193 1231
1487 2120
2496 1982
30 653
2403 2153
2442 1971
1371 1625
865 723
678 198
434 2126
2003 25
118 1421
583 2454
1331 417
1951 2407
1720 1291
70 941
2250 1654
1642 234
2124 448
477 803
2355 1299
2176 1593
1045 2220
2071 1908
2048 813
2099 2342
720 1428
1011 1062
1763 2129
959 485
2113 1456
155 1511
1399 1217
2086 2018
184 1940
1445 341
1520 1443
96 1532
674 2360
2126 140
2427 1687
1829 1316
1006 618
1346 66
2126 1293
1766 1131
10 1809
2277 926
891 2003
776 1872
1260 1875
2168 756
121 2519
2261 905
1090 134
1754 623
2139 1642
2318 516
1430 859
955 916
115 996
673 1275
1287 1888
625 426
1881 2372
2296 105
837 832
487 1334
656 294
168 2314
950 430
2484 2291
1838 941
968 1074
1643 1212
1678 1784
2517 691
259 2053
505 1680
864 1316
714 367
2332 2257
1446 1016
391 571
2350 1936
1069 1884
1716 1372
853 458
1368 1901
1162 1430
801 1176
707 1467
1147 1449
488 433
1449 266
2069 1633
419 2225
794 1986
2451 712
1409 1847
851 1210
644 456
1951 1131
1692 1715
1410 1275
128 1584
2173 2208
534 1855
1795 94
2021 740
888 1988
212 2343
826 62
952 2352
1900 1839
2291 1302
836 928
764 2292
1713 1810
1193 2140
551 1464
579 1598
2431 114
1101 1522
2231 2185
1842 1539
1166 1372
290 1930
2197 597
1343 1907
1633 2172
539 1589
591 570
1450 2401
1490 2073
2460 274
1428 1395
758 78
1603 2504
517 301
729 1334
1754 98
2020 630
610 1329
1926 1848
982 1218
1503 544
1697 401
2083 225
1480 1739
854 224
2176 1341
732 816
103 967
2404 529
2179 853
1919 362
1656 1371
826 1964
295 336
579 1265
2006 1469
1153 670
2116 2123
1174 114
408 1686
1424 1995
1077 1402
1481 1570
438 2517
2450 697
749 824
905 683
2467 252
105 129
411 1959
773 1314
2252 1145
1237 2446
246 1114
1647 1982
271 2002
55 2186
1344 161
515 2005
1186 2069
275 2285
496 998
2070 1017
1425 484
561 1068
485 208
1682 1926
1283 560
969 2104
124 2376
403 433
1835 819
586 2325
2039 533
154 788
2508 2199
427 2046
135 1581
478 108
570 2047
1109 144
1530 1861
672 399
1701 1400
131 2385
2507 1838
269 1634
1933 1903
2435 351
1431 978
1625 1806
390 2438
1947 983
1612 2311
2505 1279
1274 866
293 323
2490 1532
948 509
1520 2304
1518 134
923 1590
1184 2110
1652 471
1585 2517
1714 581
916 24
2280 2006
1485 1497
761 1125
822 964
495 1605
432 303
655 1298
705 687
1009 953
468 196
249 2063
1658 968
2066 95
1101 869
2204 1395
978 630
2359 1520
7 1797
933 674
842 427
1203 1745
2256 699
2498 2346
1177 1342
320 615
2099 1172
2523 1104
562 2232
1327 1725
288 2230
1573 2021
2043 1372
1115 1791
327 1371
173 275
1079 2135
10 1737
2521 1525
2246 1323
1486 236
2090 931
1676 2503
223 1200
2365 2290
1899 1448
440 619
1364 2312
644 692
392 165
1457 276
355 2041
2110 1285
1538 946
2147 2159
1750 1546
1870 2440
552 1869
2321 1142
2017 1331
820 2435
996 80
2130 290
2371 2444
262 1364
1723 2199
1824 1944
958 1443
2435 1807
170 1789
623 218
1971 2396
1101 421
453 1632
427 1990
770 705
590 1894
2364 2109
11 1209
1882 1073
118 1185
777 749
1581 1510
1335 1273
1749 1649
125 1309
1591 687
2036 695
2331 1269
1727 1236
919 170
1677 2033
2329 2369
2269 1064
2461 1395
716 1774
2086 2231
449 1809
689 774
2479 1807
717 2048
1500 557
1295 425
1466 878
217 1549
808 2113
1614 1576
587 1799
2064 453
1994 137
1153 146
1317 1726
892 705
427 1326
2245 1392
1392 1115
1055 107
772 587
2071 1926
1011 966
1800 190
1278 1146
2130 1740
1532 2185
2315 815
2514 1876
2367 769
2296 1872
15 2476
182 2331
1798 2135
1566 734
1097 2507
877 1751
867 1430
2259 2390
1749 670
1040 1416
2332 697
367 1025
171 1913
1194 301
195 2432
729 397
1839 225
133 1306
1668 1320
499 1776
1091 1503
582 2453
2463 1896
194 909
231 664
2092 399
2030 2486
631 1105
1951 199
428 1220
1622 1954
983 1400
190 703
551 820
1801 807
631 176
224 44
406 685
2449 1612
2468 1046
2174 1866
901 284
1980 2482
1179 622
498 2269
1947 1532
137 468
1608 2493
134 1669
1834 524
2176 573
406 1594
2182 2044
2469 1230
1246 35
343 1884
930 1133
607 2347
596 1939
797 1839
1945 1597
437 892
151 877
2335 1883
2433 2097
317 1160
268 999
593 419
262 1006
75 2268
1418 640
1305 410
1321 1551
1908 684
766 125
960 2450
818 1074
2502 295
1104 302
1666 308
2361 1263
1455 1748
1442 2385
1391 270
1072 2311
1532 744
1772 825
723 13
478 2450
1970 2519
1075 1813
2402 638
1182 1880
2114 2488
1344 380
1599 1335
337 298
882 1287
1960 2372
841 1638
1604 1368
538 1280
1539 1190
638 1506
2466 2288
204 779
885 1985
1524 714
2347 1916
1542 469
2025 1007
2214 558
1331 1375
2073 935
1633 438
1878 1450
912 993
2185 1959
1183 278
423 1227
2169 297
1744 1288
799 1698
205 328
1098 956
2495 1263
1147 319
2515 790
554 1367
84 23
807 741
1710 437
1421 2085
471 666
1072 804
1058 507
2485 1434
560 2255
1809 132
133 1684
2483 1728
1151 389
1290 1150
231 1229
817 194
1519 416
991 1370
1000 1753
2054 838
240 1160
630 1300
2204 489
1551 36
2515 356
2146 771
707 2401
1611 771
1966 82
1876 1978
1216 1620
1633 1965
812 2524
1516 1986
2019 2359
1035 206
2050 268
1044 1561
1944 1078
659 1330
944 663
1883 1260
96 433
1647 464
1517 949
1672 532
1845 2054
2382 1434
405 741
1287 864
1562 2208
646 2153
1592 506
2038 2385
642 1647
1315 1183
1636 539
2036 343
1752 599
1929 1546
1516 383
1635 725
2381 2258
2150 212
1684 1426
422 2240
1154 1655
713 736
1080 1547
342 1379
2256 707
40 588
1714 1603
370 2095
2245 159
2099 1132
242 294
1500 1166
1478 165
1556 909
1792 2500
91 715
368 2112
2055 2312
2389 997
1585 1881
1252 764
388 109
2090 484
555 924
84 899
980 658
1952 638
851 343
2191 1013
2339 1898
1477 250
602 12
909 1914
323 1529
1868 1818
1056 1705
1358 1174
2321 1237
1546 1893
2137 116
453 1284
888 1415
495 1363
1650 1591
665 1447
1284 1826
2420 10
1985 2384
1928 1582
34 1405
270 1020
181 1474
1590 582
1790 702
2345 2270
2000 1942
1574 1414
1277 1709
1427 1391
1542 2090
689 2148
195 913
1688 1424
1119 893
954 2260
1091 2348
1409 605
1053 1122
924 1158
389 151
833 1046
1917 1033
1025 1423
1133 738
1794 69
922 825
2329 2371
1764 2063
2193 366
811 1996
2250 1143
1776 1178
457 2276
2069 801
1452 483
1275 954
428 816
802 1347
668 580
2174 316
1890 1119
934 174
305 1771
321 888
1942 440
111 2183
787 1791
1695 1194
468 1284
1086 2435
2070 1266
1450 233
878 2403
380 539
1619 330
28 1229
2038 1164
1763 366
1178 2293
1738 1985
950 1245
815 1307
317 830
1973 1508
1011 1635
1224 1035
1153 280
382 1954
941 604
1513 622
1784 2446
2187 2338
1487 1409
2320 894
778 308
1000 1852
17 1107
965 725
710 1036
651 376
2157 2434
1387 371
2229 444
1501 298
1052 497
987 2415
30 796
214 491
1568 2477
861 2485
1610 2222
499 746
1213 999
1368 232
2286 1024
1474 1120
1818 1089
681 2016
1658 372
2439 2319
872 1237
923 791
2430 1822
402 52
832 1702
283 1280
1449 2483
126 1519
73 1883
996 2077
2152 1959
560 1771
265 888
2326 2248
1962 1206
1664 1508
1547 211
1420 2269
1544 2314
680 2150
2370 1292
466 1686
683 1851
2479 294
400 172
710 1073
606 2494
1185 1659
2020 860
1719 1858
1583 851
1403 521
1962 1553
578 1684
945 1511
1398 1208
1099 40
1087 2460
67 1814
525 1459
288 429
969 78
123 1578
1539 1413
1641 46
1417 1124
329 1598
1190 947
1570 1729
593 122
2252 1359
1975 2225
125 2524
323 180
1476 1225
134 2018
1296 2300
358 1133
522 1456
567 2003
928 2356
736 1836
54 1232
481 1208
611 2188
2050 1627
1052 101
1664 2323
2316 627
1879 1195
2118 1003
1241 1369
24 1276
726 1907
2206 1091
2294 2084
55 80
1873 1297
206 2307
1293 1433
2483 509
1395 912
2066 1351
1 2313
1899 777
326 2327
1120 442
1043 852
1085 1289
892 1397
2413 2453
2454 840
563 704
1003 528
472 2359
260 1043
2294 1656
4 51
1016 1426
1099 2191
1764 1513
1183 670
2441 612
1043 73
1474 248
349 1864
451 797
1904 1235
55 1491
574 482
854 1110
865 182
2389 648
2175 1479
2152 717
1058 1809
848 2014
2140 2402
2165 1653
1501 2427
2001 1229
2367 1811
1571 2148
12 2301
574 39
469 101
1416 2204
1754 1619
871 2024
92 1349
283 1223
2226 2210
171 540
1055 506
1383 904
985 2240
1088 1217
1241 1787
1071 795
2297 761
1849 750
154 1173
2259 2388
1955 1704
1493 2041
1025 898
187 886
1776 1335
2019 2179
657 1289
651 426
2275 149
506 1286
1354 1147
155 558
1483 1651
191 2190
1619 193
234 2376
2386 1996
1836 2193
1081 1964
1180 1910
1372 1621
1670 1857
378 864
1553 2046
1085 2305
31 591
1744 1476
2449 2187
1457 2245
2333 2343
2426 1880
798 804
1102 1616
2110 1843
413 2409
619 2408
543 1516
1780 811
598 286
1670 2381
1406 1140
727 989
549 279
976 405
509 147
241 337
2254 1127
2266 69
134 1528
1953 1957
2183 735
47 325
1132 34
2130 2082
1971 2446
102 558
1347 762
2140 1461
1382 27
2241 1920
2082 1182
1819 2263
1303 979
2424 60
1216 828
2311 834
241 2420
1354 113
2304 1646
2140 2419
2440 2380
853 1225
88 961
1716 1558
1628 1078
842 2351
983 1954
677 37
300 2334
299 2194
364 1237
599 1363
1025 2259
2418 211
2128 2066
54 1286
1617 187
371 439
1653 601
1674 1213
2260 252
1343 386
1949 2171
403 753
2086 2469
1508 1147
2321 2345
1715 302
1066 573
375 1510
905 584
2005 2515
1983 232
1490 1967
316 694
78 1535
841 1519
1459 2170
1415 2149
1783 946
825 757
702 1356
1921 1446
167 431
1358 2464
829 290
1388 1727
1707 140
164 45
632 478
683 2308
2058 1250
2154 889
1061 2415
2375 1966
1724 2255
122 927
967 322
456 1460
590 91
1536 36
368 1089
10 2147
2117 2468
1519 845
86 2293
284 1544
1721 1783
167 1792
1689 1130
1893 1630
1989 2319
2329 967
337 1068
1112 172
2261 2003
1315 1764
713 1195
2263 1933
20 1982
432 771
1358 2226
1480 1120
1994 341
2071 570
99 1432
2051 935
1742 1958
1542 1533
1964 1010
27 2110
1603 1214
2411 1412
986 641
2519 984
1995 302
1201 346
1945 733
2150 900
377 617
1562 1293
1716 1980
17 1610
1309 2247
1489 2141
1640 2246
23 1971
2305 239
1967 2101
273 1908
28 1191
1058 1736
2161 1803
685 1152
1207 690
1320 331
1817 1282
1326 983
1326 647
2003 252
298 718
311 1508
1123 61
1658 1476
689 943
2495 1496
1703 651
963 739
437 118
2398 2226
1818 1209
1486 369
1156 1605
1028 1816
614 2079
910 1024
1294 1316
1848 2316
2210 1149
567 2344
264 1460
1267 427
803 613
1123 1396
2301 495
1231 1886
889 1896
1125 1724
2492 2385
972 1224
2339 1471
2420 286
1598 432
1426 1541
1654 1733
925 1195
2216 1566
2138 2341
1076 1969
819 382
503 189
1051 345
1145 503
577 727
1223 2140
2054 981
117 129
800 2226
893 1339
1273 2238
1162 453
2448 1921
175 908
1356 1352
2250 2243
574 2207
27 1142
1673 1149
2266 2341
2129 1497
525 2325
2122 979
2142 1896
271 259
2485 1187
1623 591
2385 2313
877 828
369 1938
812 549
1854 1025
132 556
180 2325
378 502
975 311
1174 1789
210 1650
2200 1525
1328 1979
865 245
1080 865
2200 1813
2006 1765
1658 427
1922 1530
2470 1182
1586 1207
518 1480
1590 97
1134 1714
1616 1699
954 973
302 360
119 360
1751 1053
1532 601
793 1668
553 2345
895 546
57 1201
1740 2216
1841 422
1374 1153
1659 2435
442 524
497 1155
470 1000
678 734
2135 494
3 1434
1056 210
1877 2453
2275 1491
2352 736
890 1298
1745 1985
1849 1545
367 1421
2106 131
1551 1543
637 1727
447 1638
1077 944
43 276
2515 2017
331 553
1568 879
2097 1183
514 225
847 223
489 836
843 1923
2327 2371
877 342
1196 1808
1453 1412
2467 389
1907 2446
41 754
1311 392
2225 2476
1792 1854
830 918
2249 2159
2271 967
2261 416
1085 82
1693 1560
2214 2054
2384 2287
1231 329
713 1246
1135 571
1054 1585
1701 459
550 990
1431 2068
2344 275
1552 2395
821 1766
89 459
1127 1921
986 1380
1528 1898
783 1441
1888 863
357 1429
1389 697
1870 1328
388 774
907 1645
412 81
1246 475
1313 2505
1893 2399
1270 585
1507 2459
864 1893
2165 1390
1955 396
1301 2373
1831 363
744 918
882 1938
1075 395
2453 2120
1243 610
351 2441
55 983
1505 381
1354 1853
1410 923
1861 614
310 1252
1048 452
1634 2111
674 1343
2342 1294
1753 2415
1891 1838
1373 1671
2096 244
837 1411
2421 2350
141 1506
1186 1270
650 1988
258 1998
81 595
2361 2169
1569 2233
1669 2193
785 1579
1615 1747
1006 801
489 1795
2250 1060
865 1900
275 80
354 1850
2264 1595
627 488
213 563
738 2099
2020 932
1424 538
1463 877
979 645
956 411
695 336
999 166
2173 410
422 449
879 1695
828 1098
1335 260
2261 750
1633 1712
255 908
2395 1141
1792 1102
1642 2299
1414 669
1113 410
1261 1133
442 1385
2417 2422
1887 2293
256 1971
835 1654
1539 2458
2403 139
106 1934
2241 210
2468 487
1106 2345
507 1243
2100 2089
434 989
399 2277
1185 1728
516 2469
2384 503
1260 733
1667 896
2452 289
2380 436
572 550
351 253
1393 754
2298 1204
959 2177
1537 695
1892 1230
119 1176
954 2503
2042 476
37 522
759 2460
2166 1819
1419 1652
1188 1486
567 1783
2170 1199
1186 2152
2230 995
197 221
766 1265
2116 2248
50 704
1207 62
1245 1885
1576 447
1174 1100
943 1149
1948 1423
1509 638
319 272
1745 1017
1782 758
179 1879
1322 931
1447 577
858 554
2340 1300
582 1160
908 1315
755 490
416 1823
1155 192
1064 572
1226 455
679 382
1353 1912
1845 530
1869 1020
1590 1537
547 1461
989 1678
685 2251
303 244
2334 1081
1217 1694
2105 33
1003 302
211 1146
179 542
1505 1077
1875 1065
408 2502
1329 839
1991 2524
448 2057
1986 1472
2165 2074
409 1525
557 1294
1106 209
1815 2140
1704 733
1581 1929
2368 427
1698 1039
1443 1255
1751 1952
1722 901
1407 829
402 210
1996 2506
2365 159
35 1891
2514 848
945 2018
1749 1228
9 402
1935 560
826 1122
2440 1160
1569 1133
801 35
2520 1196
169 1858
695 2481
237 875
304 398
2111 1453
680 2322
2425 379
2294 1569
1073 725
1666 20
1550 928
2225 122
1450 677
143 37
824 1011
1037 2305
2421 453
653 816
75 2489
1111 454
60 2330
463 2259
2112 1320
1209 20
1481 498
1615 686
2243 2222
2285 600
1609 1044
623 1571
2001 1949
2357 617
1641 760
1767 1412
289 1322
1185 382
2104 2189
2329 782
1236 392
2093 2248
2516 2164
147 611
707 1987
434 338
397 1254
1701 1587
1630 1876
1301 925
92 1978
1794 421
1719 1074
885 476
119 1732
2326 2366
135 1076
1622 667
229 1823
751 1399
2311 276
996 500
756 2287
44 1662
955 208
335 708
2199 743
2021 827
2383 2481
1044 1641
83 703
907 31
653 1752
1680 346
1318 325
1467 1061
1780 257
2350 968
1697 126
1582 912
2200 907
24 1107
1697 1546
51 422
921 1576
2369 1447
553 858
2373 2293
2381 12
1357 272
281 407
1670 53
1274 357
1882 2488
686 457
1268 72
387 681
1446 2459
703 91
2322 964
456 2500
592 745
994 208
1819 2258
1642 230
692 1742
1334 689
2192 1362
334 304
1895 2138
1450 2427
862 1654
179 1
1648 2304
80 499
2500 228
286 1445
633 1085
558 1766
2494 2342
1871 1045
2321 83
1667 744
1192 129
1912 114
42 16
185 1746
2265 20
558 2347
1290 464
1173 1988
602 4
816 793
36 1015
958 1610
1360 2136
1227 1880
2077 975
1889 1528
423 403
54 692
911 697
696 1526
517 1455
1173 1520
1048 2117
1969 1813
2159 2330
330 2030
667 2014
516 448
2039 1603
700 308
842 760
364 974
910 1163
1221 800
1109 1375
133 239
1199 1966
2444 432
431 467
297 509
2363 1149
1142 527
906 2205
1153 121
286 1419
190 286
873 665
2009 1026
354 986
1427 1511
1658 1852
1004 1275
802 1719
716 2256
139 405
984 907
113 1132
1472 2500
82 2216
1504 836
560 683
1506 841
984 658
562 923
774 1161
2196 231
1514 660
2184 880
885 828
2322 1286
1813 1596
1809 877
1422 2049
2118 199
962 976
160 2358
648 1914
2012 1278
1957 2255
882 1608
1565 289
1981 30
367 1409
1202 2293
1731 1131
557 1488
1993 956
632 1816
536 1879
303 440
2520 2495
470 872
1007 1769
1068 1271
1381 128
411 49
1785 1269
1270 638
1448 1692
1017 380
773 53
262 1108
372 1969
874 791
868 1265
1574 2038
1382 1400
1876 920
2293 1434
1384 2382
418 584
2087 293
114 1302
215 1626
788 142
379 53
734 823
1045 1970
947 446
1952 613
415 698
1790 2310
1003 1113
1298 2157
2323 995
276 349
818 40
656 15
1784 596
2416 1317
680 157
601 26
2170 22
1095 120
205 1118
175 2128
1035 1405
1577 1042
687 701
665 2031
34 1531
2159 2457
833 716
1134 1683
745 1956
1986 997
897 850
111 1365
1577 361
310 644
2280 729
2178 1753
1588 1225
1908 1287
2259 2321
1445 696
295 1385
2242 1253
1427 241
945 1187
1115 1990
323 1954
1441 2452
1247 1628
1158 2325
1453 2092
127 386
1941 832
1449 330
682 1440
1165 777
393 843
268 526
1440 383
1086 260
2222 1421
908 889
1237 1442
796 1991
1978 543
74 2428
2351 1994
525 242
413 337
1075 1632
291 1640
1073 1433
1183 1612
426 1668
1743 1867
2406 284
876 158
1480 1375
725 1547
1175 1694
718 2174
1229 450
1485 219
2424 1829
1836 1232
96 2338
667 1817
1293 801
816 2039
780 1227
2413 916
973 2083
1914 1249
1489 420
1975 734
2004 1709
1229 367
262 898
2275 1899
632 754
2188 1620
1454 1288
1153 2154
2123 328
2406 2259
1551 1598
1832 1953
451 1202
1779 1780
1212 524
678 1855
1382 1500
1083 589
815 1783
1811 2441
2296 886
189 706
1883 1382
1506 2392
2290 1336
570 1930
2257 1298
1728 1040
2349 697
701 2480
1598 1228
1143 400
770 1175
1395 2010
1284 1123
1585 1037
1291 105
1773 2415
118 494
1683 1688
1387 1562
412 1561
164 1234
575 2368
1842 273
2238 1428
2058 352
1781 812
534 1479
1899 1180
302 251
2385 1100
446 2307
1578 2434
122 2247
426 290
1288 1474
520 2320
431 1582
2016 1934
2236 112
462 1188
1871 493
795 665
1558 535
2336 1565
2361 1438
2073 1195
1390 1683
1106 171
1853 1365
958 907
589 988
732 181
1654 2506
560 2351
840 2403
2422 1583
2055 907
1546 133
900 1540
2163 1723
2139 1716
767 623
728 1746
559 515
503 2230
620 28
420 174
1959 114
654 2029
1767 2314
479 1834
913 1223
2297 1377
1097 2130
201 1018
1900 1932
1910 2283
1023 1991
915 1081
964 1790
1235 220
2203 932
2479 902
616 232
731 607
997 2481
1704 1550
647 467
2344 2348
664 656
473 2357
2248 136
1603 1007
2018 203
1509 145
710 1554
1922 30
659 1342
1608 390
120 12
1694 472
1964 2397
2334 2503
2092 1688
1862 1629
1841 1653
2441 1170
49 1416
1069 1261
1754 30
2244 2118
477 897
917 1550
1302 669
1598 1805
674 2181
1947 1343
2307 2094
2480 1412
212 545
233 1860
2479 1535
1498 1596
1831 727
2058 865
1107 814
1581 2136
1701 2187
1170 1491
429 1629
2325 2389
612 1283
1530 468
500 853
1329 1206
1201 2445
2130 1417
436 778
2433 342
1718 375
77 1836
713 882
1673 532
541 254
2238 623
1789 796
519 262
1755 1055
797 2275
1630 961
1698 1913
716 1357
2367 34
171 1173
731 576
832 2523
2246 2255
785 1748
1949 824
1710 440
2220 960
1106 2430
462 38
1974 1263
1914 73
1204 2208
2260 1350
2347 2269
2473 2217
928 880
570 1883
2416 1736
1584 1219
968 1031
696 1798
1812 2488
2274 1865
2016 631
56 2331
1099 1713
2388 46
1958 2185
358 1796
457 1946
745 1010
769 1092
65 2123
2296 184
914 503
1985 1910
2444 2197
370 4
1766 1819
1579 1522
1732 1726
456 1335
1939 847
1169 2420
1189 1901
797 943
754 507
1498 2012
1998 1829
1702 244
189 2215
880 762
1192 2232
834 681
1777 2424
2321 1225
772 1339
2271 450
2371 1788
2000 201
1603 2290
132 364
708 2141
2077 2346
336 746
1155 516
2400 1495
2411 1617
1236 44
1294 769
1297 1749
2275 2163
1451 1612
1130 1536
1707 1077
1569 152
1408 2260
2453 1436
2273 1823
450 1137
764 488
2373 920
340 1201
2259 1098
1682 1061
691 1253
1794 1155
1708 1610
2342 1559
70 33
877 807
2184 648
1157 890
622 939
1023 2115
547 1387
568 1054
2458 2340
1535 123
185 2517
293 412
401 2295
1141 2513
2147 804
1371 473
2252 716
2361 2445
1521 1619
2402 345
1394 1498
1608 337
944 2256
1804 816
2009 212
2254 115
1723 2268
843 271
1145 2279
1325 150
1072 1319
792 1609
2052 1298
2206 1698
355 1872
529 2053
663 1572
1702 178
1682 2027
843 2340
763 2066
545 455
1604 1357
804 305
784 2255
1034 2463
2007 773
467 1306
1417 25
472 1637
1900 568
107 1949
1684 2079
516 2392
1661 98
1420 378
634 1541
2335 1622
615 2181
1170 2070
561 131
33 1998
552 965
600 1341
1301 703
577 1500
1852 2142
1234 503
169 2360
858 1795
2394 178
1704 234
1839 2362
1878 1436
1839 1147
152 1584
224 2238
1123 1113
79 2143
987 186
419 125
607 2337
1097 280
724 2152
1931 288
349 736
1366 1437
2302 1575
1008 119
2268 751
2408 1303
2428 2388
2217 1763
1889 2346
2311 1197
1589 1958
1000 1841
1395 2496
259 2302
1884 1345
1345 403
389 544
392 127
1060 868
1128 1398
1927 2327
1868 2278
1659 734
14 1887
924 45
2419 1444
593 2041
288 823
911 1280
2228 1461
2502 434
818 2158
1003 132
989 2512
122 207
1204 1862
189 1551
245 1701
1274 2146
867 1144
919 280
109 2313
1365 1280
2020 756
1757 2309
1074 747
1602 1467
935 2155
2375 88
692 666
1259 233
2147 636
1301 1507
2109 1939
1500 1758
336 768
2308 1143
1112 1690
1521 235
866 1992
643 1795
81 533
1094 579
2237 1537
215 1431
157 236
2376 1111
869 2175
2221 1269
311 730
2509 1359
48 340
1459 486
253 1489
2027 1079
693 1209
562 1024
1705 2071
2304 1539
113 2215
2495 2073
1791 90
1535 370
135 213
1240 2240
1381 2081
125 240
1731 1271
1050 282
1595 1788
1841 1489
434 2399
1203 1940
1263 237
384 1125
1416 802
250 1431
613 267
1348 483
1599 1941
1403 65
62 1758
1196 136
790 1165
1728 2494
2354 944
893 2139
616 1404
545 1677
1606 611
161 1768
855 1170
1054 1744
898 252
1749 1772
1977 439
1801 1811
559 1464
2272 2522
1249 1305
2395 1284
1752 1613
1232 2107
1615 129
2252 2419
2498 71
638 1814
1159 1843
2300 575
420 1350
1742 1700
743 1499
631 2414
1066 1481
2218 2012
932 828
1711 727
73 203
1653 2040
2346 796
296 1566
175 1073
418 838
1453 1516
430 586
1490 2149
1295 2112
1134 1887
629 911
2347 352
2486 1914
2319 130
1450 167
982 335
2385 224
457 643
2469 2471
847 2348
877 1067
233 1494
1391 1678
2010 712
2105 928
82 730
2440 1824
51 929
1442 158
2139 2399
2502 1427
1204 2349
402 917
324 49
1258 1971
1832 625
1884 504
1042 542
7 1351
314 114
941 112
2437 188
421 203
562 446
1397 2371
708 801
998 844
1025 635
493 1215
1232 822
162 2478
2045 1293
1184 877
1071 2299
1108 40
1498 1979
895 2022
2361 1281
1067 1577
1242 2229
1213 2442
1630 1053
187 277
1614 170
2336 724
144 422
2337 2146
2432 2494
2312 957
2153 458
2465 1388
2349 2213
2099 2150
1114 1236
1672 2141
2481 671
1811 2071
2243 227
516 28
274 1246
2342 2198
1869 1725
1165 845
2255 181
2384 2494
330 1508
1724 1156
1311 755
1873 2468
1136 410
2291 985
685 1464
2064 1997
11 751
2293 2009
1471 1542
439 1363
1268 77
790 1120
352 178
1980 1510
1812 826
1578 2425
1866 1705
2046 2259
420 1272
2264 26
2136 1883
932 2326
1808 1956
679 980
401 2325
1811 1468
299 64
1839 1853
1527 1344
168 2154
2054 2286
916 343
698 1462
1703 2057
1741 1472
798 417
519 227
2026 2424
1122 2132
1876 2036
1653 564
397 1445
1404 1743
2356 749
1522 940
1467 1228
664 2121
189 820
1399 947
1004 649
1500 1943
1604 217
652 2415
1715 535
1042 334
2398 594
1416 157
777 1273
2413 746
1248 1233
1514 2442
521 1062
1617 192
574 479
950 56
1907 131
1762 327
1054 1912
1669 764
1577 1446
1769 1219
2498 950
617 667
792 976
1485 1383
2442 1246
2487 164
185 282
1969 1625
246 610
872 2064
760 2297
604 398
1000 131
455 1889
1931 171
2295 2513
1048 548
1026 735
493 2511
1193 896
1304 749
2477 1926
1255 835
1829 1313
806 1330
1158 2108
2077 130
335 763
1293 2125
477 2295
2512 2094
977 846
2447 911
1889 968
392 1720
751 869
1990 1921
1245 1331
585 1493
652 1535
128 1494
708 939
2510 640
1386 1081
940 175
1316 603
1167 1834
2426 2381
2412 907
1301 401
604 2366
1162 1475
402 1867
383 664
1502 1422
2207 522
31 2374
940 277
414 2166
65 1564
6 119
1037 1373
893 2148
646 185
484 641
1574 100
1761 1262
220 692
1511 2400
495 883
1209 716
484 1265
423 1273
2278 537
593 1433
872 65
340 1602
1240 1869
846 191
2358 2227
272 1330
848 2497
1511 845
1900 37
283 1002
972 431
2500 2082
1468 1789
2082 13
1492 618
2372 1106
2228 2043
692 2261
2314 766
854 1593
439 1549
1251 2436
49 1695
521 1984
1484 2411
218 2070
996 965
2355 536
1334 738
346 337
1110 1685
700 15
378 1058
2496 728
719 1908
1197 187
795 805
388 2206
545 385
202 1754
1879 1023
1540 2138
76 488
816 297
1784 1673
1401 1034
1668 713
255 2379
861 965
2515 416
2524 437
2183 2472
643 843
506 1507
1041 2224
507 563
426 1716
660 2263
96 1123
2468 1938
2360 897
1254 599
2361 1890
1242 87
742 2391
276 1140
441 1906
1342 407
1839 1338
1808 2490
710 217
798 2111
746 289
1879 246
951 2522
1937 1571
418 2101
698 2502
652 1909
1687 1298
1392 1514
1670 2473
104 1318
1996 1178
744 2184
1901 935
2405 2105
1346 1879
398 623
1952 1651
172 1760
1597 1112
525 2119
2321 355
889 2133
2071 2247
23 1310
51 1150
2335 163
705 1465
371 357
2143 2344
1552 2323
2163 1724
2136 1416
1321 1276
2444 138
615 2138
2476 813
1795 2234
555 113
153 2457
756 1555
180 103
235 1996
816 829
529 1164
949 488
1894 557
2054 1607
646 330
50 2370
2350 1499
1261 538
1949 168
1209 1852
1972 313
1413 1644
1552 1922
1526 1475
112 1619
1927 1347
2459 1680
586 2085
1046 1048
1677 2206
1374 1285
2078 2191
604 769
2471 321
77 635
31 880
968 1048
264 2152
1782 1741
2132 314
258 1336
717 1813
1616 2458
1881 764
263 752
1308 233
1923 31
2404 315
2147 494
1005 1576
2105 1617
561 463
1202 184
2500 2453
286 1242
171 2175
1053 222
2160 1953
32 1928
2474 1161
967 1
1939 246
1035 2480
2328 344
2130 149
622 1836
324 554
2192 406
2487 1212
597 2501
151 2440
1661 1836
1883 2286
609 176
646 2497
1707 2487
171 693
1574 1304
2486 1396
236 815
15 29
1144 2347
258 1955
394 211
2059 154
325 2160
1738 2524
1453 595
759 1536
345 2351
78 1522
1675 657
259 1099
372 292
477 735
1895 1634
2358 823
2262 1485
2433 211
348 2013
1015 2053
447 899
206 1504
1988 611
1346 1616
1219 2281
201 270
1049 1294
1019 1161
1267 1218
1786 2170
1040 1030
2104 1575
1082 468
433 1892
1628 1456
397 36
105 2315
1224 323
2040 622
976 95
2508 21
1518 1057
1229 1451
283 310
168 1459
982 1661
1760 1988
492 1709
882 653
77 1156
1923 1101
475 1039
637 1588
1441 884
1791 789
252 1563
900 1828
55 1546
638 402
1466 874
2396 720
396 2113
356 1659
1874 2150
89 437
975 555
1898 1926
493 1528
1817 2278
313 972
1430 1587
518 2215
1367 1117
2083 685
2493 1707
827 132
2402 57
1224 2306
857 1448
1750 1574
1960 581
770 2022
1668 1243
948 1682
7 1680
1893 809
2349 1584
118 0
502 202
448 1814
1699 431
613 2451
1107 639
2469 1314
1079 2474
848 1354
2288 1086
1223 1957
2027 608
1569 2194
2198 396
932 175
1536 783
1650 2339
86 156
467 404
966 525
189 349
2099 728
1635 1976
1130 1594
1088 2516
325 391
834 1987
1143 572
1172 2028
827 2375
782 1445
1274 1830
516 1719
229 343
1370 1333
2205 1247
2042 1690
2372 741
2347 1019
2150 1086
230 1426
1168 1407
201 253
1053 1942
2376 1108
2235 2233
2266 831
2487 1265
2439 1046
782 2327
541 853
68 2233
128 1191
2015 1523
2298 1811
1528 2395
969 1920
123 1051
1439 96
114 2455
2254 732
264 2266
1681 1055
832 263
2450 1286
951 1447
58 1974
1177 1374
1340 1669
181 105
1978 367
419 2401
1657 2006
2185 1482
484 271
1398 33
2393 1472
2336 1596
2275 2433
2219 2404
1514 358
198 1763
668 1612
1360 305
218 312
2037 1278
2065 2448
127 577
258 644
251 416
276 1424
2072 2022
69 2431
2432 1391
1825 1506
2372 1975
1904 1208
2124 745
44 1140
2385 2323
424 1834
1108 1430
771 215
2010 1650
1233 355
818 2299
431 2204
1624 301
1431 1802
2307 234
189 1102
1690 759
130 1944
965 868
2403 1740
1360 1519
957 944
1505 943
2389 1214
1079 1062
903 807
2221 1515
333 2132
684 2140
1725 537
774 1534
1792 524
1877 2475
766 1970
824 1636
2478 925
240 2242
1514 1215
2155 1600
1437 27
1908 1912
775 44
1653 907
667 1609
387 1973
1744 2489
1186 512
1223 1756
712 800
857 1494
780 1714
1400 419
291 2512
1098 601
963 1231
165 2007
1720 2333
1661 366
1654 1872
1310 1897
725 2203
1313 471
1493 1486
781 2044
337 1796
1728 946
118 1873
1118 423
1295 1291
582 2220
2014 1758
470 117
1981 1608
394 2431
1964 1414
1082 449
889 813
113 477
1164 823
963 1780
1341 751
783 1575
880 2455
1243 739
1378 896
1647 238
1992 2036
949 1682
286 2483
1542 1819
1710 2406
1728 1487
1362 2456
102 2166
1656 274
50 1183
1117 787
2211 337
1965 2190
1389 2447
694 2487
1075 2186
1708 1978
1336 1844
2193 2457
247 481
991 551
626 2489
352 2286
77 1619
1574 1603
1773 2310
1449 1672
1845 912
1587 1241
351 403
1153 867
2070 1982
575 528
425 393
1209 2175
1063 1732
706 1565
1258 304
1638 1620
851 1614
1315 254
965 622
1997 1025
682 2369
537 1889
580 2130
2319 1484
1258 891
1580 2504
739 1235
542 257
702 245
1270 427
826 1761
1687 422
2060 1440
1125 854
475 314
935 409
334 2357
2327 537
871 1003
234 2327
1691 2114
1641 1315
581 834
1022 416
1580 128
192 2242
2362 1225
2223 1421
156 2311
1481 1142
380 1557
1361 1949
679 725
443 913
2239 1424
1315 2399
244 105
1536 879
1137 112
1586 377
744 1578
1467 1029
1864 1479
578 2418
2439 407
318 1608
2439 594
2218 1432
1398 1088
2426 136
478 1290
829 1572
906 420
100 508
1344 283
1797 1240
1889 298
1155 146
1651 1008
289 1627
1471 1095
1478 2348
1003 417
1697 351
1713 1969
2310 1660
962 1750
2325 258
2063 16
414 2030
1128 1352
990 1721
1635 534
957 178
0 816
2002 382
849 1197
1152 953
409 1048
1998 2376
625 2105
357 851
562 230
607 618
2253 2264
953 1511
1066 331
1210 1382
544 1715
1091 1
1227 2438
997 1589
1189 1481
2237 2216
2100 1585
2524 672
626 1841
1932 1750
1485 1488
302 1076
1327 709
1944 1839
492 2228
2471 1621
1577 1466
2266 2017
237 2187
680 34
1596 435
1895 1405
1583 1028
1600 1714
1109 2348
1997 1575
2074 1648
1176 2060
611 688
2224 71
1413 259
1137 450
1306 1201
2268 1129
1578 1934
1646 162
541 853
1036 1489
1995 1523
355 1499
405 1386
2057 396
1704 904
1403 38
1393 546
1100 574
1226 586
1901 1205
1222 285
1348 2402
1537 2039
1188 748
2501 1743
148 2212
1687 2206
139 1645
264 1683
1832 946
2366 488
1273 1627
201 1748
2259 985
2296 2380
1933 1800
1373 2322
859 608
661 580
1986 1648
1740 1331
471 2392
698 1604
2420 1263
763 1409
1039 1007
1510 1773
535 1445
2460 2256
441 1999
1713 1615
2272 1556
264 1251
109 115
1739 1474
419 186
1229 2201
1109 2454
1335 1119
505 1017
1582 435
231 1115
1132 607
1328 1825
1760 2105
1760 577
2457 910
1405 1924
1373 360
229 1769
99 1720
483 1668
1955 1361
1132 1355
1170 509
1501 625
2486 1275
1587 1299
2390 291
517 1963
2524 1124
902 1891
509 89
206 1463
1855 588
2198 646
1405 1910
1590 1040
188 2320
1803 1536
1449 478
1239 1
26 1350
2217 824
100 1468
1965 1027
367 362
2216 1107
7 1153
1082 1332
561 471
1696 2117
1272 1759
873 521
180 1627
775 2004
1133 1003
2217 658
1988 1849
2521 430
1307 1665
557 1864
1526 2049
658 1533
1068 1833
423 1654
1836 1647
665 2427
833 243
1216 1569
1606 1755
2287 547
941 1935
804 1825
68 1631
216 656
1619 1831
553 721
16 80
204 2144
1541 332
2094 1381
1234 2410
1066 2448
205 1800
409 17
474 859
143 1394
1445 1498
1852 2387
301 2164
685 1203
1285 1858
18 1988
2243 802
1732 774
489 1989
36 1743
361 2061
755 1749
954 1047
1163 2392
74 2203
1149 2450
2321 2016
1584 1838
1001 474
976 2101
1599 1985
429 1570
774 1296
2441 1432
355 2492
895 102
2064 1564
2238 1574
1801 1409
1679 1384
1983 1971
2298 2470
685 2250
1573 1326
794 1367
615 2006
1252 2045
1495 1048
1765 1737
839 127
631 1394
857 1797
483 987
1943 1057
1797 1138
2024 313
821 1173
2260 1979
1617 2187
2370 548
772 562
1139 2083
1024 1945
1697 1285
703 1182
2505 1464
875 2384
1564 814
1187 314
1247 543
78 862
1365 2469
2133 184
1248 704
381 2353
1072 482
634 2066
855 1972
2496 1278
1838 2455
1441 1038
497 351
1309 162
188 1757
2234 1893
2330 2109
1471 849
431 97
1667 862
1666 2460
2420 1505
1045 2005
240 1920
235 1728
1223 1511
170 1663
1405 713
225 1832
616 969
454 2061
2257 1239
2522 171
701 1095
2125 1391
1521 1575
2389 2412
977 1644
1281 468
886 59
782 2178
827 354
1213 968
1559 1970
1959 362
1296 749
24 2118
2229 1239
1772 1116
1671 7
1563 915
2319 1724
2499 2031
392 1268
538 1053
1495 527
2512 978
698 1527
1688 321
2380 1098
1723 52
1926 1000
1833 607
2295 1361
1424 1897
1537 1809
2365 2326
1329 1017
1845 969
2122 2315
941 2238
1524 873
128 1106
1390 1514
1793 79
1102 2441
1886 730
1359 569
94 1772
2116 1806
874 2247
938 1218
1517 1306
1647 1533
1496 2438
269 714
1618 365
217 812
2508 322
943 991
1568 1679
987 1278
981 331
2335 706
2403 1442
139 578
454 957
1030 1399
1259 352
840 173
1735 1771
1743 1638
275 2496
322 1187
1849 496
401 756
415 1924
540 89
875 1777
31 487
1219 2187
981 529
987 90
2 1108
616 232
1321 1795
346 1382
2509 2047
1997 677
393 874
1960 2319
81 677
471 473
492 502
2321 1267
799 1464
2063 2411
1874 315
280 1605
1568 2454
1592 1595
1887 294
1671 2143
1371 2273
1059 2286
1076 2404
901 2404
1508 434
585 2164
710 1979
342 2081
1466 2379
681 2423
916 414
34 1937
60 1655
1979 1278
2318 183
2326 1483
69 1071
813 519
1516 1576
1017 825
1015 155
875 1047
173 581
494 2025
657 1939
1042 1930
226 1996
1161 2336
2191 2007
2178 1822
278 2464
1766 1457
2249 52
514 99
985 1226
1134 2368
1687 1745
1533 2347
1497 2036
766 1408
1110 344
2509 1222
655 1844
1177 828
813 737
1749 415
2486 1209
2180 236
1625 2158
1497 956
1614 1739
790 2028
2469 2125
1719 199
1582 1455
1038 561
1822 2125
455 1577
321 1351
820 1839
2386 0
1064 474
132 2118
1774 646
1912 870
798 1503
1593 1241
897 657
224 1748
1148 1981
2332 312
799 1401
2089 764
1346 565
1547 407
1852 1407
1955 204
1248 1330
1920 2141
1265 638
1473 569
1324 1279
1749 1872
686 1961
1178 425
40 1487
199 1460
36 201
1989 591
769 205
2522 1435
793 1306
50 768
1659 2096
524 1167
1711 2099
1503 2450
1912 608
1776 1337
966 2509
83 2507
959 2162
602 116
118 2405
954 481
68 980
1902 727
1962 1895
1725 1072
942 1619
2226 610
2351 1119
2127 1208
1022 1510
103 2255
2380 1539
73 411
833 435
525 155
321 2062
1223 1905
1905 1274
2512 811
408 794
2470 657
1176 2269
167 1304
134 208
1445 351
1294 384
1819 1305
316 435
1957 1118
2400 1508
893 513
2023 2489
1396 289
1200 604
2241 223
57 271
1670 1575
578 2037
7 120
1954 236
2154 238
536 1351
2044 211
383 1834
705 1900
851 369
852 555
470 1209
1210 822
795 1984
1611 1426
1177 1319
2132 2502
1250 406
790 670
1471 1942
2032 994
261 84
1244 1879
76 1107
1512 551
2134 227
478 287
1599 1277
2274 2352
720 1950
1122 1808
2462 1304
1912 1298
1636 1336
2093 1028
363 161
759 1343
2513 2446
1318 1003
2077 1137
778 272
1322 2058
563 2211
1446 756
1309 207
2061 1629
1598 1816
1723 1966
604 460
1804 1357
2366 1097
322 627
2437 1157
1841 894
1911 1275
280 1291
1597 1474
575 1628
997 1667
1215 468
2352 4
1895 1380
743 1764
249 2315
2481 961
1449 1146
759 1466
368 1585
2065 207
2407 2380
1554 2300
1622 2134
265 2149
1099 2390
2516 508
1149 2388
1561 2284
1751 1891
330 911
2479 1423
1946 2177
778 1621
1944 1354
852 1680
335 1269
2322 1102
738 665
1175 1937
2281 1612
2007 14
163 108
2417 1328
1544 1852
2391 2382
855 437
339 126
2289 2019
236 2281
2176 1025
1454 888
2499 891
940 602
193 1637
343 1404
2302 1848
2301 2016
1491 797
2404 1581
429 2030
163 456
196 1262
742 910
842 174
1150 863
2487 1755
1755 953
1191 896
1725 939
2318 4
255 336
93 1061
499 2070
491 2352
2507 467
2096 2101
770 151
2278 15
2234 412
2106 1793
713 354
68 1574
468 1307
1318 2329
2412 667
525 49
1195 601
929 156
1497 927
1364 1449
1855 989
2410 314
1141 2494
2150 729
71 2383
238 1793
196 876
1807 1764
1305 2435
2194 1224
57 1456
525 747
894 583
1140 1698
535 1717
971 2493
1965 1416
1075 1102
1787 283
563 1584
2020 1876
484 2418
1010 101
477 1209
0 54
1522 2390
1828 1943
692 1568
1613 1789
1764 2299
1072 33
1397 1615
1304 741
681 968
1027 954
1060 2509
2228 871
2021 589
2366 1523
511 664
2401 1170
645 1216
2112 1045
1817 1026
306 2369
1814 2078
2325 1501
2471 212
927 2203
2120 2351
59 1731
1785 1528
2503 892
2069 361
602 671
446 2093
1130 2180
656 1407
869 1132
645 357
1353 372
225 1198
705 537
2113 969
1292 2495
1094 351
279 1598
1025 2368
29 1284
984 1687
1333 2460
140 2286
865 2014
2025 903
2043 1641
1162 1846
1852 801
1127 1409
645 1378
2129 1229
1506 2098
659 582
1241 81
2385 867
127 955
1367 1960
1011 253
346 1787
2154 1958
2141 516
2393 851
2398 1706
789 852
43 1787
1760 724
2117 1116
1212 871
1214 1148
1151 512
1712 2238
502 1134
361 245
994 1793
2338 696
1640 1963
754 1406
1320 797
360 750
1775 2281
2066 925
1534 1261
726 1108
1970 75
384 505
1077 272
1328 2239
1987 2168
473 1314
821 2236
886 2357
571 999
2425 2087
1807 1752
1983 2154
2464 433
89 1607
1048 1324
397 1719
713 357
766 588
725 781
291 1628
319 8
1834 2431
1861 161
2419 1605
1477 1776
812 2345
933 1440
298 1078
1050 1299
2163 2004
11 2446
202 41
1462 1806
1180 1317
696 2264
809 157
1156 1719
1358 489
1179 79
1768 2468
2032 2060
2290 259
1455 1173
6 1907
1336 1616
1993 2004
1462 1193
1046 439
2472 435
2102 494
1090 1616
456 1311
344 699
118 1448
1061 567
1996 1819
1207 2368
338 1971
879 760
2233 1754
1176 2056
1350 1542
2059 149
1643 467
1471 715
2215 1190
892 2172
673 1020
1730 2134
91 696
1900 1115
1744 2297
93 1828
1619 469
25 2187
2195 429
708 1580
118 2080
2493 2096
214 612
375 2129
1681 2491
581 2457
1601 352
1994 237
1707 1460
1673 782
180 1455
2338 1609
150 1045
2446 2014
702 470
1073 620
1005 328
1899 264
204 110
50 1335
2257 881
642 1848
1971 1112
945 1486
2385 1530
1497 85
1486 955
1184 2110
1956 448
1386 1305
795 1219
868 1582
2257 1735
726 1911
