1977 1178
478 2259
529 742
230 103
246 182
796 1711
594 29
846 1566
2128 2440
950 1993
1622 1980
1288 2421
853 1253
777 1111
1777 1567
1701 118
1339 634
1899 805
444 1494
261 1487
2259 714
907 1582
430 402
1291 362
2282 407
124 2296
264 1630
1569 2463
1330 628
1176 1461
1515 1711
665 412
798 1934
1709 2409
153 1210
582 78
1471 1862
1221 1318
145 515
712 1181
1559 1029
1535 1659
991 1106
1040 336
1826 488
302 1488
1484 25
324 661
1401 2018
692 320
1513 2454
2030 754
945 2226
77 266
2186 2037
1395 1009
1563 1432
707 1117
628 626
2256 1264
1067 702
1431 1544
166 55
1395 432
770 1666
832 2271
1647 1396
2382 170
1391 359
1272 1658
2414 2452
105 1453
1091 876
1619 824
378 1979
1573 2156
1084 2482
1576 1600
2273 1185
1525 1504
387 1795
2316 1518
919 2165
1500 1546
511 423
1734 2040
220 1519
2328 1255
1666 2079
797 475
269 1585
2287 1848
542 2022
1145 996
800 633
13 1149
1487 793
2042 1219
403 1749
2259 2468
1833 1497
1152 2226
1927 1357
1268 2500
738 2462
386 1440
1051 1577
2026 245
811 603
816 1859
1696 454
1117 2010
2496 2422
320 160
1634 528
627 767
863 454
823 1715
1247 1724
53 2288
2336 1767
1872 453
637 2290
663 2336
1593 1890
476 1967
264 1978
664 1
659 165
1392 2284
194 544
2084 1156
1863 1786
2026 76
2519 1367
1751 1732
1599 361
85 647
1553 967
2025 85
2036 394
1046 1070
1040 2192
1115 1445
423 254
1334 1796
1211 1627
2095 2221
244 493
1676 2064
841 321
954 742
2477 1863
54 875
2241 1288
8 826
2318 1617
972 1864
81 1836
738 411
1037 1593
1129 495
1851 27
737 1274
1395 2391
369 230
600 856
100 876
1783 2428
2388 305
1360 961
1452 1214
927 279
1151 673
2329 1474
2372 2176
1594 1711
18 992
561 417
2496 1788
1145 2190
1882 2251
823 1367
2071 522
776 1376
2140 371
895 1523
817 1925
1243 1878
876 158
2301 1030
812 331
1905 1606
1578 1507
824 114
1370 249
1289 1124
2221 715
2507 12
458 2421
248 417
1982 2170
757 1742
1633 1345
578 2381
2189 608
2353 714
1522 597
728 2422
746 1229
786 53
677 2158
2112 2215
390 583
1634 152
367 840
344 585
456 2313
542 2523
1220 717
600 1032
538 1078
2084 1560
351 307
2470 804
259 1847
1920 180
2060 1992
2451 1542
681 526
1426 1596
264 628
2274 137
834 1033
216 1831
787 1631
2067 995
381 251
2003 912
1872 180
1607 190
380 213
1764 201
450 451
2096 532
1556 2329
2476 476
1202 2220
2045 207
2136 1959
562 1192
40 1569
1031 1785
4 1981
1046 1626
1938 2338
1736 94
2170 2219
195 147
1821 1623
2421 1401
1739 727
757 1016
511 359
1344 1274
398 2076
1142 1919
146 1654
134 1124
2185 861
655 1389
1883 2365
107 2435
2109 1300
1754 257
251 1687
644 2234
796 2131
2471 1133
2323 2239
83 317
76 1789
937 1220
210 465
223 806
11 357
1 2136
892 1056
874 578
1488 2035
2206 408
1756 49
1992 575
283 1180
1721 1476
115 1374
2192 1684
331 957
2118 1421
1936 258
1498 931
1478 2395
2289 634
58 2102
1081 1378
648 2168
2195 993
2310 64
1881 1639
231 2295
2443 255
1673 1257
2390 728
1955 986
2367 2030
542 1799
130 1984
321 1540
200 541
1851 1862
294 2373
1212 1255
312 1794
397 1731
1791 1418
415 212
1530 1611
2096 809
1860 17
2265 1324
1912 946
1890 1809
1443 32
847 2265
2298 1113
2377 1191
1668 575
1513 578
1717 919
1371 1804
557 214
593 293
2201 1384
141 1655
1072 791
664 1832
2029 789
630 616
1987 720
1401 960
174 753
2267 342
343 2168
223 2303
574 2469
1315 1526
724 364
411 842
1767 1763
1108 183
2231 256
2472 156
768 2025
786 2366
1002 1867
2329 1947
2312 1271
1319 2399
2434 271
12 331
1780 1967
838 1863
2325 317
400 449
1263 1486
141 2473
1478 1729
1298 1265
196 825
1856 1840
106 874
1678 1000
75 1359
1527 1479
653 2285
1336 1345
1907 10
1743 1623
2352 1766
10 2111
194 1710
493 1827
2004 1973
761 1494
1794 274
2346 1362
411 1135
1402 1170
910 2254
1018 230
60 1869
2471 1548
521 1128
1692 2264
1469 1193
1659 881
17 78
1345 2505
957 2312
2222 723
2081 1376
145 1316
434 1473
1639 2188
1318 1025
2428 732
1548 2277
1992 21
1906 1055
1182 727
66 321
2150 92
2176 2016
1209 58
1073 388
2027 2217
2476 1252
935 1175
1713 244
274 835
497 2068
589 584
1828 1638
848 1376
1920 91
969 1924
2445 72
183 933
60 2291
1170 2447
1397 1083
2352 2086
2001 430
50 1303
1591 1201
1462 227
217 1810
1957 826
946 2251
1605 1127
2201 82
2512 550
194 2327
11 1749
2332 1493
2225 870
316 213
607 485
1730 1769
2148 1936
2104 466
264 1500
643 533
2268 1360
859 1675
1117 1481
2001 1287
1564 424
725 135
953 1401
2181 1181
1510 166
2022 1376
1358 2074
1726 2123
651 661
1424 103
37 2344
2218 2207
448 2230
362 2044
1859 8
2273 1588
1683 777
2381 2181
2392 482
870 512
974 1392
144 528
540 2402
2347 2020
119 239
396 2152
807 1933
1036 2246
1831 421
778 262
164 305
249 875
783 1498
1905 1503
681 2489
1817 684
553 174
2386 1759
1650 1939
1800 1361
1201 1443
1 908
1617 1521
1106 2236
716 1148
1492 2179
376 1789
267 2184
691 751
615 395
377 541
2475 546
1502 1460
1745 1483
400 1936
323 998
181 1721
2434 2034
1381 369
1461 1846
1634 1040
1800 747
1717 2003
1863 2381
1301 1830
948 764
2093 91
2401 2447
232 2186
609 2338
382 1315
849 1717
140 1667
277 2419
1971 2146
1688 1722
2063 1382
132 581
1945 1724
2111 493
1519 1100
289 927
1922 94
452 2053
1181 880
1682 737
38 868
1018 2011
2369 1877
2300 117
487 1717
1725 1378
672 2011
2400 2052
1140 1854
1181 432
703 1737
2011 422
2521 635
1142 2040
2238 2358
988 55
582 751
190 37
679 1816
2132 2143
1342 320
170 2484
1273 2404
686 1506
809 221
1154 132
2079 845
724 1613
745 1166
620 1846
666 1925
2445 1156
1580 2287
1333 1956
155 1345
2270 1523
259 2505
1601 1622
1020 1931
1531 949
675 411
2047 114
656 1642
2268 2108
1336 2115
407 343
1784 2345
1583 1109
1291 2158
1571 1094
1526 1491
636 1606
529 2220
1049 2414
625 120
346 2243
1456 228
669 1492
322 1394
542 873
1055 174
1249 127
2454 2094
2164 316
2308 1160
1172 892
288 791
1754 1197
1321 1
149 46
1448 234
864 1610
1080 2238
2327 397
2003 1205
1249 964
138 1789
2414 161
1959 628
2480 2404
106 1547
612 781
1663 819
331 779
1346 479
1783 78
791 107
919 541
588 122
2286 1560
2396 911
1936 1838
68 1592
1077 2274
894 326
1919 1617
981 2043
1128 2520
1643 2377
754 2241
1391 1823
931 1365
401 1939
500 1003
840 103
1561 1882
2027 254
612 1590
2336 487
1012 94
1864 2173
907 298
1358 527
1289 2507
495 737
518 2419
404 250
1167 1532
1854 498
253 1629
260 225
2063 358
1608 572
90 1656
130 1136
758 1311
2379 345
1146 1180
2412 631
1165 145
1349 1693
1893 1788
2457 579
1753 2133
1991 1979
196 1003
2005 760
1750 1117
360 292
2416 2031
2006 669
1661 769
267 707
814 1488
1410 1114
1139 1332
1707 121
982 1420
1122 2301
1248 184
750 1456
667 2227
1635 1790
586 1730
2385 1360
1763 1670
303 648
736 1121
2191 1156
1976 403
1166 534
2246 658
1894 2481
1042 1524
876 1572
1401 1565
2406 493
710 1542
548 1180
1212 2447
1720 1569
740 2154
1081 2038
2194 702
1851 1790
1591 162
2514 1681
584 2372
1113 1905
364 2250
485 1007
1874 66
738 1204
328 461
2094 535
1520 628
1094 1841
336 422
273 189
787 117
188 1849
2397 1710
2008 89
570 774
1561 1034
277 123
2236 2388
1703 1946
479 2262
1292 798
1127 1820
1977 1345
1276 933
2383 2292
316 1494
1761 818
1066 1780
1439 2267
1221 2132
115 2090
1681 60
2330 827
1851 2094
136 2226
1175 2423
1868 1817
1214 673
632 1424
1993 1728
2251 921
2448 2089
1956 562
2157 1110
843 499
2320 167
939 530
1472 2430
2232 878
1362 1504
1789 2396
1777 2450
1816 1809
1083 211
608 714
499 59
1914 121
915 1034
2154 2047
2433 375
32 2414
1631 1747
2267 637
890 2016
52 115
360 2191
26 2260
567 200
327 2495
2254 2141
1223 227
2200 2185
1230 809
499 2370
534 1876
1014 734
1822 840
811 2464
2158 1799
850 1017
1958 1964
332 1019
122 1231
260 1011
969 620
1310 328
1501 699
1245 1193
683 1722
1955 238
568 1547
2069 255
81 2192
1636 657
886 1794
473 871
1640 1892
771 1992
1106 498
1008 41
300 832
2122 2392
986 985
1126 306
73 1883
2301 1064
1223 2311
2219 1870
1604 841
1101 1837
1326 2119
106 957
1870 817
781 2271
1667 387
2481 1348
485 561
1464 1601
594 1572
1256 814
296 1665
1518 2316
1212 1372
2487 71
1677 691
97 1250
2257 2062
1275 2181
2298 901
915 1838
1620 2449
131 831
782 2005
50 2190
659 274
658 1030
1916 889
340 2108
2312 252
817 2464
635 547
1648 2438
734 1536
1821 519
1612 719
1393 1330
1071 158
2184 1980
930 217
565 1370
1627 1312
859 2098
2389 2522
245 1092
178 1093
518 854
595 629
1420 952
2248 2121
41 959
171 1744
1396 1449
781 2265
545 1306
742 1392
2015 963
106 2364
1487 9
2012 1389
2365 1595
1519 959
2372 500
542 815
935 1051
1023 242
644 278
365 346
2211 922
2436 1061
1318 1610
1655 758
1774 2208
833 1302
1750 2077
2175 1688
807 809
163 2342
2027 362
205 2441
25 1353
234 244
273 173
1909 1647
1237 1621
247 499
740 295
1923 2032
281 64
1269 250
809 1515
2233 1283
2072 103
2180 1376
869 799
2048 1560
1901 526
1146 490
980 26
1028 435
1708 401
1600 1757
621 2071
2193 1197
879 1348
58 491
1222 1356
1268 84
725 2254
1232 2237
981 1236
869 1433
1802 724
937 520
220 76
1197 1659
2461 1678
2290 1243
2148 1682
1331 2337
571 1028
271 2199
1989 2114
2282 2080
105 1392
1683 249
430 1913
472 2293
731 2500
1185 2359
2228 1980
2146 2487
1648 658
1855 1044
1047 2507
1762 1813
1745 1265
1439 2330
321 2410
1884 1404
1308 1520
962 1156
92 1747
238 1794
1100 522
93 12
1714 1369
143 109
2329 63
902 2290
1255 529
1756 1119
462 372
1645 750
96 2496
763 2468
1139 55
1813 734
1578 182
60 1338
758 1634
1056 783
1243 832
2179 2169
530 2105
2007 608
151 1223
226 1626
1433 712
433 2090
2103 1776
1491 1874
1884 1293
1644 1663
683 747
2475 683
1984 1640
773 2510
1780 1056
2019 2408
591 808
1550 1448
849 948
612 1252
118 736
1993 2494
1151 1714
1909 390
511 1532
323 1133
1419 1416
1274 1857
874 586
922 507
503 1455
452 1096
196 1493
854 970
1756 2086
2129 2369
1067 1327
70 1130
344 2400
203 1943
1327 1177
2289 1191
1204 2203
1556 2098
1972 2338
2282 1904
146 320
815 2234
1993 867
2160 181
2022 991
1201 2331
136 2284
827 1044
1426 1165
1449 1827
1253 252
1876 183
1719 832
2325 207
1776 1311
12 2178
1674 54
1630 907
2434 1448
1634 242
1608 1617
1383 91
1243 1296
134 1927
1112 1002
1185 2105
1809 2133
727 2055
1911 309
2227 1739
1148 2050
1259 773
2021 297
1529 1950
620 1697
699 1119
2082 1454
1296 1823
2104 1779
1347 2232
2294 1644
2361 2301
913 1765
1400 2270
696 315
1066 2505
637 1921
1512 1721
980 999
1157 629
813 1439
1622 1600
694 2070
1404 303
2281 1569
1472 134
361 1126
559 1851
208 697
148 371
769 1960
1457 243
1519 2201
1264 43
36 694
1025 1283
1764 2122
2503 119
1056 729
1242 566
906 1556
794 1288
955 2287
2444 787
2023 265
1925 2222
154 2144
1119 1239
789 1020
1922 542
774 782
1908 886
1439 246
1580 1106
602 696
936 1931
1375 427
2397 1192
118 640
579 40
1182 726
512 1367
841 1773
1504 1620
581 125
242 2346
257 434
195 1039
2455 938
1491 867
35 2396
936 875
1928 2420
698 2118
607 1435
2340 1020
752 724
2082 2365
1801 349
1879 1233
83 382
425 1308
1013 2278
1490 456
428 188
425 1854
782 2368
1801 308
2393 2049
2153 1124
2002 1779
1563 1291
1568 131
292 250
1389 1175
2127 753
494 2514
1844 617
1221 758
1227 742
1472 2261
1886 949
716 2262
750 857
1986 512
2157 664
2239 2247
823 1293
2248 1949
2340 932
1368 1961
1503 1583
1701 240
87 2049
1845 2057
432 1321
1430 1937
1004 2472
1088 1659
567 18
1501 767
2149 2118
1714 1314
728 2111
2367 2366
2396 1361
1744 1043
1570 1663
1521 68
1648 915
640 1991
2380 273
371 2238
2217 734
2058 1089
2431 1399
2306 1518
71 780
255 1250
474 135
1397 1612
1624 467
1673 1854
1852 1764
1464 488
1511 1066
1846 413
1628 1051
1569 808
1839 222
495 1634
1275 1465
1578 2259
1704 2205
1340 860
36 1503
890 957
2058 551
1255 1016
1388 394
2080 1864
289 1261
1751 334
1244 2316
1609 1889
992 732
425 300
1010 1602
1991 2302
2358 2235
1431 74
189 1372
2313 2210
1419 1800
2432 1312
305 1085
2133 1042
1943 1081
1441 1449
671 397
1960 853
1913 147
1085 2495
991 2360
514 1472
1300 1012
1453 2126
1146 2343
1886 1132
2213 587
2121 15
2336 933
1589 2507
2429 75
2021 2219
683 2018
2489 303
1822 2247
1115 1154
739 2107
845 1678
1286 1696
2319 646
1974 2497
917 1739
197 1698
741 614
1300 1635
706 147
979 1905
951 513
1612 1173
1477 1348
649 2123
670 1834
768 2420
346 2053
324 1460
710 410
1085 2116
308 696
2478 320
487 1826
1247 491
115 1162
2517 966
255 684
1872 215
2347 515
1878 111
2230 503
573 1411
2280 2076
1857 2132
909 177
1714 261
2415 827
327 1508
1980 781
1729 2082
778 1839
20 1372
2156 2329
1918 1338
1278 815
2043 2165
1085 2109
1799 668
965 2288
265 80
1306 1287
1047 1467
1418 2243
2086 2251
2301 934
1077 1347
1707 292
1927 2340
1816 1823
780 1530
889 65
1949 558
1641 704
187 1592
1516 2480
223 2073
1487 890
127 2009
1240 997
144 1275
1633 2322
2366 142
314 628
2515 932
601 1818
1600 1523
291 1156
1252 1844
2008 1546
1456 1492
1428 1753
410 2268
350 2159
287 1600
437 634
1944 361
606 2139
379 463
335 225
848 689
2386 864
1403 524
1425 784
1111 839
1656 1850
2316 2333
661 2460
369 693
1824 639
289 2421
123 1100
1219 2213
833 1002
702 2424
1574 0
1256 1946
1120 2436
1947 1387
817 2339
1276 59
231 2248
1117 1110
544 1705
1944 219
1867 773
919 1276
1585 1354
2049 945
1357 234
248 128
2330 2140
521 639
2003 727
493 352
282 106
1953 1075
2094 71
622 1101
826 1811
1373 594
1766 1411
87 2334
282 212
1769 818
508 1773
1301 1938
18 351
897 948
1457 1437
2234 1760
384 2226
772 2276
1158 1948
1773 865
560 1749
1846 1944
1030 1987
1065 1059
153 139
54 1377
284 239
268 1942
1891 2131
2440 1098
892 343
577 1284
2285 1040
2446 698
1195 1312
2499 104
550 305
2127 1648
2383 1065
2310 1973
148 524
1531 125
2524 120
92 1463
1356 1346
1023 1964
1560 2382
1812 1590
1300 1691
1678 789
2078 254
1049 294
278 1422
1736 1126
1126 1716
467 763
21 2493
799 2159
1793 2297
704 1820
1380 2341
242 1265
2110 920
712 467
1099 1502
1595 344
1166 244
424 111
446 399
2143 2326
748 82
1226 1946
2204 1956
409 1883
2113 1428
132 316
1250 565
1670 2368
250 985
1258 380
2275 1926
1567 2255
2301 1542
2408 2047
1433 2002
464 114
1031 1142
810 696
664 175
1300 2004
880 2508
781 1725
334 268
2154 424
2492 2154
146 1704
2053 1122
2318 641
682 2215
274 1969
874 693
2238 2328
145 551
2212 1560
2465 1549
2171 2148
2488 1480
865 1839
2456 13
439 1829
652 739
1419 612
1830 1212
2292 2255
635 2281
1891 350
501 1303
523 1810
2018 1477
1331 796
2202 2036
815 843
1548 633
1660 234
912 842
1057 1612
2067 1250
2144 806
2155 2475
1404 1690
2346 1288
2289 85
2181 1749
351 1830
1016 2398
2282 7
1060 947
2161 1624
685 1492
1080 116
471 2404
131 681
2378 766
2321 1260
237 1622
1951 699
246 2248
373 2116
1682 1502
1737 2432
965 469
1887 2159
1730 2352
794 1937
2453 1746
1169 2115
2113 564
1592 1522
315 1600
1597 147
1021 1965
956 2414
1535 1694
646 1418
1321 434
735 2136
84 1005
146 973
2165 2521
1082 321
852 144
1741 94
813 443
1764 1871
2099 2326
825 2472
1166 227
2105 117
2353 2125
1464 1820
1764 2445
68 1671
413 2104
2337 445
1104 227
2169 628
166 832
773 1508
388 725
1201 1638
1433 29
2274 1515
1094 1960
595 2050
1961 2407
1375 1264
2184 524
264 2110
536 1286
1648 1778
1344 692
690 1259
2126 2477
297 1679
1236 1710
1919 2221
628 884
1232 1290
301 2029
2213 460
955 2151
1388 2060
2344 2317
2473 2069
925 1406
469 111
148 1666
700 1808
902 1428
1021 2274
199 974
1356 307
1362 1867
1993 1734
539 219
1613 61
1075 2393
2295 1217
2354 90
2046 2303
1214 9
1048 1193
78 950
335 894
375 396
1541 2153
931 1600
1106 296
40 120
399 764
862 1626
2514 1409
133 353
89 1898
1975 1411
448 406
614 1981
112 150
678 1934
1920 1182
311 1003
1764 1967
1569 883
952 1575
1190 958
2267 1139
1729 285
2128 1903
1530 2482
2290 541
1120 1022
2368 88
1636 2159
507 2257
841 359
643 1582
1019 2017
1043 722
1059 1227
948 1348
931 1070
777 736
903 2
2227 1482
1968 1010
1318 2448
1836 1640
2433 1065
1475 1479
436 489
2501 374
236 1757
967 630
770 302
531 2115
2062 957
528 2070
1413 15
1747 1067
2457 1772
2278 518
983 1777
2388 1098
1299 529
2118 753
775 2211
1702 246
233 1597
142 239
653 578
2397 303
2036 517
511 2256
87 1192
1554 768
2328 947
2019 110
360 1939
1543 1765
164 1957
931 1225
1990 2112
1537 54
1879 1429
132 331
2053 529
1115 1551
516 1896
1267 1846
481 1987
1194 177
2421 792
370 810
637 497
2183 670
1529 743
1763 1488
1954 2239
1256 1157
2455 660
929 1651
1525 2199
72 2177
1534 1807
1353 1087
1886 506
754 745
1981 274
377 467
898 1468
592 970
58 2288
1454 2159
1429 1476
59 2380
1351 8
533 622
1834 2367
583 606
788 1571
1981 2336
976 786
1090 882
626 538
1471 196
1755 319
1393 1014
694 399
2422 77
209 289
1792 1110
1572 2131
1695 1024
1942 2430
1928 885
1774 1977
677 2196
1643 1556
1622 2307
2095 2103
522 207
704 1955
983 1329
1501 1946
2523 2520
1542 1595
13 2359
629 6
2373 1170
425 240
1153 446
1288 1706
936 1641
2430 1009
960 651
520 971
837 835
326 860
1319 282
1069 1624
2497 109
963 2180
2318 699
284 1004
361 2470
410 1292
946 709
2242 1606
590 761
628 842
1950 2513
363 501
1471 486
1281 706
2188 1429
444 2163
1483 1054
1389 1598
2112 2314
391 1924
1183 1632
383 885
419 635
1565 2062
838 2453
389 1060
89 2362
1165 2419
1156 529
1407 2300
1290 2250
1679 1548
517 1288
749 684
613 78
790 337
2032 394
651 1250
1365 649
1597 1809
1833 1201
770 96
523 1477
2180 2118
2228 2032
1288 651
2106 1458
838 2204
1041 294
1979 2193
1749 2235
111 1186
2223 1631
1782 601
248 2269
752 793
388 1017
1969 1081
1032 933
2225 1085
804 644
216 1383
2497 788
649 941
1545 286
1873 529
1080 1596
557 1162
463 105
2014 1989
1159 1107
2084 1775
2001 2384
2016 696
209 2383
1666 341
1720 2097
33 1026
1531 1561
2388 1364
573 2058
705 1265
1934 984
2116 1388
577 2246
1842 822
2367 494
1080 1757
1075 1129
2172 1004
606 1236
352 248
1789 1966
1135 417
1039 838
360 167
334 362
1822 1406
742 357
1299 2398
273 437
969 1144
484 1958
1658 1766
151 1801
1307 2485
157 783
200 813
2003 424
791 39
2214 1225
1828 1856
1955 697
892 1754
9 56
2463 1588
1749 2173
861 2248
2288 943
1781 1749
2175 279
602 954
1660 1834
2140 2059
1197 636
359 1000
8 400
889 2161
2022 95
989 1790
240 2155
719 78
873 1234
893 1831
840 403
1010 325
1876 1474
2012 637
898 1741
758 1012
1158 117
2427 1255
1759 2504
2292 2231
1422 829
1136 1440
1881 2115
2000 1015
1960 1063
1954 753
2094 625
887 1012
1436 1160
293 1185
1789 1777
1877 1076
1243 1905
1232 1315
403 392
1415 1339
1475 935
723 344
875 1923
1461 2524
1992 2031
2497 278
2340 1854
2366 961
985 1911
1569 58
1566 1719
386 1259
540 1487
2058 512
305 921
2497 1446
64 339
1899 1931
331 2149
735 737
401 2014
2231 1290
179 1221
774 852
1208 686
1679 1774
2110 2270
1096 1858
1092 741
546 2092
1334 42
1589 1639
384 2089
419 2068
118 150
1177 1557
2268 326
79 736
1617 169
2344 1434
1985 1330
1098 2460
2422 2384
1174 1866
2450 14
488 209
347 468
1982 755
1069 535
101 1478
303 1991
967 625
1519 2200
751 901
80 1580
102 317
1364 1439
836 748
1806 607
1652 1364
478 915
8 304
84 1744
846 158
790 724
769 2237
1850 1133
2253 1527
2016 1469
728 108
812 478
664 1744
1801 2278
1343 2346
2286 101
899 884
951 1266
740 85
1116 1162
2482 842
465 938
1496 1943
1128 2208
940 2453
759 2134
2331 2263
795 2179
2191 1482
104 1568
2386 1726
2155 796
800 372
1895 2248
468 222
1386 1319
1468 2080
2275 2433
863 725
1850 956
809 2279
362 323
422 642
2088 1683
2088 2364
1213 2268
1900 2040
588 613
1873 1732
1542 478
700 947
513 2288
2391 1485
300 2158
1837 973
1973 1632
1042 1133
1835 2300
354 1474
778 710
428 1090
1874 65
54 836
229 1525
2179 1708
2177 302
1156 2418
1167 86
2370 2174
706 10
59 2079
1970 751
476 2076
644 1987
1941 1492
1454 1236
425 1723
2132 270
2444 2408
1466 2061
1430 61
1745 1705
2337 1448
1245 971
418 1139
2356 1457
1806 1704
2363 2371
139 1623
594 1153
1939 425
321 2129
501 1392
1871 912
1377 959
571 1872
1359 141
470 301
1294 860
2475 1939
368 1978
1077 106
2454 1747
1510 414
132 1175
238 561
1254 1723
228 1326
1681 2100
540 1016
1346 1005
556 1375
1790 1321
1962 1941
1385 1200
545 1876
1975 1757
2203 105
415 1063
678 1247
2520 971
698 144
320 2005
281 722
1434 1124
760 2143
33 1705
822 729
480 758
2095 622
2265 131
2389 95
1872 2346
2438 2110
92 1223
1113 621
407 1738
316 2265
914 1128
843 181
1490 764
1516 613
172 6
463 1674
1410 2185
1249 2004
476 1038
1742 2094
2077 84
2395 2294
1360 1266
226 332
93 224
1655 304
2034 533
645 2515
1283 862
211 1772
1929 1536
102 432
10 257
2404 2180
635 761
2163 2338
540 984
1347 2408
1036 95
182 1410
1746 789
1565 194
1831 1703
528 2375
596 1725
2166 1671
368 1763
1588 2384
1762 813
304 386
36 1337
274 1405
825 571
1637 775
1831 2276
1886 263
451 646
1392 2359
1669 311
954 75
2048 1086
486 1640
2465 1828
176 1596
802 236
1355 1434
2420 319
959 291
717 477
1624 677
352 2279
1011 1132
1683 1278
74 2
1658 140
2223 2351
853 1133
799 1823
1566 1025
495 1762
1779 1949
87 548
593 2521
2428 2370
1598 1438
1227 758
472 468
1289 1361
1148 1499
544 2163
435 249
569 41
1821 975
2515 1631
2225 596
2104 619
1977 460
150 1370
1153 830
1314 823
1268 1512
2240 1881
913 1284
535 234
1034 1069
1286 73
2269 8
1812 2341
1280 1674
1388 2390
1322 2217
1376 1569
1997 325
2107 877
836 2338
964 361
72 1800
1075 2445
1734 287
506 1564
2041 995
34 1334
823 106
771 26
1582 1610
1374 2277
2031 2524
1487 897
946 898
889 2251
1470 1929
615 795
2499 376
1108 1128
1577 528
2021 2428
2386 2251
1260 779
1295 1506
1547 2174
307 59
39 839
1036 1639
406 1778
256 293
1763 1785
909 634
2003 2037
1741 1699
1052 357
713 194
967 436
57 599
895 117
1381 1332
848 675
431 418
1616 1109
1360 1858
1549 2070
200 1410
1807 2353
1972 1794
263 429
2236 1725
1285 342
491 997
581 1446
31 1774
364 1379
1869 469
1252 2283
1826 1868
1554 2037
1894 1418
1292 1675
1173 68
23 542
914 2054
1798 636
322 281
1956 513
2515 911
279 1963
232 945
1771 2427
595 59
1308 1239
613 956
1481 782
2135 1071
225 589
1598 706
2366 2408
2396 1142
426 1365
1755 1586
1524 2406
683 1311
2268 2232
2117 2300
15 1290
2057 1820
2239 1874
1312 2476
1170 108
1906 4
1547 858
1707 2411
2237 261
2 2449
395 1809
1750 119
182 1137
787 2265
1051 1315
1144 2025
495 705
1927 1346
1041 808
863 1536
1394 2427
1266 2121
2224 1707
2330 1678
1189 2292
2298 1109
1429 2399
2521 578
2420 2502
354 1843
1467 502
1250 117
1819 2138
2196 1545
975 1281
59 2518
522 476
1028 2393
470 1824
742 1741
758 1821
2331 2043
2371 276
1425 69
808 1292
1314 197
1464 1414
1607 161
140 743
39 1625
2117 2030
699 809
24 630
1415 941
1520 1679
1211 1604
117 28
1185 1200
1861 1295
555 1764
2460 1522
2042 909
1600 284
879 57
337 1318
1219 1058
2264 519
680 1608
1279 1563
1351 2218
610 730
659 1232
1405 1438
1194 2012
1051 2511
2058 1892
48 578
1864 553
380 1917
1067 1651
2084 1486
1873 1471
294 2063
2263 1323
354 2114
278 1955
2143 214
1489 2127
336 1988
1134 2081
1623 1601
2319 1911
650 2329
1784 609
1092 1896
1370 1205
2239 921
2516 491
596 1405
2488 2308
69 2236
1103 674
1136 1279
1790 2036
2078 831
2216 1355
2062 2029
2141 2109
368 1827
1946 1735
2244 1039
506 1140
761 428
462 510
23 1660
743 2521
2322 2449
1189 40
1062 1386
1133 1646
220 2463
1230 884
399 1971
2068 519
1337 824
681 70
2309 261
1731 1443
2029 115
1055 742
1176 182
2350 949
1698 1193
2425 1081
167 559
2249 2109
736 637
1402 924
444 2165
2255 494
2360 157
310 783
2344 751
1373 1955
1544 48
347 127
2072 1774
1075 1463
1625 1564
2147 2228
1269 800
1899 1824
1531 2232
1593 2210
1822 694
1669 895
1813 452
1775 1710
146 123
1848 2084
1372 902
261 301
1160 2339
1934 67
1947 2068
1376 1755
1300 1373
219 591
575 1280
1133 2072
2268 1957
682 2214
1419 1788
1751 2510
1800 1017
1187 2308
1973 31
325 1047
1610 2067
1639 2180
172 1772
1022 2485
1255 535
2242 622
42 1435
293 1312
941 900
1812 1867
986 581
2355 461
332 1998
1491 700
983 1835
979 1751
1882 1052
1857 281
504 1784
2451 2374
1980 2178
2182 1381
1919 2047
1979 1150
2332 1979
456 2376
1873 171
1537 131
194 1434
905 142
1146 2297
1898 1266
1542 855
2502 1594
467 1802
2265 281
867 247
85 711
1995 63
65 787
1194 2178
1326 154
1408 1747
1924 1249
1824 1070
755 1923
684 1337
2163 1475
1449 1606
821 1138
717 2338
68 1298
514 1101
2071 725
1790 1757
187 1744
235 1272
2020 235
138 1577
1664 625
494 1852
128 805
695 2304
2504 325
771 1028
2456 2148
430 393
1717 721
246 435
384 2113
1863 1236
1100 1957
581 778
2348 2328
2199 229
2496 1956
897 0
1380 2065
1471 240
1849 640
1520 569
664 1502
978 1352
1779 2488
15 374
1269 1938
333 2395
586 181
2291 516
1549 285
1548 1136
942 663
317 1768
452 726
1091 1324
128 710
546 2405
1531 2079
111 72
1571 537
1830 1818
1122 2335
2142 994
1328 930
514 1723
1874 1889
2059 364
62 1489
1555 2006
991 1017
4 2129
1588 170
427 2485
2406 634
660 1580
803 2071
2491 576
2157 775
202 560
623 2346
1798 717
1802 2160
1539 1910
2481 2092
233 931
1458 831
280 1282
1045 790
1322 1444
181 16
803 434
742 1115
1600 1941
880 780
627 1901
1565 696
2401 865
1684 1558
2449 708
815 2219
1842 1494
1202 2321
303 1078
768 1170
2242 187
297 1094
1722 1541
1860 1450
436 1745
1461 1087
785 16
2364 528
1754 1004
613 1172
1889 1969
603 1513
1235 1715
785 2518
184 1488
789 333
2093 472
422 1324
482 1086
1714 647
704 1884
2498 1045
1027 145
1216 1344
537 125
503 1571
1361 2089
1429 1569
1295 1166
2373 728
67 467
2372 1622
2265 613
2391 104
335 584
2269 2490
1359 2405
2209 2002
1206 243
2034 1430
127 34
2420 1496
395 571
442 771
2501 1531
377 879
1175 2255
2088 181
448 852
697 1231
1432 1005
1680 652
1589 229
1943 294
503 969
2357 1596
816 1383
1211 2318
585 1601
1923 2457
1796 472
835 2441
832 1656
356 1068
720 2464
660 658
44 1453
2075 2106
260 506
479 564
242 861
2198 717
458 1370
1208 1120
725 257
557 646
1017 1863
2381 2408
201 362
1667 2240
1836 1715
1926 1605
2029 1483
415 157
2500 621
2458 18
2365 2463
1880 1690
2256 1302
2479 2022
637 294
798 835
2096 1328
2342 2398
691 1802
2271 1726
1484 932
1029 1368
1550 353
1911 769
1546 585
2172 2021
318 632
976 1183
2454 1536
473 1986
881 1148
541 389
743 1587
1787 767
2504 641
2471 1745
1269 874
130 2381
1814 2002
2135 696
227 2298
1623 2160
2006 1139
1101 1333
1322 2150
331 988
2100 316
1910 660
928 1606
466 2023
49 2396
1453 71
303 1768
803 985
1446 1682
1151 2154
2448 1521
1402 393
1098 1161
2250 1302
958 423
759 1784
1324 2477
492 922
938 1747
446 567
726 489
1916 1838
1376 2305
902 1611
2264 2197
784 2271
2347 1238
1817 7
174 272
873 817
898 333
1666 2517
2451 1467
324 2078
1316 1929
813 284
2445 1426
1192 40
1627 2022
831 1532
34 984
2193 980
1814 450
1447 1196
2276 1027
1897 1544
529 626
1512 1769
1205 933
334 1047
368 2070
1572 1619
1999 437
1382 1672
1917 2158
921 1903
815 2387
1772 926
31 2497
878 2080
2493 1768
1543 2040
2487 561
646 1422
1531 2378
1931 464
1166 763
2490 2164
176 2455
1120 1556
91 2163
2415 1092
1178 1844
1008 2130
1775 2182
2110 923
1814 2417
2041 1051
2328 1054
845 2493
461 2078
1334 140
689 145
2499 179
1387 2286
304 1150
178 877
2350 2376
1915 1741
162 306
2262 1850
18 1762
2011 642
1014 49
1321 1688
2071 1928
1258 2293
2202 610
48 2134
986 1631
943 2264
460 946
2083 2451
1360 88
2213 1942
1860 1662
1062 1068
869 2217
1474 1413
2168 2125
2143 1213
744 2397
2014 1646
165 1618
1089 1062
1318 614
561 2198
2436 2325
497 1337
2030 1018
2376 711
514 2479
166 1974
1823 972
103 1228
2204 1396
682 339
363 1340
1945 2097
1105 2340
246 834
1145 2114
587 1040
2021 607
1066 980
1204 2282
125 2099
1777 67
2269 1785
597 1823
694 1634
2348 1926
965 190
1336 2238
1770 2093
1204 904
1701 1606
1832 1194
1990 1669
2517 926
2518 1605
1755 324
1302 401
2081 562
2092 543
2186 270
1475 955
1922 1670
1827 269
1111 252
1921 1559
2035 927
107 819
1108 2208
1990 814
1381 344
781 2022
349 1499
246 2062
1218 1466
2489 788
708 2146
1940 1126
1689 1729
118 1791
44 24
2007 1864
1612 119
1149 1794
1642 1760
2056 1196
2354 733
1348 1885
173 2446
2098 2096
1704 470
762 866
2461 1459
1568 263
339 1643
2143 345
532 2019
313 484
1940 426
1321 6
2048 1789
407 2110
363 1481
1617 2460
1324 2086
552 36
1775 851
1948 2487
876 1806
1371 113
2382 149
647 2226
713 776
1477 847
1356 611
817 415
1643 1534
1637 272
1038 1221
566 202
445 965
1993 582
1585 2040
1181 518
157 230
755 1406
1059 1635
1879 403
2111 195
2043 507
404 41
373 867
720 1006
140 1078
2226 1410
146 1300
1676 1327
964 1052
1507 1016
1223 1533
863 304
549 2220
462 640
1727 1306
927 1455
667 1941
803 1193
1316 1352
687 270
1855 1124
655 1861
2043 2225
2309 1756
2123 2425
383 2097
1779 749
847 1243
149 2316
250 1003
2466 1225
1779 1278
1702 1359
2146 105
987 1212
309 669
1347 2397
1529 1889
1938 655
2144 1428
1510 742
235 863
1074 1917
1230 775
657 2224
606 594
1642 49
2317 563
891 1570
1496 2253
2080 1151
207 2271
126 2106
990 2183
1483 1428
2348 1586
1219 2454
1921 1406
480 532
1427 29
982 298
1904 2156
1738 374
2168 2215
452 1344
1552 2169
684 752
1716 1575
403 802
1592 1553
533 2124
1078 1627
2062 137
1053 1197
1282 1178
2440 1165
175 1424
810 1759
375 598
1059 2120
1595 120
1846 167
697 522
1433 1847
1465 2319
204 2117
220 1741
33 1578
1514 1974
261 156
691 483
1973 401
1384 1362
849 290
1039 1671
1716 859
805 1143
187 348
172 825
430 2246
305 1369
186 1848
2104 2238
1738 2327
2078 425
1575 703
1384 406
967 577
42 17
2486 1498
1367 2480
410 1055
1745 1277
990 1433
1388 1532
2476 2515
2248 2223
2133 2420
1018 1584
364 1648
1272 1708
1939 473
2200 2488
1532 2018
2205 1415
607 2232
1077 657
211 2341
48 835
2439 2132
881 864
1026 2319
2161 1734
2005 2328
1061 2438
725 2402
2422 2323
2137 2132
288 998
1823 731
1655 186
655 623
2105 79
1970 1141
1024 26
2294 239
1885 1740
1997 2432
2011 986
542 2370
1035 172
2187 1077
1080 902
1901 784
116 1239
162 1135
2483 1857
1552 1666
2066 616
59 631
1389 2178
2365 769
753 301
607 1002
2382 2188
983 932
1558 2377
1314 805
798 215
436 1345
927 637
2185 225
559 1140
2008 2162
674 265
1631 1275
352 1944
1297 2117
760 1735
1541 1957
1453 1293
534 82
1667 1332
2466 1008
301 2144
794 293
1837 2028
1367 1778
2412 2150
1332 1675
1367 1748
1102 1837
1824 292
1775 670
2199 80
1914 1014
2338 2235
1148 2046
247 275
323 2503
503 766
1040 1564
275 105
2038 2333
941 1173
2509 780
216 2339
773 1321
2360 1152
1708 1885
2205 25
652 1093
1855 838
956 2275
636 568
1896 2519
207 2510
226 1511
727 1287
1759 1608
2474 675
1977 165
808 263
2178 855
24 1818
1237 809
1351 1667
1654 571
1316 468
195 2272
1592 581
1124 1898
897 1431
1375 2283
1664 2320
1897 351
133 1511
1926 1063
1865 1238
2080 2322
1190 1181
76 2027
1552 675
702 2509
764 698
2265 784
2222 1853
244 52
2 794
1664 1786
1474 1643
101 1422
2361 1056
896 304
1368 430
703 1158
1301 273
930 916
81 663
2369 1824
132 2503
420 1919
21 2051
300 825
1513 2361
102 885
1789 1634
1984 555
900 648
860 1663
1680 1413
1495 385
963 244
4 188
218 1628
1177 1248
2339 1951
342 1332
1785 2388
1161 811
574 1047
288 552
1567 1528
636 1501
1332 2005
1586 2336
509 1176
783 1843
2233 1916
2497 2407
919 356
2220 2231
1206 261
1114 446
1719 1989
2305 1231
773 2412
1135 564
1681 438
975 22
1245 1908
43 1387
1274 264
468 754
1826 2453
1402 88
169 581
2265 1253
2050 549
732 1792
973 201
64 500
580 1410
50 735
2300 717
174 264
559 351
966 805
1765 1295
1124 1694
2122 2512
1619 2451
153 373
962 115
2516 941
406 900
116 1777
1887 2212
151 1254
126 2468
1828 187
38 2209
2173 782
105 2052
496 2131
88 622
1215 275
538 293
1660 2393
1546 229
75 933
2185 1816
1194 286
2245 1270
1678 12
2257 830
134 2089
1876 1268
1719 1025
2178 1576
2157 2074
1582 625
643 1198
1991 264
2116 1899
73 270
1742 2305
538 1859
1191 369
330 410
1944 988
1473 332
142 2143
2406 1971
584 958
2366 439
975 1894
131 510
551 1861
2406 885
1915 1044
367 1475
1267 864
1594 1922
1960 793
2468 978
1369 259
1789 1064
310 1566
2042 1170
573 66
961 128
2241 279
1829 1217
1941 2201
630 1998
1122 1717
372 1745
1826 1419
68 1251
2091 2362
1472 1813
2245 2065
1438 2173
2131 471
1748 486
302 181
1190 2019
2367 1695
2212 963
2028 378
289 1291
1373 228
2090 1990
2214 932
1325 856
1253 1757
1537 914
2285 1406
1926 1078
582 1871
1340 1637
192 8
1457 1963
1937 2106
1670 483
2266 1756
1389 150
1230 2464
147 1953
593 1937
804 475
566 1818
1554 1762
1448 1804
1616 618
1388 436
99 396
691 2497
795 1388
700 1346
682 890
1059 516
2054 1397
345 151
1330 2102
2316 2501
2444 1801
947 1177
934 207
2110 664
280 2283
401 1207
218 732
2253 1021
2316 1776
2007 1444
2235 1647
326 1885
1501 1721
1541 1691
1908 115
538 824
2012 650
281 59
449 55
260 666
2264 854
616 1452
2266 1939
607 1357
596 1001
1601 2265
2481 1460
1486 855
976 1835
665 224
490 138
533 318
1021 62
313 137
1392 532
1753 1757
1033 767
963 1740
1136 180
1765 1168
1794 1609
2043 592
1377 514
902 749
372 2391
1068 954
418 249
1078 1154
78 531
333 1679
1477 1391
955 2202
1309 157
980 832
355 1744
687 1945
2382 27
2163 848
1304 2311
1833 2214
50 2271
1049 2275
227 932
1544 100
847 2031
1352 1816
1166 767
1568 264
711 266
258 698
1231 2514
1777 517
816 683
2083 1065
99 568
1663 1230
2191 532
2168 705
1992 108
1683 905
1241 439
2445 544
1885 1940
1422 1963
1533 926
555 1280
2150 2484
107 430
385 850
888 1195
140 1101
623 2125
1128 1422
1788 1621
678 702
1411 1371
1815 2458
349 1251
414 2174
2375 939
2364 1585
519 1010
1967 2033
894 1291
1505 1303
1393 2284
1923 267
631 2053
1610 1158
480 620
166 387
1180 868
579 2459
2107 22
1971 1510
1514 2491
1788 2408
2080 834
783 1537
274 1057
2329 2507
951 601
2071 784
2358 1419
379 958
1893 1458
2190 427
324 1766
1736 2096
235 1698
2021 1475
840 2413
793 1720
1378 2039
1350 647
1563 42
107 1155
2057 695
12 1487
1354 1611
2148 2356
1334 2506
1143 2067
2492 604
948 571
730 154
2060 1725
595 1498
575 2495
1472 1993
143 2511
61 831
2505 153
793 1594
32 1496
1429 2411
860 1691
1208 688
2171 1751
1841 941
489 2470
1505 1176
891 1282
634 2089
1118 1689
2400 2000
381 2387
283 1214
940 361
732 913
2000 86
1082 2342
425 292
719 770
1823 1134
552 2507
1831 464
493 1208
1427 86
1226 503
2306 1097
1623 1670
2459 1795
1315 1416
3 1526
1628 2006
2378 1357
1265 1400
956 459
2034 634
2153 1757
2150 972
1368 2095
2248 510
1917 470
1442 2284
2234 2269
1491 1699
1240 1140
1802 1007
940 364
1511 1088
2281 420
761 1042
4 1752
2403 1726
2459 176
1159 737
2215 2511
515 2390
1961 547
634 2484
1921 1235
292 1587
1536 1554
1394 743
224 1480
149 2475
2177 1917
104 232
987 1016
1819 2108
2148 1941
2261 1581
103 82
916 182
1854 2354
2338 1779
2029 1743
365 2369
237 261
2109 1078
1643 1194
1728 1373
144 651
2382 2061
1349 1885
2511 923
2098 582
1706 1639
1985 1706
610 1999
895 690
2493 2431
453 2379
2221 2302
2043 2321
886 1713
2012 48
1027 1783
1951 1896
2291 2328
1456 395
2065 1547
2200 853
107 1527
274 2153
1177 717
559 2011
1991 2077
247 1609
2243 2502
1446 1067
1014 2497
714 420
1871 1583
1051 2186
2167 2408
788 1730
7 1562
888 524
874 2226
424 2488
1792 572
786 2246
2476 1833
1435 862
1381 1402
1923 2404
1959 2105
1656 1069
1034 2319
2275 2101
627 2157
2399 357
1656 32
353 391
1560 426
873 870
747 801
669 1165
1662 1579
1986 2501
132 1669
2443 1259
64 2006
455 2379
1742 1781
105 1279
1236 1038
247 920
2400 2452
36 356
660 2351
2385 1627
1304 41
2458 1844
113 1030
1872 2170
582 1253
2515 1085
2110 754
495 2494
2056 2018
2507 1301
498 1597
2184 1622
2219 1858
1093 1547
2203 758
1906 1591
120 1265
693 1766
1236 2273
1950 841
259 1306
2050 907
2448 1568
874 1277
869 1281
1164 1813
1151 648
1662 1718
2077 2115
2428 976
557 1137
1880 1807
2187 1537
374 17
1997 1706
837 1823
1888 2004
171 766
1822 2241
2105 2500
686 1391
931 1615
652 899
1563 188
1691 2043
2504 263
1595 1820
2232 2368
1734 271
82 531
786 1844
1237 887
616 484
1600 1627
1743 587
1353 1970
797 858
1538 1427
1140 84
1371 1797
1939 1617
2485 1599
1462 471
307 503
233 2261
1696 1221
426 1265
2310 427
2269 1003
309 817
1566 59
902 1383
52 1228
604 408
1304 1679
2369 748
1989 1415
1228 1878
394 14
1150 249
1020 1918
578 164
847 1122
138 1686
118 1655
458 1305
1912 579
1321 14
1389 213
1975 18
622 846
2457 793
134 1232
1339 438
734 1818
2286 970
1474 2339
493 381
2106 2503
728 2114
822 610
2478 1311
506 1792
637 748
2441 894
1661 1719
1145 1828
1591 1606
2121 1115
715 2500
1329 1158
183 212
1373 2284
637 2377
946 961
2192 1177
2466 1116
2137 1161
2284 1221
1952 1442
2286 184
1566 1130
235 1927
104 408
1445 1557
1966 2228
305 1777
882 971
1456 2496
71 744
1852 103
1561 573
2367 123
720 1021
2284 1739
904 36
1409 1414
2235 148
416 1311
1502 63
1846 1431
2377 510
2184 2309
1722 151
2471 1517
2364 499
2037 1103
1943 2390
2383 2367
597 225
550 1708
590 102
2181 2093
1404 570
2189 1121
811 1339
1720 1909
1430 1364
1402 2322
947 652
2371 1289
696 1470
2105 889
1004 1310
2510 2216
2251 2375
2245 2020
2453 96
1184 1117
1996 1946
996 1348
1276 1425
1352 1556
2068 855
2165 2006
345 1584
2229 1418
47 2477
2396 1459
2325 1828
1551 1990
1340 829
2519 10
1792 1185
1208 1830
68 1965
195 73
73 46
1267 921
603 336
892 1675
1744 1828
2219 2372
42 2125
2125 1968
1345 2421
1042 839
555 371
1668 2382
2005 336
1239 1244
1505 365
1145 2425
61 724
1060 515
29 1441
551 723
171 2275
1269 1612
1794 2149
256 1416
1558 1733
157 333
1827 66
2480 285
420 1457
1673 2065
1727 1277
1320 206
68 963
2419 1073
964 1501
1503 317
772 2179
295 53
99 76
2351 1450
1851 2498
1584 596
1980 2023
2363 2072
1174 2361
1764 1878
1485 1011
697 1118
1842 637
2146 437
1042 1832
465 2507
1209 2274
1362 727
60 543
1591 994
41 2222
1208 2000
300 1879
524 2074
808 2499
2149 620
10 1463
4 1947
248 221
831 295
79 744
2307 1310
2367 12
978 50
2230 1675
801 2387
1609 1565
2451 1790
466 1753
2390 445
1869 1481
2095 2484
446 739
2318 1756
541 2175
1551 1341
659 374
299 2017
1636 234
1133 1081
98 781
1687 1103
279 2466
1245 586
1499 1396
40 2402
715 1184
1316 721
1296 1966
24 2393
1391 1264
278 266
983 173
1033 913
275 796
1677 367
210 2019
2220 968
83 1532
643 812
2080 2240
1855 1606
117 2495
1544 947
1944 143
1784 641
1214 1010
2385 801
1768 2444
454 597
942 2396
1504 1906
2156 1449
2372 2355
1005 279
181 2495
2470 1096
726 829
955 2440
2219 1512
2378 2212
187 2123
11 465
1256 23
1125 856
2334 1543
1112 1027
4 1904
2303 1686
2209 2206
740 2462
621 1214
230 1628
1072 2036
1904 126
521 198
1974 756
1688 964
660 882
345 1331
1863 1418
1828 2048
668 1924
2137 1208
676 615
756 2279
338 987
1904 1629
53 2055
16 1526
1411 2085
381 63
489 334
68 504
2124 872
1132 1673
1653 1463
1018 564
1752 1725
1184 1538
2380 2506
363 453
1571 1125
1413 548
2090 129
938 1029
216 719
875 1784
2515 1793
897 620
728 2256
1290 1363
645 1582
2297 2099
177 2135
2207 510
24 939
1277 2431
383 1223
24 2050
1675 335
1571 769
45 2104
369 2505
2147 925
86 951
1942 718
491 541
227 1283
161 1487
1791 1315
496 1726
148 58
1153 2017
370 753
1831 822
1239 1563
1955 2459
1433 2469
1454 647
2354 2384
1555 185
313 742
1633 1044
2127 1133
1258 127
948 1042
1420 1518
761 2254
2523 1758
1889 2193
2264 1565
796 2185
2399 2365
2295 235
983 374
1919 1905
1525 529
721 458
637 1474
2404 623
1026 2338
1938 2257
2199 205
2244 248
910 587
1311 646
243 1205
385 1721
1046 933
2300 1813
669 14
1213 2236
2335 1002
2170 1911
1452 1618
363 1159
2434 1435
1229 1716
383 1003
436 296
805 2425
1774 1998
1774 2382
729 41
1185 1171
1774 422
1904 2211
1727 1474
753 1304
9 2414
242 1120
2296 877
2220 293
2124 2414
1375 1966
836 771
1799 278
1760 1599
1385 558
1079 762
946 837
2095 624
346 1777
1108 871
2272 78
2149 2439
2024 234
1464 2445
2162 1503
1766 2181
1874 719
2284 1787
949 1789
1339 302
742 1014
1546 683
504 220
508 2247
254 826
1506 1680
1233 1734
2500 547
2203 2425
2265 1776
1914 1845
2184 1003
1617 608
1610 103
538 77
735 741
735 934
547 307
71 2045
1040 1924
1676 21
2193 219
1955 599
791 2110
1491 356
1408 929
1834 1157
1728 760
816 1078
1052 1878
1042 1094
2254 2009
788 552
567 2206
1450 2286
2230 1636
1886 1680
232 1745
1379 356
1395 785
1085 767
61 1352
534 1492
1574 1794
2084 931
2493 650
1098 1914
1805 1594
429 488
795 1221
2118 311
1433 677
2295 1
1672 1687
1917 269
2495 1767
1631 1706
1627 1838
1310 1870
2368 1400
911 2210
1360 1929
1357 1137
23 271
171 1401
1460 1627
1377 1715
1095 2375
1147 1221
2404 2377
2286 827
1296 453
2187 1293
1905 1952
1135 1238
2073 1456
1605 1656
585 676
2222 649
634 1678
1457 1295
516 1898
196 679
1045 2224
2384 1653
387 1457
213 2006
88 2226
652 1505
1364 2343
214 34
2156 1293
2212 167
1110 411
1005 1072
1266 1058
1259 2422
2462 2104
2036 2431
2316 2402
174 838
1259 1461
2408 782
1601 1367
1082 1049
2421 2371
2524 2126
545 366
1248 1046
1451 1480
1563 2281
286 1738
2458 2415
2351 2407
1132 148
1548 2172
964 583
2441 270
2376 2139
324 554
1860 1093
2104 2390
2406 1745
1449 366
1191 605
463 388
1695 2519
209 1515
728 528
2258 2290
2010 1901
1058 2439
1108 2001
944 2223
833 1799
303 1985
1398 1876
1167 1821
1325 145
1995 101
1357 1286
50 2008
634 2370
2191 2256
861 1447
514 1540
234 1036
2268 2128
369 728
1375 1093
1986 1754
2170 1723
1540 1711
2338 1238
1319 2437
2466 1671
1580 1359
608 438
1695 722
806 1474
1595 1085
2519 64
1316 158
2241 1423
1901 711
292 1971
1772 1368
1113 1800
956 1026
2022 1395
1658 1741
122 846
148 731
2424 532
2351 822
2438 962
1733 1834
1470 409
1335 165
861 2074
2101 2491
1038 1527
2328 2299
974 1616
1777 254
2291 2094
2519 1314
555 753
1750 1501
1539 1044
543 152
1540 1760
195 2007
2068 2315
1077 1603
1087 1542
2123 1389
1879 1905
343 1748
1796 484
195 2508
262 2464
170 219
75 16
623 1744
1923 2264
1225 561
1907 2381
1712 2014
1415 887
2268 1271
1929 288
202 189
1415 1226
70 274
743 1786
2200 1684
1232 1130
1951 885
466 637
1742 2010
1268 2123
779 955
1049 701
276 646
1663 2210
254 515
1328 1782
2352 1166
2220 2453
815 1533
1037 1663
1342 1952
1585 793
22 360
1566 1892
1856 1093
773 2517
1576 1540
1369 2221
123 143
1913 766
2421 1762
987 1357
1526 1602
1932 1233
1432 1127
986 1443
516 219
1101 1105
1012 1237
1194 971
2025 594
1947 2183
2139 2055
1071 188
1451 2267
1604 561
1076 1345
991 623
2059 1322
1984 2478
1287 1803
2353 1552
606 2264
1111 2449
2201 1559
81 2127
2178 1569
1047 177
858 2263
1770 1648
1474 888
1485 900
1921 1505
65 2234
1017 737
1092 575
2244 1672
1851 1720
644 2420
354 734
641 1448
1512 781
330 217
177 80
384 1061
858 17
1899 1605
2358 924
646 1141
744 743
1274 2196
274 1346
659 212
120 2453
587 324
1565 692
1630 1162
1236 372
1140 1569
2489 2332
897 636
768 505
554 1854
486 511
1434 1846
2093 666
1474 220
2398 558
833 965
870 1470
1315 1633
2025 1224
2009 641
191 1089
1273 1002
2055 418
337 648
1653 739
479 289
1423 1381
1318 722
1965 2254
864 2386
1852 2110
1741 676
2395 2403
2392 1694
2504 791
200 1140
633 1647
320 1104
1534 1041
69 418
2283 25
1957 1403
1931 2478
1451 2102
1624 554
157 2153
773 1730
2218 2394
2388 1918
1975 1812
178 503
970 1243
1190 1753
1666 2206
458 175
1973 2478
1847 2437
942 1815
1525 1802
2064 986
1988 722
906 1018
110 2251
1240 1048
2194 1796
1074 611
380 915
1476 2505
2245 100
153 1906
1609 1193
2379 2084
821 860
1776 890
1173 1821
2325 757
878 507
1147 672
801 103
751 693
1050 888
2070 1711
2050 2124
389 478
373 2370
722 1787
1367 826
2489 177
666 1919
1935 726
1442 2188
681 2267
1538 1178
527 1555
877 1554
181 683
1053 2052
92 47
488 1773
2243 277
2483 1896
1008 1447
2135 633
2263 2456
1207 840
573 798
59 1898
1976 890
1671 1680
288 1770
965 1128
1950 962
990 1279
2338 1959
2410 610
2086 2518
2365 333
673 1224
2106 2382
1282 1928
1592 1648
797 1048
569 1362
446 592
110 127
1817 1459
525 271
1297 761
1904 556
1093 2330
2042 2252
1856 2349
270 2450
1175 1475
388 1994
1663 306
823 55
1544 644
1965 810
1616 1489
1608 1159
1601 2352
796 2124
2238 716
1008 1120
907 1589
1367 1900
154 534
1867 2064
1307 2402
1040 1197
704 2207
812 117
483 959
246 2235
158 2104
2440 235
1323 1727
379 101
2177 46
584 844
1446 907
1929 791
69 1596
1903 1651
1087 2054
1566 1181
1657 1660
394 1739
1128 1612
2131 549
399 889
1178 654
1358 1509
581 828
2288 1774
1682 158
458 1264
206 1030
339 1870
1486 2508
1704 1587
270 1104
1930 1271
421 1818
818 1070
336 2403
1935 2225
2021 689
511 1854
2213 1646
418 582
1023 271
633 1601
1916 298
587 968
836 934
189 1682
1546 2066
878 1652
448 1894
124 154
394 279
2140 507
1432 1830
103 2165
1471 878
1917 2283
1835 249
1098 1567
51 1626
1293 2020
483 366
258 2437
294 127
563 163
1247 1846
50 556
631 1982
710 1622
2292 2379
265 1285
1207 1045
2239 848
1233 1652
2110 2337
1261 1432
1952 1713
2097 1265
444 959
474 1639
2230 1149
1616 290
1490 2441
922 1052
339 1565
1769 2209
551 409
2386 2044
733 1300
1118 2387
1186 1036
2172 1995
1880 2083
511 1221
1134 821
1409 1750
1639 401
588 2324
1749 1189
80 956
837 684
582 377
2292 2310
2408 1034
843 370
1654 161
1316 1798
1938 692
963 1521
1918 466
776 2095
545 174
120 2094
969 930
996 1793
1813 977
2287 1063
1315 1002
657 580
532 25
1399 2155
1447 1097
1322 1957
66 2391
87 762
2368 1840
1229 1800
592 189
473 1829
1815 2405
2198 708
2162 2509
953 1561
1218 184
437 953
43 2138
139 1009
358 2361
2428 293
976 2517
1477 1446
2157 1907
1039 1492
1543 2418
286 1364
139 569
1657 362
1923 453
2302 662
270 2127
2164 331
209 625
1635 420
1252 199
1868 936
1148 2260
548 2340
821 1387
1312 627
1504 68
1238 820
1006 782
1945 82
1309 2178
2291 2482
1114 683
2354 669
1346 1435
1175 467
1120 2390
1395 2459
1436 318
1538 1141
1878 217
990 2091
622 1497
2407 2318
2363 2220
676 1591
1813 1194
1059 521
1045 1050
445 2028
1404 2506
827 777
1239 1392
1135 954
1454 1843
705 2389
960 1629
1516 1409
427 323
1373 1982
2110 1448
2287 841
2498 1619
2120 226
1850 969
853 39
714 1386
1222 868
1452 1841
2323 156
1303 1808
1225 1151
27 726
2366 2436
1077 1387
633 774
2188 133
2063 434
1332 1611
891 1153
495 1145
2006 2078
2137 2147
2471 332
2081 1496
442 454
1057 1752
739 1267
2489 2356
399 2194
1522 588
2127 2040
581 1897
421 1462
1591 2204
908 1182
2132 746
1340 680
1267 1135
490 4
1672 919
1329 1141
253 1689
709 1049
979 125
679 379
800 1663
1499 122
1014 1668
1368 1692
2237 2391
215 60
1894 2418
1108 1457
2284 2133
1060 1129
1719 840
506 2459
1477 2357
1879 2516
1583 351
2434 1493
1963 2005
2180 666
728 1633
699 1749
1029 658
2483 1691
1086 366
2406 556
753 2215
1585 2193
58 926
1319 1193
197 1980
1318 1604
2429 1888
2377 1405
455 167
2326 1986
1683 2386
952 1256
2357 1151
1011 360
2250 325
1621 1629
205 1981
158 2434
1258 74
1286 100
454 1517
245 841
637 360
1663 2140
1286 1998
735 762
1345 1839
1397 875
584 1414
2220 350
982 330
442 2492
496 2454
233 2125
917 1195
792 397
1109 664
1051 1183
2336 410
109 1987
1271 477
1763 1795
839 2393
1805 272
1590 1948
805 848
2303 646
1418 2479
579 1626
837 2270
2276 2164
1633 165
823 205
2407 1862
139 683
2313 899
139 2487
1348 606
595 720
936 262
407 469
1679 1545
1911 1459
1969 202
947 1478
607 1456
1065 1003
894 268
587 166
37 1315
25 535
2006 2268
2126 1321
2406 811
1858 745
809 2355
462 2056
1446 3
1871 240
776 1882
47 555
2013 63
1666 1601
52 1654
2224 2451
1196 394
1379 684
331 1099
1118 1997
1304 1035
252 2192
512 323
612 229
474 543
73 719
141 1622
942 989
1065 946
312 1052
1119 915
814 189
1283 416
1515 1828
2334 1869
474 1831
69 819
356 1866
2384 521
1489 2387
1021 323
1189 2310
1656 1797
1977 713
275 2136
1558 151
540 2298
2190 171
1309 1656
447 528
2291 1228
698 904
2489 8
1896 865
2079 1044
615 1831
1096 920
941 391
305 807
1179 1286
963 2083
1803 752
396 314
1652 1521
1864 1194
1628 2252
518 785
1380 2352
830 508
1970 1088
1423 329
1731 1918
1970 58
188 1226
2127 1530
107 2002
1930 900
589 1900
195 1827
2133 1201
1931 2439
1319 929
1109 1956
1342 414
723 1984
1978 778
2084 124
713 11
84 319
2261 941
1353 1425
1090 512
1182 987
807 55
1174 508
1105 1435
988 1789
579 1238
285 2117
2038 1646
1701 451
551 1074
1676 1720
1331 1271
2076 1418
1608 1266
1430 1535
1938 1019
746 2212
206 1736
2187 314
1980 910
1440 1641
2287 251
1491 911
427 946
2025 2055
1030 1242
154 1318
169 1133
1283 1645
2022 209
2162 135
1564 402
601 1848
1927 1723
951 54
1705 541
247 1570
1559 389
2214 130
2175 1702
1635 2418
1969 16
941 2395
1508 474
2006 1711
88 863
2335 2265
1054 350
553 216
86 2000
709 939
2455 1754
701 2238
1525 24
1319 618
1412 1670
1322 1629
1060 244
1043 2202
799 2095
943 2299
1903 1635
1861 1703
1605 216
225 838
1646 1657
2285 344
753 2234
1898 63
1252 1277
1973 1068
2318 1063
596 2038
1279 962
2283 1229
921 2051
1863 1014
384 853
2457 69
810 986
377 1712
941 849
2074 98
2492 1065
1914 2166
2485 2298
576 2292
2215 384
1771 1002
916 649
454 2064
2168 2015
1476 460
1714 462
1603 1826
2332 763
773 1673
2152 2008
505 1445
2009 885
871 90
70 861
761 162
2021 1650
805 241
1577 2448
2090 319
280 658
33 853
698 2343
803 944
1530 366
361 232
1479 1846
1573 630
966 906
720 1440
1885 629
1805 1088
606 629
2011 212
1670 280
486 2092
2144 1100
542 2392
802 606
1403 1562
446 2013
2056 1433
555 294
1379 1747
551 1520
2440 843
746 1709
907 1499
1406 588
2008 1499
1957 1215
457 427
2267 2374
1160 2159
1571 340
1875 1318
1520 802
1322 987
2342 1653
1607 25
511 1031
1505 1098
2460 906
343 321
1862 50
678 347
283 921
1345 1101
1524 436
2205 1627
1637 1734
1795 769
863 673
1916 2197
409 1905
1901 1369
71 2143
2262 2052
222 2461
108 1308
2504 2045
565 2157
1496 19
87 1668
1390 1177
1009 2204
2304 2502
1112 1805
963 1912
2175 1836
394 2488
2155 1527
2370 1196
949 2246
869 2140
2109 14
274 2333
1362 220
216 866
653 1713
1845 255
2063 421
1724 559
1481 2093
457 1341
1728 586
1511 472
1294 175
1564 2442
2073 1279
2089 2345
1462 1206
2125 585
2253 626
1314 215
2002 722
2103 2487
1335 1079
303 556
1992 1176
883 1474
1915 2001
2123 1966
1853 633
2508 424
390 1499
2166 554
77 537
699 329
2206 1356
712 786
1666 89
347 2145
1584 471
2382 1705
1550 41
1965 440
1679 1739
193 1126
2004 2338
1861 2047
1510 1570
329 1746
1503 2369
1864 2041
405 243
1510 1504
669 2519
474 412
2253 1197
1980 1015
487 1209
127 1062
763 1047
493 2081
406 915
1050 897
1672 908
531 987
683 157
2075 2121
1590 1426
1457 1327
1996 830
1046 2376
2045 1851
1285 2001
2081 2278
605 250
1388 2102
129 1701
81 639
681 1487
2136 304
663 420
1707 123
277 1869
139 955
747 1850
381 2278
1489 2007
986 757
521 1964
2300 501
595 1257
259 803
1072 2217
1485 1954
1275 2177
2415 1533
875 444
246 1830
544 1958
1513 2111
263 393
1150 744
1350 423
219 1852
1355 1195
1371 506
2180 2128
1166 1406
116 2108
234 171
2291 1926
2309 839
1279 429
721 1677
2249 2384
1406 379
165 1912
2107 630
761 171
775 427
1747 1537
1214 1651
706 1933
2158 761
851 1021
2002 305
1080 1705
241 1319
1509 2108
286 683
471 269
657 2126
1195 2033
197 2070
1567 2256
1703 2154
890 150
496 1276
1508 723
467 1485
2231 598
1179 1147
703 1499
442 278
2448 784
2373 1703
861 1718
1771 405
1943 2404
2361 1297
1214 1705
1795 2253
515 2044
334 498
731 1785
1878 2505
2026 139
698 1208
886 1550
1442 1385
1460 1044
2153 806
752 186
2115 1851
1759 1802
254 2143
663 2250
2307 944
1976 2355
1479 1436
1278 1015
261 2159
2387 2243
1454 875
938 2473
1306 505
1612 2411
1388 50
1882 394
1452 1493
668 1008
1361 2079
1858 1571
870 169
1654 742
1800 2031
459 2191
575 206
1301 1430
236 909
350 888
2124 1373
2290 1933
2432 1770
1969 2179
2125 874
1932 1125
299 1860
2113 235
1339 1912
1562 1109
638 2135
939 2188
877 337
2512 1809
1298 469
412 1568
568 324
1623 2307
2151 1527
551 352
542 1217
2119 80
738 1710
122 1974
611 1290
536 1422
712 1220
2089 18
2303 390
427 180
709 303
2250 48
799 1050
322 2459
441 1839
1622 351
330 1097
2447 1340
2271 464
1763 1892
1645 434
1284 1562
139 710
2106 1063
176 2418
1254 1483
2000 612
795 2404
593 2454
769 2255
2041 138
1374 2103
1645 2151
1741 2121
2357 2152
1500 729
1122 1743
2222 448
975 2096
605 2271
2139 2445
2515 834
2417 480
58 1199
1590 654
1408 1823
2036 1495
1417 1293
725 1026
711 9
930 912
123 2079
2166 478
1930 2363
1792 1539
1315 1625
1166 2049
2418 945
1700 1424
656 694
1602 368
2309 554
475 892
2204 1039
34 632
1455 379
945 1859
1753 540
782 371
161 2174
1410 1062
2217 1514
1515 1532
1401 244
1000 2412
496 424
368 410
544 841
1691 1742
1231 571
2328 2059
1827 2088
185 2093
606 2326
1549 2481
1848 1147
1870 1329
1097 2472
1070 1263
819 358
1678 659
1547 1898
1831 443
2205 1503
908 2130
2089 1407
421 752
1211 2061
2493 456
685 2279
196 743
2221 656
1388 1515
1942 1520
2290 2020
407 2007
1982 516
2458 829
1771 1849
1520 1926
1828 2307
1199 1758
2462 996
1049 2196
1140 722
1900 561
592 1123
200 2281
925 1248
1052 2306
437 1387
1623 1042
1081 2238
1657 2347
1856 1075
1407 1795
1730 483
2483 1040
221 2331
1582 1205
2482 1611
2319 1207
30 1409
1027 2222
671 673
41 1832
1533 892
2455 1663
865 241
1015 1430
2447 1724
1234 276
105 2145
1638 1072
50 733
102 1149
1648 1186
783 384
2403 2297
668 2501
1107 1923
1616 1111
111 459
568 1749
2081 42
1482 2489
378 847
2316 924
2253 853
696 2473
1848 1513
2368 1198
809 811
1692 1301
1681 1635
102 225
1671 2084
2000 1940
998 1828
2240 1817
1060 927
932 98
385 2462
542 638
1375 495
250 2251
740 1232
2089 697
1829 703
2302 452
75 1954
644 2423
2439 883
161 626
557 1346
654 2518
1500 1850
1231 2300
367 1631
2262 2260
2423 2149
2280 34
471 990
2089 2179
1240 1713
1251 2439
1011 341
362 153
2332 1203
1066 1163
2179 2433
238 194
353 1279
2251 529
867 641
2036 2104
2220 1258
1146 1463
1541 1981
1243 2357
579 2154
168 927
2048 1015
1948 530
1811 1951
1074 1983
2135 1514
103 830
1651 1020
1766 367
641 1225
771 2382
1573 2450
754 257
2237 1367
1704 245
1463 2102
658 1374
1734 575
2318 443
118 657
1581 41
980 201
1033 775
218 894
1626 1171
2476 2090
1538 2286
2220 771
89 2325
2255 311
2371 1313
439 298
393 65
1519 1943
412 1770
303 351
1653 635
721 984
867 871
250 2146
2323 1154
1480 537
1279 1518
1558 1653
1689 1889
30 2446
373 163
237 1743
97 72
702 1038
1992 504
1454 730
1396 1141
194 1033
1962 1239
1423 1155
150 1725
1100 1533
1260 1080
761 1971
1428 513
1339 1993
1224 1428
1946 1939
138 168
1083 2386
1642 501
1020 1144
613 233
2330 1009
2216 1147
283 2008
1990 482
784 710
825 2247
80 1409
91 1354
2205 1409
224 2233
1518 2162
712 469
856 1084
2512 533
579 2016
1568 296
1477 729
544 2297
271 1203
2112 2171
378 1846
1768 2482
1235 158
1337 1446
1784 1963
639 697
1881 1797
295 456
1123 1396
29 1155
1484 1498
193 2247
2057 2347
1582 509
609 657
1645 11
1099 1576
1248 404
823 2399
2273 508
1077 2204
1371 1649
1218 1376
631 901
978 831
1058 2284
1172 2507
2128 2351
434 1031
1983 2362
188 1922
340 2133
883 22
111 1517
2032 2206
1482 254
1580 874
133 280
47 1925
1220 393
993 2149
2244 2491
1433 1059
1425 1641
1100 958
2171 139
2503 583
456 458
1075 2171
2358 349
108 1278
141 458
665 1515
1622 1214
1021 632
737 135
1677 1256
1793 2235
2496 887
1892 1413
865 360
1061 1300
13 706
1261 829
40 761
1419 733
708 312
1441 248
1145 1957
1459 1567
1227 493
1957 1933
317 797
630 2291
1018 393
766 1697
2114 2110
722 1477
621 1320
867 602
6 2322
1863 781
1441 1392
463 563
1519 1487
2278 2485
220 507
1779 1647
536 1413
663 108
1195 2251
1297 2377
2412 1940
2274 2157
112 951
973 550
1171 87
1138 611
741 1964
1399 2483
1690 1683
516 2318
466 2218
1551 1488
1844 1065
2066 402
1071 806
2314 720
1000 1275
2356 2373
1206 1632
2303 2043
1652 1587
969 51
2497 524
1558 2145
611 1027
1211 2163
454 917
1042 563
1194 1046
2242 833
1901 225
2452 332
83 2425
1242 190
1983 175
1855 732
685 2327
2264 230
1321 2417
1548 1052
674 560
842 2207
2444 1018
902 587
1130 1173
399 1959
592 2504
746 2477
1500 1258
1893 365
2008 308
1058 385
790 235
157 1988
1358 1520
1989 125
2201 922
278 1838
129 133
834 1150
1754 2252
1894 2033
1988 1086
2106 1051
1930 1857
535 656
558 352
821 1083
2154 1706
1146 2232
2169 1739
1152 1629
1762 157
459 1745
1109 533
544 1711
1147 414
1530 1180
773 37
298 1206
176 622
645 540
1928 527
2382 2052
587 990
470 707
1783 1787
1442 2243
711 1343
2412 118
1263 723
2137 817
318 2182
1621 443
163 1314
717 2497
1163 404
866 288
741 834
1080 1476
1019 1972
1921 2301
245 2508
2406 1966
2378 2412
477 2335
1998 1112
1032 2180
269 1621
1295 927
1639 1845
2165 2374
1774 731
2112 1976
1915 2174
1650 1447
580 1723
1556 1404
658 282
395 1463
2407 438
643 363
1736 1985
1798 2284
2113 149
54 1525
1113 1275
175 2445
986 858
1792 1927
265 2498
1845 1059
2211 198
1487 544
624 2398
400 1404
129 1991
2324 1287
478 2409
1467 2450
350 872
1816 1441
2210 1856
1837 1161
1966 256
1577 955
433 571
1158 2354
2423 809
440 2494
435 1140
1472 2184
2136 821
2253 1118
1089 2389
1578 1905
643 1988
1159 801
2386 571
958 1094
467 2050
1105 1624
766 2127
1560 303
1054 102
2271 648
225 1538
278 707
510 985
719 1396
303 1898
1739 908
1437 80
1444 2241
468 1457
1016 2030
763 901
1223 1896
917 942
282 731
1966 1116
1456 1793
2516 1312
169 2057
2308 1803
1403 1320
2120 2495
2319 1082
908 919
2178 1971
1516 1959
2078 1080
1774 815
505 171
1953 1015
387 2029
2092 1546
39 677
397 275
926 745
2205 2098
1097 712
1497 1043
1481 2078
988 915
1508 1850
0 1281
2064 1102
598 1506
1083 1866
366 595
2272 2458
765 1415
2245 2317
145 1449
375 1801
2062 1406
1330 1162
573 1776
2453 1658
2219 1000
542 183
2041 1190
324 455
1712 1233
78 16
1845 7
1021 1972
114 2453
1326 844
1207 217
2486 2504
1112 1106
1058 1020
1361 1143
2496 336
1629 602
743 722
1655 922
1899 2361
1550 679
1765 1220
2241 47
2288 796
326 985
477 429
903 1327
196 2466
2518 2328
2223 1728
955 1518
1787 2412
1628 865
1551 1588
415 2523
1404 141
2112 30
1012 1088
800 1655
651 319
451 2012
21 1787
186 424
1271 1270
754 2120
2392 1031
1284 594
47 1269
1602 2151
1897 2166
492 477
1327 2452
1859 1704
239 1316
1182 617
2289 2036
110 2385
2124 2453
2246 1485
185 300
795 714
102 194
1588 1479
1282 999
155 2061
2077 272
80 385
932 652
2017 862
600 155
2076 616
2127 1058
1738 1042
2331 2401
2126 2227
1967 1440
1258 416
711 1238
882 870
1344 1965
927 534
764 364
883 1022
1625 407
1508 50
507 39
2340 100
1651 623
869 1408
2415 530
340 1309
1274 2187
114 1341
1621 1077
1681 1814
897 1994
474 1057
2131 1802
1655 266
1517 960
2481 1124
1211 686
2338 2393
2478 777
1599 1363
929 2021
2322 1864
498 1475
702 2290
1836 165
1756 2503
447 1750
227 2087
917 448
200 756
1498 192
2264 2395
1028 1703
89 82
924 887
1273 1763
768 1890
2145 1298
1497 1702
1610 1281
292 894
1899 584
1318 2488
1156 37
1060 1665
2430 1978
1106 79
1824 772
2075 219
94 1085
810 988
2381 1669
562 1799
464 1439
635 2391
206 868
1031 629
2501 675
1583 2516
1874 394
808 1668
1703 1762
1835 1732
801 2253
515 2324
1832 601
593 985
1559 1610
177 1984
1644 252
2514 928
1293 889
179 2444
115 1270
2444 1013
2424 64
1131 1685
949 198
1305 487
1556 2317
1912 703
761 1815
2499 1947
2116 1465
578 756
2079 1090
445 1103
865 2416
1944 374
1407 674
2395 1053
278 525
1733 2426
2315 281
1281 968
742 399
495 2439
453 2517
2026 43
1774 1907
1436 2001
1795 87
89 551
625 316
195 1733
2412 690
381 1815
1082 1530
1811 1141
1986 2484
1419 397
1212 29
1674 2076
1665 1325
1366 1718
1742 1251
1171 1358
2460 2133
757 1790
1451 1565
1360 123
1338 943
2069 2224
1093 115
769 1624
133 338
743 477
1297 1707
2499 2260
728 170
1489 579
635 2010
1650 1732
1944 1546
1566 1988
250 109
1491 812
690 1874
1501 756
1172 337
1388 429
210 1744
2293 1014
342 1625
1058 1587
799 983
587 406
2149 802
967 730
560 144
1382 1265
1910 1043
2350 465
1561 950
2266 650
1094 2293
727 836
1386 2163
14 728
2511 1947
709 597
2329 1479
1469 509
973 817
897 2267
1928 738
1413 1195
2295 1282
574 1056
579 2309
380 2415
357 1927
365 796
5 1475
683 62
1493 916
939 1510
2148 2010
2336 743
1618 838
1439 1417
208 2049
2171 1156
2220 1074
1023 1779
883 590
1502 1075
1302 1624
223 2186
1739 966
1818 1195
1308 2458
1699 1502
1896 1320
1254 2031
2424 2198
710 1053
2036 568
505 1922
1044 1523
1713 918
106 124
1606 448
570 474
1339 782
290 2382
1531 606
1829 408
2258 249
740 446
1066 720
2474 1899
2395 497
2157 663
461 1748
1485 1178
767 1820
1499 2017
778 2516
643 16
2264 482
1069 2262
2050 500
1484 1438
2010 1799
68 801
1715 1224
627 2288
2347 657
1383 625
235 347
1505 2003
1203 2268
1816 1263
730 1717
2385 408
526 1551
1787 590
913 1337
254 1519
721 1951
2183 2335
2337 436
514 608
1037 1696
1607 735
1256 358
296 1689
2293 1905
1345 560
2449 1530
151 1233
756 182
44 2299
350 1759
392 1716
1350 156
1226 200
477 1834
532 1325
1865 1639
2101 1320
2237 1394
223 1555
516 2014
1288 2092
1275 467
789 301
1294 1961
861 2113
174 868
1903 1648
255 1999
636 2161
1252 1754
2069 2360
971 246
470 1306
822 2319
1752 1618
414 635
159 2356
1874 1224
1856 2428
1207 1731
1380 335
40 2188
265 2363
784 1097
435 1877
215 2144
1170 2410
1048 635
1915 157
1114 503
1289 91
1601 485
162 1763
1991 877
1923 2229
1306 1681
57 1817
112 667
1054 734
245 858
708 1234
2375 1610
89 1859
114 2380
2080 1425
2194 248
1306 660
2284 1845
2456 1271
1167 1883
261 2323
1118 1294
1558 47
1119 2114
82 1112
1056 995
1378 973
550 1977
1274 2122
1125 1050
2469 2494
232 953
1501 1136
1731 1539
1096 1224
667 2407
1390 355
1247 2434
2436 1139
442 1362
715 2033
912 1129
1559 958
1751 2201
653 1279
1625 425
909 1377
912 787
2092 1521
2002 1769
1903 11
1526 2297
1784 2313
1828 504
1534 807
1003 1439
871 343
2343 2012
1812 1181
685 2275
979 2297
944 1011
2062 1585
973 2458
730 2457
1474 1709
1481 746
1900 1408
1589 1440
308 1577
544 15
810 158
1723 959
2052 331
415 1208
1362 673
718 1375
872 250
1768 931
446 510
944 2271
1667 2230
2164 941
2112 1384
1793 2320
145 865
1851 1085
1876 1478
132 1327
1263 1394
1021 687
1888 754
390 1962
2515 506
1174 169
1906 2399
1983 1466
291 2059
2001 539
705 1462
2007 2362
2462 599
1421 1504
909 882
2284 61
2463 841
2280 1659
2032 2148
2128 1582
938 577
1437 406
490 515
346 1328
906 1813
224 1214
182 2038
256 1864
2054 98
859 424
1916 1346
917 2365
712 619
1176 1247
326 1467
1064 733
340 862
616 2109
1950 2078
1778 1017
700 2375
502 2093
2156 935
2452 1789
191 1243
316 2215
936 2189
1239 2100
2041 1501
422 363
1410 2013
1293 11
795 61
1034 1221
1183 1658
273 1774
2395 1263
1581 263
1402 1913
293 817
2369 2160
1563 1385
1295 1344
765 777
1598 2415
1265 634
582 543
2508 262
1373 1392
1925 466
2217 813
1300 191
71 2333
1298 2374
2189 1468
1337 2021
1546 263
1423 685
118 1734
986 165
2143 557
1677 457
1316 1264
2174 2417
1622 2109
78 312
1594 320
2241 90
1174 1283
1866 1537
1641 597
182 244
1384 1817
1796 969
1954 327
1518 1905
1505 1820
1311 208
1025 1765
2333 2304
1242 1463
2024 18
2185 1658
1740 1410
695 284
1308 584
1011 2417
2395 370
162 1666
2196 1996
1073 1289
500 2376
1385 443
624 1437
974 1785
300 1667
1820 2060
549 563
1673 2507
2521 539
1839 1080
1365 2412
2091 90
513 700
243 955
196 104
2288 2350
778 112
1085 2448
2173 209
420 1221
229 1238
769 1266
87 2269
1677 1200
1449 1460
935 1516
1417 2043
745 46
1263 452
219 1885
2348 1711
655 609
1222 1456
904 2368
510 380
1422 668
2174 923
1118 135
667 492
2023 927
525 457
1952 494
1039 549
689 1460
2377 1914
2095 775
1331 2179
1835 2222
1820 1538
2052 678
73 1547
1091 1991
1699 1014
698 713
471 672
1748 2365
2146 238
2371 2015
2214 547
808 1845
2521 459
2469 2123
282 1404
308 325
2417 2083
1824 2134
558 926
597 2307
1733 624
1109 1989
1322 1459
2018 451
491 1352
2060 1352
2240 1135
2523 123
535 2199
705 1704
1693 1069
1907 1655
2155 1316
1661 1145
1172 390
62 1778
1898 1429
1669 2263
1699 359
712 1588
1956 736
933 1673
309 146
838 2490
1016 1858
2203 1489
1712 1512
1912 1295
1135 1726
1530 1100
1256 2446
2085 2003
1574 490
456 1196
205 216
515 2401
1090 1321
2094 2399
967 1531
329 1652
1441 2417
1370 2377
550 2033
182 1671
408 2385
648 734
1409 1888
1538 2135
2316 2350
39 753
536 1935
69 680
1115 2311
1696 698
574 2459
198 1583
1455 505
1849 357
1839 292
1487 1505
1825 739
1403 1788
2280 2114
2084 902
212 879
2067 346
2110 1851
33 1456
4 2229
1392 1250
85 2445
2033 39
536 2383
1881 414
52 43
406 374
2497 715
2337 117
615 1199
746 813
755 506
1094 2225
185 424
793 482
1603 2395
515 1111
521 1900
2095 943
654 1617
30 1676
1430 2247
1385 624
1834 1275
1486 1941
1324 2124
2036 1879
597 908
2420 992
1428 64
2311 1325
38 673
1036 842
1056 1244
1287 2128
2018 1458
649 98
1839 2318
2121 48
1683 478
2049 1675
175 492
1390 201
2167 981
390 1950
904 1719
1179 1093
1603 712
91 1706
1979 1894
2441 138
1844 1284
769 1369
2062 462
914 1412
1660 1906
242 163
1343 650
1918 634
689 303
1039 731
55 121
975 370
992 1917
259 1270
52 476
733 534
2106 751
2506 1323
1322 1683
2354 1919
1165 1505
926 814
1937 1308
1730 2500
270 418
539 363
1340 1904
1103 1195
1728 2290
841 262
2173 141
2115 916
2348 904
2081 429
1612 1174
2057 1639
49 2433
980 1587
1711 162
1000 1673
125 1866
1136 2301
1420 221
1279 2380
1872 494
1585 1331
2246 59
13 2038
963 1681
1996 1517
2014 160
618 614
429 1627
2432 2055
11 2260
1391 1695
115 2184
787 665
1215 995
613 1658
1332 2401
47 830
2420 648
2045 655
2291 2518
2083 1452
1457 1756
1425 2347
381 1574
1013 21
71 512
1755 1229
175 1842
1040 467
890 1808
801 944
885 1715
2153 1445
76 887
400 2107
235 1007
402 2287
1039 2336
914 248
14 2295
250 1678
1058 2163
2333 2233
1764 1027
934 882
566 636
1731 1958
566 123
1988 2521
1437 897
1174 2024
625 882
846 476
1868 111
1279 909
1760 745
851 397
330 399
263 1034
2171 569
229 1384
60 1134
813 2028
6 2276
1804 88
688 1992
725 785
830 621
2279 1471
2410 1013
1124 509
1803 362
1309 1024
1715 65
2094 860
1169 2193
1935 759
89 1391
1102 1450
44 1512
1487 1758
947 218
317 1357
902 939
1277 1666
2194 1005
2084 1941
361 565
519 11
1410 1030
1842 1847
493 1101
917 1706
1091 228
2322 994
179 1376
14 927
719 1525
1759 927
1020 1399
506 476
356 1425
975 1388
648 2313
1166 2191
1093 1565
1711 2377
2351 651
2227 958
1132 2094
2309 1567
712 1622
2028 1693
340 2111
1318 1628
199 77
1322 783
1810 1563
2026 1697
1498 1352
950 1637
1495 1310
1702 948
261 1032
958 1962
622 2082
700 2135
671 1692
772 909
2335 1155
1993 1295
573 1037
1912 9
802 2307
1961 1420
2337 500
1908 1601
569 2245
411 308
1976 1490
127 1047
1250 732
2104 1010
2193 654
2451 1128
663 1235
2292 1003
224 1064
1297 484
229 940
560 550
2089 1374
339 1914
733 2251
169 1988
1394 1985
2370 879
2208 37
1821 112
1614 1940
491 2184
637 773
2348 211
2077 222
1328 333
1597 355
1948 122
2512 727
2421 81
536 1582
1403 1890
233 1840
2230 1988
1958 2243
1108 1694
1164 806
1777 2297
2008 858
25 1759
2455 1956
1923 415
44 1403
284 1320
2287 2268
926 1174
231 1431
1492 597
704 735
1285 140
1574 2060
50 2394
2461 502
1911 1436
123 2453
1943 1701
288 0
1438 327
1225 2257
1240 196
752 1262
461 1090
634 696
1047 104
798 322
1711 1620
1311 324
112 1462
1060 1654
837 1334
1158 1824
971 822
1495 2351
2009 1855
2376 862
740 1664
490 1092
27 404
1114 1879
370 437
57 670
2096 285
2387 1739
948 221
665 1429
1289 1022
1731 381
304 1509
1338 308
1475 960
1586 2152
1886 2152
1877 1624
2483 1300
434 1476
863 2108
2448 9
789 1841
840 1517
1491 2216
1551 1782
1376 257
640 1731
950 1786
1904 928
1916 700
2404 1088
509 1757
2356 137
1070 938
1602 117
36 2082
249 184
1079 2091
546 704
