1049 1576
2484 420
547 1712
1327 1933
1637 1825
1395 753
1538 1006
191 2396
1422 132
686 2468
686 1363
512 1494
1608 2295
2265 1075
83 1533
1141 2329
2487 1911
2152 1752
1759 1279
1177 1472
1829 22
2220 2055
1388 1924
2 503
807 2059
1453 1740
1743 2512
1567 1031
2286 2248
876 1082
1224 2019
461 1135
1417 2167
41 1027
1524 424
864 1938
803 2171
2448 261
1898 1288
1681 1711
414 91
1312 980
2051 400
2422 1319
904 362
1270 1120
2390 342
2025 575
873 479
774 2454
2281 2490
715 1340
551 126
744 484
2424 166
931 369
1977 2003
1103 2208
315 1489
1868 2185
561 863
1268 758
869 1068
676 554
2218 412
565 1229
1775 2503
560 440
2401 1344
503 748
694 1363
1385 1388
1985 1675
2034 636
1378 1288
990 815
406 673
139 386
383 2041
2423 1188
984 1075
140 1289
2059 2110
1983 2199
829 1324
2371 304
1376 1379
12 1468
2090 1159
2476 912
541 2345
501 1211
2335 34
2218 909
1551 355
1505 2266
1006 1391
1447 1509
1604 304
163 1416
949 542
317 587
1036 1942
2084 2061
894 2449
2522 1817
657 1202
1602 215
2346 2385
432 2206
205 418
1023 1049
804 580
1713 1657
1221 876
646 2283
837 1111
1637 447
266 1852
1678 677
1948 2409
250 1072
2517 1391
1383 559
2436 2174
593 1834
662 1442
2446 950
487 444
2386 316
1024 518
2317 1758
2048 784
2017 2319
2087 1984
1399 1135
2317 1179
189 1509
506 116
378 2179
900 1219
389 681
1570 1791
1966 2283
2229 803
1231 568
684 109
1320 2293
2072 1125
2164 1719
814 444
416 1864
1430 1497
1110 2391
296 242
2182 1802
1522 1181
1802 134
27 241
2121 1764
2130 117
1648 1233
2154 812
2199 1389
126 2354
2427 1707
2410 167
850 748
2357 768
1797 791
1680 694
1755 2300
2023 1576
2340 1471
605 203
1373 1912
1581 1357
2037 931
457 2038
313 1596
1241 1885
666 1667
2322 1281
1624 40
2079 116
837 1851
1358 1806
800 1289
304 807
1089 1506
673 1375
259 225
1355 1200
602 2319
2124 1056
1503 1303
1009 1810
1305 1432
1475 1184
1158 219
2396 841
9 1046
373 1414
935 2001
1294 915
1541 41
629 1617
2439 1295
198 2193
2238 2391
10 435
1744 1452
2389 807
1966 1060
32 479
2333 2466
1904 670
36 2099
1529 1630
2288 100
344 1299
7 392
2233 756
2006 757
1013 1763
1957 2518
395 1270
1137 87
2391 1859
163 1952
2012 1334
1870 347
1552 1032
1197 681
705 1151
1819 2352
1146 1337
1165 1276
1930 567
2176 2361
327 841
1682 1749
1037 1791
2430 714
1497 192
1313 343
1472 293
1601 2319
2404 1805
1850 1992
2330 1412
1943 1519
1661 2084
936 2453
1027 148
2390 1717
1890 1945
60 1179
2038 2388
280 258
786 2007
493 820
313 1116
1517 446
1206 1440
1053 1367
1651 1585
2368 846
1380 1569
1754 2323
487 1672
967 274
2168 110
574 254
2322 2410
594 518
2200 1328
2134 1870
1506 2094
1024 1215
1191 2499
2273 149
2292 526
905 1509
519 353
670 1707
931 1510
902 1993
667 2242
1687 266
932 2110
2461 856
675 225
936 50
587 1916
920 1384
485 2471
2006 651
848 2176
984 527
2078 667
1623 2414
1024 609
668 1875
497 2457
407 2105
653 1409
250 1062
655 1384
1938 1254
321 2435
1559 40
1207 1780
1516 845
17 1139
1195 184
1355 1334
2247 764
2326 707
2326 1461
522 1529
1818 2488
2350 1515
431 657
2146 1180
2383 1731
2113 2141
1167 725
1720 181
489 1752
1470 1392
2491 1255
1109 1805
2475 133
1344 250
2225 1149
1020 1636
1763 1365
1981 1401
2186 1899
2142 1876
2007 1864
2468 2224
2017 1676
1296 2295
1311 741
630 6
793 2389
1747 2089
1539 991
798 1041
108 1171
1673 1221
768 1007
1921 29
2332 2475
547 159
1172 160
1786 108
364 1390
778 1561
170 178
373 990
364 329
920 181
972 1852
2197 1841
1545 851
1675 2482
977 2384
179 730
1694 67
1959 2092
245 1311
346 2335
1661 1572
2122 1852
2049 1396
2502 684
846 1669
1892 1033
1339 1613
1395 932
192 2235
2130 1075
1724 2394
995 1709
950 1716
1469 555
541 2361
428 1928
1931 1299
819 1131
1035 439
1152 1032
950 2430
1166 874
398 1803
1227 2116
1568 1915
2314 21
1270 1338
2460 981
1249 1478
1413 990
795 1875
677 67
1026 2109
623 1520
1416 1660
1803 2247
2258 1459
2489 1803
1483 1089
784 285
1049 1089
644 669
2518 1194
2222 1713
2470 2313
817 587
1475 1657
1859 126
1041 1121
400 140
1550 835
937 2305
754 1843
2075 1632
1461 2167
1670 1453
1406 966
2173 1360
690 105
1310 2082
362 873
2113 1469
51 1663
1515 149
445 835
1685 1442
458 560
1982 1639
1150 604
1637 1965
1280 1875
2101 1933
2119 835
272 651
1480 1973
1997 2131
2394 75
2301 106
568 2263
632 2086
222 2466
565 1479
1693 262
811 1988
1973 183
2495 631
14 444
515 1507
2487 1577
2283 1540
1495 492
2184 1119
1688 1209
1994 985
874 1966
1768 634
1275 1922
259 165
108 2510
1398 251
701 2252
11 2351
487 1651
2482 1604
375 1342
649 1333
2105 999
2359 1712
2385 580
1774 795
310 2350
285 2013
624 398
2327 1098
1186 2352
341 224
1889 1265
1655 304
199 769
1363 2073
2330 2328
1397 1008
264 1973
209 1611
1717 641
1686 141
913 1407
1107 457
1075 281
1956 519
579 2032
1957 2204
743 2346
2474 2398
853 925
2199 1983
1178 2499
1110 1379
934 2391
195 17
1713 279
890 1140
872 845
2059 300
1589 575
66 855
703 142
701 2117
1563 1153
205 2391
1477 2463
579 550
1411 545
2321 1664
2523 824
769 1241
2414 2276
1731 2076
2264 2268
1455 2243
191 342
249 447
1654 218
1949 1813
1902 1828
230 90
2094 2404
945 1367
1618 2222
1639 359
116 152
6 2372
16 1228
1291 1902
332 733
31 1712
458 1499
1937 814
1390 2004
243 105
1716 1907
1084 1714
2434 741
1892 2505
1624 2253
1181 1489
537 2348
963 2041
1155 1144
623 914
2348 1001
1693 2335
323 1830
2469 2210
1513 1955
716 1339
841 367
963 1722
2228 338
2153 1964
2438 1963
1462 1169
244 1932
1905 1600
573 1769
1540 447
1336 1039
321 1026
732 1087
913 1071
308 2493
1654 1995
2191 1475
1999 326
1696 1231
1920 1966
1417 1958
1824 1589
2341 765
266 2506
1422 305
413 926
533 191
1067 182
743 286
1053 2272
1864 1156
1663 1155
982 932
2473 1040
1723 714
2428 1872
1374 1488
1197 1248
766 1939
1159 50
377 1199
2391 1475
1476 1782
268 646
1962 1576
1529 2246
502 1280
1214 1647
573 1341
1704 1143
1630 2038
715 1225
2140 716
1504 1722
526 351
362 2431
1167 167
2524 2251
951 627
89 1494
2221 1682
637 1400
2452 1700
1610 610
467 1852
1061 999
1915 7
1641 1718
1553 2065
107 1128
1179 14
1487 942
2205 1218
734 910
167 2080
526 1627
2182 2327
900 1569
1763 1715
2252 2173
1449 1165
1279 1464
789 2029
763 1638
1168 340
1182 145
2389 1827
1383 145
156 725
97 2348
2258 2337
1444 484
723 1939
1232 1149
1322 1375
418 444
894 734
275 763
1598 369
1298 1104
2316 934
1987 2157
160 1708
245 1575
1673 794
1132 1814
487 1346
1538 2326
1972 924
2038 2396
834 1788
1437 2228
1354 1235
2163 526
186 2242
2419 1553
2203 1055
1199 2156
1130 112
2260 763
438 519
683 1428
2053 285
1149 1854
852 2120
389 1912
2024 1105
101 1585
183 2204
753 2267
2270 1034
316 496
2049 1745
240 1668
1788 1567
786 309
1790 2287
1765 2520
580 2484
1476 611
2316 1223
1503 918
1443 1203
70 2351
291 1132
881 1843
586 1355
436 553
1044 1021
2372 224
1911 2332
1780 1804
1605 370
492 1425
2031 1552
652 823
420 1579
2330 1762
965 1658
297 1429
2484 673
2498 1878
12 2121
2104 1931
1406 2465
70 1703
659 2148
848 2198
1806 587
1492 791
419 580
2336 1173
565 840
1510 780
1797 1380
2441 586
1586 400
2077 1629
429 843
1235 2125
1340 699
2210 1411
160 708
1294 1622
2035 1496
308 659
80 377
1292 1773
194 990
2444 343
1390 564
1340 1798
1403 812
666 1637
2482 1672
448 567
905 47
2310 940
375 1672
2267 1979
1574 2460
566 2400
1213 621
2004 2183
1198 1187
477 2428
457 530
292 1517
1542 1045
326 2042
1333 1322
1922 1344
1708 832
1302 2406
1033 1129
310 1545
1780 1085
1890 2083
880 661
767 2221
541 45
2342 684
591 466
1143 1458
1925 2015
93 137
2276 1269
604 2384
1740 1572
502 1252
935 1091
1760 474
1022 1888
1648 1087
997 256
1147 1732
460 803
1301 1202
1940 2328
142 1420
1506 1874
897 516
958 1443
2297 1696
1734 1379
300 464
2081 745
867 1922
1027 300
1809 1146
1881 1854
623 2284
673 736
699 2005
1581 1238
1883 1405
1479 747
1264 1424
1337 883
426 2173
2340 2023
687 2209
308 944
1505 581
1818 1084
683 1867
268 103
113 1216
385 2241
1575 2301
1832 1385
2135 2301
1102 2014
2443 941
282 588
1641 1932
588 296
1163 194
1860 1557
1695 1710
848 2418
1707 430
83 496
1792 1858
2164 166
1092 117
1898 1561
907 1697
687 1085
2219 130
159 830
467 1771
2258 2138
510 1727
133 1128
1552 239
1819 1202
459 854
1304 1159
385 2317
2071 1205
418 1297
1689 1716
447 977
2037 1580
521 277
1608 2426
883 64
1964 1452
1560 839
2455 2272
36 119
215 501
662 985
1198 1908
2405 1767
954 683
340 2191
327 1148
704 1059
63 2045
2065 1417
1328 192
1880 530
1721 2400
1083 2208
975 2029
397 2393
1794 459
466 1823
1333 1482
2344 1035
2063 1807
1537 1100
1158 2297
1129 166
1881 585
191 170
2271 123
1567 481
104 1198
430 2396
1974 2197
1999 1690
1002 533
985 1753
1877 682
147 1585
1330 2188
1746 1586
1393 1136
1058 1894
1119 2162
484 2240
673 1646
253 1158
1116 2116
1696 294
754 380
2010 1467
716 884
750 818
143 180
2349 1707
1782 1397
1231 371
469 2027
711 791
2150 12
2063 29
1708 1954
1604 926
300 1829
1307 462
1791 57
707 1602
1551 1379
1945 2132
178 573
1591 1746
1994 1420
318 210
762 1582
52 1533
2111 1764
791 1259
1093 1871
2302 977
94 701
2350 517
468 671
2054 405
2115 979
1528 909
1739 1628
387 1526
1767 1735
2425 1298
477 347
2353 910
504 1365
212 2100
458 1833
1347 344
2342 762
2202 2462
499 2012
241 2196
1880 1944
2477 1197
1784 1116
490 328
1437 178
842 87
2405 282
1877 1573
132 1374
1115 1790
2344 2468
957 1560
810 1950
2003 1157
1982 1885
1013 246
656 55
2378 2090
2174 1021
116 1437
2361 13
2325 1531
1278 1219
1004 1113
1544 1463
949 1253
5 289
1432 612
1755 466
1506 1887
603 1585
2034 1501
1620 2501
2272 2138
9 2142
693 438
417 1264
2139 711
2442 751
46 1261
1523 914
1829 2414
1261 150
835 1450
2297 506
1332 2519
2201 683
1227 2442
616 490
1822 2465
1937 533
771 1521
1065 46
1251 1666
542 1271
657 1875
1083 2273
1044 2093
49 1960
183 2009
188 1477
739 2519
1117 2023
1182 2395
1950 944
1627 12
2219 2068
2003 2401
505 2501
2184 1220
2228 1426
2134 1326
1154 2446
1876 224
2088 2130
106 2451
1160 1811
1063 2346
1071 763
2298 1634
1957 1971
1675 1405
1647 2080
412 1931
1412 909
2160 542
1377 1350
510 2050
1513 2358
1984 9
515 2176
1551 1954
261 898
177 502
1698 2368
2249 1634
481 557
584 583
2409 692
1514 526
2506 791
2417 2116
2128 2370
669 928
489 2442
1856 659
1901 2389
594 650
220 2357
2278 2104
1529 2244
135 685
2321 519
2113 151
1183 316
1637 1000
922 2161
398 520
53 2027
70 2195
1736 494
1644 2413
156 2511
239 1423
168 1878
1688 87
535 45
1457 469
963 2466
1791 1364
2479 2455
1588 578
975 1534
1676 461
157 1218
194 2035
2513 66
109 882
1814 1226
1992 1280
13 2037
143 989
328 1179
1309 2310
810 871
1746 1679
2156 1499
1825 346
65 650
1060 273
1551 1211
1175 2420
2416 1819
1407 206
1644 534
1154 380
1533 1600
1145 1182
1814 515
455 2175
1031 1783
2266 1503
10 1139
1765 2179
45 103
1675 704
317 1122
2471 1630
1257 1578
225 1792
2363 1777
295 2198
2011 1191
2032 978
1167 1664
1283 213
606 2345
1429 1945
1191 581
767 797
318 85
485 2336
1793 1002
1992 919
257 476
8 1152
1204 1991
1828 1483
1361 974
1627 1212
1761 1034
175 959
159 1333
1630 2024
1800 2406
240 609
369 239
1483 961
1942 804
2257 1120
212 2332
630 1493
2162 2521
268 2067
38 497
2354 2214
2413 1836
360 2407
2170 1565
758 1581
606 2330
424 1107
979 2339
487 1260
435 558
1722 1987
2315 2426
2305 110
589 462
745 2408
165 320
1511 399
2036 991
1390 1384
1236 606
1503 517
1670 446
1916 1958
1530 2469
362 961
254 223
2499 2445
2017 1169
1489 108
1949 347
923 1541
2189 1796
1710 866
1568 2464
2260 2233
210 2029
2337 2032
2485 1405
1450 1478
449 81
1283 28
1427 1242
747 2458
1034 264
2305 2152
78 742
2332 2371
1350 1811
2061 1232
195 1819
793 696
28 2343
1545 1465
575 923
1461 1575
1492 440
1498 515
473 1722
198 866
2199 471
2044 1777
1465 406
1319 30
1415 482
693 468
2515 2420
1771 1836
80 2440
1872 1159
833 858
384 210
2315 1996
832 1304
2398 1988
2324 1503
123 1477
1905 103
1833 423
1934 2086
865 133
751 150
1947 114
1036 1309
2447 1427
321 1767
1111 872
61 38
1438 1684
1770 2122
1787 287
2231 119
1264 1943
1506 2408
853 339
349 1557
1824 21
1374 1659
1010 1435
1638 1957
2386 557
2509 1592
563 327
1960 2130
1794 2506
95 1067
2322 390
1572 1010
1176 346
2409 1587
1502 2300
876 324
1258 1528
2329 1296
2378 170
1721 1022
693 2209
2114 1855
2098 2056
2200 1376
2054 778
2059 2007
1826 2133
22 1119
2464 343
568 1886
916 1564
2309 888
834 545
2192 1281
2356 70
1212 152
1133 2324
2004 1006
1029 1293
1174 2061
375 548
1270 1964
841 1421
121 1329
1961 937
218 515
592 1375
1804 329
508 1953
31 811
1504 1692
1750 481
2394 985
1482 1878
1129 443
2390 228
734 126
1101 572
1233 2172
2015 1063
2267 553
1186 1229
2023 728
1375 672
1734 745
756 2260
1241 203
565 1076
1685 1185
1686 2005
2143 1863
1707 216
728 2072
821 1204
693 2436
2287 2221
575 402
2186 1684
2327 459
1069 2515
599 1193
2001 2303
2279 2038
2315 451
904 2253
1713 5
738 2257
1445 2511
1132 2285
467 1675
1788 1276
2506 2166
1134 1298
2309 323
1816 1122
1443 2144
1838 1366
965 77
2456 1247
1540 1332
346 1111
439 729
597 14
285 1316
460 1263
1098 2390
175 916
1354 2025
1123 2464
226 810
1158 601
2484 784
1508 895
151 1903
1992 2033
2210 167
974 2506
327 603
339 309
928 373
1382 373
2427 224
745 733
1421 1619
1038 2065
1778 1758
2316 700
211 2438
1705 2216
964 390
341 1605
1321 386
565 209
240 1382
2086 1837
558 1403
1759 2147
117 479
1854 2149
2334 1540
348 362
1359 1186
1190 414
318 320
838 135
2225 673
2063 2364
381 1763
1913 2244
1663 718
902 893
834 120
929 2401
1443 1631
1335 1396
236 453
2356 388
2121 2520
863 1078
5 1349
1281 920
2520 2292
2408 120
2264 897
1887 938
1947 1712
1689 1174
920 2210
1961 1934
1755 467
2211 1208
602 505
1539 227
1201 2253
1276 886
1565 428
2014 2365
1762 2438
465 1660
1210 2209
763 249
2488 837
1189 1069
695 1362
1360 687
785 2350
1875 1658
602 382
1811 1750
1741 691
740 456
2073 2216
1633 1668
2352 1041
2104 1079
1310 1770
1076 1781
834 2369
2326 2332
2484 1773
1421 1398
1192 770
1672 132
1699 700
2507 1829
61 1024
2217 285
1054 2055
60 655
140 49
1944 1781
512 2218
1212 222
632 748
1605 2249
562 25
2058 2117
579 2037
62 1430
1089 1599
2416 2049
213 1766
1118 1487
625 1453
2003 2297
2384 1798
2286 1955
1938 463
2362 719
1770 1949
1969 1620
1653 1400
2509 374
1401 1605
871 1483
1379 1728
1122 1950
565 907
811 1880
859 1473
1050 108
2354 271
1434 1581
30 1604
711 445
600 124
2371 575
1652 383
499 608
1207 1788
358 1678
1533 1846
395 811
417 1826
2035 2358
758 1027
2380 627
218 872
1003 2111
2022 1670
228 565
1776 1562
1195 2017
2168 2093
2403 1944
2383 2473
2491 1083
1924 542
320 2200
1204 1936
1093 262
563 2031
631 391
888 2512
1784 1839
402 1553
2479 1604
989 1446
495 1360
207 564
943 656
2196 1168
1171 2424
1829 949
1752 787
1555 828
794 289
1213 861
1222 1224
999 1186
2161 1104
585 634
2005 1081
683 504
824 365
191 2502
390 1944
1485 1922
864 2425
1448 1353
514 860
805 480
41 1512
1333 47
1805 134
329 27
2409 104
382 1129
513 711
373 2488
1731 2000
897 62
303 1760
2124 1348
901 440
2302 684
2036 2079
2095 250
1217 200
2407 1006
1651 207
2169 531
2306 2421
2234 766
2459 551
1804 1955
959 553
263 148
2159 1386
442 996
367 518
1603 877
1640 2210
74 2175
1121 868
1337 2085
232 1321
1427 1989
2032 1458
2033 2056
1081 2251
193 983
2173 1517
2475 66
1705 1434
888 1956
1103 2124
2439 1525
113 804
967 1475
1688 1671
516 1336
1938 169
1339 1178
1096 1417
337 1479
162 608
1954 752
1677 706
2346 1174
1787 909
742 190
458 2518
875 2474
1513 2085
1813 986
1377 502
2395 660
592 4
1102 1955
1744 396
2176 478
687 2496
1259 1016
290 1753
291 885
871 37
1321 470
1404 443
408 5
10 2404
754 1230
61 133
389 2356
1770 1236
2433 1008
2258 844
1485 784
2301 1551
1387 2119
1988 441
1604 683
2265 1110
353 1224
106 21
61 779
211 2473
1564 174
83 1067
1788 960
1005 1355
2455 450
462 1054
1591 1554
633 403
1702 361
339 2173
2458 1161
1136 573
1229 1507
359 555
422 1891
1035 237
621 207
263 1987
10 1588
902 670
724 935
653 356
1731 306
262 2155
1044 1897
950 2114
2392 396
885 598
568 1606
285 1380
26 478
1766 2185
1832 107
979 2
2384 2248
1563 2400
2412 1540
172 348
174 1851
1879 1498
869 2300
101 1454
435 1406
2402 91
1450 2300
8 218
1532 2045
1238 2397
346 1056
911 1360
304 1861
199 2112
1201 1186
2202 1350
2293 2062
87 2078
296 1242
1895 1058
124 1725
315 2227
57 128
323 1669
740 226
1217 1391
480 1777
337 281
2289 799
653 1709
301 1966
2039 2402
500 564
1218 753
1592 2341
47 433
2045 1012
42 983
2269 1650
839 369
512 2019
2405 184
1008 1433
2331 508
2346 1392
2042 475
2405 2066
1356 410
2111 791
1353 1722
1608 29
1909 2047
2485 1424
699 2136
2274 994
1391 1188
2158 1127
1608 1567
907 1723
833 95
2400 2345
2441 1723
1833 930
358 1083
1782 1030
684 720
64 1264
1269 2244
374 986
1424 58
2064 1702
1115 1035
1469 150
2384 1503
2332 2078
1324 1615
2065 236
324 1147
1075 1975
2396 1268
1919 1292
699 1125
1321 340
1790 2237
1619 928
364 1787
402 172
1888 549
1652 2010
1682 1200
746 2210
214 1458
1975 65
906 729
285 2061
2288 482
2230 708
2183 2119
1612 721
1865 2277
1071 1850
262 2172
766 2163
407 1007
1731 1997
1468 1741
114 433
323 636
2082 542
2274 1910
2013 818
1862 1068
1478 1102
1473 332
236 1650
2507 1251
1176 2136
1235 326
182 2482
329 1429
1810 2329
1481 2210
2294 1557
1125 2225
815 240
2320 1259
1210 483
2298 1068
871 1449
411 285
1422 392
687 839
2049 1012
1652 962
1840 1721
238 966
1752 31
305 1690
1647 168
187 1538
416 2257
976 2064
410 2303
734 1243
1118 2255
103 4
781 2349
2458 2065
19 2189
2506 2301
1026 2509
1285 96
1495 1543
353 991
2440 503
1285 334
1842 2254
2314 817
1842 2315
179 111
2045 1517
1188 841
2150 1347
2175 1644
1935 298
480 1567
149 751
1069 2028
1959 1457
1898 1936
917 345
1580 651
1460 2397
976 2454
1628 886
1344 584
1789 2017
1634 1444
1093 2273
726 1341
1066 395
66 1923
2103 2200
1322 1644
2119 1139
761 413
622 1779
229 1891
1875 28
1252 1665
1279 1486
990 1885
683 676
219 2444
673 2201
2377 1097
1853 1553
146 1271
2015 2138
212 295
858 1569
1470 1091
310 1244
2491 507
127 533
629 1947
710 417
1553 1618
1787 2033
766 2363
569 2151
109 316
1402 1895
2492 2051
1816 796
349 60
1728 1256
1587 1475
393 1480
615 664
1414 574
1935 48
2393 1548
1909 2403
406 2253
2294 1894
2315 1915
2166 1756
28 1636
1972 2384
1245 1454
391 1489
2301 923
1610 864
909 2141
287 874
1955 404
1820 1667
526 463
1716 823
510 1953
2002 1321
724 1575
2459 2439
334 2439
681 1784
1537 2018
950 1549
866 47
1204 2522
420 500
1395 1359
21 693
904 39
545 1201
1647 2165
354 1396
378 1003
1713 1425
942 1747
1379 885
245 212
1904 534
1379 551
1378 2198
1528 194
577 2366
471 105
187 1535
499 1658
2378 543
1763 1676
2186 2194
1211 1019
428 542
141 2325
1302 1825
923 1859
2046 1153
1400 1150
375 2063
1847 2060
742 2261
1829 924
241 1704
1680 1391
740 2135
341 1103
300 1274
1922 967
2180 39
529 2166
901 107
949 883
872 1473
1757 1867
2357 680
385 808
1372 38
1644 1899
1661 2141
1156 1178
1635 1171
2174 931
671 651
2157 2513
1777 1816
1853 1846
683 1995
168 492
1655 1545
761 435
1739 2235
2490 1220
2369 433
102 2444
416 476
2121 927
548 400
2033 2399
1383 1563
2209 423
137 59
639 845
1863 646
1592 2178
1464 2129
1743 454
1602 1794
627 206
519 701
1149 861
2015 382
2303 2161
2154 1472
940 838
79 2390
536 246
367 911
2307 1569
880 100
318 2117
934 1613
1293 730
1305 2447
1792 1778
2024 181
507 549
1925 2041
838 2233
360 1355
899 1316
1631 568
2085 1620
232 1243
2070 1998
468 698
2376 255
1284 522
1481 1570
2515 2245
2364 2340
1899 1810
737 129
186 544
161 1676
1784 1283
42 1042
1890 1626
1259 2256
1043 2413
2359 1677
1007 929
1743 1035
375 1649
1659 1623
2319 1671
1844 676
1856 2414
1623 162
660 426
425 1624
1655 1518
1634 583
1883 2401
1307 2076
1965 927
1549 633
848 171
1487 1574
1125 250
2184 269
1624 1285
468 369
2306 2245
1009 1110
1759 469
1672 1390
316 1201
847 332
582 702
238 1553
1276 442
1816 738
612 1104
1626 1243
2063 2245
1375 1665
812 110
2145 254
2287 1531
374 786
1510 1381
2208 563
2154 357
884 2122
855 1167
593 1452
183 1695
62 703
2443 595
2327 1866
1432 2265
443 886
74 1405
1900 838
1609 2036
1945 1637
60 235
1997 766
123 1153
1683 462
2471 1639
1340 221
1893 245
423 1617
54 2098
1489 556
2420 1644
1910 953
1045 1582
2261 31
2067 662
1917 1470
1466 457
2012 279
400 2352
413 1287
1946 1064
504 1187
2491 184
292 1248
226 320
430 1221
1034 1214
2484 2407
1145 1277
2427 1692
308 197
258 1579
1652 2020
443 893
2002 575
2407 605
789 11
1686 2346
656 636
1037 1217
2145 1866
1748 486
203 2163
746 991
104 1802
2145 567
126 2084
606 2520
1027 2462
1910 1715
138 361
607 522
28 225
2143 398
973 1478
613 566
384 1488
1 281
1329 1597
1489 2063
612 2321
999 1719
2512 489
1734 2242
1606 958
53 120
1700 1916
125 566
150 1881
2309 323
546 2198
104 2224
120 1510
1924 2173
1909 1627
2009 2244
405 1862
2398 2231
1051 6
1713 1637
314 1653
133 1753
2481 886
1141 1735
376 2402
704 1979
120 1672
935 1704
31 1197
1119 277
2199 1580
1507 865
255 2026
440 1729
1155 2269
2292 1897
2373 1868
205 217
2314 1449
1514 290
2124 1978
1071 1098
1854 1707
1263 931
855 1301
7 2230
60 1752
1516 1658
1627 832
1309 2064
612 70
1574 2275
1869 1953
2160 531
404 2406
783 1555
30 1082
1292 2040
1309 616
178 204
899 655
1019 1358
1755 677
2488 565
709 1544
1831 1301
1563 791
1133 1969
1676 1401
1353 637
672 948
135 1608
1894 1139
1061 425
612 224
1689 2244
1606 1239
1117 281
2037 1775
502 676
245 2219
458 1680
299 1995
1956 1397
278 421
1734 2121
724 797
1040 1433
1834 1534
921 1406
1434 138
2221 2433
1952 2009
1717 479
1373 413
1603 1018
1045 1480
1850 1719
398 784
215 694
919 498
1697 1063
129 573
80 1863
4 618
526 2269
1311 1213
2210 1815
1524 1361
447 1405
907 1507
358 833
249 1057
1200 28
1260 1601
2319 2094
1120 698
1375 777
890 2130
646 1746
954 1239
610 20
333 342
1577 419
1120 1481
364 475
1978 675
1274 513
372 949
68 1983
1182 1993
2506 1063
956 1517
915 2132
1031 1021
1254 2238
2487 644
129 321
1440 2119
501 2389
96 747
533 1614
2371 40
870 1484
1906 1770
316 1696
61 946
1067 875
1181 433
621 826
163 727
648 1075
2299 1092
309 464
1708 714
117 101
2503 1100
1062 876
897 2087
1629 2107
1651 2092
1326 879
1330 2349
1406 882
1840 2033
842 195
2291 2141
202 2228
2024 56
213 2058
763 2017
2278 1751
1994 1837
1569 1191
2085 113
248 865
1898 18
243 1775
12 1480
1302 1736
747 488
2487 1700
853 713
1695 1590
523 1527
0 1348
2352 2245
321 576
710 2203
2261 812
1530 149
1112 2199
1022 2321
1483 1553
394 300
1085 623
2508 1817
1926 1216
1176 1371
915 598
1535 1874
968 1033
840 2170
1168 766
1105 1628
645 2498
49 1655
291 1567
2003 2503
2249 1041
2396 1527
2155 1985
1668 489
2175 592
1540 24
1556 791
399 1700
1367 819
2369 75
1236 848
1916 1933
1879 516
1959 1887
957 1773
572 2485
246 1560
1579 2314
1364 2218
2469 1944
690 1429
2056 110
11 403
809 2231
1262 1598
1358 177
264 2025
1699 514
340 1026
2126 2347
2491 1373
178 989
889 1763
2244 370
1062 853
1820 1416
1635 368
713 587
692 641
1544 1984
2015 1247
857 721
1352 146
276 1131
1274 1440
362 949
2202 1383
2488 1537
322 1203
2176 107
1929 1054
9 1959
438 1371
1037 929
1665 2373
1414 1712
2269 788
1983 224
1159 632
1589 1205
428 1486
433 1889
402 327
1142 2138
298 352
1222 686
2413 1146
35 2164
2439 1119
362 1612
1256 461
1679 1970
144 749
2149 108
2053 1397
425 1198
1017 347
158 2273
697 2422
1238 415
1014 2029
1753 1039
2084 668
1616 214
932 2374
1849 629
1173 1630
853 2185
1275 696
1475 414
1732 1307
46 1883
645 643
578 1656
60 2184
764 1140
2281 2160
1989 1119
2365 519
614 2360
1574 2426
2465 967
1725 541
863 1754
1520 2191
215 1262
2222 411
1470 1091
588 2161
2164 408
470 551
69 217
838 1186
2390 1201
63 2206
2279 1982
1132 1466
688 1738
1571 1849
1016 540
1407 1708
2183 1839
629 1793
2275 1294
984 1593
2052 2112
1360 1334
304 898
2016 61
2086 1940
226 1021
2341 1165
1828 1878
2499 1468
1494 1751
1656 1825
726 2433
2323 1225
97 696
2116 829
1067 360
1717 505
1532 2282
1384 1112
1151 1237
1199 2412
1673 2517
2115 1893
1057 1276
601 831
2148 2100
762 338
2178 1681
1744 450
1877 1482
404 1846
1284 344
1965 2157
1038 286
458 1589
1365 2033
699 1996
2232 2119
1997 1843
1138 2008
26 866
455 805
356 2276
691 1202
430 1394
2344 1681
1575 580
1312 1175
121 1149
2458 460
1593 2384
844 2088
2184 529
321 2015
1563 427
1308 2343
213 1486
1118 18
424 972
1200 520
1916 1605
1900 1666
2215 2509
128 1710
1644 612
1236 1632
6 2312
2222 2046
119 777
2135 1634
572 457
1879 569
2445 1222
2326 1026
934 2365
1074 239
452 2153
1147 742
1266 1423
129 1556
1082 54
2174 1531
1399 612
1269 1762
1750 51
377 2386
110 97
1746 2256
233 797
777 2140
1131 923
1908 1876
1465 1399
387 1868
1446 1623
924 785
915 2267
2334 2338
1415 1195
1465 1437
1358 610
1371 459
1506 1829
2324 2356
910 1783
564 1658
2311 2280
1169 2143
2114 1042
575 544
1159 1245
1114 2395
1118 137
1190 970
649 346
1700 1839
2138 1709
1066 677
568 1313
1162 257
2078 360
2216 1897
935 533
465 680
2206 1925
1011 2091
111 805
1177 242
912 55
1002 237
1714 847
1802 1089
1460 1644
2276 975
2506 1370
1005 1429
845 1165
792 2137
470 1588
1375 190
899 1356
610 1080
880 279
720 483
257 1224
328 88
1690 333
731 1980
755 791
2107 1922
1901 52
1174 1250
527 585
2247 412
640 1817
419 2288
2004 381
650 2072
2281 122
1768 966
2017 1300
165 129
2502 2037
1149 1890
1297 2421
476 239
131 1123
183 1992
361 1507
167 736
1104 1874
2490 1329
2251 1747
1385 370
1540 7
1339 545
1259 191
1149 728
2051 289
28 1926
1452 1497
588 922
1455 1235
481 1451
2392 1737
434 1341
886 1912
179 1549
2182 1187
402 234
691 140
276 1478
1035 1264
1018 1177
2201 1814
354 1537
979 262
1101 1959
865 1712
1967 1778
657 1825
1454 1962
484 531
577 1160
2161 1658
2230 1050
753 1001
1366 503
1585 202
1240 1480
1831 14
2139 2267
2406 1570
2109 2338
1730 246
435 1745
1663 1482
117 616
1464 1693
1462 1112
312 263
1974 400
1847 751
1661 1979
1736 1406
2162 1654
10 1764
2382 809
1257 754
520 454
717 477
1042 1508
1690 212
2256 524
1023 448
1556 1456
341 818
1497 593
2120 1361
61 2073
2175 2280
578 1965
1691 2343
1952 997
2144 616
2077 1360
2421 1012
595 2193
2093 2203
2 1260
640 437
1521 799
1273 1628
2 754
789 2096
183 1938
1698 1992
1568 2358
911 1667
1192 2372
439 848
1506 220
1125 187
916 1826
2487 135
2142 1582
935 81
912 53
1238 15
944 2165
91 150
2196 1448
2022 1958
1554 862
1056 1533
1480 130
1682 1508
2248 342
1944 972
60 2033
2463 715
685 1096
2018 1787
1058 2010
1025 2281
1008 2513
175 1563
347 62
1994 2020
55 118
141 713
946 2406
1255 1404
1118 147
522 991
1289 1317
2042 1562
2437 474
15 1108
715 1018
1987 853
1067 1318
1831 2347
2516 1627
1630 221
679 1918
444 2500
1956 2505
621 1261
907 1206
1406 1479
1387 1295
1377 1753
926 632
81 1721
2425 2140
1350 2082
723 1655
673 692
2276 636
1954 1544
1506 1063
678 2142
333 927
167 389
131 1783
1878 2098
1803 1518
227 2080
1213 37
230 140
83 881
985 1775
912 879
1380 1263
2164 406
1293 517
2208 997
900 787
863 1938
2382 628
1368 41
668 967
411 1299
2135 1274
895 2036
2384 173
5 189
1701 1962
308 786
1335 1587
1055 1523
1120 2455
1503 1282
859 862
1180 1595
1217 1793
2006 400
840 1209
1601 2461
1307 1088
306 1226
1456 1996
1924 660
2141 2193
1348 570
546 1385
87 1326
804 457
2009 420
650 403
1760 1987
843 1674
1253 1893
1300 209
122 197
384 2312
1347 1902
1193 2362
200 990
405 335
54 717
2112 961
394 2149
1852 169
788 659
1912 550
1663 1612
1025 1215
81 183
621 576
226 1641
461 2392
1887 1983
1243 75
207 1748
116 1068
383 185
1771 821
1558 686
2247 1668
2297 1744
419 1797
117 1700
1541 1826
898 932
230 2347
2452 522
1384 397
499 599
2215 1368
1691 56
54 1329
1960 1918
371 1010
136 1563
1934 1302
233 499
257 1516
1529 507
2352 2067
2136 802
1573 525
418 287
1082 434
146 1312
556 1708
2412 825
1312 761
1336 1111
842 4
52 32
124 801
1055 1948
162 560
368 2180
2147 1998
726 2283
1374 2171
18 1300
2128 1446
961 1837
933 1565
1581 1633
1345 1814
1622 1181
683 491
2222 1293
2483 2436
427 1382
1704 269
96 2343
560 1039
488 946
2481 1810
86 1853
1363 768
516 2515
1608 1016
1657 27
1405 2365
1907 555
1090 1188
2188 1382
636 699
2032 1238
1622 2117
1681 1309
1129 691
2472 398
1783 1724
1173 1786
549 1387
610 641
1228 2107
898 583
370 136
1706 1333
873 787
1509 2463
1071 1759
1411 2161
1013 2078
1119 412
1525 2376
1854 1648
548 2208
1125 1681
1298 1595
1022 1239
2260 5
1454 2006
84 2178
2339 2086
1863 1522
325 1447
2037 2143
2464 1205
435 1792
1677 536
116 2455
1956 864
1788 845
314 1975
1623 1612
735 1505
270 1887
2183 2411
1789 538
2352 1600
2285 109
374 910
1610 2484
468 1625
1842 1741
223 1396
1938 40
1237 44
1813 2033
2346 1402
533 623
110 1018
2043 62
204 1243
2046 657
999 1286
609 514
1972 210
1296 281
1589 595
1039 1159
1829 2008
2133 705
2490 88
2242 1870
2288 201
1619 505
2516 821
1013 218
259 896
1944 1388
780 2078
480 1649
1247 1279
402 479
556 857
216 205
1123 1972
2370 1756
2438 2281
552 736
1378 952
2369 474
447 1638
639 1090
429 121
1379 2184
1414 1978
339 1732
2358 931
2166 1395
2220 1194
1131 580
1940 2299
901 1927
517 66
302 293
1129 369
2412 590
660 1083
1219 978
1698 63
2289 1883
1553 793
1149 1686
1963 1660
1817 2387
1960 605
2487 2423
1765 2462
2041 1995
1216 1948
2184 1832
46 342
106 1323
2519 1826
41 1500
697 342
1497 1716
913 1657
772 336
929 73
1787 1440
819 2192
698 240
1567 2497
774 251
2140 655
2023 2230
2490 2024
1907 538
148 2110
2320 1314
1895 506
381 1894
2466 1624
26 2442
2046 1076
1353 1204
125 770
473 45
734 1671
1854 601
37 2306
2411 2262
609 2118
1435 2275
1546 911
368 1622
1434 2317
1211 0
1441 2508
2473 2406
512 1895
2165 689
1247 1469
1417 1271
743 1290
2349 1113
386 2275
550 720
1557 1431
1987 1725
2519 1472
730 2324
2054 2268
1030 1327
2489 1000
1834 2502
64 197
1980 1330
2423 2019
1311 151
1565 1953
2424 1025
1879 237
1218 1488
1908 1181
254 326
2344 2336
895 1892
46 1818
8 195
820 1175
133 1909
115 1248
2326 2268
353 1469
356 486
2211 180
165 911
155 536
1630 2225
720 2224
1311 2210
1580 860
164 1058
1586 970
342 545
1490 2298
422 1505
352 1560
1412 1410
2153 2196
933 320
1202 871
874 487
178 637
2388 973
2385 2376
356 556
199 2427
2514 426
1311 2278
2414 314
1207 295
1572 828
1368 514
1342 448
744 2410
2460 1766
928 2490
603 2264
1039 2232
1296 1569
1323 2221
724 1469
1641 683
2035 2074
955 1603
1724 570
2439 343
2494 2165
2430 400
2199 134
2036 1301
918 1509
1721 2111
2029 1947
2239 370
1211 647
433 2232
652 1616
1220 2320
1310 1374
2396 850
1358 243
732 1653
799 472
1940 1077
1557 1239
1457 1848
190 1638
4 1623
1886 2306
2215 1262
2214 1399
2232 2088
784 1334
455 45
1129 661
1597 555
695 1898
1813 1405
1509 292
1586 470
558 2064
2144 224
355 464
2361 1829
2224 129
631 1369
1347 1560
1786 1376
82 2153
604 543
697 69
1828 702
1277 1513
253 690
1663 1203
1429 479
1936 1918
585 1397
1567 647
131 509
2063 1350
2500 107
2054 1540
2058 1872
2266 1421
1038 817
1376 1696
1527 1455
1658 1570
2314 1619
761 1686
262 2407
363 1114
165 125
1542 2161
2454 1959
735 498
1025 699
484 992
933 741
1753 163
2461 1874
290 490
1819 813
445 1345
909 778
1 1637
1731 270
1747 158
486 1942
410 172
2037 2411
985 571
1505 242
445 1417
629 1551
1531 835
1959 281
747 1194
2197 1770
2521 207
783 251
137 912
1889 959
1655 1101
190 1820
1230 25
962 1872
334 658
1100 944
1740 1003
1128 1721
658 2077
2419 0
425 2396
721 463
267 777
500 1400
1414 2340
88 739
1527 1693
1547 624
2208 961
498 1962
251 2204
1910 1006
519 1417
1017 1710
191 1609
1971 1791
863 608
1810 1442
1465 391
1742 473
912 1929
781 2470
1234 1200
1238 2425
729 2272
2083 728
797 1311
2315 2317
1915 2485
672 1470
373 323
2274 523
2186 145
1334 2233
2434 1688
1398 802
1643 1989
1077 1809
449 2172
1960 962
472 1202
839 430
2281 1463
2462 2456
2360 32
1911 30
1270 1942
2053 2015
1652 2106
2451 75
2181 1771
1681 675
2129 1305
2421 1755
738 892
1969 360
388 1043
623 2362
816 330
1475 1641
1407 112
891 383
1992 1198
1600 1990
1602 1340
1581 1776
1151 1131
1056 849
1071 1477
426 307
698 893
105 214
901 947
686 1434
89 2259
1104 1687
66 898
2281 2071
2044 1887
384 1195
2051 1880
610 57
573 720
982 2142
1729 164
846 2433
556 1486
1713 789
294 1289
2277 2479
1160 28
375 1142
525 1241
1792 835
792 858
936 1242
2457 2303
2168 10
427 332
56 1539
178 338
1176 1147
1893 2028
443 577
2216 148
761 676
1279 2387
1206 1913
504 2248
2115 209
1967 2470
2296 1219
1636 1004
2177 1264
313 481
1358 1100
477 987
662 1176
1211 198
2291 2490
1735 1802
1153 817
2254 2408
1706 2031
837 889
224 1471
1388 1757
210 2078
1048 1445
1194 2394
1115 1358
1128 2390
1156 442
457 2165
349 1108
276 2096
795 2068
175 2037
425 2315
2103 253
52 268
2342 407
1633 1430
1287 1554
2441 2050
1251 1430
1391 2107
1974 1594
1771 999
15 386
49 530
564 674
1448 1108
2353 1340
2112 469
815 675
2047 1771
2042 865
2293 564
1579 716
1984 1933
412 1307
1157 2029
1615 732
2190 2209
1910 1027
2232 817
1779 56
2041 1622
837 1694
825 1924
1512 2076
1348 862
826 1605
926 2292
291 616
961 1700
523 2159
2234 1629
575 1829
275 1379
11 1547
127 900
13 1005
949 1911
1728 1136
397 2387
1319 789
1091 374
2213 553
1118 411
1272 1948
994 1273
1414 2504
813 910
293 121
845 1380
569 121
1090 2512
261 1972
521 2066
645 2130
876 557
93 2314
1243 2513
972 501
95 189
1834 727
306 97
1640 2110
126 95
2244 1580
1307 268
1972 1672
14 355
1 302
1889 2314
1966 624
2371 183
625 2058
2497 1644
346 209
2029 2110
1097 1548
1030 764
1934 1563
1229 2112
1254 1610
907 1725
67 91
82 834
924 1225
2064 3
276 1378
1888 243
1440 524
445 1068
1437 1830
1200 970
960 1149
483 2400
74 656
1215 2380
1207 886
1239 205
1846 392
1223 1494
2094 2365
1652 1044
1911 1680
1302 2171
1122 867
691 1762
298 1666
717 253
402 325
1087 743
1091 2058
608 296
2146 1114
427 859
2435 692
348 1725
2207 1716
584 1449
258 903
201 543
1604 1473
2206 2001
2185 2256
409 17
2213 1876
375 991
1419 1053
2295 185
1570 1354
1979 937
1045 26
1729 1556
1290 1308
577 1652
2135 1398
1633 2257
233 1592
584 909
1428 1944
1041 894
1879 1527
108 849
1522 1773
2143 2059
2284 132
981 1181
2145 2124
2459 2404
337 636
1675 302
734 784
1665 1016
673 24
1767 1791
1193 937
1116 912
2108 2273
685 1323
1820 2146
1499 669
195 1532
1507 142
59 2129
578 979
2053 339
1733 2193
1814 956
449 2223
812 739
2223 2051
1719 61
565 44
155 945
1030 2328
548 696
947 586
1808 1908
2465 1504
949 507
1833 134
1759 1696
1795 311
1985 1355
612 1847
551 271
2353 2432
2014 1457
533 1543
539 1679
1117 1966
98 274
2463 2003
2230 2350
2320 2440
609 436
2247 470
526 1863
2397 1255
194 1417
1138 2104
2247 2063
1113 1907
995 274
498 2425
107 1373
817 655
879 1774
237 2435
1187 1890
1553 914
686 353
181 1460
532 1118
1985 157
427 169
846 281
1486 1664
1552 1215
2133 1380
405 670
2247 1362
2513 1570
1208 891
175 1905
74 1157
888 839
2033 2217
2025 2465
2406 456
1340 77
1522 1726
410 770
705 626
934 1716
2014 2226
2220 1686
2128 66
1331 160
115 352
272 235
1856 642
1220 2511
2147 2080
2027 396
980 1868
1784 704
2058 601
504 575
1605 1825
302 2330
2095 283
1323 1058
1784 105
1656 2107
867 1174
493 1038
1194 1833
2018 805
360 406
825 529
770 1943
889 2423
707 2441
1160 897
704 1188
1119 801
1633 74
1156 906
1023 2352
1676 730
851 1591
2095 1503
421 67
2316 518
2251 147
634 259
2422 2402
1375 412
724 1654
2412 309
704 689
880 1483
2223 1446
1996 2346
984 759
721 832
1398 2095
85 645
1596 1612
2054 2244
1539 1418
1274 2205
1521 178
1428 1446
1198 1693
1232 139
812 986
2331 1035
197 521
402 2030
1427 2467
1634 1305
1610 1081
444 759
1183 1557
1981 2037
1234 1242
1723 369
1190 2224
2086 2222
1237 2517
579 740
1401 1752
1717 1175
684 1623
1950 674
1567 1822
2151 21
851 1127
2009 2395
1546 1847
639 511
2472 1890
63 1143
2344 954
1989 1701
1344 371
2342 2281
70 411
1783 1442
1397 1635
1283 1942
1553 1163
2430 1271
259 1135
1984 1785
2062 512
2452 733
2028 1688
2355 2239
883 2291
256 2046
1353 895
759 88
2103 686
2500 1195
1230 33
2514 354
815 173
1405 2062
2243 370
2247 1524
1743 1337
345 1308
2118 210
2198 1797
1193 1094
1308 1909
2272 424
978 1703
1907 1773
522 1180
374 239
1461 1158
1364 2401
1061 1546
1696 2012
2380 1571
893 1166
817 2023
405 1070
1356 999
828 109
1779 2465
380 361
425 2385
954 1327
2424 2509
1869 1514
2001 38
73 699
2031 1598
1610 1886
1409 1610
1094 1068
338 980
1082 1401
621 880
1468 1127
1645 138
1465 1975
1012 1053
1889 634
2441 804
1974 1178
2412 895
49 222
119 1657
1343 972
1509 2514
548 903
373 506
1264 299
1509 2217
2409 816
23 1938
1543 691
121 1415
1619 1859
693 360
1833 573
2345 1954
1153 493
1613 2447
1457 508
2006 765
2023 1642
1528 456
2467 1956
1129 821
828 1360
2295 1322
1042 1414
357 2270
2347 2160
663 1552
964 1076
1863 989
2349 830
166 906
1759 1857
2325 1779
174 1928
1363 2308
386 639
307 676
1917 183
2485 2394
1228 925
2033 2389
2367 1370
345 753
552 230
279 925
232 2356
1431 1232
866 805
2290 964
1321 520
2202 2328
673 84
717 1047
2130 154
1751 1157
2498 1752
2071 2382
2089 1761
1226 1455
301 427
1732 65
633 847
1577 2327
956 2243
790 2348
1028 1643
292 777
1445 439
1017 2216
1178 940
1151 1324
2136 1244
2045 152
1330 1306
971 360
1321 71
2390 412
2086 1462
141 2200
822 925
2190 117
1584 1512
724 1183
2274 2171
1544 2196
854 2334
1324 786
1644 23
752 1776
1488 365
801 920
2017 2249
120 909
1244 729
637 21
250 1273
1626 1607
1657 1377
258 1957
554 1993
2431 1464
1499 1050
1696 2106
457 2363
2335 1418
729 1052
703 1517
661 2142
512 1655
815 2164
2115 2060
1892 592
402 566
227 1078
139 1765
2149 156
714 1305
806 1893
30 1125
44 2296
2458 2091
2209 1131
2418 1805
1010 1654
1248 2289
1459 819
393 1132
314 1749
475 2389
2465 362
277 948
1352 1933
2082 1088
2149 2232
369 72
1794 873
1982 509
1135 1419
54 1749
137 1530
580 1454
1275 1414
1081 778
1794 1475
2252 1667
1159 2086
1604 1160
2258 2187
589 1097
1592 390
1793 2412
2480 2268
2438 878
1057 1654
471 35
1258 2038
39 976
1717 893
336 1046
1583 213
1399 2497
1128 1912
138 2180
1247 1306
2502 1786
994 2168
955 2324
806 1407
2256 29
1621 508
1554 1494
1916 1248
469 1824
1631 2429
49 1666
1292 1451
1305 1125
1497 1616
2515 351
736 704
1956 450
2161 1169
1035 462
1096 913
586 2038
2456 2273
1764 1149
1351 2132
1374 131
1675 696
441 1566
689 2287
2393 1625
1938 490
1949 827
773 1961
2306 2056
2071 405
1997 2127
1917 1385
2212 58
51 1056
1930 1544
1776 2199
1286 948
1254 1187
281 2375
582 889
2241 296
430 2147
2394 1620
833 222
1197 1931
12 1969
2440 1502
813 866
1894 1633
1933 1140
1114 905
230 2182
1359 2523
1204 2520
2121 609
438 1759
928 750
321 1061
916 114
1359 1896
1755 2146
387 688
1857 2377
2125 502
1624 2220
855 2410
2213 2094
2396 870
188 872
1166 323
1379 554
609 1619
2195 771
2395 1295
47 1558
776 2114
772 1980
1295 234
635 1749
2133 2145
730 677
1569 675
1124 707
144 1
1645 1404
1332 676
47 1198
958 1407
1343 182
1905 2227
2212 1371
923 1833
56 2425
2178 661
2263 1041
788 294
2294 179
1460 1743
1637 812
463 1145
1585 438
318 1526
426 323
385 407
2313 371
526 1676
273 574
460 1727
1497 2353
432 1469
2429 1590
2286 2385
1267 1316
90 81
2473 398
557 777
2321 1299
1529 1949
2145 857
757 801
403 57
1665 1493
467 1625
1201 2003
1768 1376
545 468
1433 1553
198 1807
362 2241
1247 396
330 1240
1289 646
2084 410
2331 952
296 575
1213 621
1467 1796
1417 1340
2448 871
2274 1186
1148 1872
358 2159
1240 1264
318 1595
2052 1297
2146 1234
1417 70
892 2026
99 1405
966 1135
513 1835
1760 1721
640 2153
2040 351
1958 958
1535 740
608 1044
1779 254
1471 1892
1738 2301
1335 1016
484 114
1933 628
720 1987
1530 428
631 1769
849 1952
1320 1682
2054 622
818 752
640 95
881 2379
1212 1965
669 93
2290 1982
1565 585
2092 755
877 2024
2275 2378
2448 753
1685 1526
89 436
1277 284
313 31
1143 781
2424 194
538 1695
87 1616
2214 2285
1143 1548
1836 1771
2375 2403
2366 787
1271 1286
882 658
1816 1333
1734 1921
678 2053
1513 2334
1715 2214
26 2449
1877 1842
2363 895
1469 922
223 941
1009 160
293 302
2433 1429
457 375
1545 2101
2366 1337
587 193
1098 2189
1227 2364
1523 1105
1024 1630
2405 818
2054 2232
2500 2347
2168 1133
2473 1745
1655 2101
74 1367
1750 785
2362 1675
2168 1016
1181 2039
534 2258
896 1425
2179 228
2122 2470
1818 2263
1187 1898
2169 1632
1297 582
884 2002
788 887
644 1959
2049 380
2428 254
2301 830
767 1090
184 294
2262 684
1819 2025
1109 2065
2083 261
2335 1992
518 268
1249 2117
1956 1983
1203 1961
1849 996
2070 2230
1209 196
1052 217
438 2471
1318 417
408 337
2074 1466
388 826
2201 812
592 1453
1974 1202
2404 339
1854 2138
895 457
1450 189
1834 248
2229 1372
119 1939
553 1032
1308 507
1823 1778
1328 1760
1410 1871
2144 1336
535 2191
293 1235
375 566
173 1329
1462 85
1351 2493
2024 1799
1335 2471
1438 1287
623 393
830 1948
357 2302
1841 515
1346 1248
915 80
439 448
39 1321
253 2222
1637 1623
1811 2372
1059 2121
2146 91
900 1826
1963 2057
1134 92
400 1410
1888 791
770 371
1619 1436
1396 1877
327 1387
1357 185
1664 13
1982 296
746 1923
637 85
625 2319
2081 433
2099 2508
2365 1821
229 1821
1282 294
1444 321
483 120
920 940
1670 1151
1550 143
706 1928
555 2180
1293 2070
623 1165
1585 1680
2190 2021
726 126
581 377
710 360
344 1383
506 1689
475 113
615 2075
2490 61
1966 1153
59 1889
1348 1677
59 802
184 234
1092 17
2079 1386
2056 175
1842 513
1637 2189
9 2277
841 446
1967 444
2012 767
370 1977
2519 844
2167 69
1796 2096
2046 2206
1848 879
701 2240
2433 2129
1493 1964
2118 639
2442 1952
843 102
97 42
120 1515
1428 2133
177 2040
141 923
1118 744
337 1596
1281 1321
2358 37
412 615
1215 329
1004 1784
290 411
1658 93
1804 1775
912 846
139 352
2120 1583
1760 1154
1190 446
2011 1989
925 519
1678 1501
1219 2265
1578 2280
2409 401
2190 2042
24 1792
1513 44
1905 2014
2419 347
977 1263
2493 1426
1323 1991
483 1974
331 1890
2229 525
1803 810
64 526
990 810
400 342
2183 1641
1100 1903
2445 1842
2337 1301
504 1140
220 1800
1210 2248
1689 336
269 2234
1872 199
1565 758
1272 821
2425 530
1612 828
1655 342
2209 2361
2397 411
2161 2150
496 1064
234 168
140 2456
296 2475
907 224
2514 1182
1565 2270
1262 15
2454 928
537 614
1030 911
982 405
907 1269
1700 2487
353 2015
1347 272
498 988
2415 556
133 804
268 800
378 2519
829 912
559 2067
601 1482
690 2168
1972 819
789 716
2412 307
1114 604
98 1951
1298 1642
128 1372
1268 916
1019 1115
1164 200
1867 1455
2174 1632
1617 914
1928 1664
2408 1217
2069 803
781 542
455 603
1410 1693
1549 846
40 1691
1448 278
654 803
228 41
728 1919
2151 531
7 1191
140 973
1915 486
1930 1532
170 931
2283 276
202 615
2236 769
1698 37
1616 1952
1701 252
701 1999
1690 1624
2203 957
1694 1204
887 2030
1918 1343
2343 360
398 2493
993 1903
2281 221
983 2351
2237 852
1804 1559
678 1129
614 775
2317 1195
2319 942
2232 2291
1132 1331
1780 1786
476 1790
1227 1445
468 414
585 216
921 2452
315 1636
862 1831
826 1162
392 582
1321 1319
417 1957
749 2348
1346 17
774 2213
457 680
282 540
444 2482
2262 177
1012 893
1499 713
889 2353
815 349
1129 190
1238 1224
1927 2097
15 2371
1190 63
1547 1841
461 2137
2489 2167
710 1727
453 976
2363 132
300 1387
2418 127
1729 830
91 127
1619 2445
952 111
1891 2514
1072 1794
154 2103
434 1605
118 2095
1605 1997
2268 533
567 1966
276 1120
1126 1959
1979 2101
156 1967
2020 2342
61 1329
2415 747
1353 1793
1514 1831
2490 2088
1695 912
2005 1425
560 1076
947 623
1011 252
296 2035
955 1347
2193 1448
2135 2452
1604 1588
60 1363
2108 2073
1269 1532
1626 2141
1009 895
2080 2315
156 383
1763 7
799 1846
704 1084
1599 1989
2338 1472
1936 306
1716 1613
2086 10
2190 26
536 1510
470 2247
145 769
1273 1077
1518 2168
986 2089
499 2506
1161 597
1526 1437
2093 406
2489 377
1038 2041
618 445
2458 1866
1459 342
794 1255
689 1985
874 1950
1960 1179
373 1188
417 1853
640 1485
1382 959
38 1963
537 181
696 2022
528 861
821 2279
673 1755
833 588
1739 1321
120 2474
2113 1905
2366 2027
1081 1057
1147 1552
2078 1131
1982 632
1794 322
1669 196
828 116
1204 1497
39 592
687 1020
167 422
48 1013
2470 1741
416 1571
432 2386
432 740
2080 759
492 2239
165 1738
382 2050
1580 1854
1609 621
2500 510
2142 2315
721 1557
1618 627
1404 1235
1904 1977
2013 1315
2277 1746
300 2225
67 981
1853 115
1329 511
2081 1725
2091 1807
1880 8
658 472
2431 2421
595 18
178 1134
2443 1203
2215 787
581 668
1940 1871
993 2051
1256 1127
2245 35
1528 2050
1945 2328
2335 2412
2190 311
1702 1778
1500 303
1540 796
1135 2127
2451 2324
2267 1548
2206 1486
672 2130
1857 2194
144 296
1711 1558
896 643
1022 2042
1645 1537
2000 808
442 1570
1497 318
1419 142
2255 1177
1887 1420
705 574
1627 1479
1787 1799
2499 2373
490 604
114 2142
1439 1134
390 969
2256 1562
793 2196
1833 1683
1489 1323
1921 611
191 2050
705 997
1087 403
803 2322
1425 1337
1568 1402
2226 723
2319 2050
2335 0
1187 196
440 132
1235 2447
1042 811
2122 2301
2011 2340
2412 324
1349 1978
788 1005
1627 1436
357 218
1159 68
392 2398
902 772
757 1877
1228 1335
1035 2182
472 1888
1340 2049
2415 1080
567 2121
1804 1054
2258 1408
86 1484
1756 1913
2474 541
1687 2502
1424 1689
401 1149
1152 1242
1129 62
379 744
1798 2220
1134 1886
960 1584
32 1562
1581 318
2049 2139
775 947
738 691
2366 301
993 0
288 1750
2444 232
583 2047
748 2190
2111 2345
144 1031
276 2009
1096 1476
2391 1966
117 911
743 765
418 1329
710 1123
861 1516
1706 229
529 964
201 1711
0 1954
2418 2034
1847 578
523 1342
475 1467
240 159
277 836
1478 1276
2182 560
2335 1575
1087 1713
920 2109
1950 1457
169 1434
2215 1721
1808 2022
936 2318
1624 857
1341 1361
2261 1942
938 1790
134 2463
340 2124
2476 839
605 2132
386 175
1840 1137
2120 1185
615 1182
2367 2397
1221 2510
1659 467
274 157
2013 2106
2032 1743
1170 2216
1100 1723
2150 2015
91 1658
2167 511
715 666
1209 77
342 719
602 1957
1168 1668
740 960
1816 797
1007 274
771 2523
392 99
316 920
2231 1022
691 573
2077 1799
1884 18
755 481
1856 2208
1436 239
1842 1064
1428 2145
16 1679
2454 157
105 1266
119 1537
2412 324
802 1708
1592 584
734 1810
250 1372
781 324
765 2060
543 1710
39 1692
279 2028
2353 2116
1240 2088
1943 141
1295 1680
643 2416
225 780
271 462
1179 28
79 248
1751 1896
831 1040
2098 1379
629 1677
658 214
83 592
1178 615
290 2491
250 1391
383 1223
1700 453
567 263
806 1974
230 864
1875 309
731 1719
1053 1186
403 252
2016 2456
660 22
2474 124
2261 1244
1964 1209
2282 1405
1352 1086
247 941
972 614
199 1684
533 2105
2131 2388
2454 606
1953 1131
502 1434
213 635
1729 1030
2125 83
18 2296
2284 648
1197 2523
1734 508
1996 2106
2357 56
2007 1539
2122 221
487 278
844 1886
2487 1959
2076 1527
1874 2329
892 68
2075 1576
558 848
1469 1586
1207 859
1955 1586
1898 646
1319 1031
1206 1790
797 2006
2141 2464
2000 1174
1918 2176
1025 2115
599 1070
1170 2500
1781 1438
557 15
16 95
641 1034
619 2192
792 1159
310 1912
1810 2090
1526 1732
1952 1363
1244 978
238 138
328 355
1415 1087
444 1111
550 473
905 2288
2004 1079
665 761
2034 1021
1357 2224
1357 159
1071 2045
1847 829
1294 1402
356 813
635 421
2115 1058
1127 860
1614 1382
849 76
2313 256
1841 1254
2416 1702
622 1171
1086 1623
1086 1442
2316 1901
2045 1621
2520 698
1079 1373
1736 2480
352 318
655 678
2091 1528
2484 732
1161 1240
1267 294
2451 2488
1630 948
1559 2289
1133 799
635 297
1069 1756
1604 2214
1170 322
2358 1540
84 1104
327 2125
1188 1639
978 2466
2365 125
2259 1191
1946 1329
2118 1940
1811 691
1861 1764
1552 2108
1600 1318
531 2339
2377 2502
729 2015
1875 1390
471 796
1522 1094
647 2143
2391 2084
1609 536
1318 2038
1449 1866
752 1585
577 558
252 2003
1142 2088
737 2358
1521 343
1172 850
1054 408
2223 1911
414 1279
808 2211
581 2109
1520 467
1220 1022
1087 2442
1527 619
1416 411
1497 734
109 1475
833 2454
1922 2215
1842 2061
1232 1168
1341 1707
118 1530
1599 147
1145 1389
1663 40
1448 1824
2060 2139
2206 1641
2395 1414
956 1129
1825 728
2461 1842
958 1512
2220 1074
1989 444
2284 907
1357 111
1839 831
244 2271
965 376
1456 2312
821 1207
2084 2243
226 433
1115 1696
1053 1653
1855 1772
76 626
194 2117
282 2454
1373 1308
1976 1500
220 1529
661 305
2229 1368
2495 1117
74 693
1713 471
2389 944
1945 460
1609 378
1270 1386
692 1357
2459 94
1135 2064
546 2476
958 2035
1114 2395
78 752
2293 2257
20 1418
1111 1600
2252 305
1672 60
2064 1616
1656 811
2048 1933
93 1307
147 30
914 413
2451 932
766 2225
1962 1716
783 1684
299 1483
165 525
774 2150
2037 1842
1047 1375
1934 937
879 684
310 1396
1088 2270
1090 2235
106 759
355 2005
20 1299
101 1761
56 6
1193 550
293 1581
757 1275
2460 1561
2304 651
121 1098
1098 661
461 1475
1174 454
2186 1114
2225 43
1236 22
1623 1492
1416 1350
1829 2333
1724 1806
1575 2053
2150 2059
2022 1439
1948 1
1043 921
943 2003
1278 176
1344 899
2455 1998
2035 507
442 827
137 2008
662 364
409 1006
1085 264
175 1519
509 2207
479 592
498 2054
1964 1557
473 922
2136 300
301 1271
1956 2161
1217 1876
2254 1100
1917 965
1774 757
828 1703
2310 1336
431 1118
830 127
486 1087
1530 1146
569 1709
2115 2408
1553 808
711 1109
70 353
2181 1862
1806 1174
967 780
2234 1981
17 370
2058 1413
109 1837
946 1892
124 1348
1706 183
1594 1741
1644 1623
1209 1814
1512 1055
1339 1416
828 1039
821 1749
2041 2022
2004 1135
2487 1685
2375 1640
1723 591
404 791
1432 842
1130 2453
1687 834
127 1986
2085 864
1779 478
1552 1809
2181 661
2074 2303
836 761
311 692
755 986
139 82
284 1598
1270 460
925 387
812 357
1748 68
744 998
161 1031
1423 972
2326 1987
128 1010
1915 474
1176 1425
247 890
1749 1364
1298 1602
690 1529
948 2108
1098 1702
689 1658
1330 2019
2315 908
2466 2373
679 1761
1510 430
1678 614
2183 1586
1531 1011
803 886
2111 111
1867 2507
1842 941
861 1681
636 2183
2172 1701
2344 1707
1425 1888
443 793
366 1072
707 1107
2073 1690
643 822
1429 1407
2375 982
39 181
1916 836
2124 703
992 725
1245 140
947 221
1230 112
473 1092
2423 71
1341 2107
2351 258
204 1185
865 1435
1314 61
151 1004
1727 673
141 1569
1376 2243
458 1151
1566 1247
2247 2404
2214 1035
598 67
1826 1566
1566 1498
1856 780
1694 392
313 652
1372 200
1098 1792
2127 1318
839 1727
825 37
2367 1656
516 2206
607 1902
1177 1813
648 1241
671 1000
1097 1328
289 1146
2171 1713
2213 1855
1773 1537
2059 2497
1763 2021
2395 560
635 809
518 359
1065 2341
376 2429
2262 8
1034 778
937 2017
1003 2150
952 1411
497 2422
727 491
1116 731
24 1631
964 1316
116 832
166 121
1715 1734
490 2054
1709 1723
265 224
2327 132
131 785
242 1977
880 177
242 71
1142 1339
1937 799
2096 1967
402 1687
1884 472
1680 1464
716 1153
1001 137
2433 342
154 924
1154 626
610 1905
1989 606
735 1543
955 399
1270 2418
1246 1331
794 2364
59 240
2505 2098
1412 1419
1782 1902
2129 2318
2237 943
1981 482
1504 176
1451 653
1017 2319
361 1551
851 1208
2015 2206
724 2165
87 610
1811 759
1069 1490
1902 1605
1770 423
347 1771
2474 339
1033 1954
109 1932
1873 1603
445 1715
1678 1003
1926 576
823 1352
17 408
483 1895
2327 1540
1494 434
577 851
182 2342
1489 556
2022 1110
1788 853
1580 2422
654 808
1973 1692
1839 2292
1143 1558
1842 1559
1534 2355
2029 2389
68 1454
1750 1683
524 763
7 1279
353 1087
1273 2282
1024 1610
1521 339
8 1064
1622 2437
2190 364
401 1639
69 2369
2216 981
1474 1168
2168 2491
1181 243
1675 1829
2154 2510
880 1148
942 469
1242 729
1036 595
1370 354
2318 1108
1745 976
220 473
259 2127
1201 823
486 818
1780 2121
863 1596
867 905
1578 404
2329 739
2308 160
750 304
621 663
1787 1210
2308 776
2067 2178
525 559
1835 677
1024 993
1653 138
2309 1692
173 1475
1735 1841
1685 1831
2281 1066
1409 1879
1299 15
2406 1206
1023 1032
509 2262
228 325
80 145
2193 124
1610 582
449 2125
2446 462
2213 1082
1323 559
2233 1862
126 1922
2077 2515
1757 23
1521 1194
2440 822
556 1393
758 1892
1062 1561
1840 10
2463 1896
1582 524
2408 1838
948 524
1293 1484
2224 1830
1193 1915
462 1682
1519 331
2355 91
632 1889
818 169
2511 1021
1697 2393
1971 46
1630 587
1950 1275
1717 471
762 2319
934 452
1946 774
2014 2504
516 1349
1055 1122
1102 2067
1209 1920
2485 2377
1764 1159
703 266
295 1739
1855 1804
1945 456
1320 2404
526 1171
1029 461
1607 311
181 12
1764 1594
1316 587
174 507
118 573
532 931
2431 2086
1593 874
1859 472
1273 2442
1107 233
1331 1744
32 301
372 2299
1812 1402
669 1629
1302 2090
582 640
747 34
2519 2492
597 110
1148 2086
579 1143
1891 724
1031 1724
1291 1104
382 2256
228 1667
499 979
523 263
320 1804
2295 2110
1400 2438
1804 2342
930 124
1119 1043
56 990
2247 2200
1152 1635
2283 575
1282 2145
987 385
1035 2494
1944 65
640 1864
1607 2044
203 109
583 2338
1672 203
2517 417
1927 848
528 309
1445 710
1865 1415
476 595
2256 1682
255 2252
436 586
2516 2500
883 2033
901 1077
2097 2008
1436 803
1395 856
755 2246
1608 1606
1545 1634
143 1885
1507 1105
1609 1923
1088 303
2513 2127
1111 2257
2436 936
993 1557
989 2413
738 2377
1166 1399
2479 607
210 891
714 2336
1971 474
1324 1857
751 2058
2109 1126
1299 130
1370 1355
946 432
271 1452
1542 517
887 2118
14 821
141 921
2004 1594
2146 1433
1444 889
1397 348
117 202
1489 1170
500 1501
934 467
1607 2194
1667 266
1016 1131
2173 188
2371 1395
2012 2227
901 269
993 129
200 1011
907 2170
1362 338
1529 1511
903 518
2390 1119
1064 2350
866 165
858 802
2047 445
2211 385
1791 1597
1487 2089
373 2225
1242 2518
2465 1138
2195 1338
546 1368
2354 2373
1948 2176
1116 2429
794 172
2371 2048
2169 960
2215 646
2283 247
584 689
1097 1583
204 1559
1478 856
1340 1756
2119 2070
508 651
1759 1750
1207 36
402 1059
2456 823
395 2339
1479 1549
1759 2209
875 2308
87 736
197 2081
647 472
886 491
454 278
768 146
403 447
2349 1569
252 561
405 184
318 2292
775 61
1067 246
1325 1667
1918 1670
1221 1132
2279 115
1690 1793
96 1340
913 1396
2306 274
1447 986
450 518
2198 948
50 161
689 155
886 2202
2213 2248
1712 1756
422 1504
348 1692
1701 1139
1983 916
24 2439
1534 77
1684 1503
585 2165
1255 632
1891 186
2420 1879
1243 2095
1698 2490
725 144
1622 646
606 1675
1192 1520
359 1439
2125 366
1075 3
969 1994
2140 2235
897 494
540 1779
404 1367
116 1872
378 1650
810 2236
2013 708
2196 926
139 1908
2231 2345
1521 1082
2067 1858
1714 17
366 2143
150 1459
1089 1546
257 727
2237 1711
2286 1924
2427 988
1186 495
1810 2471
2156 2458
2105 1688
250 1321
1971 887
959 463
652 686
465 519
2523 1011
1292 1125
633 2351
2354 2152
1058 1291
919 644
1291 1125
733 737
1325 1476
825 1832
706 1123
2326 786
2103 883
967 1666
1003 1152
1820 2153
568 533
1114 1922
918 185
70 1262
1239 2463
2204 467
95 1124
1409 1950
982 1418
1096 483
881 2457
2070 2033
2200 2506
79 1269
1598 318
1221 427
1227 194
1240 1721
2163 2413
1434 365
1731 2413
1031 465
1610 2388
1653 89
201 2431
676 900
2203 680
1517 1226
2035 1235
32 700
300 603
298 1429
1002 1198
1209 1731
1851 1900
2092 1934
670 266
2490 1881
987 2110
172 889
203 352
270 1927
172 1307
383 1076
1650 1794
2388 1679
452 168
2089 2220
1796 898
1258 775
341 1557
2050 2493
1537 256
1241 130
2448 2116
1222 1103
1222 1099
884 498
308 1007
1315 1944
279 1043
19 1538
613 1269
464 2506
2409 97
1869 1028
115 1087
414 508
2485 407
8 1801
524 253
801 287
574 376
701 2452
1422 2064
2166 2184
1219 777
395 278
615 456
866 475
972 426
1431 17
1668 1992
2372 162
1145 172
208 303
1595 1156
947 2153
2004 336
1104 1139
1912 86
65 824
1648 2453
2371 762
948 1258
200 234
1395 1348
2460 588
1107 370
1316 502
790 2140
68 1983
1805 1290
1211 1448
1441 1459
1350 1403
2524 1824
1286 1622
1091 1373
786 14
2205 2188
1908 373
2361 2167
36 1748
2131 1592
407 1161
952 1511
144 2434
986 1760
1677 1680
1637 1193
811 863
1244 1254
1254 222
1058 2000
766 2366
1523 1892
1538 1438
2134 450
1593 341
984 887
1803 336
365 1705
2 788
2103 1405
26 1571
1343 1968
2295 2186
245 1057
1910 197
1060 1890
1198 1808
2096 1179
2458 544
1532 131
1692 1766
802 1257
664 1366
147 528
2132 1681
2474 1519
1918 2192
2432 497
253 824
1054 799
620 2400
2390 662
2346 1762
208 661
1792 1186
72 47
1929 150
2014 2314
935 2377
674 1804
424 113
2121 848
1273 1529
2412 2102
1813 1556
1954 1033
1658 153
288 1829
2192 1401
548 2150
1832 1845
2016 588
1786 1990
1022 389
1809 116
812 1087
120 1799
2014 1207
269 2138
1415 253
1637 678
725 1176
2379 1567
503 1038
930 872
1688 1979
2038 119
1306 1772
2455 1358
1874 1938
2478 2297
655 521
863 1910
1381 1486
392 1309
529 154
1318 27
1452 1623
861 2176
266 585
205 36
1020 1688
2231 785
2353 881
780 2278
420 1705
788 1353
175 1702
360 2376
2356 1465
722 482
817 1906
822 642
1517 1038
497 416
374 1860
1313 871
859 512
2285 569
125 1261
471 539
1949 2121
1631 2210
1242 1726
1798 2243
2491 445
2389 970
1734 571
2098 930
1434 1346
1603 935
1815 1757
112 424
128 2485
1044 109
149 656
1933 218
290 683
1225 1623
2227 2511
133 1074
2375 440
1585 136
1493 237
257 596
1627 699
2461 740
1645 140
1316 1682
234 1335
2317 273
1444 1410
1999 1085
1088 1895
1294 1802
655 1329
740 309
653 285
2190 208
976 1662
820 2229
1766 2356
1154 2471
944 645
2506 1199
596 2060
1646 2142
1730 1135
541 1766
1835 487
202 1162
605 147
2514 122
1229 1800
742 1208
1483 379
201 207
2419 955
2368 1753
1599 379
1235 916
699 2358
797 1489
1808 1792
1966 1070
1293 923
1514 1173
342 577
1539 259
171 328
687 1192
1008 1709
2200 1219
1770 895
2122 1376
697 1041
2390 1345
520 2104
605 106
579 1274
1192 545
1204 1658
900 1107
2479 566
371 767
769 1331
279 2447
2111 1462
1659 2070
1633 648
1814 811
1485 1141
1240 16
1752 1529
1289 1649
1265 232
411 639
1456 1696
1864 789
1181 1057
1654 910
1070 1108
1740 1244
1208 1135
2503 686
2259 73
1614 1999
1867 423
1923 840
1113 1779
538 1293
177 1413
1771 283
1800 1043
1166 1729
1738 1909
1054 284
1004 919
1084 1196
80 1795
176 1511
168 918
765 1382
623 1182
2193 1598
2066 2511
213 2194
728 1554
1239 1611
1974 1205
1118 429
1160 1249
2194 2275
2273 204
2296 2230
672 55
303 1447
988 1221
929 327
602 555
1693 995
1313 524
1790 2418
1081 868
2343 1944
1603 754
1533 978
2203 1710
1050 1838
1326 2463
2230 1075
2465 1351
727 752
207 1995
313 2455
2254 320
837 251
1461 19
316 863
1614 696
1661 943
483 576
242 1273
9 1596
864 623
883 2223
1943 63
1606 1361
2170 1200
1024 1352
1788 411
2223 484
2135 2080
949 1614
51 2392
14 527
2029 1859
2459 61
156 714
204 2075
1748 213
1340 699
1513 1642
2265 55
2464 224
903 2013
2333 1968
1232 603
2175 388
220 2512
1586 665
1358 1960
1189 532
2448 996
862 2076
89 1214
298 2477
1252 1075
1008 2321
941 1335
635 497
2304 1512
1644 1400
798 2148
294 1760
244 2103
157 2308
945 2357
324 593
1237 2231
1397 819
1489 408
950 2265
1521 1997
2457 2015
1722 1232
1190 1507
1586 271
694 1923
849 826
2095 1724
2206 39
2165 2397
2115 1843
387 2365
346 2209
2496 526
2163 1343
1609 2448
2084 1706
1183 2081
2319 726
2380 2209
191 951
1053 535
2478 651
1305 1832
1796 787
227 1910
1997 1229
962 1051
311 437
1601 668
231 1326
2368 654
147 2498
2468 1917
358 57
998 1618
770 2192
252 1354
371 1099
697 426
2439 1415
401 1066
363 2083
2409 1628
1166 705
2077 2279
541 1584
795 2149
1540 624
1954 1389
1245 770
1040 390
1596 449
996 2134
1350 2363
54 1083
968 554
2405 1049
1544 1027
274 2390
1030 244
205 228
891 2132
1674 914
428 361
1724 1118
2450 1375
1579 2291
2318 616
1924 1884
1667 425
2116 2517
1887 863
241 2437
2103 1246
1514 658
1914 536
1979 359
1855 1226
2101 1430
2211 1401
54 1185
673 1717
117 1231
1685 302
1408 2247
1040 1059
668 1574
355 1270
1482 930
1245 1164
2368 349
59 37
697 2023
1838 1260
2030 1391
2124 370
2266 1762
40 271
1027 2441
1244 1160
1960 1045
608 1198
186 263
1198 1101
1719 72
1072 675
1699 2322
584 1362
991 2357
1509 747
1346 144
1920 918
1964 819
1557 257
1917 2351
2065 1766
941 1576
390 1388
1209 1752
1714 980
772 412
2350 1879
582 2166
1438 1364
31 1092
2443 2136
784 828
88 1075
698 1866
676 1906
1639 2418
1934 2496
446 1794
1250 386
1678 2167
218 2394
1752 1185
1622 887
303 2018
2438 1448
1004 1719
343 2221
1723 2129
1414 1201
1097 2456
2476 1911
2363 1656
547 922
1203 1037
2497 957
412 1160
903 1232
390 1319
2437 321
745 2276
1411 1753
577 1107
809 727
1622 518
1736 1382
831 2374
648 2137
924 2301
747 1519
1443 849
1302 1496
1459 1455
852 923
942 677
1233 534
382 892
2035 2363
1658 232
723 2433
1300 1735
1315 2160
1174 9
2144 2363
398 223
100 1791
2113 2174
1855 2247
1890 1971
1330 514
985 902
2379 1432
253 411
724 2134
2432 764
118 601
783 2448
1931 474
318 948
1193 1421
883 1133
235 1375
2353 931
1766 1038
211 2002
2219 680
417 983
1791 2440
1943 1896
1933 1444
199 1831
2451 2427
1201 2302
1746 1176
718 675
1690 162
2340 1336
809 2263
1534 2335
1767 1826
1691 392
1015 411
1729 2440
924 623
1421 52
308 1546
77 1126
1334 2461
2496 388
1572 405
2185 1273
1780 601
2516 2299
536 0
1178 995
1518 689
1023 1140
2372 1966
1934 313
1453 1287
1078 943
397 594
2407 2239
160 1779
1264 835
1520 1902
253 821
199 182
2375 2311
1678 93
608 169
1894 169
146 840
459 553
330 480
189 1017
324 1753
771 1875
2291 1741
2410 1967
1710 2200
1312 1747
1654 1118
230 880
1741 2013
1656 486
541 539
74 1040
1673 1408
2417 875
107 2109
2326 1474
1612 279
2207 2498
1072 1054
1579 156
2209 1546
1066 1886
629 129
751 1685
2037 1848
727 114
1138 944
1418 2467
439 2038
1706 2078
2084 997
2381 1346
1327 1387
1376 2293
285 479
1162 1027
1618 1676
1000 2010
1932 1620
2195 2258
1917 910
1528 647
2174 743
364 708
1947 180
2519 542
1811 960
1602 815
2272 294
300 413
1772 1455
1935 2138
177 909
1829 1186
2195 191
1814 1439
2102 1639
542 2197
1596 462
2503 528
901 1819
1970 898
1427 1453
850 2233
2029 2444
1930 780
1985 995
1367 1485
1383 2100
321 18
1734 2375
628 1780
1445 1319
418 414
888 629
2170 36
670 1659
651 1746
12 2
2452 1291
1971 1462
2180 1671
2500 1223
1709 550
1630 1302
326 1372
2029 1199
1995 2463
2517 1465
2065 1336
2134 1808
45 2506
2108 373
590 87
2343 816
1217 1556
661 852
822 2033
96 476
282 1381
1216 787
1010 13
405 2240
1948 990
1340 1022
2039 292
2361 942
2087 1732
1279 1153
1360 2171
978 2215
2262 930
1822 2454
21 849
1892 676
231 1989
927 2154
2185 1613
465 2103
1211 1393
1473 1378
1586 704
2150 1785
745 226
540 221
36 1825
561 2066
404 2016
2522 1799
2165 906
807 2065
49 577
2112 982
303 1615
818 1658
181 329
116 1284
2026 1162
565 1458
489 2461
2290 1312
465 163
1485 578
1337 2028
2454 1498
1888 1688
1442 2048
333 660
126 538
1742 2418
496 1970
2065 629
442 2296
1952 1988
344 68
740 175
228 743
2502 1291
599 2025
2316 1731
60 271
1219 1495
2482 1001
67 614
1755 1779
522 1420
1462 193
1196 2334
2147 500
541 746
1038 316
408 1361
2521 2193
1343 2340
591 1004
1757 2497
241 2107
1344 1802
728 1614
2501 1377
1640 1453
2218 1851
988 601
1921 112
2509 2062
1946 1810
447 278
1338 480
877 45
1845 2301
2491 340
1960 230
1348 37
1843 393
1578 2434
1450 2425
146 1463
693 1544
2041 1581
273 1102
1127 415
508 2292
1588 1835
84 1135
1562 1379
1700 478
1244 517
1190 2407
103 14
944 29
676 1538
1496 891
821 1689
1748 1078
568 1716
1172 2267
2275 2464
151 0
1494 2046
2034 1863
917 1779
1559 537
2001 1623
1978 2125
2330 1381
2486 1192
1166 2428
581 300
2072 1708
457 356
635 794
792 952
179 932
920 1578
2300 860
2241 1263
156 1269
252 1760
1597 1028
2236 904
2302 463
1219 797
1807 1706
1186 1081
2253 90
2128 1751
398 984
1151 521
934 455
497 1826
614 131
2059 548
1920 2396
312 2212
779 138
304 2462
2352 1465
1936 2087
1730 972
836 1011
2078 745
702 666
844 2328
2443 1179
2292 199
1106 36
1019 2194
501 58
2386 5
1097 1698
49 887
1097 1985
2210 1355
1207 1581
2343 400
2069 1786
706 1826
959 2011
2067 782
1712 1587
747 1222
1807 634
1260 1427
166 1915
524 206
705 1040
1493 2311
423 392
1370 83
125 1864
544 1287
2511 346
1207 1872
203 1542
2045 182
970 2107
1395 1922
1841 1101
2446 1467
927 1428
214 11
1888 666
1150 1774
2156 1697
159 671
180 2495
2055 2388
1654 1794
1523 1626
426 2383
1149 1838
163 2474
2261 1224
1466 488
1583 2041
735 1215
183 311
1237 1349
1960 68
1901 1659
710 1207
1315 1234
1355 925
2072 1121
1088 2291
2341 1271
1481 1496
2508 1658
1458 2062
1522 1756
1872 878
1181 1082
2305 1211
1525 884
984 1548
84 1779
1862 1253
373 255
337 2482
1832 1734
1576 459
1246 565
1511 950
1982 1180
347 1215
2270 2007
2397 1826
2224 1841
47 621
974 1654
1732 575
1412 439
1632 640
1637 1975
2411 670
1530 1546
2351 2218
1384 945
899 775
1761 2509
1175 2152
305 1685
1392 1032
1764 892
907 1735
864 1237
497 2245
1838 1070
1151 146
962 1968
74 474
2355 1253
1326 407
589 366
903 1824
1058 1059
2357 630
1386 577
1716 99
1956 2461
367 1300
489 768
2345 1595
933 1423
613 1264
932 1066
1160 480
526 1780
76 1889
910 1263
1774 2377
427 958
287 1812
2010 1767
2480 1387
1388 19
2306 1940
1450 1278
861 882
1254 1825
2108 1636
2106 1773
1624 783
246 1375
2439 1515
520 2190
2413 2308
835 1161
2298 783
2392 2305
2068 202
411 1440
36 1439
2476 2310
653 1155
307 1152
2406 143
729 647
909 753
536 691
2214 1935
2357 1092
1289 717
2182 740
1936 2236
1760 594
1628 1920
1733 1694
1630 2072
2127 1539
1031 1055
456 1560
1221 735
1892 2396
2112 991
802 2394
1114 1444
209 2014
57 1289
1670 1848
1761 328
1227 389
2293 39
529 2209
1863 1711
1768 497
2394 1019
571 756
881 1382
2413 625
847 191
2444 467
1234 1225
2352 2068
1037 1118
533 1613
1236 2499
2212 2238
740 1928
77 2237
2428 1376
290 613
1896 1495
1577 1392
1266 2499
1948 594
822 1586
2218 127
1032 327
1102 533
684 1815
473 1224
147 666
2275 2184
71 1189
133 792
1740 380
1211 917
1500 615
2077 2426
941 1450
0 537
2456 394
129 2070
2014 2139
1716 933
801 1041
368 1867
64 2407
1559 1504
973 2450
2200 1318
2245 24
1006 1015
1553 362
747 970
2259 117
1764 1130
1799 446
2153 997
1437 2316
2296 1450
2058 1481
441 607
1985 897
1551 1945
2058 1706
1291 194
650 1699
27 1308
1448 1517
1191 1548
1466 1225
48 63
1608 1868
631 770
1936 2380
757 385
1609 1720
1847 693
11 1397
1541 348
1264 1182
1478 2306
1085 422
1151 1960
252 885
1353 1877
1177 882
50 1809
314 2061
1553 1994
989 1553
1952 478
1723 1105
146 2481
2359 1459
1896 2342
1392 1962
1911 550
328 925
340 1947
1806 1474
1480 813
2220 5
778 1801
1678 2523
2145 1359
1382 2361
1878 2363
1159 32
1579 888
716 714
1779 965
2226 1908
398 1521
1107 1476
668 1839
2043 1162
1193 716
1433 1536
1764 667
767 1007
31 1674
1741 1188
2520 273
1359 1722
1966 823
1549 1785
1786 1406
2071 1668
1759 1344
2144 617
1177 1872
1847 166
2057 603
1953 2294
558 907
779 793
2035 1870
2314 2357
941 332
1691 1717
698 1803
194 2218
376 215
1854 611
1830 1946
1602 1757
549 601
599 441
1740 2064
934 2134
2521 1114
2140 404
1761 1927
1329 885
1136 2083
864 1183
368 1419
757 2266
2290 2302
777 34
1895 1688
258 1354
255 88
1116 1722
140 1904
1169 1399
268 1375
1191 959
2008 1025
11 2237
871 979
1829 2391
533 1875
337 2236
2180 2078
1585 502
1538 618
1385 2058
449 2000
1647 1050
1876 843
2343 1135
210 1493
214 178
990 1846
2415 949
392 2378
551 2327
1157 687
852 2141
1677 1494
1286 531
1389 215
343 1634
1640 895
1737 2109
43 2091
309 24
1140 1224
880 1770
572 246
2524 576
95 488
2458 1424
2097 2501
1873 953
1045 1049
2498 1817
353 939
1518 31
459 1017
806 2231
1757 587
1946 932
2065 600
1071 1352
1482 1491
1595 393
194 281
478 1189
1053 1056
1905 1446
1059 2107
511 1527
2037 1938
70 1456
2144 721
193 388
2359 448
1358 235
2026 2126
2470 2439
2155 978
365 2044
377 963
2120 768
1352 242
2281 2018
2014 2020
1487 501
1381 407
