742 264
1365 1677
1890 275
585 1447
861 1371
809 1984
51 990
1146 1156
591 1566
38 1295
1795 402
462 1221
2215 741
934 188
1384 1899
2512 277
2209 506
532 1180
994 1885
599 1696
828 195
1128 806
58 1059
384 2244
1510 1755
2196 1927
1331 2124
454 1374
1210 1392
95 2497
1693 2179
1965 404
2323 2066
1370 1706
643 1446
500 1919
929 1937
388 1752
1055 525
791 2523
986 2066
427 2092
947 1706
1922 621
1521 1890
542 1286
1692 1681
2105 1878
348 1766
882 1236
2050 2518
2027 179
848 1198
502 383
1387 460
2439 298
1977 1242
922 2367
828 577
840 1947
1768 915
1761 775
1381 1998
1259 1169
1594 1891
1300 822
564 138
2205 498
2306 1966
584 412
124 1623
380 616
1845 600
1084 964
1778 1910
1334 2332
944 226
1857 429
1186 928
445 495
2411 1417
404 1870
2320 5
313 1189
2319 2248
1482 962
2158 2420
710 1716
1999 1502
1679 668
1906 1922
472 2363
75 1910
2177 586
137 2377
1460 1285
1537 969
2464 2416
407 1563
2295 1469
1533 823
922 2105
413 315
2161 73
2209 59
415 1819
200 505
1612 1617
1250 2011
1247 595
720 1684
2518 1628
1784 2129
2089 688
3 920
1937 1300
920 542
745 2386
861 1735
532 1636
924 1338
150 1775
1214 1294
1177 848
824 927
953 2052
588 1173
948 1147
667 1082
517 2503
2202 1582
1629 889
2226 1000
905 1089
1236 2176
2479 333
1354 135
292 76
1887 1352
1659 1324
556 699
1544 1735
110 2032
575 1053
737 1935
1951 835
557 1069
1638 2296
913 1061
2237 1541
891 1034
1728 1706
135 2265
1964 1659
2201 298
1034 858
1240 1281
1569 1444
206 2431
1135 249
1853 1406
1128 483
1704 2220
1153 293
537 421
61 1993
846 495
410 2419
1608 26
2355 63
700 328
1838 361
1300 548
898 1225
1308 1201
2145 447
1681 1425
1957 1338
926 1617
1061 380
474 345
1454 1196
1104 1452
1904 2136
1606 1564
771 731
1947 1645
670 1308
1165 1561
186 108
208 525
2490 458
1528 525
1130 21
2400 744
1834 2288
1463 284
260 2146
468 939
735 1292
495 2109
63 988
98 201
522 1487
2473 2284
1138 1848
987 876
509 622
1344 83
26 106
2167 745
1695 923
1821 2008
1118 693
2195 1066
599 2425
1054 1537
130 728
844 231
6 2026
1415 2069
2502 1175
1870 1957
2463 638
1274 1077
406 765
528 2161
749 1040
1981 1675
288 2263
1181 2043
1611 950
177 2364
1376 1212
149 1076
1306 516
154 348
2455 662
1623 731
2438 1336
1187 2295
2385 388
2321 1738
983 2504
976 1995
1664 2312
257 2126
823 2276
2473 1779
446 392
926 1499
631 1229
736 366
791 917
1496 730
972 151
930 793
1414 130
1295 2083
2212 763
1876 2033
288 646
1130 1848
1144 198
516 1217
1027 2441
231 1752
569 2427
1836 2455
1161 456
2046 552
697 1652
1226 2338
283 2061
59 2106
2257 662
2393 1968
1492 1708
602 1887
1035 583
1493 829
911 207
28 2011
1543 2240
1912 1479
273 1107
2222 1387
1272 2465
1175 1633
971 1677
1324 1970
1471 1358
244 2201
1179 77
920 481
930 1597
363 1047
2148 966
89 372
1956 1489
1871 575
1784 1312
1578 1844
1349 664
147 4
160 1256
1907 831
1683 595
1068 1757
570 1162
1850 600
221 1299
1781 1111
23 1659
2179 1824
518 263
1616 2106
642 861
1752 1471
747 155
1681 2213
54 2012
1885 1548
1340 2021
1154 2245
1607 801
2400 1516
833 1256
699 1837
1303 1989
1209 2386
478 2187
1294 2457
1176 1995
612 666
891 2495
2029 171
921 2408
725 1206
700 1566
695 42
2261 1686
138 995
2019 1516
66 171
839 1955
355 1611
699 1131
2222 1573
1769 1562
404 1793
2358 1129
2255 350
2484 696
1883 126
2505 165
630 1677
2017 1393
258 2189
1521 1823
922 137
1719 1871
728 1097
1349 63
709 1723
2487 611
2043 1056
1412 323
1816 2358
107 29
328 1365
2032 2390
1532 1104
2306 1068
1670 887
848 2331
909 1314
425 568
1532 641
17 1206
2334 1960
1646 2143
1842 417
70 158
1596 1610
1995 1724
1379 2086
2131 2011
671 1460
1342 1873
1612 798
950 2415
1322 1998
2175 2330
715 1792
1264 23
2126 1347
1571 1973
2489 341
1520 1721
2020 1046
743 1858
945 865
808 1824
150 1990
574 2462
1632 790
2218 2009
1893 790
2058 1901
1029 857
2293 281
2410 1188
1480 994
881 392
1475 2469
1098 1071
2387 300
272 2041
1363 398
2240 1082
2223 612
537 2083
812 2523
1869 847
2506 2216
590 2078
617 1025
1964 2059
1659 865
2407 289
1709 1520
853 1404
317 1362
326 544
1623 1764
402 2399
1182 113
59 188
2408 465
2516 967
2420 11
2041 1992
1913 1588
207 383
764 2151
424 1387
926 565
1859 1844
1342 2433
1631 1090
885 1199
2350 470
1482 2353
1492 1535
1133 267
271 2228
768 1669
519 1583
2270 386
758 2166
79 1645
2083 480
5 213
1592 1651
782 1572
1975 1983
801 1401
37 12
1100 477
1247 1663
1448 1874
1544 1374
668 2271
1219 2128
1272 2184
1383 41
457 149
1522 1246
1063 1018
1938 924
1402 1838
2241 151
2299 1806
2300 30
1263 1040
950 325
2188 1343
693 1631
636 884
2007 707
2093 87
2316 1682
34 1550
2046 247
2101 1287
289 1689
925 2470
1832 2482
1448 673
2069 711
1537 623
696 1640
83 2440
2308 636
360 1279
929 1977
262 748
374 1795
483 2176
1807 1486
2285 412
1755 1215
1856 1106
788 1785
1755 1781
1670 1873
756 419
178 1078
511 632
1574 1549
1623 60
1019 674
627 1712
1026 1874
241 1813
1766 406
62 2088
1763 285
2006 788
1981 2402
1532 1034
229 1247
673 1081
754 174
85 376
61 25
1242 481
1095 794
178 145
1139 1095
2063 2272
540 462
2266 1824
1281 554
2347 1661
477 1169
1420 964
756 1061
189 2171
783 1762
1742 2524
1099 2359
733 2429
1278 340
1456 2161
410 1852
2338 634
2349 1539
2361 1680
1264 1290
1424 1495
673 1129
1163 76
1269 672
658 540
1591 1532
1085 2446
1250 378
468 337
65 2198
830 2345
757 2367
639 2010
1981 1991
1398 1617
1584 1335
1276 730
1649 2213
733 888
765 1776
105 2316
2290 222
1115 1006
1022 2023
2213 1532
1369 71
783 197
2001 1072
1283 326
1014 1049
900 756
1189 550
1947 1612
577 2507
1887 2458
2221 517
1594 2265
1726 30
191 1488
582 2255
1153 575
1761 1989
2507 1184
2374 78
624 1434
1797 1484
2125 1708
417 2218
339 2056
1690 338
1143 1656
763 771
1478 113
1545 226
826 431
426 2146
514 1582
821 338
1526 1215
432 942
1522 756
2026 1003
650 2484
1627 2013
1962 249
1968 987
2028 1684
2223 1585
2426 2507
1982 1712
1152 203
1199 2185
1706 1442
758 26
2435 2388
840 1138
1439 1663
2167 1918
684 1236
2410 1766
826 1023
1978 801
773 688
2069 638
574 1596
1310 1108
261 1063
2159 1924
2261 1571
1924 823
958 2359
2108 340
215 539
877 564
25 1312
2005 847
758 1847
1375 742
5 2397
429 2287
1025 450
2483 1676
382 2142
621 1124
1125 1414
337 1945
2507 2142
1562 621
2111 1399
1499 758
788 2113
910 1465
447 499
2312 652
1451 504
301 1551
2276 1336
1038 912
667 2368
1437 1449
1496 1975
281 1457
748 2122
1642 2493
127 1833
981 1064
2061 2054
2374 618
1312 57
1076 153
1779 1393
2255 835
750 2275
2475 2333
1117 1164
1400 249
949 157
1916 2416
681 478
2241 989
144 1847
2031 1621
144 2326
601 2089
2397 1030
1093 1552
1794 1863
1629 1043
2448 619
1616 1402
244 397
3 1981
1788 1090
308 23
987 282
868 2412
1603 402
694 688
920 916
340 1265
1631 450
1738 1458
1233 1319
2017 319
2310 2283
2351 2310
417 2142
2336 561
2018 314
2092 31
1977 1190
1876 957
2292 793
2344 1687
2396 1044
497 2128
310 636
2148 2245
1885 1410
783 366
594 2200
1063 1393
1170 1570
1877 1805
574 1394
100 552
2053 2127
2142 2410
639 100
1602 2410
2305 1263
1231 316
1216 2276
918 1564
975 1696
462 2342
2275 194
1902 2136
1525 954
2171 968
617 51
231 888
309 7
2474 805
2507 1566
866 1783
1465 955
1217 52
2059 943
1291 2124
984 121
117 2275
1717 1205
623 145
2289 442
1676 990
1473 622
1615 1695
682 1625
2415 394
2510 1433
1520 2381
1071 724
465 488
1287 921
2450 119
1611 920
1878 2296
1446 2143
1549 1162
159 2307
1189 614
744 404
1323 2165
483 1634
507 62
134 1361
1795 759
683 2115
757 95
221 195
1827 1175
1356 515
2139 760
2032 614
774 2120
2156 82
171 1359
152 467
1406 1899
331 1200
1173 81
702 672
189 1169
1290 464
34 283
847 366
1130 2180
263 971
1180 241
550 1244
429 387
579 2057
786 1646
1668 1027
1249 2016
1552 1000
2491 275
913 1280
2432 2422
1090 1071
1343 332
1843 2200
1079 1
1221 2221
449 97
294 665
758 1344
663 1998
1706 145
1815 323
1307 1599
1465 2254
1234 1560
2053 1379
2251 1384
2135 682
2179 646
338 1984
1914 890
524 1867
532 1569
1682 2154
1260 1047
1460 1949
1406 1955
1457 1756
808 1319
536 294
275 603
1466 114
1477 2105
1528 2269
840 2213
10 1780
427 41
1108 909
140 106
1711 475
161 1815
1675 1790
1844 2185
1426 1018
982 320
1846 1228
2456 186
425 993
408 138
2168 1513
424 1226
1128 2400
1227 1203
122 227
1149 711
509 108
1630 1003
861 1837
1397 2051
1381 1806
1926 1772
2177 1459
2409 1335
1648 1445
1960 2410
2017 1664
2035 2076
1828 1473
2256 1750
286 1411
315 1532
309 1128
868 27
222 372
2011 1031
1911 1871
1843 2219
1420 2453
1087 1487
861 558
471 1928
118 2092
639 2511
2341 702
772 861
65 545
2091 1648
1829 1262
1089 278
158 2478
1869 2004
390 1919
904 292
1831 340
107 1635
1025 1146
1567 599
1247 89
2024 1477
1994 1460
2214 1102
1768 101
296 881
1847 1613
526 660
1984 558
2124 487
1070 816
1535 1572
1555 1652
458 2008
2456 1373
2379 1434
2007 1560
874 1229
808 1843
19 2398
1597 1351
1094 1352
2189 2195
1682 27
1528 1319
1218 1452
2212 419
283 1261
1663 1212
40 1395
1099 803
1646 264
2053 1624
1660 1548
11 2234
196 2484
392 518
1499 1327
2433 727
639 1941
1762 1091
858 1844
1123 663
2374 2032
2511 240
1211 2178
2223 258
1092 2312
2292 1319
342 650
313 2040
1356 2429
1952 2417
1055 180
1285 486
46 1998
445 820
2427 473
91 331
883 2406
612 73
536 249
1494 2487
859 2341
419 1414
2504 653
271 890
1966 2319
1233 1882
874 1623
1520 1634
1961 1118
2315 2334
232 690
2233 1150
1031 879
614 740
1562 1404
1755 1998
409 2515
234 1981
1004 725
2034 112
1471 447
2232 2246
2081 621
1791 1429
1636 724
1068 2482
1031 380
1465 2109
146 812
1161 671
2378 986
629 1247
1997 916
2048 782
1627 915
1305 288
1388 339
1751 2350
591 1891
1259 1845
1648 150
1680 2082
2393 629
1739 2065
574 1426
1086 970
919 134
2424 1225
2473 2154
2382 312
1114 1161
1151 1424
2303 2328
1536 1664
1276 787
637 1983
2366 1832
438 772
1304 27
1020 1281
1390 2461
779 1598
2355 1508
789 2483
924 1588
2374 371
1725 531
77 2184
1445 514
2014 645
1558 1446
1200 2046
145 2204
777 1140
1592 1119
1120 1043
539 1661
686 1280
627 851
1592 939
795 2243
424 1158
1585 1364
414 94
919 19
378 956
1294 1140
1628 518
187 1275
1614 2489
230 251
2232 977
756 20
57 988
1628 1521
1926 2038
417 1100
1002 1700
2121 1892
1346 402
576 1828
1808 1233
2412 355
1252 2010
2184 2389
939 284
1572 1336
931 818
2493 894
1092 1404
2106 729
318 2378
1207 1385
1322 2221
1970 1786
320 1743
1991 1094
1834 0
1660 833
683 372
1931 1292
1347 1085
1097 1110
1619 1569
687 1232
1729 740
2035 697
2057 2319
2465 4
1278 687
335 1879
654 206
747 1773
2367 1048
227 161
1726 1859
1809 1850
2082 1109
1657 540
1253 2438
1153 512
1151 2264
1414 1663
705 126
749 2411
2178 1199
678 1116
2102 1627
763 1631
1560 489
505 1808
1565 1683
2098 766
1447 400
657 268
931 452
370 420
358 1114
1410 945
2220 563
2460 2383
564 314
1882 1320
474 2337
1681 1425
494 1963
1150 1719
1578 605
2066 1717
2019 293
2259 226
1848 2389
2141 1696
1011 976
502 1855
1659 581
177 1560
1199 1254
1999 419
1077 1053
506 1382
2062 2032
890 1563
2367 456
1743 1721
1728 1042
1665 746
1761 2405
805 1997
1788 575
1649 1546
405 182
1063 689
2017 1163
581 686
1655 1681
893 1321
703 720
1615 359
58 1023
2318 470
2277 651
528 698
1163 303
1351 413
647 441
1911 554
1131 1903
2399 2259
1957 711
2407 1238
328 623
1441 849
283 1961
2368 923
135 1796
1662 749
2095 859
1223 228
1639 1206
1503 1
2235 1276
578 2335
1212 572
2192 777
416 131
37 360
252 263
44 1205
1286 1541
351 1604
1365 2037
817 368
112 1322
835 1508
1925 1433
534 349
1237 756
811 2493
473 1118
1798 1467
684 739
764 161
780 1591
1380 2340
1259 491
1796 342
1525 603
1508 606
1196 1477
347 2246
2133 223
1699 404
1026 382
246 797
2109 510
1878 1829
2330 1300
517 1984
414 959
1997 787
1165 1052
1381 2298
1663 263
564 1770
598 1701
393 1818
954 1253
2311 1142
2332 1777
395 1199
42 1732
397 675
1182 229
1464 1279
1601 1293
1721 17
1873 1829
1104 882
1860 2234
923 1189
1906 1454
1214 517
871 2470
155 1946
1418 2097
1911 516
1387 150
2488 1479
622 1607
378 1350
2483 1639
709 891
1793 1858
2453 2350
1307 928
2250 1962
71 1455
2198 1612
2448 462
1170 579
1126 818
1631 2176
708 831
1274 63
2207 922
524 47
2041 2227
1209 1510
1824 28
605 695
1381 581
593 2458
1346 1336
686 2012
53 1591
270 45
1650 1772
2331 950
186 607
2369 1196
311 338
1383 830
1128 1234
513 342
1826 1319
1980 1855
718 1396
1226 2004
435 2386
1301 2376
1240 1933
2088 2155
818 1462
1879 1085
167 1991
1316 734
1662 891
2502 2412
1832 1518
1061 2496
809 1387
135 976
1572 705
970 956
2209 976
668 1502
687 2238
1691 298
1416 1582
1426 2135
1807 1472
545 385
1277 1492
2343 2018
1811 1912
5 545
1528 1092
273 1887
2363 450
2044 2286
386 2331
975 897
1371 1591
2025 1080
1265 943
1889 323
655 1881
864 1153
655 109
575 1432
2130 856
2328 1985
337 1820
1948 381
1997 171
95 2421
1779 1674
500 2395
1118 2006
610 2111
1453 2191
2345 2136
505 2446
1804 2116
2340 430
661 1441
1324 2498
1527 913
1937 1585
48 1806
905 279
867 2295
175 356
530 1531
112 503
2178 1213
92 290
1868 2037
2435 589
1892 457
261 2453
2222 1627
1196 935
1176 1429
1787 940
2066 342
441 51
896 1953
792 805
728 2064
587 398
1032 2410
756 1754
2256 2439
485 81
695 1697
1341 1373
767 2126
1444 1901
2078 776
2106 228
220 71
98 2132
2267 1496
1810 2375
2492 1149
1950 1593
705 1025
1605 78
1117 1060
1371 477
1955 2061
753 2435
1264 2184
223 1070
1346 1389
2096 1366
1004 1855
1641 1386
1598 2444
618 1301
2259 1519
567 915
930 1100
560 2387
2267 302
450 1051
219 535
1201 2380
1915 402
2020 2165
99 516
142 1976
1820 1103
1669 2243
450 1263
477 520
2001 432
1848 1106
2090 784
721 1262
2301 413
779 694
41 1121
2145 1002
554 220
352 148
2431 1691
2515 1243
396 1948
402 1891
2110 1495
488 1744
651 376
1416 1517
796 1420
465 2496
985 2322
1839 417
2325 1184
1118 2053
1699 101
1229 717
1135 1077
1735 1188
461 1183
2278 1406
2228 142
1240 216
1629 2131
1211 379
1897 2460
562 925
635 2064
1516 1912
2451 1458
541 2122
404 415
357 2432
2352 353
2165 2519
8 1366
1956 812
1467 1130
1302 1169
1828 2092
1220 2146
1143 895
1431 800
934 174
119 595
464 685
2332 2074
1549 1139
165 1847
822 2440
1079 1316
2231 2178
444 2092
1185 1115
313 2372
313 1145
1089 500
999 1924
2222 1682
609 183
2293 2275
1475 2227
432 1980
2484 1868
1655 2199
2166 486
1879 476
96 644
1271 3
2279 1228
892 64
2193 139
695 2510
550 1799
2169 2398
504 357
117 1067
2356 2511
158 1385
2208 1362
1652 1817
194 1865
1119 289
85 1469
838 2249
736 496
1073 1312
1765 1011
1593 2014
1139 1308
1155 2220
2515 151
1974 677
631 1346
425 2072
1567 1421
8 43
133 930
2477 564
2101 729
480 2462
696 1153
766 1634
897 587
986 1222
2360 961
793 1206
1073 368
798 2419
1101 1235
1693 1806
2232 1232
315 1457
1616 1539
966 1300
2257 1258
528 811
2435 1895
178 1290
2075 1119
1030 1161
2264 1715
1882 961
1954 387
827 1904
2160 534
516 1120
1538 1375
52 552
2389 2090
788 2400
1769 2159
644 1941
842 1914
121 1866
358 1226
2296 985
1387 897
981 1067
759 1563
1099 787
1337 1618
591 1901
1962 2157
269 1187
1711 1075
438 945
323 415
1376 113
2084 2454
1070 1746
2373 2350
1168 1398
1070 2243
2358 1959
1581 2208
879 134
1209 1213
1668 2072
2228 1798
624 866
2229 2156
984 445
2229 1941
1292 2278
385 1150
515 388
103 405
1717 1639
1052 1223
1303 1776
393 1224
157 2200
1444 1913
2088 2123
1544 372
2358 995
1682 924
2313 767
1609 755
1352 1942
2093 1711
1898 1359
934 1441
1010 657
1759 1466
1369 688
1724 1686
198 436
543 1028
2047 733
1042 703
1848 143
1153 2357
2262 1470
842 2184
2173 2099
527 241
1580 1443
2102 2098
2207 2170
1152 1563
751 1111
336 314
802 2313
1011 1342
987 1982
2360 1652
552 1038
1376 119
1639 1689
1760 227
1956 1615
136 1572
999 2109
2189 575
1659 2513
1340 1171
1913 754
1038 991
1726 907
1682 1345
2288 2202
2074 1862
1923 1722
161 452
598 97
2411 1280
588 2034
334 2483
1585 1118
92 1763
1574 2436
1825 1371
1680 1068
1123 672
1042 1737
62 394
157 549
160 1592
2142 552
733 568
1222 1855
2001 1088
2463 2204
1883 90
173 1938
260 1558
480 40
841 667
1029 1202
1034 1657
1764 835
1089 1538
1703 722
1582 1051
375 2233
2255 1816
1648 1897
653 2314
702 1446
1034 801
23 1038
290 133
1206 2205
96 449
924 1268
2338 2475
1118 779
2373 1376
1670 2521
2376 1929
764 1380
1137 2294
1084 983
209 1057
950 1463
1496 2142
2012 2447
1964 1015
859 2239
1678 1110
576 1235
721 614
711 1437
381 1982
1898 257
420 1620
854 2052
1803 1501
1551 1383
1960 1214
1038 223
744 2411
1821 1875
1398 1426
1391 1328
717 294
2386 1880
1625 1305
441 2205
2189 498
179 2168
959 204
365 618
1324 236
1794 397
627 1339
1614 1701
102 1791
1570 375
1515 322
1277 190
2133 1401
1016 625
443 626
1137 1480
2438 2308
1576 1437
2311 677
1094 87
755 2421
416 1824
720 1966
183 1737
824 0
2313 1467
1066 1622
454 2406
1635 127
1917 1060
296 820
2110 1073
1760 2311
2181 655
2124 2444
711 2195
1536 2363
55 1364
1848 1672
1496 2395
657 2036
358 539
294 1380
27 578
691 410
1398 1835
1640 2426
434 597
922 357
2132 2263
1255 182
862 1062
374 1382
1487 1789
56 867
2072 1103
138 400
438 2038
1498 134
716 2333
1641 1754
1188 1458
1701 991
1512 642
895 2221
1196 1002
1508 1743
1130 147
1009 483
1329 2068
921 2110
2498 859
155 1699
1534 615
1447 1348
1513 2249
636 171
1807 903
1733 2495
561 2523
2063 1408
1818 2312
1017 2324
1575 952
2285 984
276 241
729 1866
773 511
70 504
1781 1252
1615 885
2387 413
2102 408
685 8
562 922
1444 1187
1127 353
1539 1097
2419 2096
1859 2004
1905 812
2158 261
1720 1082
431 2312
696 1071
1981 1886
271 734
350 1067
198 230
1750 1045
2262 1981
976 2178
1781 927
1194 2379
94 1158
2230 376
1757 1856
398 2427
1555 551
1467 2288
1244 1888
1154 753
351 1521
2255 2420
2514 623
1835 2121
1569 2240
2498 2199
612 1786
634 2026
341 1509
2331 1290
324 1771
42 537
1011 2524
298 2522
1300 1225
1717 916
1279 20
834 1123
1286 105
1831 2076
260 789
1888 1212
102 2086
1055 1958
1308 2328
1234 527
1514 1257
1978 1060
1451 513
965 967
645 316
1089 1618
356 1897
363 1193
1379 0
2444 2290
118 1355
1205 1049
908 1061
2017 1018
1628 652
765 892
22 2508
2268 1104
665 1287
2450 265
318 1041
2022 1094
340 1350
1977 1833
1362 1160
303 2004
1603 2492
653 564
1443 582
2120 261
1125 2501
1009 2373
167 1345
448 1546
1172 294
1609 2311
2471 178
983 2411
590 736
1820 857
1083 1627
1139 1978
2145 565
2307 1971
2440 1638
354 2169
171 242
1115 1021
483 1881
1456 2126
603 561
175 125
884 1039
1462 711
553 664
370 1501
50 431
2357 2296
511 1278
2128 244
528 1929
1218 417
2463 1191
1922 1146
204 1772
681 288
791 686
2499 1808
2140 1761
2112 2180
1503 736
564 860
2020 2102
2478 1087
1643 196
1836 2096
1590 2291
752 664
959 957
1980 1315
1873 1261
372 2005
1983 774
1723 748
716 1031
824 944
2450 2492
1888 692
1882 1093
374 119
1482 103
163 143
2188 1010
1957 2049
97 1237
1299 586
1150 1173
1429 1991
971 523
831 2092
471 2169
1824 1802
1043 1960
18 1111
2500 1029
1674 1069
1343 2482
274 1693
726 917
2499 1417
2254 971
2261 313
961 2461
319 494
492 1128
1924 1543
349 2135
1660 2058
812 2309
404 1763
1640 2491
1472 1630
2116 1043
1617 800
1124 961
912 1270
913 839
83 768
2508 649
1994 1412
1841 1654
742 1811
299 936
869 166
501 414
1717 1302
223 2383
798 264
1117 2013
2488 2462
735 2101
690 43
2102 1249
672 592
691 343
2353 2350
128 105
1880 359
224 1908
560 2097
85 1831
2252 1227
1586 1753
737 1031
2186 696
2231 2497
1274 1110
605 2274
484 548
1939 2228
1453 798
251 1243
428 1480
335 2466
137 2225
2104 2129
1625 507
1019 1728
1636 403
774 2434
648 2249
1130 2447
1363 505
234 2154
218 639
2242 566
2339 733
1240 1510
574 2419
1213 1418
1345 49
2094 1164
97 1779
2393 1241
1594 444
718 2434
2418 1794
463 1864
2362 975
1360 1496
969 202
1972 1137
2371 868
567 754
1696 2456
448 2044
1393 1181
1548 758
1317 369
540 1265
1681 2097
992 2448
836 2397
447 2365
2116 408
2154 830
1684 1032
762 810
2349 1739
311 489
649 1251
1976 2046
2233 2004
504 843
894 939
427 2384
1011 124
2223 374
2385 1738
218 758
924 710
1779 1620
1903 121
2315 409
502 276
1820 830
1882 2341
1793 396
1375 106
2308 1468
2078 968
1298 175
164 510
653 574
2277 440
769 2255
1464 675
2459 1968
828 186
2140 166
913 2489
791 1084
1361 2150
1408 1297
616 1818
32 658
817 110
1168 1791
2241 1514
363 1733
494 2153
419 1082
314 393
2331 2514
2069 1688
412 1371
2068 564
1925 619
681 810
1876 374
347 674
411 109
630 800
2203 571
2373 1465
700 270
1856 2121
982 1802
916 1427
2274 840
702 60
2341 2239
762 1492
1059 1598
578 972
2481 2155
597 724
330 404
1513 1807
2000 1011
860 609
320 853
2166 1707
2294 133
1902 1105
357 1271
1410 664
1369 1989
265 456
389 1848
712 696
753 1532
822 2393
412 484
76 1998
1998 2080
685 205
76 628
556 1300
1986 1901
366 1542
1561 58
516 1838
438 198
1117 337
1363 474
1287 2228
1111 678
34 134
2392 2332
2292 1057
707 1866
1689 1473
1329 2471
2504 1897
1242 1187
2124 1467
629 1312
1598 567
1172 1075
980 1778
215 13
1366 918
1760 940
1918 675
444 1995
1249 1271
504 1730
945 2482
1068 1129
1021 604
1204 1703
1034 2279
2419 853
1780 159
1078 855
1113 1094
1121 841
48 2230
2059 2210
1801 1253
879 2190
884 1684
548 2509
1100 804
1156 830
857 736
1838 1299
1430 1105
100 512
333 1567
588 127
2169 1820
1260 1213
1507 1266
575 464
1576 1831
1256 2474
2305 2340
171 768
276 1677
875 108
2479 1460
515 2118
1535 1622
2337 917
1875 1462
1293 1851
1714 1296
1718 275
1613 850
125 531
1164 2280
1979 382
1595 1784
681 2114
2218 232
788 1377
1592 1591
1805 716
1039 1672
729 1278
2399 1522
60 767
1260 1621
2164 33
1932 2294
2515 1873
256 160
2069 270
1628 1183
1942 154
236 1634
30 799
82 528
1089 1585
238 1510
1946 279
2345 1450
2291 1721
2100 155
2204 1752
1568 2325
2197 742
2116 2261
1171 253
35 1964
849 1592
1543 924
58 1949
1294 1125
2384 2374
1392 252
1455 2399
2147 2333
1801 788
739 2297
557 304
1427 2187
2130 1224
332 343
1576 2513
173 1198
1566 1029
1998 949
2160 783
2432 1845
1171 1486
1099 1914
1533 2353
2117 2384
1203 1772
1883 1890
350 1354
2201 269
1363 1036
2011 1935
2019 1491
2300 446
11 2517
1995 314
88 59
1470 1329
903 1276
938 1317
1908 1415
779 2078
1138 1708
1300 725
1416 1451
171 19
1243 1264
1876 1717
835 2483
1480 1636
466 1653
312 1173
1884 45
457 1830
1115 2448
1972 1779
1278 205
1019 1494
1690 2327
602 2210
202 357
193 216
1770 898
1177 1888
689 482
566 1834
1205 51
1626 319
1567 2410
263 716
1242 171
1592 321
1807 2284
2349 1310
259 642
660 1149
1392 809
1964 2052
1462 1204
945 659
118 2307
1676 2223
1940 2280
235 214
690 644
523 2498
2248 1641
1419 104
730 1531
796 2395
595 2365
1371 92
1905 1266
2332 2180
1006 2196
1788 1457
1100 107
2228 138
1979 499
294 636
1396 315
1826 378
10 1226
431 2006
1990 1000
1999 1982
1067 589
2051 1026
1687 826
1345 2135
2222 507
1265 1459
1496 2169
309 163
2080 1671
1860 2313
1011 589
384 2364
104 71
2023 1740
1798 1085
583 199
1944 1666
2177 859
354 403
267 1625
1201 1473
1346 1124
1732 1253
2455 2028
322 2283
2115 2202
1349 1308
61 606
2452 558
1880 1230
1603 2160
2257 498
2124 612
2139 89
2180 702
2164 744
590 2322
684 483
1351 2243
6 581
1005 2009
1517 175
1998 2326
1367 947
83 956
355 1111
443 1954
425 875
1800 1839
2406 2111
205 1595
2095 589
1839 773
46 2191
1963 826
2330 365
1554 1572
653 1715
2379 1985
1120 820
456 1384
1602 2198
2176 1350
2308 1323
1853 1042
2452 2104
157 2076
1266 959
2265 1720
506 1060
1020 2437
1815 1736
1312 1653
1585 651
376 126
1022 1662
2010 361
2438 1365
1144 132
2481 2011
1062 221
688 431
1881 2142
2204 1519
871 1176
815 1444
2289 2053
700 1553
99 2482
1192 2123
723 1099
1979 37
2240 1822
762 1364
1668 1749
998 306
2415 1964
2338 1257
2259 2316
410 495
1858 614
1448 1411
2459 119
137 1667
2164 1980
1314 180
1685 2080
1137 1414
690 1549
236 1971
2016 417
1071 238
1570 154
862 1846
1383 1920
700 1609
817 2275
1248 1293
731 1705
1792 1962
1177 2115
1336 1626
2023 2425
2342 571
1382 2278
362 2366
352 148
21 1396
822 1358
772 136
1856 1018
993 359
307 332
2457 1494
2060 817
1293 1794
968 330
1844 123
2308 1847
2038 2282
681 777
2501 1203
1486 2399
2090 1079
152 1291
2344 2199
1134 2222
2284 2094
705 1627
1020 826
337 469
2456 1683
1136 745
1268 735
2200 2012
1123 998
604 2173
917 157
2073 2299
1898 1660
2188 671
1115 645
1915 1636
942 1534
15 2285
123 1981
1197 1527
571 2243
2132 1978
1356 1895
893 2286
1230 1090
675 1154
2500 1166
1616 367
2502 852
810 1658
335 1387
407 662
1979 1649
712 1541
867 298
794 295
1391 2025
1432 1621
474 571
486 1779
1795 2388
435 2299
305 2505
197 183
2074 2291
2134 626
900 944
339 2078
149 2039
2372 45
1744 1506
2370 457
453 1039
1482 596
2508 759
1402 2447
1864 1165
1892 2202
1866 232
632 1049
1951 1926
1501 624
2284 850
1311 516
878 208
378 305
1436 686
2112 1063
1513 341
1577 2313
1590 2376
2177 567
2311 908
1653 1900
1804 1182
1929 386
2519 1568
1640 2228
1170 1296
1947 1053
216 2439
2077 1114
1032 1992
366 1938
201 726
285 263
1109 2177
473 361
1496 1408
1833 1134
1252 1666
1366 1358
2004 1365
196 2005
1642 2225
165 1356
2243 483
1853 1926
2182 1337
143 573
490 2506
408 2149
380 1260
2514 368
2458 1441
1818 2312
519 760
2479 634
442 1591
899 571
2269 2419
2030 842
414 1579
801 1272
1468 1241
231 662
1323 2345
973 1815
330 1547
2285 891
2341 1270
2435 1186
888 799
194 772
2349 288
388 1882
2431 544
2210 2065
267 1447
722 2186
1195 1288
1837 2012
2292 1849
713 102
736 2159
2093 342
1437 1157
304 2127
869 910
1701 724
524 329
2402 2052
1543 2153
113 2455
854 456
114 512
1187 2388
1077 2093
677 1661
593 2193
1690 46
1272 1422
1011 976
1053 1671
1031 1772
596 1341
670 1672
2055 1387
1376 1597
1663 410
809 2391
1485 1198
2181 958
1687 1452
493 2515
1588 2493
253 497
121 1750
803 937
683 91
2105 2240
47 1151
396 2004
505 13
2135 638
827 1159
2519 385
1085 795
1346 1419
923 1349
2466 1168
1177 1800
1749 302
223 1845
708 142
2309 807
2222 256
2101 613
1045 2034
912 1282
1450 1281
1653 102
2051 2016
1953 806
2145 1431
2034 861
895 334
1962 1625
248 1177
2500 501
254 1382
2516 388
1916 1119
450 1205
1725 1469
1239 776
2121 638
1672 123
1265 2254
2340 899
541 256
2168 782
794 1675
283 2237
932 1512
1313 389
2352 1624
1456 744
1592 1913
1322 655
1324 1879
985 2352
2050 1222
184 2414
1171 868
1040 2330
1448 2393
99 1358
194 1966
2314 2214
1521 1411
41 2241
293 431
1118 2507
1482 2309
1314 337
1183 1991
433 507
999 1140
89 194
319 1106
2100 1658
2190 2408
1916 1838
327 1627
2447 875
2379 912
325 4
318 2023
932 1573
313 1305
762 2159
1739 1547
2443 904
694 992
627 2047
1207 1514
44 2020
443 2305
1535 1512
2052 1040
1912 693
1151 2292
1517 111
1013 1439
354 2371
1864 1471
1823 2026
1892 1324
1510 1329
2213 684
2477 1142
828 2345
2236 1912
213 1448
2127 1838
504 453
182 698
714 583
672 1996
2470 2518
1489 163
861 352
1999 1356
2149 1026
1475 2258
766 87
2115 1674
1889 492
1982 194
1221 2146
1864 2521
1350 2304
722 783
2410 692
500 1939
1133 183
1601 736
834 2343
831 858
1264 11
1449 1370
978 1334
1911 1229
1100 885
548 1281
1774 261
2171 2269
1176 2499
972 784
1894 1572
1137 2347
638 1075
482 1083
1823 1770
172 1147
1431 987
1345 2368
1496 300
485 1139
1473 1181
143 225
1060 68
1336 568
1232 772
32 1365
1312 1146
1394 685
1966 1906
465 1429
194 2011
706 838
894 2053
297 1885
2276 1735
573 1100
1623 1721
2387 1329
2192 2369
19 2376
569 2387
458 499
2160 2136
1274 584
1999 2186
2145 516
2048 1894
819 1203
2475 302
984 298
2384 2327
133 1829
736 252
1660 1846
773 1299
2249 1783
1157 1620
2470 2351
192 2497
320 1167
1782 1218
1989 2469
2113 1057
2100 1379
2153 798
215 1865
244 979
854 2164
120 835
254 1485
597 1069
82 745
1825 811
1922 2077
1950 1096
586 246
174 1561
1121 1491
1628 2165
1685 1028
245 2490
1480 1415
2513 1311
812 2209
540 991
2257 306
765 515
855 53
1794 1459
780 2240
2511 1801
647 926
1382 813
2396 100
198 1438
2328 1178
322 209
259 449
61 1795
1418 786
2449 1538
674 24
2100 2300
1108 443
134 536
1019 397
1728 298
2121 2474
1044 684
2274 1032
916 1709
2209 1459
1555 1743
2015 1967
921 2381
1304 2212
1153 12
1228 1415
1937 998
822 1798
906 1745
2085 775
1519 343
2335 1177
888 2278
2371 507
1818 1508
2449 1268
1456 1955
2259 670
778 1837
2102 2079
217 1952
593 248
280 1137
297 1382
1255 2410
2149 1419
2478 649
2277 2337
91 851
862 1787
622 1118
1788 1328
1917 665
2189 1492
64 1415
2111 1901
1743 225
2383 715
1350 1164
1147 1681
223 1384
1759 2141
544 648
456 2335
304 1544
2244 636
1132 1591
2125 226
612 173
1159 1300
553 1740
64 1389
957 2329
2175 2444
2357 614
1807 495
810 1511
1051 995
373 214
1243 465
548 2440
2439 1717
2084 1464
819 1447
233 957
797 658
1249 2022
1755 627
2468 122
1595 2123
1508 552
138 1062
1541 895
2486 21
1044 315
696 2288
1559 212
1416 1919
697 2031
76 1448
2197 624
1773 130
779 1437
1033 2493
430 1208
210 1279
881 2013
1014 1428
509 775
1270 321
2369 2404
2362 1745
270 1526
2106 1294
647 2246
1216 1210
325 1870
952 857
2041 305
2397 150
2403 1391
1401 1150
178 2197
745 1548
1704 740
96 596
2087 2515
115 651
329 2374
551 2348
1841 2146
702 1865
1885 505
2031 471
684 1806
1257 1668
2062 2408
2097 2171
1928 1183
2120 669
1161 2157
1066 380
2082 982
745 1154
80 1099
1398 1979
932 2377
2125 2218
337 1439
607 176
1789 1868
1997 649
274 436
1729 1617
2140 1194
2480 1693
2100 1900
2335 179
1449 67
1507 491
311 2304
592 984
1888 986
586 839
917 421
2348 526
126 826
778 2166
1733 2102
543 2056
985 1076
2449 484
108 1480
1237 1637
1087 2296
880 588
458 2434
400 2497
2287 1166
1194 183
628 82
1230 1218
1375 474
153 1437
1556 688
583 2113
52 562
1608 295
219 129
429 7
1048 1846
1040 2317
1014 1853
2372 1955
2107 1590
719 198
1015 1154
19 1927
650 1716
2036 1197
333 2074
834 1920
2161 1359
944 843
766 1174
1250 2087
559 2077
901 1521
1023 115
1156 1295
655 1618
1845 463
2017 1807
1620 566
2336 605
1674 129
413 1901
155 743
1904 893
942 1332
1565 2286
648 1107
550 1947
529 213
1369 285
1444 1593
2080 1408
2135 1662
1011 2131
323 2236
2382 1922
2414 731
80 1788
867 1502
822 1395
2018 2262
68 475
943 2436
600 1626
801 392
647 250
888 1017
190 1249
1905 1500
2186 924
983 1889
2438 58
989 1385
1958 1989
1231 250
1667 1168
248 2187
1724 1106
927 165
1747 1351
1857 334
1635 696
1302 235
2022 1525
451 2428
1647 2254
156 1590
56 1579
1321 1926
284 6
465 97
2011 493
1704 2120
1997 2278
1893 976
1795 1938
490 996
27 1360
1541 904
880 1341
1315 1052
192 980
2156 1057
81 1305
1707 2193
1989 2125
1497 1121
586 1347
605 2100
397 2466
1938 0
766 177
2431 761
1903 1218
1389 1007
1805 1687
65 2
1863 2378
764 989
2128 1373
2492 639
1956 1355
629 814
2356 1521
2306 1215
1054 774
2208 1429
1321 662
2513 2059
2454 520
2372 1549
552 1082
697 1674
1552 514
16 1257
1864 237
978 141
1725 980
1183 1406
198 2052
2288 235
1152 1841
2412 375
1852 1894
1351 1458
1115 2326
900 455
1039 1449
1797 134
1256 1002
1962 636
195 444
245 2251
101 207
299 1230
1848 731
426 1435
1603 160
1786 511
608 379
448 1870
2144 797
536 1144
1372 639
2131 560
1183 236
2310 2391
514 62
963 2467
1441 134
2142 300
1001 973
2164 2014
2519 1718
157 1629
2367 509
323 1742
24 237
561 127
1594 690
2380 958
858 1971
2313 1714
2062 468
297 2015
1845 1013
312 25
1931 1591
728 797
1522 1980
772 7
1979 1676
975 198
774 286
2067 951
680 14
409 892
1774 2050
1082 659
690 2375
295 1775
2314 470
473 1129
191 694
1234 2115
2350 986
839 641
556 2461
113 815
2320 449
2207 1878
2494 880
957 2439
33 2004
1808 585
2050 962
1541 2253
2090 2520
892 2449
244 1221
1204 854
589 1429
1923 2059
1591 768
342 667
1206 2014
2258 1607
2508 2048
2498 1827
467 1056
2049 33
2092 1826
391 2346
1465 2495
1571 1812
807 2363
2518 324
811 1190
2231 2335
296 608
1245 1278
742 716
2406 1896
1841 706
2254 2193
2241 1361
1712 2507
2333 2063
2509 5
572 1164
896 940
1767 2443
1504 2349
599 1596
2258 1306
2416 1245
1648 2395
601 1187
450 2127
876 611
1405 1143
1356 424
611 1938
311 65
489 1369
1519 1619
286 948
1605 2057
39 1601
2195 193
653 250
2467 1181
2166 1117
2219 680
683 1465
1859 2403
1162 149
490 376
2274 1897
954 504
504 842
2127 104
243 1750
459 21
1068 2073
2416 277
667 253
1327 1845
1185 2131
1048 2168
512 2357
140 1149
1799 120
387 224
242 273
2490 114
445 545
2068 1215
805 2372
147 710
1917 1044
2230 765
119 857
1865 508
1587 2043
2043 2319
167 1585
680 2364
2354 649
48 1201
2230 876
1339 453
919 127
2397 387
1507 1690
1267 1104
567 2212
2199 1222
2017 2435
1522 1232
123 1592
643 1103
1979 234
1664 1048
2275 2031
1658 1089
1299 795
1375 2036
660 1280
2193 276
1134 866
1885 999
963 463
242 282
1996 2292
1758 1900
1850 1444
948 897
1516 1834
1287 1620
831 1280
432 1670
787 247
128 1147
88 958
1011 2253
705 260
2127 1217
2277 1958
1978 1063
2253 2450
966 2191
2070 727
1868 1513
936 1572
1341 1307
1866 409
478 315
2064 1408
1014 2471
809 2202
1576 1870
1670 1271
2182 1782
463 2507
1007 661
1906 330
795 1168
387 898
1157 2361
1085 2290
487 110
1338 1661
1496 831
2505 1560
2249 1388
776 85
2165 1779
235 1896
154 1421
617 1462
1922 1520
438 175
224 1658
1118 1203
1832 879
1948 1418
2308 38
15 2406
360 444
1180 1240
2516 394
1870 2134
444 505
815 1472
390 573
1638 1146
1534 1147
373 400
1781 540
1831 2060
1479 289
1874 728
1310 1617
843 761
1155 572
333 386
1967 598
1695 144
2266 613
1282 1050
619 1752
2440 1911
1467 2344
1351 2245
456 2471
1515 88
700 2155
1157 1483
598 1246
1876 2006
873 2317
1284 1030
828 1354
665 1298
1826 1126
1696 276
2238 2101
942 1074
833 832
705 401
1326 499
769 915
700 773
2132 1571
769 1088
2307 439
1428 2252
1897 940
787 72
1558 2127
413 118
1594 65
1078 825
2012 1231
1728 2440
2008 1850
335 1669
80 1296
2128 1559
2010 1930
1605 479
67 1474
600 9
307 1939
1910 1493
1330 2207
1473 858
913 373
1002 2133
976 738
2359 1859
1234 755
225 1323
1453 2511
1125 565
488 1299
2004 37
227 1067
915 1542
1999 1539
2348 63
2261 605
2319 1874
1004 1561
998 967
2444 1961
385 189
2156 2125
1926 756
1515 1030
1843 1990
998 1411
330 384
1230 1871
816 410
2428 1496
1813 37
686 2129
1729 1200
470 1162
1715 618
1023 515
1225 997
1797 1668
1525 490
248 447
33 1975
1595 476
1351 1658
763 2274
2461 1821
82 1624
2009 1641
57 1478
300 174
164 90
2430 1249
1509 206
2011 1691
1132 1448
1060 1148
1985 1064
1822 1920
551 1777
326 1154
2175 2205
512 1851
2088 601
1265 1309
1700 1226
2438 2411
977 266
1493 2340
749 611
2099 1122
309 1799
1906 627
976 480
1388 1919
2293 2002
901 1869
1305 767
843 1813
161 576
320 1594
827 1691
2061 742
1938 832
964 2200
1790 2139
2404 1660
1425 286
2394 2335
1038 1465
1629 1374
1981 189
410 1770
1615 170
1340 1953
1503 2336
893 2417
2025 1780
632 208
53 550
2076 1351
390 547
984 579
1341 1707
1305 1674
377 892
632 1953
2111 1839
88 882
492 1149
710 2228
639 1162
597 1842
2207 507
2252 254
506 219
2440 2108
1488 1400
1390 1401
1246 134
1053 1523
1490 1708
2105 597
862 429
299 525
1988 1803
1571 389
2128 875
705 1840
1443 1985
2364 930
2179 156
1974 879
1725 568
138 1077
2050 2035
1772 1987
107 769
127 1127
1756 1428
2451 843
323 205
796 2467
1419 1472
984 1204
1286 771
1546 1983
912 2105
2386 1523
2411 2133
1431 1851
1744 1772
2114 1253
705 1576
252 1522
1215 1372
984 1549
1583 676
1604 2120
828 292
2471 2071
1608 421
1068 1880
213 941
312 1114
1950 1346
1670 2077
1472 114
866 1771
1102 2388
1502 1459
1880 56
208 722
224 334
333 1329
1556 461
295 2175
1079 289
442 977
157 1617
1368 280
228 1152
2085 2034
2391 801
25 432
1362 228
1094 1817
1610 2082
2321 1995
1174 1512
148 1
664 2068
2214 1731
159 1383
1446 106
845 2518
183 171
2020 2306
179 1038
2264 943
1110 981
2029 1358
972 2105
244 1221
967 838
859 785
853 1404
1493 965
1839 152
1175 787
14 267
2111 509
1016 690
2512 1568
1846 222
336 503
194 2285
1837 412
1462 2497
2334 1115
2272 2453
1795 807
1013 88
1797 1023
1314 2264
2176 1005
2085 962
2125 1730
1651 183
2375 398
2436 800
4 1800
1933 2501
2130 2413
1926 1829
362 1591
2112 455
1211 575
1766 2403
1234 1496
2474 2144
126 1207
229 425
1758 2119
1006 1821
2344 43
1270 1485
1762 1720
670 503
1861 933
1544 441
2099 432
61 25
1205 591
1721 1611
2180 248
1127 1695
2220 824
1740 560
88 34
2018 1781
1576 1834
1686 1903
724 2252
1447 296
64 1391
2176 593
523 126
2097 1696
1577 637
2291 1884
1064 1714
2445 636
2483 2163
1044 532
2305 2413
539 459
266 1009
2094 1807
1879 1297
107 1159
1346 395
727 2042
2097 1836
968 2220
240 741
2290 1020
1615 799
1271 741
214 2186
2309 1596
216 249
293 113
1322 207
2347 2301
2294 923
1386 2294
208 658
989 2152
1865 1583
1725 1900
2092 570
9 1908
491 553
270 124
5 1595
1330 838
628 97
592 1358
963 1525
285 114
1512 359
970 1831
1933 767
615 1624
1505 1582
965 1268
1168 755
1119 289
968 1627
2207 757
1185 2464
212 243
1425 748
1265 1958
550 281
2143 115
1848 2170
1173 1187
660 1272
1265 1919
458 1723
268 173
315 607
300 2195
1935 1902
2107 1097
2228 1723
127 1313
451 2312
173 2435
1856 1421
1975 2025
2507 953
531 1029
1334 2319
40 2427
1088 1025
2312 1351
697 1298
239 1166
628 1033
1883 1625
880 2148
1891 2061
2101 233
1850 2364
686 1242
2142 1523
1677 1592
1319 2420
726 658
830 99
910 1203
1540 1805
721 2095
2348 2223
1444 2010
2330 1858
2400 1176
50 1248
2498 779
1269 2402
1596 2294
295 1232
585 1648
172 2520
576 268
656 359
247 151
1823 503
1579 1843
711 2487
1806 1672
1897 1312
553 907
991 463
1754 265
401 1905
31 350
1013 776
2038 873
1013 1629
1149 1058
2424 1264
1639 1341
1901 1895
1412 352
265 850
1831 2250
485 1641
2307 374
1190 116
2162 169
471 204
2388 187
929 2120
13 729
96 262
1664 387
1125 923
990 1187
1623 724
2216 1660
1762 1126
350 1157
287 1489
456 1346
195 2076
1874 1157
2387 9
2201 1694
2522 1376
227 882
1105 406
1859 125
439 1128
1329 594
2321 1612
832 2327
2235 1833
2323 121
1834 498
1123 1282
2515 2337
1249 825
1474 1103
741 1945
2247 1146
1224 1978
145 294
84 788
300 2181
1958 2376
2307 950
468 299
441 1180
632 565
832 1119
2030 2502
1438 1159
622 2300
2253 1937
567 556
1425 2512
115 2099
905 2197
1931 936
1614 1229
592 1630
186 1303
1303 2436
1447 542
1106 1195
1621 1138
1195 1241
916 834
595 1925
2444 1860
551 2328
1378 1577
681 1694
1292 2437
1694 1781
1948 1723
1736 857
1187 230
1627 2301
1653 1472
619 1230
741 406
1409 642
730 1323
1790 584
1010 1286
267 150
1862 2426
2128 880
2031 833
996 1124
706 753
1704 952
2189 85
2266 710
1707 1970
1883 459
1048 824
1217 898
2434 1113
1860 1307
1082 1437
1768 142
901 2341
1031 1627
46 1156
1297 1066
1464 347
262 248
1843 1263
1554 728
547 1915
999 294
1557 1907
199 1633
606 478
731 2470
3 486
861 77
1468 131
1438 663
1189 1291
2384 824
1329 2374
1953 1414
399 474
57 1614
195 2458
44 1406
31 1240
411 86
89 2100
656 1881
2276 1839
1017 2099
1045 1205
1202 1902
584 85
315 1294
2447 2056
1327 2474
1638 2048
2517 410
924 1728
2340 1064
1945 460
1983 1380
1232 395
1444 2059
209 1845
2138 868
1984 1160
604 1617
2093 1835
1448 1693
1434 1553
695 1013
1639 885
373 568
1338 1533
645 1997
215 2080
837 2163
1585 678
675 1386
374 1618
1323 1658
1890 1129
1261 1442
1769 668
2153 939
7 1587
2179 526
374 2004
1027 299
721 1971
1421 845
271 1985
945 391
1879 1697
1976 1343
1770 1241
679 1920
632 2480
1393 1861
1216 959
2365 901
2018 1149
150 2019
1973 1767
1361 889
1480 817
341 1982
1014 1547
2406 1478
1074 554
1988 1041
2277 851
2417 920
295 1225
581 977
968 550
911 1512
135 1833
720 1716
1115 1628
303 1242
1848 421
85 602
1710 1617
1740 2096
833 2479
2271 1846
838 1124
639 1024
1008 178
720 2490
2160 946
213 1359
956 236
315 1161
1071 582
2441 2063
203 1741
1870 2141
2105 2186
1721 42
2273 346
371 710
527 375
949 1814
584 878
164 2432
787 2075
1082 799
911 244
2336 2182
1335 198
288 455
949 2485
2325 2507
1690 1046
1744 1497
1717 714
2458 207
1318 117
954 1446
1874 1984
245 239
1126 2004
1422 187
1749 196
2231 2129
15 644
2182 293
612 140
737 308
1484 230
1057 1748
2350 1543
1313 257
1673 1805
1050 1365
1328 2351
1555 2362
436 2314
1861 1100
113 1008
914 1589
2466 2191
1724 573
1724 2166
2149 917
1257 570
2516 1769
1812 768
1392 10
1534 734
1221 112
1246 158
2379 2315
401 883
2364 2052
1793 1821
1533 1576
1322 2156
168 2036
536 1558
1145 309
1522 792
2160 1074
2464 263
1840 1219
390 302
183 575
1139 1898
1733 788
2208 171
353 1705
2085 1678
1685 1582
1748 2501
568 2080
368 2391
639 472
839 2345
2435 795
673 787
1651 448
1359 1946
1025 968
168 820
450 916
986 672
1204 259
85 253
1055 2441
1090 1319
1715 182
2432 2279
2301 455
102 2398
2287 1924
1992 695
1295 231
511 1765
304 145
213 639
92 1037
1259 1658
1847 2110
2010 978
505 1065
1249 101
2025 2096
1324 43
1146 1873
1979 1452
1576 1545
1618 2517
2084 934
925 1120
2316 2187
1612 1362
1609 48
2335 284
1062 140
1583 584
218 2043
1165 372
2260 2451
2216 2160
2315 2178
1821 2091
2043 1706
1732 486
2468 776
606 576
663 345
1057 1199
2490 1662
2044 2180
945 357
1165 1207
1560 2423
718 1807
176 715
466 1445
1487 714
993 500
1262 1418
1313 665
980 1312
122 2498
544 792
2011 2232
1079 1818
514 2168
389 1198
1334 825
153 2327
2353 2096
1555 723
1324 2005
1256 762
197 2145
684 189
1695 87
1794 1036
1037 1880
1716 1910
327 215
987 1787
1101 1586
1973 438
427 1556
874 1893
571 1613
2075 2035
2171 1055
1124 1141
359 318
2165 564
2230 1320
1345 2403
1245 2415
198 1090
923 232
1737 1850
396 415
828 181
2483 1972
1694 70
610 2132
2177 662
1238 1926
1582 1922
1921 561
2199 110
56 908
1793 946
1640 1459
313 1454
1075 1048
745 25
716 990
793 1769
2409 329
1551 616
2283 1726
905 67
1517 1520
2123 302
801 1427
1442 2060
1474 2371
364 2503
148 2329
1019 678
1651 738
476 779
846 793
890 1344
987 2466
1787 1957
424 835
2494 2389
1946 48
2305 1392
1541 473
1376 2316
1578 534
2201 2203
13 439
949 2391
1972 2308
1504 460
349 2169
2110 1980
1408 2034
1767 1551
904 1513
1585 1049
2150 1553
905 2366
408 271
321 1137
2187 1967
575 2416
1212 1721
1981 606
1149 944
2396 160
1361 1677
598 249
2373 1818
1344 813
1339 2378
1886 1341
1479 2150
1073 2142
2418 1696
776 798
968 149
2151 806
988 282
1484 711
1156 2190
924 1035
2263 1317
2328 2207
1428 764
388 1817
1305 60
1162 88
565 1429
1531 1558
392 26
1198 2414
1724 1355
2237 2161
1805 177
12 1542
515 2287
645 635
2501 776
1095 249
1327 1895
317 1394
1929 1249
1588 2021
794 1509
2088 1783
1067 2075
2269 135
1503 1720
1857 133
2090 1521
1142 492
229 159
6 2480
556 346
1682 945
1900 1048
1723 278
26 664
640 2386
1922 656
1352 774
246 4
362 988
450 235
468 1432
175 495
1174 1012
1462 1788
604 1229
2502 1951
999 1568
1290 295
2240 868
2290 213
2509 2483
1906 286
437 2080
125 537
864 1979
1325 2252
924 16
1809 1102
2067 364
1740 1260
880 2116
1753 1514
1220 1144
1439 714
2107 2094
373 1836
2004 959
2183 1954
1786 1002
73 1195
890 1793
191 1130
1298 1699
918 2442
1825 298
1059 444
307 1944
1099 970
2326 2023
1180 10
70 715
362 1598
1320 1307
1538 2
1689 1181
152 1092
63 137
1606 2323
1232 87
2328 601
643 1581
101 1613
711 1834
141 1590
1374 266
1790 1057
613 1074
771 1325
1829 1114
1723 4
2216 1826
2092 382
887 2028
2503 107
433 745
2518 1269
1757 838
1316 60
1699 1676
123 1812
2020 1968
829 886
666 448
1252 2485
1512 1898
1937 987
1633 2061
1860 1811
1312 2089
1495 1978
939 1710
104 2239
1642 1177
584 1715
2511 2301
737 1453
870 1300
2006 175
545 632
1194 1925
585 1891
1282 306
497 432
2376 428
305 2301
1360 217
1418 684
2367 743
322 1252
1228 1021
2444 2024
2358 647
1254 2502
35 1660
957 1668
564 2047
447 1280
250 578
569 2464
599 1466
79 1353
2280 1193
2106 604
142 457
188 350
563 1897
1264 962
394 1804
1485 2524
519 1257
2467 1396
553 1615
215 2305
1087 2282
810 723
2170 1110
2168 68
337 315
747 1295
553 228
1939 94
2219 247
1741 2121
614 353
1050 1570
2324 266
2483 770
2357 1203
1828 1304
1092 2402
1808 266
113 1730
491 1115
2074 1598
910 1545
1772 1579
2318 1101
569 1579
1241 176
1291 1899
1710 1277
321 474
666 696
320 492
325 2427
1498 1023
1059 237
443 1954
616 534
264 1920
1509 1420
1782 1133
2469 1784
375 2392
1096 752
1868 2022
602 1175
1156 340
650 2323
1522 341
1743 1927
695 1894
1854 1492
1453 577
984 2059
614 2506
1360 1561
1392 623
523 391
707 131
617 1958
2353 1699
1893 1631
597 723
203 1279
1800 166
2402 333
1433 1371
1955 855
1135 1376
444 1287
834 708
1905 1234
1817 1422
318 155
1270 1357
1246 777
824 417
685 953
1832 2335
1997 2039
1294 424
1668 1899
1041 33
2282 56
730 1052
1718 366
2502 2392
101 928
470 183
1835 709
1305 2500
1827 1417
2515 145
756 1439
1977 665
1678 2484
422 727
1034 1457
563 421
1243 2488
1787 1851
148 543
2065 1120
2420 1964
805 349
986 2148
1797 673
291 1788
1341 1463
1386 578
2406 1758
767 2343
1465 1537
1125 1144
628 1368
1262 1922
2243 1969
1355 1136
1503 1934
325 2465
2048 1
1260 875
384 1183
242 1206
1666 1787
845 1601
1977 120
917 502
1841 1576
1942 1574
1355 1785
535 440
1821 1184
2491 739
276 1855
561 149
483 817
1288 473
2098 1255
90 1964
1540 1297
1402 1935
2103 1507
1709 224
2198 2007
828 501
2265 1398
2056 2011
1708 1105
453 194
352 1770
880 889
1078 79
1910 2481
633 1446
1621 1564
2246 2269
619 1644
1750 955
2339 2043
392 1482
554 2307
1410 2522
1928 1378
1577 2059
1405 2344
1229 771
1501 2042
2134 2279
2337 2021
2174 830
219 901
1071 1931
1158 1687
1300 2234
1372 836
1551 659
2123 857
2342 455
859 2224
1386 641
931 881
1443 2394
2366 942
45 2283
402 2256
195 43
1036 1577
172 443
1478 1900
2206 1873
934 487
484 225
2101 210
1622 743
121 514
489 2419
1459 1554
1344 2491
1486 183
2313 340
1172 2407
2033 1299
812 1029
2319 1841
1274 834
1414 1289
1443 17
58 1173
1813 2166
428 817
2409 2299
638 514
576 1839
2137 198
734 1631
1380 2488
2362 1890
2226 1269
188 508
955 2409
2368 1401
2161 2368
1463 1553
2253 1573
903 2269
93 2148
515 1935
1923 650
220 2480
2390 1426
848 2003
802 2282
2495 821
2332 2500
2455 435
2153 985
2219 698
2275 343
1324 1207
1324 741
847 724
573 1361
1321 321
961 2100
545 1898
1605 222
2314 2214
913 40
1376 2336
241 449
1954 1754
968 1972
1786 249
1657 1457
860 444
456 1564
275 342
1744 953
1591 2280
1945 2150
263 2473
2019 1957
478 2470
2208 1188
560 1240
1727 1651
2242 94
836 1093
143 1510
303 1538
1773 1124
2002 1007
1983 587
880 486
2024 1860
2079 1717
1916 716
1463 2236
390 1970
157 806
1383 611
2516 1089
1905 705
896 485
805 1720
1791 1293
1585 2475
1664 1687
916 1102
429 1946
1568 1232
1603 1627
155 1702
2114 132
1020 2304
843 1117
1336 1077
2466 2041
28 1611
427 1974
619 2460
1995 457
1907 397
1926 985
759 2254
2304 2329
1857 1571
637 2285
2141 2354
1660 1070
1608 447
569 1501
2055 1981
366 1534
1379 679
1536 2367
2446 800
410 2482
962 2344
713 1313
1867 1016
1362 688
1939 1909
2148 40
214 2215
577 1164
2220 659
1627 151
1221 2455
331 1669
978 61
2293 45
2376 989
1374 737
345 883
2133 1247
1215 1925
2347 792
1393 465
1814 1765
348 1752
32 62
512 1570
1651 1468
1958 2517
1916 1451
1090 1475
1123 2411
1973 1166
2260 1939
75 1361
1826 636
835 1025
1758 192
1655 1624
67 1162
301 1209
1900 775
2130 464
574 432
1270 1984
200 2422
1743 2251
150 329
125 2376
1002 1600
1693 2171
1170 1073
267 1164
140 294
732 1672
2160 1882
1265 31
44 2332
2309 146
2020 1980
214 512
1846 2416
185 458
444 1232
537 729
419 2002
249 2466
1374 1216
297 1178
2143 622
309 389
2263 356
1403 1028
1573 1582
646 2144
347 1082
1228 974
2448 803
2344 895
883 249
636 1476
1391 555
1947 1280
1599 1643
1082 1989
278 534
1788 2339
219 1442
2083 1572
2135 477
1960 478
574 667
1512 365
761 334
1965 1751
1741 2110
280 1481
1224 6
1632 503
158 2456
901 1787
1032 1053
1533 727
967 2255
1027 359
1583 864
62 1282
630 1779
615 1494
1844 1986
2442 25
142 1787
1849 726
128 1935
1731 2198
1077 2026
1813 759
65 1572
1743 1786
984 995
1253 1004
2501 880
2507 923
512 1849
1906 2219
301 1197
587 1967
241 1999
750 1896
1909 1584
405 1052
576 326
557 150
1057 692
1829 517
77 2508
580 2265
1114 2359
1023 2223
2508 1784
1617 675
750 198
1683 535
1865 925
411 615
1793 1541
677 1308
953 1476
585 473
901 1172
1276 2131
1428 1344
1048 2399
2311 1456
2486 393
1920 824
1544 2152
538 2416
812 698
2509 460
806 1748
147 240
1088 388
868 833
1467 1365
1450 968
1540 1574
221 1694
1138 388
732 791
721 1604
122 283
896 654
389 888
498 1141
65 1899
588 340
1023 891
684 1344
1231 987
2110 426
2268 1095
2143 1395
1526 632
1391 1898
2196 2476
1073 1240
1264 262
2082 650
651 1067
2364 1143
1580 2193
370 614
1731 1399
1244 1282
2056 1650
653 1688
2299 1898
1844 2161
1839 290
546 785
512 1513
405 606
1536 335
262 1611
2026 41
2497 106
1900 1235
1594 285
391 1249
680 1563
1699 456
163 747
938 386
2408 2479
334 424
2278 2310
664 1494
749 1066
1955 1515
653 2449
1970 1891
473 1834
1215 1246
1277 1545
2024 2324
1933 1406
1946 564
1516 301
428 1629
1753 253
915 1699
596 1179
1963 2296
1123 825
1375 502
382 1783
2253 87
2014 1842
524 1537
745 2191
1597 266
1678 1463
625 964
1648 272
997 198
899 2176
1381 1216
1162 1844
121 1931
1183 1305
232 94
16 396
1751 2372
8 2443
1048 2400
854 1899
1624 611
647 2313
261 1148
800 109
1 360
408 2443
810 901
2023 234
1773 1491
2218 201
1819 529
2179 102
973 1293
132 1805
470 501
1762 602
1134 1864
2245 1924
2123 1562
544 2337
299 2245
807 1956
84 188
1934 1650
452 455
729 913
1583 2090
1899 1313
148 80
1197 2009
1657 751
81 2057
1519 2185
1342 510
303 1021
917 2108
1521 830
1716 1531
2484 108
2146 1817
701 2454
118 994
2153 1016
752 1446
1318 612
1713 1325
2235 1225
514 341
1257 964
2003 1689
1164 2048
1315 291
360 1736
1644 467
1888 1515
1313 1925
1022 164
1585 2315
256 1297
557 1257
365 330
1948 734
2521 1629
181 2084
1008 884
425 768
1719 2502
1325 1782
974 303
1212 114
838 1933
1837 1433
668 45
1636 1061
1309 286
352 241
139 1762
1281 12
1634 113
2446 836
1442 14
2155 2176
2361 2254
1736 1789
1993 371
1565 2381
812 953
1986 1375
452 1347
830 2079
1308 1199
1759 172
644 1441
801 1785
966 1345
1355 760
252 1293
1769 1283
497 144
806 497
2154 1324
979 847
2335 2283
1586 1553
1215 1797
99 1920
908 499
1621 911
310 1633
830 1644
435 308
185 2131
2417 781
705 1559
320 653
457 1635
916 1924
2398 119
1671 569
872 442
299 1234
93 1248
1305 1543
2518 350
1135 2499
2081 1072
1316 1101
920 598
279 622
1588 2170
2306 886
1019 173
1799 633
1113 1899
753 1615
50 133
1363 894
1709 1403
689 1407
189 488
845 997
1001 1731
1852 2129
205 1796
2238 1398
2054 1389
2495 306
1377 1849
1052 1723
1790 44
680 675
1798 800
1960 2301
25 1648
1290 2045
450 1955
505 1898
440 214
1575 602
592 1513
1960 238
942 1545
1614 267
1168 794
1102 1852
2136 1737
1495 1429
2194 303
2231 368
2158 1447
1412 858
2134 1537
300 2060
1280 1647
1932 374
388 1012
1993 139
1536 470
214 1320
621 834
1310 2115
662 1785
1880 953
2289 1466
2135 2333
1340 1117
1383 585
109 1719
874 2478
1709 1867
276 709
1073 673
1213 792
1408 36
107 1138
406 1743
2522 1374
2110 1637
2276 774
861 1587
5 1448
1122 150
1106 1357
2042 1557
2472 202
512 1924
824 1180
1152 1497
109 1898
2383 1503
1287 652
2151 1465
1845 462
8 2076
903 261
1552 1833
1883 2488
1382 1796
1629 77
118 1840
993 512
2042 1875
150 2019
1368 782
1363 1748
2440 1221
829 2136
2049 961
1686 138
200 315
1050 1085
1259 987
717 447
1962 954
2366 896
216 950
2204 2513
900 1072
1918 1479
704 2022
836 2201
564 1001
66 200
1314 688
1619 724
1527 1552
2046 917
2147 2465
798 991
1325 1907
400 910
2289 1013
1560 1126
1635 1819
1150 761
1805 1227
798 460
620 643
1134 2226
340 1475
905 1809
1530 141
916 1923
1765 1408
1755 430
1319 411
820 928
676 397
1609 1482
656 203
579 730
2283 461
2105 1141
1622 605
194 96
137 613
2113 805
1222 2321
1990 108
756 1104
2138 1119
2432 1267
819 1937
2208 803
1346 1536
1576 1715
1837 906
773 145
1824 2169
1837 915
1644 1176
2192 1749
2451 2218
1726 1074
640 1516
332 2173
788 229
1927 354
365 2426
629 1113
492 550
47 2214
2247 1078
1939 1304
1979 1897
2283 173
1531 1349
889 1583
1586 730
452 1698
1154 1539
924 1074
257 1650
715 1475
848 2285
415 2290
1460 1109
523 1064
555 2385
1895 2185
742 2064
2262 1651
1675 1245
8 770
979 2257
1377 1412
1203 1033
1268 2487
2058 2459
259 342
257 821
1934 170
1120 2365
1313 840
1927 1513
582 1627
448 2325
1748 577
695 750
54 2360
355 2377
1823 1524
721 1722
578 2394
458 752
414 1627
2328 2283
912 2424
1928 1690
2173 187
2175 1467
2037 1941
556 270
1354 1904
1612 1286
1618 639
1064 1285
1387 875
591 2475
439 142
780 2198
950 719
1756 2252
1124 1107
2131 1527
441 1934
1794 1426
981 1945
2167 2486
1441 147
666 1078
1214 826
1872 2400
1806 463
1037 807
2076 866
1305 2047
255 1776
2300 1362
1098 2127
646 1178
2055 720
106 1886
2488 173
2216 108
1413 142
677 581
1803 2014
373 1278
259 773
2289 2138
1053 361
809 1463
117 1769
2082 1499
2277 203
424 2095
1839 2062
2047 35
2449 601
247 788
885 1863
2318 2094
2147 1397
547 1904
715 1501
794 1859
194 2476
363 2377
2350 1000
1011 980
1525 220
2431 377
589 1224
210 2269
1424 2490
1407 1
342 1481
1641 154
1684 2509
59 2024
1717 531
354 926
1946 353
1959 2495
331 2421
669 1878
2101 1103
993 1707
626 923
1987 249
1513 2243
1550 504
1 2341
856 1414
1502 399
1585 1950
629 123
593 1586
2195 1037
791 1016
2465 166
816 1114
449 514
1192 949
388 482
339 1054
729 2045
2403 675
46 1559
903 459
2179 318
2005 524
2403 1539
361 2094
76 467
1058 149
2521 2251
1451 1817
1770 1
892 990
620 434
1969 880
1327 2440
2216 1439
193 1543
1548 214
2045 581
2293 1063
1453 1689
1308 1546
961 2150
1377 419
991 723
2417 1155
2116 2282
674 997
2482 1981
341 2119
2483 1777
828 349
220 319
871 902
65 524
2312 1911
1876 1145
2501 1480
2413 2449
1258 2337
2258 2209
2013 2514
2146 52
238 658
1283 95
2303 1008
997 1924
1862 1731
1581 1485
1834 363
1625 876
1367 57
1879 1513
12 160
240 1112
969 2339
1974 714
695 144
169 1898
387 826
950 781
2298 2068
1098 713
2061 1635
1957 1316
1578 629
1403 1844
334 706
289 471
1244 1856
2219 1496
784 583
255 1165
1554 410
2051 2239
1747 1168
1258 2435
922 2180
480 980
580 1920
1660 729
1045 1496
1789 615
1016 1083
749 1959
562 1582
2340 1551
1992 341
47 50
583 2050
589 683
2302 2022
101 1669
2440 730
1869 127
298 2019
888 2014
1091 328
1413 1063
690 848
1678 704
1932 1767
1932 2502
1319 870
1455 835
491 1613
1535 769
323 2387
131 1120
34 2155
888 452
481 1471
1260 440
2255 453
2045 1910
1004 2428
1206 2176
831 161
1276 265
1987 72
1690 336
702 1877
2411 2342
895 381
1135 87
881 1161
2021 1684
290 944
2067 2487
625 1272
2353 463
1539 93
363 2195
1242 448
858 1542
2100 2155
1810 1844
2283 1544
2451 6
53 337
954 630
1928 556
2056 88
549 2405
602 2267
440 2362
2476 171
1360 415
2484 1728
1722 88
941 2062
2393 73
1460 1705
1242 1123
1926 741
471 1556
872 1304
2414 1072
375 2006
2295 531
1500 2
2193 5
56 94
1601 534
1223 147
2274 2292
161 1168
1259 1706
1076 572
774 2314
634 188
877 1463
2331 2264
2209 2060
213 1602
1495 970
492 2035
835 552
108 1052
778 1620
1725 1443
121 1287
1444 861
560 645
1174 2232
735 2124
126 2265
2238 213
1491 1089
2469 2519
671 37
1495 1875
377 421
1788 489
181 2053
1110 2459
2143 1621
132 1007
887 2341
417 1489
28 2363
1696 2241
346 1222
455 1235
1086 984
1014 922
2006 39
92 1259
609 1251
170 2303
1785 184
1988 2058
191 1717
1521 985
2302 493
1432 2018
1171 850
1741 472
1349 2136
335 1564
304 1532
1032 929
1629 2008
109 685
108 1128
135 1495
814 2264
2036 1278
1227 684
1900 1488
2429 706
2099 1555
1602 580
1016 346
1914 1874
805 1085
1777 1696
440 2122
946 412
1029 296
1961 946
853 2266
422 1729
2026 1145
605 1845
625 1274
378 197
2378 859
1374 1661
516 721
1610 2097
2120 2008
1278 1254
1541 1106
1524 1321
2022 2087
2093 755
2085 1921
1692 1453
1953 1637
840 3
1041 1770
2314 279
1311 496
1991 1634
977 2367
1128 845
374 1008
2255 1683
2511 953
2052 1724
640 544
2240 684
2352 1418
720 1273
1726 17
1826 175
955 2180
721 1574
251 1803
663 1531
733 2351
189 1185
1048 1826
2128 2360
2314 2457
2289 1563
966 91
706 1798
1601 1817
1924 1057
1785 1338
177 1459
2227 2474
536 2210
478 977
1342 773
439 621
1259 2339
540 775
903 2137
1297 509
480 2450
213 1889
1607 2194
1776 423
938 470
640 2209
1912 2123
545 168
2157 881
2264 1878
750 1686
365 175
1489 1169
2116 1305
1402 290
2373 1443
811 1266
1019 1622
1100 143
295 1172
845 947
1202 254
441 1920
186 522
1776 2487
293 360
1541 188
859 1851
562 1454
1789 964
1491 94
1002 112
1619 548
342 1636
1743 923
2382 235
1721 241
1626 552
2377 1681
599 1516
1154 1282
787 184
1952 1063
1482 1479
333 2194
1094 1622
1333 658
2163 1598
589 2394
254 1047
36 2107
2273 1668
2318 2473
658 1142
778 2087
1417 980
1588 418
1134 1723
1887 2435
2244 1903
408 2297
1948 913
1727 111
1814 1173
1416 130
557 2037
759 1454
1955 354
218 2369
2290 1939
1650 33
365 437
2070 1040
1522 1531
915 1302
949 873
879 2106
2259 1904
1548 751
2377 1226
2015 11
1689 449
1714 840
658 752
424 2222
2037 1909
370 832
2518 2198
2034 1986
767 2335
33 577
2192 1206
1518 45
2459 386
880 879
2017 921
2155 1364
2067 1176
1157 294
1532 2230
1389 2505
2125 829
2006 2268
963 1384
1354 2471
277 161
155 989
915 2250
386 578
642 388
200 765
1751 598
2427 46
1402 2444
59 2377
2188 1182
2494 1768
2019 1175
1464 1181
132 2469
835 693
937 358
1295 1281
1402 1494
1121 825
1469 1057
253 617
1573 1624
357 1390
406 1981
1630 30
1452 2061
181 627
1706 405
1757 971
464 1608
315 1490
1490 2050
2169 1049
1621 1792
654 365
1140 1351
1289 1913
740 2119
1219 205
2046 1573
2320 1196
2283 1393
765 277
1014 876
317 11
588 1972
1333 1728
1693 345
2083 2005
384 2033
2181 589
1510 1969
1735 1791
62 2082
8 2062
2188 2292
1997 2239
760 2407
1760 1064
1115 1630
2279 2284
1744 1112
2157 1681
1077 1386
790 979
500 2419
1171 1760
131 1543
1824 1981
983 310
2207 392
102 2488
421 1745
1678 2367
813 735
1977 2133
1457 1372
59 1724
642 1107
2235 1856
703 461
282 901
1727 1614
1229 739
2278 870
883 457
1519 1911
1383 1026
1178 640
722 750
667 456
1688 2198
1236 1714
1485 1811
1360 1470
2479 1433
966 1783
2272 1823
1116 1855
1777 524
36 151
1788 257
415 1483
434 1326
1822 716
1883 1817
517 816
334 1582
356 1411
637 541
470 2417
2389 793
1943 1750
768 923
1678 2512
1334 596
2212 2095
897 1048
400 1402
1680 1026
1842 426
2030 2392
664 1920
1327 2118
788 2446
911 311
1278 209
2405 1489
284 2493
1231 2029
2172 568
1419 863
1480 338
799 554
1322 668
1324 2064
358 1495
1357 1466
1682 1780
342 1610
2479 783
1292 1961
1929 1106
27 53
1775 62
2145 1019
1999 1550
967 1686
2119 18
1105 2209
2074 1034
2389 1180
1748 1250
1543 648
921 743
1724 1556
1911 1579
922 960
625 824
162 2281
1738 2182
2031 1673
1431 1771
1507 165
2097 384
948 282
1780 2132
1688 571
1010 305
1602 2159
1062 1266
1964 1671
1918 1187
1276 235
1617 1438
1521 899
1844 1656
1796 1978
1121 1240
1682 1893
385 444
83 444
547 949
1063 822
1893 1692
2498 2514
2081 1997
396 1353
1168 577
1220 463
1603 1636
21 792
1437 667
916 1454
1076 1442
218 1737
1159 1370
830 2062
999 1721
2438 2243
802 535
781 2488
2475 1060
1953 58
662 383
855 306
630 585
1422 1529
1749 1084
604 978
845 1336
872 2118
1876 683
1911 368
2490 962
647 2282
755 361
1763 1996
1443 2185
1404 1072
1740 1450
530 677
914 2297
1450 1405
2267 2371
1629 2407
2092 974
2485 1992
1441 98
160 478
2134 451
1712 2259
2028 94
436 2297
12 1617
841 1502
208 532
2141 2144
360 2243
1145 1642
2441 886
2021 714
1462 2078
297 1017
609 1530
1479 1703
282 2086
404 2076
1521 573
1625 65
2474 392
2368 807
2379 933
392 596
300 1506
1501 529
615 668
1642 2287
235 799
2066 1633
2523 1801
1024 2507
467 617
514 1864
1260 590
374 16
2131 927
2347 1155
2292 1296
960 859
1105 2476
2427 2381
1115 2524
60 1256
1573 611
343 1534
2173 856
212 289
1426 1095
1829 1165
2493 2408
1751 2358
673 1031
858 17
1620 1306
1977 2438
2274 2508
1252 1671
2004 2260
1952 1982
2381 1472
1865 1977
2158 619
2335 36
2405 1702
2017 674
1372 1567
770 2249
1125 88
1103 1802
2046 331
840 1760
128 1794
2239 1881
112 1393
1751 1236
1465 2362
44 778
2501 849
2321 1643
1725 2196
434 986
2025 2146
291 2009
1790 492
2507 726
1225 585
2067 1764
1067 252
309 479
1794 448
1870 736
1510 1027
74 1417
348 505
1487 74
1447 1333
1104 1161
2209 1640
750 1033
322 1587
1300 2318
961 923
1972 112
2303 886
1561 138
493 579
487 1393
1521 383
2469 1118
2212 1410
2511 1082
1380 1250
371 2250
1180 2127
2029 2448
414 2228
1837 1760
1667 2244
199 650
928 2050
1496 2009
1412 227
1721 1664
69 2117
2011 393
2014 1596
1393 95
911 575
396 347
791 2173
1185 135
1 1557
949 2231
1988 747
2422 183
1357 259
1852 2216
1587 2031
1943 2051
1493 1340
1486 1690
475 148
1640 2513
153 672
2499 918
2061 953
316 809
195 427
46 2479
1321 2030
1127 1416
1270 2223
192 884
569 1603
1782 204
949 1644
656 1723
324 1261
1884 1340
779 1196
1553 1175
299 941
1650 1524
1285 677
1011 2446
682 864
37 2125
2072 1048
98 1232
347 1241
338 1582
1739 1951
2509 1350
1107 321
649 1553
2520 1997
2046 178
2156 1545
1696 1071
1480 323
2391 1780
2455 428
62 1148
365 1150
34 900
2337 911
783 492
1698 1120
87 11
2514 2232
1407 196
673 788
2146 1735
797 720
1696 831
339 624
1796 1434
1216 1810
2126 262
2130 224
87 1751
749 2302
2263 1044
413 2168
702 461
2042 308
2011 688
265 1557
982 1447
1740 1434
997 1002
128 2323
2513 2453
2408 1862
637 959
1270 473
2486 133
2293 1241
1387 1463
2434 1883
2143 958
927 2502
1782 1147
1112 2495
343 2295
362 1303
225 84
2110 2170
1713 549
1607 453
726 1729
1376 95
2307 199
1065 1293
481 162
390 2492
37 855
585 991
2340 2248
24 767
1546 1101
1497 2171
374 190
104 2343
2113 856
1193 698
1926 208
2482 466
595 183
983 1035
1040 372
585 1829
1165 1718
675 1664
687 132
98 1867
488 244
842 1458
376 625
2232 2286
1370 1162
1780 715
2419 1378
1831 461
2193 1888
1444 86
1803 892
1876 646
576 199
605 1428
2301 1677
701 619
1150 1446
1227 2267
1513 851
2083 1368
1261 180
1049 1212
2410 882
2045 706
1299 101
2421 537
1186 1538
1855 154
1765 122
1176 700
409 1120
586 1850
1239 1428
279 2434
1084 2283
2221 2479
112 1746
1399 2322
765 19
1304 1011
1252 577
2403 2
1219 1505
2485 271
1901 734
1658 594
2018 521
143 2034
1959 1759
1127 2222
737 836
185 1594
1201 123
1338 1524
255 2370
1973 910
338 2010
470 363
1129 2137
162 2283
363 882
574 522
662 191
913 623
1755 319
1199 1427
488 282
1527 99
2028 2460
529 2367
645 1254
939 1770
68 404
2202 926
2514 1625
1220 1347
562 823
2028 993
1401 2399
1326 1856
1392 1652
1966 1360
104 1287
2019 297
700 2272
711 271
2288 1905
263 315
2221 862
1958 995
2069 206
1097 1130
355 1750
1176 182
2203 749
76 712
1065 2239
1736 136
735 1909
1768 345
1741 2449
2352 1258
611 229
541 389
245 1798
64 2102
1120 235
1160 2431
250 1400
998 1533
1228 1793
516 87
1978 392
68 490
1269 1257
2270 1493
1894 1370
693 1051
26 1866
2488 484
1367 1214
686 595
1481 1264
483 1779
2146 525
1160 1042
952 1083
1413 1573
353 1863
2037 1016
1157 1288
586 1409
2125 207
580 2434
1311 885
1633 990
1155 1225
1199 362
1233 1946
932 2361
2132 286
1701 1330
565 2252
1301 272
846 1652
1321 736
653 2191
2259 2369
390 586
467 1838
2194 1741
1451 2420
1518 693
1307 649
868 2437
2386 430
170 2231
1133 1443
1707 746
172 253
224 650
465 1971
2419 1102
714 1314
2161 1579
2054 972
1273 2304
1139 167
1099 870
817 1713
717 1228
1951 2375
2044 613
1118 1850
313 489
1443 1977
1174 374
1559 2152
1146 2103
2502 646
1149 2503
1332 1214
1108 1046
2170 1157
1356 1909
821 909
6 914
1758 1474
1758 113
1695 1051
838 2439
909 2277
146 1691
805 762
1375 2461
525 299
2452 1997
2139 690
1530 2413
1390 1656
1911 1393
1672 1046
1380 1269
2470 1394
827 2140
2177 1724
1927 839
1793 1091
1749 141
1349 1201
468 950
536 1013
2496 282
2301 472
1086 1896
828 968
465 633
1956 1153
2044 1799
1180 105
2182 33
831 865
2064 490
1517 2302
21 2026
2395 1745
222 32
1678 47
1974 1279
1960 180
1352 1410
947 1118
2362 273
1747 448
1323 913
1783 2207
365 931
744 630
1562 1889
1474 2238
559 1846
2070 29
2219 416
706 1287
2190 790
2006 1025
1601 1913
1786 1907
1126 1555
1975 1833
2369 104
1823 2152
299 898
2018 1462
1459 1703
300 1470
1382 2495
2310 1987
1146 641
26 1170
603 1273
2017 2149
52 241
1582 1711
2520 147
1774 1220
2249 2500
1874 1056
1687 563
474 72
1368 548
325 439
1225 548
1274 2388
1976 1134
54 2357
1504 2300
1432 524
953 653
714 516
1302 1311
555 43
1216 1834
895 374
1143 541
675 2085
813 1130
2380 1798
2018 2310
852 327
1437 743
108 935
2064 876
1861 120
503 489
2348 433
883 1626
2417 886
2190 1585
166 1085
740 1832
416 12
1512 1112
2486 1382
53 930
1735 1387
1857 1459
933 1063
203 2122
1230 1633
1384 461
1485 2018
1688 1831
1312 59
2090 619
2269 1647
911 2422
1921 1806
1333 216
133 1925
194 694
1801 305
1507 113
2367 1873
330 1434
361 375
92 341
55 668
560 754
814 302
2000 1003
1888 1974
2143 1961
236 1042
241 540
746 2488
1887 194
5 425
1327 2279
14 740
1824 1813
991 1914
1580 101
1329 1765
1091 796
1745 1783
2204 539
64 206
525 995
2130 1839
654 1078
1595 2324
2211 2358
2266 1548
1661 199
1990 157
827 935
1264 663
969 2445
1719 2242
1951 2149
1277 1724
1624 54
789 508
2067 1190
1835 2068
268 2105
1488 347
337 2250
532 1320
2420 794
310 2298
2451 1247
884 1381
267 422
112 1044
945 109
683 1236
1337 629
1834 881
944 745
1365 1198
1607 1247
1253 2014
561 263
2334 1706
399 1417
2231 452
232 1814
961 2182
1265 1588
526 1589
834 322
1941 134
2276 276
1504 1813
1951 2027
2411 1484
195 1518
942 2315
784 697
1996 1511
282 419
746 1393
770 1280
1815 1493
2452 2276
284 1864
995 168
1629 1997
2445 438
2043 1224
1474 58
1805 603
1768 787
237 1917
929 2439
1149 1571
1286 1599
1908 407
1881 2374
2351 460
1199 2168
788 1144
1954 1571
2173 1622
2424 2243
229 1060
1936 1115
84 1794
1073 102
1703 571
1987 2305
683 172
661 256
89 426
1603 1812
506 980
1807 2215
1889 1224
272 2036
1214 364
2299 2075
107 373
179 1026
126 880
1296 1972
2282 760
1230 1183
177 440
272 2232
2367 1298
739 825
2052 771
2185 401
224 1453
551 1032
504 2430
1910 1592
2383 468
1934 1986
1381 2227
2483 1022
334 1431
101 184
1218 2466
2132 1855
3 1609
2079 627
1944 568
2127 2219
415 1611
1574 1345
1149 2182
201 2386
2132 1463
2122 2492
1941 1706
1395 62
1624 908
1437 881
1694 1690
1474 1346
2206 1660
1123 1116
1449 1926
1799 38
1139 572
515 911
1488 2397
93 1549
52 1052
453 1500
718 948
1522 1853
166 308
328 1721
138 1760
1017 690
1651 302
575 1616
2152 869
94 867
1677 104
517 195
1838 2029
2231 1884
609 889
988 269
1156 1526
2350 1669
1892 1550
2079 758
1914 1985
1407 414
27 332
431 720
174 1027
322 2411
2435 1128
649 2477
1621 528
1360 1498
159 789
480 1935
499 1396
265 2160
1517 160
1288 325
33 1927
1775 912
321 1656
413 1846
1560 1950
390 2105
49 1556
306 442
2184 624
2137 1077
1092 249
1025 681
606 640
1648 2250
901 952
1563 1145
2343 1154
447 1864
749 1872
2176 819
1673 1918
2290 2488
599 2283
1218 600
1782 1243
734 1005
2096 284
2494 2260
2237 1157
296 1672
1074 146
2030 2372
389 2319
2428 1578
2156 2494
2284 483
1298 278
2482 400
2442 2300
1830 749
801 978
1328 1085
1640 607
11 701
150 187
990 1106
1680 1648
1188 533
1739 1095
27 1371
1453 1822
2464 1230
1932 620
142 337
2084 1358
1834 192
814 1450
1788 2454
2224 1120
233 340
658 1712
2428 1018
1201 1148
250 797
999 625
1634 428
1671 1843
2499 785
709 1619
399 567
577 70
839 2477
306 1979
421 1893
1957 1799
1227 653
1767 882
