2253 1960
2371 1665
479 758
57 995
470 1210
2166 1747
1249 1219
2223 257
1379 2210
1770 1583
1581 765
659 1584
2424 1062
936 850
1085 568
30 2398
2486 1560
170 138
2075 1117
1944 122
1618 530
13 446
1465 1124
522 1835
63 1724
2487 502
1167 832
1934 799
1500 816
843 1759
642 944
902 1422
1542 688
1427 1628
1475 157
1029 2243
2142 512
1232 2488
1770 1742
2082 981
2001 130
1686 135
83 2121
2000 1962
428 1681
1990 2180
2393 144
1880 2040
1635 130
1896 1998
2149 765
2286 785
836 652
974 1365
1737 2407
2048 148
241 338
745 1966
2449 887
1899 633
706 338
591 1689
2023 2319
1620 1883
1308 1680
2363 2225
2069 1755
1709 421
1170 473
53 853
337 1367
2479 246
2233 1913
2173 403
2071 1117
959 1186
1752 162
551 83
2072 2120
2475 2151
2176 905
236 1953
428 1424
516 1816
2345 2412
353 1493
186 193
1638 14
485 1929
1136 1972
2206 2499
2309 1062
1221 177
143 1753
27 1256
2258 237
2512 2029
1168 606
772 2142
2249 1555
427 2040
264 158
2065 944
2373 1125
447 2251
176 1914
2408 1860
1344 1375
641 2026
464 2193
1002 1123
1548 64
2391 1545
46 1949
938 782
1047 2102
1242 1285
1895 2157
2074 2108
2007 660
1102 1139
2451 2426
368 632
1810 986
2480 1031
1022 1986
1025 1621
616 1976
1920 569
936 1391
147 553
1778 1115
1580 605
1018 1114
675 1095
34 1758
1696 76
324 2059
59 2074
642 2370
914 2196
927 922
1838 1502
1025 330
2154 528
283 728
1528 597
328 1165
80 301
186 169
1848 1506
487 2497
1466 2013
1044 620
1774 1110
1223 1788
686 2233
234 812
521 2244
2035 10
1367 1708
1211 1899
998 2335
1350 433
1601 1673
1271 1144
2274 795
1027 1129
2137 2013
1713 261
798 2154
2010 212
659 1302
1821 286
931 682
809 1870
2092 2404
1081 349
969 1289
275 675
1607 1598
304 1209
1134 1421
2075 349
1911 2206
1852 369
704 1490
948 2179
2122 2353
1690 756
2094 1907
1674 2451
157 1696
1771 1896
355 1213
1155 1729
1971 1545
1075 865
61 889
250 1785
1943 662
543 872
2130 824
27 859
311 208
586 1694
2406 1902
41 2114
71 1668
951 773
1612 1812
468 2328
2401 1211
1564 101
506 2046
1445 2344
944 339
743 849
257 381
43 930
1262 1440
217 2168
105 53
1444 1372
1898 989
1052 1825
1210 1795
414 2052
2070 2028
300 1230
527 2274
223 1582
1769 718
294 1818
727 747
2308 1122
1345 1070
791 1475
2099 1412
1826 54
1523 420
2192 828
328 220
2413 1898
2317 759
1784 857
605 1415
1572 731
112 1263
587 2055
557 123
825 2444
890 1721
2171 967
513 328
2380 747
819 2060
2467 966
638 1266
299 1276
1915 783
942 1646
1771 2476
482 147
1623 1011
396 1248
2334 2241
213 2463
1884 2477
1405 164
2125 2506
1788 549
2484 1610
1130 498
2518 598
2318 690
2501 2021
1876 2284
1835 818
541 1702
2479 746
587 2271
691 2183
1164 972
1270 2492
1613 1857
1271 404
2340 1889
952 1467
323 1808
730 733
442 531
684 917
190 1067
2011 1600
517 97
1564 678
1517 2098
1628 766
2451 2243
664 1465
518 2269
524 187
2225 1618
134 52
1595 2027
1750 17
246 2056
320 1024
2019 2355
2258 108
2156 1765
2286 605
464 2371
2110 2451
1230 900
1383 1262
225 893
467 470
1122 237
158 655
197 802
1001 174
727 2071
45 169
109 2451
1444 2001
2110 803
609 1988
999 2084
1116 2250
1460 1781
2206 2477
1480 1077
450 1890
1711 1572
2015 1622
1574 1302
810 1455
364 1032
17 2353
2466 107
2302 2184
751 2332
1138 633
1726 1650
783 20
2247 1826
714 112
843 1892
378 502
1022 1787
301 824
772 327
2218 152
388 331
1846 2221
1765 2365
1619 1717
1560 1424
251 17
1579 802
1501 686
1587 2162
1291 1347
774 354
2372 1922
822 2022
723 1024
1502 395
1562 688
1196 2318
2469 318
1532 745
2296 1775
1710 1195
1401 1915
1696 609
1843 350
1613 607
1693 655
684 992
825 2115
2093 2369
2319 462
995 1376
139 1720
2290 1720
1510 1294
1037 1501
595 2145
180 2216
1977 2038
2236 1238
1339 1580
1466 70
1142 1056
910 1268
2310 2367
271 1936
1231 913
1727 1324
622 2283
1604 15
420 247
603 636
2468 1006
1652 1637
1551 1238
2419 845
783 56
1614 2130
749 2474
2466 1185
917 132
1350 1105
958 4
1356 924
1911 2468
1420 2081
1160 2172
53 1751
905 1900
1185 1838
882 2456
238 661
978 2255
983 2155
111 279
2450 85
397 822
1380 22
1810 1522
1101 1176
1081 2446
1108 393
2401 2157
1849 2289
1549 36
1608 1358
470 1262
192 1044
453 1863
669 1866
1902 1835
2133 1642
2394 1109
1009 946
1150 865
870 2010
2344 137
799 624
1349 1574
464 698
1807 1108
323 1763
2092 844
1698 2342
2099 1482
1764 88
1160 1721
120 2416
1535 269
2155 2189
912 293
1965 2315
253 1830
548 1001
406 1387
140 571
1795 2127
1969 2262
2192 1187
683 1760
1308 617
1359 1429
2315 802
938 1617
472 1902
1748 1576
1541 947
2172 1077
2254 928
844 1726
1631 2453
846 191
1012 711
1176 1805
1218 616
312 415
1691 896
2493 1498
1828 315
27 2001
1598 412
982 857
705 1655
1997 1608
421 2374
972 1715
1489 1093
991 766
1320 334
18 395
1723 1370
2232 845
2062 1474
975 2521
1507 113
1728 2175
1483 1190
636 926
2158 76
2493 31
400 1512
600 38
1680 2129
186 918
1891 1159
603 1211
101 1409
2189 599
2338 1811
2331 1672
253 1769
642 864
820 43
80 1254
1640 1494
1693 1681
1623 2045
1819 424
1770 1702
2143 1417
822 852
1928 1709
783 1436
1786 2262
1064 1762
1208 662
213 415
2145 2412
1731 1026
1017 578
237 1869
777 1991
834 1828
1923 2450
1151 2194
2174 903
2396 117
56 2259
1312 2384
37 1966
2474 829
2181 459
965 910
866 2406
849 1303
1305 480
2352 884
933 267
2125 1909
599 2194
2077 867
1386 1833
989 1491
1018 237
1520 1512
358 399
1804 1156
637 2255
2379 1660
946 1502
1126 1311
2421 1998
264 757
1479 2401
1000 1112
2315 449
574 1487
1031 2357
863 193
2238 1192
1081 2169
1165 312
2462 2013
1371 2028
2237 704
1991 20
500 1515
2328 1399
1992 866
345 278
2187 2470
2364 643
846 271
34 2331
1311 1110
721 1388
1822 335
1889 1201
121 1468
2372 2420
1657 1580
387 672
1756 2226
549 2214
2234 2400
1013 393
2434 496
2353 1757
2151 2066
2382 2345
1768 1684
297 986
474 1450
23 937
1971 816
1826 1545
308 1827
384 1516
1137 2499
831 2363
2517 1820
2195 1068
2179 1581
2074 1546
1534 405
828 838
326 2326
1149 1267
1957 946
897 2319
2362 1486
92 1213
2200 801
2444 649
2195 2482
1824 1036
274 2249
1214 395
1363 1757
241 1262
332 1191
494 649
178 1669
1661 1184
2238 2029
794 780
1142 1339
2156 447
604 273
1468 1566
1631 94
2033 1371
1085 532
400 1067
336 2449
619 1366
2430 1015
537 222
1922 1106
693 476
2226 911
863 281
1429 111
556 585
1863 1689
2045 2303
2098 1482
222 627
1546 774
867 1679
43 1519
2398 1564
501 906
692 2193
1154 1045
596 1509
1872 314
1741 1459
304 1031
567 906
420 626
2311 1065
2337 31
611 1573
704 1444
1519 1941
1649 497
1059 748
899 1216
1533 2500
1172 1547
1189 2241
102 925
1588 2182
2249 797
2483 1601
21 440
2045 1615
1607 920
1510 2432
79 17
279 1463
38 878
737 2168
1532 1344
755 2204
1363 104
157 1649
1440 1922
48 456
552 2293
2230 108
1953 675
1175 283
465 2307
2011 2113
1657 854
221 1827
45 1579
1979 634
2427 1044
1628 179
2481 1735
1034 2057
342 1775
796 1008
1327 569
2234 1437
919 1022
1349 363
65 1427
1026 2102
647 1733
656 1455
2445 296
1161 368
1486 1296
1302 1425
1822 533
1058 1636
62 927
529 2470
2158 623
771 2250
378 1579
777 1326
1362 1357
1601 781
783 335
2038 1671
1067 821
2502 2087
20 1958
1758 769
191 2356
934 2403
600 775
1642 820
1474 699
649 2299
1389 1681
2414 1228
743 667
1979 991
1273 1944
171 460
87 561
1640 2161
271 428
1024 332
1787 1489
2121 1700
1756 563
1832 2148
489 1181
629 2155
2073 108
210 1600
2110 1799
1021 1952
1505 1653
1531 1012
1528 2258
1846 1973
917 788
1913 1186
1506 2173
301 1567
91 421
1584 607
1626 1879
1433 2212
565 1518
493 2034
22 1729
137 1465
213 2436
1820 325
1559 1892
1524 1990
1920 1468
392 1618
8 795
53 657
1093 1067
631 1407
779 2093
1218 789
210 2443
2097 1811
1226 2468
1366 100
798 2480
1982 402
1751 963
2074 1884
864 803
2332 1937
1063 2486
1121 1219
910 2488
2330 521
880 2418
24 1154
270 1187
2039 1538
454 2394
1251 2032
1064 1978
563 1965
2001 955
2430 1045
1507 1230
833 690
684 1818
1862 2447
247 1296
153 1109
485 952
917 1995
1914 502
789 544
1715 1384
1570 2504
2256 176
2314 1632
1981 1048
409 458
1795 1907
1620 1073
1833 825
2335 1441
291 1559
619 776
801 2270
1943 2475
664 1885
1686 2087
336 1158
1474 703
1167 1483
2386 1193
814 2162
1741 930
2063 1138
1293 1324
2452 1394
1620 1222
29 2484
2481 183
2131 905
1391 865
1975 2039
1472 1156
900 1508
1765 1862
101 971
2243 533
664 547
1987 1332
1895 2071
390 194
1052 220
2386 2044
262 2329
1469 1306
579 1399
1942 763
1404 892
932 1476
2220 1540
1663 2084
1832 2020
2435 955
1759 1237
1283 2456
1467 1625
2263 1758
523 539
1416 2410
1935 108
197 791
676 371
1701 2422
2104 1567
1838 51
2023 423
1427 772
437 1022
1804 1414
653 767
2171 714
1505 1428
2062 2513
402 264
2179 215
2093 977
510 89
801 2152
2490 998
335 64
1489 2170
292 482
672 157
1811 311
2358 867
878 2304
67 1980
2391 264
780 912
1558 1860
2287 962
870 228
55 1941
2220 180
934 906
200 2012
732 1926
70 1537
1945 367
2338 1927
2180 720
2505 1659
837 62
484 418
2164 2245
2317 143
1955 442
1938 1217
1437 241
288 936
1788 883
639 666
74 1907
1962 765
2413 165
2017 1247
480 1064
1641 77
1719 464
2437 447
1277 2132
948 1034
767 561
59 1302
1533 2337
863 2206
2209 735
1888 1501
1852 2072
55 1805
2524 110
212 561
1108 444
241 32
1205 190
1012 1871
123 1295
2394 709
1822 485
617 2285
1555 408
1126 979
2382 2097
451 2275
1655 1437
1678 539
2230 2448
318 464
806 2222
2293 2273
148 2459
895 1902
506 1462
902 795
2183 155
1619 856
1479 175
1956 1458
1816 1770
1650 2012
1583 2060
1761 2326
292 2181
764 544
1593 445
1731 1585
1633 2263
1007 1941
44 288
618 420
2319 132
1504 1621
1328 773
2020 1380
1083 2313
692 2061
2503 78
2173 379
817 2448
117 25
2277 1681
610 2326
1583 1488
317 1288
105 684
2452 1394
2003 1159
1093 869
306 1532
883 1692
1770 2260
2355 2152
1713 762
593 2177
427 2029
366 425
1172 1445
490 55
1068 1701
803 2264
384 1794
1153 657
361 979
2200 2439
525 1872
2418 205
1225 495
1372 983
1713 1676
2116 2126
1010 2421
888 627
1792 510
1812 900
1588 1165
259 528
678 1818
23 2037
164 30
1404 1206
154 1504
1003 998
1247 159
289 1080
2345 241
2166 1449
1084 1444
780 2093
43 79
1445 2500
514 954
1779 1597
1422 1032
453 758
780 762
1799 357
385 2218
1921 732
686 331
268 75
1563 435
1579 1809
1000 1161
1866 1601
290 2417
2108 1725
1828 527
1845 1484
671 2382
1627 633
1408 1598
1437 1806
1597 2206
171 996
1898 2065
2349 704
256 1259
1571 405
473 1024
89 2235
2484 1206
1183 1814
565 303
1381 1405
507 2491
2522 757
1658 2164
272 1911
1700 1636
1258 381
248 2102
922 979
4 2072
424 2007
1020 1290
1107 1793
2313 1417
212 1435
1001 2174
522 671
2046 555
2509 155
475 2013
2373 1538
368 647
1886 1313
812 1968
1923 2142
800 1455
1114 1841
729 2057
1317 327
1743 1043
2243 2236
499 1603
1814 2115
1414 920
2442 1467
350 326
1356 141
1287 2293
2508 114
2317 2000
1732 1525
2306 2313
1493 249
2380 1306
358 304
825 699
78 191
170 1563
1677 441
1708 2424
779 2163
1095 243
1721 1793
1101 1026
912 1019
1625 1112
347 816
40 2434
464 653
1678 1731
2246 319
200 1049
1607 1845
1433 1325
317 1093
1127 2037
1641 1671
1099 337
581 1742
2145 1819
2326 1492
69 1782
2429 1308
319 481
1501 2258
2094 2349
2301 948
667 691
270 1634
181 1448
900 1910
1021 1909
1282 1394
2091 483
1791 1227
1970 2106
319 270
1367 991
868 1057
349 1720
229 1777
1957 959
264 583
346 166
2119 808
1359 685
150 1592
374 1646
1282 301
2225 958
1537 2113
1942 153
2184 603
2523 1172
1329 1887
339 733
446 162
63 270
2268 1494
1950 760
427 1144
1927 749
2082 371
1852 594
2218 408
2512 1851
627 1513
886 881
96 931
1411 1065
841 1246
386 1298
1997 178
518 1523
1662 427
1836 1746
425 860
2082 1086
37 1221
1952 1111
641 1166
871 2254
2309 225
945 1150
1913 1281
977 1681
261 1405
1763 2151
1804 1641
1471 1814
2056 833
1271 1280
187 1657
2343 230
295 2198
348 1067
1225 571
2066 2437
1536 1119
1119 1320
1713 2152
1045 1058
350 551
2118 1574
1741 1316
1952 1549
1835 1107
616 2363
31 1002
155 1340
1844 1880
2138 339
1691 592
883 1116
1782 1383
573 2251
1592 625
1547 2515
354 619
628 992
2146 1278
435 2056
1941 327
1896 802
1168 1601
2283 1162
1056 1827
315 55
2069 1237
2295 2211
140 604
2178 1511
1316 344
1703 1466
107 1361
149 138
1916 1146
2152 2095
131 205
1398 1254
1666 611
1505 2240
1045 2389
1582 485
2259 1327
911 960
1551 396
8 156
43 847
2011 1072
644 2114
899 1927
1863 2144
1539 297
804 2183
1669 1744
1036 2301
2435 1443
255 1160
185 2341
711 1150
83 263
1589 1457
482 316
322 137
316 808
891 91
244 1245
2372 981
2096 1169
2236 1000
1800 86
1620 1654
1979 1966
2190 1984
493 277
1823 1901
2119 522
1010 767
658 37
1743 1695
416 2445
287 1126
1087 1273
1186 2403
336 2110
1085 2522
655 2176
1871 1818
2138 1410
1297 1078
1965 677
2010 2376
1632 2514
1346 2145
2493 1739
813 560
1665 102
589 1512
2154 1118
2057 726
764 193
445 1808
262 1377
52 2198
1582 1163
442 1914
2488 1596
1686 2126
2477 917
425 562
2461 2117
1822 2001
1113 356
530 518
676 668
490 1530
1672 1057
1396 315
1650 1094
2278 1123
685 1709
5 1877
1428 3
1083 1697
1517 2126
660 2045
1293 345
2090 1656
92 1680
474 627
870 2041
101 2184
1412 2397
831 441
1263 1030
2042 1124
1402 32
1953 444
640 1834
791 38
1314 141
871 1053
698 585
1590 1071
1842 530
1941 1436
2313 209
2053 1547
85 1063
1506 1560
2221 382
504 620
772 2445
1311 1903
209 2365
2451 758
486 1282
1273 473
461 1275
2461 1487
1464 41
347 436
710 1773
549 2055
2034 1978
43 1212
815 1275
2495 828
1776 583
1792 2398
522 1077
2512 1950
1661 1399
1835 1774
902 2180
123 1790
2451 2197
1709 426
849 1702
142 1434
1090 1926
289 2145
168 697
1817 159
1085 505
1556 52
1286 45
2258 1806
1891 662
915 662
215 1596
343 1650
2379 2520
1512 720
2004 2103
2323 12
2256 337
333 587
1859 556
170 1564
1218 1463
1244 493
2386 201
1371 1670
2221 1651
97 1972
935 164
1733 1603
459 725
87 1543
1992 795
124 2370
1131 706
962 1256
1908 601
823 469
1345 1863
789 1608
1232 1391
2199 560
2182 2276
1481 1295
1200 1968
834 2199
806 1944
930 1955
852 518
44 1852
1464 2451
879 292
369 2488
1599 725
1863 762
1824 2234
1623 1405
878 92
661 2290
1984 2381
949 116
2402 2256
1336 1035
1787 345
1141 1512
2166 1947
1956 255
2009 2072
2309 1309
681 1395
2392 249
542 2023
1897 965
2193 2489
2305 1514
1730 903
1206 773
395 2442
1872 1259
2514 261
608 1118
223 1143
2235 651
13 555
2456 1692
803 2269
736 260
2514 1875
1556 327
298 1320
507 1863
620 252
678 510
1111 10
2360 1023
2448 980
574 1466
2372 2275
1938 1784
2374 154
321 1260
1963 1029
2435 2299
1328 1820
1983 2269
1716 2165
45 1298
1273 27
1196 559
1823 1826
2129 643
2082 2313
165 2358
1909 2389
481 150
105 2046
6 1962
1971 1675
1261 733
761 128
887 2043
502 1074
2310 829
1562 2238
2487 1381
729 1575
2122 517
843 1493
602 713
980 801
1310 856
6 575
2094 1275
2312 1979
1473 2242
610 502
1831 801
1619 2305
577 2496
2298 1683
2496 1268
1407 2365
367 1132
1752 2050
1220 313
334 2246
2354 746
530 404
2123 1997
1558 1965
1676 2284
1362 306
1272 1549
1251 193
1315 144
366 619
1688 1289
1601 447
2359 1945
399 1857
1406 1042
1787 458
1508 2455
1275 907
2329 329
968 2332
556 996
1345 2083
1644 1868
2483 522
1120 745
1961 971
2207 299
1806 65
1342 1601
339 259
728 83
507 1951
360 1564
1759 724
1837 1727
219 542
684 1287
214 1972
201 1403
1263 11
871 655
68 232
2472 1520
730 2276
1180 2419
380 2232
1418 822
763 2431
1954 1587
2394 373
163 1135
1402 953
193 2106
1177 2417
735 21
2023 1144
492 621
1481 574
2229 535
1566 713
1760 1557
837 834
1048 181
2262 73
2254 1986
2125 606
819 1860
1328 1212
57 2464
2260 659
1950 81
1951 2301
1339 1593
918 1640
1807 2456
818 1395
1633 1904
1837 945
1497 1386
1211 498
1614 2155
1797 1232
1848 1410
651 241
2356 2302
1302 1346
2156 2047
2424 293
184 2099
2292 456
1534 1030
1359 462
64 1265
682 2003
786 1388
1744 158
829 2404
1209 1703
2236 2101
1277 2163
1417 383
1678 1818
2011 282
2392 27
1980 86
1030 2052
35 1130
144 1021
2490 108
9 1314
767 1166
2293 1506
159 439
449 1015
614 626
1174 1847
2070 806
524 1754
424 451
2521 1132
1151 488
660 190
1097 958
781 2378
2429 2372
1910 2377
880 285
1517 1035
356 2171
596 401
1810 1691
1805 637
1762 979
1281 675
277 220
590 1618
2328 350
1688 656
8 115
298 1331
881 2160
1145 2047
581 72
1072 204
1685 2147
400 989
1932 1992
691 2271
992 1499
913 969
17 1394
1721 2398
1932 138
536 1058
1988 1074
2140 1733
2339 2000
1839 946
1797 2352
745 293
628 1136
2480 167
1729 286
938 1224
2504 492
481 1707
627 1602
1315 1594
1881 27
1641 1659
481 2374
1217 753
2276 752
1547 931
29 504
918 1719
142 743
2306 72
983 816
1483 705
1245 790
2100 620
2025 1393
831 1581
1792 1570
1388 226
2163 644
1599 1934
211 261
2415 2025
94 185
573 1261
1497 1179
2288 1048
843 434
1207 2280
2302 1295
1999 2235
1078 1664
1767 86
1912 532
208 1839
836 2447
2353 1610
1751 1799
1997 2045
1836 1813
2152 1352
621 2233
415 462
1776 907
888 2388
2423 572
2287 540
1148 2260
2217 98
496 1322
278 511
1377 175
12 612
1615 890
2183 2316
1222 746
2360 2181
582 2416
583 779
380 2088
1173 279
1999 1883
1880 1003
2377 797
41 1041
1460 871
491 1560
715 1266
2391 488
1298 1762
2404 1287
2068 1600
2373 1704
1102 2184
2246 254
2030 1013
213 31
325 1028
1778 1826
567 491
151 2301
70 2217
2495 1457
570 1440
929 243
407 2359
4 202
163 470
2329 2289
937 1844
637 1952
2316 596
205 1243
2495 1054
765 1535
1825 1939
1631 161
103 1455
699 1687
111 1604
610 151
119 253
219 2194
1740 1117
534 549
953 1437
146 2025
1543 2001
1507 1522
563 585
948 2138
1259 1005
2462 2145
1435 1921
91 2371
613 1260
114 2333
970 948
1123 1153
2060 39
2251 2182
1361 1664
56 2063
629 491
2380 1546
1294 2298
568 940
1592 585
522 2329
2324 1584
1580 51
1831 2459
1067 254
2076 446
1110 610
1917 283
203 684
440 1238
1481 1267
876 544
2231 1891
649 2402
2072 19
1564 1232
1338 1821
2360 762
1324 979
1930 1841
2362 819
2033 1028
2372 961
1136 1398
2061 1207
689 2451
2020 466
1053 2011
1402 1202
769 1485
2372 655
1132 2333
2305 446
260 1194
820 386
183 2259
1132 293
1411 1855
983 705
244 300
974 1285
1387 547
669 1625
226 1734
2114 107
807 2480
1840 1158
319 450
225 682
277 665
851 814
2362 2074
961 1511
2411 1676
2363 469
1566 2247
852 1008
1146 1422
350 353
98 1317
82 316
1322 439
1934 1935
2400 1326
1160 1101
1125 1696
539 1528
500 1707
421 1590
502 1887
1893 440
2128 2238
2130 309
851 1492
2452 602
2313 1732
2454 1885
644 1545
1880 1597
638 158
157 857
2279 1221
1973 1980
2390 654
1232 1532
321 956
1203 1793
1547 948
443 1013
2441 2322
2040 908
796 1578
2141 130
27 40
1828 2088
2063 189
2357 382
2282 1981
1672 2254
690 2346
1547 1697
619 538
1022 2425
1995 925
2491 1149
1481 2154
839 1301
1819 2004
100 1757
926 474
1954 2311
2392 116
1288 407
43 2270
2417 1155
1343 861
1387 1734
1294 915
2302 818
2087 792
2273 818
1563 236
20 335
1997 1875
1547 18
1264 2324
538 2112
861 2116
199 994
2510 48
793 1853
1090 1223
2153 1070
436 2496
1003 1203
583 414
1907 794
66 1902
2048 146
2133 1753
2290 2005
718 1087
2473 591
1642 1670
762 2473
378 2024
1569 1666
612 1289
1788 1935
1823 212
1440 1007
531 1233
2325 889
433 370
1075 2440
872 2421
2504 145
1778 957
286 2064
2429 431
2493 2424
987 1625
1927 1805
1288 604
408 2015
473 1073
2046 579
966 1208
2382 824
1440 1852
1348 2405
1162 2132
1273 1367
1036 1746
1372 630
403 1265
2373 2064
1197 1715
1012 1355
1644 413
1570 2038
1677 875
2260 803
1917 1943
190 1648
925 373
2462 1991
1898 1261
509 1206
2217 490
319 751
1644 172
579 1667
1051 509
1931 248
1980 1760
2005 310
1388 992
857 1592
1815 597
2217 2073
620 1729
1316 773
1999 2516
302 2222
2326 696
943 2131
1196 168
991 702
1597 487
634 519
1431 1929
175 502
1185 1823
1192 24
1979 1222
2355 1177
816 2376
724 1351
309 754
2477 1685
2074 1229
588 1805
461 2263
435 543
851 393
34 278
2218 18
2172 1335
2103 1343
1637 860
2498 51
1127 1405
855 1628
530 1549
1339 2499
364 1583
2405 1769
1695 1846
1506 2282
866 1347
172 2187
2025 1419
1049 16
948 1066
2102 2336
1517 870
2196 2167
899 2455
612 637
288 1123
1840 706
125 452
2422 389
2150 995
246 2430
2055 805
931 1326
804 166
1677 129
1431 388
78 2454
1940 321
144 1755
1414 1868
40 1149
1165 276
2254 88
245 1364
1031 2211
2496 1427
1930 1298
1850 1948
701 1250
1532 1421
1659 1367
2372 31
155 2190
2421 705
1936 1003
1943 270
2302 1984
801 759
1258 1886
526 2298
2353 1489
35 1810
809 2445
2444 1802
470 836
2105 571
1536 2276
1581 1038
547 610
119 1886
1629 1963
1575 2225
2462 1191
573 1080
797 408
1387 1592
1256 284
176 883
313 1874
276 149
1994 717
2075 1257
1981 1729
1775 2000
1489 410
1942 612
1785 351
229 587
2098 266
1080 1022
839 1382
2196 898
2046 1124
2438 595
1371 274
645 1911
1708 1061
2250 19
1939 1524
2173 2089
891 2212
1287 820
1909 364
823 653
1025 2390
2014 2197
1889 2034
432 1800
2207 1864
1382 669
1996 132
2229 1907
664 2393
1295 62
2307 1972
2180 1744
1549 1573
248 2417
961 784
2067 1758
2190 2405
654 2382
1099 859
1877 319
1902 1730
1050 1650
1067 266
17 1806
823 802
2184 782
490 134
2078 209
2377 1105
578 2374
1701 353
573 510
786 2269
211 43
2145 1608
524 353
2302 131
181 442
1875 1303
385 2330
2145 590
338 1623
161 1957
893 1851
187 26
338 2500
2056 1134
1669 1391
1356 822
2200 202
770 313
24 2505
1882 1221
204 1588
537 2225
731 626
1896 1299
1617 1915
896 332
2120 524
959 233
2098 385
1348 2146
1052 2266
720 1648
384 2452
2271 1300
2456 1601
1870 1848
2503 2333
743 615
57 1303
154 1066
2186 1867
764 73
1581 1055
2085 1368
930 433
734 1205
1481 463
891 939
1735 187
325 2403
122 1495
951 1466
909 389
1768 285
1189 343
1001 583
2314 2475
417 2480
2113 1947
2507 215
2232 1743
753 1785
93 401
2124 1360
548 208
906 739
1084 28
1345 1304
668 1622
1844 1454
1003 212
2177 191
659 717
905 158
1517 135
1483 341
1951 173
2385 2317
307 2151
1700 1648
2347 1309
2498 2449
996 136
2177 1286
882 1130
336 1384
987 1453
853 1768
369 1166
973 617
558 2202
2186 1476
939 1703
729 1467
1830 213
2500 124
2140 1724
1512 1899
935 58
830 1858
969 2327
1938 228
94 1347
418 2207
280 2222
832 590
535 2089
1261 605
1399 2469
146 838
50 1561
1228 2147
1144 1978
1349 1904
289 1369
2167 567
136 1021
2336 2026
877 323
2282 1549
2441 1487
2249 2064
1766 302
828 1894
705 1646
1081 1320
1806 478
1422 2103
1887 2515
1396 1824
1824 687
248 452
901 2344
1689 2081
2314 1542
2461 2079
1260 943
2093 1367
1742 493
592 2175
83 1574
1529 1625
268 1545
1350 278
1608 505
1390 2204
2032 613
239 1080
2032 2315
2001 1828
304 217
2277 663
2041 827
1991 701
2313 2192
1034 1533
2232 2302
24 1717
663 1981
900 1451
766 270
177 492
1306 489
1406 1278
2448 1298
2143 1264
1796 722
711 1195
1298 2317
1795 1029
2451 1820
536 2414
83 1955
1494 760
780 1209
2271 2128
1421 280
2143 1056
471 836
534 324
513 186
485 876
1089 2373
1525 1905
565 1281
1527 1923
600 2439
2412 616
1034 1831
1651 514
2324 7
2471 758
2025 111
1883 272
1710 1819
249 1782
1359 1713
201 1277
2043 1793
1690 1517
1410 2336
1627 2187
2309 2264
2176 842
2253 14
718 2083
2444 1073
1188 2369
1844 1543
788 1802
2344 575
2087 315
641 1633
1021 2089
1342 1929
862 674
2205 1383
687 74
327 195
1506 1822
1653 1331
518 2033
2101 2081
2008 619
1547 232
1191 163
1403 345
463 1376
2390 1378
634 602
584 650
1156 780
1272 833
1696 1488
327 1103
577 2408
2316 1835
1614 1834
1676 1091
2466 1466
1687 1696
1352 1283
300 2230
1923 348
1908 167
1026 1052
1539 952
2052 438
1372 1654
2255 126
1720 730
911 1824
1122 987
1452 1548
451 1086
584 1070
283 482
2009 127
692 1114
678 485
1514 1509
923 2142
1906 1909
915 524
2443 93
2483 112
1569 1425
620 1779
1524 1106
1549 1426
673 1232
432 1988
522 1951
314 752
1725 595
942 2210
2512 2198
2345 1705
307 1165
2079 1507
2399 317
558 1422
2241 2393
1257 1468
1636 1816
370 1338
1194 530
1876 1848
1858 2273
1314 1761
1587 1791
1736 1599
222 2129
2171 832
344 624
1140 1506
2184 664
1883 1862
1085 1238
2390 2
2020 1608
1454 2217
1833 527
1551 2216
243 1595
2054 408
2459 2483
1590 74
791 796
292 1334
2385 2205
617 1909
1675 1757
1742 671
792 1792
1493 2445
1808 1986
2404 1889
432 953
732 559
1327 1847
701 500
1447 970
1310 1479
997 925
80 1262
2510 2074
464 442
893 2523
1253 1632
1181 2106
2157 2238
1872 798
459 1664
1527 1522
549 1321
1884 2151
195 1132
1220 988
2471 320
704 1392
547 503
1380 523
2049 765
919 2438
752 1775
727 817
1729 485
825 264
2514 904
2301 605
1603 1266
1674 347
2221 1441
2276 1285
2211 1512
2114 50
410 672
112 228
2231 2310
2234 138
86 959
807 1685
1445 713
1655 989
2093 1800
324 977
1845 57
768 975
1267 93
2304 2342
41 431
1066 2020
2427 2043
1746 214
43 920
651 1089
1810 1217
1095 39
22 2433
532 890
6 535
312 303
2367 1841
2312 1546
331 1849
2037 1488
2073 1997
313 1726
316 1051
1982 2520
1693 1834
1184 87
416 1121
330 643
229 242
1801 989
973 549
1132 1914
1887 1829
2327 1491
1863 481
2230 115
1731 1789
1498 2434
1322 586
1631 2473
972 180
1894 814
1268 1747
538 1423
975 781
1835 470
1643 1065
2435 1376
2118 1356
1188 790
1966 1868
47 330
2039 2158
2388 1836
1943 1585
1804 2347
103 1230
2491 108
2426 793
1323 1206
204 1762
2126 1264
1429 270
1936 1109
1636 927
220 917
549 592
673 1338
802 1003
1261 2392
1563 2317
1354 920
930 2075
876 678
2018 577
28 2205
1339 166
676 167
293 1893
1079 2428
823 744
2189 1237
369 629
2029 2041
2233 1266
1481 1119
961 301
768 2273
1578 1681
2282 1498
1871 465
2399 29
1870 1690
237 1263
1337 2466
475 1587
2392 362
369 1614
255 1538
982 376
1498 2051
2472 2055
8 1097
1771 596
1774 2189
1924 1291
1368 1061
826 2022
1288 366
1035 27
1858 1410
2133 1299
227 1221
1597 651
499 413
2454 2415
815 554
1987 2263
1563 1769
2081 164
882 1421
756 246
1525 456
1909 1248
223 2141
1292 9
1437 1658
332 218
659 1615
565 997
456 481
1837 2029
1164 2095
211 1487
2393 1607
842 1590
449 2046
2292 1539
1151 1458
795 1117
1178 1906
1668 2434
620 427
246 1263
1303 1298
666 2101
1366 189
1621 1351
458 2469
2344 2378
1220 2084
1395 449
584 2102
1445 416
2033 240
1015 1256
852 1193
796 1004
1040 267
1631 1039
2329 443
1986 515
2478 1926
281 854
1986 705
1353 1755
1800 645
2293 539
1844 1564
1629 2114
1033 148
931 778
689 1738
76 1971
1543 1269
1086 604
471 1815
1890 238
462 280
827 1630
2087 2239
1715 1501
1286 298
173 464
1320 1738
1012 2044
1324 1746
1485 1789
1519 2186
1358 1766
907 2279
1714 1376
1769 1575
429 1162
46 1824
1368 1625
402 682
810 846
76 773
2243 157
1857 2211
503 1255
2291 65
1140 271
1392 2134
1090 256
2457 449
25 126
1156 744
1722 528
995 325
454 194
10 939
893 1210
618 1146
2138 657
1732 481
51 1268
2089 1301
1687 1997
707 218
1382 643
1701 1705
192 228
217 92
1281 103
1084 505
2293 485
2074 1558
2367 1610
2026 784
967 1385
2464 425
948 1044
1492 693
1734 207
461 415
2153 649
1289 215
218 1965
843 1859
297 853
1224 592
907 390
1168 1360
2098 681
1954 375
566 228
1267 469
2311 661
2211 497
2132 1412
1312 795
1721 2037
1540 2146
2266 2011
357 1494
493 2422
35 410
1346 203
1352 1334
604 579
1104 1859
606 1436
879 2330
4 352
1995 1224
749 2473
1867 2016
629 2414
924 695
2489 1087
251 900
2327 143
2448 60
2030 2453
1250 2259
1128 1678
581 1677
1989 1814
90 341
1125 887
1431 1630
154 2484
2101 1683
1006 1400
1903 990
1247 155
1230 153
2436 1412
768 1983
468 1519
2096 613
2251 247
1676 639
806 1107
1857 1289
1870 1782
2313 879
1878 65
1743 30
1950 31
2414 1228
1377 1020
2309 1371
1802 2016
936 1564
1935 335
336 1173
2139 768
1024 1637
90 2282
225 1579
1612 161
776 1219
1837 378
1613 82
2281 1249
1474 443
2146 722
507 409
989 393
495 564
1731 680
1544 2517
821 426
1909 1853
2495 466
2389 514
2224 1874
821 234
992 1814
81 1613
537 2446
1125 1270
938 1218
1096 168
1892 40
362 58
980 1351
308 1182
294 931
2264 2327
969 407
598 928
1512 1772
2058 1716
1707 373
207 2453
694 714
687 730
1316 1702
402 384
2433 92
1818 1975
900 5
2377 933
1715 1822
1857 1208
2115 1137
1200 1680
1606 1763
829 2361
2025 2355
1253 79
2241 1044
2491 183
2344 464
1305 786
228 427
1936 1203
1837 1737
122 937
1689 952
725 399
2051 440
1671 2370
1952 310
2089 574
682 1823
1064 2015
652 322
677 1509
2301 237
914 61
1244 1958
1807 1614
2424 2270
1002 997
250 543
1348 555
2200 1875
493 665
2033 1495
2210 81
1966 1659
1384 1775
542 1232
367 2346
1666 1931
829 2063
2215 2147
1934 1468
2079 764
2407 2419
1529 2432
562 611
244 2253
1202 128
285 1127
1644 2025
208 2005
1496 1755
892 730
2368 2386
1410 814
73 406
1134 2418
2366 2478
1248 429
1829 434
140 1914
1210 2464
1728 1164
1504 1211
1550 134
1548 2432
415 1653
412 2181
1569 1411
944 1925
366 1300
1766 1123
2330 619
1591 174
1920 1485
1050 1666
1284 257
2314 2359
372 1965
2112 1934
1448 1531
1982 82
1188 2389
193 1592
1062 2390
1400 533
2518 1772
1190 1104
315 243
460 1095
274 2252
287 948
717 2452
1098 2000
486 2394
25 1198
2260 2306
2458 621
140 53
1324 1431
1351 1354
2487 398
801 703
80 127
1581 2519
523 1085
828 1352
858 413
75 1734
1068 2450
1880 2160
501 1195
1314 264
1499 2083
405 1311
1009 660
2213 89
661 2112
1256 782
1467 529
607 1431
681 1144
2422 1401
2168 1775
436 1266
113 120
1630 299
441 933
2450 2122
120 1504
1008 320
414 1011
2278 1984
2225 2477
890 2222
649 2439
934 1834
726 270
439 647
2404 2479
2249 619
2512 690
813 476
1658 688
1337 2063
695 1926
1997 1307
2395 421
1276 789
4 2511
1545 998
1009 642
1245 217
1024 1434
575 654
563 328
1437 472
2025 1107
1285 1493
678 1619
1666 794
260 757
537 500
273 1887
2008 1730
1747 1753
350 54
1914 1864
849 2242
1466 1189
2423 2466
194 1610
1881 447
812 1018
1435 1720
2106 2447
107 1600
27 1887
1016 869
127 2250
2265 2454
1256 1233
914 2378
1263 140
2480 870
1772 1445
139 566
2472 1121
1121 731
1082 2435
2297 2281
2242 1973
2059 1925
670 762
2429 822
718 2505
361 446
1269 1435
2169 399
193 803
982 1790
2153 1271
2461 918
1561 2035
117 1314
723 1469
533 600
2357 1140
731 1702
2325 405
1593 1476
280 651
2077 2323
1130 1084
2404 1432
1307 2332
314 2040
1679 1151
2034 669
1537 263
1132 624
1126 1691
358 469
1466 1252
1682 1015
538 51
2267 216
2431 310
1156 2047
1636 728
2490 1108
2084 1483
1855 1588
654 1441
250 2393
323 2050
1474 1705
2072 2391
1413 407
1155 867
1536 1025
2304 2037
532 116
495 246
1228 249
550 1972
2015 1587
232 587
1735 562
428 356
2487 1567
1332 348
1347 1850
893 1865
690 1027
1567 822
192 1456
1354 143
1238 902
1159 2002
2367 1580
1756 610
1191 2355
2386 2491
2302 1704
1869 504
633 797
1942 2390
719 1784
2123 247
2467 71
2119 1379
1301 756
1167 1578
1890 1535
1020 1853
1150 364
260 833
661 1021
1714 1947
863 120
1178 1049
1468 158
333 2000
1796 1077
2227 1378
856 1992
1427 1176
1217 2148
687 1129
51 201
251 2155
2315 872
1254 887
258 537
222 300
1974 685
1379 1907
1433 852
2505 1395
1187 431
56 168
2169 1494
2524 1342
711 2036
960 78
264 1201
1207 818
872 2028
2135 771
305 2301
1052 1895
101 1321
1231 2487
2514 351
278 1336
1015 842
479 658
69 2105
1804 371
1831 1007
141 1177
2339 566
902 1071
643 361
1075 54
1052 687
2311 642
2350 923
915 396
2167 1578
1934 1872
488 1409
564 1042
1599 987
436 1207
2076 2508
2242 1162
1357 2046
1 1355
2509 1941
250 715
238 1857
290 2240
1365 1499
2192 483
1425 742
2306 1560
938 1454
2427 1219
975 2124
468 258
1720 2303
632 1213
2125 1102
1962 344
758 1490
120 2115
1225 1282
1372 1602
662 1224
1810 606
1874 2499
1167 2075
799 177
2351 1248
2022 318
2337 1371
822 801
1418 1498
188 728
81 163
474 1828
123 1711
2058 1246
597 1132
1797 1532
1708 632
1427 406
382 977
58 2119
1571 2283
1462 2431
139 89
1154 1267
690 95
2186 823
1612 1684
536 1456
1109 1931
1364 883
514 1050
2108 1487
1455 544
1364 321
850 1081
530 804
308 1637
1373 1230
201 1722
2306 1620
765 1731
1198 1031
862 373
1975 176
545 1226
399 76
2099 1306
142 1154
2437 2125
725 1660
603 2333
2004 1508
1409 208
1554 1919
1024 2142
2372 2264
1551 1306
354 763
1872 948
2520 618
208 1450
695 1084
2223 1534
77 99
2141 2477
1632 1667
569 788
67 300
806 2491
1898 281
1810 1211
1316 1413
1000 1980
2433 1337
2225 2499
846 446
1864 63
404 300
1078 2136
1128 1693
1120 33
1016 595
689 658
574 1044
1604 124
2205 1474
2220 1813
125 222
210 1832
986 725
1364 1185
1997 673
1618 463
805 283
1085 945
1288 889
1675 1119
2227 658
374 54
1270 732
2067 454
1585 288
282 2166
694 1479
1460 1984
1193 2393
1645 1525
1893 1202
430 1873
1058 1078
463 2396
2218 93
429 1132
852 767
1187 703
1951 2498
2222 112
2521 1397
741 2003
526 999
1725 2491
1588 335
131 1167
1102 819
511 1255
541 1855
650 1002
696 529
1725 1019
1333 2478
690 1976
672 2101
1437 601
1488 1705
1748 1181
1421 1696
1273 286
2463 1224
2336 1755
1378 103
757 1530
1001 1956
837 1999
671 997
2057 1532
2081 1873
1921 2287
1452 1153
948 1658
1504 1766
982 506
1119 1819
529 495
1081 2176
2011 13
660 805
2522 727
530 1487
2082 998
2437 2459
456 143
125 2179
1853 2375
195 1121
247 2180
144 567
516 1364
420 1238
1312 1124
471 154
998 949
840 505
873 512
952 1567
359 1244
1682 1991
1744 1144
854 702
428 1120
2450 1279
854 1128
2447 2216
1556 1469
976 2015
1034 1468
1088 561
1502 2471
421 57
10 1250
1323 574
408 1495
2466 1848
2482 662
1127 1539
289 30
1011 1355
2012 1602
645 1085
1277 1916
1041 231
19 543
1193 1051
1107 936
1976 2074
875 243
1444 2382
1044 1147
1489 1876
1316 2303
2073 2206
1605 1341
1588 1769
873 1912
618 1955
2075 2226
1447 854
1613 2103
1863 473
322 326
1160 1388
1401 871
878 370
994 794
357 1107
1489 1543
2209 1904
633 1576
1800 2364
46 2497
1979 541
2254 1516
377 107
264 778
1552 308
598 766
766 2389
1464 176
779 1809
483 529
132 1413
1323 1775
535 2282
2261 1827
585 961
2187 2476
112 173
880 1223
1767 2365
185 2374
2358 240
1957 1834
2439 583
500 1513
214 909
2228 1192
1603 297
1998 1639
2264 255
701 2239
878 341
1962 458
1943 1854
1848 1054
109 1255
1256 1276
946 1140
1862 2232
1706 174
280 1613
1421 1885
4 335
2159 7
1809 887
1308 535
1677 1028
1640 773
2113 1160
594 1600
1620 2524
2415 1615
2442 2182
241 411
280 2112
2431 471
1949 2101
2230 1343
2408 2449
1064 423
297 2435
1071 1007
701 1323
2326 1234
6 2164
1226 1045
1199 474
469 286
1925 2020
1801 2006
903 1008
387 1458
48 1630
2335 2092
1954 1090
1401 1268
2048 2311
1550 444
37 714
1174 6
2494 1828
1489 1066
651 1737
1044 2507
1895 1951
2176 428
1786 1744
1655 1372
376 111
1258 2008
2157 1020
2001 2126
162 120
1009 2387
911 278
2274 862
402 911
2318 412
163 1057
1882 1564
2064 2439
1644 1967
2495 2079
947 2160
870 1775
2065 341
2028 977
2288 224
1470 1437
574 2214
2187 1539
931 1490
971 1082
2146 2523
2155 2419
1869 1399
1957 2182
39 899
2183 767
749 1634
1584 1051
1247 103
1428 2153
150 217
138 1934
1367 920
2316 2523
254 1944
2097 295
1525 1850
2086 2432
1392 745
2147 1559
66 1009
1522 1610
253 1564
1803 998
39 1628
126 2005
268 690
2112 899
2484 592
421 1225
2161 2511
967 167
2283 224
41 189
51 415
882 2279
980 1749
1186 2045
1955 689
876 2034
1379 371
1369 1772
1330 840
1001 393
309 951
668 1101
1902 2110
1824 2346
1850 743
1543 745
406 967
118 410
4 1619
1792 19
1135 2202
414 950
473 1876
1584 1454
107 341
1701 795
1961 654
2004 2452
212 145
1425 355
968 982
284 834
745 164
2142 1726
1578 1998
1503 1246
431 1784
1520 1780
1055 2089
244 1667
2226 113
2023 992
676 1536
2346 2052
1316 686
923 1138
1151 2510
1482 422
1752 1348
945 553
370 2174
1770 301
950 1911
870 1580
2198 2416
1052 1727
653 386
478 2176
1907 2428
630 2269
62 2517
978 2068
1703 738
1610 2402
176 1726
1490 861
1025 57
881 2386
1469 2081
1077 1144
1394 925
926 1315
2508 1469
2466 618
613 2071
449 1756
1453 1641
118 341
906 1088
427 1619
534 590
2098 106
1106 811
1331 212
103 395
1563 2495
304 736
728 2218
1145 875
211 1220
2102 1955
1377 508
219 1037
1225 58
1345 1386
1623 2194
671 419
1076 2479
952 1664
1036 1349
607 807
1039 1823
767 511
444 1772
105 2391
93 413
2066 2343
1151 1563
2522 1522
263 1127
1617 1382
41 1437
0 1341
88 1003
2361 1522
2113 1769
1406 1352
637 1053
569 864
418 1774
1945 1225
2515 1819
1378 1722
2282 2396
589 25
1805 1919
1355 177
1259 724
62 1527
724 1500
1807 1488
2424 343
2383 936
2110 1434
1714 2003
1997 1123
2075 312
952 662
1334 893
769 3
880 1593
814 958
1551 2386
744 698
47 335
727 2423
2012 1200
1003 901
371 550
1490 150
1728 2
1365 1191
2014 2402
168 1067
323 1457
978 1245
877 1238
1713 1393
2125 812
2273 1183
25 1893
677 32
1156 1123
1873 2269
2442 2484
59 1949
2464 1337
107 346
1830 1063
458 1337
2522 1053
1273 1115
1962 1763
1765 2305
1306 201
451 1554
2387 1598
2361 1127
1818 2026
1203 1331
20 1045
1320 2098
1610 1839
151 742
2453 562
1112 1055
2231 1628
238 2305
333 936
381 1222
2 1724
1877 1441
1574 196
567 1141
1460 1324
572 575
1488 1626
511 2181
1496 1880
2065 1778
1545 1368
2140 606
2508 140
1891 2161
1860 722
75 1630
1985 1927
2347 1151
1594 2200
2429 1329
1029 2103
1984 1704
2326 1547
72 1707
2207 455
2010 716
667 122
2136 1550
1062 2263
733 1953
1183 461
1810 1186
732 853
28 1324
2251 1169
115 2520
941 285
1622 1670
2410 191
1196 541
467 613
1195 631
2197 1293
1543 1665
1866 1233
1828 1629
2093 15
1422 1146
2085 826
651 188
1668 2339
1904 1677
846 758
2100 169
2192 903
193 2070
1264 1635
542 290
2215 2179
461 1159
2112 1603
2523 2214
1681 225
320 1064
1737 149
223 1333
1945 695
907 793
667 1082
952 889
280 1479
973 693
771 14
1535 1790
1152 2508
2312 1457
1727 1334
2519 1406
1321 405
381 2323
266 1599
1277 810
2037 1771
411 1014
531 848
1262 1108
866 631
1508 868
2362 1862
1762 1816
2282 1670
452 72
839 1766
635 905
2143 172
2520 2266
61 1118
1561 389
1468 391
1162 2229
2367 1939
1691 1491
1443 4
1097 2094
372 2104
1722 2518
1347 1140
2307 735
861 665
200 1620
2520 1021
2371 1228
784 240
1123 184
30 65
1899 567
990 319
715 1780
1387 1479
1306 1929
887 45
51 1260
1217 1875
1634 1366
1054 2357
147 2146
1354 500
422 1007
722 95
1774 469
1302 2298
24 1955
885 651
383 979
957 365
511 2492
2402 953
185 901
2173 1173
1026 105
2414 2099
167 475
515 1507
684 1642
277 1409
1164 867
1173 1741
1699 1168
2283 2392
1231 1143
2127 1242
24 452
170 488
448 1847
1264 1635
689 1364
2350 2339
1887 904
1413 1768
1238 1273
1864 2010
832 334
1734 1357
569 1545
2191 1424
956 2007
1355 750
2502 862
708 1288
1969 146
1912 2078
846 2131
2226 984
661 1529
2074 2450
1621 199
2243 1330
2033 460
994 796
286 807
39 1670
1502 1839
109 501
1994 2421
2170 2007
885 1430
1201 1203
452 2077
2116 65
239 646
290 152
2444 367
2468 2257
2275 4
2382 680
1127 2369
678 1886
445 481
1881 53
2145 11
826 815
164 1271
845 1297
2069 472
2218 2473
2384 759
1796 70
2122 2493
983 2201
1436 1229
2000 1317
263 199
74 1809
14 270
384 626
794 550
1012 918
393 1765
2212 700
10 586
1098 2384
1254 1654
2293 981
791 1961
2291 2007
1050 3
431 421
391 582
2292 1459
1372 1331
2174 1845
346 1378
411 719
670 2480
1423 378
2378 535
46 1581
1813 1065
1293 1415
2521 1413
1154 2097
1302 705
1085 887
683 1844
1249 306
2074 1327
1723 718
273 748
75 1054
1224 968
638 200
1851 1747
580 24
1341 1599
1196 1280
548 2244
1575 421
1015 363
1033 360
259 2010
153 40
2399 2245
490 840
2496 2232
1074 1105
1717 743
2065 1362
988 1839
962 2130
87 314
510 1583
238 904
1689 976
610 205
2372 1918
2398 2476
68 1073
1155 2101
2 1820
2273 136
330 747
2110 1833
1933 2185
690 1526
1089 1190
1707 687
2017 1558
1872 1344
2404 502
892 1196
161 540
1051 1696
85 1072
2260 2143
2422 2218
491 1808
76 653
85 1131
1917 524
1730 1892
2281 557
1300 72
696 243
1109 2203
2362 1192
233 370
184 1273
2047 2298
718 893
1963 1995
371 1280
2185 823
1795 2383
297 2194
2245 338
1436 1840
322 693
1788 1073
872 1183
674 2326
1545 2096
613 2279
1477 1559
931 1659
761 1019
2136 1837
2361 1940
243 1304
1103 518
610 2197
1003 1145
954 1272
1878 701
2025 2018
39 1242
392 376
1346 729
2439 2099
2378 2362
1231 2286
591 1031
1748 2074
1033 2136
2178 2501
972 723
2101 726
1093 1317
1518 2160
1796 720
1422 639
2303 704
505 1444
1954 2436
859 1015
1184 226
2498 1707
248 773
706 638
1512 10
2337 832
803 215
521 2255
760 340
394 1965
2099 1466
207 903
576 497
1908 196
488 334
1931 1176
2044 1187
536 2155
1245 1159
1486 237
1090 349
2011 2237
1077 2418
1815 1645
2377 1939
1300 1562
2139 486
1803 970
1089 927
713 1010
1897 2081
2497 2353
2120 816
751 2288
1660 614
2079 1013
1214 1488
1813 2188
1886 43
224 1581
161 2152
362 1666
2349 106
1827 1506
2205 2251
1554 620
1850 1225
228 113
2399 1383
357 1578
1753 391
1120 1758
534 138
1118 873
978 596
1735 2461
52 0
2523 2283
2426 1157
630 419
2241 2052
1441 1538
1494 2455
300 2389
1261 348
2116 1176
1526 178
1208 333
123 105
11 2230
337 1967
2410 2239
452 118
1637 1839
2404 1455
788 1076
537 816
2179 1794
1741 1952
1493 1429
1542 2155
1034 2242
2075 1257
538 1974
641 755
1494 1700
719 2117
228 1127
1272 1967
987 1236
2351 1285
582 1958
365 2214
2228 1469
793 1750
1579 1051
1925 453
896 1193
2249 1070
817 996
2001 1380
248 1242
1746 1105
1326 2507
2492 2110
2324 1927
737 1570
67 1745
626 1671
2034 774
1893 408
1519 136
1602 779
55 2362
1121 1744
680 277
576 1974
1147 1907
1459 497
853 1777
1799 2413
955 847
225 1463
2472 1039
1718 1537
1296 2150
1315 1589
2173 1211
2319 1293
1776 2210
1434 1414
886 1003
1920 865
1421 2068
1249 2153
1238 1100
595 2446
1427 452
1663 241
1324 1709
2522 2180
854 1239
1393 96
1684 1373
2146 2381
547 2036
668 1740
615 929
245 697
2450 1270
1656 2188
1197 2246
1623 2004
985 1741
2427 278
1055 1957
2364 2480
44 1972
2120 1236
2099 1164
1594 1236
2181 2348
49 1518
1938 1823
2331 1943
1288 659
1586 1280
1375 1531
2263 1325
558 2364
1608 1890
1402 2001
1549 1213
2006 1706
1681 266
1303 1465
409 844
817 2212
521 384
1270 1617
1554 540
857 2105
1865 1833
2330 1071
41 1395
1555 100
116 2391
1696 2406
1283 2404
1503 1562
1066 2232
847 305
528 1797
1577 1763
1369 1441
2054 812
834 555
2384 239
601 2495
851 2252
1992 778
1346 1165
167 987
2476 1703
1146 1159
2451 1108
155 1036
2072 397
1519 12
1984 1157
1 1321
111 2261
1072 619
158 1999
1598 188
170 926
168 17
575 1677
776 2028
918 580
2076 1172
1955 961
1666 2482
825 844
1463 2147
2264 238
2068 581
25 262
216 1387
1798 2047
2436 2323
1817 1779
589 1926
1644 1231
602 1050
2145 1278
69 1319
559 1723
1944 1175
1415 1385
981 904
374 1819
1968 1410
1676 64
1208 2094
2456 886
595 1971
599 2165
1442 1712
2049 839
1727 2517
786 2313
216 602
1641 1013
1265 1597
1691 1365
959 2242
1491 1167
1132 1762
1081 1675
1447 471
1543 1103
2264 1866
429 1290
329 1884
2037 1950
133 861
388 2132
2250 1311
1304 421
915 75
384 430
862 1668
2507 1092
588 2507
248 1617
511 1161
1259 744
2282 2415
1474 2334
1747 378
1864 2487
2080 105
2514 1267
369 2074
1211 1023
1074 252
2000 2323
340 1148
974 2204
1235 1303
856 2070
354 2113
702 266
1591 1638
253 932
2160 292
366 2236
2347 1774
1053 1266
610 1764
626 432
2375 708
2073 1339
1973 736
264 1316
8 1560
1276 1404
290 1214
2142 781
2406 1497
1410 1164
1538 187
1562 2286
1478 908
1058 1615
526 1046
1962 2444
153 993
1058 2020
1374 608
117 2137
1013 606
2148 2176
561 734
2134 1216
998 1551
294 1466
2239 243
1071 10
933 1245
2223 995
870 1939
2173 1012
2101 1827
1938 1437
2381 1002
790 2310
1158 1392
136 351
281 1584
1514 338
1161 1421
499 512
812 2306
1722 2446
1788 2122
2422 1304
1346 542
164 882
2464 668
258 1276
1557 1614
2386 826
2195 1538
2188 1333
894 2298
1577 1899
2119 2506
1445 1657
290 1252
223 2170
1472 734
543 214
2102 1199
573 1757
1600 311
452 2374
356 590
293 1578
1131 2297
2199 2276
2405 1617
1628 382
563 307
2364 634
427 2447
2076 596
2066 1094
1743 658
1576 1464
923 1061
1688 2373
761 589
1113 455
1008 1340
1046 1502
142 521
1569 395
169 493
427 2496
1359 720
1880 1352
793 478
476 1690
314 1388
1705 1541
2364 267
1065 310
1430 1799
281 1859
132 780
1971 580
142 463
1846 1560
1411 1090
1186 288
685 2044
2034 941
924 1584
2129 2321
1263 756
683 670
270 232
1239 125
1605 24
1600 6
644 608
2093 2158
2006 2089
1089 1729
1523 86
1255 491
73 1390
1903 1455
1758 1070
746 2443
980 260
145 1302
390 1762
2438 70
109 210
773 2070
479 1186
1675 1710
521 2399
182 1049
651 2189
1125 1369
59 865
1615 1426
1680 2106
458 836
55 2040
1250 203
1039 1078
1587 195
227 1021
1786 112
2228 456
1210 1652
319 17
1774 57
2232 1885
784 195
1462 712
12 442
800 849
1480 1655
1490 446
749 1018
1699 1603
1174 214
439 1904
1591 1035
251 2234
2323 278
2285 1727
998 2455
690 1155
775 610
1211 2205
818 1791
737 129
1545 56
2120 2071
18 1897
2011 1293
1713 607
1904 90
423 1315
1492 504
446 1649
826 387
814 1917
1384 664
2015 984
2339 2015
2267 1577
632 1679
895 379
1123 1292
1942 1547
675 62
1772 1524
2262 113
1252 646
1939 1193
731 2458
1792 1416
1142 1565
1032 1775
656 928
1580 2010
1522 1699
1095 2450
1075 1421
2044 2476
779 588
1332 2225
863 129
1054 1576
1049 614
2289 1899
1473 763
2445 1927
949 2518
1576 2410
1442 288
1916 1346
859 168
2071 2047
2221 445
842 1619
1056 2417
2134 516
1552 349
1952 286
2204 396
1840 2428
308 552
975 136
211 205
1121 907
72 487
1179 718
1907 622
16 2393
2080 2375
422 2156
2249 1745
771 2295
1093 19
1425 177
771 712
2375 868
1785 1273
2373 1014
1341 809
2044 1654
494 2396
1094 2261
2339 409
66 2486
172 2383
1409 1720
1011 687
1199 1834
1158 1122
2497 1523
1206 2497
1579 1143
760 1471
632 2468
922 1718
828 2422
2352 2435
157 1940
441 2299
1004 1932
1710 271
1515 1905
2231 1935
1055 154
285 2169
1505 1009
2256 1608
1823 1069
1332 1230
21 1086
224 788
944 436
2008 2041
1503 1016
85 161
1953 269
969 2125
413 2136
2068 382
2218 2144
1404 1119
2086 125
605 1116
544 748
1054 1300
1159 338
1299 950
186 546
1067 117
1310 619
2063 1945
2484 2015
1076 2368
932 2158
809 1229
2492 2326
773 1055
593 2485
96 2233
776 300
2275 1683
1632 374
746 197
538 174
644 864
633 1819
1921 1208
637 1180
63 222
1554 1042
1584 2318
2469 2482
372 1933
491 10
1173 1543
1875 1371
2261 1340
1129 1863
488 729
95 1280
771 1269
2483 1137
2191 1950
1417 1616
1955 2348
1533 1794
1914 1778
1850 1487
1153 982
770 1181
2442 769
1704 2467
2232 1740
1306 1797
94 2228
718 197
995 731
1348 1306
1074 1049
2391 2510
1494 1605
2512 1811
331 154
2254 2132
808 148
1883 1897
796 83
449 656
421 618
2478 1098
926 546
1681 1971
2433 331
386 1913
1057 2057
2332 270
1320 1645
2470 1888
2320 289
1195 1632
1012 1420
2290 312
13 1780
1728 476
14 1650
117 1021
1996 1015
1901 162
1993 906
971 1118
2461 2307
2142 1090
1828 1873
1826 258
2325 2189
301 593
781 490
1083 1780
929 1552
2191 494
1075 257
1617 2516
1619 946
1626 331
2358 884
1231 129
1971 2288
2384 547
572 1681
125 1918
1818 543
1832 1530
1598 1759
1062 1324
916 955
791 1965
2419 371
122 933
1771 1245
1214 1464
2294 2205
1096 747
1458 2362
1545 1019
600 325
1649 2498
216 2166
835 1454
116 841
2411 1969
1466 452
1352 424
1773 1698
271 1537
1496 597
673 2168
2419 396
2053 1112
825 143
203 339
2013 602
1704 363
1346 1236
1022 589
796 861
367 1220
1939 1003
1348 497
1354 1016
381 1437
1808 378
1869 861
399 949
1285 256
1126 1949
788 363
794 689
934 2518
1444 2259
2151 91
1944 269
558 1944
1449 2236
2411 1099
2108 1026
1538 711
773 645
1223 564
102 2238
1723 1020
2367 2383
96 1105
985 696
1523 1770
1324 550
1608 1776
1027 1367
1940 935
2179 2296
1447 565
1065 763
1309 1734
2139 1560
381 390
1379 1863
1505 1875
2500 1264
276 260
1167 376
1193 60
1744 2393
2500 1742
809 736
781 2288
2100 2248
1320 1556
1201 1693
2339 735
158 1767
1593 1263
23 1031
2281 2167
669 241
94 888
384 633
441 1344
2464 2296
1091 1601
318 1693
1606 547
1218 688
1428 739
1266 1411
2442 1683
2119 1164
433 790
2268 2174
822 2002
1864 2244
1200 2212
1598 300
1125 1585
1326 1220
2502 2474
1937 349
28 1039
2225 1417
248 2451
1801 2363
414 2406
609 887
585 92
2273 562
626 970
1879 2193
1180 1730
168 535
763 1919
1352 1878
2234 416
483 2282
894 1944
1380 797
1412 1989
1788 2124
1498 2384
1499 1445
2106 209
1918 1239
1094 2244
1629 434
1810 907
163 939
2074 486
68 237
1978 2297
433 38
256 420
440 1710
1864 875
2416 240
390 1915
560 222
968 2076
247 1614
1144 1058
1327 1810
1926 4
442 1350
2280 159
1969 518
724 751
1369 2509
1222 944
1001 839
937 2465
499 1799
1484 2080
2494 115
1602 2199
1289 1242
2177 1522
2465 1237
152 52
2203 1058
514 1842
877 1496
879 2022
1861 2081
866 1616
2388 1579
2045 2230
0 1594
1902 1649
281 472
1466 95
1019 2286
294 1388
2443 758
1796 848
567 937
1337 315
246 149
1202 1737
2411 2483
1487 1173
941 507
676 2000
2378 2401
184 2105
48 1188
2120 1068
2177 2134
388 2350
1568 2506
387 1343
194 1658
2178 1299
1813 460
932 557
718 1157
1801 175
967 2248
1664 1420
2442 1299
508 2279
2321 532
340 1921
426 1044
1813 1769
1862 2230
432 540
404 2274
1057 788
244 1477
631 1503
1630 1570
760 2444
660 2214
837 8
2163 1253
506 1421
1530 2512
1291 1174
1647 880
1945 1944
133 60
509 722
363 969
1243 2255
719 35
1669 1001
2481 1007
2045 579
1934 399
1026 2218
370 1038
1728 81
1933 422
1597 1308
1258 1219
557 1795
181 15
673 807
674 741
545 192
1714 2281
1978 1491
960 368
2219 1645
164 2436
2051 7
1544 2248
541 2400
1158 1949
1169 270
435 409
859 659
1593 1954
454 1933
1347 2511
982 1069
1075 1797
777 1305
2432 2388
2174 1443
1175 1522
1749 2011
949 1377
2051 927
969 462
1548 574
1667 53
936 58
1655 943
914 854
1060 1329
2142 1051
191 286
2130 1069
629 1165
1296 1759
93 820
1521 1490
574 347
767 1170
613 314
1689 1042
1012 196
2428 1791
1155 347
2383 320
153 2390
262 1506
1192 1035
256 2032
305 2399
1924 1864
1990 1941
1257 2473
1990 909
2105 1452
641 850
2126 2386
1236 544
2211 133
1837 2279
606 2499
1697 511
336 2404
1553 432
2068 501
2478 1175
1247 113
1453 1595
548 1694
1966 442
1991 2391
2038 681
1017 691
404 1100
819 1626
602 95
825 230
1130 10
563 744
1755 1806
1878 372
190 1093
607 640
2260 1593
1708 983
1725 2342
402 781
1171 2505
94 2234
767 1487
428 2301
2271 1490
237 262
1199 2009
2073 257
326 1432
1174 1976
290 1290
344 2518
1620 993
304 2278
2280 332
68 1763
120 1596
1909 1082
1097 72
344 1262
285 2237
448 2317
810 2304
486 113
1645 95
1332 505
599 2261
282 1401
449 564
2268 829
2242 398
711 2323
1528 2103
249 1446
195 2071
706 1898
1039 2137
1506 2372
521 2120
295 56
76 80
2189 825
477 222
913 2155
191 1905
509 1507
893 33
48 1460
1299 2456
2355 590
1827 1376
841 669
1786 1407
1734 1475
1923 1448
2186 837
1472 1914
1046 1373
1993 2105
2180 684
2465 1896
1802 232
0 2321
783 1529
1803 943
1729 117
179 1638
350 2134
1240 387
528 2233
1562 691
1834 1457
1636 304
1482 1232
844 1862
329 279
18 1197
200 2245
321 477
1715 2105
514 805
720 681
2116 1175
539 203
790 1501
1091 1610
1350 122
396 2492
1699 1225
61 452
1821 1495
869 1857
1018 1841
1618 2149
2310 2116
2177 451
417 1560
1887 789
706 711
114 34
1758 1482
1002 2274
1626 1983
1553 1202
1559 955
2088 853
306 533
598 144
28 1431
1782 1638
1514 1113
2503 1857
1229 496
1371 2184
2219 1007
1627 847
1812 2351
839 989
130 941
1125 64
201 1978
2385 2008
1180 2419
1733 2358
2469 387
1456 1832
575 687
1131 2378
1835 1344
998 42
208 2316
2508 1313
1083 1090
1935 1071
309 1903
1747 1554
249 568
951 2440
1594 231
2205 852
966 120
1327 751
2192 599
2054 784
955 928
599 2307
2360 2053
453 1196
703 1712
590 455
1737 2030
1819 2201
1974 540
124 454
1875 1640
739 1308
1373 1146
1190 1817
559 2370
2153 2088
194 987
1305 879
2319 412
2291 640
687 865
1004 570
1282 1462
540 1234
707 308
720 205
27 2173
153 2430
531 1910
681 1867
1066 61
2467 16
2161 709
1632 1606
783 1235
1358 2
120 2027
527 1406
425 2315
724 281
1947 1761
139 201
468 2219
314 665
205 2310
1699 1534
680 1467
1459 1020
1322 1541
563 192
405 1420
2120 1749
432 2513
1662 1301
549 736
1486 2251
1856 1745
1276 373
560 68
2120 2121
1508 2076
1782 2258
1012 1721
2440 1381
303 2115
1074 1946
1347 1204
898 2032
197 2472
1145 830
1766 1601
1892 1017
1635 2096
786 390
1945 1000
2008 835
1028 1902
1718 1480
557 320
1743 1878
2276 638
1449 130
1877 1776
1979 1841
1742 990
1363 74
1685 629
2007 1769
1944 294
2409 1081
99 440
2080 48
2297 1577
71 2256
1517 936
1177 1398
320 2122
1843 606
278 1600
663 466
423 2358
1747 287
604 606
1301 843
2362 1559
494 2254
800 2077
1031 2213
1330 198
1003 2477
1526 357
1651 87
70 1323
1919 1307
1338 260
1740 489
1070 361
161 1491
97 1416
2139 1344
614 323
1300 1323
229 866
2122 1948
2411 390
409 1535
537 177
495 1499
334 414
1636 834
1397 1100
1091 492
291 1085
1544 2438
913 1263
1373 1259
448 956
1520 2081
37 504
724 2129
129 377
2191 462
1395 1011
1848 1781
689 2450
2240 1452
2343 2097
2072 2000
1551 1702
453 1770
1262 901
72 455
499 1187
1698 1202
1273 1539
1169 962
1289 856
1327 1642
737 1457
1447 360
1196 739
1533 1155
2327 2064
335 910
639 1456
1962 985
930 1686
1739 1933
569 1448
2173 2269
2519 752
2110 640
853 843
328 13
2049 1459
1765 1845
1267 848
2295 263
252 1790
2234 1919
809 2140
101 1827
1802 2232
2436 715
218 1222
642 175
1791 705
1172 1356
2122 2374
1122 1345
1471 1492
1680 613
880 624
738 1848
195 1094
448 479
1407 39
812 1019
1718 2282
2183 1757
2328 1676
1418 87
2322 40
2090 2289
1666 1943
2006 1434
2322 22
1936 1994
2333 1442
1799 798
1768 2236
1660 538
110 968
1342 1053
1910 1971
1848 473
1194 34
1194 1132
2231 1817
1935 1961
771 1177
1793 2187
477 1936
2167 125
149 1037
651 1249
1793 36
495 690
608 1153
842 1415
284 1485
1122 214
1649 773
1732 267
481 1769
1008 561
299 2156
2338 1433
1881 1666
25 756
2339 152
1727 417
1758 851
2309 292
1960 2131
2037 1402
415 2510
2380 821
1901 1316
2196 483
2348 1467
1712 941
1152 2076
111 21
1072 293
316 728
328 258
1040 913
1502 1556
1480 2455
478 659
867 1089
853 292
1948 2474
2034 595
2276 881
300 1526
1888 1435
1110 215
1040 2443
99 87
67 1814
955 2166
1508 434
1365 30
628 159
317 2197
1443 1943
114 1072
1373 1280
1134 180
605 2309
987 1134
1623 201
710 886
325 539
184 522
1240 1760
756 2439
2510 2390
1198 812
1034 204
1921 330
1823 755
2400 258
2439 1428
1803 355
1614 2515
2025 1315
1842 1365
1677 1254
1248 609
1662 1295
128 2040
1834 1886
351 1364
687 198
2101 2013
2361 1232
1371 724
152 749
1565 1183
1350 800
416 941
1598 1181
417 580
198 2371
334 572
704 1389
2400 1648
2440 93
895 1892
1912 204
351 484
1805 1633
345 925
2499 707
560 1700
26 2275
1031 532
1333 2106
1394 1265
2120 1389
2248 1733
805 1997
2449 1688
1153 1163
2369 173
2222 765
503 1566
1103 435
89 1502
1889 1644
2306 456
717 721
281 710
1318 1286
820 2358
1704 2116
1345 771
379 1622
297 2357
2031 1444
1888 2219
565 1873
465 1210
1896 1082
11 1556
1327 1522
1493 981
516 1277
984 1645
2052 1009
1060 495
1918 116
572 2247
319 674
1872 641
1659 2420
1143 1420
1970 723
1626 1156
1983 1958
661 711
92 2142
505 1586
1098 817
1351 1781
1323 925
1631 2266
2273 1072
1562 2026
1473 1450
1763 731
1580 1329
353 1976
2463 510
2373 1566
1374 261
2200 2001
1268 490
1363 1385
1880 1605
1973 1060
681 1436
77 1859
2163 1599
2067 720
419 490
370 2318
838 102
1428 1082
622 2378
1333 359
179 36
706 724
1985 1195
1477 1886
1399 629
429 1711
1888 4
1065 2014
875 2220
1715 2428
1236 896
555 1183
2195 1582
1115 1109
1601 1422
1931 400
476 46
1247 352
124 891
1075 2491
1271 1718
854 1860
2225 195
518 634
996 1102
415 2003
699 1742
1532 2468
1591 1570
444 2183
713 874
2449 2365
2284 698
878 1758
1798 1283
181 2056
2515 1762
1414 1726
1511 2127
1917 138
258 17
1486 408
335 450
837 1943
67 1988
1619 1774
1555 1372
2048 1037
1834 1301
355 2110
1351 671
1176 1614
462 481
557 653
1531 2243
2465 2513
719 2229
1926 169
1841 2520
1044 1368
2467 592
2320 241
1805 1091
2149 859
1268 2240
1382 624
2189 1458
1238 1014
204 1006
317 1059
1330 1979
859 1590
1152 547
1614 175
1276 481
1358 2343
1696 929
1510 1549
1384 2447
198 221
2149 2047
341 459
1111 230
1844 1575
52 120
306 480
559 1899
1249 1086
2274 2268
2496 76
1151 885
366 74
915 1340
1022 929
1153 2166
1572 734
768 576
1037 619
364 50
454 2160
814 1857
954 1723
607 2464
1766 1866
503 1816
561 926
1889 1128
1568 2116
1660 757
2024 1358
1665 1408
1533 962
1149 499
2094 2328
1555 79
1791 808
1539 79
1541 585
2157 1798
1491 2094
466 1571
1980 1529
1381 1377
69 1879
1047 1251
148 705
1101 1229
77 2491
1058 1014
2133 728
959 1992
803 1587
1922 774
1784 1210
2009 2089
1187 2262
1923 2431
1324 47
2453 1048
758 1714
2154 104
2118 1271
2354 2100
2105 485
2373 221
1424 2367
369 579
2170 0
536 1137
996 1340
1154 1990
813 232
2072 2192
1356 1430
1852 1528
1580 1267
1527 1649
537 801
145 1898
354 2255
14 190
684 1071
1371 698
1693 1274
1526 1695
1617 2268
249 1502
40 2351
1840 1264
1225 808
201 1488
2401 804
657 1419
1115 1569
795 1684
1234 1403
475 568
446 416
2020 2160
544 442
1622 537
141 623
2043 1817
2152 755
637 1072
309 127
2365 2301
2198 1579
2158 2143
956 277
2406 2248
269 2144
2516 769
1515 1048
827 1199
1697 412
65 2410
216 1665
1562 439
2157 1793
622 2112
2514 1335
1775 956
2451 1730
96 1412
2098 1480
691 1347
443 709
2434 1204
1894 1607
230 2312
1052 118
1395 2318
827 78
1740 1348
1261 2001
2214 1516
1645 1231
975 1397
2207 1182
1964 2071
61 71
2496 1853
2208 788
819 327
2280 284
874 1921
731 1168
1516 805
994 1216
2264 1273
2306 1961
1814 2277
1743 338
1862 2235
653 1134
1409 239
71 149
1220 2481
249 704
458 748
254 1431
2401 2039
204 1431
997 2100
107 1727
1228 1349
226 862
1518 2338
2097 1214
247 254
2178 1544
1263 1174
1988 707
460 958
1752 2350
2244 2423
208 872
1734 1807
911 2026
1372 1824
732 388
1741 1486
1693 1735
1843 1051
2036 1462
2073 0
2447 1771
1649 1946
243 697
606 887
2389 1345
869 2350
708 1755
1197 263
2362 1938
904 1697
2375 2045
1245 814
685 220
1181 871
1291 1063
1132 848
177 2402
1391 2357
891 651
983 1913
1791 1504
1392 1271
1807 2113
607 1312
2166 1035
1583 27
362 1930
1957 741
2512 107
1428 1832
265 1653
445 646
1555 372
1339 970
530 337
1431 711
237 562
1555 1446
888 1018
359 365
323 1597
1045 301
164 1493
2474 1085
1810 1084
337 49
886 2079
2209 927
1457 1446
1609 1144
904 1491
1797 218
292 1856
1478 1846
125 908
2330 538
2234 1122
1788 6
601 683
1946 1212
844 675
1012 1214
2213 917
221 2365
1152 51
579 2172
1729 2122
2421 2018
239 579
1278 285
2519 2305
2001 2225
514 2192
2263 1482
1343 1117
1696 2284
1081 1884
762 1702
2409 2312
1871 582
1744 1053
1653 2522
940 2335
1733 2346
1843 2348
1084 1428
1848 859
296 944
1881 1433
662 2132
2015 1255
1955 758
1398 1403
355 326
1219 2020
2329 960
2413 489
2477 42
2218 2416
2522 1144
981 168
125 475
321 2337
1573 1641
2237 1051
1896 2383
1698 396
1328 1073
1762 1524
2129 2179
1934 353
2299 1919
1641 1594
955 1189
2461 945
2130 1594
673 1276
2137 941
716 1151
714 410
1349 1886
1247 282
2025 2338
934 998
1281 380
1880 1246
1470 1095
864 1743
165 685
2099 2414
759 1994
624 744
2347 1239
2203 1032
1247 2236
2142 2103
1559 1034
1288 2310
707 1324
1602 884
302 94
2160 745
2378 2196
565 872
2333 1141
165 1064
1887 790
829 2131
1735 2082
1543 1722
1936 902
2452 453
700 1330
1760 376
1462 1967
511 1222
1765 1330
1891 1409
1908 1071
2434 1393
2037 176
337 2028
422 2352
188 1664
2258 2301
1325 1184
1628 308
568 1713
1215 2491
1467 1233
1219 1487
395 1674
2189 1600
2253 2295
2495 229
1817 1146
772 2223
109 624
1663 2022
832 1512
963 604
2145 2151
1430 1988
1816 1448
871 1038
1000 2173
1232 1589
1689 721
327 1435
1262 1335
1765 1679
1033 2358
2420 1999
341 154
987 2383
816 961
1134 255
507 2450
2428 1673
1754 1179
1340 833
1078 1841
209 974
1900 2193
1353 2044
2406 1836
1224 695
2308 44
1097 1875
671 32
643 101
2453 398
98 230
1467 2280
1443 1622
1153 190
1272 1812
1666 1896
2268 1415
106 580
2356 116
393 1838
1434 294
955 273
1543 1235
1370 1301
1501 1879
666 2183
146 1884
1889 498
1546 92
668 763
1063 811
348 2373
423 1228
739 1884
2151 872
1777 1412
1513 2502
264 2375
1957 2403
1838 2220
1208 215
1047 2142
924 2009
2025 2179
1290 468
535 68
1701 254
1814 992
895 2332
821 147
1200 1432
2466 1023
1710 576
2009 1614
1739 829
159 1865
27 624
2140 1062
843 2478
2330 2332
2322 669
1605 1546
2037 2119
1899 679
793 1614
2515 183
252 401
378 109
565 1669
1263 299
1595 1685
349 82
1948 1849
229 1073
111 29
1465 1925
163 2410
426 2090
2475 2356
1689 1082
2357 2098
1525 1945
641 1381
847 1339
354 153
1430 573
1462 1211
1627 682
1499 2365
2328 885
1495 306
424 159
389 1084
2284 894
2096 1125
1140 3
1926 2406
2145 525
1073 565
1243 143
1638 2466
1257 1039
1507 92
2487 1023
507 1991
749 1642
1276 1630
2077 2420
218 553
1280 1928
1949 961
1214 2117
1664 565
2308 1116
2386 864
1802 2501
2056 1445
161 536
83 1246
2435 264
2178 1525
643 2029
418 730
100 272
2032 1893
610 800
1830 1975
749 1623
489 2113
2059 1710
1807 2464
481 1053
1589 2156
782 2306
1508 1603
331 2106
2435 2522
829 1341
2407 466
1333 1924
1692 584
1789 635
1188 2028
1612 1983
2447 1082
1500 2270
1782 1987
2199 1466
815 799
2411 1705
1446 1991
1417 249
1422 1013
956 1809
2141 755
376 1794
45 1352
2145 791
551 145
1134 633
355 964
968 1226
2052 2234
1378 304
1855 2143
1046 1551
2035 501
1708 388
1706 2263
1150 1242
521 856
425 1638
2227 220
104 2514
82 1835
1904 189
923 321
1432 809
1099 411
173 582
46 1121
1262 85
737 2453
461 2468
2153 969
270 1780
2260 2378
2213 2176
2440 662
2339 800
2069 452
1204 410
1154 457
2261 1301
627 1839
2312 1701
2412 761
289 1352
1595 1807
619 2298
925 1918
2031 1513
2218 2037
1448 2163
1124 343
564 1971
8 1733
732 1884
1687 123
152 1487
276 2152
984 7
1731 2119
2275 1011
196 2061
1165 1373
964 1055
835 389
1910 1218
2411 766
1145 644
1541 763
859 1209
1972 1154
1149 947
2232 2279
2519 736
762 158
1256 295
773 2106
1004 1285
1924 630
1353 1796
1122 1636
1878 1050
107 2420
446 1974
1001 1195
854 1862
1353 108
1001 1718
2462 273
81 1108
1069 653
1711 960
2292 1417
72 328
293 2313
962 255
550 1089
2143 2023
2277 2460
908 160
1301 2191
595 2322
1450 1771
132 1522
1205 1387
1356 177
1541 820
1569 2284
1715 1580
1484 656
1067 2049
1952 994
522 1676
1441 372
2236 2510
2348 526
1709 2014
865 675
1331 846
2013 1506
2447 696
881 838
479 2230
1377 530
1215 1853
1938 880
1483 1174
286 2122
1038 2280
1647 1977
2393 518
2358 1122
805 1842
1277 2058
1364 130
1838 870
548 2051
521 983
1353 985
2133 1948
1726 1957
2508 174
62 47
2367 234
1098 1810
2393 1749
556 2255
617 199
2228 1011
278 712
644 2015
1026 1243
2172 176
1661 1430
273 22
1809 616
755 797
906 2174
2168 1020
2037 1832
2243 638
705 900
1422 2513
1647 2021
2018 2229
1891 2299
531 2155
1818 235
14 1486
899 198
1303 1046
184 345
2356 1738
455 2223
713 1544
304 495
1070 1454
2310 1165
332 27
2166 461
1151 220
750 453
225 462
2096 1446
275 350
1402 75
1817 1242
642 2210
1737 2444
1914 1139
1151 1027
2107 1822
231 1036
899 1953
537 1245
2494 241
1136 952
1043 722
2173 2093
22 183
441 1790
484 218
327 1676
1441 2353
792 517
764 298
1053 821
2284 14
2393 583
916 742
358 1409
1781 1788
799 1223
515 2376
1977 1370
2496 1636
1556 626
143 1648
1151 2151
1326 1895
746 676
716 1069
1740 1327
2485 1656
154 1050
2052 723
1927 6
1572 1229
70 2012
227 280
1924 1644
2388 471
583 441
1523 318
539 2127
979 13
2211 220
2327 2187
842 1745
1379 1520
1766 2101
1062 690
592 60
807 1432
1755 281
1369 446
2296 490
1798 1833
137 855
2507 121
267 2343
1689 1847
1460 2016
1626 541
1899 481
115 1726
1608 211
1036 1019
1566 1277
1524 1741
297 619
2055 517
1141 2292
376 151
1048 1393
1659 1878
1774 595
1058 166
267 1364
391 1713
541 955
2181 2303
61 862
622 1599
2519 1263
2052 2206
2080 46
2465 1243
595 2430
548 745
979 1538
1434 1736
278 793
1531 1706
644 156
2168 1040
1229 793
947 1089
882 1118
888 2497
1716 2323
1473 1515
1195 432
1093 1745
2346 2191
747 719
2165 2480
2387 1815
2221 72
155 1009
278 1182
1571 1968
2209 1294
1095 26
967 1774
187 624
509 1299
447 1920
422 490
1235 1174
486 2489
1454 1643
269 1004
2274 1986
1976 1852
190 935
4 802
1536 1675
1690 1976
2062 922
1671 206
2201 1646
2263 1749
919 114
107 1721
0 2326
1003 746
1547 214
551 1288
1211 622
1877 1818
913 1779
953 986
2442 1507
37 824
1303 594
493 367
1391 666
108 407
1973 1976
1140 1030
277 2096
1976 2197
1766 1254
1603 1117
1549 1246
1990 1817
419 23
1343 761
1049 1729
402 2197
1911 1364
602 300
1868 2354
1679 1393
454 1441
2168 769
1424 1098
1408 1265
604 527
361 1845
2142 747
2348 2328
313 1528
1929 1354
141 140
1703 1434
1667 844
667 977
2488 1566
1712 332
613 1842
824 1253
314 2295
2169 627
1249 1995
346 1579
855 746
361 1663
2413 617
65 775
2419 1783
169 1067
2357 1005
1420 983
267 2343
2224 2045
1592 319
675 116
1066 1655
152 2433
1320 342
2384 1492
1646 2144
2190 751
76 2400
1774 436
973 598
1401 2383
1272 349
673 1689
1909 612
1618 1550
1553 1609
2469 1499
1498 1782
1232 1899
785 304
2193 1333
1939 1218
1291 1315
886 2127
1356 1009
1406 131
92 576
953 2505
1478 1450
1873 1003
1404 2481
111 605
789 2481
1674 2147
952 1473
1806 1673
583 2347
31 2180
763 1966
1019 294
564 1194
273 1789
518 625
1444 1219
1241 1040
1269 802
947 1192
311 1856
2207 2517
2250 808
1062 982
2303 1038
2022 2285
705 1011
1046 871
1456 1373
2057 1863
970 200
243 1404
1371 106
971 1792
2176 552
1556 1757
1367 1591
689 340
56 2169
2494 2348
1242 1100
1725 1156
457 2506
548 21
1520 2443
1779 1449
1388 1967
2468 905
2261 1636
1824 625
2523 1829
291 1456
79 1588
835 1442
2505 264
568 343
1261 560
1531 498
1307 600
973 1938
2508 500
208 2307
148 1543
893 1964
1784 1820
1379 1552
587 1636
294 840
631 766
2103 151
2103 455
538 1306
1469 1541
1017 2047
1747 1078
211 1342
166 1086
118 501
1646 630
1634 2045
2397 2020
1860 1330
138 2257
1604 33
693 2421
367 668
1766 678
475 994
1419 1561
1429 1832
1987 2126
674 1831
340 433
1856 1624
1153 2213
2300 1120
431 427
1064 2352
273 2524
1455 98
137 1518
1413 1593
2249 1408
398 1346
163 184
1226 971
2124 1460
460 2397
897 223
880 1294
1421 803
1784 1738
1787 871
194 1065
107 864
1925 364
159 1181
21 1099
108 1787
1365 407
170 212
1280 599
1924 725
1606 1843
1774 1843
976 732
2054 1315
351 1707
1405 894
1893 1479
727 1608
1798 2272
1076 6
1427 1366
899 1156
275 981
976 1264
1176 92
1779 2125
437 1369
1221 968
1781 252
2125 1636
2017 101
863 1193
2243 465
1276 685
2471 1056
2400 1722
1916 624
1380 2431
1055 1883
1440 671
2277 1345
2416 1
2408 583
2291 1827
602 1559
2112 1848
2150 167
971 1316
146 382
1637 2222
76 684
130 223
1169 1414
2344 1327
925 1763
244 1175
1066 1573
1974 525
876 1641
1902 1830
2203 1936
449 772
905 393
2405 1735
413 1208
2433 2506
2495 2420
813 755
2130 1154
404 1409
1776 2437
2080 2363
1365 1296
1208 2220
1957 245
393 2347
1971 1224
109 2139
1156 2418
2356 1643
2313 2460
247 2467
700 222
1866 1238
1338 1596
1728 230
1954 461
901 1835
598 1606
2461 1246
1795 1406
621 2355
1866 1361
1114 2189
2433 1370
90 443
909 1796
431 1289
241 391
1035 1107
1543 2214
700 786
1935 884
1202 332
1231 1674
1369 482
2 2106
1381 1317
604 195
181 1453
1403 1227
1338 411
386 637
1282 2464
1491 1658
1111 2481
524 1061
953 1430
741 2040
2494 959
652 2299
1968 1059
547 2257
2130 141
171 430
797 877
260 2251
1934 1184
321 1826
1945 754
2289 869
1783 2453
33 2009
2375 587
2308 494
1197 1363
1914 2416
1592 563
332 1367
1645 946
1372 458
1648 2192
1751 2
1041 1808
658 164
724 759
2462 1577
1457 784
1837 558
1695 2383
1080 1860
449 432
1005 2344
1208 1000
1622 668
1235 1576
1600 2192
1361 1396
1170 55
1900 1561
1380 600
952 1500
2029 243
1125 2510
1737 1746
1177 1659
2286 1647
1449 246
338 211
1893 1264
1037 2359
1407 424
